-0.707345
-0.383285
0.450267
0.285182
-3.740154
0.000000
0.000000
0.000000
-0.341444
0.000000
3.204213
3.094035
-1.769422
15.009980
0.371178
0.000000
0.000000
0.539386
4.070211
-5.803262
0.000000
-0.224253
0.435735
2.415402
1.394861
-7.086680
4.223265
4.209508
1.827254
0.011532
-0.181538
15.413504
0.212699
0.000000
-0.190010
-3.400012
-4.882874
0.000000
0.039471
-0.335727
0.000000
-3.553607
-0.145162
-0.083837
-0.519262
12.608948
0.393949
-8.631630
-0.266349
-2.436007
-5.603183
2.714034
0.000000
0.000000
0.000000
0.000000
0.000000
0.608376
3.391781
-1.066534
0.000000
0.000000
-7.198985
0.000000
-5.626417
0.000000
0.000000
0.000000
0.000000
0.000000
0.000000
-2.129462
0.000000
0.000000
-2.057122
-13.822953
-6.718620
4.808576
2.382150
-8.320256
-4.006272
0.885820
0.000000
-0.433471
8.469746
-4.644059
2.159504
-0.648814
0.186878
0.000000
0.000000
0.000000
0.584359
0.000000
0.000000
0.000000
0.000000
-8.479506
-2.683300
0.922446
-5.053123
1.529149
0.584359
8.678433
0.000000
0.000000
0.000000
-20.472668
14.844817
-0.334786
-2.812323
-0.513486
8.900238
0.000000
0.000000
0.000000
-1.170304
0.000000
-5.723573
-9.760610
0.787646
-8.948220
-3.583256
11.591661
-8.233247
4.406495
-25.768915
6.549477
-5.648544
4.189502
2.340392
-7.767343
13.310469
3.318295
2.755281
7.099271
0.000000
14.611126
1.392660
-3.260917
1.596507
-6.546428
-5.106489
0.000000
-1.796840
-3.599588
0.000000
0.000000
-2.683300
0.000000
3.346859
5.844261
6.722651
9.106422
0.000000
2.803235
0.000000
0.000000
-11.903344
-2.398004
-0.308681
0.000000
-30.969633
2.005174
0.000000
4.984580
0.484023
0.000000
-0.211178
0.000000
3.573826
-0.077756
-3.768744
24.677416
-0.259377
0.139357
-0.739916
-0.971734
-7.838370
-0.753575
-14.926627
3.443883
-5.562792
0.672042
0.000000
0.000000
0.000000
1.954331
-0.894631
0.000000
-0.614959
12.346956
-10.522833
0.000000
0.000000
0.000000
0.000000
0.000000
0.000000
0.000000
0.000000
0.000000
0.000000
0.000000
0.495698
0.040111
5.673051
0.000000
-1.242680
-2.875394
-2.716958
4.514210
4.219693
-0.819770
2.629331
4.964944
12.316160
-0.415934
1.485498
0.113743
0.000000
0.000000
6.670029
-1.094923
18.926499
0.837527
28.360710
2.702553
0.000000
0.000000
2.180047
-3.268634
-0.587883
1.185354
3.958295
0.539502
8.884274
-0.157099
6.645859
0.609733
-0.417995
0.152924
1.359000
0.000000
24.728555
2.972394
0.000000
-0.003526
0.687650
0.000000
0.000000
3.692010
-5.985148
-1.665872
-1.115829
0.000000
0.000000
0.693552
1.162944
0.000000
15.238332
0.000000
0.000000
2.874219
-0.488855
0.000000
0.000000
-5.976332
-0.919231
-0.470951
-4.988127
-12.354515
3.806376
-1.282170
0.000000
0.321561
2.983024
0.000000
-15.968923
0.000000
0.000000
0.000000
7.806798
7.829117
0.501007
0.000000
0.000000
0.000000
0.000000
1.068435
0.000000
15.259805
-0.278934
0.000000
0.000000
-1.293373
6.221962
-0.874238
37.171732
2.294905
-0.877505
3.433929
0.000000
1.558843
-0.605445
3.409284
0.000000
-2.284650
2.431075
-3.441557
-0.090628
0.000000
-1.985334
0.263314
3.013711
-2.514974
-0.252568
0.000000
0.000000
3.408151
0.000000
-4.001857
0.000000
-20.390664
0.757499
0.000000
0.000000
7.728221
0.055009
0.000000
1.695870
0.000000
0.000000
0.025588
3.660166
2.533443
-10.980939
11.590267
0.355392
-2.164865
3.127111
-2.325756
0.000000
0.000000
0.786300
0.000000
0.000000
4.561261
-4.513833
0.000000
3.651185
-2.565221
4.916057
1.309892
8.251460
-2.685942
-5.539060
-0.525281
0.000000
4.685165
0.000000
0.000000
-2.525305
0.644216
-15.702958
0.000000
0.000000
-0.125661
6.887810
0.000000
7.548082
0.260322
-9.193793
0.000000
0.000000
-6.186445
1.083547
-2.905985
0.000000
0.000000
0.000000
2.225832
-3.642650
0.000000
0.000000
0.000000
-1.307886
2.020531
-4.736101
0.000000
0.000000
-0.341381
-0.829296
6.594857
6.678175
-0.663697
0.000000
-0.222439
-2.322365
0.057209
0.157599
17.931029
0.000000
1.767145
3.409284
0.000000
0.000000
0.000000
0.000000
0.047213
-1.806763
6.231095
0.000000
0.000000
1.922021
4.617381
-5.827265
0.000000
0.000000
-8.295846
-5.879101
2.629331
4.106887
2.054701
-2.621141
0.000000
0.000000
3.749591
0.000000
-0.363305
-2.715552
0.000000
0.000000
-0.647779
16.174701
17.343129
-0.335192
-4.351856
0.000000
-4.715937
-2.087368
0.693552
-8.145897
-2.884196
-4.934917
9.364321
0.000000
1.986867
-21.206863
9.728593
-3.768744
-6.884552
1.602815
0.000000
-2.263470
2.146158
15.468592
4.869363
-9.330069
0.000000
2.351553
-3.026203
0.000000
0.000000
13.214169
0.000000
-0.120071
-8.643968
0.000000
0.000000
0.000000
6.972435
-3.833650
-12.395553
-1.867492
0.000000
-1.402474
1.160960
0.000000
3.091097
9.750810
-2.766286
0.000000
-10.057446
1.864885
7.715366
0.000000
-1.446113
0.000000
0.000000
0.014722
-1.528492
0.191805
11.937120
7.759677
2.163829
0.000000
5.424820
0.275069
1.092240
3.911816
0.000000
1.687407
-2.915943
-0.186054
1.231608
-1.785654
4.893611
5.469864
4.979110
19.450118
5.258978
0.000000
0.000000
0.000000
-0.208383
1.687748
1.039463
0.000000
-5.901083
-2.217494
23.922814
0.000000
0.000000
-13.344785
-3.599936
1.376281
0.000000
0.427563
0.000000
12.529902
0.000000
-0.572093
0.677913
5.833540
0.000000
9.526602
3.762462
0.000000
5.833022
2.319142
0.091093
0.000000
0.692201
4.202295
0.974472
16.197031
0.000000
11.970207
9.127295
3.036808
18.552113
5.044408
0.000000
0.000000
0.000000
0.000000
0.000000
1.625357
5.207192
0.844257
-6.337049
1.670273
-0.010369
-0.935771
0.000000
0.000000
0.000000
-6.010453
0.000000
0.000000
0.000000
-0.490128
5.497097
2.220239
2.983167
1.250129
5.305572
1.314364
1.638162
-5.700212
-1.198402
2.597126
2.054700
-1.097017
1.494897
0.000000
0.499887
-6.193065
4.906077
-0.789716
-1.041842
0.233506
-5.506848
-4.104512
0.000000
10.961222
1.672258
3.558072
-0.453550
-1.204106
0.196562
-4.798333
-1.830333
-13.419832
0.000000
0.487420
0.000000
15.292540
0.000000
3.443883
0.000000
-3.404931
0.514889
1.753328
0.000000
-1.034388
0.000000
0.000000
0.000000
0.000000
0.000000
0.828093
-2.164865
0.624609
-0.389109
6.691333
3.314272
0.000000
0.000000
0.000000
0.000000
0.000000
0.000000
0.000000
3.901277
0.381758
0.360195
1.512856
0.019472
0.000000
0.000000
0.000000
-0.465089
1.734437
0.000000
0.000000
0.000000
12.757750
0.000000
-4.000142
2.073240
0.000000
0.000000
1.442117
0.000000
0.000000
-2.359833
-15.790499
-6.291811
3.800117
0.000000
-20.389428
0.000000
6.804154
0.000000
2.883086
2.952765
-4.394588
2.638923
0.000000
0.000000
1.025907
2.970094
-2.586609
1.046406
1.289787
0.000000
0.000000
0.828528
0.000000
0.699811
4.910090
9.744883
-7.064536
15.500935
0.000000
0.000000
0.000000
-2.518529
0.000000
9.935830
9.101579
-4.754312
-9.986367
0.000000
6.494656
0.000000
2.042727
3.835745
-3.699888
5.212666
-3.928441
0.000000
0.000000
0.000000
-2.241142
0.000000
9.641545
-18.605768
3.225867
5.416815
0.000000
0.000000
7.941826
1.998817
2.354438
-6.673208
7.331939
4.670941
0.000000
-4.768091
6.138880
16.920153
0.000000
2.453849
-15.003323
3.651185
0.000000
-2.634198
2.525022
-5.230617
0.000000
-1.769422
0.000000
5.396262
-2.280944
6.575878
0.000000
-2.402626
-0.197672
13.247354
8.851523
2.488319
-22.356032
0.000000
13.034156
0.000000
-0.672750
-19.095103
0.000000
-12.784366
0.000000
-6.426680
11.651801
0.115530
-8.258791
0.000000
0.000000
0.000000
-3.050695
6.717372
6.552065
0.000000
4.454456
0.000000
-0.440199
-2.548579
0.000000
0.000000
-1.378869
5.994223
0.000000
0.000000
0.000000
7.292701
0.000000
0.000000
-2.489037
8.039227
0.000000
0.000000
0.000000
-0.016346
0.000000
-3.213378
0.000000
0.000000
-1.177687
1.897148
0.000000
0.000000
0.887355
-4.835550
-1.654425
3.350587
2.225832
0.000000
0.000000
-8.538587
0.000000
-0.009590
0.000000
-2.845091
0.000000
-0.787338
0.000000
6.162063
-6.095315
-2.883281
-15.373555
-13.211641
0.357281
-1.146910
-10.005592
0.000000
0.000000
3.773345
6.708292
0.000000
0.000000
-8.408662
5.319272
0.000000
-4.795069
0.000000
0.000000
0.208363
0.000000
1.099959
0.000000
-0.637918
6.618397
0.000000
0.000000
0.000000
-1.411624
0.000000
-0.167885
0.000000
2.970094
0.000000
0.000000
-4.753938
0.000000
-23.406729
3.874478
-4.409583
-18.566204
0.000000
1.219392
-4.898306
2.552164
-0.252568
0.000000
0.000000
0.000000
0.000000
0.000000
-2.882474
1.825865
0.000000
-1.226040
0.693552
-0.456826
0.821211
-4.614745
0.000000
0.000000
0.000000
0.000000
0.000000
-0.824514
-0.274848
0.000000
-1.807781
-3.586555
-4.864281
4.243922
0.000000
8.130148
1.296490
-1.655376
-1.067328
0.000000
3.821328
0.000000
2.330208
0.000000
0.000000
0.000000
0.000000
0.000000
0.000000
0.000000
0.000000
0.000000
0.000000
0.957197
0.000000
10.664376
1.672681
0.000000
-3.831256
0.000000
7.602197
19.695452
0.000000
0.000000
1.706185
0.000000
6.255307
-7.197395
6.122987
0.450487
0.000000
-4.446376
0.000000
0.000000
0.000000
0.000000
8.009927
0.000000
0.000000
0.000000
0.000000
0.000000
-0.144068
0.000000
5.437538
-7.128494
-10.029119
-2.796102
0.000000
2.291563
0.000000
-9.547333
1.047447
0.000000
-3.167648
-5.998955
0.000000
2.525385
0.000000
0.692582
0.000000
-1.145547
-4.439570
16.030536
6.102043
-6.960218
-1.242680
0.096090
-2.589783
-4.680068
22.497535
-7.198985
0.000000
6.234358
0.000000
0.000000
0.000000
-5.330368
-4.582935
0.000000
0.000000
0.000000
-3.928441
0.000000
0.000000
-0.729254
-2.444284
1.309167
0.000000
-2.972022
-6.210446
0.000000
-4.161611
0.000000
0.757499
-4.799878
0.000000
-4.738198
0.000000
-0.009411
14.242031
0.000000
0.853624
-1.064438
-15.912486
-4.520864
0.000000
3.449123
0.000000
-0.209472
11.870425
9.725490
-4.768091
0.000000
2.366012
0.000000
1.572520
0.000000
5.925586
0.000000
-2.171326
0.000000
0.000000
-0.582893
9.774926
0.000000
0.000000
-7.432548
0.000000
0.000000
0.000000
-1.585977
-6.471437
7.715366
-5.532770
0.000000
-9.916120
-7.080071
-18.843751
-1.397715
0.000000
0.000000
7.586351
1.149709
0.956868
-0.874238
0.000000
-4.635363
2.627624
0.011235
3.990408
0.602705
-0.259556
0.000000
-6.177598
0.677913
6.442791
0.000000
10.054405
1.305721
-0.169821
0.000000
2.059750
-4.243921
0.000000
0.000000
1.080427
-6.801066
0.019835
2.691486
0.000000
-2.971858
1.782657
0.000000
7.699071
6.015177
0.887355
3.247622
-4.282456
5.741987
0.922805
6.659629
0.000000
0.000000
3.939178
0.000000
0.000000
0.000000
0.000000
0.000000
-0.932735
0.000000
1.119335
2.629331
0.000000
0.201353
0.000000
-1.985333
10.175207
0.000000
0.000000
0.000000
-7.396849
-1.964537
-2.545681
0.000000
-3.243258
0.000000
0.000000
5.817446
0.000000
2.222858
0.000000
0.671276
0.000000
5.333346
0.000000
0.000000
0.000000
-4.247608
0.000000
0.000000
-0.351100
0.000000
0.000000
0.000000
-2.978938
0.972913
-1.491995
0.000000
0.000000
-0.887983
3.141947
-1.021376
0.000000
0.000000
-4.229220
-10.590490
-0.130637
-0.170492
0.000000
-8.103835
0.000000
-2.470202
-1.824930
0.000000
-11.910155
-0.632007
-4.128433
0.000000
0.184853
0.000000
-2.590931
-0.415708
0.000000
0.000000
2.762472
-3.038092
-1.490389
-0.668330
-8.709158
0.404367
0.000000
0.000000
-7.039838
0.000000
-7.930132
0.000000
0.000000
-8.258791
0.000000
22.170078
0.000000
0.000000
0.000000
-7.436056
-1.048545
3.627511
0.561086
-1.909078
3.376660
6.236551
10.019083
0.000000
15.767550
0.578742
-5.836938
0.000000
-1.011852
8.287064
0.000000
0.000000
9.573987
0.533679
0.000000
-1.889718
1.024668
12.661536
-7.883116
-12.426292
-0.264981
0.000000
2.657268
0.000000
0.000000
-21.277138
-0.803996
0.000000
0.000000
2.051998
0.000000
5.805049
-4.229891
-21.233073
0.231700
0.000000
-4.535482
0.000000
15.533475
-1.540474
-2.867985
0.343034
-8.378774
4.071686
0.000000
0.000000
0.000000
3.998960
0.000000
2.895301
-1.559831
-3.577122
-2.766286
-1.020647
0.000000
1.942406
0.000000
0.000000
0.000000
0.915705
-0.725328
0.000000
0.000000
0.000000
0.000000
-1.148527
-2.533972
0.000000
0.000000
4.193004
2.038903
0.000000
-6.399193
0.000000
1.432989
32.980629
0.000000
0.000000
3.520754
2.235898
-12.569999
1.591893
3.266975
0.473325
0.000000
-12.434746
0.000000
0.000000
0.000000
0.000000
-8.434195
-7.125800
-2.096742
-6.435227
1.874310
-0.767469
0.000000
0.000000
-1.833290
-2.883281
-22.408119
0.000000
-1.013574
0.000000
0.000000
8.027943
3.372430
0.000000
0.000000
1.776203
-5.870305
0.000000
0.000000
1.868925
-6.368092
0.801218
0.000000
0.000000
0.000000
0.000000
0.000000
-7.133043
4.988022
1.568558
0.000000
0.000000
0.000000
0.000000
0.000000
4.491776
0.000000
-3.634596
-0.208383
6.305545
0.000000
0.000000
2.839667
0.000000
-2.955731
0.000000
0.000000
0.000000
0.000000
-2.650583
-7.650782
0.000000
0.000000
-7.587466
0.000000
-1.769624
2.063375
2.554635
10.240676
-1.114839
0.000000
0.061869
0.000000
-2.029706
-0.100462
6.563828
0.153184
0.000000
0.000000
0.000000
0.000000
0.000000
0.000000
5.751913
16.752553
0.000000
0.713627
-1.676385
0.000000
-8.591496
0.000000
0.000000
-2.288565
0.000000
0.000000
-14.688385
0.000000
19.981654
0.000000
0.000000
0.000000
0.173673
0.000000
1.062988
0.000000
0.000000
-0.799024
-13.604136
5.315701
-7.424245
-10.405735
-6.498257
0.845850
-0.585776
1.382138
12.101482
0.555038
-2.095571
5.646465
-1.586230
5.475764
6.376450
0.000000
-4.702336
-14.238356
0.000000
0.122830
0.000000
0.000000
0.000000
0.000000
-5.105988
0.000000
-7.399599
0.000000
-1.288947
-10.047112
2.839667
0.000000
0.000000
7.922272
0.000000
-3.976549
0.000000
-2.573468
-6.202010
0.000000
0.000000
-0.758388
-0.776381
0.000000
-4.644059
14.000030
8.349330
9.095314
-1.590490
0.000000
2.146522
-0.045813
-5.181164
-0.619893
0.000000
-0.963334
13.358062
0.000000
8.289950
0.000000
-6.868920
-1.246205
0.000000
0.000000
0.000000
0.000000
-2.883281
-2.112618
1.069925
-0.859469
-3.033306
-2.786246
0.000000
-4.490112
-16.009161
-0.293818
1.498893
0.000000
0.000000
-3.719394
-0.358567
-1.009657
0.000000
-0.244417
-10.042267
-11.022211
-0.245672
5.793126
9.038466
4.800448
0.000000
0.000000
0.000000
-9.688269
-0.299291
0.212027
2.137991
0.000000
-11.898486
1.884362
-13.787261
0.000000
-8.203380
-0.636453
0.000000
1.501137
14.674366
0.000000
-3.226044
2.952940
0.000000
-4.965432
-4.737197
-3.327436
1.817984
0.000000
0.000000
2.239403
-2.066120
19.620598
0.000000
0.000000
-12.439212
8.039227
0.508467
6.602184
-1.980361
-5.870305
23.371052
0.000000
8.875664
-1.804675
-2.450070
-1.232239
-2.561752
0.000000
-9.151565
-1.251897
-2.217494
3.473094
0.564552
3.520754
-10.786226
-3.300100
0.849384
0.000000
4.542417
2.506295
0.000000
-19.307241
14.054473
0.000000
0.000000
-0.787338
-7.579130
0.000000
0.000000
1.542345
1.616913
-6.120624
0.000000
0.000000
0.000000
-19.171645
0.278966
1.917820
-20.399710
0.215105
-4.360404
2.299385
-3.834189
8.455911
-0.550247
-3.276259
-8.285608
0.000000
5.424758
-0.526407
0.126517
2.727894
0.000000
-7.198985
0.000000
-4.545714
-1.458351
0.000000
0.000000
5.173276
2.223100
10.813764
-2.164865
0.000000
-7.284337
0.000000
16.084990
-2.171326
0.094595
3.052008
-0.537959
-13.222480
-2.069844
7.414525
-0.965094
0.000000
0.000000
-4.591896
-0.319256
-4.280963
-2.326554
5.587970
-7.626733
0.000000
0.000000
4.953608
2.831584
-1.362945
0.000000
-0.561246
3.476982
0.000000
0.000000
0.496211
-0.536340
-6.613795
4.579853
4.001515
-7.375991
0.000000
1.671078
0.000000
-0.276286
0.000000
-1.372388
-0.335727
0.257072
0.000000
0.000000
-4.336444
-2.681022
0.000000
0.000000
0.000000
0.000000
-1.676093
0.939027
0.000000
-0.790354
-5.233676
0.000000
-4.931645
0.000000
0.000000
0.000000
0.000000
0.000000
0.000000
-0.890290
13.431234
-3.776208
1.966171
0.000000
-8.606697
4.944843
-2.432343
14.161963
1.945710
0.000000
4.776496
-7.250315
-3.907994
-2.164865
1.485635
2.610267
0.000000
-1.797180
-1.411624
0.000000
-0.686668
4.378080
17.343129
2.868518
0.510447
-0.344497
-0.293693
8.701174
15.169345
1.311768
9.776131
0.560712
0.000000
0.000000
3.599179
0.000000
-7.961786
0.000000
-0.680074
0.513474
22.541784
-1.969161
9.569158
0.000000
-0.098998
0.000000
-4.786683
10.808487
0.000000
-6.130986
-0.252568
-4.024914
-10.479941
1.054027
0.140923
0.560712
-1.072199
0.000000
0.000000
4.027900
3.850094
0.000000
1.584054
-0.532912
0.672678
-1.105833
3.520754
-15.523705
-1.129850
-7.061873
-6.881276
0.000000
0.000000
0.000000
0.000000
-3.642650
-15.326246
0.000000
-3.028211
2.707467
0.000000
3.155038
-12.093327
-0.677224
0.018021
-1.094923
-2.378001
0.000000
0.000000
-2.279341
16.710934
-5.269906
0.000000
-0.337753
-3.029188
-6.289952
0.000000
-12.773464
0.000000
3.418089
23.127172
-14.548331
2.159233
-0.708409
-3.112469
-2.704278
-3.286443
-1.329906
-0.983362
0.173462
-8.437050
-4.483956
3.818103
-7.883116
0.000000
-13.050926
-0.257382
6.583169
0.000000
0.000000
-6.631295
-9.806623
0.000000
-6.247306
0.000000
-0.415335
0.000000
0.000000
-2.751299
-0.599238
0.000000
0.000000
0.000000
7.190449
-3.570816
0.000000
3.642690
0.000000
-3.371323
-0.504351
0.507929
0.000000
0.000000
0.000000
0.000000
0.000000
0.000000
-8.792479
0.000000
-5.763369
2.464652
0.000000
-12.579893
1.561099
-0.885664
1.008596
0.000000
-5.711453
0.000000
0.000000
0.000000
0.000000
-3.476918
0.000000
8.284818
8.439559
-3.157119
0.000000
0.000000
1.643865
6.508482
6.279927
5.716818
-7.002131
-5.870305
0.000000
0.000000
0.000000
-0.089658
-0.289780
0.000000
0.000000
5.933169
-1.307024
1.717812
1.321259
-6.471437
-1.723679
-0.945997
0.000000
0.000000
1.616913
0.000000
1.851163
0.225962
0.000000
1.627347
7.517985
0.000000
3.933616
0.000000
0.000000
-6.177564
0.000000
-3.571629
8.891870
0.000000
-0.008055
-0.257382
6.786145
0.000000
-6.101507
6.001273
4.914988
5.996273
0.000000
0.000000
6.236551
-3.635991
0.000000
-0.095099
0.000000
4.201002
-0.172688
3.339213
-2.785546
-7.209198
8.552103
0.000000
2.159654
0.000000
-13.803935
0.000000
-0.597512
0.000000
0.000000
-2.845000
3.015634
7.086626
-2.217494
0.000000
2.005174
0.000000
-0.008055
-0.441787
0.000000
0.000000
-0.766079
3.638607
-1.507391
13.304700
19.179086
0.000000
0.000000
0.000000
-1.107363
-0.224253
0.000000
-0.035569
-11.080515
0.202965
-0.689197
14.854829
6.383515
-18.238122
0.000000
-2.549989
0.996350
-4.644059
1.825865
6.236978
0.000000
-0.155088
-0.782813
8.109176
0.000000
-4.010366
-0.885664
1.501052
0.000000
-1.401359
-3.693098
-7.519420
6.808859
0.000000
-1.159179
0.000000
0.000000
-1.411624
2.005174
0.000000
6.783173
9.905340
3.631307
-0.175347
0.000000
0.000000
0.000000
0.000000
-11.725782
-3.216997
0.000000
0.000000
0.352622
-4.275578
7.190449
0.000000
1.023537
-0.627162
5.212666
0.000000
0.000000
0.208363
-8.708663
-16.478304
0.837527
-0.265367
8.103264
13.909549
-0.027377
-5.670820
0.000000
-1.751889
-2.573468
0.000000
8.768724
0.000000
0.000000
1.108103
0.000000
0.000000
-0.461383
-17.032695
3.829057
-6.560342
0.000000
0.000000
0.927123
0.000000
1.906123
1.696298
1.492453
0.000000
0.006376
-7.531335
-2.883281
0.000000
0.000000
0.231530
0.000000
0.000000
0.324484
15.447549
0.000000
0.000000
0.000000
-1.105834
0.000000
0.000000
11.581213
0.000000
0.000000
10.925123
-4.053596
1.492453
-12.716273
0.000000
-17.956330
0.000000
0.000000
0.000000
5.771043
0.000000
-0.580694
0.000000
5.247330
0.000000
2.629331
-9.893585
0.000000
0.000000
0.000000
0.309384
-11.213885
1.056494
10.743573
5.232024
1.112088
0.819989
-2.079352
0.000000
0.548810
0.498457
3.947267
-0.578962
2.234127
0.000000
0.000000
0.699811
0.000000
0.000000
12.994320
0.000000
0.000000
6.296185
0.169851
-1.043115
-11.888433
-1.290089
0.000000
-6.559031
0.000000
-1.385212
-8.529496
5.151752
-1.980969
0.000000
2.883213
4.566389
-1.604793
-7.780434
-1.115829
0.619120
3.558555
4.857194
-0.787338
0.000000
0.000000
0.000000
-1.071095
0.000000
-7.272577
0.000000
-2.581710
-0.223298
-2.662437
7.246490
3.485896
-2.861861
0.000000
0.000000
0.000000
0.000000
0.000000
0.234613
-4.230108
0.000000
0.000000
0.000000
0.000000
14.045063
2.516936
5.896054
-0.965094
-4.172590
0.000000
0.427929
3.338012
7.293597
0.000000
0.000000
8.109176
0.000000
6.236551
0.000000
0.000000
-6.101507
-1.674069
-3.396009
0.000000
-20.340887
-2.770112
-5.590393
0.000000
7.909602
0.000000
-3.586935
3.216544
0.636961
-4.840864
1.311713
2.422703
13.593618
0.000000
-7.396849
15.047895
0.000000
0.000000
-3.741912
-1.136778
0.000000
8.262183
0.000000
0.000000
2.283572
3.931118
0.000000
0.000000
0.000000
-2.552655
0.593042
0.206332
0.000000
-14.089931
-9.179675
3.941748
-0.877505
2.048330
3.173109
-5.870305
0.694792
0.271183
17.111920
0.000000
0.000000
7.161909
0.000000
0.000000
-2.436683
1.071438
-0.632007
-13.604136
-2.398280
2.157809
0.000000
-1.072632
0.107108
-2.797383
0.000000
0.297704
-7.146524
3.327211
-9.455194
2.784219
0.000000
0.000000
7.562825
0.000000
8.806549
0.000000
0.000000
-7.606511
0.000000
-5.002002
-3.421683
-10.438227
-7.028681
-2.816774
-8.166312
-1.973283
4.454366
-1.689338
1.455471
-0.057232
-8.860824
-1.439810
0.000000
23.375038
0.000000
-8.706297
-12.535973
0.000000
-0.762329
0.000000
-4.686400
3.312326
-2.796102
-0.673739
8.444335
0.000000
2.171946
0.521377
-3.853217
0.000000
0.000000
2.084969
14.952517
5.708597
0.000000
19.351641
0.000000
0.000000
3.829676
0.603355
0.000000
-1.914413
-2.212822
0.049868
0.849488
0.000000
-1.082963
0.000000
2.393668
0.000000
4.202295
0.000000
0.000000
10.206026
0.000000
-2.623721
2.396836
3.820631
0.000000
0.189743
5.386626
0.000000
0.000000
-3.768744
-0.374253
0.000000
0.000000
0.000000
-5.861215
0.966356
-5.106489
5.613495
-1.822696
-0.131795
-0.260267
-1.735279
6.423994
0.000000
10.044916
1.633000
0.000000
-4.983264
-3.320480
-1.855494
0.000000
0.368587
-4.011568
0.000000
-0.521354
-1.923462
0.000000
5.561678
0.000000
14.086218
-3.353829
-11.591089
-0.550179
0.089245
2.947899
-9.813115
-13.382010
0.000000
3.607943
0.817263
0.000000
0.000000
-1.385518
0.000000
0.000000
0.000000
0.000000
-0.453784
0.000000
3.445995
1.110902
0.000000
0.681961
-0.390225
13.450778
-1.334824
-6.476418
0.000000
7.160234
0.000000
6.726812
4.796603
-1.091163
2.861288
3.391138
-0.887289
-3.642650
0.000000
0.000000
0.000000
0.000000
-0.422988
0.645055
-13.212048
-0.652477
-0.034227
0.351638
-0.999545
0.000000
0.405878
-4.506495
8.631387
0.000000
0.000000
0.000000
3.146882
5.525806
-0.415708
-6.799880
0.000000
-8.263382
0.000000
0.000000
0.000000
0.080822
-5.968583
5.368151
7.274454
6.692262
-0.780443
0.000000
0.000000
0.000000
3.205428
0.000000
-0.550214
0.000000
0.000000
-4.927026
-2.287276
-5.181164
0.197995
0.000000
0.000000
-18.967243
-0.868205
-0.325066
-3.639747
16.223957
1.328211
-0.614051
0.278791
-5.686181
1.204520
0.000000
0.000000
0.956868
-11.984156
0.000000
-2.867828
-4.438191
0.000000
0.000000
0.000000
-0.083274
-12.599223
0.000000
-5.803262
-5.370906
6.233475
-8.062561
-1.024820
4.479895
0.000000
20.410774
3.240369
0.000000
0.000000
3.022102
-15.982268
9.077705
5.708597
0.000000
0.000000
2.091131
0.569687
1.581229
0.960510
0.000000
-3.286443
-0.195056
-9.130695
0.000000
0.000000
-6.741294
0.000000
-6.255277
0.000000
-2.432769
0.000000
-3.738419
5.890005
8.168698
0.000000
-0.965094
4.137517
0.000000
0.452041
-8.643404
0.000000
0.175168
2.393931
8.461357
-2.590931
0.000000
0.000000
0.694779
-1.092241
0.000000
-3.112469
2.965060
-1.058974
0.785925
0.000000
0.000000
2.147053
-19.293738
0.000000
0.000000
0.000000
-1.261048
0.000000
9.326350
-2.683371
0.000000
2.222858
10.488445
-3.590791
0.000000
-0.387259
0.000000
0.000000
0.000000
0.000000
-1.849729
0.000000
0.000000
0.000000
4.137517
1.240745
-3.572949
0.000000
-9.872902
0.000000
1.927483
-0.443671
-0.645903
-3.974246
0.040491
0.000000
-6.903015
0.000000
1.119019
-1.693507
0.000000
8.193065
0.000000
-2.411139
-4.866899
4.799483
3.506312
2.794409
0.000000
0.000000
0.000000
0.000000
0.000000
0.000000
-0.885664
1.355888
0.000000
-3.928449
0.000000
-0.482944
-5.752353
0.000000
0.000000
0.000000
0.000000
0.000000
1.039237
7.025717
0.000000
0.000000
0.000000
-2.800679
4.699907
0.000000
-0.185220
-1.256692
-3.442421
-0.256535
9.111634
-0.135067
0.000000
0.000000
11.433624
-9.579761
6.623949
0.000000
0.000000
-0.497851
1.492453
-6.713753
0.000000
7.174006
-0.224253
11.613993
1.029310
0.000000
0.529066
0.000000
7.293161
-0.096816
13.693715
0.000000
-1.769422
0.000000
0.000000
0.000000
0.000000
6.878199
5.300834
-5.907401
2.091131
0.000000
0.000000
-8.784173
-5.039660
0.000000
-0.164062
-0.192152
-2.187634
-11.903344
0.000000
-0.965094
0.000000
0.000000
0.000000
0.896568
-2.525305
7.517985
20.058178
0.000000
0.000000
0.125637
0.000000
3.484362
1.362665
-5.587555
0.000000
2.630213
-7.027042
1.613017
-2.565496
0.000000
11.000587
0.000000
7.634350
0.000000
0.000000
0.000000
0.942972
0.883582
0.000000
-0.372303
-6.081987
-3.314052
0.000000
0.000000
0.000000
3.255971
3.183315
4.491776
-1.381522
-0.127779
0.824312
-4.023509
-2.509988
0.000000
11.220625
1.103896
0.000000
0.000000
4.851916
0.000000
-0.203190
-6.727350
-5.165457
-3.362515
-3.618363
-0.924036
-2.199258
1.969478
1.689005
2.970094
0.000000
0.000000
1.094151
0.694576
0.147855
0.447075
0.000000
0.272952
2.947781
-1.411624
0.000000
0.000000
0.241546
0.000000
0.000000
7.543143
9.765147
-12.590995
-6.210446
0.000000
-1.699401
0.000000
-0.325537
19.923411
-2.279341
-1.136409
0.000000
0.000000
-5.589761
13.450778
7.523330
0.000000
0.000000
0.000000
0.000000
0.000000
-0.238633
5.675056
0.000000
-7.854696
6.046551
-3.457062
0.000000
-3.893662
0.000000
2.005174
0.000000
-4.868172
8.853779
13.954457
-1.013574
13.420973
1.958904
0.000000
0.000000
0.863359
0.000000
-1.173432
2.691486
-10.569384
0.176916
3.886969
4.509179
-0.475718
4.305705
21.470675
0.000000
6.963431
-0.094250
-3.380941
-18.203086
0.000000
-8.931908
0.000000
0.000000
0.418562
2.811218
-11.896949
-2.898495
3.318430
0.000000
-1.652230
-4.739192
0.000000
-1.617856
-9.493277
-2.665765
0.000000
0.000000
0.079093
-5.141420
-5.294712
-12.624757
-0.801156
-0.929323
9.077063
5.548339
0.000000
0.000000
8.206605
4.309663
-38.266318
0.447101
0.462352
0.828375
0.000000
0.000000
0.000000
2.077549
0.898614
-3.316786
-3.417352
0.772330
-2.211585
-1.389481
0.000000
0.000000
0.000000
0.000000
-6.101039
-1.844487
2.078826
-2.284650
0.000000
0.000000
0.000000
7.115106
1.344330
11.144450
0.000000
0.455786
0.000000
1.743632
0.000000
12.529902
13.954457
0.000000
-4.768091
-0.400053
0.000000
2.525385
-0.869826
0.116914
-1.524083
-3.786132
-0.620273
0.000000
0.000000
5.592097
6.236551
1.448717
0.000000
-14.566755
-5.679615
3.627511
-9.845083
2.500050
0.000000
1.521723
8.860715
-1.105834
0.000000
0.000000
-0.194829
-1.251897
0.000000
8.841247
28.695148
-5.137019
0.966840
2.966093
2.094572
-0.890206
-2.401584
0.000000
-0.095429
3.551929
-1.064597
0.000000
8.661095
0.477455
2.873368
0.000000
-8.492581
5.536449
0.000000
-15.326246
0.000000
0.000000
0.000000
-17.315176
0.389512
0.648237
13.192084
-0.131795
6.442000
0.000000
2.041729
0.000000
0.000000
2.277757
0.000000
4.799483
0.000000
0.231443
0.000000
0.000000
0.000000
-1.961889
0.000000
-1.439336
0.650553
0.000000
8.769146
-1.024054
0.000000
4.332693
0.000000
0.000000
5.416816
0.000000
0.000000
1.817985
-4.686681
0.000000
-6.399193
0.074426
1.517613
5.960979
3.993416
0.021358
-0.414370
5.751903
1.184653
-2.402056
10.383639
2.650295
0.000000
0.000000
0.000000
-4.240693
-12.103057
0.000000
0.081845
-0.137630
-2.439184
0.000000
0.000000
0.523646
-9.768325
4.920842
7.178677
13.321881
0.000000
-6.872637
0.000000
-5.521558
-0.567796
2.896388
-4.643730
0.000000
-23.683691
0.000000
-5.026990
0.000000
-5.292198
19.329210
0.000000
-0.473193
4.918409
-8.259517
0.000000
-2.439057
9.845619
-1.440835
14.153707
-1.699171
-2.898308
8.175320
0.000000
-6.646420
0.000000
-9.419123
-2.373442
6.070021
2.629331
1.080427
-7.018833
-0.554998
0.000000
-6.605454
-0.160677
-7.832921
1.438580
3.372430
-3.265758
0.000000
3.210481
0.000000
0.864015
1.177904
2.790364
0.000000
0.000000
-0.576690
0.000000
1.067421
1.062988
0.000000
4.731408
-8.248932
0.000000
9.077705
0.000000
0.000000
0.000000
0.000000
0.000000
-12.202203
0.000000
0.956868
0.000000
-5.525201
-7.146524
0.000000
0.000000
0.000000
-2.827403
0.360195
-20.409868
-1.835487
0.000000
1.351288
2.874219
0.000000
-7.542400
-1.622981
-9.452413
0.000000
0.886519
0.000000
0.374572
0.594936
-0.208576
-10.734080
-8.266695
12.269954
3.886969
-16.128068
0.000000
-1.095020
-8.350651
3.622212
5.634990
-4.555298
-9.807419
-1.384352
0.000000
0.000000
0.036592
0.000000
2.839667
-0.336528
0.000000
8.769146
0.000000
0.000000
0.000000
0.000000
0.318971
-9.980538
17.611499
-9.059590
0.000000
-1.674784
-1.988182
-2.665765
0.633217
0.000000
0.000000
38.396046
0.000000
9.038466
0.000000
0.000000
-0.962271
-3.187619
0.000000
0.000000
5.239087
8.769146
-4.130335
-7.882703
-6.335327
7.806798
0.000000
0.000000
0.000000
0.000000
-0.965094
0.000000
2.773685
0.000000
-0.162654
0.000000
-5.812095
0.745072
0.000000
-0.487057
-10.125645
3.097929
3.401034
0.000000
3.776401
-2.019388
0.000000
0.000000
0.000000
0.000000
0.090060
-2.203790
3.111305
0.828375
-1.101475
-2.243722
3.979444
0.965725
4.138991
0.000000
1.322888
-8.088157
-0.571712
0.000000
-0.396438
0.000000
-4.643730
1.492453
-4.118710
-9.697392
-8.760287
15.013230
6.253747
0.000000
-7.987423
0.000000
7.705140
0.693552
-0.392572
0.000000
-2.259845
6.771051
-7.635949
5.302623
-9.392993
2.873952
-4.372804
3.598158
10.190671
16.495256
-2.421858
3.158141
-0.666396
6.150788
0.000000
0.000000
5.118338
-5.261923
-7.069094
2.472833
-0.432588
-8.246861
2.671991
-5.876520
-0.521426
0.000000
0.000000
-12.773464
-3.002801
19.110751
-1.730722
-1.545841
-1.674069
4.004475
0.000000
0.000000
8.552103
15.865489
7.232154
-1.160717
0.000000
-2.202873
0.000000
-4.776607
0.000000
0.000000
0.000000
0.000000
0.000000
0.000000
18.786613
-1.907420
0.000000
-0.847223
2.126642
0.000000
2.732759
-0.379539
0.000000
-2.214296
0.000000
4.199803
0.000000
0.000000
0.000000
0.000000
0.000000
1.385229
-5.904507
-31.888085
0.000000
0.000000
3.806376
0.000000
0.000000
-9.457676
0.000000
-7.436037
0.000000
0.000000
0.000000
0.000000
0.189743
-10.739321
3.036808
0.000000
-3.333898
0.000000
0.000000
0.000000
-6.760562
0.004776
-6.034182
0.738313
-0.805185
0.000000
-5.559348
1.676617
4.534508
0.000000
-0.083837
0.000000
-0.571712
-3.600526
-0.257382
0.000000
4.542417
3.035676
0.000000
0.000000
0.000000
1.920042
-4.026055
0.000000
-12.383393
0.000000
0.000000
8.594449
5.590669
1.066654
-5.751770
3.143948
0.000000
0.303066
0.000000
-0.308019
3.461578
0.000000
0.000000
-2.414288
-6.872637
0.000000
-0.543428
-1.270188
-3.410285
7.126533
-13.514781
1.746346
4.416527
-12.599223
-4.611602
3.389298
0.000000
0.000000
-0.222822
-2.956859
0.000000
-2.864132
-6.883648
0.000000
0.000000
-0.482333
1.269610
-0.372303
0.000000
-2.480884
6.006895
0.000000
0.000000
0.000000
0.754489
-3.002013
2.839667
0.000000
2.613077
-5.567754
0.208363
0.000000
0.000000
0.000000
9.110971
-1.770114
4.394560
0.000000
7.137377
-1.161667
0.000000
2.842953
3.651185
0.000000
3.657797
0.000000
4.861780
0.000000
-2.650787
11.876432
0.000000
-1.024054
-0.828082
-4.550338
2.938757
0.705718
0.000000
0.000000
0.000000
0.000000
0.000000
5.412531
-4.271801
-2.129462
-1.334824
-9.931726
0.000000
11.263225
0.000000
5.386626
-0.487057
0.007926
10.093109
-10.227351
-1.380417
-6.577674
0.000000
0.000000
-6.046300
-9.277378
0.000000
-4.461036
-1.881384
0.000000
-0.144746
0.000000
-1.642122
0.000000
1.414335
1.057522
0.000000
2.874219
-20.083036
-2.243722
-5.692004
8.915888
-3.453518
-5.896536
22.409480
5.973114
17.149077
0.000000
0.000000
-6.535637
6.349834
-7.685324
6.045260
-15.968923
0.000000
-1.496506
0.136800
-0.565179
0.194408
-6.454357
-6.034182
0.000000
0.386309
0.631865
0.000000
0.000000
3.036334
0.000000
0.000000
0.000000
5.478552
0.000000
6.428701
-2.122311
-2.847400
0.000000
2.269593
-1.170566
-1.802653
5.465968
-1.015771
0.000000
-1.338524
-4.973985
8.185715
-7.435280
5.557856
2.466352
1.027140
0.000000
-6.605454
-0.610555
0.000000
-5.038218
0.926969
0.000000
1.815833
0.000000
8.953312
0.000000
0.000000
3.856194
-18.055381
-1.548345
0.000000
3.408308
1.414929
1.039237
0.330852
0.000000
1.195758
0.000000
4.354401
0.000000
4.143880
1.096554
1.637852
0.079122
-8.137686
-7.383339
5.477304
8.784438
0.000000
3.207096
0.000000
0.000000
4.648852
0.491450
7.771641
-2.941989
1.822297
-6.509497
5.966306
0.000000
-8.556619
10.553463
-0.606409
0.529066
8.377563
1.956226
8.154324
0.000000
8.220179
5.238312
0.552754
3.619370
0.285360
-0.908125
1.440269
-1.279493
15.889218
0.027685
0.000000
0.000000
-3.023531
-1.409974
0.000000
0.000000
1.502303
1.489921
0.000000
1.695870
0.000000
0.000000
0.000000
7.516237
0.000000
0.000000
0.000000
-0.092040
-9.782467
2.312248
0.007538
-2.868311
0.978476
-2.349749
0.000000
0.082153
5.424820
0.000000
-20.013427
0.000000
3.824129
0.000000
0.909261
0.486319
0.000000
-9.427436
0.000000
-12.176155
-13.884963
39.714860
0.582582
8.769681
6.072745
0.000000
-12.302447
0.000000
0.000000
0.151162
2.441795
1.269610
2.402535
4.019078
-3.768744
5.541341
-1.431391
-0.257382
0.000000
-2.123833
0.000000
0.863482
0.000000
2.952171
0.000000
7.542596
0.000000
-4.973985
-2.683300
0.000000
0.000000
0.499303
2.080083
-0.969112
-1.466707
11.033845
-6.774650
0.000000
0.000000
-5.379561
0.000000
0.000000
0.000000
-0.493879
0.000000
0.000000
7.254372
5.391027
0.000000
-2.886220
-0.577724
0.000000
0.163554
0.478055
2.858964
-18.296069
0.000000
-5.330368
-4.240693
-6.591409
-0.977874
0.000000
-2.240281
0.739061
0.000000
6.234358
0.000000
0.000000
7.919503
-4.103080
-5.507356
13.032408
1.825865
2.726675
-11.163979
-2.685942
-1.053080
2.819410
4.815721
0.000000
-7.602038
15.412433
-2.386642
-2.992324
0.000000
0.000000
4.327428
0.000000
0.486502
0.000000
-11.903344
-25.667928
0.000000
0.000000
0.000000
0.000000
-18.054674
13.321881
-3.673607
0.000000
-19.447836
-2.334826
1.629969
0.000000
-3.261840
-5.952848
2.957356
0.000000
0.000000
-1.215349
5.649684
-4.053186
0.000000
0.864015
0.000000
10.406382
-2.433140
0.000000
0.000000
0.000000
4.327428
0.978316
-0.242043
0.000000
7.782038
7.593405
0.000000
-0.449868
-2.438362
-4.593533
-6.268097
0.000000
-15.429747
0.355286
0.000000
0.000000
0.000000
0.000000
0.000000
-9.697749
-0.105680
-14.267971
0.000000
0.000000
0.059625
-3.428681
-4.612331
0.000000
0.000000
-8.357019
11.338201
-3.939207
0.000000
0.000000
0.000000
12.318313
0.386788
0.000000
2.561985
0.000000
-10.553898
0.000000
1.114808
-8.499903
-8.784173
0.000000
-2.621141
0.000000
0.000000
-1.160304
0.000000
0.000000
-9.432967
2.400914
5.415635
1.277139
0.000000
5.973114
1.958732
0.863974
-3.004701
-1.242680
-1.709414
4.982340
-1.570815
0.000000
0.362398
-0.415335
0.000000
0.000000
-1.969728
-0.770232
0.000000
0.000000
0.000000
0.000000
-2.187634
0.000000
4.906077
2.138248
0.000000
6.791688
0.000000
8.728237
10.194843
-0.706485
0.000000
-14.347361
0.000000
0.000000
-7.910514
0.000000
0.000000
0.000000
0.000000
0.000000
11.356353
0.000000
0.000000
-1.822696
0.000000
0.000000
8.678839
-0.347789
-8.211039
0.000000
-7.789021
-3.885457
2.739723
0.000000
0.000000
0.000000
0.000000
0.000000
-7.175259
-6.416876
-2.129462
0.000000
-10.666588
3.984700
0.000000
6.976569
-17.361870
0.000000
-1.071681
-13.850464
0.000000
5.568123
0.489030
0.000000
3.091994
0.151854
5.302347
-6.590787
9.386706
-0.008677
-2.116479
0.000000
-0.935604
1.957841
0.000000
4.090548
0.000000
-2.437574
0.000000
7.101489
0.952288
0.000000
-0.248439
-2.965219
-0.070864
0.000000
3.392425
0.102847
-6.092131
-1.199041
0.000000
0.000000
-2.579888
0.800144
-5.174403
2.478400
0.000000
2.681443
2.527426
1.636467
8.152634
0.000000
1.311768
3.485165
0.000000
0.000000
0.000000
-6.302360
0.000000
-0.646290
0.000000
7.216863
1.976593
-1.710392
-3.091186
-1.613802
-1.898234
10.833752
41.640891
0.000000
0.000000
0.000000
-0.609385
8.024133
0.000000
3.311462
0.000000
-11.241288
-15.653601
-6.476619
0.000000
1.501529
0.000000
-1.062076
-22.033782
0.000000
0.000000
-2.166322
-4.965095
0.623335
4.299887
12.972484
0.000000
3.183315
0.000000
0.000000
5.248314
0.856590
10.268873
0.000000
-7.563703
0.000000
0.000000
2.787730
-12.726467
23.705248
0.000000
0.000000
0.000000
0.000000
2.260922
1.479001
0.000000
8.109176
0.000000
0.000000
1.396693
-1.016389
-6.416516
-10.151589
0.502452
0.000000
0.305873
0.000000
0.000000
0.000000
0.000000
5.212666
0.000000
0.000000
0.000000
1.269610
-21.231605
-13.286311
5.062057
0.000000
-2.295506
0.000000
1.398367
-6.994737
0.000000
-0.966682
7.198028
0.000000
0.000000
0.090547
-0.124858
0.208363
0.991731
-0.387771
11.874842
0.042006
0.000000
1.365386
6.793501
0.000000
-2.597455
0.000000
2.499481
-6.355186
0.000000
-2.243327
-0.885664
8.552103
1.965093
-0.413543
0.000000
6.752305
2.500397
9.164338
0.502356
-1.448064
2.839667
0.000000
-0.045813
-2.370913
0.000000
-5.580613
4.866364
-2.214107
-10.817112
0.699811
0.000000
-6.819021
0.000000
0.960510
0.000000
-8.983565
8.706201
-2.621141
-1.954576
-7.930172
-1.901910
0.713627
0.000000
0.000000
7.379145
0.000000
7.702308
14.161963
-1.899110
0.000000
1.580777
-2.028544
1.176335
2.195109
0.504955
-2.377299
6.739437
-4.042079
-2.322463
6.356498
-0.918177
1.690119
-1.251897
-13.548319
3.264175
-4.282340
-1.100720
-1.763490
-5.971478
-0.351100
-5.433471
0.000000
0.000000
0.000000
0.000000
7.066187
0.000000
4.653818
-0.389008
1.144787
0.000000
7.659930
0.000000
7.730310
-1.696352
-1.289897
-6.143270
4.424286
14.939328
-3.003597
0.000000
0.000000
0.353892
-3.115550
-4.891630
0.000000
2.969411
0.000000
0.124746
0.000000
0.000000
0.308812
1.577388
-0.050369
0.000000
6.290938
-0.651447
-0.885664
0.000000
2.914462
-0.301735
-5.812095
0.000000
5.903357
0.000000
0.000000
-0.125661
0.000000
0.000000
0.582384
0.189743
0.000000
0.000000
-6.872637
0.000000
0.000000
5.625994
0.000000
0.054756
-7.647210
0.000000
-4.324859
0.000000
-8.374626
1.337985
-3.306868
-20.868143
0.000000
10.844124
-3.457062
5.615938
-4.394588
1.287094
0.090051
0.865806
-8.856980
2.080083
5.813272
0.000000
-3.892745
-4.414403
7.517985
0.000000
-0.928503
-0.042784
-6.861066
0.000000
19.667618
0.000000
-0.942949
11.367378
0.060831
1.769291
-0.257382
-1.194090
0.000000
10.195049
1.957274
0.000000
0.000000
0.000000
-1.995774
8.450264
6.223554
1.319779
0.581342
-2.474700
1.661797
13.499320
0.000000
0.000000
-0.126121
-0.263506
0.000000
-15.214317
-5.106489
-0.232043
0.000000
2.117988
1.682812
0.000000
0.000000
10.067413
6.175676
0.000000
0.080859
0.000000
-9.980973
7.190449
1.197859
0.000000
-0.384385
0.000000
0.000000
13.941737
-1.101903
1.086127
0.851770
0.213412
0.000000
7.426115
0.000000
5.566560
2.631784
0.000000
-5.322276
-0.250986
2.436626
3.134823
0.000000
0.664775
0.000000
0.000000
-5.722077
0.000000
0.000000
5.651672
-2.982362
0.000000
1.734437
4.789650
-2.087368
-5.836938
0.000000
-2.715552
4.297988
5.750338
0.550238
-0.610230
0.000000
-11.223162
0.000000
6.461869
-6.375111
-0.728689
0.000000
10.761780
0.000000
-7.311371
4.752867
-1.205341
-4.194377
-33.359057
4.440020
-5.013849
-1.314966
10.198375
10.588280
-5.610140
0.000000
0.000000
-1.527501
0.000000
13.032408
0.000000
0.000000
-2.670294
0.000000
-3.327261
-3.507161
6.777811
0.000000
0.000000
-7.620147
1.385727
-0.286666
0.762739
17.129770
5.537192
1.755357
0.770285
10.461504
0.000000
0.902785
0.002429
0.111703
7.827934
0.902324
7.919503
5.516281
0.000000
-0.230017
4.138897
0.000000
1.359531
-0.003166
6.236978
0.000000
0.960510
-0.649544
0.092523
2.519667
1.941129
6.278507
0.920469
0.000000
-3.118258
0.812928
-3.286443
0.000000
0.305544
-8.441413
0.000000
-0.213565
0.000000
0.000000
0.000000
0.000000
-2.342339
-0.121851
-4.934917
7.803917
-0.684624
0.938188
17.611499
0.602202
-8.349691
0.000000
7.027178
14.155465
0.000000
0.000000
-7.754343
0.000000
3.520754
5.833541
-2.335211
0.000000
0.000000
2.712614
-0.118633
0.000000
3.811307
7.263493
-3.513878
0.000000
0.000000
0.000000
-9.130215
0.000000
0.000000
-5.000635
-2.164865
0.000000
0.000000
0.000000
0.000000
0.000000
0.000000
0.000000
0.000000
0.000000
0.000000
0.000000
0.000000
0.000000
0.000000
0.000000
0.000000
0.000000
0.000000
0.000000
0.000000
-4.235912
-1.112937
3.926841
0.000000
0.000000
-7.293239
0.000000
2.631383
0.000000
0.450487
10.578453
0.000000
0.000000
0.000000
0.000000
0.000000
0.000000
0.000000
0.000000
12.564132
0.000000
-3.226139
0.000000
2.377925
0.000000
0.000000
-4.911033
-9.189899
0.000000
0.000000
3.833250
-0.125969
-8.591496
0.000000
0.000000
0.000000
0.000000
-3.707908
0.000000
0.000000
0.000000
0.000000
0.000000
0.000000
0.000000
19.592714
-0.869464
-5.867728
0.000000
0.000000
-1.446701
5.616225
-0.173639
-3.541518
0.000000
0.000000
0.000000
0.000000
-0.802907
0.000000
9.209653
0.000000
0.000000
-0.469030
