0.000149
0.000845
0.000779
-0.007455
-0.002525
0.000920
0.004158
-0.000227
0.000040
-0.000907
0.008230
-0.004265
-0.006954
-0.003860
0.004370
0.042658
-0.000349
-0.000330
0.000963
0.000241
-0.001542
-0.000304
0.000104
-0.003631
0.007087
0.003186
0.002322
0.003193
-0.001963
-0.007103
-0.003114
-0.006012
-0.011389
-0.008660
0.002345
-0.010611
-0.004927
-0.014412
-0.011455
0.123359
0.003417
-0.003285
0.000465
0.000748
-0.002750
-0.004542
-0.000019
-0.004157
0.002304
-0.002974
0.010149
0.013569
0.005625
0.003228
0.027120
0.009494
0.023292
0.028025
0.006063
-0.005932
-0.003127
0.005879
-0.002912
0.005331
0.010640
-0.006729
0.000606
-0.002463
-0.015002
-0.002959
0.002808
-0.001225
-0.002174
-0.004794
-0.000280
-0.008700
-0.001331
0.000858
-0.000771
-0.002318
0.024540
0.001473
-0.002725
0.007678
-0.006722
-0.006393
-0.001541
-0.000571
-0.001497
-0.000210
-0.006126
-0.005731
0.008485
-0.001877
-0.000065
-0.001414
0.004806
0.000338
0.004524
-0.002349
-0.002664
0.000801
-0.001234
0.005378
-0.003948
-0.000408
-0.002031
-0.001405
-0.000294
-0.001707
-0.000424
-0.000336
-0.000493
-0.000359
-0.005872
0.000157
0.008359
-0.005070
0.003943
0.001078
0.001734
-0.000847
-0.000901
0.002874
-0.002575
-0.006363
0.000016
0.012263
0.017046
-0.001339
-0.000131
0.003925
0.000842
-0.015247
0.003227
0.002105
-0.003138
-0.002519
-0.008297
-0.007009
-0.003165
-0.001699
0.004928
-0.013376
0.003333
-0.004588
-0.001747
-0.012034
0.001230
-0.006293
-0.002740
-0.005747
0.029978
-0.000999
0.001868
-0.003260
-0.002531
0.003706
0.003033
0.005871
0.000937
-0.005747
0.006847
-0.005193
0.016184
-0.001503
-0.004761
-0.003560
0.000013
0.000664
0.007527
-0.003578
-0.004257
-0.004259
0.013801
-0.001535
0.007223
0.009390
0.028659
0.008021
0.005613
-0.002586
-0.005252
-0.007088
-0.001515
0.004820
-0.000139
0.014694
0.027855
-0.002753
-0.005266
-0.001658
0.025732
-0.001210
-0.016488
0.001362
-0.000072
0.005290
0.005806
0.032234
0.021186
0.009940
-0.009029
-0.000451
-0.002502
0.005494
-0.004790
-0.006145
-0.002529
-0.007156
-0.002359
-0.000771
-0.003865
-0.004238
0.000549
-0.007578
0.000015
0.003361
-0.005637
0.000298
-0.004782
-0.000936
-0.003429
-0.008190
0.004805
0.002154
-0.000052
-0.006342
0.004145
-0.001243
-0.001939
-0.000096
-0.002199
-0.004638
-0.003390
-0.002451
0.011929
-0.000708
-0.001563
0.003466
-0.000522
-0.001402
0.001239
-0.002993
0.006708
-0.003344
-0.001271
0.015078
-0.004357
-0.000971
0.000267
-0.004983
-0.002199
-0.004210
-0.000877
0.002123
0.000105
-0.002242
-0.008550
-0.012927
-0.001660
-0.000926
0.003024
0.011788
0.009430
-0.000683
-0.000261
0.001881
0.035949
0.003781
-0.003904
-0.003450
-0.008313
-0.001680
-0.001201
-0.006060
-0.002300
-0.004232
-0.005751
-0.004770
0.000910
-0.006633
-0.001320
-0.002130
0.015974
0.002505
-0.004360
-0.005945
0.000410
-0.004230
-0.010711
0.001531
-0.007220
-0.001378
0.001317
0.003036
0.008175
-0.004097
0.008674
0.000860
-0.000494
-0.000949
-0.000533
-0.007282
-0.011198
-0.003866
0.000798
0.002813
-0.004061
-0.002884
0.014841
-0.000107
0.001835
0.009210
0.014597
0.000659
-0.002459
0.003121
-0.008500
-0.004768
-0.006524
-0.000587
-0.002975
-0.000845
-0.005117
0.043766
0.000471
-0.001827
-0.001236
-0.000361
0.011303
-0.001960
-0.006631
-0.002965
-0.008367
-0.003104
-0.004430
-0.000271
0.004021
-0.003147
0.004783
0.000233
-0.005796
-0.013517
-0.003214
-0.000807
-0.027257
-0.038568
0.003445
-0.003156
0.001960
0.014593
0.006901
0.000236
0.003720
-0.002587
-0.002557
-0.004975
-0.003697
-0.006315
-0.003564
-0.004154
-0.000691
-0.002222
0.000687
-0.000671
0.003246
-0.003430
0.004854
-0.004816
0.000090
-0.004528
0.004078
0.009578
-0.003778
-0.001286
0.001859
-0.001594
0.007492
-0.001361
0.001602
-0.000762
0.013329
-0.000975
0.001086
-0.004179
-0.005434
0.000931
0.013040
-0.003929
0.005024
-0.003638
-0.001081
-0.000649
0.003044
0.005382
-0.002122
0.000577
0.000943
0.000131
-0.003031
0.001758
0.002295
-0.000768
-0.001473
0.000747
0.001372
0.010690
0.000100
0.003232
-0.002502
0.000372
-0.002788
-0.003771
-0.003215
0.012396
0.002028
-0.000934
0.007908
0.002946
0.003896
-0.009617
0.063230
-0.000256
0.001989
-0.002783
-0.003274
0.000843
-0.004759
0.031719
0.005970
-0.006818
0.006706
-0.001887
-0.014104
-0.014849
0.010356
0.002920
0.007228
-0.000402
0.001011
-0.001518
-0.002946
0.000872
0.000370
-0.002747
0.000687
-0.000959
-0.003047
-0.002971
-0.003100
0.001401
0.000175
0.004017
0.001681
0.002217
-0.005727
-0.006241
0.006557
-0.001287
0.001924
0.009864
0.011769
-0.006762
-0.001037
0.004695
-0.010843
-0.000822
-0.001675
0.006333
-0.000371
-0.000144
-0.003419
0.002450
-0.004114
-0.008967
0.000496
-0.001919
0.004439
-0.005791
0.017121
0.002431
0.001109
-0.004605
-0.003915
-0.002328
-0.003171
0.012532
-0.002558
-0.002127
0.000947
-0.001585
0.006752
0.003315
-0.002375
0.002161
0.000851
-0.002980
-0.001365
-0.000848
-0.001012
-0.001613
0.005615
0.000394
-0.007034
-0.002234
-0.000169
-0.000725
0.036732
0.018038
0.008368
-0.005740
-0.005209
-0.001247
-0.000719
0.004965
0.000131
-0.004147
-0.003905
0.009824
-0.002731
-0.002091
-0.007613
-0.000211
0.013919
-0.003045
-0.000107
-0.000758
0.000514
-0.000045
-0.007713
0.000031
-0.006731
-0.000709
-0.009343
-0.001424
0.008380
-0.002865
0.001933
0.002591
0.001960
-0.001917
-0.001216
-0.002946
0.002137
-0.004772
-0.000849
0.000192
0.005429
0.002494
0.000016
-0.006427
-0.001559
-0.000850
-0.006531
-0.005190
-0.002482
-0.002588
-0.001722
-0.001816
-0.001881
-0.004130
0.005067
-0.002822
0.000889
-0.003089
-0.002278
0.005414
-0.015643
-0.000131
0.009632
-0.000454
-0.000615
0.004672
-0.005689
0.008202
0.033204
-0.002315
-0.020182
0.006019
-0.001421
-0.005936
-0.002012
0.006203
-0.000637
0.002663
0.000188
0.000545
0.020198
-0.001408
-0.000931
-0.009946
-0.007197
-0.003654
-0.005766
-0.008352
-0.000125
0.000887
0.003400
-0.002644
-0.008971
0.000889
0.016001
-0.008308
-0.000703
0.011198
-0.008823
-0.003534
0.004803
-0.009397
0.002321
0.006927
-0.002050
-0.002771
-0.000665
-0.002916
-0.005678
-0.000993
-0.001976
-0.000079
0.002657
0.007148
0.002471
0.024692
-0.004076
0.003445
-0.004350
0.003230
0.000752
-0.009150
0.000796
0.007842
0.012414
0.012975
-0.007725
0.000225
-0.000770
0.001737
-0.003397
0.006814
-0.004268
-0.003530
0.107724
-0.002141
0.000511
0.002762
-0.003789
-0.007886
-0.007790
0.000011
0.001418
0.006759
0.008660
-0.003756
-0.003389
-0.005960
0.002742
-0.009603
-0.000519
-0.001430
-0.001628
-0.004746
0.001273
-0.005217
0.006851
0.004922
-0.002463
-0.001845
0.001512
-0.008755
0.004854
0.001116
-0.003866
0.004146
0.007097
0.010089
-0.002590
-0.001288
-0.002178
-0.000006
-0.000346
0.005003
0.001184
-0.004357
-0.002159
0.004038
-0.005138
-0.006687
-0.002429
0.000076
-0.005020
-0.001029
-0.001883
0.002664
-0.001989
-0.003487
-0.005356
0.005011
0.001897
0.022384
0.002125
-0.005758
-0.019398
0.006349
0.004767
0.008653
0.000492
-0.007846
-0.005553
-0.008581
0.021784
-0.006515
0.021189
0.010028
-0.009070
0.007484
-0.003583
0.001232
-0.004558
-0.001311
0.000421
-0.001936
-0.001571
0.001648
0.022009
-0.003960
-0.008557
0.004587
0.012137
0.009061
0.003241
0.005195
-0.007066
-0.003061
0.001120
0.002693
0.002932
-0.000789
0.017212
0.000599
-0.000912
-0.002990
-0.005089
-0.017431
-0.002726
-0.003879
-0.003015
-0.003961
0.010523
0.000596
-0.005132
-0.006532
0.014320
-0.000975
-0.002380
-0.005891
-0.003592
-0.002244
-0.001062
-0.003625
-0.000503
0.037800
0.003468
0.010564
0.011807
-0.011193
-0.001264
0.012677
0.005999
-0.004506
0.012507
-0.005456
-0.001591
-0.002949
-0.003013
-0.003165
-0.005999
-0.001077
0.014908
-0.002652
-0.002625
-0.003797
-0.007629
0.001042
-0.000256
0.002289
0.010129
-0.001498
-0.002355
-0.002722
0.008296
0.002022
0.000153
-0.002657
-0.010914
0.002672
-0.008652
-0.005717
0.001759
-0.010150
0.007308
-0.003400
-0.005062
0.000608
0.001851
-0.002474
-0.001674
-0.001517
-0.000654
-0.000217
-0.003212
-0.005251
-0.001082
0.041103
0.061871
0.001465
0.000949
-0.003326
-0.004794
-0.002462
0.021195
0.036692
0.004007
-0.002306
-0.002679
-0.001346
-0.003281
-0.001985
-0.004748
0.003065
0.010696
0.000425
-0.001966
-0.010611
-0.004083
-0.002084
-0.005851
-0.000934
0.001841
-0.000576
-0.008903
-0.011734
-0.000362
-0.000608
-0.003544
-0.001587
-0.001015
0.022372
-0.003068
0.006148
-0.001497
0.003816
0.006146
-0.006808
-0.002393
0.006917
-0.007226
0.003981
0.003351
-0.003554
-0.004188
0.007977
-0.001623
0.004826
0.007011
-0.005808
0.016600
-0.001547
0.001563
-0.004053
0.000468
0.005612
0.004323
-0.000722
0.038270
-0.001757
-0.001562
0.015009
-0.008565
-0.004605
-0.002172
0.008010
0.000255
-0.000251
-0.006466
-0.001603
-0.001722
0.000038
-0.017624
0.000568
0.000292
-0.001099
0.002647
-0.004739
0.001766
0.000411
-0.005320
-0.009100
-0.014457
-0.004747
-0.004270
-0.004333
0.003474
0.000492
-0.003754
0.016962
0.012117
-0.002331
-0.000958
0.010202
0.002649
-0.003426
-0.002159
-0.001784
-0.003739
0.005360
-0.007552
-0.000542
-0.002979
-0.003945
-0.001685
-0.000019
0.011027
-0.001359
-0.004023
-0.001874
-0.000305
-0.000791
0.001810
0.004709
0.012622
0.001958
-0.012228
0.003455
-0.003967
-0.002369
-0.007502
-0.003259
-0.001598
-0.001461
-0.005827
-0.000904
-0.002156
-0.012887
0.002644
0.001658
0.006539
-0.001751
-0.002510
0.001333
0.002526
-0.002812
-0.000485
-0.002807
0.001694
0.006020
0.000633
-0.001645
0.033067
-0.004304
0.000651
-0.000594
-0.000937
0.010765
-0.004023
-0.000306
0.001776
0.002851
0.002184
-0.005378
-0.009600
0.008453
-0.005136
-0.005574
0.002785
-0.003664
0.027935
-0.001113
-0.002138
-0.002098
0.000817
-0.003794
0.002513
-0.000082
-0.002677
-0.008436
-0.001800
-0.003451
-0.004064
-0.000354
0.013343
0.000255
-0.000929
0.007987
0.000482
-0.000797
-0.017720
-0.006643
0.014006
-0.002790
-0.002417
-0.006538
-0.007339
0.003508
-0.004842
-0.001901
-0.000250
-0.003988
-0.009003
-0.004835
-0.000265
-0.002148
-0.000965
-0.000406
-0.007159
0.015101
-0.007228
-0.002147
0.004143
-0.004241
-0.014564
0.002105
0.002647
0.006553
0.015064
0.001262
0.002843
0.000011
0.004306
-0.002423
0.002992
0.000826
0.001568
0.001744
0.005818
-0.009787
-0.004213
0.000319
-0.001395
0.000307
-0.000537
-0.001209
-0.006471
0.004573
0.000486
0.000879
-0.005745
0.003192
-0.001583
-0.008880
0.003185
-0.002590
-0.001538
0.001382
-0.008645
-0.003536
-0.001935
-0.000761
-0.001668
-0.007451
0.000160
-0.002716
-0.004064
-0.008721
0.015780
0.001605
-0.001306
0.001342
0.002075
-0.014194
0.001771
-0.008519
0.005582
0.000380
-0.002391
-0.009296
-0.002719
-0.001813
-0.000453
0.002394
-0.003352
-0.002430
0.008979
0.001805
0.007436
-0.000655
-0.000096
-0.003747
-0.004184
-0.005688
-0.005206
-0.004078
0.023285
-0.000885
-0.000447
-0.003395
0.007411
-0.009868
0.001119
-0.006223
0.016362
-0.001793
0.011734
-0.007606
0.005099
-0.013798
0.000550
-0.009573
-0.008672
-0.002373
0.007462
0.235395
0.001234
-0.002341
-0.003105
0.011343
-0.012690
0.002347
-0.000072
