-0.008421
0.026033
-0.158685
0.305811
0.489518
0.071658
-0.327844
-0.246389
-0.058577
0.358205
0.003259
-0.312026
-0.242870
-0.036654
0.055974
0.569621
0.235609
0.036434
0.172657
-0.128575
-0.119223
-0.098712
0.193925
0.422740
0.426336
0.084581
-0.099428
0.108748
0.243219
0.013217
0.340075
-0.059883
0.018913
0.172899
1.524467
0.014175
0.172882
-0.108847
-0.119451
0.460309
-0.014261
-0.078258
0.159005
0.179433
-0.710941
-0.373726
0.296309
0.099457
-0.669278
0.204493
0.478146
0.050921
-0.113158
0.360251
-0.638531
0.457571
-0.047109
0.211191
-0.817468
-0.481288
0.000000
-2.666795
0.329014
-0.799424
-0.118632
0.040419
-0.025880
-0.370363
-0.074008
0.302357
0.261892
0.185634
0.355793
0.000000
0.000000
0.250285
0.000000
0.325436
-0.158634
0.355589
0.000000
1.397904
-0.165060
0.634280
0.037956
0.508089
-0.488594
0.135649
-0.003444
0.234529
-0.038494
0.689852
-0.356812
-1.362872
0.000000
0.000000
0.000000
-1.154648
0.293038
0.160358
-0.219703
0.614005
-0.161950
0.387514
0.557000
0.342865
-0.133806
0.007021
-0.207745
-0.414320
-0.610088
0.099566
0.000000
0.000000
0.265208
0.213095
0.000000
0.000000
0.230368
0.000000
0.131784
0.000000
0.196509
0.000000
0.220386
0.174971
0.102968
0.190893
-0.181082
-0.114398
-0.337270
0.183408
0.779939
0.034704
0.096055
-0.345326
0.012725
-0.015258
0.185651
0.284957
0.166094
-0.005524
0.296407
-0.083451
0.271280
-0.035628
0.172413
0.555369
-0.002123
0.108402
-0.478127
-0.201591
0.001755
0.447302
0.484353
0.128787
0.282119
-1.080260
-0.600794
0.078689
0.195418
0.403388
1.947532
-0.369352
0.000000
0.000000
0.000000
0.000000
-0.262360
0.020382
0.069032
0.000000
0.000000
0.000000
0.000000
0.000000
0.000000
0.000000
-0.145535
-0.238601
-0.851751
0.153768
-0.066065
-0.075342
0.000000
-0.461798
-0.139302
-0.039964
-0.127447
0.000000
-0.299195
0.000000
-0.155573
0.112853
0.244616
0.000000
0.000279
0.123097
-0.339304
0.448096
0.479091
0.052455
0.211804
0.317655
0.098388
-0.102093
0.097438
0.022820
0.000000
0.000000
0.000000
1.963733
0.157647
-1.644242
0.268516
0.256196
-1.370637
0.000000
0.000000
0.000000
0.000000
0.000000
0.000000
0.000000
0.000000
0.017184
0.000000
0.580342
-0.300592
0.000705
0.008439
-0.000740
-0.648658
-0.211839
0.531690
0.000000
0.146012
0.195942
0.543142
-0.669042
0.036053
0.074872
1.948258
0.035294
0.146853
0.093015
-0.795882
0.060254
-0.316872
0.179818
0.021630
0.540928
0.457159
-0.152638
-0.706896
-0.449742
-0.231964
0.351210
-0.325803
0.106233
-0.058886
-0.576268
-0.591944
-0.586128
0.070364
0.000000
-0.364967
0.000000
0.000000
-0.176091
0.256013
0.427461
-1.508193
0.000000
-0.439754
0.518605
0.039432
-0.059148
0.439968
0.000000
0.000000
0.000000
0.273554
1.267365
0.114215
0.273946
-1.169194
-0.025761
-0.256842
0.491447
-0.016704
-0.359958
-0.324821
0.178761
0.137324
0.000000
-0.297815
-0.212144
-0.081933
0.365445
-0.191294
0.053306
-0.272530
-0.346142
0.067844
0.120452
-1.128002
0.100228
0.000000
0.609061
0.185275
0.126176
-0.119271
0.720778
0.522825
-0.628292
-0.650116
0.000000
-0.572551
0.000000
-0.319074
-0.255646
-0.015358
0.000000
0.290305
0.186011
0.204195
-0.473146
-0.102649
-0.148086
-0.311009
0.340376
-0.059186
0.044066
0.082915
0.333365
0.000000
-0.068002
0.000000
0.034657
0.132786
-1.360734
-0.365315
-0.142995
0.413999
1.230818
-1.776877
-0.470542
-0.110125
0.000000
-1.106463
-0.111668
1.320357
0.417440
0.270093
0.000000
0.143868
0.743735
0.084652
-1.867209
-0.604352
0.000000
0.000000
-0.091877
-0.357225
0.310194
0.230949
0.266182
-0.405424
-0.237633
0.251340
0.184814
0.153307
0.091807
-0.295812
-0.084238
-0.219759
-0.893430
-0.015777
-0.013601
0.072625
-0.129321
-0.132069
0.113116
0.467819
-0.991899
-0.178539
-0.384310
0.129148
0.000000
0.358665
-0.402428
0.516349
-0.244771
-0.279097
-0.555391
0.317140
0.000000
-0.332057
1.159438
0.399853
0.081891
-0.142180
-1.016939
0.000000
0.358659
0.089276
-0.033029
0.134875
0.157510
0.000000
0.140136
-1.313407
0.160345
-0.310448
0.290717
0.216546
0.018315
-0.105501
0.141939
0.044413
0.049849
-0.038932
0.000000
0.731804
0.000000
0.000000
0.271218
0.000000
0.468665
0.000000
0.000000
0.000000
-0.035736
-0.215746
0.000000
0.123049
0.699492
0.764564
0.039599
0.000000
0.187150
-0.118387
0.240937
-0.280444
2.707759
-0.282030
-0.030039
0.000000
0.130076
-1.262045
0.000000
-0.134142
-0.743239
0.202143
0.605916
0.107094
-0.271984
0.000000
-0.344467
0.141556
-0.234042
0.057539
0.000000
-0.365525
0.406553
0.016210
-0.201181
-0.052612
-0.389296
-0.005639
0.708421
-0.260209
0.060589
0.348348
-1.170773
-0.084284
0.005287
-0.416715
-0.235689
-1.017158
0.159572
0.607292
-0.162010
-0.063492
0.899033
-0.857597
0.018987
1.101605
0.000000
-0.522392
-0.657742
-0.353849
0.085524
0.000000
1.154839
1.591212
0.000000
0.003743
0.000000
0.325549
0.162448
0.062059
-0.519444
-0.167221
-0.767011
0.064931
-0.030397
0.000000
0.000000
-0.099861
-0.010544
0.000000
0.000000
-0.159857
-0.267563
0.218094
0.096062
-0.127899
0.003794
0.123927
0.117590
-0.902355
-0.680818
0.014558
-0.252793
-0.185039
-0.168132
0.071597
0.019381
0.229298
-0.149746
-0.217119
0.089226
0.000000
0.000000
-0.323174
-0.083198
-0.100870
0.006037
-0.466776
0.007167
-0.028634
0.620325
-0.210722
0.000000
1.224440
0.000000
-0.409004
0.000000
1.014484
-0.626919
-0.002461
1.035347
-0.032013
-0.245352
-0.051408
0.229842
-0.997724
-1.129101
-1.904017
0.000000
0.092588
0.300759
-0.251332
0.000000
-0.066916
-0.355272
0.466860
-0.613996
0.172223
-0.978291
-0.048825
0.092129
-0.226875
-1.529513
0.823855
-0.106634
0.131809
-0.026191
0.177881
0.012017
-0.072398
-0.254792
0.079241
-0.154495
0.247429
-0.058947
0.835685
0.000000
0.021000
0.145808
0.463233
0.000000
0.012273
-0.049542
-0.211867
-0.073252
-0.159800
-0.319767
-0.479379
0.318840
0.021680
0.000000
0.000000
0.163555
0.139487
0.004732
0.039386
-0.093487
0.057343
-0.176119
-0.245446
0.002902
0.513989
-0.011473
-0.141803
-0.182483
0.070320
-0.145337
0.016461
-0.174675
0.274992
-0.042047
0.577557
-0.134507
-0.313268
0.000000
-0.137578
1.685442
0.045149
0.056305
0.091530
0.175132
-0.309626
1.580145
-0.451652
0.717987
0.082616
0.220180
0.000000
0.000000
-0.410219
-0.515503
-1.143881
0.050415
0.354001
0.000000
0.000000
-3.506873
-0.320828
-0.077132
-0.931914
1.224293
-0.130271
0.000000
0.000000
-0.004145
-0.062395
0.800345
0.367903
0.299283
0.280737
-0.190567
0.316973
-0.021650
-0.344400
0.000000
0.000000
0.066623
-2.600297
-0.144910
0.217133
0.000000
-1.113384
-0.110432
-0.161986
0.096786
0.418235
0.310308
-0.222578
-0.355734
0.099347
1.192422
0.094209
0.190440
0.161613
0.117677
-0.106346
0.036173
0.019464
0.649894
0.011825
-0.198597
0.018602
0.145991
0.242360
-0.062722
0.281664
-0.330254
-0.396790
-0.693884
-0.015167
-0.081110
0.040387
-0.826999
0.596493
0.146608
0.109296
-0.045587
-0.227236
-0.052274
-0.367566
1.875811
0.666539
0.000000
0.130869
0.000000
-0.224820
-0.104079
0.184588
0.540654
0.110742
-0.005450
0.332685
-0.928427
-0.645527
-0.490719
0.092842
-0.362820
0.314270
0.277546
0.376787
-0.242856
0.213354
-0.389420
0.000000
-0.191832
0.471352
-0.403162
0.308218
-1.018333
0.041171
0.238652
0.652147
0.024276
0.102908
0.069089
0.433889
0.111752
-0.457495
0.268359
0.094061
0.000000
0.000000
0.727573
-0.793147
-0.791976
0.000000
0.000000
1.442955
-0.049120
0.017921
-0.228792
-0.304581
0.047664
-0.378171
0.000000
0.123206
0.000000
0.000000
-1.838569
-0.663494
0.000000
0.000000
0.928114
0.146322
-0.262686
0.000000
0.097209
-0.115415
0.019783
0.217792
-1.303886
0.333209
0.021049
0.458188
0.000000
0.000000
-0.331160
0.384059
0.238370
0.085233
-0.139069
0.182814
-0.114060
0.026868
-0.751054
-1.230756
-0.103577
-0.654018
0.285242
0.139251
0.436564
-0.416249
0.000000
-1.188534
-0.207668
0.745812
-0.470760
0.000000
-0.051915
0.057146
0.011432
0.501345
0.328910
0.231303
0.380840
-0.028487
-0.047605
0.080368
-0.082161
0.088449
-0.425678
-0.214485
-0.283313
0.273175
0.039687
0.000000
0.313204
0.000000
0.172744
0.106194
0.677878
0.938787
-0.405469
-0.697070
0.385097
0.000000
-0.499489
0.000000
0.675642
0.173316
-0.280049
-0.657257
0.736438
0.000000
-0.412926
-0.037921
-0.314922
0.388186
0.399085
0.243696
0.184294
-0.075155
-0.192912
-0.572995
0.009471
-1.423602
-0.029914
0.057494
-0.264204
0.067326
0.000000
-1.606083
0.585398
0.080372
0.198409
0.102909
-0.255795
-0.409566
-0.131347
0.000000
-0.277685
0.067210
-0.277102
-0.075684
0.000000
-1.012622
0.673079
-0.753944
0.077654
0.157136
0.023892
0.110029
-0.205978
-0.727748
-0.016415
-0.034706
-0.037544
0.119819
0.160677
-0.502763
-0.024059
-0.142608
0.000000
0.000000
0.123348
-0.185703
0.189868
0.381009
0.000000
0.000000
-0.155434
0.128029
0.000000
-0.222025
0.448751
-0.020551
-1.671827
-0.024014
0.913931
-0.149416
0.131086
-0.855537
0.000000
0.074906
0.024952
0.000000
0.033207
0.000000
0.359230
-0.135359
0.051638
-0.411113
0.909097
0.000000
-0.562418
0.000000
1.443457
-0.238275
0.000000
0.457381
-0.143569
0.000000
-0.322898
0.430763
-0.046445
0.498996
-0.243109
-0.088764
0.427755
0.447636
0.000000
0.122584
0.092185
1.116262
0.201366
0.126592
-0.547514
0.210197
-0.370811
0.289463
-0.248183
0.036195
0.000000
-0.395571
-0.461278
0.000000
0.000000
-0.067082
-0.597494
1.793175
0.000000
0.266498
0.102711
-0.015944
0.082965
-0.117283
-1.051833
0.007293
0.059957
0.000000
-0.561412
0.109474
-0.253891
-0.056339
-0.017095
-0.327807
0.061292
-0.057899
0.284483
0.000000
0.000000
-1.233811
0.016778
0.575561
0.000000
-0.458650
0.235519
-0.164214
0.029461
-0.198254
-0.572181
-0.381346
-1.330733
0.044928
-0.064982
-0.043720
-0.203091
0.359993
-0.215746
0.495107
0.332727
0.429104
0.003118
-1.560697
0.000000
0.086690
-0.136662
-0.236758
-0.924444
0.119748
0.000000
0.285753
0.000000
-0.168267
-0.647063
0.436098
0.000000
-0.423662
-0.054153
-0.080307
0.248023
-0.185533
0.957021
0.409279
0.142539
0.123284
0.000000
0.000000
0.108744
-0.107436
0.617035
0.812470
0.361342
-0.051839
0.000000
0.090986
0.000000
0.007534
-0.072849
0.031062
-0.233792
0.335442
-0.302857
0.000000
0.000000
0.139167
1.288135
0.431304
-0.240837
0.226569
-0.506296
0.013587
0.329864
0.807067
0.116289
0.493832
-0.386201
-0.275245
0.135530
0.000000
-0.395140
-1.423719
0.031778
0.109828
-0.065856
0.000000
-0.331687
0.110965
-0.068326
0.492913
-0.795688
-0.741686
-0.132807
0.292395
-1.631655
0.799285
-0.139833
0.011063
-0.410575
-0.182316
0.135237
-2.733073
0.000000
0.000000
0.114716
0.000000
0.280505
-0.447764
-0.586772
0.044242
-0.437327
0.350106
-1.355009
-0.014977
0.000000
-0.290377
-0.432620
0.144580
-0.632358
-0.525672
-0.106495
0.044475
-0.049405
-0.654566
-0.147226
0.000000
0.154037
0.032567
-0.006247
0.000000
-0.289952
-0.234186
0.000000
0.204337
0.294692
0.118095
-3.288412
-0.001551
0.255147
0.558944
0.000000
0.904430
0.200058
-0.203725
0.000000
-0.247760
0.000000
-0.137955
-0.470530
1.058902
0.347562
-0.894434
-0.171758
0.244409
0.180034
0.000000
-0.385681
-0.152337
-0.430691
0.000000
-0.222575
-0.525104
0.000000
-0.168208
0.138051
0.040263
0.000000
0.000000
-0.602843
-0.327807
-0.348845
0.081944
-0.165841
0.078253
0.047969
0.148276
0.068932
0.000000
-0.091536
0.336002
-0.152946
-0.789568
0.060700
0.217383
0.000000
-0.321796
-0.207576
0.439503
0.748266
0.943893
0.119096
-0.069542
0.026862
0.000000
0.004529
0.512720
-0.288154
0.190782
0.013234
-0.596638
0.085903
-1.051833
0.000000
-0.219669
0.000000
0.296628
0.448723
-1.767427
-0.370775
-0.083440
0.481312
0.218890
0.000000
-0.058549
0.000000
0.325850
-0.355379
0.194230
0.162008
0.051067
-0.950938
0.129903
0.000000
0.179754
-0.213480
-0.006477
0.327455
0.003179
-0.154326
0.047670
0.374928
-0.074587
0.195379
0.028774
0.093430
0.399415
-0.570229
-0.764055
-0.225985
0.970220
0.080690
-0.848912
-0.045224
0.000000
0.522020
0.000000
-0.503333
-0.046054
0.000000
-0.044369
-0.894536
-0.244192
0.026248
-0.121316
-0.877297
-0.014500
-0.532049
-0.191278
0.237147
0.000000
0.000000
0.003660
-0.168134
0.000000
-1.319890
0.468473
0.000000
-0.386601
0.322920
1.430557
0.000000
-0.381131
0.248465
-0.081351
0.289436
0.000000
1.038246
0.000000
0.000000
0.437911
0.444317
-0.069373
0.430254
-0.227163
0.146335
-0.336834
0.577200
0.012320
0.003487
-1.000952
-0.215587
0.613019
0.281122
-0.022671
0.131086
-0.227480
-0.586125
-0.137167
0.321467
0.000000
-0.263383
0.000000
-0.769068
0.000000
0.648965
-0.416999
-0.054479
0.266917
-0.150512
-0.441176
0.000000
0.000000
0.000000
0.115529
-0.145552
-1.257972
-0.475972
0.548502
-0.197375
0.000000
0.000000
0.000000
-0.840253
-0.217282
0.000000
-0.033116
0.153787
-0.610133
-0.641910
0.505464
0.004933
0.000000
0.254069
-0.402167
-0.252743
0.000000
-0.300703
0.009250
-0.326350
0.065469
-0.114917
0.058525
-0.004216
-0.199885
-0.314237
0.000000
0.000000
-0.142705
-0.045909
-0.133056
0.091002
-0.564447
0.535447
0.323788
0.000000
0.000000
0.000000
0.704849
0.584860
-0.398493
0.474369
-0.562168
-0.534813
-0.856258
0.125618
-0.348103
0.245687
-0.027066
0.401776
-0.153868
-0.063902
-0.062755
0.480837
0.000000
-0.039917
-0.022005
0.390766
-0.051839
0.242435
1.183310
0.556738
-0.075203
-0.169442
0.760036
0.000000
-0.795367
0.838937
0.000000
-0.183810
-0.188898
0.068166
-0.019559
-0.037343
-0.420575
-0.439967
-0.014205
-0.184989
0.403380
0.860395
-0.041540
-0.674975
-0.703970
-0.342430
0.000000
0.075539
0.113404
-0.222026
0.344199
0.126617
0.596716
0.628275
-0.110987
0.279588
-0.340907
0.224238
-0.598505
0.000000
0.000000
0.113537
0.728543
0.129037
0.418867
-0.009294
0.160909
0.063188
-0.402023
0.088763
0.256255
0.022761
0.024669
-0.381260
0.148364
-0.085024
0.468074
0.532122
0.000000
-0.731115
-1.412948
0.119038
-0.987300
-0.124001
-0.530190
0.000000
0.615169
-0.759180
0.746358
-1.439618
0.000000
0.000000
-0.187319
0.183201
0.000000
-0.159970
0.385686
0.161272
-0.032425
0.022566
0.203267
0.525420
-0.251899
-0.706351
0.524031
0.575045
0.130035
0.117349
-0.265311
-0.130505
-0.211830
-0.480418
-0.867701
1.118341
-0.120928
-0.194967
0.429062
-0.721585
0.141687
0.148130
0.000000
-0.086142
-0.307945
0.045337
0.457548
0.146420
0.310482
-0.266207
0.151486
-0.018278
0.010041
0.000000
-0.146964
-0.066729
0.136045
-0.088949
0.279401
0.000000
-0.618684
-0.171766
0.150768
-0.052104
-0.462377
0.195706
-0.284347
-0.338546
0.013304
0.000000
0.066030
3.213405
0.911569
-0.056322
-0.555743
0.162071
-0.009021
0.563302
2.613708
0.101916
0.021796
-1.236732
0.018265
0.429267
-0.988152
-0.265359
-0.272948
-0.416672
0.319060
0.622203
-0.662590
0.028029
0.484928
0.000000
-1.804450
0.248513
0.830354
-0.613379
-0.011420
0.184392
-0.341549
0.000000
0.000000
2.525811
0.393315
0.330427
0.557541
0.095872
-0.011045
0.015854
0.298545
-0.292759
-0.141746
-0.094388
-0.185470
0.840224
0.645673
0.273745
-0.722125
-0.198354
0.000000
-0.036630
0.428698
0.829330
-0.088090
0.000000
-0.101926
0.112860
-0.064826
-0.319265
-0.345330
-0.774709
-0.065885
0.000000
-0.181996
0.000000
0.000000
-0.105781
0.000000
-0.128263
0.334365
-0.053472
-1.491568
-0.215277
-0.093549
-0.062890
-0.073757
-0.134724
0.048238
0.046988
0.181339
0.743153
0.359051
-0.081225
0.145482
0.004101
0.182882
0.286785
0.136468
0.058543
-0.216814
-0.094746
0.600674
-0.570348
0.131147
-0.705092
0.130255
0.080760
-0.179556
0.040302
0.000000
0.349347
0.101133
-0.251424
-0.055175
-0.189062
-0.141022
-0.104445
0.197549
-0.045551
0.210405
-0.153060
-2.562103
0.134619
0.878125
-0.292618
0.301258
0.486889
-0.237657
0.107169
0.183958
-0.035159
0.109859
-0.558732
0.093009
0.040878
-0.050366
-0.460211
0.283647
-0.182107
-0.043419
-0.808437
0.000000
0.125943
0.442239
-0.021772
-0.204728
0.078593
0.150112
-0.034591
0.060083
0.340846
0.589102
0.000000
0.410731
-0.146779
-0.011396
1.227691
0.317781
0.188165
0.159744
0.564105
-0.529567
0.061949
-0.303668
0.273896
-1.802895
-0.883776
0.942992
-0.224354
0.033815
0.520997
-0.251185
-0.021254
-0.043421
0.000000
-0.171933
0.068160
0.186511
0.060530
-0.345117
-0.262949
-0.239584
0.000000
-0.631936
-0.208168
0.036806
-0.154728
-0.044775
0.545495
0.000000
0.702342
-0.043596
0.094064
0.121996
-0.558360
-0.167123
0.000000
-0.344747
-0.026663
-0.160022
0.895689
-0.365687
1.195637
-0.492387
-0.513721
-0.033912
2.188216
0.038034
-0.404402
-0.476209
-0.260116
0.000000
-0.592145
-0.338887
0.000000
0.177952
1.192120
-0.053935
-0.803044
-0.269570
-2.549985
0.074180
-0.477968
-0.126198
-1.121465
-0.304451
-0.295748
1.574181
0.811024
0.772046
0.194407
0.684407
-0.191362
0.563096
0.209808
-0.395221
0.302446
1.030178
-0.077976
-0.085957
0.109964
0.093302
0.301048
-0.341717
-1.030512
-0.007888
-0.270778
0.140327
-0.250064
0.869287
-0.083683
-0.306944
-0.331643
-0.631138
0.319876
0.063814
0.057349
-0.029780
0.190607
0.074618
-0.237233
0.047597
0.560264
0.171148
-0.079342
-0.387102
-0.247546
1.519561
-0.024355
0.000000
-0.014448
-0.238766
0.376005
0.632604
-0.020983
0.000000
0.170910
0.421146
0.000000
1.478929
0.364854
0.063820
0.000000
0.349430
0.169888
0.617123
0.045422
0.313843
-0.301155
-0.194340
-0.295320
-0.389011
0.120996
0.649019
0.314104
0.000000
0.086876
0.116420
0.388237
-0.250622
0.523476
0.106344
0.071243
-0.226021
-0.441004
0.393224
0.086076
0.166865
0.105386
-0.243446
-0.044759
0.285554
0.062144
-1.642273
0.212965
-0.283256
-0.866100
0.000000
0.015724
0.405571
-0.304273
0.341625
0.308812
0.283638
-0.806648
0.000000
-1.134532
0.244031
-0.022447
0.142129
0.283992
0.334308
-0.120090
0.211955
0.048602
0.407443
0.699034
-0.387802
-0.181175
0.000000
-0.590544
0.093194
-0.159904
-0.095688
-0.602715
-0.183463
-0.365493
0.532346
0.521623
0.000000
-0.250125
0.000000
-1.064979
-0.037780
-1.078935
-0.367450
0.521697
-0.025537
0.088143
-0.414964
0.000000
0.334359
0.164390
0.000000
-0.196224
0.547613
-0.263043
0.344041
-0.111904
0.230778
0.787990
0.213156
-0.081580
0.000000
-3.189150
-1.350559
0.174485
0.219978
-0.038241
0.045533
0.000000
0.073814
-0.095422
0.525515
0.000000
-2.007068
0.159439
0.735682
-0.095706
-0.053578
-0.167590
1.144099
0.175256
0.042381
0.594547
0.028777
-0.963946
0.265424
-0.149752
0.000000
0.000000
0.000000
0.000000
0.000000
0.275537
0.000000
-0.052783
0.203670
0.437547
0.026889
0.139789
-0.605829
0.041469
0.105846
0.017835
-0.210955
0.000000
-0.757136
-0.980417
0.261030
0.260247
0.000000
0.183254
0.097324
0.002746
-0.233794
0.628580
0.000000
-0.053564
-0.197884
0.469283
-0.184132
-0.610598
0.000000
-0.051462
0.000000
-0.067063
0.023215
0.069065
-0.010705
0.453265
0.107024
-0.237216
0.102758
-0.095534
0.000000
-0.261334
-0.534372
-0.148427
0.491187
0.565570
-0.315523
0.779528
-1.742199
0.000000
-0.667126
-1.379895
0.136692
-0.266116
-0.055168
-0.009181
-1.441010
-0.042724
0.000000
0.000000
-0.596311
0.000000
0.598234
0.000000
0.129412
0.380667
-0.232376
0.272663
-0.090628
0.613197
-0.404153
-0.027899
-0.123287
-0.126413
-0.267135
0.000000
0.000000
-0.218398
-0.035936
1.836917
-0.019241
1.430200
-0.929956
-0.174950
-0.201080
-0.081559
-0.278850
-0.805858
0.945409
-0.477840
-0.219730
0.245580
-0.159155
0.305819
0.000000
0.760036
0.000000
-1.228102
0.634925
-1.459180
-0.779222
0.000000
-0.074924
0.509022
0.000000
0.503740
-0.713140
-0.055174
0.004619
0.000000
0.000000
0.308216
-0.303080
0.000000
-0.024684
-0.167485
-0.018781
0.000000
0.809763
-0.183901
-0.168880
0.000000
-1.551973
-0.399365
-0.203175
-0.186619
-0.639835
0.607335
-0.286671
-0.126780
-0.241676
0.001432
0.000000
-0.066387
-0.379316
0.000000
-0.549946
0.342654
0.275229
0.144591
0.132978
-0.014848
0.000000
-0.098326
-0.065279
0.464578
-0.053505
-0.746421
0.000000
-0.178643
-0.369346
-1.348545
0.041525
-0.468117
-1.158849
0.000000
-0.423181
-0.613159
0.327197
0.587913
0.000000
-0.033830
-0.480873
-0.123384
0.007356
0.000000
-0.037536
0.216496
0.000000
0.114055
-0.079385
0.369291
-0.207817
-0.942918
0.200324
0.334001
-0.242300
-0.045434
0.264097
-0.035587
-0.376241
0.457876
0.453276
-0.044768
0.100892
-0.138301
-0.190612
0.150105
-0.766945
0.496131
-0.038381
0.169666
-0.131096
0.269223
-0.918296
0.109156
0.492014
0.000000
1.884927
-0.486706
0.110372
0.580119
0.523974
-0.376700
-0.101466
-1.934038
0.176292
0.782533
0.173380
-0.315215
0.000000
0.329462
0.000000
-0.892800
-0.188054
0.297777
0.124976
-0.173981
0.000000
0.000000
0.557823
0.000000
0.000000
0.254535
0.129184
-0.107383
0.000875
0.272627
0.000000
0.386721
-0.216448
-0.102480
-0.129191
-0.295227
0.138750
0.117740
-0.375098
0.000000
-0.468770
-0.515244
0.280241
-0.061552
-0.089249
0.000000
0.114088
0.858988
0.237518
0.367608
-0.937401
-0.237216
0.537965
0.038564
-0.219858
0.088167
0.000000
-0.162608
-0.249051
0.349303
2.471588
-0.460005
0.044807
0.176487
0.000000
0.015732
0.067432
0.348994
0.285410
0.121739
-0.011106
-0.123424
0.046887
0.000000
0.052303
0.000000
-0.179101
-0.320559
0.069124
0.000000
-0.301868
0.245156
-0.271814
0.000000
-0.527206
-0.960721
0.036184
0.219000
0.862019
-1.213014
-1.156601
-0.312677
0.010188
-0.008821
0.000000
-0.538732
0.043399
-0.494942
-0.067828
-0.085638
-0.075804
0.092517
0.183102
-0.184302
-0.213779
0.254562
0.256345
-0.041734
0.000000
-0.335995
-0.022671
0.022923
0.000000
-0.194250
0.275044
0.000000
0.638422
-0.322382
0.169970
0.000000
-0.200299
0.000000
0.000000
-0.135561
-0.117117
0.522896
-1.684054
-0.004441
0.902048
0.000000
-0.027399
0.220738
-1.924642
-1.410936
1.659104
0.000000
0.001295
-0.122252
0.000000
-0.216291
-0.090176
0.760036
-0.251970
-0.144475
-0.265001
-0.136503
0.040125
-0.022706
0.151020
-0.061440
0.241412
0.086197
0.000000
-0.049242
-0.060083
-0.205603
0.406994
-0.653262
0.577716
0.000000
-0.193390
-0.351131
0.096180
-0.246216
-0.399611
-0.268689
-0.032515
0.033658
-0.259572
0.633546
-0.352133
-1.894743
-0.046265
0.263531
0.255334
0.454338
-0.170810
-0.502522
0.237138
0.029079
-0.133768
0.075543
0.674046
-0.486706
-0.611667
0.099682
-0.074982
-0.753106
0.000000
-0.235234
0.043126
-0.482847
0.565158
0.027329
0.037790
0.000000
0.001112
0.000000
0.000000
-0.175762
-0.153370
-0.377506
-0.100855
0.002973
-0.050765
0.092649
0.191887
-0.046263
0.958734
0.770230
0.075122
-0.241207
0.000000
0.000000
0.096721
0.000000
0.157729
0.000000
-0.225373
0.174225
0.000000
0.077774
-1.433574
0.000000
-0.052499
0.000000
0.400643
-0.134719
-0.653163
0.750454
0.000000
-0.235004
-0.916291
0.021910
-0.432220
-0.148976
0.283308
0.069701
-0.445393
0.000000
-0.252817
0.265140
-0.297489
0.192371
0.453781
0.058858
-0.237280
0.295344
-0.008100
-1.802895
-1.464906
0.239484
-0.142059
0.252036
-0.037600
0.040014
0.067779
0.333821
-0.092027
0.214913
0.810644
-0.043825
-0.014919
-0.423598
-0.293271
0.070353
-0.846313
0.699809
0.156677
-0.427574
0.749154
0.000000
-0.300605
-0.400650
-0.477570
-0.177952
0.459110
0.000000
-0.392308
0.045767
0.000000
0.459111
-0.274431
0.344097
0.777525
0.181558
-0.068390
0.569680
0.155397
0.095379
-1.108734
-1.602830
-0.732459
1.321072
0.000000
0.126686
-0.619371
-0.073577
-0.277124
0.000000
0.302041
-0.452322
0.145581
-0.624861
0.510431
0.073003
0.000000
0.339361
-0.418233
0.365526
0.066950
-0.166472
0.497987
-0.088894
0.204889
-0.842852
0.043374
1.087948
0.073176
-0.096327
-0.212692
0.000000
-0.158447
0.210897
0.000000
0.000000
-0.510392
0.000000
0.764872
0.317189
0.044378
0.454009
0.000000
0.020390
-0.217814
-0.196808
-0.829495
0.881118
-0.560994
0.000000
0.209683
-0.061935
0.000000
0.000000
0.307341
-0.309538
-0.175290
-0.848398
-0.144571
0.362155
-0.336713
-0.140981
0.000000
-1.135313
0.125525
0.373027
0.276893
-0.071358
-0.262396
0.000000
0.861306
-0.131886
0.000000
0.109716
0.000000
0.114203
0.025403
-0.041020
0.354089
0.139321
-0.641796
-0.017986
-0.120134
-0.025776
0.546315
-0.487995
1.692730
-0.054386
-0.858984
0.048124
0.382879
1.084991
-0.133168
0.366807
-0.066157
0.000000
-0.079568
-0.273442
0.557695
0.002743
-0.447667
0.017861
0.000000
0.000000
0.134767
0.684136
-0.021961
-0.060649
0.092965
0.062374
0.000000
-0.285732
0.407784
0.017653
0.000000
-0.200021
0.565338
-0.136644
-0.296369
0.000000
-0.039524
0.047929
-0.371426
-0.035736
-1.430242
-0.023164
-0.171640
-0.513359
1.117083
0.039401
0.010690
-0.049656
0.061632
0.779343
1.140214
0.037017
-0.099185
0.867826
0.530485
0.196406
0.147654
0.004325
0.071670
-0.125871
0.113657
-0.987774
-0.010617
0.000000
0.000000
0.278494
-0.099544
0.287914
0.110733
0.254562
-0.152206
-0.282526
-0.042185
0.410801
-0.150240
0.334696
0.005041
0.012521
0.181061
-0.658686
-0.116102
0.318576
0.061107
0.000000
-0.900558
0.030538
0.257889
-0.397809
0.000000
0.632063
0.018360
-0.528652
0.161947
0.000000
-0.054830
0.000000
-0.461484
0.810882
0.031503
0.079102
-0.240514
-0.318853
0.259138
0.478720
0.187683
0.225546
0.000000
-0.068272
-0.247474
-0.003535
-0.427491
0.090080
0.011446
-0.323645
0.000000
0.703806
-0.473842
0.108936
0.345781
-0.132217
-0.070372
0.042561
-0.221267
0.000000
-0.805928
0.382349
-0.513499
-0.031790
-0.595339
-0.087691
0.134874
0.000000
0.271157
0.896879
0.011066
0.000000
-0.006693
-0.111717
0.000000
0.491087
0.149814
0.022466
0.265921
-0.281464
0.348838
0.252460
0.227033
0.538524
-0.060877
0.050840
0.080157
-0.463192
-0.176578
0.017793
1.085416
0.000000
-0.092419
0.253640
0.073854
0.017589
-0.109689
-0.995557
-0.033848
0.295303
-0.829928
0.053497
0.000000
0.064148
-0.152442
0.688670
-0.014479
-0.039409
0.050312
0.327763
-0.092211
-0.122905
0.014064
-0.026703
0.000000
0.447636
0.000000
-0.525013
0.209882
-0.803872
-0.387929
-0.148759
-0.066168
0.250570
-1.516872
0.000000
0.000000
-0.142509
-0.028888
-0.173044
-0.045685
-0.763917
0.115746
-0.420391
1.417056
-0.169710
0.000000
0.144643
0.149546
-0.111860
-0.003647
-0.789360
0.000000
0.489027
0.190800
-0.011605
-0.071385
-0.467334
-0.954980
-0.260416
0.063191
0.071178
0.169114
0.210499
-0.067063
-0.283938
0.064975
0.167749
-0.011687
-0.171708
0.168769
-0.011511
-2.521246
0.053626
0.206215
-0.676769
-0.483848
0.031778
0.000000
0.290932
-0.009718
-0.365555
-0.221281
-0.103796
0.400707
0.875241
-0.042300
-0.090320
0.052353
-1.742676
-0.304569
-0.416125
0.503001
0.693111
-0.586769
0.102590
-0.147778
0.565181
0.623446
0.286722
-0.160907
-0.053511
-0.110538
-0.070580
-0.305268
0.000000
0.265266
-0.103415
-0.425879
-0.132583
0.024611
-0.101049
-0.297196
0.600451
-2.214094
-0.045535
0.000000
0.053599
-0.108598
-0.420917
-1.372314
-0.124527
0.144793
0.114638
-0.077628
0.000000
-0.322483
0.000000
0.000000
0.000000
-1.556004
0.088158
0.000000
-0.234072
-0.007228
-0.169573
-0.910604
0.000000
-0.481898
0.162974
-0.047549
-0.152909
0.617296
0.026262
0.191436
-0.113390
0.003651
-0.179247
-0.417561
0.000000
0.916016
-0.057333
0.689013
0.000000
-1.018152
0.111414
0.000000
0.000000
-0.474503
-0.540332
-0.386645
-1.238565
0.550290
0.216138
0.265632
-0.055747
0.141880
-1.198643
-0.329327
-0.290769
-0.198023
-0.810179
0.119751
-0.319520
0.740632
0.060801
-0.311281
0.119399
-0.213701
-0.308432
-1.408730
0.159457
0.081730
0.057267
0.249551
-0.776097
0.015513
-0.057583
0.335994
0.906613
-0.007803
0.455227
0.071020
0.162867
0.244882
0.305042
0.212932
-0.044874
0.067749
0.375560
0.174387
0.245443
0.086781
0.114898
0.000000
0.005560
-0.091348
0.131841
0.109751
0.096294
-0.119032
0.374521
0.155709
-0.499557
0.356075
0.074808
-0.336340
0.034505
0.154444
-0.860871
-0.100914
-0.619781
0.000000
-0.224810
0.050401
-0.403129
0.100488
0.000000
0.801069
0.167412
1.074956
-0.482201
0.748834
-0.378448
-0.630342
-0.251543
-0.166949
0.122816
-0.023734
0.000000
0.079998
-0.031964
0.168120
0.552345
0.107400
-1.327368
0.084443
-0.050920
0.474556
0.313568
-0.143245
0.000000
0.298666
0.730945
-0.855088
1.112507
0.039239
0.000000
-0.068094
0.497943
-0.373867
-0.025466
-0.399508
-0.009501
0.130057
0.000000
0.151592
-0.116767
-0.218826
-0.152803
-0.254204
-0.062206
-0.334687
0.199638
0.000000
-0.003150
0.000000
0.124620
-0.303041
0.005323
-0.197126
0.218918
0.057365
0.381686
-0.079788
-0.316326
0.586035
-0.002162
-0.171417
-0.026330
0.105972
-0.752626
0.725111
0.649193
0.000000
0.021467
0.000000
0.448751
-0.061638
-0.764382
0.000000
0.088135
-0.546994
0.000000
-0.239535
-0.247483
-0.048633
0.269747
-0.192761
-0.119177
-0.152929
0.128380
0.295227
-0.591422
-0.330625
0.017877
0.000000
-0.110800
-0.077402
0.000000
0.348742
-0.083102
-0.345642
0.000000
0.162577
-0.235919
0.533885
-0.645018
0.446002
0.595042
0.000000
0.348742
0.536975
0.000000
-2.014310
1.651466
-0.471115
-0.094308
-0.251929
0.333582
1.621318
1.366639
-0.381011
0.038245
0.207908
0.011872
0.076704
-0.100198
0.512034
0.090552
-0.533862
0.000000
-0.230117
0.082197
0.750688
0.000000
-0.107838
-0.007694
0.000000
-0.206830
0.398071
-0.104513
-0.437360
0.120761
-0.119577
0.251425
-0.191845
-1.137487
-0.145715
0.349983
0.130335
-0.215933
-0.156801
1.352867
0.150816
-0.311772
-0.642345
-0.680410
-1.007603
1.321072
2.020833
-0.240828
-0.097088
-1.777546
0.458188
0.377621
0.048503
0.434492
0.000000
0.000000
-0.261990
-0.352907
0.186860
0.471171
-0.203542
0.441531
0.426497
-0.182755
-0.059034
0.000000
0.091337
0.069301
-0.079694
0.424539
0.215815
-0.043157
-0.128484
-1.573254
-0.882738
-0.931104
-0.090959
0.000000
0.000000
-0.236745
-2.814609
-0.493969
-0.650794
-0.328683
0.000000
-0.329298
-0.089188
0.433951
0.000000
-0.078269
0.000000
0.000000
0.000000
-0.169710
0.188069
-0.308812
0.075641
0.598109
-0.110617
-0.041980
-1.069948
-0.283803
-0.437834
-0.177761
0.110281
-0.624037
0.000000
0.074533
0.360678
0.258399
-0.378154
0.594082
0.026690
-0.010865
0.000000
0.000000
-0.436426
-0.267655
-0.590638
0.030746
0.192487
-0.457901
1.182451
-0.125338
-0.249878
0.000000
0.000000
-0.273703
-0.848464
0.157455
-0.540756
-1.671827
-0.107189
-0.106398
0.242912
0.026000
0.000000
0.000000
-0.652346
-1.684326
-0.117925
-0.609637
0.180534
0.174038
-0.147312
-0.203813
0.006313
-0.119727
0.124685
0.448556
-0.681895
0.000000
0.494824
-0.122869
-0.021334
-0.076870
-0.566524
0.677997
-0.106625
-0.304300
-0.408011
0.595146
0.594869
0.457850
-0.327312
-0.038246
-0.139949
0.000000
-0.286337
-0.206118
-0.283710
0.000000
-0.510258
-0.575186
0.252733
0.000000
0.482737
0.000000
0.168934
0.633189
1.259095
0.247760
0.445982
0.000000
-0.463730
0.148934
0.966370
-0.043983
0.146645
1.180856
0.326918
0.276910
0.080305
-0.492720
1.166430
0.448673
-1.169129
0.052659
0.514044
-0.097842
0.549420
0.075437
0.000000
0.044372
-0.152380
-0.366012
-0.148732
0.144833
-0.000839
-0.560505
0.589443
-0.634966
0.209544
-0.099745
-0.450685
-0.266802
-0.139015
0.397313
0.000000
-0.424249
-0.015480
-0.584997
0.000000
0.801212
-0.177869
-0.172674
-0.652781
0.987009
-0.291794
-0.165085
-0.928530
0.083367
-0.065836
-0.583971
0.000000
-2.128548
0.140452
1.010740
-0.267091
-0.251093
-0.256051
-0.134180
0.620252
0.160159
0.832793
-0.075657
0.449739
0.361713
0.328958
-0.289640
0.299374
-0.444400
-0.143700
-1.600327
-0.002120
-0.406122
0.100443
-0.250098
0.000000
-0.207421
0.000000
-0.744712
-0.065603
0.145280
0.000000
-0.905357
-0.007446
0.084119
-0.184820
0.032867
0.159322
-0.905650
0.038604
0.220710
0.000000
-0.313701
0.566988
0.488631
-0.239800
-1.698940
0.190697
-0.152405
-0.076029
0.208294
0.014274
0.319757
-0.182944
0.061539
0.000000
-0.001775
-0.557178
-0.765731
-0.144852
-0.091291
-0.318272
-0.170703
-0.101649
-0.861500
0.306186
0.000000
0.134104
0.194600
-0.034185
-0.593243
0.072026
0.058467
0.000000
0.000000
0.219802
0.083035
-0.174232
-0.039562
0.530485
-0.152461
-0.440196
0.308210
-0.511223
0.206247
-0.756130
0.025851
0.231416
-0.037913
0.048297
0.064322
0.282226
-0.195041
0.183417
0.195399
0.415199
0.000000
0.131200
0.270103
0.644473
0.150984
0.642205
-0.118252
-0.271966
-0.046376
-0.163607
-0.102925
-0.264524
0.272742
0.550008
0.156048
-1.174788
-0.193667
-0.417763
0.267271
-0.454684
0.011425
0.000000
-0.186323
0.006687
0.168043
-0.252676
0.066399
-1.009959
0.327173
0.049803
0.168633
-0.033337
0.844345
0.551422
0.312372
-0.235890
0.128240
-0.002981
-0.898991
-0.324868
0.509950
-0.106816
0.051540
0.400150
0.000000
0.336820
1.428754
-0.250353
-0.237891
0.416952
-0.183503
-0.245298
0.000397
0.000000
0.541548
0.198981
0.000000
0.528042
0.131087
-1.365389
1.193958
-0.127757
-0.946658
-0.517661
0.000000
0.037706
0.249443
0.095751
-0.012640
0.268495
0.023675
0.126053
-0.702650
-1.045489
0.160213
0.188170
-1.322799
0.013095
0.000000
-0.126329
-0.493611
0.102536
0.794869
0.131529
0.799071
0.200863
0.030206
0.094452
0.152331
-1.495649
0.000000
0.992874
0.258467
0.371708
-0.269653
-0.158540
0.000000
-0.190293
0.194171
0.000000
0.000000
0.925999
-0.252737
-0.319394
0.372769
-0.102784
0.000000
0.385603
0.209230
0.530833
0.572879
-0.067661
0.000000
-0.139178
-0.940319
-0.195349
-0.006885
0.001609
0.463405
0.608265
-0.391831
-2.544631
-0.903108
0.000000
0.000000
0.000000
-0.268504
-0.163289
-0.540804
-0.163100
-0.573409
0.010911
0.383869
1.012278
-0.046448
0.560126
0.000000
-0.683462
-0.230958
-0.355402
0.128786
-0.214610
-0.934667
0.000000
-0.714459
0.012666
0.000000
0.000000
0.058889
0.218650
-0.039121
-0.169341
0.600815
-0.521832
0.184454
-0.315347
0.026576
-0.296560
-0.286885
-0.421910
0.678574
-0.190969
-0.220369
-0.087274
-0.477270
0.162204
0.352128
-0.070144
0.000000
0.018500
0.005888
0.000000
0.000000
0.000000
-1.614472
0.191770
0.156533
-0.518173
-0.116578
0.608427
0.233104
-1.038405
1.004455
0.469680
0.000000
-0.182393
0.900334
-0.368239
0.345203
0.031795
0.000000
-0.912684
-0.520174
0.075907
-0.117003
0.439325
0.254856
0.239222
-0.356988
0.073689
0.889568
0.350488
0.071967
-0.012320
0.657269
0.212816
1.143580
1.126002
-0.331386
0.096316
-0.146340
0.749328
-0.117334
-0.320798
0.187789
-0.978708
-0.433753
0.170802
0.376787
0.349531
0.282754
0.177021
0.000000
0.198527
-0.403681
-0.482426
0.037762
-0.218855
0.643310
0.574786
0.193317
0.000000
-0.156548
0.000000
-0.084870
0.100698
-0.514992
0.000000
-0.153021
0.362567
-0.425769
0.839568
-0.332151
-0.044688
-0.105768
1.417056
-0.033200
0.000000
-0.122693
1.069153
0.000000
0.028454
-1.748462
-1.243034
-0.657571
-0.103901
-0.001066
0.063370
0.103719
0.127581
-0.320510
0.206308
-0.145284
-0.142563
0.350040
-0.384768
0.000000
0.047709
-0.015680
-0.997070
-0.051169
-0.317817
-0.553314
0.624916
-0.122709
0.000000
-0.454023
-0.442197
-0.080185
0.170296
0.447444
0.000000
1.184834
0.383899
0.000950
-0.085018
-0.068690
0.000000
0.153886
0.000000
0.000000
0.285869
-0.140394
-0.060053
0.723379
-0.194622
-0.001532
0.000000
0.659003
-0.810179
0.807838
-1.170586
0.000000
0.000000
0.167991
0.076800
0.145190
0.200123
0.247440
0.020792
-1.148534
0.190419
-0.104297
0.000000
0.055943
-0.062546
1.653234
-0.804765
-0.303257
0.056335
-0.419693
-0.452288
-0.172228
-0.610489
0.000000
0.650960
0.126725
-0.126071
0.000000
-0.136502
0.055565
0.032542
0.000000
0.092494
0.027049
0.190842
-0.130628
-1.230806
-0.135994
-0.158520
-1.021050
-0.108165
-0.204557
0.532242
0.089799
0.036781
0.151463
0.063222
0.054539
-1.706727
-0.401037
0.000000
0.249638
-0.604911
0.000000
-0.924293
0.000000
0.000000
0.123574
0.057243
-0.603192
-0.188173
1.244322
0.743107
0.147645
0.382312
-0.133672
0.268107
0.088322
0.122386
0.000000
0.401277
0.025942
0.206667
0.000000
0.000000
0.021550
-0.603192
-0.480745
-0.347787
0.000000
-0.119160
-0.569133
-0.302071
-0.016734
0.388788
0.088606
0.340636
-0.610796
1.611939
-0.101639
0.000000
0.369999
0.057752
0.060116
-0.066216
-0.087088
0.187851
0.165576
0.685648
-0.003264
-0.016850
-0.018103
0.000000
-0.807270
0.819188
0.222993
-0.573666
0.235785
0.063234
0.387962
-0.050849
0.348290
0.000000
-0.190742
0.018067
0.108006
-0.063954
-0.273523
-0.302856
0.147380
0.571453
-0.806739
-0.241465
-0.001700
0.076279
0.556499
-0.431189
-0.057704
0.247792
-0.452070
0.324145
-0.133100
0.283148
0.779236
-0.228347
-0.498127
0.073617
0.000000
-0.039393
-0.122696
0.040433
-0.173742
-0.391602
-1.097299
0.000000
0.165005
0.117351
-0.004326
-0.067163
-0.038564
-0.056877
-0.614665
-0.173261
0.217889
0.420113
0.134562
-0.249349
0.000000
0.453815
-0.013152
-0.054139
-0.010058
0.000000
-0.257559
-0.284374
-0.266420
0.016271
0.290641
0.000000
1.181567
0.000000
0.000000
0.000000
-0.366544
0.381940
-0.848801
-0.771427
-0.516730
-0.224004
-1.222158
-0.272144
0.541938
-0.606643
-0.078743
0.163180
0.112231
0.684965
-0.772325
0.032747
0.015589
0.000000
-0.829211
0.041619
0.574121
0.000000
0.000000
-0.479074
-0.104386
0.100098
-0.127152
0.022528
0.000000
-0.032057
-0.113284
-0.216636
0.048650
-0.210216
-0.086344
0.061899
0.000000
0.065809
-0.361612
-0.347110
0.000000
-0.120152
-0.186978
0.050364
0.036017
-0.811494
0.841488
-0.109661
0.321116
0.375616
0.000000
0.000000
-2.845541
0.000000
1.138649
-0.159407
0.118819
-0.167227
0.680158
0.509612
-0.138690
-0.264493
-0.325127
0.095875
0.000000
0.851215
0.858816
-0.072073
-0.152711
-0.169358
0.037400
-0.035310
0.099783
0.090996
0.142044
0.360180
0.266252
-0.397289
-0.088443
-0.205188
-0.768664
-0.563351
-0.278660
0.000000
0.000000
-0.054449
0.064733
-0.689926
-0.211930
-0.008375
0.700330
0.255822
0.120422
0.260754
-0.179704
2.451687
-0.115938
-0.996761
0.423254
0.001192
-0.427774
0.090458
-1.667028
0.009103
0.222985
-0.992274
0.550055
0.912955
-0.044621
1.336443
0.371581
-0.691637
0.612233
-0.320487
0.265325
-0.674697
-0.719345
0.406854
0.160941
1.031887
-0.053071
0.200166
-0.306233
0.274681
0.114943
0.000000
-0.061710
-1.745695
0.558264
-0.773605
0.312263
0.237985
0.117974
-0.166655
0.028912
0.129813
-0.410142
0.203234
0.258535
0.318759
0.075381
0.402122
0.246261
0.079749
-0.252146
-1.039341
-0.477896
-0.505344
-0.603324
-0.458040
-0.218703
-0.029336
0.060514
1.129868
-0.058748
0.000000
-0.025491
0.000000
0.000000
0.000000
0.000000
-0.711033
0.181109
-1.636318
-0.167300
0.310157
-0.136085
0.000000
0.207499
-0.087425
0.370236
1.489281
0.594144
0.859455
-0.090695
-0.261412
0.014989
0.070762
-0.813163
0.069025
0.276557
0.367581
-0.069336
0.177098
0.000000
0.105780
0.581403
-0.174362
0.045856
-0.521058
0.005587
-0.083977
-0.106886
-0.400241
0.054203
-0.088578
0.000000
-0.251996
-0.031650
-0.604112
0.111521
0.012441
-0.139637
0.102476
0.385108
0.209531
-0.047026
0.102384
-0.586649
0.376008
-0.077590
-0.165900
-0.554756
0.610944
0.402122
-0.461484
-0.645428
-1.142206
0.478799
-0.823242
0.290079
0.387411
-0.376316
0.304320
-0.435301
0.219716
-0.015488
-0.064769
1.886097
0.010709
0.049351
-2.144872
0.245043
-0.030596
-0.053920
0.000000
0.394193
0.000000
-0.911943
0.250037
0.930575
0.296473
0.000000
0.167637
0.072357
0.895107
0.253877
0.487136
0.013658
0.294846
-0.089794
0.000000
0.058855
-0.453105
0.365273
0.115564
0.467210
0.226855
-0.156795
0.000000
0.097970
0.000000
-0.253269
-0.259969
-0.108516
0.168715
-1.765030
-0.177621
0.012145
-0.738841
-0.254481
-0.083584
-0.644376
0.000000
0.000000
-0.516947
-0.289438
-0.137612
-0.010705
-0.316864
1.047323
1.519750
0.028911
-0.278209
0.000000
-0.061135
-0.724727
-0.836301
-0.207026
-0.009188
-0.077980
-0.063861
-0.228426
-0.750402
0.233861
0.000000
-0.031572
0.132316
-0.176581
0.091632
-0.321796
-0.103837
0.000000
0.000000
0.000000
0.045803
-0.056111
0.156836
-0.259873
0.308779
0.000000
0.160090
0.438664
-0.145884
-0.072792
0.190432
-0.386646
0.484444
-0.403681
0.228217
0.297317
0.174807
0.604202
-0.786988
0.120744
-0.211913
0.101441
0.290086
0.830641
0.152188
0.340939
0.153462
0.000000
0.000000
-0.142927
0.828023
0.000000
0.000000
0.000000
0.000000
0.000000
0.000000
0.000000
0.000000
0.000000
0.000000
0.877179
0.000000
0.000000
0.000000
0.000000
0.000000
0.000000
0.000000
0.000000
0.000000
0.000000
0.000000
0.000000
0.000000
-0.176690
-0.345326
0.314934
0.400871
0.371638
-0.742204
-0.024793
-0.008590
0.236116
0.209803
0.731790
-0.120660
0.285103
0.216569
-0.034332
-0.163893
-0.483565
0.176427
0.034566
0.056582
0.018869
-0.134084
-0.197862
0.147685
0.083766
-0.203545
1.025518
-0.249841
0.158676
-0.270922
0.178839
0.418279
0.002116
0.406992
-0.160963
0.234529
0.305039
-0.206189
-0.496318
-0.167398
-0.642489
0.435593
0.216076
0.330135
0.050340
-0.202364
-0.005496
-0.106039
0.205478
0.297196
0.522729
-0.184768
0.275381
-0.204664
0.029245
0.207740
-0.012615
0.136538
0.475002
1.045506
0.308785
0.671770
0.350548
-0.069230
0.562377
-0.097364
0.110439
0.000000
1.175912
0.087729
0.940130
-0.336990
0.123091
0.017198
0.041699
1.309817
0.115220
-0.283014
0.217252
0.184312
0.054419
0.356653
0.082806
0.077961
-0.214545
-0.560922
0.314950
-0.032823
0.073633
0.226654
-0.062957
0.495441
-0.489026
-0.358570
0.402585
0.507608
0.047829
0.298444
0.062618
-0.330293
0.750511
-0.379898
0.176937
-0.706880
-0.471618
0.616485
0.161297
0.236875
-1.415709
1.110833
0.000000
-0.182694
0.770745
-0.447589
-0.131224
0.000000
-0.556563
-0.678478
0.385687
0.305799
-0.192911
0.000000
0.656597
-0.207848
0.138734
-0.295357
0.219781
0.060213
-0.094004
0.854231
-0.560320
-0.087159
-0.222678
0.144062
0.228791
-0.764475
-2.337752
-0.500643
0.000000
-0.123805
-0.420629
-0.280912
0.056581
0.758523
0.045380
-0.570516
0.200800
0.438324
-0.004972
0.017396
0.244727
1.276450
0.165753
0.169041
-0.151696
-0.206601
-0.445973
-0.070151
-0.132909
-0.257485
0.055165
-0.260664
-0.374335
0.012364
-0.116118
-0.044845
1.062841
0.452890
0.045516
0.000000
-0.007388
0.701903
0.237780
0.293869
-0.474107
0.074906
-2.082742
1.864367
-0.145816
-0.034462
0.079928
-0.576080
-0.206133
0.000000
-0.417082
-0.137047
0.045958
-0.162296
0.292477
0.120380
0.021683
-0.372851
-0.049514
0.399394
-0.113991
0.056780
-0.228888
-0.019050
-0.022112
0.213987
-0.013433
-0.242059
-0.074368
-0.306058
0.317261
-0.001080
0.305414
0.154029
-0.000011
-0.220793
0.187844
0.426532
0.118943
0.073158
-0.013990
-0.001526
-0.165162
-0.338883
-0.037412
-0.337766
-0.189099
0.104976
-0.028073
0.000000
-0.061760
0.000000
0.154381
-0.150848
0.773549
0.362764
-0.159307
-0.331041
0.083847
0.101099
-0.319140
1.179830
0.041372
0.000000
0.000000
-0.000650
-0.071927
0.317182
-0.109064
0.023229
0.287256
-0.060813
-0.290032
0.384192
0.021998
0.228006
0.253877
-0.297586
-0.162776
0.191494
-0.168881
-0.192138
-0.909514
-0.090191
-0.375073
0.036827
0.487470
0.225026
-0.067018
-0.365995
0.177000
0.073836
0.085386
0.167524
0.169420
0.170978
0.141261
-0.061093
-0.207324
-0.006156
-0.198344
0.369662
-0.017457
-0.150869
0.000000
-0.872504
0.057731
0.805299
2.551407
0.263811
-0.248591
0.211634
0.561113
-0.226332
0.599137
0.129432
0.770784
0.749190
-0.203207
-0.629403
-0.310596
0.172933
0.176362
-0.027388
0.054029
-0.315941
0.000000
0.119594
0.353545
0.113327
-0.060182
0.160800
0.117965
0.287609
0.364967
-1.111531
0.124672
0.045320
1.238016
-0.850324
0.248701
0.451587
0.000000
0.064330
