0.038688
0.323831
-0.276064
0.685970
0.027630
0.660581
-1.100082
-0.277088
0.384762
0.318575
0.004963
-0.432158
-0.146539
0.194700
0.194592
0.230066
-0.104880
-0.061283
0.393272
0.074411
-0.114247
-0.406286
0.614357
0.222192
0.018277
-0.573519
-0.368950
0.064788
-0.673420
-0.143008
0.483700
0.113583
0.102383
-0.627438
0.416797
0.582119
1.044587
-0.150669
0.086170
-0.312454
-0.490915
0.571300
0.264548
-0.128892
-0.147679
0.183164
-0.895270
0.530201
0.783081
0.000000
0.713538
0.146442
0.000000
0.317134
1.917092
-0.146701
0.000000
0.000000
0.000000
-1.017931
-1.017931
0.000000
0.000000
0.011548
-0.030305
0.349668
-0.928570
-0.497272
-0.898432
-0.637933
0.130642
-1.303379
0.049951
0.207625
0.000000
0.235103
0.000000
0.418022
2.166902
-0.022143
0.978602
0.558095
-0.052693
-0.712322
0.000000
0.512953
0.222527
0.134087
0.000000
0.559525
0.000000
-0.610819
0.000000
0.441621
0.000000
0.000000
0.064945
-0.824309
-3.292905
1.189910
-0.330258
-0.274377
-0.292650
0.000000
0.499714
0.000000
0.000000
0.305012
0.000000
0.214355
-0.086694
0.233087
0.113812
0.400953
0.382728
0.523266
0.079066
0.413673
-1.016519
0.000000
-1.165918
0.000000
-0.279721
0.971884
0.973076
-0.901886
0.710481
-0.505491
-0.275064
0.635984
0.833285
1.202848
0.382892
-3.950575
-0.683627
0.179920
1.123989
0.000000
0.028734
-0.393676
1.015062
0.439384
-1.017931
0.000000
0.344850
1.942175
-0.700278
-0.563913
0.000000
-0.309227
-0.519932
0.000000
0.000000
0.026144
-0.269739
1.708124
0.121128
-0.127876
-0.586353
0.264447
-0.694105
0.728556
0.411250
0.170999
-0.048600
0.026096
0.372909
0.064029
0.000000
0.000000
0.000000
-0.177378
-0.694733
0.362552
0.606568
1.002216
-1.816190
0.000000
0.000000
0.000000
0.000000
0.000000
0.000000
0.000000
0.000000
0.000000
0.000000
0.000000
0.000000
-0.014606
-0.693473
-0.336425
0.087697
-0.140135
-0.999194
-0.225309
-0.387421
0.000000
0.327320
-1.710431
-0.479815
-2.316941
0.155060
1.210400
0.591797
-0.277775
-0.033900
-0.605171
-0.039979
-0.020963
-0.558189
0.183169
0.128081
0.136327
0.647016
-0.802112
-0.371557
-0.267258
-0.195934
1.030299
0.315292
0.184688
0.401381
-0.247703
-0.228661
-0.507684
0.000000
0.125643
0.000000
-1.467286
0.185257
0.297156
-1.310906
0.000000
0.000000
0.214617
-0.485371
-0.371754
0.743185
2.239869
0.000000
0.000000
0.371218
0.359471
-3.098793
-4.096961
-0.329544
0.000000
-0.359387
-0.844832
1.081033
-0.299546
-1.067554
0.000000
0.313255
0.385291
-0.265566
0.000000
0.726599
1.756562
-0.126772
0.986435
0.131492
0.000000
-0.003150
0.000000
0.049866
0.780585
0.000000
0.000000
2.340465
-0.233427
0.580638
0.162885
-0.744028
-1.032666
0.511624
0.915993
-0.388846
0.059008
-1.786318
0.000000
-0.471418
0.415162
0.744373
0.040213
-0.010988
-0.448812
0.000000
-0.061901
0.027323
1.597690
-0.423380
0.000000
4.712709
2.192187
-0.114380
0.139003
0.000000
-0.199997
-0.220776
-0.010921
0.440159
0.000000
1.775847
-0.416013
0.000000
0.113172
-5.975350
1.021654
0.000771
-0.377160
0.000000
0.000000
-0.262491
0.069259
1.169007
0.892912
0.000000
0.000000
-0.068569
0.000000
1.731459
0.736141
-0.817129
0.000000
1.257883
0.081725
0.141524
-0.432658
0.771128
0.198706
0.000000
0.260590
-0.649068
0.000000
-0.421180
0.048983
0.882664
-0.031317
-0.117276
0.067387
-0.068587
0.000000
0.283210
0.000000
0.000000
0.000000
1.344879
-0.744781
0.597069
-0.457288
1.087214
-0.765872
1.631353
2.254696
0.000000
0.302892
2.094851
0.085834
0.605760
0.000000
0.000000
-0.492953
-4.158013
0.000000
-0.353681
0.067292
0.348704
-2.180198
0.211876
3.662187
0.542593
0.000000
0.474627
0.252801
-0.150219
0.122381
-0.218050
0.044392
-0.198176
-0.252712
-0.555499
0.000000
0.000000
0.000000
0.000000
0.000000
0.000000
0.000000
0.000000
0.210795
-0.041964
-5.140115
-2.926465
0.356181
-0.458728
-0.008752
1.549824
-0.861111
0.297669
0.940158
0.824980
0.000000
1.599110
0.000000
-2.052097
-0.089649
-1.197062
0.092855
0.155088
0.077711
-0.643057
1.290491
-0.229541
0.000000
-0.152014
0.000000
-3.156801
-1.279018
0.077711
-0.639463
-0.550219
0.731805
0.303077
-0.924097
0.251957
0.000000
1.085537
-0.284180
0.286938
0.265428
-0.096170
-0.014919
-0.579833
0.326918
0.259689
0.000000
-0.728316
3.457366
-0.331830
0.142257
-0.839691
3.247874
0.000000
-0.786330
-0.846099
0.200243
0.733876
2.690744
0.000000
-0.023535
0.583549
0.320425
0.199052
-0.676802
-0.410481
1.934867
0.000000
-1.151700
2.592215
-0.876210
0.000000
0.970757
0.000000
0.000000
-1.782341
0.138943
2.118392
-0.517361
-0.401468
-0.166602
-0.597697
0.160818
1.065068
0.254341
-0.127543
0.256401
0.002383
0.300444
-1.017513
-0.587345
0.099567
0.093598
0.000000
-0.294852
0.243281
0.714286
-0.306126
0.355852
-0.681704
-1.369954
1.056154
1.754087
-1.070446
-0.271673
1.986625
-0.163863
0.000000
-0.168614
-0.992874
-0.099189
0.026591
1.173350
0.228588
0.037584
0.503187
0.000000
-0.014872
-0.488477
-0.183508
4.291521
1.274274
0.000000
0.321882
-1.405521
-0.261103
0.000000
1.085738
-0.335196
-1.391085
0.222860
0.006868
0.020064
-0.396664
0.187606
0.119925
0.829138
-0.114121
0.000000
0.755454
0.000000
2.000436
1.440173
0.755008
0.000000
0.000000
-0.185346
-0.388922
-0.003744
-0.126630
-0.010391
-0.646022
-0.608897
-0.638450
-1.234127
1.606021
0.553031
0.000000
-2.023524
0.847806
0.000000
0.223415
-0.373189
0.552357
0.222183
0.195599
-0.077546
-0.048233
-0.408055
0.226086
0.223741
0.388498
0.521813
-0.530302
0.042939
-2.687309
-0.712215
-0.308435
0.335303
0.000000
-1.639116
-2.235617
0.000000
0.000000
1.728864
0.000000
0.120221
-0.460513
0.598023
0.181559
0.570665
2.266370
2.760236
-0.846099
-3.269019
0.000000
-0.631623
0.000000
0.363792
-0.394560
0.000000
-0.327226
0.000000
0.000000
-0.927785
1.788274
0.000000
-0.584848
-0.705713
-0.175248
-0.055011
0.314574
-0.407347
0.191067
0.000000
0.000000
-0.497033
0.000000
7.197383
0.127864
1.364720
-1.091306
0.517738
-1.698393
-1.102848
-2.501554
0.000000
-0.605790
-1.135378
0.461567
0.000000
0.000000
0.000000
-0.185017
1.190752
0.892743
1.753725
0.013137
-0.634201
-0.604999
0.079274
-1.262015
-0.007907
-0.101972
0.032369
1.343861
-0.105971
-0.440530
0.000000
0.921211
-0.027280
0.000000
0.314891
-0.753772
0.000000
0.000000
-0.055915
-6.991682
-0.174454
0.199018
0.282221
1.378894
0.395062
1.093731
0.339896
0.452895
1.131644
0.000000
6.501793
0.350560
-0.150834
0.236325
0.391466
0.000000
0.000000
0.668012
0.000000
0.145380
0.000000
0.000000
0.360902
-0.526496
-0.286991
2.019456
-2.278271
-3.083179
-0.472816
0.000000
-0.725864
0.104111
0.259872
0.000000
0.000000
1.834991
0.202124
0.070430
0.000000
0.286814
1.157857
-1.031959
-0.836867
1.257778
0.335938
-0.313629
0.000000
-0.061330
1.198960
0.087762
0.486186
0.562444
-1.423907
-0.317763
0.084494
0.000000
0.815810
1.839228
0.616578
-0.057453
-0.644320
0.100893
-0.548388
0.000000
0.862485
-0.242041
2.134944
-0.048840
0.000000
4.476846
0.000000
0.000000
0.000000
0.000000
-1.311739
0.000000
0.000000
0.537703
-0.307970
-0.735802
0.000000
0.280552
0.091139
-3.307173
0.000000
-0.608925
-0.781064
0.000000
0.000000
2.357422
0.000000
-0.920803
0.000000
0.764050
-0.136989
-0.063533
0.000000
0.188736
-0.558039
-1.935983
-0.621878
0.000000
0.351034
-0.724225
0.285650
-0.034283
0.000000
0.000000
-0.115393
-3.001349
1.258495
0.000000
0.979006
0.000000
1.716918
0.000000
-0.946414
-0.316825
-0.073522
0.848455
0.156557
0.035076
-0.397307
-1.169489
-0.367075
0.000000
-0.033551
1.214491
1.320428
3.596659
-5.217005
1.433440
0.829738
0.000000
0.000000
0.003728
0.000000
-0.121327
-0.402630
-0.535885
-0.324326
2.267887
-0.794536
0.000000
0.000000
0.539895
0.000000
-6.008538
0.720115
0.000000
2.054155
0.402525
-1.713149
0.000000
1.493894
-0.299046
-0.270648
0.458867
0.823828
-1.629364
0.000000
0.000000
-1.260473
0.901061
-0.560618
0.000000
-0.540814
0.000000
-0.019235
-0.175223
0.554303
0.281914
0.000000
0.000000
0.000000
0.000000
-0.100078
-3.441623
-0.090905
-0.733604
0.540221
-0.863014
-1.503370
-2.411459
-0.005652
-0.703338
-0.215153
-0.864317
2.564118
-1.056980
0.000000
0.000000
0.000000
1.430819
0.000000
-0.620669
0.000000
0.000000
1.166045
0.380704
0.000000
-0.745387
-0.225476
1.252995
-0.390628
0.711890
-4.495734
0.000000
0.467615
1.101913
-0.367605
0.000000
-0.913695
0.000000
-0.582129
-0.173963
-0.221399
0.000000
1.535277
0.000000
2.066064
5.325982
0.000000
1.476117
0.225128
0.000000
0.000000
-0.698589
0.050005
-0.337905
0.000000
0.000000
0.104981
0.997143
-0.607493
-1.002291
-0.066140
0.000000
-0.718554
0.000000
0.000557
-0.114439
0.000000
0.308051
1.265291
0.079620
-0.431713
0.178111
0.432632
-1.151787
-0.224433
0.000000
-1.147561
0.000000
-0.773038
0.000000
-0.026708
0.000000
1.111919
9.489681
0.000000
0.215758
0.375688
0.191992
0.000000
0.310048
0.000000
0.000000
0.076703
0.000000
-0.330170
0.000000
0.000000
-0.633094
0.000000
-0.172411
0.000000
-0.511751
0.000000
-0.065792
0.245610
0.000000
-2.438550
0.970184
-0.284193
1.365382
0.000000
-0.987171
-0.015184
0.000000
0.000000
-0.199614
0.347798
0.516727
0.398580
0.000000
0.368528
0.000000
-0.280447
0.000000
-0.540521
0.000000
0.701784
0.000000
1.147072
-0.295623
-0.193171
0.106312
-0.863278
-0.265846
-0.037436
0.000000
0.000000
-0.001315
0.119925
-0.234869
0.000000
3.371069
0.000000
0.000000
0.000000
-0.273366
-0.029998
0.424366
0.333241
0.242108
0.037953
-0.347049
0.396265
0.000000
0.000000
0.048983
-0.085517
-0.351409
-1.330897
0.000000
0.000000
-0.150175
0.811390
-0.024859
0.520522
-0.120125
0.000000
0.847489
2.894682
0.045295
0.672224
-0.437199
0.142547
4.162002
-1.212455
0.000000
-0.930679
0.152907
-0.676836
1.740243
-0.283076
-1.333946
-0.175787
0.059578
0.457074
-0.090670
0.000000
-0.340731
0.259344
0.000000
-1.860213
-0.890629
-0.047329
-0.110754
0.168032
0.971189
0.708497
0.148333
-1.620792
1.004198
0.000000
0.159161
-0.741731
0.822215
0.054114
-1.405521
0.446578
-8.884757
-0.725319
-0.236794
-0.079962
2.233589
-1.741145
0.000000
-0.407152
0.380704
-0.846719
5.667431
0.000000
0.000000
0.000000
0.000000
-0.671905
0.879193
0.000000
0.000000
3.279402
0.000000
-0.884175
0.150163
-1.240129
0.566530
0.586511
0.000000
-0.057192
2.975518
0.000000
1.133408
0.667467
0.000000
-0.543803
0.000000
-1.078722
0.000000
-0.849524
0.000000
-0.203466
0.317212
0.841311
0.677885
0.000000
0.000000
0.000000
0.111179
-0.141656
0.000000
-0.593838
2.111304
-0.261453
0.000000
1.065632
-0.789129
-0.097980
0.107503
0.000000
0.000000
0.999306
-2.847396
0.412980
-1.020938
-0.234169
0.599213
-0.351572
0.145977
0.000000
0.216658
0.000000
0.000000
-0.414165
0.000000
-0.530421
0.000000
-2.432232
1.195738
0.000000
0.868710
0.332398
0.013455
-0.113037
-0.099391
-0.585610
-0.151946
0.032125
0.000000
0.000000
-0.497954
0.000000
-0.020713
0.565456
-0.097863
0.000000
0.000000
1.495828
1.657237
0.000000
0.000000
-0.522082
-0.822899
0.025482
-0.703188
0.382588
0.715654
0.000000
1.838240
-0.016028
-0.370367
-0.182301
0.000000
-0.283070
0.657429
0.783318
-0.353681
-0.598043
0.048035
0.846314
0.020491
0.324269
-0.930679
0.173937
-0.084361
1.035015
-0.185019
0.179264
-0.621620
-2.643222
0.100585
0.000000
-1.035629
-0.823356
0.882759
0.000000
-0.523988
0.000000
0.000000
-0.457261
0.000000
0.000000
0.240716
0.000000
1.425377
0.199052
0.000000
0.000000
-1.163278
0.182611
0.000000
-4.350068
3.516652
-1.605120
0.840224
0.000000
0.298317
1.375824
0.000000
-0.612187
0.207315
0.523159
-0.180262
0.000000
3.305211
0.000000
0.000000
-0.523988
0.000000
-0.413182
-0.611991
0.047240
-0.542755
-0.213375
0.000000
0.000000
0.000000
-1.524585
0.087928
-0.735389
-4.252775
0.000000
-1.576417
0.000000
0.000000
-0.001253
-0.101805
0.000000
0.000000
0.000000
-0.282880
0.000000
0.000000
0.195270
-0.805992
-0.274548
-0.008593
0.394038
0.000000
0.000000
0.000000
0.738760
0.435058
0.000000
0.621660
0.077128
0.000000
0.000000
0.000000
-0.786351
2.748495
0.000000
-0.884096
0.000000
-0.822226
-0.660334
0.787599
0.000000
1.134446
-1.104401
0.320196
0.000000
0.260638
0.000000
-0.068211
-0.327907
0.000000
0.042533
0.000000
-0.023141
-0.543323
-0.019172
-1.131335
1.123523
0.000000
-0.327594
-0.525132
-0.031533
-0.141223
-0.320587
1.051410
0.000000
0.128963
0.128963
-0.859529
1.103383
-4.562777
1.271190
0.141709
0.000000
0.000000
0.050645
1.449974
0.368079
0.000000
-0.813837
0.138563
0.000000
-0.693473
0.532773
-0.105790
0.000000
-1.509230
-1.305874
-0.180965
-0.506344
0.000000
0.172340
-0.226174
0.000000
-0.124743
-2.108815
-0.000204
-0.329730
0.435186
1.098792
-0.214019
0.040930
-0.177294
-0.169141
-0.570391
0.281210
0.000000
-0.591153
-0.347831
-0.859030
0.000000
0.063993
0.410609
-0.105971
-0.434638
-3.422695
0.017090
0.253042
0.438687
0.121452
1.406633
-0.153683
-0.281762
0.162639
0.000000
-0.701707
-1.385990
-0.188592
-0.242550
0.000000
0.393348
1.490426
0.000000
0.141088
-0.439275
1.193117
0.785366
0.237815
0.000000
0.163191
-0.530517
0.000000
0.000000
0.384381
-2.699427
0.000000
0.000000
0.000000
0.580357
1.388011
0.144146
-1.256018
-5.334807
0.530882
0.000000
-1.032666
-0.862750
0.000000
-0.735389
0.278501
-0.379294
-0.204304
1.154452
0.670634
0.515523
-0.345253
0.256792
0.325982
-1.921683
0.000000
-0.251078
0.684484
0.376691
0.244224
0.050318
-0.272854
-1.714747
0.230395
0.000000
0.132891
0.000000
0.001135
0.297194
0.421884
0.321989
0.000000
-0.452440
0.646714
0.112050
0.122675
0.872418
-0.315128
0.000000
-0.537603
0.029787
0.664109
0.243931
-1.440999
0.023782
0.000000
0.354314
0.780997
-9.956466
-0.452086
2.191605
0.280309
1.047323
0.426018
0.153810
-1.595401
0.128547
-0.709147
0.219901
-0.070070
-1.029820
0.395935
-0.096652
0.113709
-0.717594
0.675363
0.703574
0.000000
-0.299277
0.307693
1.265291
0.589475
-1.021672
-0.092244
-0.406394
0.860561
-0.187578
0.000000
0.000000
1.867232
-1.067624
-0.265458
1.787987
-0.189817
0.000000
0.412772
0.157292
0.000000
0.222587
-0.048682
-0.009903
0.804399
-0.871117
0.063566
-0.807480
0.093595
0.465381
-0.212899
0.345797
-0.356252
-0.246531
0.168412
-0.422311
-0.085752
-1.281520
-0.282880
-3.545223
-0.489889
1.306581
-0.014339
0.278478
-0.122905
-0.058021
0.000000
0.944180
0.000000
0.417046
0.053387
1.972554
-0.735750
0.000000
-0.013096
0.234505
2.189674
-0.085829
-0.039730
-0.694783
-0.715133
0.724509
-0.158120
0.000000
0.913672
-0.048632
-0.398648
0.219924
0.088313
1.292265
-0.161927
0.398457
-0.242352
0.262405
-0.005654
0.154944
0.000000
0.171713
1.988000
-0.114630
0.590079
0.000000
-0.072887
0.127010
0.000000
-0.734893
-0.105046
-0.976319
-0.793212
1.049447
0.361179
0.071990
0.876757
0.337819
0.753703
-0.491838
0.000000
0.000000
1.801014
0.000000
0.000000
-0.636129
-0.133903
0.074840
1.488073
1.392625
-1.988610
0.336611
0.692985
-0.170776
0.512036
-0.445056
-0.489248
0.000000
0.000000
-3.217600
1.113047
-0.020864
0.567090
0.271470
-2.286413
1.079977
0.154933
2.524811
-1.384214
0.000000
-0.022409
-0.340530
0.033512
-0.102979
-1.199585
-1.029932
-0.522249
-0.634393
-0.489999
-0.347849
3.316423
-0.874127
0.710859
1.636827
-0.225109
-0.567626
0.100801
0.000000
-0.529814
0.064986
0.000000
0.226915
0.513385
0.851520
-0.031977
0.599303
0.656001
0.000000
1.590504
-0.412685
0.090921
-0.489999
-0.177122
0.000000
-0.084034
0.104657
1.738499
-0.273562
0.000000
-0.448850
1.985076
0.000000
2.484100
-2.326628
1.177747
1.333744
0.000000
-1.641537
0.000000
0.000000
-1.369698
-1.339892
0.266275
-0.199957
-0.788504
0.411665
-2.064519
0.000000
-0.277731
0.407881
0.286144
-0.050600
-1.198698
2.575554
0.000000
0.000000
0.565370
-0.051931
0.707374
-2.182965
0.686345
-0.357072
0.000000
0.000000
0.000000
0.126976
0.169497
1.036694
-0.329705
0.719710
-0.214115
0.000000
2.090852
-0.130729
-0.097109
-0.532935
0.843322
-0.328859
-3.422695
-0.355407
-2.423528
0.247841
0.000000
-0.406800
1.265107
0.000000
-0.110445
-0.806732
0.782358
0.172340
-0.251066
-0.619880
2.076152
-1.616815
0.294503
0.000000
-0.281786
0.100552
0.054788
0.473512
0.165743
-0.138351
-0.490265
0.062837
1.298980
-0.156397
0.000000
-0.356116
-0.016578
-0.892401
0.630765
-0.054208
0.000000
-0.160164
0.000000
0.000000
0.113136
0.295579
0.000000
-0.024581
-0.599582
1.173298
-3.893745
0.321431
1.535277
0.008026
0.427208
0.167045
-0.502876
2.404488
-2.390056
1.293115
-0.029235
0.797365
0.341063
0.034484
-0.117498
-1.509205
-0.905516
0.102420
-0.062522
1.220840
-0.536136
1.224156
-0.019693
0.000000
0.113459
-0.126343
0.000000
0.000000
-0.846692
0.023064
-0.289667
-1.625692
-1.252729
-2.132019
-0.006547
1.550098
0.049329
1.453383
-2.045115
-0.506331
0.292332
2.210994
0.000000
-0.838093
-0.593804
0.183847
0.149249
-1.725190
-0.388791
-1.005010
-1.531933
-0.584400
-0.565420
1.295063
0.000000
0.089581
3.759577
0.030562
-0.997042
0.000000
0.746926
-0.623011
0.373764
0.000000
-0.110952
0.000000
0.049329
0.212871
-1.047123
0.000000
-1.440590
-0.558365
0.415596
-0.353918
1.364503
0.000000
1.079419
1.809982
-0.936666
-0.127143
0.749453
-0.323192
-0.848578
0.000000
-0.130315
0.000000
-0.686676
-0.156593
-0.670808
0.000000
0.000000
-0.286293
-0.067490
-0.791361
-0.077507
0.000000
-0.059274
-0.043111
-2.323756
1.419331
0.616578
1.974548
-0.850939
-0.114792
0.301108
-2.668310
0.711146
0.449954
1.918606
0.281731
0.000000
-0.137816
0.000000
0.000000
0.000000
0.000000
-0.242127
0.397688
0.269234
-0.364138
0.000000
0.896079
0.000000
2.229145
1.011891
-0.099991
-0.329553
-0.547062
0.000000
1.618802
1.163084
0.000000
1.273124
0.120708
-0.258178
0.023804
-0.609782
1.689911
0.000000
-1.523246
4.520248
-0.026280
0.000000
0.693409
1.082344
0.000000
0.000000
0.599644
2.971025
-0.031987
-0.115807
0.246794
0.279938
-1.636350
0.000000
-1.165468
0.038386
-0.073411
0.000000
0.000000
-0.785523
-1.073797
2.251584
0.000000
0.000000
-0.234386
0.000000
0.251330
0.000000
0.186512
-0.015909
-0.802112
0.000000
0.000000
0.000000
0.000000
-0.605901
0.000000
1.364720
-0.344544
0.000000
0.000000
0.060463
-2.083194
4.826473
0.000000
0.000000
1.528136
-1.752864
-0.960224
0.277584
-0.549730
0.000000
0.000000
0.000000
0.000000
0.000000
2.051892
2.575968
-2.328966
-0.717897
0.000000
0.412945
0.156463
-0.403462
0.563950
0.418312
0.887359
-0.220065
-0.278490
1.129425
-0.106654
-0.033877
0.000000
0.000000
0.000000
0.000000
-0.680261
0.000000
0.000000
0.266275
-0.929109
-0.940977
0.043391
0.000000
-1.586625
0.000000
0.305672
-1.788568
-0.020091
0.000000
-0.269166
-0.122540
-0.031135
0.000000
-3.591884
-0.474516
0.052081
2.387248
-0.219048
0.000000
0.683158
-0.512890
-0.555004
-0.429224
-0.144376
0.000000
0.201219
0.637784
-1.276043
-0.732452
0.000000
0.632335
-0.081080
0.000000
2.399567
0.000000
-0.434192
-0.273127
5.779200
-0.963502
0.000000
-0.182779
0.544299
-0.103021
0.000000
0.138917
1.382105
-0.380288
-0.295681
0.000000
-0.547062
-0.828395
-1.091153
-0.336056
-0.481732
0.784278
0.374516
0.000000
0.000000
0.464177
0.000000
-0.584891
0.045812
1.478725
-0.419474
0.431511
-1.275174
0.000000
-0.223010
-1.146536
0.066642
1.974377
-1.032021
0.000000
0.000000
0.000000
0.813097
0.101692
-0.223936
0.376967
0.077726
-0.137747
1.160731
0.235216
-0.173263
0.000000
-0.235525
0.714907
-1.520823
-0.198518
0.319773
-4.558139
-1.857346
-4.606702
-1.804468
0.091493
-1.908694
-0.576969
-0.186088
0.094689
0.480669
0.000000
0.000000
-0.086390
0.386866
-0.478482
0.000000
0.000000
0.000000
0.000000
0.166673
0.018097
0.795157
0.000000
-0.989457
0.053387
-0.547062
0.326087
1.179846
-0.394703
0.052378
1.132189
0.000000
0.784794
0.376772
-0.074380
-2.566043
-0.144001
0.064402
-0.476813
-0.224621
-0.198455
1.033860
0.000000
0.000000
0.007246
0.678105
2.013724
-1.105311
0.147593
-1.209140
-0.157540
-2.275155
0.000000
-0.607902
0.000000
0.644422
-0.450285
0.000000
-0.849885
0.475051
1.183924
-0.447245
0.000000
0.188079
1.166161
0.000000
0.386358
5.682646
1.017680
-1.934005
-0.708743
0.947995
-0.123193
0.051245
0.000000
-0.357600
0.000000
-0.135687
0.620163
1.331716
-0.796334
0.061993
0.000000
0.559351
0.424539
-1.235172
-0.092425
-7.564593
0.000000
-0.379259
-5.648944
0.249310
-0.080589
0.000000
2.664443
-0.786348
0.802096
0.000000
1.357661
-0.477080
-0.064249
0.024228
0.193246
-0.179786
0.421287
0.413015
-0.017594
-0.935224
0.000000
1.191765
-0.363105
0.124861
-0.203466
-0.593524
1.624017
-1.464278
-0.296300
4.773714
1.469687
-1.001952
-0.551902
0.451924
0.000000
1.306465
-1.470152
-0.402630
-0.085837
-0.202165
-1.484107
-0.205335
0.585483
0.000000
0.235029
-0.149980
-3.288936
0.158871
0.000000
-0.355452
0.000000
0.000000
0.000000
0.000000
0.227051
-0.628754
-0.140295
-0.867718
3.212942
-0.444061
-0.002195
0.175914
-0.413364
1.391478
-0.321227
0.517444
0.244478
-0.536158
0.147624
-0.234906
-0.659366
-0.420538
-0.920803
0.000000
-0.145149
1.514900
1.159300
-0.253025
-0.266684
-0.202196
-0.495118
0.049313
1.090236
0.506033
0.000000
0.000000
-0.292650
-0.307352
0.000000
0.000000
0.371576
-0.686572
-0.124883
2.558759
0.092402
0.432344
0.384199
1.378225
0.003351
0.759763
-0.115443
1.021654
-0.183022
-0.034559
0.390747
-0.716403
-0.099030
0.000000
-0.028783
0.000000
0.000000
0.394671
-0.043300
-0.669064
0.584206
-0.109105
-0.055273
-0.005701
2.260495
-0.117382
0.173723
0.451841
0.459630
-0.623835
0.000000
0.000000
-0.197198
0.000000
0.000000
0.257060
0.000000
0.000000
0.301164
-0.523988
0.121323
0.000000
-2.209209
-0.646386
-0.767211
0.000000
-5.207261
0.017577
-0.100606
0.000000
0.558715
-0.643326
1.479503
0.000000
-0.400048
0.650350
0.000000
-0.596156
0.375739
-0.198518
-0.082856
2.571025
-0.257125
0.000000
0.629727
0.000000
0.197567
0.134470
-0.352748
0.000000
0.000000
-1.542303
-1.611709
-0.070557
-0.812524
2.505844
-0.367868
0.085015
-0.737848
0.000000
0.000000
0.577609
8.252383
-11.354114
-2.082758
0.000000
0.688786
0.713767
-0.675468
0.000000
0.000000
-0.023123
-0.705129
0.139137
0.253601
0.476060
0.000000
0.184498
0.144966
0.000000
0.017839
-0.173843
0.159413
-2.963311
0.000000
0.392662
-0.102716
1.783517
0.022140
0.000000
0.000000
0.000000
0.000000
0.882645
0.000000
-0.840435
0.000000
1.361245
0.193948
-0.162637
-2.117562
-0.830078
2.282327
-1.406132
1.203623
-1.388670
0.676658
-1.398432
0.000000
-0.170383
0.768877
0.029843
1.579896
-4.976514
-0.491212
0.068102
-0.456004
-0.139139
-0.402929
0.000000
0.230671
0.868777
0.000000
0.470504
-0.006160
0.360185
-1.022006
0.000000
3.113443
0.142819
8.062182
0.000000
0.200243
0.000000
0.000000
-0.999798
0.780294
-1.561692
0.000000
3.423442
-0.762732
-0.448125
-0.757157
0.228599
-0.115250
0.154894
0.040826
-5.047001
-0.226792
0.928541
-2.601051
0.000000
0.148220
-0.150862
-0.429271
0.913672
0.065356
-0.776159
-1.029932
-0.566565
0.000000
1.449697
-0.049696
2.272012
2.897823
-0.359878
0.157592
0.052159
-0.469844
2.289357
-0.826420
0.000000
0.000000
0.000000
-1.249484
-3.382807
0.000000
-0.573217
-0.580469
-0.113436
0.911658
0.000000
-1.512991
0.000000
-0.480861
-0.109648
0.000000
0.660322
2.341610
-0.970393
0.000000
-3.591884
-0.632410
0.215758
0.104040
0.232179
0.000000
-1.102261
0.031838
0.000000
0.114542
-1.223546
0.297795
-0.118007
0.096016
-0.425542
-0.011624
0.404173
-0.267919
0.000000
0.000000
0.212876
0.035645
0.000000
0.215758
-0.329169
-0.405568
-0.046059
-0.022143
0.000000
0.765541
-0.316794
-0.283716
-0.291097
0.000000
0.880881
-1.024721
0.795542
-0.794808
0.328024
-0.797756
0.316006
0.553604
0.000000
-0.847063
-0.776376
-0.334123
0.000000
-0.298619
-0.017000
0.136426
0.261982
0.472012
0.007203
0.294639
0.242647
0.000000
-0.006063
-1.213529
1.623297
0.932284
-0.219473
0.238775
0.315232
0.000000
0.130984
-0.534670
0.000000
0.000000
0.000000
0.000000
0.013927
0.303410
-0.218378
-1.277894
0.451996
-1.044229
-1.609577
0.424037
1.317669
0.000000
-0.210359
1.760369
-2.659285
-0.126574
-0.051273
0.000000
0.000000
0.055731
0.000000
-0.075460
-1.393996
0.468683
0.000000
-5.758719
0.043700
-0.027957
-0.855695
-1.597096
2.894682
3.099034
1.023198
1.695891
-0.013153
-0.734013
-0.257033
0.000000
0.467940
0.000000
-0.071089
-0.394406
-0.509797
0.224266
0.000000
0.000000
0.509882
-0.947912
-0.150536
0.718840
0.298409
-0.482785
-0.186420
-0.065740
0.662212
0.040938
0.000000
-0.027881
-0.116711
-0.234349
0.464718
0.592531
0.290751
1.779754
0.493497
0.069364
0.428984
0.170876
-0.167957
-0.014104
0.000000
-0.119334
0.134924
0.000000
0.021751
-0.468779
-0.884984
-0.066140
0.018878
0.231337
0.117937
0.909092
-0.077483
-0.238975
0.334572
1.635072
0.000000
-1.695381
0.202297
-1.092224
-1.108057
-1.065111
1.161620
0.000000
0.782515
0.000000
1.261806
-0.106959
-1.420349
-0.456947
0.495070
0.000000
-0.746447
0.000000
-1.995730
0.000000
0.000000
-0.258829
0.431338
0.000000
0.611833
0.000000
0.000000
-0.054041
-0.206298
-0.331319
0.000000
0.412160
-0.342738
-0.073133
-2.307798
1.319027
0.805854
0.000000
0.977582
0.136387
0.703063
0.637725
0.220409
-0.569193
0.017184
0.130124
-0.406963
-0.150169
-0.890394
0.000000
0.000000
5.820166
-0.311090
-0.994450
0.524699
0.496619
-1.218496
0.472093
0.000000
0.658961
0.064944
2.671288
-2.767003
0.080639
-2.180956
-0.350018
0.000000
-0.327672
0.925173
0.000000
0.241809
-0.192420
0.417384
0.338515
-1.782341
-1.074970
0.099011
-0.271066
0.563206
0.625669
0.359074
1.308565
-2.006761
-0.910948
0.000000
0.292450
0.000000
0.312639
5.110735
0.000000
-0.340370
-0.934280
4.304081
-1.456495
-0.189160
-2.874914
0.000000
0.000000
0.071606
0.000000
0.000000
-0.029027
-3.604604
-0.262792
-0.053743
0.000000
-0.702018
-0.149502
0.295363
0.000000
-4.692602
-0.448388
0.000000
-0.224705
0.000000
-3.254967
0.601939
0.000000
0.000000
0.000000
0.000000
0.000000
-0.177604
-0.470204
1.223524
-0.626692
0.162147
-0.063512
-0.070518
0.297635
-0.217998
0.000000
-0.476677
0.823791
-0.234869
0.000000
-0.402630
0.081413
-0.073484
-0.640269
-0.268014
-0.023301
0.149137
0.648680
-0.798132
-1.274662
-0.922777
-0.413640
1.541534
0.706334
3.041191
0.201935
0.065415
-0.892704
-0.937706
-0.391431
1.057484
0.954329
-1.921683
-1.123177
0.742577
-0.166716
-0.073594
0.000000
0.003177
0.000000
-0.608312
0.036831
-0.092428
-0.232085
0.459275
-0.397282
-0.677506
0.631153
0.000000
0.263532
0.000000
-0.524271
-1.544807
-0.191407
0.041792
-0.016389
-1.392310
3.212398
0.065664
-0.283070
0.113801
-4.660245
-0.151999
2.289357
-0.815261
0.309729
-0.447614
0.000000
0.000000
0.000000
-0.205369
-2.696097
0.378151
-0.075321
-0.109833
-0.143771
0.075036
0.039657
0.000000
-0.156397
-0.304819
-0.727352
0.000000
-0.240725
2.594517
0.232774
0.000000
0.000000
0.000000
2.437163
0.448682
-0.309757
-2.567003
0.763746
-2.678557
0.879104
-0.165395
-0.402661
0.206193
0.000000
0.199678
-0.769935
0.296266
-0.230191
0.000000
-4.077024
0.000000
0.107343
0.052647
0.033073
0.000000
-0.689720
0.000000
-0.228829
0.212410
-0.182534
-0.033911
-0.297078
-0.580180
0.527703
1.283285
-0.279576
-1.105508
0.816751
-0.382308
-1.638800
0.000000
0.000000
0.008790
0.000000
-0.471085
0.013443
0.000000
0.000000
-0.204865
3.036151
-1.074141
3.017481
-0.293857
0.714353
0.243281
-0.341290
-0.681706
-0.120250
0.731411
0.000000
-0.352141
-1.284307
1.680682
-2.213619
0.077337
0.164020
-0.235218
1.101940
0.351943
-0.004667
0.142866
0.257165
-0.505960
0.000000
-0.131020
4.528989
0.000000
0.000000
-2.068992
0.000000
0.000000
0.399440
-0.732398
-0.489615
-0.680811
0.986439
0.000000
-0.460612
-0.811740
-0.377223
-0.299395
-1.033470
-0.169386
-0.560043
-0.525938
-6.414392
0.000000
0.000000
0.333018
-0.145737
0.150441
-0.936037
0.106312
0.000000
0.347010
0.117541
0.342020
-0.865132
-0.062652
0.909907
-0.956102
-0.016289
0.037920
-0.178483
-0.821062
0.000000
-0.155360
-0.270774
-2.134161
-0.573570
-0.379964
-1.035545
-0.171538
-0.458728
-0.187832
0.000000
0.000000
1.524302
0.494693
-0.465853
0.051126
0.000000
0.000000
-0.217447
1.151258
2.368937
0.677784
1.537188
3.608521
0.437802
-0.232617
-0.603112
0.117217
0.537703
0.094854
1.645364
1.018405
-0.516040
-0.090289
-0.512808
0.226037
-0.454378
-1.031193
0.403311
1.190718
0.000000
-0.129063
0.000000
-0.414293
0.077711
-1.618655
0.186572
-2.128795
-0.504008
3.937401
-0.380165
-0.804506
-2.250351
-0.566274
-0.261453
0.000000
-1.438546
6.964313
0.000000
0.000000
-0.527165
0.274465
-0.085845
0.593786
0.209169
0.876293
0.436915
0.623596
0.000000
1.521204
0.000000
1.105600
0.000000
-0.513866
0.455474
0.000000
0.000000
-0.076707
0.000000
0.000000
-1.751375
-5.009625
-2.005204
0.000000
-1.186028
0.000000
0.000000
0.412309
-1.260711
0.000000
0.823828
0.126035
-0.568238
0.977054
0.000000
1.464099
5.002946
0.000000
0.859425
0.264485
0.000000
-1.000970
0.000000
-0.246626
-0.106827
0.955066
-1.856595
-0.066724
0.459560
0.000000
1.140271
0.133880
-1.826149
0.429796
-0.380414
-3.239231
0.069436
-1.412567
0.000000
2.633498
-0.368358
-0.028075
0.000000
-1.194284
-0.657679
0.000000
-1.460480
-0.295181
-0.131986
0.000000
2.072162
1.198507
0.000000
0.286040
0.266173
0.000000
-0.664758
0.301717
0.000000
-0.198021
0.000000
1.308565
0.000000
0.586171
0.071154
0.203745
1.362592
1.023823
-1.236325
-0.051329
-0.458727
-1.170840
0.000000
0.000000
0.063624
0.000000
0.332268
0.122777
-0.881200
-1.312879
0.798171
0.706314
0.000000
0.000000
0.030097
0.448857
-1.178568
0.906986
-0.804506
0.705209
-2.159623
0.162639
0.777001
0.492989
-0.745424
0.159857
0.092662
0.000000
-1.356710
-0.642000
-0.318597
-2.752002
-1.636597
1.741080
0.000000
-0.170088
0.000000
0.854157
-0.270342
-0.086637
0.976453
-0.442707
0.474323
-0.821534
-0.692755
0.000000
2.527539
0.599374
-1.372563
0.680066
2.948970
1.172051
0.000000
16.076322
0.439901
0.000000
-0.386686
1.365124
-1.291393
0.056933
0.155048
0.042977
0.000000
0.000000
1.195738
-0.478650
0.181230
2.688012
-2.767896
-0.483492
0.185998
1.321350
-1.263969
-0.294719
-0.474272
-4.727664
-0.849885
0.010253
0.105347
-0.048515
0.045691
1.824039
1.501837
-0.881765
-0.818583
0.454347
0.040026
-0.655344
-0.277731
-0.013201
-1.216746
-0.887328
0.000000
-0.281432
0.000000
-1.644531
0.330482
0.076263
-0.336977
-0.260925
-0.262339
0.114795
-0.504026
4.836929
0.573733
0.448314
0.000000
0.145019
0.000000
1.198150
-1.384003
0.000000
0.000000
0.209726
2.048755
0.306562
-0.074150
-0.177011
-0.517145
0.398467
0.352139
-0.448066
-0.019271
0.437548
-0.083346
0.000000
0.370631
3.268773
-1.544354
-0.062656
0.000000
0.000000
-0.396142
-3.369178
-1.077668
0.000000
0.438687
-0.229766
1.505908
0.424927
-5.103046
0.566840
0.306068
0.028725
1.254961
-0.909312
0.050753
-0.115948
-0.215078
-2.167156
-0.848820
0.080072
-0.653394
0.727434
0.454762
0.000000
-0.004598
-1.179043
0.556179
0.423379
0.433305
0.384762
-0.640724
0.000000
1.291621
-0.408872
-0.315166
-0.185899
0.227919
2.793824
0.091894
0.853312
0.023640
-0.091549
-0.683041
0.000000
0.000000
-0.227053
1.362445
0.000000
1.830836
0.000000
-1.312879
0.000000
0.000000
0.249780
0.000000
1.816301
0.000000
0.239862
-1.330489
0.899682
-0.753643
-0.326639
0.197675
0.037920
0.832427
-1.343082
-0.265623
3.351993
0.206803
0.131773
1.743068
0.581809
-0.377160
-0.562550
-2.558803
0.356183
0.471840
0.000000
-0.733210
-0.731947
-0.747142
0.000000
0.331288
-0.924097
0.000000
0.825838
-0.432993
0.513194
0.000000
0.000000
0.094612
-0.727161
0.103744
-1.126612
0.008845
2.571041
-0.931774
0.000000
-0.995243
0.000000
-1.448404
0.067681
-0.144064
0.000000
-4.011984
-0.244269
-2.221537
0.000000
0.104710
0.514376
0.000000
0.000000
0.089616
0.382770
0.000000
-0.105971
-0.118356
0.348734
-0.413182
0.000000
2.339680
0.248919
0.468191
-0.488741
0.000000
-0.401149
0.000000
-0.324813
0.122679
0.195423
-0.092563
1.051410
0.000000
-0.639784
4.793246
0.000000
-0.891965
-0.033971
0.931220
-1.446909
-4.152610
0.000000
0.051878
0.903344
-1.437322
-0.367487
0.700787
0.326087
0.834241
0.053264
-0.555521
0.000000
-0.663113
-2.049709
-0.592126
-6.283734
-0.510797
-1.266583
-0.099049
0.000000
0.000000
0.000000
-0.672306
1.457142
0.502645
2.223432
0.596910
-0.041011
0.329948
0.732579
1.247896
0.000000
0.000000
0.000000
1.484145
0.000000
0.650090
0.795650
0.638824
-1.151896
0.162639
-0.638099
0.061665
-0.146765
0.000000
0.446724
0.592223
-0.245121
0.000000
-1.171573
-0.261957
0.214290
-1.098902
0.662105
0.000000
0.000000
0.474323
0.000000
2.002736
0.157072
-0.755467
0.000000
-1.091009
0.502264
0.060811
1.640301
-0.189483
0.280895
0.003223
-0.436128
0.000000
0.000000
-0.265015
-0.063404
0.000000
0.000000
-0.896330
-0.205877
0.112219
0.814786
0.000000
-0.259622
0.000000
2.626644
0.140806
0.043797
2.188736
0.169449
0.790494
0.000000
0.000000
1.617599
-0.164846
-1.339892
0.000000
-1.170892
0.000000
0.046427
-1.271077
-0.023064
1.860013
-3.262472
-0.604018
0.102162
-0.331458
-0.387389
0.000000
-0.134335
0.991351
0.000000
0.082216
0.046687
0.990501
-0.411936
0.000000
0.000000
-0.011095
-0.751438
-0.910511
-2.464851
-0.033877
-2.112283
1.331162
0.999306
-0.312716
0.000000
0.191623
0.000000
3.935355
-0.737916
-2.358809
0.000000
-0.009886
-0.073909
0.000000
0.278532
0.000000
0.000000
0.832793
0.018601
-0.144063
-0.475127
-0.576723
0.826630
0.000000
0.523789
-3.745807
-0.442855
1.617143
0.000000
1.382988
-1.089425
0.000000
0.144750
0.200137
-2.741892
-0.345118
-0.647958
-0.488710
-0.171384
0.024929
0.000000
-0.531727
-0.111331
3.550556
0.407657
-0.262419
0.224023
-0.688728
0.095618
-0.684524
0.066538
0.000000
-0.306036
0.000000
0.411597
0.218509
0.119957
0.000000
-0.030804
0.172924
0.085878
-0.596977
0.381999
1.071849
-1.923094
-0.138417
0.970184
0.000000
0.181172
0.117972
0.358121
-0.127890
-0.736301
0.841690
0.000000
0.766203
0.563420
0.722269
1.350719
0.000000
0.000000
0.000000
0.000000
1.753752
0.000000
0.000000
0.707769
0.109748
0.007969
-0.083067
-0.879191
0.055322
-0.012271
2.134423
0.055709
0.100896
0.000000
0.783247
0.000000
-0.025834
0.824594
0.000000
0.000000
0.000000
0.102971
1.340920
0.000000
-0.212539
0.000000
-0.732353
-0.174229
-0.830016
0.599644
-1.024721
0.000000
-0.292650
-0.224659
-0.148976
0.000000
0.051212
0.428964
-0.641924
-1.336271
-1.436964
0.000000
-1.888622
4.279671
-0.105795
-0.560587
0.653162
0.178282
4.644717
0.000000
0.000000
2.718410
-3.085265
0.484819
-0.081664
-1.171741
0.086485
-0.169873
-0.245769
0.000000
-1.038676
0.000000
-1.153607
0.000000
0.000000
0.264548
0.000000
-0.870983
0.000000
-1.697939
-0.055867
0.000000
-0.062622
0.144602
0.000000
-0.371704
0.322613
-0.007047
-0.352780
0.212840
0.074648
0.630089
-0.076300
-0.446380
1.029994
-0.136604
-0.102891
0.132709
-0.528130
-0.302025
0.585338
1.104603
0.136479
-0.689720
0.184550
-0.096809
0.046719
0.833619
-0.879670
0.000000
-0.405926
-1.175584
-0.354458
0.594795
-0.369277
0.162639
0.000000
0.000000
0.000000
-0.696633
0.000000
-0.282396
1.148934
0.973871
0.019059
1.255812
0.000000
-0.440658
-0.786465
-1.795434
4.794571
-5.495738
-0.001153
1.122707
0.810724
-2.562449
-0.786419
1.784060
0.000000
-3.569859
0.000000
0.000000
-0.005775
0.825187
-0.419474
-0.257489
0.000000
0.685629
0.119138
-0.031254
0.432221
0.189374
0.307972
-1.031987
0.087363
0.359406
-0.044250
0.005964
0.000000
0.000000
0.135972
-0.062117
-0.277337
-0.581281
0.000000
-0.135274
1.891613
0.333325
0.000000
0.711890
0.000000
0.000000
0.000000
-0.188068
0.423173
0.000000
-0.516407
-0.628342
3.556400
1.719854
0.258648
0.295315
0.000000
-0.257346
0.632278
-0.734134
0.636758
0.932502
0.147652
-0.301152
0.059324
0.101027
-0.911565
-0.095355
-0.176959
-1.109511
1.295999
-0.150622
-0.034010
0.489900
-0.162110
-0.079820
0.018596
0.000000
0.000000
1.102892
-1.427265
-0.515693
0.605457
1.618172
1.114543
0.000000
0.363206
0.108485
0.123858
-0.114025
0.717693
0.000000
1.119907
-0.289667
-0.516142
-9.357597
-0.706687
1.158799
0.000000
-0.553973
0.000000
-0.263153
0.293683
0.297834
-0.286926
0.000000
-2.726855
-0.882361
-1.007974
0.798483
-2.053965
0.000000
-0.024799
-0.013454
-0.168488
-0.508763
-0.011922
0.477873
-1.677080
0.213475
0.477817
0.000000
0.721887
-0.262721
3.296201
0.000000
-0.095437
2.187108
-0.170950
-0.461527
0.000000
-0.094023
0.000000
-0.400286
-0.278812
0.000000
0.000000
0.000000
0.240613
0.383035
0.406427
6.636519
0.178109
0.047079
0.418238
-5.149102
0.000000
-0.578109
-0.904382
0.000000
0.630147
0.244478
-0.691586
0.387400
-0.431874
0.095975
-2.499892
-1.107226
0.482945
1.083473
-0.508639
-0.160747
0.000000
0.044934
0.232962
-0.047232
-0.029782
0.000000
0.965161
-0.604453
-0.202991
0.513560
-0.088125
-0.100992
0.000000
0.124231
-0.752512
0.000000
-0.723385
-0.121981
-0.338543
0.874745
0.289987
1.264807
0.000000
0.075889
0.000000
0.000000
-0.792176
-4.896181
1.035646
-0.310338
-1.919339
-0.416952
0.658141
1.249093
1.647446
-0.951912
0.142866
0.000000
0.291244
-2.852819
0.919198
0.116347
-0.968817
0.456167
-0.830119
-0.923580
0.000000
0.683727
0.259999
-0.099287
0.000000
0.292822
0.000000
0.243753
-1.328230
-0.992363
-0.480724
0.000000
-1.782219
-0.017577
0.602333
-0.445898
-0.241862
0.192372
0.329165
0.163683
0.000000
-0.371481
1.746249
-1.248192
0.078651
0.449119
2.862004
-0.005121
0.000000
-0.412143
0.000000
0.728464
0.270620
0.471688
0.163224
-0.052352
-1.223268
-0.738380
-0.826977
-0.055194
0.000000
0.000000
-3.833724
-3.692864
-0.053644
-0.152149
-0.022775
0.000000
-2.734687
-0.232146
-0.338201
0.000000
-0.445319
0.063663
-0.605790
0.440274
-0.389643
0.184972
-0.072819
-0.412197
0.000000
0.174907
-0.506206
-0.338025
0.000000
3.764674
-2.217294
0.057953
0.000000
0.000000
0.000000
0.048528
0.031369
0.171319
1.021449
2.338491
-0.530817
-0.518675
0.801959
1.210750
-0.321904
-0.012093
-0.140456
0.740979
-0.488543
-1.361614
0.388643
0.064854
0.447220
0.216572
-0.492695
-1.734834
0.645009
0.470419
0.138508
0.000000
-0.389358
1.514900
-0.825791
0.713538
1.851152
-0.174148
0.000000
-0.325654
0.000000
0.000000
0.000000
0.000000
0.000000
0.000000
0.000000
0.000000
0.770062
0.000000
-2.354073
-0.180772
0.000000
0.000000
0.000000
0.000000
0.000000
0.000000
0.000000
0.000000
0.000000
0.000000
0.000000
0.000000
0.000000
1.032538
0.840438
0.000000
0.971740
-1.118949
0.000000
0.399069
1.993022
-0.242575
-2.983692
0.000000
0.099882
0.116720
0.000000
-0.379964
0.444439
0.000000
0.131024
3.245798
-0.272444
0.055383
0.000000
-1.049942
0.000000
0.000000
0.000000
0.000000
-0.278163
0.406671
0.883017
-0.913461
0.279504
0.744311
0.045703
0.000000
2.279661
0.000000
0.000000
-0.338403
0.235230
1.311434
0.113136
-0.868907
0.367622
0.949843
0.786704
0.000000
0.000000
0.573660
-0.553159
0.537637
1.635397
-0.386397
-0.042124
0.000000
2.112987
0.000000
-0.388716
-0.186385
0.000000
0.000000
0.000000
1.807862
-0.356770
0.000000
0.980747
0.000000
0.000000
0.000000
0.000000
0.713538
1.491214
0.000000
0.000000
0.000000
0.000000
0.075971
0.522646
0.022266
-0.060668
0.000000
0.111157
0.256557
0.000000
0.552466
0.000000
-1.109511
0.815068
-0.438669
0.000000
0.384689
0.217009
0.000000
1.825251
0.000000
0.000000
0.000000
-1.310940
0.000000
-0.651868
0.000000
0.000000
0.000000
-1.432378
0.000000
5.468711
-0.162772
-0.404206
1.680386
-0.330499
1.551095
0.470361
-0.843826
-0.426329
-0.327907
1.931602
0.000000
0.000000
0.321309
0.617624
-1.407253
0.720428
0.000000
0.424708
0.158465
0.014250
-0.004601
0.801490
0.402235
-2.866051
-0.094548
0.262358
0.601353
-0.905931
0.928213
-0.198065
1.833402
0.307773
-0.413182
-0.047483
2.474337
-0.008211
0.332956
0.000000
0.234730
-0.973957
-0.127853
0.561889
-0.115925
-0.417799
-0.141325
-0.505113
-0.021221
0.386938
-0.383537
-0.217206
0.008886
-0.463265
0.000000
0.325212
0.000000
0.000000
0.000000
-0.574165
-0.318963
-1.193397
0.000000
0.000000
0.000000
0.907827
0.327109
-0.507960
