-0.386705
-0.028383
-0.009128
-0.104706
0.043941
-0.743936
0.402967
-0.800846
2.453985
2.403201
0.656789
0.406338
1.054436
-2.283515
1.227200
0.120497
1.097509
-1.993621
-0.686794
-0.021177
-0.539608
-1.622522
-0.325651
0.489492
-1.402385
-0.744429
-1.236214
0.287624
0.652804
-0.399180
0.500091
-0.271886
-0.912392
2.989059
-0.484253
0.383261
2.601114
0.574834
0.021796
-0.642653
-1.216023
-0.250474
1.145255
-0.074417
-1.224150
-0.005763
0.021972
6.624150
-2.465362
0.184990
0.005637
0.907073
-0.820873
0.787697
0.766240
-0.256538
0.017317
-2.463617
-0.006409
-0.573418
-0.477532
-0.314570
2.896194
-0.665582
0.089042
0.824672
-2.232338
0.244725
0.787461
1.212256
0.018431
2.483888
0.006935
-0.694855
1.710747
-0.333614
-0.406857
0.036646
-0.668727
3.287303
-0.308642
-1.319909
-0.564383
0.198464
1.468680
0.361933
-0.022948
-0.171773
0.868820
-1.312314
3.397189
1.027420
0.069847
-0.388258
-4.688314
-1.390355
0.226634
0.050131
0.050114
-0.998786
-0.482835
-0.262258
-0.001820
-0.451459
-0.037316
-0.065695
0.238623
-0.222877
-0.079368
-0.228325
-0.387885
-0.571120
0.151490
0.165553
-1.177332
-1.559796
-0.168391
-0.635999
-0.351903
0.048645
1.736387
-0.503401
-0.475715
3.641687
0.668927
-0.801806
3.247383
-3.330848
0.011123
-1.986627
-0.421541
0.081091
0.681207
0.089277
2.524951
-0.016718
-0.751850
-2.238564
0.379563
-0.721096
0.269770
0.706830
-0.221329
-0.735173
-0.093665
-1.016184
-0.091082
1.147855
5.896482
0.057909
0.167643
-0.744382
-0.458192
0.007776
-1.187534
1.295811
-0.627214
1.424662
0.490954
-0.470951
-0.244370
0.120459
-0.566054
-0.206551
4.604533
-0.566054
0.739677
-0.709397
-1.016321
-0.892543
0.124408
-0.452755
0.303193
-1.122599
0.624147
0.224321
-2.142628
0.132018
0.176574
-0.900186
-2.484157
0.189573
-1.720715
0.156319
-0.231910
0.270066
-0.643258
-0.120498
1.907638
0.473888
0.384685
0.703937
0.217692
-0.198543
0.354522
-3.685192
-0.403816
-0.331333
0.405351
0.009994
0.232131
-0.898012
-1.456525
3.089603
0.280994
-0.309236
-0.811138
2.748527
-0.188753
0.303598
0.620973
-0.718368
-0.180934
0.932917
0.552527
-0.283129
0.489517
1.110285
0.948601
0.264560
0.324569
-3.540213
-3.859645
1.470211
-0.625559
1.403354
0.243271
0.972913
0.992757
2.761307
0.365137
0.302445
0.040476
-0.015810
0.001240
0.687834
-0.477008
0.576303
5.276711
-0.271340
0.497526
2.359000
0.371554
0.122689
-0.234084
-0.631553
1.084005
-0.192689
0.134880
-0.360833
0.113545
0.544903
0.233119
0.322739
-3.264487
0.889461
-0.788615
-0.037570
2.824653
-0.557029
-0.198525
0.014888
1.081580
-2.127437
-1.665142
-0.219182
0.983807
1.077728
-0.658690
0.900923
-2.060562
1.126807
0.056302
-0.418821
0.900929
0.997732
0.754612
0.159649
0.566097
0.197997
-1.665775
-0.430225
0.192797
-0.103510
0.275851
0.245739
2.088447
-0.712885
1.406187
1.899528
-0.073162
0.368564
1.848399
0.784890
-1.478552
-0.479222
0.286427
0.677992
0.234058
0.498969
0.632545
-0.288461
0.211427
-1.021469
0.208001
-1.136158
0.807508
-1.223095
0.183797
0.527561
0.295445
-0.069571
-1.864931
-0.127565
-0.712103
0.825776
0.169740
0.378434
-0.334123
0.518650
0.264735
0.068911
2.318552
-1.122538
0.811016
0.250215
0.853273
0.418093
-0.237479
0.172859
0.292130
-0.425050
2.011226
-0.036954
-2.979998
0.236869
1.388022
0.406934
0.020822
-0.003387
0.210305
4.171520
-0.088556
2.785908
0.206538
-1.263884
0.139196
-0.754596
0.640757
0.236076
-0.151826
-0.080592
0.440369
1.344995
0.319436
0.086820
0.132912
-0.000712
0.453027
-1.368270
0.420515
0.369730
-1.014962
0.267039
0.757062
-1.000708
-0.317426
-0.090932
-3.137730
0.904770
-0.030211
1.686960
-0.052633
1.371899
0.270411
0.018188
-0.172980
0.329530
-0.553200
0.015136
-1.044573
0.647710
0.036725
0.391256
0.394797
0.466089
1.665604
-0.497140
-0.810282
1.977343
-0.491736
0.673684
-0.711088
0.873376
1.249735
2.039896
-0.140526
-0.136578
0.424498
0.785353
0.201109
-0.822500
-0.545050
0.039126
0.521246
1.986685
0.359417
0.009812
1.194317
-2.922254
0.274962
-0.798993
-0.646187
2.110406
0.535952
-5.289291
0.088419
1.010760
0.784274
-1.382926
-1.546176
1.561276
6.604445
-0.339888
1.277418
-0.237308
1.252332
-0.441243
-0.026754
-1.036026
-1.153183
-1.311006
-2.269806
-0.571107
0.206792
0.064625
-0.061502
-6.246289
0.785904
3.634063
-0.018248
0.507856
-0.360687
2.523615
0.228722
-0.290750
0.740074
-2.362434
0.024307
0.137037
0.158992
-0.471135
-1.189935
-0.637343
-0.034498
-0.317940
-1.503490
-0.794926
-0.417434
-0.069714
-1.583306
-0.198363
0.196531
0.263318
-0.251214
-0.274876
4.760395
0.688055
-2.796936
-0.638125
0.270577
-0.996533
0.563632
0.246504
0.247348
0.097263
-0.014294
1.162268
1.308337
-1.249257
-0.202216
0.242052
1.087636
-0.056747
0.358742
0.253240
-1.811776
0.044366
-0.663994
-0.659239
-0.113818
-1.214674
-0.751654
0.081064
-0.072553
0.892031
0.194052
-1.309729
-0.364044
-0.091263
-0.237045
1.094715
0.238106
-1.963268
1.063168
-5.042397
-0.285053
0.044249
-0.002584
-1.357885
5.965524
-1.484477
-0.457261
-0.991203
0.915875
1.742116
-0.156911
-2.621664
0.171774
0.811859
1.468904
-1.844368
0.112926
-9.308023
-1.119986
-1.075946
3.594097
-2.812541
-0.003200
0.709229
0.610963
-1.023683
0.172977
0.668335
-1.057200
-0.716373
-1.721708
-1.535209
0.367388
-0.449055
0.045454
0.188313
-0.154399
-0.624551
0.693738
-0.768048
-1.520597
0.979716
0.381460
-0.018771
-1.009347
-0.107936
-0.106070
-0.002025
-0.566655
0.368895
0.330096
-0.513569
-0.003224
0.098413
-0.928049
-0.207276
0.304537
-0.450674
0.654531
-0.051763
0.427681
-1.183029
-0.136156
1.157307
-0.869199
-0.629528
-0.033336
-0.592669
0.586816
-0.589618
0.313223
0.485369
-0.430154
-0.316152
0.225103
-0.106824
-0.309444
-0.864133
-0.603330
-0.505360
-0.810437
-1.539233
-0.564812
-0.156510
1.179976
-3.996769
-0.574796
0.074839
-0.038060
-0.542475
-0.790324
-0.404599
-1.274223
0.317432
2.682259
-0.096551
-4.204177
-0.449340
-0.050694
0.610761
-0.326898
1.063339
0.201598
0.921663
-0.068746
0.125085
4.002913
1.273120
-0.594000
-0.424579
-1.073042
-0.086771
0.822763
-0.466584
0.296534
-0.430038
-0.148026
-1.036429
-1.024329
0.060235
0.640067
0.485338
-1.921596
0.198432
-1.137159
-1.610466
11.341038
3.894250
-0.031558
0.569502
0.435679
0.375657
-0.956503
-1.053639
0.477633
0.377723
0.058885
-1.624973
3.391933
-0.643963
-0.179547
1.094892
0.102654
-1.790234
0.714547
0.498883
-0.016952
-0.137600
-0.626580
-0.321517
-2.922591
0.850383
-0.227985
-0.684636
-0.153576
-0.547562
-5.905799
-1.658149
2.904603
-0.319232
-0.008431
-1.596975
-2.821518
0.068322
-0.392429
-0.134843
-0.339334
0.332814
1.826715
-0.585856
0.745520
-3.397294
1.341294
0.012726
21.710246
-2.211495
-0.977009
2.535387
-0.496444
0.000000
-0.679278
-1.047686
0.808905
-0.039760
0.784583
2.795446
-3.710400
-0.078933
1.372685
-1.079245
0.998472
-0.605729
-0.083301
-1.617583
0.044279
0.899504
0.357500
3.549502
0.017268
-0.577743
-0.140523
0.477315
0.675563
-0.950045
-0.111440
0.016094
-0.802806
-0.041192
-0.121688
1.066544
-0.415140
1.708566
-1.057946
0.193480
0.425329
-0.032369
-0.003942
-0.360610
0.907696
0.048818
1.197218
-0.058726
-0.064562
4.096477
0.185536
0.994911
-1.259462
-0.186440
-0.339692
-1.091631
0.098177
-0.662076
-0.129848
0.425733
0.333660
-2.160337
-0.119468
1.666326
-1.633528
1.024611
-0.185637
-0.004655
-0.228679
-0.089227
2.686739
0.563848
-1.194190
0.412324
0.810074
3.605391
1.127732
0.206025
1.656562
0.462253
-2.737593
-3.784868
0.146400
-0.486315
-0.096887
-0.928299
-3.508605
-0.509766
-0.454710
3.366959
-0.999692
-0.329195
-0.757094
1.609447
-0.169240
0.685211
0.060690
-0.991843
2.213578
2.423536
0.111546
0.705270
-0.551175
1.882027
0.257126
0.357606
-0.614805
-0.768160
-1.049026
0.017456
0.777710
0.312579
0.000568
-0.033339
1.320577
0.077846
0.103295
-0.897628
0.490514
2.921154
0.934083
-0.747693
0.469140
0.857856
0.841880
0.185452
-0.460091
-0.266578
-0.066336
5.965217
2.095805
0.181877
3.409395
0.150592
0.390124
2.209327
0.456512
-0.098623
-3.191122
-0.298188
0.118209
-0.014296
0.257903
-0.053936
0.085641
-0.193990
0.211112
0.050536
0.335156
0.900070
0.653497
0.272744
0.294249
1.992660
-2.381406
-0.589857
3.399379
0.085383
0.661738
-2.986680
-0.094126
3.365620
-0.346075
-0.403362
1.901007
1.598861
-0.186198
1.789878
0.987820
0.435634
-0.026243
0.098217
-0.289725
-1.172548
2.170008
-0.208114
0.190383
1.468472
0.161680
3.253163
-0.738082
-1.802639
0.511783
2.705943
-0.499500
-0.212760
-0.264257
-1.135211
-1.863155
2.701275
0.152692
-0.212982
-1.999254
0.617431
-0.794001
0.848565
-1.678390
0.178805
-0.271615
0.138551
1.789666
-1.448561
-0.037778
-0.421917
0.178907
-0.000683
0.210111
3.127500
-1.265967
0.479157
0.545005
0.232949
7.093450
2.653592
0.167349
-0.183452
0.119853
0.337381
0.511934
-1.174762
0.040654
-0.135929
0.732492
0.129337
0.165812
-0.747082
-0.093445
0.626397
-0.363122
-0.091346
-1.246082
-2.496424
-0.176833
0.022208
0.069558
-0.006354
0.944465
-1.099631
-3.234674
0.243108
-3.352990
-0.535936
0.011620
0.041226
-0.044775
0.693097
0.736918
0.514954
3.731723
0.453661
-1.846376
0.334305
-1.261329
0.288926
3.564478
-1.406011
0.327755
1.312717
-0.187833
0.461941
-0.050514
-0.038474
0.502642
1.374103
-0.749593
1.600413
0.273047
0.000000
-0.722497
-0.794068
-0.431187
-0.612830
0.897368
0.785031
0.444925
0.934590
-4.698514
-0.611747
0.014172
0.046669
-0.149384
0.428056
0.971844
-0.268264
0.000016
1.607197
-1.375292
-0.513829
-0.364640
-0.151255
-0.541493
-3.400650
2.147899
-0.086487
0.406623
-1.074753
0.189674
-0.548620
0.232756
0.355695
-3.899843
-0.488925
-0.391119
0.090186
0.045352
-0.655685
1.668167
0.303734
0.332339
-0.022710
-0.324637
1.488668
0.756599
0.373521
-0.954610
-0.170292
-0.331253
1.227120
-0.084301
-0.232136
1.295085
-0.350674
-0.037850
-1.556543
-2.653815
0.060436
0.763571
0.214814
-0.151189
1.589601
-0.726180
-0.022424
-1.037120
-0.932843
2.638641
0.426760
-0.010683
-0.244933
-0.243939
-0.333187
0.441162
0.086942
-0.068843
-0.731913
0.352473
-0.215140
-0.062910
-1.451109
0.182067
-0.878874
0.374699
1.854717
1.757883
-0.686209
-0.263487
-0.589526
-0.419321
-0.986340
2.509248
2.005309
-0.214007
-0.175455
0.587666
0.279355
0.093295
-2.332811
-0.418418
-0.565026
-3.249585
0.677564
0.054542
2.034382
0.915912
-0.607755
1.152434
-0.474841
-1.020765
-0.575848
0.217422
-0.665693
-0.863485
-0.053490
-1.938201
1.108714
0.079095
2.388891
-0.561614
-0.486085
0.161087
-0.479492
0.727305
0.402885
-1.085804
0.066625
0.219395
0.320854
1.394689
0.172929
-0.597607
0.363466
-0.574839
-0.164568
-0.625834
0.331022
2.609925
0.018592
-0.828977
-0.549843
0.375770
-1.509849
-0.888041
2.115767
0.939879
-0.918203
-2.802320
-0.369681
1.106867
0.393997
-0.961334
3.021103
0.186237
-0.030986
-0.023271
0.123260
-0.004816
1.237700
0.205549
0.163365
-0.051135
-0.481191
0.225951
0.907669
-0.266380
-0.168050
0.367930
-0.961828
0.121475
0.007904
0.276559
0.430406
-0.991836
0.427571
-0.930691
-0.139358
-2.327433
-0.136970
0.699231
-1.205767
-0.825114
-0.693025
-0.200932
0.425331
1.001821
-0.590578
-0.668096
4.341328
0.117618
-0.004107
-0.272352
-0.212593
-3.393787
0.422306
-0.070177
0.266068
-0.664330
1.279126
-0.556549
0.240141
0.367293
-0.734063
-0.053023
0.677132
0.410129
-1.142194
0.138075
0.387486
-0.300907
-0.275237
0.390106
-0.159130
-4.398933
0.563848
-1.166796
-0.267367
0.734251
0.795484
-1.467198
0.775783
0.293640
-1.181821
1.263742
0.054511
-0.116411
-1.182603
-0.396140
0.062044
-0.110097
-0.269788
0.634768
0.873401
-0.495878
-0.555460
-1.715138
-1.144194
-1.199696
-0.824602
-0.017756
0.199125
0.071482
-0.867989
-0.119204
6.575946
-0.655981
-0.081611
-0.029817
-11.648392
1.318552
-0.269138
0.265352
-0.881308
-0.020680
0.441365
4.397376
-1.085638
-1.327094
-0.395468
-0.788929
2.188442
-0.414473
0.274837
-0.500205
-1.721316
9.646063
-1.433578
-0.888124
-1.084055
-1.212651
1.640536
-0.664310
0.467921
0.140244
0.080682
-0.100923
0.387238
-0.312942
-0.836834
-2.273034
0.058878
0.834569
3.730387
-0.747432
0.222186
1.031895
-0.135438
-0.377848
-0.298914
-1.497401
0.941969
-0.330754
-0.001241
-2.106715
-1.529109
-1.133970
0.036750
-0.267911
-0.131058
-0.762924
-0.081092
0.456617
-3.476994
-1.453928
-0.518953
0.536726
0.140244
0.396744
2.168134
-0.350512
0.166248
0.505102
0.138402
-0.289801
-0.153222
0.397014
-1.864549
-0.104352
0.900167
-0.057837
2.098335
0.307465
0.292022
-0.655201
-0.424670
-0.386913
-1.006003
0.700483
-0.986340
0.653371
2.231633
-9.451259
0.814091
-0.229364
0.547273
-1.066942
1.942744
-1.960094
-0.103471
-0.181213
-0.326731
1.112439
-0.035010
-1.045650
-0.384336
-0.213818
-0.030679
0.657033
1.783108
1.487466
-7.332412
-0.975697
0.269864
-0.924692
-2.250388
-0.170202
1.054349
-0.120710
-0.978907
0.766099
2.590183
0.494512
-0.071465
1.070427
1.064777
2.730360
1.487513
-0.181426
1.414762
-1.394269
-0.600038
0.122699
-0.457048
0.146837
0.646226
-0.069346
-2.373010
-0.565820
0.101302
0.044605
1.387346
0.052187
-0.730632
0.513038
0.332050
0.375057
0.152882
-1.326909
-1.148878
-0.526847
-0.590950
-2.962232
1.396942
-0.171002
-0.821192
11.099666
0.858744
2.259592
-0.407703
1.205802
-0.154185
-0.282236
0.094969
-0.200608
-0.109369
-0.719359
-0.510979
0.355250
-1.103731
-0.119528
0.111968
-1.624660
0.019736
0.081445
0.007266
-0.905253
3.183319
0.180995
0.164261
-0.270578
0.130583
2.780495
0.335701
-0.019008
-1.397996
-0.280996
0.469899
0.533660
1.016926
-0.193836
-0.049545
0.747043
0.191956
-1.116779
2.476478
2.562188
0.034949
-0.518606
-0.352670
1.087230
2.160941
0.114899
0.749613
-0.338043
-1.378341
0.226360
-0.380593
0.041623
1.101321
0.953704
0.756144
-0.127774
0.144420
0.453495
0.034865
0.624830
-0.370828
0.063848
0.306368
0.518418
0.147520
-3.133934
0.239436
-0.434217
-2.783868
1.562183
-0.765342
-0.309656
2.537922
-0.226765
-1.295323
-3.327800
1.307047
-0.470023
2.487648
-0.707797
0.690082
-3.434806
0.146257
0.860406
-0.155138
0.214524
-0.431743
-0.580651
0.514454
-0.073102
-3.001288
1.456923
0.156940
0.264325
-1.732065
0.324757
-0.226935
0.278305
-0.033551
1.278699
-0.408076
-3.772287
-1.007524
0.868276
0.370043
1.170289
-0.445502
-1.233434
-0.000312
0.436068
1.656401
-0.570988
0.564059
-0.835871
0.828783
3.657711
-0.576825
0.431406
-0.196433
-0.168382
-2.310563
-1.616939
1.464404
1.705608
-0.221645
1.059254
0.278966
-0.420256
0.351101
1.623581
1.532859
0.567071
0.200183
0.146440
-0.473996
0.100843
-0.157948
-0.710333
0.182947
0.112476
0.375513
1.754958
0.644755
-1.870848
1.192828
0.173884
0.338200
0.733476
0.197299
-3.402060
0.882952
-0.031648
0.962151
1.787385
0.415014
0.176708
0.579402
0.212321
0.640378
-1.327473
2.978985
0.035292
1.736923
-0.059464
-0.139439
0.000000
0.311857
0.580639
-0.546291
1.155383
0.235233
0.078949
0.084176
0.061743
0.583641
-1.265894
-1.300952
-0.618145
-4.457515
0.230202
0.012956
0.620285
0.159237
1.274397
1.077096
0.733903
-0.161069
0.130010
0.693481
-0.192054
0.077406
0.464204
0.767842
0.330880
0.308153
0.412327
-0.261857
-3.166242
0.151990
0.275797
0.445899
1.713204
0.933639
-0.164972
-0.879920
-1.502374
-0.175955
-0.156616
-0.471235
-1.099632
0.069782
0.673353
0.683581
-0.233291
0.459350
-0.348051
2.083053
-0.127199
0.021446
-0.288586
0.172659
-0.869218
-0.141004
-1.190781
0.249922
6.111350
0.119919
0.120818
1.536999
0.434570
0.078844
-0.356359
0.143449
0.154675
0.183025
-0.578083
-0.618562
0.273131
0.230844
-1.841579
1.427319
-0.769812
0.476119
-0.936357
1.828198
-1.398132
-0.602075
0.040695
-0.531457
1.341545
0.058013
2.247591
0.272847
-3.221129
-0.104040
0.317136
1.427195
0.394808
-1.191445
-0.014449
-0.232032
1.426279
-0.227270
0.546137
0.720011
0.336277
0.636426
1.241938
0.279816
0.158022
-1.652806
-0.476400
0.998285
0.594180
-0.333332
-2.937462
0.592321
0.414075
0.948789
0.006547
-0.449674
-2.940394
-1.087689
0.846444
-0.231396
0.595333
0.547173
-0.192054
-0.192054
2.124255
0.654347
0.246679
-0.833223
0.362871
0.034135
-0.303120
-0.676695
2.989806
-0.760943
0.781312
-0.198322
2.240801
-1.270764
-0.493301
-0.020281
-0.716587
-0.582731
3.069891
0.006057
-0.759271
0.619373
1.122723
0.309485
0.524562
1.569071
0.411061
0.291921
0.305463
0.168271
0.188152
-0.795244
0.342851
-8.406204
1.077458
0.137839
2.891888
-3.068471
5.785249
-4.473573
-0.101252
0.247136
-5.575281
-2.592636
0.508675
-0.094218
-0.855583
-0.443445
0.792808
0.029492
-0.857358
-0.468148
0.044199
-0.191750
-0.538105
0.361465
-1.231477
0.348162
-0.787760
-1.296861
0.000000
-1.264494
-3.261793
-6.939300
-0.706810
0.723079
0.355877
-1.130531
0.319759
0.098868
-0.168456
-1.389731
-0.056756
-0.309615
-1.058849
-0.686464
-1.213419
0.220827
-0.167281
-0.544059
2.130555
-0.084256
-0.662530
2.020788
0.148122
0.514041
-0.354296
-0.730382
-1.682232
3.558763
0.991202
-0.105647
0.027589
-4.557849
-0.718797
-0.772696
1.548263
-0.277542
-1.945015
-1.230861
-1.163210
0.621651
0.014643
-0.141335
0.422017
3.768519
-0.576459
1.668803
-3.503334
-0.051142
0.408180
0.229055
1.043980
0.574219
0.643871
2.901479
-0.172825
-0.040091
-5.080765
0.498695
-0.698118
0.285607
-0.115109
0.777155
2.636357
-0.959347
-0.009179
1.803907
-1.069327
-0.734076
3.034413
-0.432475
0.499940
2.660269
1.901445
-0.422355
-0.558060
0.480528
0.760669
-3.748455
1.037625
0.746345
-1.885234
0.477599
0.294222
1.522021
-1.398282
-0.001152
-0.320086
-3.018810
-0.244307
0.220126
-0.164287
-0.424445
-0.185497
0.264762
-0.429747
0.366505
-0.204200
0.965865
-3.386132
-0.334587
0.474891
-0.780020
0.019427
-0.753585
-0.625516
-0.198369
1.503250
-2.032684
-0.315467
-0.635989
0.074032
1.041315
0.859079
-0.304656
0.854976
2.350437
-0.171271
-2.049550
2.378079
-0.355195
0.606997
-0.057653
0.014307
-0.088006
0.351689
3.573182
-1.882459
-0.717614
0.131239
0.037495
-1.127923
-0.573157
-2.538506
0.098311
0.093923
-0.285287
1.444032
0.736412
0.477354
0.182851
0.157617
-0.641036
0.782265
0.366534
0.139628
0.509982
0.989909
0.686555
0.005547
-0.985069
-0.585159
-0.090934
-0.529578
-0.436872
-0.126798
-0.844570
-0.277839
0.603431
0.232371
0.837485
-0.002450
1.907972
-0.731388
0.173316
1.668523
1.266223
0.272664
-0.221760
0.068416
-0.293761
-1.943368
-0.454689
0.101343
4.691948
0.378453
-1.102774
0.135078
0.035678
-0.118289
0.350786
0.019032
0.445315
1.139413
-0.505990
-0.840875
-0.493696
0.051370
-1.801852
-0.506998
0.890203
0.051195
0.814966
-0.098757
0.326659
0.682341
0.424461
0.456088
0.022118
0.001187
0.832587
-0.103413
-0.676695
-0.876657
4.393120
-0.581379
-0.972424
-0.303974
1.078525
0.951442
0.349751
-1.588081
0.134796
-1.508025
0.620330
0.382706
0.789759
-0.843197
-0.177069
0.719671
2.545637
-1.094392
-0.440271
1.090105
-1.561874
1.638798
-0.714169
0.359568
0.108019
2.433878
1.819545
1.035103
-0.409824
0.007438
0.298527
-0.790143
-1.408662
-0.246646
0.239934
0.010504
-0.039279
0.782456
1.996527
-0.362906
0.068776
0.465770
-0.185669
1.015892
-0.438882
-0.504779
0.547485
-0.566062
-0.390691
-2.593882
-0.312757
1.098269
0.084225
0.081195
-0.467247
0.246869
0.713523
0.391020
7.445737
3.746501
0.331281
0.068626
-0.663751
0.323177
-2.811561
0.467073
-0.233781
0.500622
2.481688
-0.528646
-0.260020
-1.933364
0.170617
-0.248925
-3.710525
-0.270038
-0.007275
-1.503206
-0.452081
2.398565
1.986209
-0.392954
0.218827
-0.564117
-0.416329
0.287630
1.203982
4.235034
1.927644
0.160563
1.407163
2.028886
0.439889
0.114638
-0.165460
0.058895
0.203750
2.923597
-1.543088
0.029588
-1.041384
-0.032411
-0.573543
1.978776
0.278971
2.789265
-1.413096
-0.271703
-1.362098
-0.021302
-0.346703
-0.529754
0.273761
-0.165460
0.195433
1.074135
-1.895697
1.376964
0.815609
-0.256541
0.066878
-9.253859
0.423100
1.158502
-0.804067
3.925816
-1.873675
-0.736698
-0.826895
0.824274
0.837602
0.441047
-0.406215
-0.334856
0.727881
0.112187
-0.038497
-0.391011
-1.009122
-0.462914
-0.577585
-1.470635
6.718766
0.257649
-1.304931
-0.075990
0.084442
0.050427
-2.273122
0.344140
1.654362
0.867233
-1.558713
-5.150665
0.075738
-0.006586
0.150217
-2.524576
-0.852823
0.644716
0.345816
1.302441
0.802957
-1.311392
-1.108016
-0.470974
-0.590572
0.117553
-3.323701
-0.329490
-0.922292
-1.363351
-3.639800
1.218283
0.182205
0.662789
7.693387
0.134778
-0.979695
0.019084
-1.414235
-0.040689
-0.446928
-1.192805
-0.308108
-1.576225
-0.010177
0.063697
-0.364316
0.564237
-0.982838
0.190784
2.377464
0.287822
-1.323292
-0.389528
-0.341133
0.331480
0.439328
0.252507
-0.346778
1.327232
-0.089047
-1.211124
0.068672
0.297583
0.628404
-0.063838
-2.971805
-0.040488
-0.669727
0.471492
0.019752
0.559179
-2.887896
0.236330
-0.684548
3.178475
-0.183300
-1.025309
-0.484898
-0.754716
-0.570172
0.388886
-0.192051
0.721246
0.155749
-5.150395
1.526104
1.773676
0.947591
0.552785
1.304441
0.252739
-0.091562
0.156858
-0.214517
-5.085592
1.203073
-0.188110
-1.940971
1.367195
-0.282538
0.868160
0.745102
-0.288092
-0.011425
-0.038480
-1.995521
7.473103
0.077299
-1.238698
0.133149
-0.178050
-1.226168
-0.346929
0.060335
-0.132416
0.886765
-0.850270
-0.278841
0.286822
0.410137
0.112065
-0.594555
-2.357776
4.343411
-0.959661
0.649797
-4.812018
-0.075370
-0.444723
0.251467
-0.026486
5.848720
-0.399960
1.332719
-0.659521
-1.040451
1.414518
0.071946
-0.323795
-0.363043
-0.369679
0.152873
-0.589638
-1.926272
0.259488
-0.795701
0.026788
-0.019285
0.204796
0.820201
0.116483
-3.469324
-1.375302
0.021247
0.025393
0.752061
0.190819
0.106749
-0.455646
1.816263
-1.154225
-1.846121
-1.107638
-0.131673
-0.075244
-0.464733
-1.533581
-1.002834
-1.140516
-1.010201
0.549178
-0.246170
-0.174995
-1.059915
-0.330805
0.848370
-0.606898
-1.432880
-0.135583
0.283483
0.097861
-0.620525
0.107908
-1.076110
-0.038956
4.596868
0.416840
2.735825
0.782696
0.380983
-5.673571
1.686552
-1.031475
-0.669473
0.716158
-4.712795
7.447399
0.755330
0.043977
-0.152834
-0.093320
-0.675274
-1.455713
-0.217595
0.658854
1.472949
-1.304775
0.232461
-0.004647
-0.206571
0.643741
0.904021
-0.676641
0.213825
0.617286
1.168376
-0.647340
0.656139
-0.697452
0.234805
-1.122954
0.637644
-0.534522
0.758935
0.094709
2.031640
-4.688005
-0.883930
-0.687283
-0.181816
1.032386
-0.251398
-0.115036
-0.513669
0.212364
-0.873286
-3.541679
0.704599
1.032344
0.975740
0.152798
-0.393087
-1.264435
-1.001364
-0.071748
-0.167299
0.460823
0.117541
-0.220944
-3.383858
0.171172
0.046926
-0.259942
-0.625277
-1.060280
0.151741
0.480488
-0.494224
2.444756
1.799359
2.242960
-0.406941
-0.017270
-0.170077
0.187452
0.347261
4.405974
1.304786
-0.044963
1.076811
-0.233906
-1.057895
0.174506
1.058995
1.688381
0.093309
-0.163870
-0.677695
0.625418
-0.682446
0.160563
0.305976
0.439180
0.004392
-1.508147
-0.228461
-0.347895
-0.911171
-0.561206
0.467820
0.801401
-2.313076
0.941612
-0.400177
0.094366
0.000000
1.918262
1.855051
-0.146762
3.159200
0.028390
-1.332329
0.155987
-4.239163
0.705139
1.608083
-0.791598
-6.207673
-1.066370
-1.521828
-0.529754
-0.386550
-0.386215
0.626757
1.473273
0.039580
0.404625
1.086873
-0.190877
-0.136924
0.234908
1.002698
0.000000
0.000004
-10.669593
-0.358039
4.365876
-0.784368
1.268357
1.220020
-1.276051
-0.444714
-0.340675
-0.193805
-0.888488
-0.478550
0.352761
0.647296
0.763576
0.699065
-0.131957
0.822760
0.358832
1.097491
1.048450
0.702609
-1.200790
-0.316095
-0.053225
-1.645568
-0.091463
1.889578
0.491082
-0.198197
0.015443
1.715176
-0.031710
0.031486
0.604851
0.830171
0.944839
-0.809612
1.897004
0.231342
-0.365117
1.876935
0.062642
-0.228225
0.003486
-0.904147
-0.210412
-0.036424
0.642185
-3.017552
-0.786388
0.111731
-0.987305
0.357469
0.865430
-2.404294
-0.081182
1.451873
-0.610478
-1.008441
-0.110088
-0.718830
4.454097
-2.137976
0.033288
-3.935569
0.744024
0.176129
-0.143504
-1.165878
-2.485302
0.059919
-0.499539
-1.938978
0.004767
-0.092058
-0.686924
-1.450005
-0.302844
0.351141
-1.210461
1.429678
0.149192
0.737203
0.747229
0.052083
0.267999
1.914452
0.059642
-0.204740
0.218237
0.559920
-0.557244
1.570810
-1.309517
0.141562
0.107110
0.159059
0.119919
-0.155731
1.279879
-0.562448
-4.824812
0.660470
0.542352
0.160376
-0.680209
0.567327
-2.803083
-0.087173
1.317520
0.392926
0.233555
-0.386800
-0.369926
0.591556
0.517219
-1.422678
0.192903
-2.421363
-0.014139
0.677408
-0.760923
-0.665329
0.844570
-0.550731
0.217593
-1.525737
1.118889
-0.993842
0.120683
-0.097783
0.112147
-0.981778
0.367556
-0.588974
-0.460958
-0.459386
0.513076
-0.500369
-0.003553
0.058079
-1.222738
-0.699269
2.121228
0.691925
-0.889488
6.468508
0.447681
-0.337528
1.597170
-0.083547
-0.316005
0.913862
0.268396
-0.993780
1.133034
0.380482
-0.900675
-0.383556
-0.459840
-0.063839
-0.900410
0.664316
-0.783769
0.597325
0.518708
1.054348
1.704714
0.126364
-0.455946
-0.124802
-0.377417
0.061408
-0.392044
0.733540
-0.734952
-0.565260
0.023421
-0.359938
-1.739873
0.209822
0.872698
-0.014025
-0.280623
0.282508
0.431563
-0.450934
0.758509
0.523991
0.236776
1.061022
-0.407279
-0.773250
0.373440
0.838354
-1.015435
0.535926
-0.524109
1.550116
-1.116757
0.210084
0.631829
0.657329
0.216035
-0.173416
-0.623429
-0.534110
0.902394
-0.092232
0.252049
0.370997
1.484512
-0.021084
-0.869919
-0.608092
-0.676695
-7.966289
-0.529754
-1.505815
1.415559
0.815279
0.791671
0.084370
0.764606
-0.478603
-4.450059
-1.083031
1.410532
0.651544
-0.720612
-0.953892
2.438771
0.351959
-2.043254
3.214837
6.112195
-0.050625
0.225874
-0.095530
-2.101874
-0.054113
-0.810811
-1.940052
0.023600
-0.408100
-0.267204
0.829142
-1.318500
-0.103496
0.386437
0.715968
0.066406
-0.702347
1.301769
1.644128
-1.105673
0.407241
-0.693579
0.740125
3.318965
0.000000
-0.946793
-0.240892
-0.597736
-1.706297
0.024251
0.647783
-0.057489
1.251741
-0.865020
-5.449605
0.366959
-0.097897
1.597415
2.478508
0.080080
0.359085
-3.602701
0.451310
4.334351
0.078326
-0.303173
-1.920282
-0.665518
0.346719
2.890324
-0.693242
-0.950272
0.271329
1.927254
-0.514373
0.017888
-0.679967
-0.242362
0.113345
-0.077867
-0.281688
-0.323227
0.119495
0.145777
-0.464532
2.020647
1.445595
0.117484
0.810850
0.154866
-1.692624
-0.273296
0.235780
0.854723
0.456099
-1.065512
0.850471
0.445043
-0.009243
-0.629385
2.199533
1.263726
0.922218
-0.855508
2.214057
0.126511
3.322756
-1.007856
-0.024145
-0.425183
-1.778437
-0.068285
-0.658604
-0.283154
0.036326
0.543548
-1.264983
-0.311797
-0.797693
0.671070
-0.246235
-0.002390
0.014411
-0.618795
9.024521
1.002391
0.460561
-2.204688
3.695810
4.459608
0.150025
-2.299143
-0.653358
2.111080
-1.097714
-2.184257
1.048580
-6.462326
-1.083881
0.741530
-2.063607
0.000000
0.150511
-3.658239
-0.090661
-1.642657
0.064241
-0.277136
0.225451
-0.174156
0.020864
-0.859562
-0.292904
0.972266
0.776328
-3.889348
0.144162
-0.325639
1.186358
-1.081721
-0.347902
0.648783
-3.080230
0.494182
-1.017304
0.271080
-1.841228
2.424030
0.194955
-0.692822
-3.762941
-3.166242
0.835156
1.104572
-0.039178
0.128219
0.895690
-0.084064
1.055284
0.120587
-0.188099
0.815526
0.320401
1.214458
-0.799111
-0.285775
-1.833420
1.497284
-1.127955
0.306995
0.631884
-0.734486
-0.354178
0.080325
-1.069482
-0.355763
-0.902983
0.563745
0.848121
0.205076
1.055559
-1.320474
-0.825547
0.646142
0.441058
-3.485965
0.069221
-0.324339
1.045547
-2.076339
-0.668295
0.407228
1.060242
-0.958152
-0.353127
0.401174
0.740070
-0.034058
4.324747
0.019874
-2.283720
1.169114
0.125331
0.169454
0.611159
-0.046746
-0.190193
-0.371247
0.659552
-0.644851
-1.277744
-1.210753
0.769393
0.685416
1.013987
0.096188
-0.501714
3.409467
0.262580
-0.339029
-0.027331
0.588428
0.515062
0.074208
1.197238
-0.849211
-0.626270
-0.704912
-0.355555
-0.842445
0.654739
-0.031689
-0.590292
1.006802
-0.036460
0.672804
-0.259787
0.207834
0.557826
-0.377596
-0.112750
0.026050
-2.016112
1.971748
0.399852
-0.366143
-1.834740
1.320147
-0.006604
0.420011
0.531837
-0.068176
1.018003
0.647939
0.754067
0.089497
0.125718
0.109116
-1.197699
1.552505
0.208485
-0.803482
4.276154
0.972097
-0.132229
0.192221
-5.709684
-1.225506
0.493309
1.695220
-3.535869
1.070303
1.810195
-0.340600
0.828474
0.260761
0.384023
0.150471
0.498909
0.481910
-1.644772
0.057085
0.685715
1.074888
-1.041692
-0.106619
-0.705493
0.145426
3.477766
-0.206013
0.435857
-0.435847
-0.307067
-0.534427
-0.263388
0.635028
2.059068
0.616153
0.157854
0.999992
0.359044
-0.846162
-0.488525
-0.183134
0.401974
0.015272
-0.317821
2.400867
-0.791646
0.371219
-0.500605
-0.022649
-2.407852
0.751002
-0.299762
1.245579
-0.245942
-1.226829
1.002060
0.217860
1.180996
0.285994
0.260391
-0.052548
-0.761419
0.092673
-0.236503
-1.738548
0.186544
0.842827
-3.916676
1.663742
0.441157
-0.143235
-1.524118
0.680937
0.760983
1.226428
0.331445
-1.510639
0.545173
-0.373714
0.138651
0.910862
0.547790
0.451957
-0.137079
0.010398
1.109834
2.797403
0.210796
0.304369
0.903639
0.774323
0.937795
-0.018966
0.721989
1.714056
-0.136131
-0.199550
0.737942
-2.163131
0.346607
-0.967452
8.779082
-2.802523
0.567789
0.709426
-0.463550
0.021315
-0.089668
0.036851
0.078005
9.363345
-0.228836
-0.170894
0.015043
0.258180
1.007115
-0.216688
-0.022965
-0.421843
0.960035
-0.175602
-0.150855
-0.974973
0.159231
1.039453
-0.050390
2.306599
-0.001519
-0.126283
1.057526
-0.131324
-0.998731
0.339502
-1.858374
0.143691
0.388905
2.728113
1.665371
1.174438
0.183897
0.154878
0.339221
-1.744570
2.023089
2.256543
0.313222
0.025654
-1.038165
-2.769090
-0.668922
-0.245989
-0.027576
-0.452277
-0.310049
-0.481711
1.250817
-2.941047
0.967907
0.990117
0.707245
-1.103000
-0.361422
0.927094
2.439664
-0.580598
-0.080556
-1.026163
8.741846
0.181103
2.416347
1.940614
1.856596
1.410626
4.246745
0.196983
-0.329779
-0.274310
-0.180793
0.413760
-1.709651
-1.129244
0.813372
0.922015
-0.129358
-0.249778
-0.134839
1.462207
0.494457
0.284143
0.023899
-0.808663
1.539154
-0.135265
-0.245321
0.311244
-0.578938
0.000000
-0.086078
0.704401
0.502771
0.064399
1.110190
-0.546371
-0.511582
-0.019179
1.168285
-1.494842
-0.151641
-0.400453
-0.036971
-0.010188
-0.245192
-0.022970
-0.359123
-0.278187
-0.292374
-0.304966
1.167168
1.061448
-0.747337
-0.385967
-0.503909
0.353548
-0.235865
-1.092614
-1.189753
0.052602
-0.031046
-2.075339
1.076309
0.680435
0.008170
0.647833
-0.073380
0.168161
-2.759766
-0.870628
-0.128688
-0.089066
0.046715
-2.508794
-0.974330
0.000000
0.040677
-10.674123
1.413515
0.038576
0.634249
-0.117027
-0.155959
1.432241
-0.481935
-0.211171
0.381644
-4.145075
0.296892
3.130350
-0.256539
0.877653
0.027078
-0.051143
-0.652669
0.028474
0.862789
0.368479
0.089526
1.230040
-0.621051
-1.977955
-0.213265
0.656752
-0.366743
-0.316821
0.295085
0.362656
0.517214
-0.268364
0.128924
0.926895
-0.393281
1.246516
0.784430
0.003488
-0.429057
2.963813
1.713694
0.000000
-0.152214
0.010524
1.732483
0.127307
-2.591827
-0.020464
0.463318
-0.088914
0.427197
0.137360
-0.101704
-1.057802
0.781580
-0.438468
0.068981
-0.935763
-0.130585
-1.006195
-0.801619
0.533589
-2.310237
-0.775939
-0.391098
-0.360882
1.834142
3.035222
0.631794
0.302277
-1.558516
-2.781024
0.486970
0.919495
-4.228104
0.930200
-0.000030
0.270485
1.510217
-0.547962
-0.956765
0.897989
0.072488
-0.566886
-0.166874
-0.729420
1.317434
1.162494
-0.735262
0.277462
-0.027997
0.228895
-1.267140
-1.727038
-0.302842
0.799763
1.104904
0.678099
0.063327
-0.617331
-1.739030
-0.446748
-0.231741
0.656585
1.390613
-0.775641
0.627845
0.667517
-0.526824
7.998646
-0.958745
0.435767
0.126364
-0.453508
-0.675662
-6.576041
-3.008424
1.632042
-0.821530
0.078326
-0.316024
0.429129
3.340630
0.086290
-2.487881
0.166011
0.214334
-1.514405
-0.024715
-0.344370
0.038625
-0.436530
-1.426659
2.291040
-0.274568
1.361686
-1.338174
0.391965
-2.735591
0.716988
1.439973
-1.805226
1.089070
0.976112
0.633161
-0.339732
0.629688
-1.538833
0.245575
1.008716
-0.344684
-0.435970
-4.303356
-0.530153
-5.878273
0.125133
-1.530803
-0.252628
-0.158049
-0.661811
-0.160593
1.064617
-0.347333
1.330544
-0.420897
-0.520827
-0.114633
0.973388
0.079122
0.549581
0.261093
0.052543
-0.899750
-0.276632
0.205731
0.486966
-1.120982
-1.167036
-0.240255
0.343191
0.790760
3.103988
0.771422
0.056517
4.182597
-1.792280
-1.069217
0.431780
-2.307811
0.522520
-0.937589
-1.245810
2.780249
0.161130
0.487270
-0.079222
-1.078616
-0.618914
-1.205050
0.161425
-0.965962
-0.729609
0.165567
0.872482
0.127434
-0.192054
-0.343574
-1.265600
0.159427
0.274465
-0.292077
-0.752459
3.440157
-0.069591
0.097118
0.959312
-0.172129
0.486594
0.266308
-0.248623
-1.747613
0.763727
-0.532066
-0.031305
0.285486
-0.140726
-0.113270
0.317499
4.245533
0.219707
-0.149614
-1.565185
-0.191347
2.652073
0.593002
1.227024
-3.117656
-0.479259
-3.293640
-0.434326
0.373367
-1.241910
-0.643065
-0.641735
6.981629
-2.723059
0.982215
0.002042
1.839001
-0.309420
2.320023
0.090971
-1.380711
0.591211
1.232161
-0.116108
1.595652
0.712057
-0.518639
3.468048
0.077089
-1.477611
-0.090887
-0.333550
-3.991554
-2.573431
-1.233020
-0.428011
0.434342
1.770517
0.137660
0.119629
1.132699
-1.504569
0.489317
-0.448720
-0.161475
-2.592416
0.938546
0.072474
-0.189505
-1.273778
-1.266299
0.428302
-0.824730
0.211731
-2.121763
-0.690823
-0.281799
0.801127
-0.086598
-0.595011
-1.283384
0.207004
-0.305380
0.858540
-0.017506
-0.769695
0.131014
-0.442804
0.108159
16.672734
0.166046
-0.491817
0.359479
1.929615
0.922728
0.548451
0.250423
0.245485
1.008744
0.593540
1.168138
-0.307357
0.516925
-2.456460
-0.913033
2.444992
-0.070790
-0.092254
0.909046
0.614430
7.921818
2.445336
-0.163103
-1.350101
-0.264271
0.377685
-3.368002
-0.003320
-1.117745
-0.445752
0.731492
1.369705
-0.099221
0.206977
-0.431826
-0.969710
3.253482
0.925011
-1.293220
-1.128708
-1.333315
2.156905
0.282914
-0.578339
-0.580439
-0.708661
-0.041929
-0.676695
-1.184021
0.198499
-2.059205
9.669913
0.815058
-1.201328
0.386726
-1.253378
0.293764
-1.087405
-2.649153
0.060282
1.182384
0.481333
-0.089341
0.142344
0.610346
1.510806
0.200663
-0.418022
-0.395194
-0.371064
-0.654668
3.372902
-0.401666
-0.141205
-0.016948
-1.372002
0.749653
0.159382
0.992062
0.372023
1.233631
0.920443
0.712033
1.954200
1.011686
1.418327
-0.983654
0.015769
0.736036
-2.541417
-0.184881
-0.602817
-3.605176
0.376617
-1.818475
-1.206617
1.714024
-0.245176
-2.414501
-0.148612
0.081330
-2.816711
0.278387
-0.765066
-2.209344
-0.561059
2.019528
1.011551
0.508755
-4.567097
-0.039908
0.073349
-0.189796
1.215923
-1.496917
-0.061985
-0.682750
-0.406471
0.035771
2.233765
3.456403
-1.226858
0.829149
0.383540
-0.704567
0.637458
0.511532
0.086466
-0.642865
-0.140048
-0.397138
0.187223
0.067428
-0.931598
0.110565
-0.248078
0.225701
0.470464
0.223744
-5.876977
-5.376844
2.259139
1.293091
2.855061
0.766875
-0.957136
0.326308
0.159870
-1.430546
-0.934772
0.487037
1.753846
0.010271
-0.012215
0.247093
0.092999
-1.173870
0.215774
0.675082
0.069287
0.980270
-3.028545
0.295209
0.082341
0.180070
0.397397
0.260434
0.731065
-1.135990
-2.360884
0.775169
0.189189
-0.210434
0.403572
-0.332258
-0.466537
-1.013979
0.374677
-1.135554
1.131669
-0.604662
0.059710
0.406035
-0.542751
2.513978
0.312740
-1.248227
0.173452
-1.495953
0.698875
0.089652
-0.063859
0.452418
0.530927
0.217046
-0.030860
0.027753
-1.201028
-3.985379
0.000000
-0.359707
-0.974854
0.050364
-0.292707
0.019938
-1.291992
0.576863
-0.237720
2.330410
-0.606552
-0.368803
0.073114
0.159478
-0.225034
-0.425929
-2.817392
0.425998
-0.082331
0.323012
-0.382999
-0.316357
-0.004286
0.280701
0.912385
-1.668738
-3.042918
-3.985379
0.757446
1.001072
0.965865
-0.069596
0.383653
-0.407800
-1.690783
-0.977061
5.059006
-0.895533
0.914207
0.228324
0.461624
1.582921
0.359956
-0.383944
-1.011888
0.166817
0.121231
1.090105
0.541905
-0.158110
5.205293
2.518512
-0.022935
-0.080466
0.092054
-9.666798
0.216325
1.100573
0.077922
-1.360047
-0.315038
-0.478675
-0.795712
1.968006
-0.500844
0.484055
1.241488
-0.008055
-0.397723
0.770968
-1.276808
0.660070
2.350592
-0.195252
-0.683837
-0.561100
0.179663
0.033707
-0.660664
-0.442903
1.334333
-0.058966
1.185131
1.156803
0.304554
-1.050285
0.165389
0.445906
0.843233
-0.170088
-0.258264
0.998426
-0.104888
-0.225431
-0.732875
0.001665
-0.476048
-0.679178
-0.346031
0.159033
-0.428456
0.492372
-0.088110
-1.187146
0.131376
0.350222
0.833162
1.029637
-0.428093
0.071571
-0.132734
-0.082624
-1.643008
0.002450
0.567423
-0.143562
-0.222403
3.288215
0.664433
-0.805816
-0.166984
0.510730
-0.574993
2.518997
11.180514
-0.664753
-0.833519
-0.241846
0.386668
-0.228617
0.625486
-0.430574
0.635335
9.692939
0.387687
0.067588
-0.306606
-0.382158
0.434159
-0.563325
0.028809
0.161112
-0.367601
0.025264
0.196384
-0.330651
-1.593173
-0.183112
-2.778952
-0.101372
-0.462022
0.630128
0.822501
0.068029
0.340383
-0.308796
-0.822886
-2.398061
-0.185099
0.012757
-0.596302
-1.511708
-3.800365
1.429555
-0.457628
-0.246848
-1.175479
-2.128538
0.000000
1.052193
2.719933
1.933338
0.247125
1.046670
-0.096770
3.062089
-1.601510
-4.516996
-0.042658
-0.433127
1.245713
0.177498
1.020103
-1.596063
-0.198129
0.680848
-0.966728
0.533001
-3.103283
0.177348
0.407951
0.638185
-1.335570
0.919916
0.668068
0.660299
-0.892900
-0.299920
-0.812095
0.766060
-0.062600
-0.250052
-0.064808
0.508675
0.224060
-0.208734
-1.428637
-0.196274
0.832497
-0.671262
-0.834800
-0.341773
0.663679
0.507896
-0.471329
-0.010462
0.458994
-0.479690
-0.924616
0.155146
0.138141
1.364690
0.128848
-4.443557
0.161555
0.170928
0.143881
-1.101004
0.073359
-2.267335
-1.630234
0.538412
-1.018014
-0.146142
0.100704
-0.705866
-1.099972
0.735770
0.445539
0.271515
-0.448345
0.170017
3.091265
-8.764243
-1.253400
0.115941
0.242418
-0.998588
-1.237474
-0.010929
0.040205
-0.830739
0.728506
1.664499
0.230727
-2.481538
1.369228
-1.336031
-0.082476
1.537769
0.428365
2.015725
-0.709084
0.086354
-0.253451
-1.021128
1.336778
-0.634821
-1.309780
0.039661
0.166220
1.276260
-0.033369
0.450873
-0.066883
0.448750
0.000000
0.046506
0.543921
0.244179
-0.121501
1.764231
0.287854
0.156220
-1.392569
-1.628219
1.561433
-0.601513
-4.456643
-0.048858
0.147202
-0.110429
-0.278973
0.784602
0.621305
-0.541110
0.974118
7.780648
0.154390
-3.870019
-0.802696
-1.412071
-0.273360
0.091173
2.682838
-0.418922
0.367628
-0.753897
-0.959788
-0.039663
-0.177646
-1.068772
0.098971
-0.702940
-1.124975
1.481196
0.893237
0.269781
0.266509
0.255808
-0.195350
0.960191
0.222974
0.192270
0.203442
-0.773668
-0.262386
-0.957618
-0.250619
-0.891000
2.993836
-1.895723
-2.316357
0.436628
0.125326
0.078995
0.506040
-0.841519
0.101411
-0.258284
-1.955516
0.253875
0.421379
0.328152
0.633455
1.055670
-0.076746
1.131889
-1.060162
-1.121100
0.229519
1.863100
0.148428
0.045573
-0.795059
2.257542
0.794070
-0.282597
0.196950
-0.010472
-0.419373
-0.283170
-0.126239
-0.740291
-0.191975
-0.037921
-0.915328
0.974904
-1.318287
1.603669
2.016546
-1.003582
0.435014
2.158905
-0.174435
0.517887
0.517887
0.088755
-0.461692
-0.643586
0.136406
-0.596604
4.091000
-2.089409
-2.490950
-0.967479
0.444647
-1.219833
0.788237
-0.142691
0.921847
-1.647625
1.241341
-0.786372
-0.069374
0.588502
-0.968297
-0.284747
-1.327478
-0.073373
1.384179
-0.063841
0.332884
-0.041757
0.094767
0.525476
-0.713200
0.138136
-0.290315
-1.951794
1.568409
-1.736423
1.476111
-0.556801
-1.004373
-2.463041
-6.032451
-0.035695
0.632092
2.751190
-0.307765
2.369193
-0.519046
0.531884
0.109444
0.536726
0.448502
0.572857
-1.798599
-0.526176
-0.494731
-3.110885
-0.111416
0.161327
0.907782
-0.792393
-0.397205
1.421288
-0.825415
2.254476
0.567230
1.883462
-1.069963
0.299183
-3.648980
-0.487421
1.170507
-0.964272
0.167072
-0.344215
-0.199591
-0.167524
2.293699
-0.100818
-2.884431
0.306517
-0.411860
-6.611474
-0.551037
-1.256075
-2.099307
-0.481711
0.010183
-0.933940
-0.380805
1.342151
-0.255453
0.033212
0.033591
0.098299
0.483247
-0.509498
0.147764
-0.473927
0.377047
1.849235
0.205684
0.178766
2.836529
-3.268008
0.574956
0.422613
-0.035678
0.435708
1.059961
-1.159391
0.466062
-0.022531
0.456016
0.352065
-0.832705
0.312227
0.118218
0.184222
0.832213
-1.762056
0.427149
0.439533
0.949874
-5.697429
3.273336
0.956008
-0.284668
-2.156602
0.343626
-0.295620
4.089109
-0.729462
-4.216977
0.261384
-0.659936
0.722973
5.010262
-1.866587
-0.989152
0.131273
1.938244
0.815670
-0.035033
0.275954
1.351713
0.020300
-1.079408
0.010596
-0.639693
-0.174262
-1.006774
-0.295649
-1.538584
0.161080
-0.085950
0.383062
0.704464
-0.738191
1.396800
-0.829985
-0.317146
2.246166
-2.119783
-0.474667
-1.027687
-1.118916
-9.460013
0.559675
0.008201
0.135010
-0.010450
-0.728992
-1.122013
-1.343853
-0.788615
0.729314
-1.125545
-0.335805
1.516220
2.643959
1.217147
0.193971
1.880924
-0.655600
0.225398
0.349471
-0.061270
-0.263226
-0.969170
0.404277
-0.336422
-0.227254
0.259694
-0.779242
0.280816
0.006655
0.044591
0.068705
0.099817
-0.340463
-0.248326
0.205777
-1.476344
1.422860
0.039049
-0.392269
0.093705
-1.311064
-0.282344
0.637325
0.202164
0.991097
-0.142204
-0.729222
-3.728095
-0.662374
0.292487
-1.172653
0.507855
0.174370
-0.743017
2.459349
1.702154
0.099677
1.892608
3.285956
0.119672
-1.411233
-2.077124
0.086392
0.321195
-0.558438
-0.640592
-0.710644
0.132894
-1.412281
-0.054366
-3.236395
-0.171037
11.448614
2.813461
-0.807816
-0.194292
0.166774
0.066858
-2.104940
-3.035372
-0.151889
0.923778
-0.598812
-0.016954
-0.016988
0.009024
0.732523
-3.135114
0.531148
-0.256998
-0.097699
0.214407
-0.221538
1.425766
-0.518740
-1.468462
3.931321
-1.593298
1.516382
-0.480856
-11.749491
-1.463978
0.722336
1.076295
0.570825
-6.925923
0.476911
-0.507118
-0.751082
-0.325752
0.408533
-4.656430
-0.253703
-0.169012
-0.909328
0.712317
-0.491196
-0.794357
-0.081891
-1.072653
2.033560
0.181969
-0.520586
1.140651
-0.349560
-0.331895
-2.262402
-0.767126
0.565766
0.758402
1.317003
2.125935
0.210038
-0.062021
-0.569722
1.701413
1.229441
-0.186441
-0.227866
-0.458567
2.649036
0.686099
-0.976064
-0.079710
-0.036923
-0.525762
0.560079
-0.456077
0.167663
0.315073
0.237878
0.540563
-3.128034
0.824239
-0.591168
0.452855
0.408447
-0.139939
0.000000
0.036380
1.050239
0.030450
0.341910
-0.145596
0.203055
1.865045
4.482721
1.149094
-0.635256
0.882186
-1.785009
-0.287635
0.448597
1.934314
-0.036880
0.426400
-0.950273
-0.174856
0.002884
-0.642754
0.217677
-0.670459
-4.282708
0.437334
0.687709
-0.143557
0.290267
-0.133168
-0.578845
0.517712
-0.176756
0.138791
0.991987
-0.017070
0.313534
-1.630017
-0.312651
0.202956
0.920573
-0.715858
0.888144
-2.938351
0.287848
-0.460806
1.806122
0.452930
-2.696099
0.157622
0.014423
-1.163432
-0.576652
1.981398
-1.132947
0.648395
-1.692043
-1.074934
-0.062922
-0.047999
-0.844900
-0.049972
1.881710
-0.213460
1.176725
1.835238
-0.224284
1.003652
-1.187462
-2.049196
0.849929
-5.027413
-0.151120
0.395753
-0.013472
-1.186582
-1.144030
0.035180
0.767366
0.274799
0.033040
-4.267471
0.254498
-0.275878
0.143787
0.203553
3.824762
-0.462216
1.467557
0.168667
1.186886
-0.039035
-0.606449
-0.518149
-0.076490
-0.021084
0.121825
0.164943
0.560296
1.905919
-0.441908
1.305534
-2.198062
-0.162502
-0.071727
1.475090
0.973292
-0.967771
-0.569583
0.057220
-0.014893
-0.086550
0.054280
-2.964605
-0.164296
-0.074445
0.210146
1.245417
0.235024
-1.082566
0.214234
-0.109199
-0.387713
-0.759491
1.314336
2.357654
-0.637015
-0.263560
0.267094
0.417844
1.537973
0.613100
7.173502
-0.467653
-0.169490
0.349710
0.528731
-1.387263
0.537092
0.013309
-0.917127
-0.149919
-0.247207
-0.241156
-0.727330
-0.013816
2.051708
-0.009420
1.077619
-0.061764
-0.271374
0.501195
-1.917902
0.365992
0.468172
-0.090309
-0.260234
-0.304488
-0.857765
0.277838
0.127304
-0.677797
0.519082
-0.260825
-1.946358
0.205609
-0.836689
0.298564
1.795552
-0.433137
-0.171520
-0.365842
-0.198808
-0.147025
-0.155622
-0.202352
-0.458560
-0.881222
12.564281
-0.193744
-16.140738
0.047190
-0.416045
-0.021772
2.166796
1.290786
-4.415398
0.300841
-0.099843
0.047852
1.665214
-3.307742
1.025170
1.211681
0.558913
0.588614
-0.375760
-0.192054
-0.504376
0.062378
-0.034764
0.408660
0.143544
-1.188248
0.287850
0.024265
0.209287
0.687378
-0.083184
-0.211657
-0.882873
0.101422
-0.013524
2.612173
0.407961
-0.536578
-0.192066
-0.103772
2.064423
-1.640055
-1.060332
-0.344315
0.471419
1.974203
-0.186828
1.186315
1.008126
-1.042156
-1.818770
-0.255724
0.091496
-1.102185
0.497564
-1.645802
-1.439713
0.296330
-0.955376
0.346151
-5.481663
-0.330477
0.154083
-0.096860
3.112430
-0.600039
-0.360088
0.390188
-0.198021
-0.625781
-0.322104
-0.062353
0.702471
0.354952
-0.027866
0.232668
-0.418417
-1.225068
0.083886
2.287744
0.395468
0.416436
0.773985
-1.328254
-0.079329
2.763869
0.253657
-0.180042
0.675916
-0.022244
1.637641
4.782063
1.136882
0.401239
0.285888
-0.319595
0.164727
-0.667775
-3.096923
0.466873
0.880085
-0.043469
1.956840
4.993426
0.018690
-1.196614
-0.089675
-0.449845
-1.190486
2.753412
-1.121408
0.328978
2.877288
-0.507512
-0.028120
-0.442868
-2.269383
0.392402
-1.027728
5.356603
0.693593
1.653503
1.298812
-0.856721
0.366605
0.276140
-0.240466
4.166665
0.000000
-0.507934
-1.303914
-0.401282
0.084612
-0.911410
0.984520
0.275658
0.761897
0.941283
-0.073690
0.926560
0.340378
-0.282991
0.044013
-0.625037
-0.046762
-0.368847
0.359451
1.070145
-0.024977
-1.175533
0.407421
0.060777
2.730515
2.137371
-0.841071
0.036794
0.489492
-1.847674
0.165067
0.036407
-0.013672
-0.516925
0.806604
0.542255
1.568613
-0.482824
-2.760885
4.031704
0.574251
-0.153196
0.384251
0.013299
-1.680126
0.149547
-5.083528
1.589969
0.644065
-2.760338
0.183441
-0.583603
-0.234503
-0.095803
0.234935
1.537373
-6.178160
-0.532622
-0.846001
-0.463649
1.805111
0.061480
0.799856
-0.515255
-0.103417
-0.341678
-0.041309
0.899750
1.477126
0.133002
-0.917967
0.462635
0.964325
0.405409
0.445205
0.972441
5.899235
0.981098
-0.774143
4.393120
0.391600
0.006045
0.761915
0.590479
-0.204103
0.595777
-3.261136
0.070599
0.267356
-0.630630
-1.183520
0.490028
-0.178232
2.115249
-1.191627
2.555989
-1.327239
0.218764
-0.484843
-2.936735
1.983536
-0.774382
-0.277065
-0.566027
-0.404553
-0.403095
-0.432310
0.191219
-0.098818
0.421247
-0.730692
-1.725981
-1.208600
-0.521329
0.408212
0.291443
0.182947
-3.064551
0.759609
-0.128764
0.988507
-0.221875
0.343713
1.911069
-0.619354
0.152148
-0.531982
2.360511
-0.046518
0.440267
-0.089850
-2.502878
1.860086
0.768790
1.322673
-0.585335
-0.629554
0.130185
0.216238
-0.925303
-0.845270
-3.581186
-0.006100
-0.189547
0.229488
-1.126858
-1.566990
-0.096043
-0.891028
0.597916
-0.901693
-4.267869
0.292066
0.355314
0.139205
-1.490732
-1.671728
0.303147
2.003281
-2.396995
9.797977
0.339618
2.429830
-0.427356
0.256972
-0.974530
0.834940
-0.808232
0.110098
-0.123801
0.119698
-7.271027
0.376239
0.051805
-1.735539
-3.692253
-0.863991
0.749527
-0.961935
-0.769356
-0.215334
-0.597976
1.683821
0.653295
-0.581076
-0.184343
-0.695299
0.775529
-2.616630
-6.939705
0.716954
0.009230
-1.018441
0.099658
-0.370401
-0.552962
-0.757637
-0.259159
-0.266219
-0.359650
0.724964
0.650569
0.752658
-1.380351
-1.295730
0.346131
1.392147
0.803275
-0.205806
0.835966
0.286624
-0.728659
-2.192694
-0.891764
-0.285034
-0.369328
1.238605
2.609880
-0.126632
-0.171388
0.915788
-0.408031
-0.094889
-0.062419
0.383868
1.112406
0.525805
0.300005
0.537264
-1.811619
0.372378
0.412324
-0.053067
-1.223491
0.090221
1.947248
0.395095
-2.440831
-0.496047
2.277352
-1.451959
0.559421
-1.473435
-0.121114
-0.164470
0.266435
0.671650
-0.098351
5.315637
1.458984
0.294974
0.328187
2.103665
-0.009587
2.456940
-2.412015
2.116857
0.212202
0.950709
-0.168433
-0.558219
1.136013
-1.300863
0.045142
-0.360200
0.459644
-3.774618
0.318451
-1.326304
0.475635
0.198952
-0.000935
-0.416187
-0.076963
0.345108
-0.033020
-1.071464
0.310684
-0.532763
0.960521
-0.376078
0.349715
0.393687
-2.093474
-2.224447
0.282809
-0.070775
-0.032764
0.033880
0.296905
0.644364
-0.079980
-0.470757
0.662544
2.701557
1.018400
0.031199
-0.044171
-0.478884
10.584009
0.377134
-1.419921
-0.205547
0.041163
-0.128319
-0.115430
0.558787
1.889941
-0.733857
-0.600082
-0.012340
-0.466223
-0.026105
-0.647161
0.045962
-2.176224
-0.227756
-0.735439
-0.587922
-0.574284
0.225982
-1.577918
0.512864
-0.275512
0.369106
-6.858115
-1.727342
0.643772
-0.269628
1.017817
1.552930
-0.271608
0.091727
-0.161046
0.104616
1.685761
-0.998331
-1.078085
3.621932
-0.179373
0.468100
3.330399
-1.083796
0.224649
0.549522
0.223025
-0.217424
-0.273612
-1.842042
0.216905
0.237814
-1.994632
-0.749803
1.870474
0.008806
0.334172
0.008530
4.089757
0.040001
-4.601205
-5.174907
-0.220971
2.152637
0.293788
-0.312727
-1.108552
-3.800167
0.263487
0.560032
1.217348
-0.040039
0.265916
0.448597
-0.719163
0.278135
0.014751
1.081468
-1.551680
0.418311
0.197941
-1.561700
-1.612177
-3.188998
-0.365650
-0.123019
0.501394
-0.346166
0.848915
0.038775
-0.076608
0.270314
0.638890
-0.821428
0.003939
-6.245215
0.075813
-1.158416
-0.291165
1.581469
0.201295
0.156764
0.662707
0.628086
-1.481705
0.066027
-1.951091
-0.082488
-0.560687
-0.105569
0.736883
0.590346
1.670942
0.234409
-0.824683
-0.351759
0.566094
0.717450
3.279972
0.036107
1.251017
1.097056
-0.632453
-0.154346
0.228051
2.190204
1.470969
2.941482
0.658904
-1.914176
3.771106
0.667381
-0.248736
-0.583455
0.495580
-0.375583
-3.363093
-0.986904
-0.017183
1.896630
-0.181175
-0.493913
-0.576105
0.238211
1.445946
0.339092
0.394548
-0.083721
0.148378
-1.417965
-0.567101
0.704377
-0.563288
-0.095849
-0.275309
-0.336167
1.119837
-1.253791
2.107442
-0.295238
1.064382
0.037194
-0.404468
-2.349182
-0.905603
4.833547
-0.725363
-0.184816
-0.066483
0.326542
-0.245685
0.494173
0.578725
-0.029668
0.303055
-0.331053
0.727168
0.087573
0.812314
-0.520182
-1.627569
-6.532967
-0.093504
-1.498504
-2.877246
1.608364
0.052519
0.864292
-0.597047
-0.586234
2.336653
0.730654
-0.408195
-0.371263
-0.582552
-1.912128
-1.084566
1.652159
0.490036
-2.509145
-0.048057
-0.014756
-0.145082
-2.267954
-0.544730
-1.583368
0.041016
0.629277
-0.558604
-0.111279
-0.359268
0.095828
-0.112720
-0.327905
0.278599
0.495949
-0.251327
0.709796
-0.109162
-0.699523
0.997473
-3.636510
0.080425
0.010639
0.541193
-0.628359
0.065521
-0.508714
0.022910
-1.258793
0.825116
0.000878
0.112963
-0.275868
1.612284
0.095918
-1.224930
1.055523
0.442542
0.042167
0.580582
-0.357278
-0.125273
-0.393275
5.880399
-0.252488
-4.190775
0.500379
0.990042
-0.086493
0.177424
-0.755856
1.275510
0.380646
0.239533
0.099414
0.413204
-1.015745
0.324066
1.176599
0.122221
0.840883
-1.574893
1.413337
0.135367
3.052639
-0.669011
-0.092098
-0.925160
0.163209
0.895032
0.461331
0.191055
0.383295
1.187825
-1.869607
-0.720098
-0.411876
-0.113936
-0.176162
-0.512815
-0.177380
-0.032728
-0.781154
0.131418
-0.284272
0.198558
-2.177422
1.020926
-0.109561
0.105024
-0.735736
-0.377170
0.444691
-0.152952
-0.001482
0.255681
-0.975202
1.024105
0.247187
-0.557284
-0.900640
0.223539
3.595311
0.656404
0.031966
-0.814731
0.022754
0.123967
0.057944
0.298683
-0.145813
-0.159286
-0.315182
-0.094640
-0.121289
-0.881645
1.215652
-0.047059
-1.389568
0.154789
-0.319357
3.331881
-0.024331
-0.471015
-0.108544
2.867737
-0.059736
-0.514009
0.408396
-3.375706
-0.212716
0.044206
-0.754153
-0.425312
0.357199
0.321070
0.549330
3.165836
-0.148283
-1.199658
-0.888580
1.443653
-0.089569
-0.110573
1.383258
0.509366
-0.440968
-10.083125
0.512477
0.293891
0.180155
-0.668154
-0.187180
-0.875631
-0.633726
-1.821620
0.568012
-0.494553
1.014027
0.164659
-0.340461
0.832365
2.411630
-1.657102
0.700037
-0.551326
0.046039
0.055212
1.374274
0.015152
-0.018147
1.218061
1.884552
0.305267
0.130503
-0.478543
0.208358
-0.883312
-0.364056
2.123238
0.043512
-0.714132
-0.013635
0.415542
-0.435518
0.493046
-0.905147
2.210306
1.385802
0.522993
1.211359
-0.303223
0.214637
1.374002
-0.506130
3.450729
-0.467653
-0.366655
-1.647428
2.023262
0.091156
-0.051048
0.360092
-1.999145
0.383643
1.183487
-0.203089
0.045012
0.039287
-0.717358
0.215075
-4.964809
-0.721600
1.053929
0.758535
-0.674345
2.877382
-6.109510
0.469112
0.968780
-0.131234
0.495780
-0.284324
-0.420116
0.783814
1.464131
1.135482
0.965697
1.514046
0.631901
-0.447744
-0.524846
-5.265571
-0.717163
-1.134139
0.291921
0.034515
-0.040951
-0.303436
-1.394431
-0.714245
-0.168891
0.273761
0.378079
0.242044
1.395221
-0.297779
1.855387
0.711073
1.572090
0.633933
-3.477407
0.034489
-0.936145
-0.249359
0.856718
-0.607274
-0.160472
-0.093315
0.453643
-0.277995
1.054349
-1.445922
0.866197
-0.927449
0.850585
0.696118
-0.206371
0.684947
-0.188616
0.235026
-0.785345
-0.001985
3.839492
-0.323776
0.127510
-1.205844
-0.145355
-0.272195
-2.177745
-0.262662
0.424812
0.827756
-3.622501
-1.736737
-0.688385
0.046650
-2.063211
-0.522623
-0.136760
-0.266039
1.554076
-0.418417
-0.699294
0.205606
-0.961439
1.334255
-0.122629
0.798901
0.603270
-0.973265
-0.336254
0.391760
-0.276168
0.269100
0.245525
0.260623
0.251580
-0.013490
-0.670773
0.939286
-0.598186
0.161369
1.037197
0.382567
0.007330
3.966638
-0.045051
-0.048635
0.150535
-2.966350
0.197067
-0.454080
1.447714
11.446522
1.965300
0.263032
-1.512663
0.566996
4.606327
0.081559
0.392310
-0.017825
-2.367015
-2.503811
-0.173915
1.111991
-0.756439
0.711428
0.565451
-1.064008
1.195538
4.064518
-2.556289
-0.497306
0.046625
0.559965
0.073574
-0.876614
0.771437
-1.324204
0.181821
0.530224
0.154951
-0.625439
0.043619
-0.701383
-0.267874
0.593682
0.039122
2.255075
0.156225
1.299692
-0.029934
-1.041832
-0.173188
0.191894
-11.443465
-0.631572
0.700049
-0.364690
0.858960
-0.379161
-0.195802
-5.846312
-0.051714
-0.663774
0.992636
0.116744
-0.333006
0.147064
0.014993
-0.025248
-0.263446
-1.157819
2.077908
0.532609
0.154928
0.758217
0.901733
0.584697
0.212637
-0.392552
-0.132449
-1.340645
-0.526612
-0.475588
0.026566
2.139896
-0.190423
0.368529
0.668392
0.462275
0.355067
-0.997554
-0.559777
0.517562
0.044750
0.159081
-1.016133
1.616640
-0.174135
-0.158826
0.344539
0.072690
-6.636664
-2.804975
-0.743715
-1.233628
6.295798
-0.743705
-0.097305
-0.903090
1.280296
0.631270
-0.262648
-1.506754
2.028719
-0.142930
-0.414335
-0.673447
0.077209
-0.475801
-1.222018
0.768123
-1.297286
1.393708
0.791602
-1.346027
0.713078
-0.418417
0.072153
0.164393
-0.696034
0.316079
-0.538689
0.032582
-1.695278
1.274018
0.478486
-0.549884
-0.219276
-0.022407
-0.030800
0.401881
0.342479
0.635790
2.266827
-0.034633
1.164407
-0.242917
-0.286334
0.858313
-1.112719
-0.007244
-0.170402
0.887316
0.224553
-0.998041
-0.196274
1.885209
0.165983
0.374221
1.764800
-1.023659
0.372820
1.038768
0.191175
0.080847
-0.408614
0.010342
-0.752267
0.339148
0.700653
0.165218
0.169105
-0.343263
1.429218
0.479219
-1.106127
1.061166
-0.152409
-1.896156
-0.092792
2.534132
0.290276
-0.749045
-0.256514
-0.739776
-0.790215
1.757692
-0.258956
-0.407729
-4.894467
-2.428346
0.232308
-0.601103
0.174563
0.478032
0.363160
0.334176
-1.875407
-0.231968
-1.049389
2.508931
1.102219
-1.165170
-0.365180
-0.869700
-2.733340
-0.748111
0.349643
0.570207
-0.713961
-2.610351
-0.414683
-0.342806
-0.834894
0.230130
0.266102
0.809917
-0.429446
0.039529
-1.150688
-2.200067
0.354060
0.717775
4.887565
-0.364826
0.494222
0.058574
0.122868
0.126009
1.145272
-0.037494
-0.090122
-0.752605
1.601357
-0.666434
-0.087311
0.338890
-0.897329
-0.218052
-0.331030
0.414039
-2.123110
0.800975
0.790632
1.784995
-0.682474
-0.214851
-1.849684
-3.218584
0.823552
0.289221
-0.327366
1.413807
1.106294
-0.538105
3.206637
-1.049808
5.877232
1.157018
1.733635
-0.130307
-0.376740
1.703027
0.200549
0.181794
0.028949
0.496589
-0.276304
-0.621959
2.283377
0.020581
-1.291831
1.606082
-0.183095
-1.253076
0.175510
1.616947
-0.187715
-0.363804
-0.632336
0.031899
0.394008
0.773270
0.927779
0.575282
0.522549
-2.881010
-0.085078
0.208927
-1.395940
-0.955842
0.908082
-0.102348
-1.043331
-0.401689
0.449048
-0.043097
0.516241
-1.721708
-0.261740
-1.545204
-1.259758
0.299671
-0.465309
0.246942
0.927786
-0.535290
0.145491
0.247563
-0.452555
-0.114862
1.734923
0.151812
0.151440
0.532570
1.464532
0.333248
-0.538606
-1.879722
0.551462
-2.341982
-0.325631
-0.148385
0.131047
0.727136
0.514583
-1.210924
0.830768
0.301195
-0.226100
-0.111827
1.361212
-0.046497
0.609270
-0.545136
1.388588
1.834677
0.196739
-0.349150
0.692616
-0.699587
-0.143839
1.493316
-0.361414
0.851382
0.035995
-0.070957
-0.416411
-0.142261
-0.924204
2.142153
-0.077476
-0.210084
-0.791347
-0.160633
-0.464008
2.193439
-0.067323
0.000000
-1.361268
0.011082
2.632839
-0.570696
-0.887107
-0.040692
-0.002321
0.895189
0.221452
-2.449859
0.190943
-0.323404
-1.294616
1.876807
-0.393736
-0.291080
0.010741
-0.618883
0.367629
-2.114207
-0.382679
-0.709454
4.916529
2.126459
0.601573
-0.064389
0.610297
-0.586141
0.596146
-0.927318
1.543734
1.653343
-0.862811
0.136909
-0.240598
-0.661974
-4.093464
1.064682
-0.229545
-0.553257
1.239778
2.039695
-1.218072
-0.585283
-2.702706
-1.473162
0.733717
-0.525236
-0.867167
0.530858
1.117072
0.008807
-2.054789
0.125027
0.048552
-1.314076
-0.763250
-1.040706
-0.225904
0.743766
-0.611362
0.854849
0.316411
0.138819
-0.527790
-0.429801
0.167416
-0.444108
0.494376
-0.678508
-0.699037
-0.125306
-1.059554
0.288830
0.295777
-0.125598
-0.811275
0.802164
-0.069611
8.500748
3.136386
0.325909
-0.330602
-0.317385
2.159287
-0.138895
-0.986500
-2.873161
-0.033737
2.307386
0.616326
-0.295791
0.422139
-1.033025
-0.216077
-1.346680
0.065339
-0.031017
0.426784
-0.388711
-0.584890
-0.243897
-2.465094
1.365026
0.640965
3.787141
-0.733701
-0.515024
-1.988417
0.328285
0.347272
-0.789346
2.188525
-1.331996
-0.113739
-0.094129
0.699501
-0.632404
-0.531919
0.854251
0.621921
-0.297328
0.258379
-0.909811
0.308150
-3.772544
-3.297885
0.417417
1.145272
-0.715093
-0.662124
-0.475977
0.560127
-2.035710
-1.150795
0.411532
1.238915
0.792565
0.297729
0.026438
0.595025
-0.010990
0.074283
1.057565
-1.324944
0.056793
-0.359006
0.648701
-7.679743
-0.061709
-0.049029
-0.015743
0.296657
-1.254322
-0.530629
-0.070669
0.628585
0.694593
-0.059230
-0.087038
-0.087015
0.187169
1.441718
-4.587193
1.123855
0.900607
5.225614
0.384927
0.323195
-1.231626
-0.040464
-1.214779
-0.409452
0.607566
2.022245
-1.658723
4.127471
-0.052920
-1.583639
-0.312792
-0.626085
0.150932
0.395310
-0.197072
0.235376
-0.292349
2.919935
-2.297723
-1.823223
-0.169796
-1.072752
-0.163700
-7.888635
0.098572
0.083363
0.383118
0.826480
-2.306940
0.879465
0.329926
0.563657
0.390978
0.084750
-0.774833
0.022961
2.273159
-0.683910
0.058366
1.366458
-0.647027
-0.124083
-0.230493
-0.550753
-0.181732
0.223979
0.503527
1.690008
1.329076
1.181615
1.369386
0.234542
0.143905
-1.347088
2.304563
-0.239804
-0.309183
0.906251
-0.073499
-0.425289
-1.652772
-3.735917
-0.267143
1.594875
-0.457492
-0.615624
0.310029
-0.393781
3.417334
0.260848
-0.190515
2.423726
-0.847422
0.772576
0.206598
0.501303
-0.549506
0.160944
-0.717731
-1.713134
-0.918498
-0.061377
0.360816
0.841609
-0.109627
0.099285
-1.672919
0.574148
0.068127
0.340747
0.397027
-0.821406
-0.178941
0.367225
0.296612
-0.610484
0.562843
0.393281
-1.182813
-0.029538
0.489702
-0.085405
-0.521168
-6.067419
1.458210
0.834591
-1.228334
0.313632
-0.885920
-11.576917
0.080989
-0.107405
-0.806227
0.469465
2.059792
1.478187
-1.921250
-0.591976
0.888080
-0.077314
-6.211043
-1.304246
-1.622616
-1.961039
-6.398094
-0.128531
-0.170750
0.240264
-0.489651
-1.036347
-0.005265
-0.102248
-0.273355
-0.313387
0.946446
-0.555267
-0.658329
0.592885
-0.263863
1.663617
0.176184
0.906722
2.628053
1.238225
-0.216309
-0.558994
-0.102301
-0.389982
-0.583811
-0.727476
-0.414001
-0.102385
-0.685419
0.208073
0.918722
-0.847661
-0.483447
0.095252
2.736879
1.175929
-0.894943
-0.078852
-0.164170
0.358538
0.605980
-0.723483
-0.770039
9.523315
3.131384
-0.182912
0.505536
1.207216
0.802190
-0.525100
-0.424248
0.415752
-0.825613
-0.448301
0.456273
0.142380
-0.229899
-0.196871
0.352815
-1.460222
-0.326061
1.252788
-17.566580
-0.207852
1.584879
-3.729109
0.797236
0.156768
-1.591426
-0.217962
1.494809
-0.625148
-0.450420
0.172768
-0.109719
-0.039587
-0.503274
-0.897885
-0.633123
-0.096187
-0.207216
0.499970
3.686477
-0.837213
-0.493342
-0.646512
0.676120
0.098682
1.909881
0.287366
0.900892
-0.702859
0.580501
0.295809
-0.133091
-1.820141
-0.726587
-0.651292
-0.028227
-0.184473
-1.141195
0.743186
0.499289
-0.036832
0.717187
0.112176
-0.262281
0.300071
0.031653
0.193943
1.420416
-1.776526
0.723615
-2.236983
0.122430
-0.089806
0.095292
-0.099452
0.011454
-1.128272
0.426850
-2.156603
-1.650748
-5.040252
1.653312
-0.369710
-1.611261
-0.998697
0.196041
-0.623301
-0.522986
-0.490740
-0.427323
2.150352
0.665381
0.618797
-0.229079
-0.376235
-0.149792
-0.129798
0.587956
2.755793
-0.302249
-1.071179
0.373406
-0.125984
-0.418572
0.510503
0.468484
-1.604484
0.248048
-5.027413
-0.633459
-0.108408
0.645043
2.198914
-0.034554
2.103665
-0.925456
-0.219040
-0.795662
0.066786
-2.520406
-0.516755
-0.556683
0.430126
5.033590
-0.997709
-0.767126
-0.139079
2.578100
1.890161
-1.978866
0.646861
-0.293007
-3.379369
-0.019656
0.201731
-0.042748
0.195725
-0.293943
0.049036
0.030295
-0.155457
2.156645
0.404765
5.237913
0.891721
-0.325105
-0.440647
0.988105
1.316800
-0.280137
0.631898
-0.291621
0.190810
-0.619075
1.202756
-3.506126
-0.252557
-0.851599
-0.688431
-0.254430
-0.079112
-0.183116
0.059899
-0.063192
-0.679853
0.914963
0.257827
-0.835170
-0.095334
0.135645
0.337886
0.092860
0.556506
1.003598
-0.010144
-2.671545
-0.779553
-0.604593
-1.991072
-0.769372
-0.436236
0.140222
-0.591803
0.007599
-0.082403
0.337300
-0.591291
-1.037440
0.241786
0.601760
-0.316786
1.688155
1.044249
-0.231929
0.910190
0.970204
0.506274
-0.623767
-2.133811
-0.832305
-4.452353
-0.189670
-0.807749
0.311294
-3.035372
0.298844
0.495346
-2.181786
1.892710
0.055261
0.329661
-3.690075
0.959964
0.836729
0.204717
-1.175479
0.969613
-0.125477
-0.420692
-0.040382
0.213034
0.197325
-4.595164
-0.134740
-0.116072
0.201567
-0.358371
0.386437
-0.197343
0.532169
0.189400
-0.816036
0.429623
-0.409451
-0.450295
0.147250
-1.408231
-4.341762
7.751921
0.074422
0.350044
-1.278510
-0.009075
-0.884132
-0.012679
0.299979
-0.899162
-0.344068
-0.121932
0.380729
-1.319363
0.272736
-1.697333
-0.014312
-0.685849
-0.173426
0.596288
-1.039179
-0.042670
-7.049104
-1.699460
-0.129717
-0.654089
1.291931
0.089803
-0.334011
-0.092226
0.423396
1.025674
1.113941
-0.045006
-0.273219
0.277570
-0.515224
-0.652518
-0.803930
-0.000124
-0.519512
-0.630535
-0.581097
-0.759710
-0.399042
-0.323090
-0.937198
0.283687
6.311197
0.736777
-0.084858
1.487261
0.158127
-0.038687
0.161808
0.179759
0.067815
0.283605
0.046864
0.541684
-0.915361
-0.213705
-0.688824
-0.258187
-0.275771
0.285660
0.097174
0.106342
-1.485307
2.749105
-1.920199
-1.514142
-0.001739
3.907682
0.480523
0.783197
-0.571918
-0.873692
0.955578
0.882547
0.126690
-0.205841
0.552348
-0.217925
4.209308
-0.075595
0.017046
-1.715496
0.019159
0.007680
1.432241
0.882725
1.267300
-0.928647
0.205110
1.679635
4.923841
0.739100
1.510190
-1.979070
0.039110
0.658322
0.096341
1.062981
1.430660
0.491798
-0.036733
0.793597
0.023524
2.385866
-0.555689
-0.076204
-0.174821
0.364478
-0.777502
0.015511
-1.634619
12.038787
-3.691247
-0.185137
1.401173
1.732626
-0.269630
1.148629
-0.916783
-1.055371
-0.292970
0.527651
-0.162106
-0.120913
0.073374
-0.218405
1.224169
-0.973622
0.694158
0.055486
-3.205588
-0.722908
-10.768292
0.274997
2.682104
0.206314
-0.813473
0.394667
1.812083
0.596180
-0.949792
0.919188
0.203582
-0.314611
-0.441573
0.225573
0.205055
-3.073530
0.507400
-0.312085
0.113443
3.196339
4.558720
0.205822
-0.030345
0.654063
3.837342
0.755330
-0.902887
-0.202603
-0.113443
1.639767
0.171154
-0.134364
0.526034
-5.641149
-2.795810
-0.652119
0.956466
-0.676352
-2.035823
-0.224217
-0.678241
-0.267724
-0.565859
0.559086
-0.065865
-0.622989
0.912973
1.601290
0.181121
0.857677
2.714299
-2.036168
0.185919
-0.295826
-0.961364
-0.417342
-0.256077
0.015231
-6.672608
-1.132830
-0.250797
-0.200504
-1.130688
-0.423762
1.272067
-1.087689
-0.001197
0.475908
0.013515
1.015859
0.890088
0.227007
-1.542894
0.200290
0.055366
1.228731
-1.675735
-0.616953
-2.645498
0.388706
1.332641
0.000000
1.877092
0.000560
-3.068612
0.597943
-0.180089
1.624374
-0.375429
-0.425842
0.123954
1.194954
0.478341
14.605395
-4.015248
0.275258
-0.113297
1.185959
1.888809
-0.759621
-0.094445
-0.719721
0.900066
0.197338
0.189871
0.550762
0.294085
0.036333
-0.110979
-0.164427
-0.962588
0.791047
0.171071
1.812511
11.565956
0.191362
0.326964
0.785765
-0.063443
0.363100
1.084997
-7.769572
-0.673523
-0.029198
-1.393184
-0.332705
-1.342747
-0.179268
0.800186
2.035639
-0.089782
-0.918193
-0.588433
1.317691
-0.684630
-0.824329
1.381644
0.202441
0.323499
-0.094957
0.273641
0.468082
0.190575
0.075372
0.817018
0.327916
-0.746605
2.815955
-0.318004
0.694174
-3.837026
2.928802
-0.612491
1.147958
0.945503
-1.781503
0.047181
2.073541
0.384520
2.666923
-0.478152
-0.918907
0.810000
1.520473
0.394256
-0.465824
-0.479763
0.532609
-3.119842
2.832662
-0.343061
-0.194760
-0.278012
0.072561
0.248693
0.808152
-0.156768
1.129399
-0.033197
-1.487136
1.753031
2.404376
-0.180156
0.746401
-0.234054
-0.054118
0.160350
-0.063104
0.672111
0.000319
-0.091382
-0.195822
0.181283
-0.149208
0.649554
-0.140984
0.177482
0.278750
-0.199286
0.486387
-0.342408
1.355011
-2.239050
0.232932
0.088936
-2.560966
-0.282890
-4.672610
-3.097254
-0.128976
1.430178
0.705625
-0.651591
0.958543
0.766944
3.408285
-2.247546
1.503501
1.057771
2.653108
1.621759
0.493445
0.324502
0.191797
-0.834560
-0.143178
-1.395165
0.121820
0.492182
0.042681
-1.681900
0.439608
0.408893
0.358702
-0.948616
1.139175
-0.043352
-3.866131
-0.333119
0.640806
-0.529496
1.313942
0.465249
-0.347507
0.579754
-0.348556
-0.377121
0.452241
0.440159
2.441553
-1.992906
0.042966
1.059137
2.127623
0.628167
-0.987851
0.888321
-0.328424
-1.436190
1.029435
-0.270701
-0.884632
1.904312
-0.625054
0.589950
-0.942952
0.280613
-0.092258
-0.129633
0.455508
2.060062
0.062363
1.500234
0.670186
0.922049
-1.521305
-1.443140
2.006878
-1.243689
0.665443
-0.295833
0.805806
0.430245
-0.149422
0.355065
-0.000637
-1.552355
0.398699
0.123062
-0.064780
-6.927221
0.160828
0.188175
-0.850356
1.517134
0.923676
1.713964
-1.018441
2.216734
-1.471623
-0.132244
-0.199595
0.336524
-0.096423
-0.430456
0.733511
1.764760
-1.104846
-0.094805
0.369775
2.124803
3.335427
-0.110500
1.993215
-0.745203
0.346151
-0.168193
1.700816
-0.206323
-0.037389
0.540438
0.408920
-1.560905
-1.385513
-2.792526
-0.753641
-0.810212
0.991797
0.451762
0.925974
0.171628
-0.441073
-0.245418
-0.290847
-0.420070
-0.504303
-0.885652
-0.525027
-0.533396
-0.056989
-0.062702
9.013561
0.172438
-0.912305
-0.804017
-0.609910
0.234404
0.035054
0.705971
-0.228406
0.000000
0.367384
-0.203268
-1.140925
-0.458007
-0.024924
0.302202
-0.169210
-0.471210
-1.298655
1.222686
-0.167268
0.157064
1.390785
-0.808945
-0.105853
-2.129037
-0.225218
-0.107197
-0.364439
2.474965
-0.960157
-0.663416
1.217842
-0.143609
0.740134
-0.266429
-0.113662
-0.196274
-0.201598
-0.646625
0.556772
1.102642
-0.477709
0.125524
0.609465
-0.226736
-3.030008
0.126125
0.059867
0.224905
-0.764930
0.413087
1.590903
0.392637
-0.332400
-0.694899
2.626515
-1.451633
2.101931
-1.827046
0.395444
-0.082629
1.493990
0.445148
-1.233053
0.311995
1.149387
0.617881
0.117707
0.959597
-0.490899
-0.966701
0.124183
-2.131506
0.149100
-0.687327
-1.620557
3.959799
-0.559444
-0.373492
-0.247090
0.364520
-0.716909
0.403677
0.614921
0.149281
-0.268456
-0.223717
-0.422392
-0.703922
1.356311
-0.687078
0.983043
0.209160
0.297009
-0.917528
0.325898
0.319883
0.142380
0.447987
0.165863
-0.134735
0.362212
2.163283
0.070020
-0.091600
0.042170
-0.359190
-0.194517
-0.441915
0.149278
0.286795
-0.052015
-0.393129
0.772227
0.393310
-2.372099
0.681301
0.408339
4.141587
-0.499510
-0.170291
0.015040
-0.289222
0.615072
-0.250904
0.495069
-0.355977
7.968898
0.069196
-0.249805
0.950104
-1.273846
0.152208
0.077583
2.391235
0.146824
-1.025645
0.371808
0.378436
0.405804
-0.556782
0.609914
-0.097282
0.181833
-0.578263
2.636902
-5.970438
-0.168186
-1.425699
-0.901048
1.556069
0.350059
-0.378462
2.297547
0.747856
-0.035400
0.182658
-0.004549
0.718734
0.457904
-2.158794
0.404053
-0.950811
0.352505
-0.815318
-1.210387
-1.723205
2.148301
0.461823
-0.765348
1.217007
11.207852
0.112537
1.677155
0.180689
-3.508956
-0.145991
0.033621
-0.215775
0.143282
0.243503
-0.769971
-1.011266
-1.043600
0.364982
-0.750170
0.116640
0.825704
0.318827
2.534665
-0.454832
-0.688320
0.175078
1.755358
-0.060653
3.427777
1.938104
0.289767
-1.379071
-4.426122
-0.040911
-0.153860
0.774545
0.015822
0.538280
-1.188028
-0.915107
0.074287
-0.450888
-3.364785
0.405100
-0.909167
0.490772
0.302595
-0.597715
0.605748
0.799190
-5.112982
-2.075301
4.237213
0.202918
0.079324
-0.341781
-0.057490
-0.088422
-0.190344
-0.316875
0.204580
-0.174928
-0.069005
-0.368449
0.780354
0.344310
-2.935071
0.842194
-1.243884
-0.434001
0.984449
3.271657
-2.982273
0.485164
0.183351
0.353948
-2.187839
1.016684
-1.115277
-0.919223
0.475340
-0.335336
1.391668
-0.244679
-0.011825
-0.000570
-0.716851
1.760548
-0.830195
-0.223507
0.214277
0.234548
-1.671140
0.182919
0.366613
0.000000
1.309739
0.171179
0.744765
-0.110639
1.695660
0.188433
-1.878492
5.175234
0.593298
-1.607512
0.121305
-0.066646
-1.498413
0.849120
0.688502
0.173392
-0.926115
-0.304219
0.585010
-1.084900
-1.247733
-0.409042
-0.188967
-0.293539
-0.570137
-0.189517
0.402548
-3.390020
-0.763090
-0.173758
-0.109204
-1.816838
0.287714
-2.872910
4.563663
1.119206
0.322090
0.179887
0.338448
0.976045
-2.342730
0.934367
0.093817
-0.950415
-1.055852
-0.182798
-2.074440
0.527545
-3.855300
0.729501
0.302923
-0.101337
1.197097
0.314931
-0.227407
-1.992236
-1.414639
1.990660
-0.349961
-1.534929
1.572490
0.389075
-0.021610
2.740769
0.192984
-0.220897
-0.035863
0.241987
2.817228
-0.120089
1.288081
0.093699
-1.748060
0.178123
-0.477031
3.898380
0.109391
-4.131864
0.368205
0.669516
2.351627
-0.212158
-0.843130
0.068776
0.271944
1.505477
0.426368
-0.001569
0.036876
1.419359
0.174436
0.057972
-0.021781
4.466521
0.675337
0.606714
0.340588
3.429856
-0.635256
0.323180
-0.907243
-0.097300
0.420412
-0.294712
-1.868404
0.072247
-0.286856
0.072264
0.714152
0.741271
-0.079787
-0.151111
-0.119584
1.140008
-0.025717
0.171659
-0.962470
0.181595
0.107637
0.410478
-0.169286
1.789876
-1.490803
1.722991
3.775481
0.083430
0.889597
-1.597293
0.928883
-0.992242
0.927176
0.289527
-0.514635
0.392921
-0.936700
0.000000
-0.528410
0.057622
0.405746
-3.693384
-1.244198
0.488767
0.024619
1.157982
-0.526744
-1.019637
1.650151
-0.416892
-0.011349
-3.015042
-0.276518
-2.076963
1.171240
1.402747
0.192825
-0.339282
0.028169
0.580007
-4.533456
-0.850180
0.000270
0.163157
0.218076
0.088586
0.064367
-2.126151
-0.198164
1.593291
3.661264
0.446631
-0.255788
0.200579
-0.457780
-2.634124
-3.029220
0.000000
0.507821
0.079504
-0.073538
0.422698
-0.271689
1.352050
-2.271132
-0.766375
-0.673239
1.013465
-1.894104
0.116937
-3.283757
-0.521651
0.056299
0.377045
-0.070566
-0.546299
-1.167818
3.976277
0.003617
1.099359
-0.327921
2.621377
-0.322444
0.715663
-0.803177
-0.523893
1.303451
0.846321
-0.097359
0.488851
0.058824
0.548773
0.532842
0.393954
-2.813292
0.157864
0.820608
-0.516329
0.217796
4.149947
-0.089023
0.724018
0.508186
0.060201
5.521258
-0.251957
-0.581683
-0.537010
0.228106
-0.060609
-0.966261
-0.853600
0.199397
6.346964
-0.358148
0.818324
0.420400
0.254985
0.010540
0.311986
1.415571
0.279522
1.174576
0.075958
-0.755541
-0.396802
0.212865
-1.411577
-0.104147
1.567530
-0.593808
-0.357588
0.372863
-0.934529
0.807759
2.019412
-1.560183
0.390649
-1.616172
0.255565
-0.145260
-0.892884
-0.918644
0.467140
0.511569
-0.173363
2.982679
0.738512
3.128540
0.498367
-2.559403
-1.110390
0.656274
-1.451796
-1.423728
-1.009813
2.065199
-0.262734
0.451191
0.184931
-0.378614
-0.285355
9.505737
-1.120992
0.979178
-0.835514
0.881248
0.399787
2.227413
0.343775
-0.304678
-0.644025
0.281852
-0.071017
0.575659
0.643365
-0.969136
-2.601419
-0.646241
0.997360
0.218393
1.133679
1.401432
-0.234868
-0.746005
-1.164432
-0.279260
-0.315837
0.272363
0.845630
1.156441
0.281264
-0.330951
0.344904
-0.198641
0.092683
-0.099949
0.191192
-1.573831
-0.130440
0.668956
-0.659877
0.626664
-0.077749
-1.188103
-0.373661
0.094502
-2.637496
0.738209
-0.015249
-0.031564
-0.040707
1.656682
-0.192991
-3.122810
-0.059520
-0.347296
-0.708539
-0.483425
-0.300307
-0.013853
-0.014796
-0.009851
0.957881
-0.725924
-0.247320
-0.004297
1.004180
1.220569
-0.248039
-0.652774
0.601372
-3.761660
-0.218177
0.236245
-0.089519
-3.113384
0.758525
0.605693
1.218283
-0.090302
1.255468
-0.478926
-0.366902
4.903913
0.250782
2.769578
1.497547
0.104041
1.341394
-0.075725
0.560423
-0.245824
-0.054116
0.053989
-0.457850
-2.946237
-0.090070
-0.162085
-0.321857
-0.182348
0.335491
-0.199117
0.354957
-0.404703
3.270169
-1.419339
0.177014
0.378357
-9.779911
-0.517980
0.635819
-0.981306
-0.107944
1.044734
-1.238767
-10.255111
0.198287
-0.244240
-0.279185
-2.055017
-0.550761
0.448836
-1.109956
-1.799258
0.563464
-3.795903
1.002506
-0.217553
0.015659
-2.849680
0.169919
0.667295
-0.431661
0.040825
-0.711319
0.141668
-1.227159
0.932517
-0.312634
0.667262
-0.562806
-1.243472
-0.920539
1.063649
0.920006
-0.549382
0.937601
-0.100062
0.241976
0.317255
-12.873947
1.755700
1.360091
1.615675
-8.891884
-1.495920
0.338760
-1.007627
0.823526
0.813170
0.000000
-1.006766
-0.513262
-1.964544
-0.446313
-2.199958
0.211378
-0.862819
-3.232758
-0.658524
-1.283660
0.012778
-0.131150
-2.802048
-3.784944
-0.099159
-0.003889
-0.221748
-0.318121
-0.369296
-0.040855
0.245914
-0.314513
0.098576
0.038926
0.575241
-0.057346
0.348829
-0.516888
-0.174441
-3.445534
-3.392426
0.120734
0.222737
-2.240080
-0.581869
2.731249
-0.015033
-0.612237
1.594830
0.076240
0.510710
0.404152
0.556319
-0.272459
-0.923087
-1.376897
-0.845908
-0.172481
0.354082
0.454024
2.159287
0.164910
-0.009057
-0.095081
-0.304277
-1.631846
-0.542703
1.227215
1.742540
2.044859
0.576556
1.260202
1.110612
-0.740888
1.145860
-1.518461
0.749345
-0.163846
0.619794
-0.983319
0.177397
-1.186569
-1.895328
1.220139
-0.139095
0.418773
-0.582161
0.023514
2.830232
-0.676695
0.100046
0.449572
0.436264
0.177782
0.601399
0.513812
1.893290
-0.370327
0.635917
0.199476
0.609567
0.121481
0.062981
-0.763851
-0.644904
0.099818
-1.164734
0.416888
0.213903
0.053019
0.156238
0.442445
-0.295550
3.052927
-0.118366
-0.793713
-0.020761
0.602767
1.154713
-0.186244
0.915250
-0.321861
-3.843067
3.009567
-0.474293
0.048542
0.120458
0.038910
-1.034242
-0.125815
-1.910115
-0.172493
1.309991
2.293699
-3.424003
-0.180242
1.406164
-1.441301
0.337776
1.191579
0.367010
-0.955246
-0.944214
0.702719
-0.490154
-0.363315
-0.285109
0.077695
-1.241307
-3.524369
-1.317173
3.646267
-0.131565
-0.983133
0.215667
0.399903
2.175774
0.356933
1.253149
-0.464894
0.222237
1.589180
0.310495
-0.789669
0.003917
1.935435
-1.614725
0.667821
5.138931
1.396186
-1.977178
-1.307051
0.195972
0.253128
0.827726
-0.450173
-0.878692
0.971887
4.059080
-0.826522
-1.405892
1.170886
0.181340
1.387181
2.907079
-3.428149
0.223235
1.830826
0.291181
0.407206
-0.054278
0.186877
-0.550868
0.386514
1.178529
2.254224
0.398672
0.724103
-0.952993
0.364187
-0.306858
-1.276769
1.863119
-2.046431
0.436671
-0.093194
0.258666
0.032536
-0.570046
0.277234
1.004667
0.011183
-0.657639
-0.901370
-0.065755
0.795512
0.134121
0.704035
-3.673550
-3.188420
-0.526065
-0.064401
0.138559
-0.073806
-0.106691
0.080015
-0.578582
0.438541
-1.121926
0.387367
4.039641
0.817243
-0.209870
0.646515
-0.353383
1.865976
1.088371
-0.365827
0.252562
-1.295881
0.258627
-1.668842
0.304491
-1.186301
0.386856
-0.482429
0.291137
-0.602598
-1.163686
0.124156
-0.484244
-1.181877
0.346151
-1.976557
-0.633698
-0.272238
0.708300
0.459881
-0.033450
0.864900
-0.082714
-0.071385
1.046583
0.896321
0.584541
-3.011127
-1.382034
-0.023061
0.003057
-0.491355
-0.404938
-0.373109
-0.180912
1.258498
0.385181
0.295109
1.005561
0.610798
0.537935
-0.221838
-0.161571
-0.014111
-0.019253
0.035624
-0.223853
0.016054
0.024979
0.860155
-0.377228
-0.891764
0.051901
0.832743
1.466986
0.664926
0.152815
-1.241959
-0.314753
-3.044307
0.438626
0.572735
-1.302988
-0.676006
1.274966
-0.313800
-0.677145
0.172409
0.099430
0.519797
-0.668723
-0.922369
-0.162045
-0.173520
0.050531
0.121877
-1.512166
0.001005
-0.641663
-0.152572
-1.417545
-0.014628
0.954456
0.205049
0.755390
0.208744
0.121305
-0.882636
-0.379423
0.329541
0.343881
0.202208
-2.701806
-0.205891
0.451006
0.578292
2.074610
0.328146
-0.836046
0.071090
-0.643963
-0.928262
0.521983
-0.225331
-2.846084
-0.448526
-1.334826
-1.071896
0.874397
1.950553
3.316410
-0.354848
0.551866
1.584132
-0.215726
-0.298478
-0.748967
-24.444894
-0.543635
0.057089
0.283017
1.140081
-1.650816
-0.090997
1.948607
0.331421
-1.981619
0.174493
-1.089828
0.405355
-0.448170
0.130251
0.416034
-0.038346
0.382027
-0.126613
0.575770
-0.077140
-0.168488
-0.171388
0.108467
1.848678
4.099364
-0.791769
0.728130
0.015477
1.007695
1.324126
-0.151227
-2.646140
0.452118
0.927689
0.727420
0.175286
-0.320838
0.091521
-0.059778
0.286526
0.309122
-0.540035
1.370898
0.050978
0.380876
2.284353
-0.151748
0.006487
5.681829
-0.820526
0.035334
1.869240
-1.929443
-0.821349
0.708114
-0.220324
0.423373
-1.092523
-1.138705
2.883215
0.121762
0.267627
-3.854601
-0.050419
0.290626
0.086903
-1.370786
-0.137190
-0.221775
0.909189
1.029038
-0.746558
-1.521446
-0.799951
1.144490
1.374692
-0.460666
0.539267
-0.318361
-0.712569
0.025318
-1.005289
1.360048
0.099423
0.620903
1.785285
0.525265
0.484323
0.106610
1.252332
-0.003995
1.060285
-0.748865
-1.690722
1.439777
-0.686505
0.064595
-0.460674
0.342505
-0.299339
0.000000
-0.371374
-0.788615
-0.188980
-0.109821
-0.256819
-1.035966
-0.445047
0.000000
-2.750776
1.334712
-0.042104
0.265361
0.224005
0.059194
0.343326
1.730272
1.087344
1.728296
-0.479552
-1.275125
-0.278719
0.582462
-0.012092
-0.172946
-1.077539
-6.372873
-0.143846
3.234956
-0.792186
-0.158851
-0.524179
0.245812
0.193739
0.154936
-1.170021
-0.692186
4.197603
-0.085303
0.102987
-0.490769
0.102382
-0.088413
-0.062336
0.222561
0.180783
-0.282911
0.356426
0.792843
1.198017
-1.425075
0.264623
-2.281204
-0.402669
0.412718
-0.221190
0.098415
-0.201534
-0.160813
0.482272
0.669835
0.259682
0.716070
0.436270
0.844368
0.638991
1.859332
-0.882922
-0.069756
0.000000
-1.228957
0.406038
-1.406846
-0.015640
-0.063568
-2.298562
0.368778
-0.340566
0.722363
0.173784
-0.065511
0.054273
-0.231530
1.180174
-0.016872
-1.014679
0.139336
0.182301
-4.336426
0.638218
2.708218
-0.746622
-0.041129
-0.427632
-0.192391
-1.462042
0.009930
-1.995901
0.849446
0.329818
0.182094
-1.825746
0.654545
-0.514883
1.750920
1.459847
1.029453
-0.766179
-1.720715
0.600423
1.091488
-0.582434
-1.864050
-1.837291
-0.377094
0.347485
-2.355047
0.061252
1.075138
-2.498779
0.061252
-1.123156
-0.713650
-1.816279
-1.043536
2.582954
-0.633002
-0.633002
-1.646523
-1.568550
1.081202
-1.893237
-2.498779
0.252002
2.340040
0.754112
-2.034127
0.565628
0.583056
1.547092
-1.997837
2.824867
-0.414913
-0.092422
-3.052525
-2.498779
0.136936
0.184501
0.184501
0.184501
0.184501
0.646698
0.289723
-0.322347
0.105222
0.105222
-0.330602
-0.793202
0.245071
-0.184904
0.834086
-1.568550
2.824867
-0.271333
0.122009
0.937719
0.979419
-1.916177
-0.371588
0.313616
0.724759
0.365205
0.055316
0.944713
2.009618
0.146023
-0.408063
0.353770
-0.785874
-1.995980
-0.084793
0.228058
-0.381407
-1.219644
-0.058362
0.182427
-0.825496
1.233048
1.042815
3.333147
-0.130586
-0.335499
0.537920
0.209776
-0.369763
-0.230106
-1.409989
-1.409989
-0.726258
-0.199399
7.500782
-0.211505
-0.270130
0.345164
-5.594060
-8.227014
1.124942
-2.972546
-0.288396
1.624523
0.997609
0.042782
5.935124
0.427366
-0.465352
1.167800
1.041859
5.211416
2.855390
0.921458
0.390695
0.898320
0.915905
0.108525
0.252717
0.293976
0.309236
0.024907
-0.213073
-0.895145
-0.077728
2.080154
0.095322
-0.158566
1.365353
0.266262
0.022814
0.135870
0.740865
2.902835
0.105099
0.626353
2.577433
-1.732229
-0.017428
-0.868106
-0.558494
-5.339480
-0.110912
2.190204
0.313683
0.214156
-1.400767
-0.204597
0.126212
0.391232
-1.004927
0.544524
-0.406895
2.816832
0.285452
4.056732
0.328954
-0.394744
-0.864168
0.383902
-0.197509
-0.122678
3.602724
0.344341
0.440417
0.737082
-0.148345
0.105434
0.235063
-0.472741
-0.504813
-0.312934
-0.666473
0.204179
0.824302
-0.019695
0.964999
-0.856877
0.035678
0.788440
0.329029
0.129944
-0.522858
0.669704
0.065574
-0.500216
-0.484787
0.004729
-0.705599
2.250166
-0.031264
-0.695484
1.730517
0.267169
0.221633
-0.041547
-0.694580
0.008221
-0.941462
-0.592559
0.007746
0.030657
1.687488
-1.446793
-2.692957
1.607510
-0.232102
2.357769
1.350008
5.074447
-0.107875
-0.001177
0.089075
0.574407
0.656225
-0.067527
0.802494
-0.039329
0.174004
0.528383
-0.933723
0.000000
-1.251264
-0.199976
-0.947622
2.171790
-1.137240
-1.026712
5.617719
-0.068861
0.808948
-1.335523
0.490900
0.608916
1.279194
0.242819
0.328541
-0.101766
0.093645
-1.333077
-1.087653
0.381186
-0.043707
7.646555
-10.925309
-0.264728
-0.207650
-0.162451
0.660672
3.766029
-0.310431
0.725457
-0.126374
-0.784633
1.027420
3.397188
0.163059
1.950768
1.934314
-1.935497
0.634701
0.226479
-0.403819
1.250990
0.182836
-2.352979
0.394688
-0.702502
-0.075572
-0.770230
0.495909
0.414255
0.442979
0.538949
0.359667
0.444874
-0.941431
0.539610
1.224905
-0.592873
-1.219168
-0.033794
0.521237
0.164979
1.250552
0.338346
0.147584
0.724318
-0.675453
1.223552
-0.261712
-3.364321
-3.364321
0.277504
-0.322128
0.330510
0.294835
0.192708
-0.048006
-0.455285
-1.551401
-0.189142
0.910191
-0.025234
-0.295399
0.292586
0.252166
0.694081
3.782701
5.511549
-0.806145
0.833063
-0.332276
0.455774
0.261329
0.761456
0.761456
0.091282
-3.170482
-0.132986
0.282674
-1.838871
-0.503433
-0.752198
2.079261
0.019417
1.783386
-1.396814
-3.644920
1.978959
0.522587
0.289541
1.893840
-1.002094
-0.606541
0.191056
0.300934
-7.101367
0.703375
-0.534413
-0.204547
-0.444991
-8.610641
-4.877003
0.161439
-0.868949
0.060878
0.100073
1.049905
-0.868331
-0.914803
2.028818
0.399691
9.948381
0.024907
-0.190533
-1.720715
-1.457177
3.129659
0.648980
-1.007026
-3.056692
0.118361
-0.013458
-0.418330
0.105809
0.904157
1.205206
0.000000
1.473670
0.294982
0.294982
-0.135665
1.031657
-0.367820
-5.830432
-0.338825
-3.524000
-4.606137
-0.010115
1.871686
-0.529979
1.845379
-1.008848
-0.220390
-0.060118
-0.826967
-0.826967
0.335258
-2.633242
0.606566
1.517380
-1.075320
0.664316
-0.049179
0.664316
0.085676
0.085676
0.222479
0.085676
0.085676
3.065926
3.065926
0.085676
0.726441
-1.608894
-3.892429
1.329218
-0.786663
0.723612
-0.431751
0.845123
-0.780478
0.536362
-0.020803
0.102045
-0.061136
-3.686000
0.357949
-0.450189
0.569188
0.029068
-0.706365
0.982789
0.855572
-0.465456
2.330159
0.104134
0.556203
0.311350
3.365759
-4.561137
0.078385
0.356466
2.373535
-0.198500
0.110321
0.249715
0.578622
-2.056692
-0.542647
4.418425
-0.592953
6.876900
0.170867
-0.063723
1.120354
0.091496
0.474556
0.934117
0.900252
0.020357
1.860349
-0.623460
-0.546835
0.301066
0.644684
1.942913
1.104396
-0.278580
0.144929
0.011966
2.174058
4.125718
-0.450109
-0.223873
-1.082428
-0.186897
-4.173535
-0.114678
-3.908754
0.682415
-0.355624
0.059372
0.059372
-0.413550
-0.001730
0.634178
1.213966
-3.072990
-1.021645
-0.289205
-4.116016
1.503542
1.689346
3.202270
-0.251992
0.389953
-0.522154
-0.586401
0.960916
0.270025
1.131625
0.311460
0.759334
0.542074
0.522918
-1.426279
0.826972
-0.094126
1.340152
-0.675851
2.406113
0.455056
-1.509922
0.310846
-0.329470
-0.874062
7.983049
-1.460282
1.361923
-0.393175
0.300360
-0.494885
1.663517
0.639768
2.070852
-0.884205
-0.247755
-0.133618
-0.222193
-0.922004
1.254570
0.383555
-1.268553
1.026187
0.588697
0.130715
0.480869
-1.164202
-1.432767
-1.087355
-0.592283
1.306054
-1.550168
0.212986
0.791727
1.083364
0.059214
-2.273505
0.588273
1.201323
-0.367598
0.609867
-0.114249
-1.068500
-0.849943
-0.020013
0.423090
-0.217741
1.760132
-0.629561
-0.406831
3.785657
5.723566
-1.390029
-0.297829
-2.249476
-0.357392
0.199290
-8.680282
0.380767
1.373671
1.853948
1.043768
0.220210
-1.322857
-0.036857
0.711133
-1.068820
0.392126
0.575972
-0.881503
1.166951
-0.078093
-5.170224
0.088617
-0.946423
-0.195775
0.436273
0.420264
0.212276
-1.017193
-0.428935
-0.378046
-6.251599
-1.163897
-0.002468
-0.082180
-1.091994
-0.273566
0.633157
-0.144323
0.666390
1.796153
-0.432557
-0.722946
0.799647
-0.461985
-4.579025
0.255587
0.962910
-0.127552
0.022152
-1.203641
0.089815
-2.805793
-0.471059
4.078624
12.047271
-0.307224
0.516208
0.695645
-2.277319
0.250295
-1.120383
-0.653120
-0.137301
0.815780
0.354518
-0.429110
-0.288798
-0.688277
-0.057829
0.353797
-0.468118
0.228699
-0.212661
-1.944174
-0.291397
-0.498765
-0.664898
-0.747524
-1.811802
0.891323
-0.224807
0.172836
0.724898
0.408679
1.825662
-0.556799
-0.971320
0.960934
2.472370
-0.202147
0.490399
0.715523
0.066549
-0.594367
-0.143660
2.172938
0.567730
0.350186
0.411871
0.334141
-0.737990
0.184755
-0.411760
0.298293
1.228751
-1.022946
-0.434677
0.577122
-0.129584
-1.065667
0.748739
-0.202266
-0.228599
1.331010
-0.145620
1.376467
-1.629976
-0.950527
-0.652174
-1.265659
-0.203314
1.291486
-0.342364
1.004676
0.002454
-0.378615
2.414497
0.066484
-0.263354
-0.636797
1.556670
0.498586
0.382684
-1.797730
-0.086641
-1.119787
0.475118
-0.255897
0.297363
1.858637
-1.166258
-1.404396
-0.299843
0.170264
0.192620
0.031745
0.334840
0.044769
-1.428856
0.037396
-0.573340
0.020313
0.298369
0.273486
0.243943
0.019367
-0.224011
-2.295870
0.469737
2.050396
0.942293
0.466430
0.064101
0.463488
-0.356266
0.825848
-0.197600
-0.281765
-0.188116
-1.247810
-0.185191
3.443616
-0.099809
-0.343959
0.594034
-0.318951
-4.788471
0.814455
-0.156324
0.126364
0.028842
-4.047634
0.491286
-0.352942
0.763308
0.814455
1.091906
-1.896502
2.738312
-0.023822
0.469574
-0.190914
-0.059659
-0.449253
1.046393
-0.703906
1.214769
-1.288767
0.204268
-0.606837
3.191243
0.654806
0.214144
0.191690
-0.141535
0.076310
0.833897
0.637236
-2.002595
-0.444768
0.193249
-0.408209
-1.367273
-1.298330
-0.437793
-4.485526
-0.017786
-0.471530
-0.941034
0.319950
-0.459925
0.753846
-0.427857
-0.091302
-4.143757
0.492702
-0.414150
1.304557
0.476801
1.927653
0.329156
0.890333
-0.509078
-0.726565
0.156662
1.770379
0.552856
-0.990862
-0.069693
0.883278
-1.340730
-0.383749
-0.921333
0.561986
0.441681
-2.486629
0.000000
-1.641911
0.165521
-8.227014
-0.605956
-3.551081
-0.210291
0.164435
0.144246
0.455889
0.067677
1.523865
-0.071941
-0.072543
0.468515
-0.803845
0.416021
-0.143230
0.102124
1.552725
1.092269
0.385539
0.650700
-2.404470
-1.488615
-0.302392
-0.317360
0.207444
2.489099
-0.721968
-0.510102
-0.473870
0.291030
-0.028741
-0.096588
-0.532328
-0.359918
-2.762646
-0.326290
0.376533
-0.344429
-1.761250
-1.530568
1.837850
0.786064
1.875897
0.293472
0.409527
-0.011000
-0.384353
2.159287
0.345293
0.616667
0.273108
-0.424614
-0.733299
-0.303294
2.902835
0.175567
0.151781
0.344260
-0.749597
-0.004537
0.594029
0.579892
-1.640685
-0.022930
4.200699
-1.200076
0.138936
-0.321266
-1.119103
-1.471647
1.409048
-0.432762
-0.052424
0.095804
0.138903
-0.663490
0.255617
0.952956
0.139552
-0.204719
-0.075527
-0.014171
0.336375
0.748437
2.259990
1.480264
-0.145270
-0.263136
-0.816352
-2.341591
-1.138589
-0.867606
0.473805
-0.160412
1.969051
-0.223564
0.057850
-1.841280
0.277595
-0.269930
0.314781
1.450798
0.281698
-1.208374
-0.265193
-0.233017
0.404007
-1.523813
0.053113
1.925622
-0.447808
-0.413799
1.388962
13.506776
-0.648431
-0.135452
-0.010725
-1.166832
-1.143692
-0.337629
-0.750665
0.577887
-0.636861
-1.217909
-0.198996
0.180375
1.538535
-0.922947
-0.618121
0.967483
0.485487
3.537858
-0.006338
-0.470678
0.503868
-0.192064
0.105732
-0.519821
0.321681
0.654287
0.351797
-0.282972
0.932863
-0.370081
-0.787866
-0.157264
1.464878
0.570649
1.570994
0.217042
1.047526
1.022328
0.555615
0.479647
-0.104860
-0.858586
0.174646
0.298847
-2.352167
0.305321
-3.219704
1.086655
0.055742
2.111080
1.185211
0.177059
-1.911696
-0.420108
-1.231477
-0.383146
0.170602
-3.407188
-0.484013
-0.146474
0.920970
1.023498
-1.223146
0.179059
0.179858
0.834013
0.898947
0.286532
1.157024
-0.015943
1.020224
0.595135
-1.833715
0.576840
-0.375293
0.303647
1.112036
0.376615
3.584596
-0.444374
-0.169113
-0.060222
-0.196598
-0.314873
-0.875604
-0.249241
-1.039832
-0.102152
-0.075645
-0.563589
2.570014
0.143968
0.186291
0.157952
-0.550779
0.241631
-0.105297
0.028656
-2.951165
0.098663
1.001495
-2.227814
0.015346
0.060344
-0.103331
-0.041486
0.333351
-0.898637
-0.043399
0.273213
-0.070373
-0.128663
0.156184
-1.257936
-0.303365
-0.229772
-0.223992
0.588964
-0.784047
-1.574071
0.146534
-1.005414
-1.628117
-1.634549
0.869907
0.282476
-1.543073
-0.305735
0.729955
1.852404
0.714433
0.636406
2.153348
-0.071850
0.067591
0.166115
0.800647
0.700336
0.108900
0.065200
1.433189
-0.814286
-0.145488
0.456617
0.124822
-7.132222
0.789279
0.398929
-1.740725
1.016399
0.149339
-5.115454
0.736720
0.245036
-1.313691
-0.321453
0.180970
0.195579
-1.046276
-2.500972
0.829378
0.858679
1.597030
-1.942173
-1.299793
-0.059087
-0.487041
-0.345125
-0.066666
-0.874158
-2.700320
0.428291
0.811141
1.740572
0.422698
0.252944
0.507188
-2.179825
0.292427
0.385719
-2.050990
0.945405
4.262443
-0.148554
1.298956
0.336020
0.377916
0.518985
-0.391529
0.767645
-0.447128
0.446329
-0.028136
-0.134281
0.505480
