-0.015504
0.061464
-0.267328
-0.107176
-0.021716
-0.024202
-1.290482
0.112069
-0.449563
0.314553
0.190303
0.096826
-0.058645
0.001024
0.503418
0.377096
0.137247
0.050181
0.139143
-2.327810
0.050799
-0.143432
0.999391
0.102075
0.000774
0.092674
0.362177
0.012103
0.078074
-0.510268
-1.871005
0.002016
-0.463108
-0.050575
-0.347293
0.690151
0.000000
0.002562
-0.182417
-0.009382
0.236283
-0.247451
-0.479785
-1.207365
0.207908
0.138063
0.072636
0.248961
0.100782
0.254678
-0.551595
-0.123752
-0.155839
-1.066989
0.223762
-0.895106
-0.472146
-0.061969
0.236910
0.000000
0.000000
0.000000
-0.359622
-0.174475
-0.049351
-0.076352
-0.453735
-0.011005
0.128371
0.122375
0.373517
0.325336
0.104193
0.345628
0.299632
0.000000
0.089021
0.220343
-0.362704
-0.126311
0.229167
-0.264347
0.029821
-1.604672
0.673539
-0.414908
-2.218855
0.000000
0.407807
-1.054314
0.526467
-0.133201
0.176417
0.005588
0.738440
-0.756402
-0.333481
0.000000
1.374869
0.000000
-0.561738
0.000000
0.165536
0.000000
0.255488
0.000000
0.300945
0.000000
0.276899
0.000000
0.121461
0.063114
0.106811
0.177669
0.103114
-0.227548
0.127731
-0.063230
0.626166
0.194721
0.141778
0.351142
0.122113
0.680594
0.358476
-0.218950
-0.104189
-0.068968
0.229070
1.433478
0.000000
0.005065
0.336868
-0.621284
0.199204
-0.439031
-0.163287
0.179536
-0.935451
0.093431
0.263637
-0.458112
1.414365
0.000000
0.000000
-0.515763
0.067225
0.406334
0.000000
0.000000
0.000000
0.000000
0.000000
0.000000
-0.422474
0.000000
0.137793
0.000000
0.000000
-0.042525
-0.250183
0.314798
-0.431238
-0.227644
0.025373
0.049504
0.137917
-0.020738
-0.497492
0.243193
0.033283
0.146266
-0.035095
-0.326492
0.124613
0.152667
0.000000
0.000000
0.218758
0.270500
0.373838
-0.004354
-0.101872
0.654407
0.095720
0.000000
0.000000
0.000000
0.000000
0.000000
0.000000
0.000000
0.000000
0.000000
0.060202
-0.996560
-0.005938
0.411232
-0.163001
-0.124899
0.095354
0.524272
0.000000
0.161483
0.218136
-0.007265
-0.820300
0.099481
0.674834
0.000000
0.422509
0.273611
-0.093664
0.471189
0.001553
-0.152912
0.507241
-0.198983
0.127267
0.193364
-0.823440
-0.333934
-0.399400
-0.050734
-0.128127
-0.179954
-0.116677
-0.479031
-0.591361
-0.604854
-0.295545
0.000000
-0.729374
0.550424
0.000000
-0.172415
0.115244
-0.170654
-0.911021
0.254945
-0.738316
0.416212
0.044927
-0.777284
0.000000
0.000000
0.000000
-0.059091
0.042005
0.000000
0.119736
-0.386586
0.000000
0.319632
0.271336
0.000000
-0.711527
-0.001761
0.000000
0.120786
0.458842
-0.075808
4.215210
0.316563
0.316415
0.055904
0.911358
-0.381316
-0.407092
-0.195534
0.375509
0.000000
0.298249
0.076451
0.000537
-0.207131
0.067578
-0.943331
0.205829
0.603051
-0.044198
-0.630863
-0.020621
0.135074
0.139648
0.117587
0.304517
0.172149
-2.347541
0.098681
0.048102
-0.022245
0.059532
0.000000
0.000000
0.555591
0.072010
0.066432
-0.637785
-0.344930
0.396160
-0.173555
-0.405750
-0.031217
-0.149718
0.000000
-0.597892
0.150977
0.783776
0.000000
-0.549881
-0.107794
-0.159324
-0.276759
-0.675292
0.046187
-0.676187
-0.249178
-0.451803
0.000000
-0.112247
0.108686
-0.349762
0.074278
-0.333853
-0.888978
-0.463260
0.048285
-0.168013
0.107463
0.315397
0.017185
-0.158171
0.167025
-0.119936
-0.473477
0.196834
-0.053599
0.308320
0.069560
0.121101
-0.021351
0.484962
-0.108793
-0.041135
-0.248359
-0.164087
0.358328
0.140759
0.000000
-0.282153
0.636725
0.178878
1.100080
-0.096928
0.630153
-0.514863
0.078429
0.357848
-0.215216
0.000000
-0.049653
-0.255591
-0.320744
0.139674
0.275727
-0.569331
0.236209
0.144213
0.136616
0.216359
0.345673
0.035080
-0.058386
0.238709
-0.107693
-0.157066
-0.089299
0.301663
-0.232563
0.578668
-0.871695
0.975412
0.000000
0.011154
0.000000
-0.448299
0.287370
-0.179617
-0.191102
1.549616
-0.049020
0.053434
-0.052841
-0.383514
0.234009
0.377650
0.000000
-0.591016
0.166373
0.000000
1.102327
-1.149038
-0.152403
0.133942
0.062290
-2.152957
-0.155698
-0.025187
0.008089
0.916747
0.678628
0.096869
0.220036
-0.360922
0.064351
0.617858
0.398107
0.000000
-0.031389
0.930549
0.228407
-0.150131
0.081279
-0.132707
0.110272
-0.025290
-0.321934
0.272415
0.045316
0.000000
-0.458782
0.619291
-0.218363
0.624363
-0.111661
-0.421381
1.377244
-0.202161
-0.093183
-0.978035
0.149330
0.000000
0.696204
0.406816
0.369526
-0.654042
-0.190619
-0.471394
-0.135636
-0.288822
-0.204045
0.091833
-0.052387
0.000000
-0.213685
-0.106094
0.000000
0.000000
-0.056848
0.054688
0.053560
0.102690
0.103180
0.516428
-0.631542
-0.274811
0.623493
-0.021071
0.233770
-0.421774
-0.249712
-0.186387
0.518240
-0.551375
0.078687
-0.045153
0.046790
-0.038191
-0.257550
-0.293286
-0.599815
0.150682
-0.300549
-0.029395
-0.653106
0.427753
0.130495
0.105512
-0.087091
0.000000
0.000000
-0.653959
-0.241162
0.381951
-0.202014
0.143779
0.332155
-0.035014
1.239720
-0.011791
-0.669493
-0.914514
-0.474960
-0.080373
0.013814
0.408648
-0.024501
-0.778018
0.912689
-1.048160
0.249737
0.258896
-0.614083
-0.354667
0.179232
-0.040132
-0.515589
-0.148847
0.497893
-0.191099
-0.110310
-0.094268
0.052460
-0.039878
-1.522964
-1.717158
-0.017196
0.000000
-0.203744
0.184688
0.000000
0.027340
-0.468602
0.012134
-0.896806
-0.174697
-0.118136
-0.347137
-0.086680
0.070925
-0.469885
0.041265
-0.184182
-0.601592
-0.895025
0.018299
0.000000
0.086131
-0.067540
-0.278965
-0.073715
-0.166330
-0.175392
-0.245964
-1.057429
-1.520959
-0.032973
0.156660
-0.031026
0.302215
0.342861
-0.591111
-0.488185
0.224057
0.001335
-0.089313
0.016090
0.000000
1.908268
0.399824
0.000000
0.156091
-0.765826
-0.112986
0.342265
-0.762885
1.994113
-0.163218
0.113814
0.000000
1.045038
-0.578219
-0.529553
-0.792864
0.659935
-0.696887
0.000000
0.534605
0.211599
-0.106397
-0.001965
-0.868465
0.144719
0.641407
0.000000
-0.168673
-0.035104
-0.757308
0.000000
-0.738299
0.172442
0.099211
-0.136321
0.651766
0.058657
-0.715197
0.000000
0.329221
0.000000
-0.352256
0.000000
0.162913
-0.396748
0.000000
0.461738
-0.025791
0.000000
-0.052262
1.317649
0.368606
0.239973
0.016254
0.333579
1.292301
0.091130
-0.323568
-0.063391
-0.123973
0.262963
0.242768
-0.029312
-0.040470
0.076287
0.268453
0.037226
-0.103118
-0.152169
0.416056
0.090207
-0.499570
-0.036230
0.267753
-0.069537
-0.241617
0.097439
-0.082881
-0.128768
-0.185245
0.265230
-1.063856
-1.564695
0.952047
0.949552
0.057199
0.000000
0.151417
0.202446
-1.233704
-0.848474
-0.298706
-0.531548
-0.198857
0.000000
-0.198581
-0.292834
-0.614234
0.528038
0.035238
-0.022885
-0.047043
0.776100
0.435129
-0.545495
0.000000
-0.634492
0.403846
-0.662790
0.390096
0.794538
0.306160
0.361543
0.680348
0.258042
0.022855
-0.312292
0.039616
0.158433
-0.249046
0.034468
-0.148520
0.000000
0.332410
-1.497477
-0.329556
0.000000
0.000000
0.743599
-0.246524
2.625416
0.023332
-0.303142
-0.060671
-0.652681
0.000000
0.000000
-0.309713
0.000000
0.000000
0.020306
0.371237
0.460332
-0.292759
0.344286
-0.093417
-0.732930
0.111763
-1.253850
0.094271
-0.328012
-0.310629
0.000000
0.298703
0.591334
0.120653
-0.160316
0.000000
0.088242
-0.231078
0.000000
0.223566
-0.612294
0.259859
0.000716
0.304633
0.197173
0.000000
0.000000
-0.318224
-2.287180
-0.051027
0.000000
0.119074
0.524058
0.748257
0.982247
0.291914
0.132733
-0.179348
-0.364709
0.135817
-0.046848
-0.080828
0.000000
-0.753687
-0.129735
0.000000
-0.914453
-0.247000
0.176216
0.449070
0.000000
-0.172858
0.000000
-0.050126
-2.268125
0.200050
0.000000
0.161514
0.000000
0.000000
0.049531
0.000000
-0.501415
-0.462911
-0.574702
0.423462
-0.402298
-0.219453
-0.558250
-0.078262
0.140316
-0.214026
-0.352989
0.160862
0.000000
-0.157323
0.004575
1.368653
0.074450
-0.107221
0.309186
-0.328023
0.000000
-0.588277
-0.036802
0.178395
0.342236
0.000000
-0.063275
-1.261370
-0.002552
-0.094355
1.386081
-0.048790
0.049915
-0.110576
-0.271610
1.311769
0.218784
-0.149212
0.130972
-0.435190
0.186818
0.368542
0.000000
-0.139516
0.339468
0.393560
0.000000
0.136914
1.646972
0.196401
0.186206
0.000000
0.000000
0.000000
0.177497
0.000000
0.335201
-0.571623
-0.387413
-1.505256
0.000000
-0.317952
-0.366968
2.198368
0.000000
0.649903
-0.235785
-0.278347
0.897457
1.053468
-0.472467
0.000000
0.739971
-0.099234
0.706848
-0.108182
0.106816
0.000000
-0.286808
-0.720094
-0.090223
-0.028249
0.337435
0.465132
-0.606615
0.175372
0.000000
-1.223970
-0.253080
0.000000
0.229029
-0.303023
-0.003383
1.129355
-0.355369
0.111487
0.211551
0.125909
0.000000
-0.069639
0.000000
-0.000925
0.277844
0.367778
0.330323
-0.046560
0.000000
0.156508
0.000000
0.000000
-0.267829
0.508582
0.165153
0.000000
0.089948
-0.223484
0.029084
0.000000
0.505689
1.198579
-0.077504
0.000000
-0.429926
-0.062048
0.064788
0.617275
0.894680
0.258876
0.209601
-0.226555
-0.043210
-0.437168
-0.208593
-0.194861
-0.586928
-0.062761
0.866532
-0.060080
0.101611
0.404186
-0.074656
-0.797198
-0.205706
0.635864
-0.040237
-0.620920
-0.389852
0.358977
-0.357970
0.250682
-0.310418
-0.526169
0.000000
0.741613
0.000000
-0.624983
-0.163739
1.818946
-0.212173
-0.043352
-0.049382
0.038618
-0.081151
0.833842
0.173107
0.235762
0.232523
-0.164503
-0.388451
0.000000
0.000000
0.000000
0.079222
0.215708
0.097702
0.285460
-0.221957
0.049004
-0.424551
0.000000
-0.106074
0.030983
-0.134656
0.164882
-0.698911
0.106064
0.475058
0.052156
0.087730
0.725747
-0.412310
-0.263331
-0.097465
0.201328
0.300970
-0.439125
0.000000
0.000000
0.227360
-0.067627
0.316566
-0.216167
0.245776
0.623579
-0.093171
-0.563660
0.112255
0.458869
0.439082
-0.758947
0.238359
-0.064336
-0.055727
0.833252
0.499147
0.000000
0.216396
0.241998
-0.176750
-0.145403
-0.833025
0.336682
0.000000
0.000000
-0.149630
-1.482412
0.733630
0.320146
-1.172324
0.159850
0.000000
-0.095862
-1.127239
-0.134013
0.068231
0.289850
0.414251
0.470278
0.387451
0.000000
-0.592990
-0.114824
-0.398767
0.639635
0.171857
0.000000
0.087711
0.000000
0.099372
-0.052054
0.000000
-0.904457
0.000000
-1.432496
1.046034
0.889102
0.000000
0.783096
-0.793017
-0.260530
0.121520
1.368956
-0.146872
-0.216502
0.000000
-0.182753
-0.574778
0.582936
-0.199441
-0.300350
0.379597
0.373677
-0.897090
0.000000
-0.235739
-2.230095
0.110924
0.107561
0.051218
-0.178369
-0.149590
0.238322
-0.150853
0.067272
-0.118219
-0.460673
0.809240
0.000000
-0.215323
0.404857
-0.712397
2.113711
-0.781422
-0.334893
-0.113284
-0.027486
0.000000
0.128162
-0.188567
0.138569
-0.146793
1.732384
-0.270015
0.000000
-0.552937
-0.000278
0.000000
-0.085187
0.245370
-0.057457
0.000000
0.354300
0.519429
-0.023108
0.000000
-0.308433
0.232833
0.050539
0.261446
-0.092556
0.570284
0.328830
-0.469580
-0.222895
0.144909
0.074541
-0.184707
0.399709
0.023456
0.061643
0.155138
0.055160
-0.312881
0.084746
0.340644
0.007559
0.000000
0.000000
-0.073206
-0.209642
-0.427525
0.009812
0.126970
-0.027544
-0.897090
0.290413
0.000000
0.102415
-0.247016
-1.433263
0.000000
0.214786
-0.840071
-0.175726
-0.394478
0.000000
0.102912
0.488823
0.382021
-1.190931
-0.254863
0.265485
0.437039
0.000000
-0.777400
0.340818
-0.290206
-0.075633
-0.034290
-0.330312
0.572698
-0.269989
-0.106372
0.040912
-0.118531
-0.600288
0.479444
1.544560
0.000000
0.000000
0.469216
0.482945
0.512484
-0.321161
-0.198329
0.000000
-0.016136
-0.262974
0.231092
0.007144
0.017495
0.174170
0.000000
-0.280020
-0.031750
-0.945346
-0.054762
-0.092978
0.000000
-0.729895
0.000000
-0.796959
-0.293671
0.519712
-0.244169
0.000000
2.106169
-0.187373
0.000000
-0.072843
-0.236668
-0.058899
0.350520
-2.240774
0.000000
-0.780937
0.189562
-0.974826
0.000000
0.468756
-0.198638
-1.008150
-0.025871
0.239646
0.235762
0.780438
0.242114
0.833674
0.164507
0.000000
0.110256
-0.311701
0.229972
-0.289656
-0.068733
0.029190
-0.089506
-0.222710
-0.466413
0.000000
-0.255198
-0.202102
-0.175282
0.014973
-1.127635
-0.130989
0.000000
-0.325160
0.000000
-0.322475
-0.182341
0.240903
-0.019265
-0.097354
0.385330
0.000000
0.000000
-0.911022
-0.232301
0.100445
0.238892
-0.059260
0.206849
0.000000
0.000000
-1.258556
0.013027
0.000000
0.184021
0.000000
0.222132
-0.110752
0.031825
-0.719514
-0.998391
0.877088
-0.086660
0.455658
-0.206557
0.289664
-0.078534
-0.143972
-0.170281
-0.034051
-0.170647
0.373159
0.023329
0.121703
-0.951915
-0.182316
-0.292845
-0.528771
-0.252460
-0.557088
-0.586792
0.000000
0.541065
0.380226
-0.093325
0.212912
-0.734800
-0.290413
-0.471729
0.000000
1.301009
-0.054676
0.036833
-0.157296
0.465437
0.000000
0.345904
0.159314
0.000000
-0.067617
-0.115067
0.096137
0.205547
-0.530065
0.068014
-0.263542
0.000000
-0.987215
-0.146710
0.000000
0.000000
-0.577512
0.751864
-0.352440
-0.762850
-0.222938
0.000000
1.029477
0.394523
0.222157
-0.690057
-0.131165
-0.390389
0.000000
-0.027115
-0.201493
0.292004
0.445471
0.186316
-0.023256
0.366316
1.282507
-0.193494
-0.207913
-0.200311
0.312667
0.025081
-0.341099
-0.109037
0.436536
-0.288289
0.737366
0.173634
0.719186
0.113577
0.463663
0.541482
0.507223
0.000000
-0.356587
-0.087143
0.348744
0.023986
-0.161690
-0.045856
0.041657
0.065633
0.156438
0.000000
0.041198
-0.028300
0.176400
-0.232543
0.271569
0.000000
-0.304202
-0.424571
0.070867
0.297071
0.153995
-0.044358
0.000000
-0.206324
0.513853
-0.608609
-0.003384
0.091451
-0.115457
-0.270653
-0.186419
-0.229102
-0.175613
0.170955
0.680265
0.417361
-0.223391
1.551796
-1.243720
-0.506846
-0.178050
-0.545244
-0.803792
-0.780717
0.123267
0.009747
0.000000
-0.175124
0.064562
-0.973499
0.502129
-0.086455
-0.061596
-0.210207
0.000000
0.787441
-0.356565
0.927649
0.174383
-0.049579
-0.009439
-0.002548
-0.028154
0.010031
-0.378416
-0.206195
-0.149157
-0.172534
-0.304935
0.289951
-0.039167
-0.032608
-0.353640
-0.114700
0.631460
-0.300921
0.520601
-0.331494
0.000000
-0.151647
-0.338991
-0.142339
-0.073463
0.860521
-0.395820
0.217106
-1.655376
0.090451
0.000000
-0.548900
-0.460357
0.000000
0.449453
0.187005
-0.011962
-0.015136
-0.002642
-0.033902
-0.062224
-0.053501
-1.300412
0.420990
0.315783
0.138267
0.088440
0.043791
-0.375916
-0.030671
-0.314438
2.184124
-0.622958
-0.556736
-0.125815
-0.010393
-0.012552
0.561797
0.004406
0.199441
-0.420708
-0.091063
-0.021070
-0.050051
-0.296554
-0.003470
0.039816
-0.026770
0.055563
0.226851
-0.848724
0.087299
0.362988
-0.009253
-0.222888
-0.699286
0.032229
0.011838
0.000000
0.206519
-0.233632
0.446971
0.043058
0.223493
-0.068788
-0.072914
0.336507
-0.036462
-0.082801
0.118119
0.000000
0.000000
0.000000
0.149660
0.726445
0.071223
0.041723
0.108078
0.105193
0.025964
0.290262
-0.085051
-0.374174
0.014651
0.040100
-0.330715
0.054154
0.088674
-0.452635
-0.096549
-0.236748
-0.642093
0.543867
-0.783243
-0.354227
-0.061888
-0.018150
-0.063016
0.000000
-0.550170
-0.047521
0.000000
0.137490
-1.784012
0.311109
0.280676
0.073879
0.296857
-0.116585
0.000000
-0.489393
0.169669
-0.172172
-0.173293
-0.729695
0.000000
-0.007847
0.008994
-0.134829
0.021764
0.278480
0.000000
-1.934931
0.057555
-0.022856
0.000000
0.000000
0.000000
-0.741295
-0.123625
-0.626132
0.072588
-0.723969
-0.296906
-0.451614
-0.687022
0.154679
-0.850369
0.136520
-0.048187
-2.011309
-0.379802
0.857724
0.486233
-0.035869
1.507724
0.000000
-0.425653
-0.181292
-0.181561
0.273021
-0.141072
-0.369552
1.127143
0.000000
0.000048
0.657404
0.097914
-0.511875
-0.349129
0.379931
-0.476387
-0.056866
-0.016124
-0.208462
-0.072611
-0.153362
0.204114
0.247162
-0.475129
-0.587627
-0.087351
-0.299388
-0.266697
0.000000
0.270404
-0.828493
0.683364
0.032907
0.272890
0.049921
0.084544
0.291535
-0.087244
-0.305266
-0.114770
1.446736
-0.017239
-0.223355
0.448297
-0.005243
0.025036
-0.587434
0.131406
-1.161854
0.902941
-0.465365
0.670742
0.198634
-0.158664
-0.956655
1.194858
0.020753
0.000000
-0.138093
0.180878
0.246122
0.129022
0.000000
0.261166
0.041784
0.020472
-0.449796
0.004127
-0.026228
-0.518412
0.105073
-0.267815
0.233200
0.921355
-1.473208
-0.349980
0.243556
-0.041307
0.443173
0.093210
0.833517
-1.029083
0.049742
-0.148354
-0.554384
-0.116054
0.308486
0.000056
-0.137640
-0.029063
0.636543
-0.261711
0.126399
0.000000
-0.460456
-0.480898
0.087730
-0.098152
1.882851
-0.848388
-0.164250
0.126989
0.117784
0.331359
0.000000
0.650544
-0.066842
-0.118742
-0.013334
-0.043898
0.407005
-0.419464
-0.259097
-0.001355
0.305822
-1.581296
-0.017900
0.734196
0.138005
0.316309
0.183858
0.000000
-0.125213
-0.034334
0.000000
0.490461
2.303056
-0.010316
-0.394722
-2.023514
0.050874
-0.784349
-0.120642
-0.038381
-0.137221
-0.176754
0.127382
0.000000
0.000000
0.270802
-0.193737
-0.145411
0.073921
-0.106873
0.189231
0.209700
0.288067
0.000000
-0.182678
-0.206518
0.604281
0.586188
0.000000
-0.126571
-0.128349
0.361503
0.040792
0.000000
0.101162
-0.076598
0.005374
0.929764
-0.462911
-0.397653
0.507475
0.623425
0.022499
0.204477
-0.964828
-0.376808
-0.034079
-1.141167
0.203659
-0.284026
-0.141838
0.000000
0.000000
0.000000
0.000000
0.569333
-0.033907
-0.035783
2.273514
-0.589219
0.025601
-0.601706
0.359461
0.229309
0.010280
-0.728168
-0.194666
-0.176689
0.562920
-0.737049
0.406309
0.337186
0.078903
0.109221
-0.263610
0.268974
-0.156840
-0.392952
0.133659
-0.383943
-0.892892
0.216136
-0.167047
-0.045057
0.000000
0.136123
0.395930
0.000000
-0.110496
-1.087649
-0.385186
0.146444
0.000000
1.295839
-0.118772
-0.498896
0.109043
0.000000
0.219697
0.824767
0.012723
-0.679571
-0.503537
0.124341
-0.092458
-0.132341
0.066189
0.000000
-0.032667
0.000000
0.869972
0.183171
0.262963
0.000000
0.007318
0.417611
-0.436944
-0.372108
0.000000
-0.110803
0.974105
-0.026170
0.015011
0.418882
0.339830
0.036901
-0.440097
0.000000
0.000000
1.527341
0.000000
0.345049
-0.151143
0.116407
-0.100205
-0.267822
-0.053161
0.646115
-0.170607
-2.384796
-1.310393
-0.114228
-0.108482
-0.161341
0.070017
0.819053
0.000000
-1.139935
0.000000
-0.013831
0.136420
0.006375
-0.356743
-0.381661
-0.057154
-0.056497
0.759928
0.000000
0.042380
-0.049863
0.000000
0.045120
-0.110878
-0.024559
0.000000
0.264357
-0.553992
-0.081314
-0.193737
-0.231921
-0.074365
0.485238
-0.823362
-0.338267
-0.478324
0.111326
-0.094232
0.054059
0.000000
-0.811969
-0.206011
0.000000
0.014651
-0.101883
-0.718747
-0.549662
-0.419827
-0.172133
0.000000
-0.251765
-0.335318
2.009364
0.030387
-0.100813
0.409541
0.741017
0.426642
-1.255740
-0.091346
0.170577
0.147911
0.000000
0.000000
0.177455
-0.158033
-1.286753
1.281158
0.504119
-0.224258
-0.264644
-0.135918
0.370694
-0.541259
0.123315
-0.245334
0.066954
-1.446258
-0.576883
0.165494
-0.242061
-0.231389
-1.136716
0.000000
-0.273489
-0.298694
-0.117439
-0.045007
-0.056607
-0.044176
-0.018594
0.530898
0.010515
0.394719
0.841324
0.027360
-0.151256
-0.746398
0.046588
-0.101517
0.365816
-0.408862
0.351489
0.000000
0.000000
0.132983
-0.801039
0.332608
0.013114
0.068220
0.000000
0.113977
0.000000
0.206711
0.151745
0.028350
0.000000
-0.099634
0.000000
-0.741471
0.245809
0.175818
0.235342
0.572685
0.985798
0.000000
1.425261
0.000000
0.256771
0.121229
-0.131858
-0.273297
-0.859195
0.067798
-0.170381
0.221526
0.032745
-0.310028
-0.059570
-0.014582
0.065451
-0.318270
0.080297
0.923442
-0.498561
0.000000
-0.732003
-0.308258
-0.018503
-0.322291
-0.471007
-1.477455
0.141872
-0.138057
-0.886574
0.947765
0.592334
0.190481
-0.180359
0.000000
0.000000
-0.021052
0.349022
0.106092
-0.184774
0.153987
-0.111091
0.024495
0.000000
0.090494
-0.669060
-0.416347
-0.061740
0.222132
-0.095349
-0.306710
0.000000
-0.048319
0.000000
-0.242530
-0.238580
0.199686
0.145018
0.303733
0.651668
0.057396
0.067385
-0.227684
-0.852896
-1.266709
0.098729
0.571066
0.048136
0.000000
-0.257615
-0.027174
-0.603068
-0.409775
-0.047227
0.027078
0.012907
0.152254
0.057394
0.012506
0.401317
0.288914
0.088292
0.000000
-0.181398
0.174170
0.379653
0.000000
-0.198306
0.062477
-1.887502
0.838468
-0.230856
-0.294286
0.000000
-0.816776
0.000000
-0.525295
0.000723
0.133655
0.967844
0.000000
0.088463
-0.631431
0.000000
0.002366
0.018313
-1.021489
-0.055978
0.000000
-0.190328
0.000000
0.220528
1.252555
-0.242650
0.000000
-0.279628
-1.933098
0.032339
0.040386
-0.051009
-0.247456
-0.046311
0.567471
-0.425420
0.072442
-0.213155
-0.363628
0.324680
0.033588
-0.155216
0.014273
0.129339
-0.278907
0.435005
-0.175222
-0.176802
-0.310890
-0.115836
-0.261247
-0.126403
-0.012825
0.085813
0.520139
0.110255
-0.637618
0.386324
-0.021535
-0.163953
-1.214891
0.310785
0.133806
0.087857
0.669452
-0.802979
-0.163970
-0.047178
-0.047475
1.376299
-0.214055
0.175082
-0.352952
-1.304380
0.116746
0.000000
-0.322615
0.000000
-0.043290
-0.130463
-0.159546
-0.003698
-0.233001
-0.075429
-0.016224
-0.185199
-0.117176
0.076423
-0.700460
-0.818312
-0.256990
0.000000
0.000000
0.153203
0.058045
0.000000
-0.062915
0.206070
0.033506
1.021733
0.512707
-0.490330
-1.009028
0.556843
0.016671
-1.160456
0.127422
0.599656
-0.589176
0.449425
0.042374
1.425933
0.000000
0.136305
-0.035475
0.108086
-0.542967
0.077658
-0.066510
-0.310772
0.239118
-0.544778
0.348168
0.107219
-0.717399
0.000000
-0.011192
-0.469754
-0.034506
0.140333
-0.394439
0.736010
-0.011800
-0.144511
-0.305605
-0.347498
0.303832
-0.316994
-1.066001
-0.716710
-0.465266
0.073684
-0.228538
0.000000
-0.185854
0.061395
0.120266
-0.009740
-0.400998
-0.097130
-0.008010
0.000000
0.085333
-0.116927
-0.668690
0.306882
0.208421
0.669346
-0.116779
-0.742073
0.000000
0.000000
0.360131
0.122062
0.146531
0.912522
-0.462558
-0.015508
-0.437440
0.066568
0.530499
0.000000
-0.054148
0.098753
0.452444
0.133828
0.345439
0.556527
-0.040367
0.355311
-0.649185
0.284296
-0.319952
0.168299
0.138869
-0.217186
-0.107791
0.000000
0.064579
0.683557
0.000000
0.051344
0.000000
-0.300275
0.325877
0.142123
0.000000
-0.080373
-0.362719
0.177774
0.225041
-0.733299
0.000000
0.475773
0.012941
0.150833
0.000000
0.000000
0.523511
-0.307838
0.299078
-0.317806
0.034555
0.771506
-0.286233
-0.086595
0.457321
-1.031267
0.107430
0.555789
-0.642981
-0.124073
-0.459365
0.711234
0.547137
-0.002922
0.000000
-0.034498
0.000000
0.352709
0.068176
-0.047503
0.434358
1.155202
0.000000
-0.007327
0.023213
-0.206614
-0.749779
-1.358408
-0.432261
-0.569230
0.774138
-0.706933
0.047123
0.335754
0.414832
0.239660
0.234453
0.000000
-0.091681
0.001285
0.614245
0.155984
0.000000
0.117822
0.000000
0.000000
-0.459494
-0.017490
-0.122485
0.218701
-0.058551
0.000000
0.000000
-0.209588
-0.497376
-0.144305
0.391282
0.101955
0.002432
-0.062929
0.956174
0.000000
-0.628246
0.180178
0.188430
1.264072
0.000000
-0.281733
-0.115699
-0.110660
-0.063566
0.254802
0.447130
-0.766705
-0.005255
0.217245
0.163954
-0.048993
0.192613
0.027522
0.270076
0.353930
0.113665
-0.493440
0.206192
0.000000
0.000000
0.144548
0.154744
0.403521
-0.123196
0.440185
0.717962
0.224052
-0.077562
0.209788
-0.602795
0.126425
0.097511
0.374854
0.424343
0.106298
-0.325525
0.216522
0.000000
1.091241
0.183762
0.190576
0.008955
0.000000
-0.068460
-0.165164
0.882856
0.696036
0.442962
0.048426
-0.180664
-0.326593
-0.481794
-0.185864
0.150649
0.272415
0.321122
0.490337
0.000000
-0.061663
0.259328
-0.858774
0.218038
-0.449461
-1.253560
0.682556
-0.387853
-0.140030
0.027183
-1.388593
-1.048905
0.055103
-0.162527
0.000000
-0.777543
0.000000
0.382248
0.100337
0.065194
0.067977
-0.171982
-0.094614
-0.490372
0.000000
0.601404
0.380435
-0.130207
1.030447
0.169886
-0.475229
-1.375254
0.000000
-0.132881
-1.117811
-0.147545
0.868330
0.113160
-0.175302
0.264800
0.254868
0.066249
-0.052665
-0.118831
-0.510722
0.286588
-0.303806
-0.259170
-0.331592
0.299475
0.058380
0.015451
0.807305
-0.008015
0.363293
0.000000
-0.132712
0.396800
0.586604
0.167911
-0.016364
0.204971
0.677252
0.055998
0.266789
-0.033225
0.186713
0.042910
-0.128835
0.114539
-0.074073
0.000000
0.000000
-0.222661
-0.362866
-0.398297
-0.056242
-0.185961
0.352694
-0.245649
-0.785549
-0.551326
0.333335
0.012112
-0.033109
-0.316647
0.826747
0.613912
0.229168
0.529042
0.000000
0.000000
0.518759
0.102470
-0.316644
0.126243
-0.668223
-1.112307
0.152133
0.025996
0.111815
0.000000
-0.107902
0.044144
0.664013
-0.035116
0.000000
0.000000
-0.337763
-0.038008
-0.272474
-0.494359
-0.097545
-0.124486
-0.007401
0.524954
-0.752440
-0.220320
0.094591
0.000000
-0.227832
-0.673360
-0.186934
0.121586
-0.106114
0.032978
0.489939
0.702004
-0.701071
0.107749
0.083369
0.000000
1.248720
0.660722
-0.503147
-0.937846
0.138431
-0.077989
0.000000
0.564008
0.284169
-0.806582
-0.205124
0.093621
-0.108519
0.118819
-0.073258
0.097519
0.198273
0.380945
-0.096977
0.125098
0.024654
-0.280441
0.000000
-0.049100
0.134042
-0.043136
0.000000
1.344438
-1.199391
0.431006
-0.001947
0.032594
-0.065497
-0.745994
-0.135175
0.073582
-0.572109
-0.403832
0.000000
0.000000
0.000000
0.000000
0.028613
0.000000
0.383608
-0.030301
-0.187804
-0.524394
1.541413
-1.019383
0.002766
0.145413
-0.037785
0.203250
0.172831
-0.392011
0.740773
0.041895
-0.404378
-0.061697
1.591520
-0.418536
0.093878
-1.087649
-0.150853
-0.202016
-0.710638
0.000000
0.000000
0.186168
-0.065887
0.520749
-0.043167
0.153956
0.135439
0.321695
0.236755
0.121686
-0.228801
-0.268828
0.323682
0.825647
-0.237903
-0.077393
-0.135463
0.079750
-0.183504
0.016012
-0.047586
0.259766
0.533425
0.364194
1.053667
-0.414080
0.000000
0.000000
0.483298
-0.075731
0.191812
1.005498
0.624303
0.000000
-2.416987
0.000000
0.080427
0.589008
0.198296
1.033810
0.147829
-0.111513
-0.990701
0.058597
-0.101024
-0.014816
0.249528
0.051910
-0.210621
0.051800
0.053834
-0.084711
-0.356810
-0.065674
0.483001
-0.035758
-0.056715
-0.131408
0.225176
0.338893
0.180064
-0.785653
0.000000
-0.152422
0.030297
-0.344354
0.019017
0.446967
0.056106
0.420844
0.333391
0.183863
-0.236670
-0.372637
0.363230
0.261684
-0.001140
0.000000
-0.265879
-0.050136
0.157717
-0.024435
-0.334268
-0.141395
-0.332879
0.072844
0.930966
0.125837
0.044192
0.360131
0.329069
0.000000
-0.047292
-0.373835
-0.719736
0.428650
-0.529355
0.000000
0.099713
-0.109638
0.397392
-0.227638
-0.808306
0.116703
0.000000
0.000000
-0.051598
-0.008181
0.896027
0.000000
0.255136
0.098975
0.000000
0.138901
1.426387
0.078430
-0.175855
0.235438
-0.464507
0.494544
-1.166573
0.001537
-0.016949
-0.312118
0.550037
-0.380633
-0.544204
0.982324
0.189470
0.011741
0.000000
-0.179912
-0.045236
-1.058124
0.000000
-0.875924
0.401115
0.345049
0.607881
0.216042
0.127136
-0.548981
-0.299737
0.201899
-0.215158
-0.086426
0.379051
-0.379928
0.079518
0.000000
0.086535
0.480317
0.316629
-0.084621
0.207737
1.624203
-0.116095
-0.317219
0.000000
-0.529989
0.086964
0.000000
0.316629
0.596010
0.000000
0.000000
0.186856
-0.596464
-1.993955
-0.136303
-0.578499
-0.989159
0.391321
-0.878098
0.022257
0.198402
0.075785
0.320068
-0.189521
-0.152588
0.573134
0.407154
-0.942029
-0.031319
0.293832
-0.519208
0.000000
0.141871
-0.250309
0.000000
-0.285578
-0.572661
-0.219370
-0.215317
0.053979
1.237667
0.505836
1.045318
-0.135940
-0.533112
0.669956
0.031921
-0.322856
0.233016
-0.075914
-0.625134
-0.117050
-0.722664
0.335109
-0.808025
-1.506188
0.774886
-0.870745
-0.724984
1.338455
-0.016612
0.079554
0.250498
-0.713534
-0.191265
0.166093
-0.197591
-0.173430
0.000000
-0.336491
-0.215880
-0.357416
0.000000
-0.077573
-0.111337
-0.146097
-0.534920
0.138583
-0.013002
-0.154248
0.000000
0.184499
-0.232389
0.043492
-0.139417
-0.139417
0.076872
-0.769197
-0.957347
0.232712
-0.523054
0.547489
-0.058454
0.346050
0.487644
-1.107569
0.000000
-0.010628
0.163809
0.000000
-0.833915
0.000000
-0.460875
-0.043213
-0.085247
-1.375267
0.125734
-0.694609
0.535198
0.210322
0.017857
0.119510
-1.021005
0.000000
-0.598278
0.264291
0.000000
-0.545581
0.000000
-0.043800
0.000000
0.413607
0.293565
0.492367
0.807090
-1.587875
0.457552
0.000000
-0.558597
-0.867585
-0.265218
0.000000
-0.915375
0.179228
0.234828
0.358033
-0.240328
-1.488133
-1.005521
-0.541999
-0.183702
-0.774351
-0.468317
0.492450
-0.147030
0.152249
-0.576032
0.659322
-0.108220
-0.796920
1.450431
-0.196065
1.770037
0.598588
0.818446
0.786563
-0.004023
-0.129345
-0.395266
-0.209421
-0.134315
0.298528
0.104371
-0.297947
0.066794
-0.616895
-1.556075
-0.161518
-1.192253
0.000000
-0.440898
-0.037316
0.446204
0.090331
0.000000
0.525724
-0.286935
0.000000
-0.039751
-0.391407
2.618110
0.048779
0.959476
-0.109626
-0.129571
-0.062439
-0.045461
0.000000
0.381079
-0.157025
0.509998
-0.054319
0.618035
-0.469806
-0.104278
0.354321
0.024878
-0.520669
0.297773
0.077880
0.086434
-0.802550
-0.098264
0.497674
0.169756
0.636447
-1.128134
0.000000
0.150423
-0.014797
0.991637
0.221450
0.007225
0.144896
0.865659
-0.865131
-0.038386
-0.209441
0.711234
0.022851
0.580872
-0.120187
1.899057
-0.028866
0.022390
-0.402256
-0.120357
0.290033
0.211818
-0.176967
0.532910
-0.114286
-0.906038
0.051473
-0.197235
0.000000
0.000000
0.142400
0.868353
-0.514624
-0.288750
-1.978390
0.457434
-1.229817
0.000000
-0.008915
1.372882
-0.183170
0.049660
0.230511
-0.081065
0.033476
0.205868
-0.380882
-0.029041
0.324153
0.000000
2.430501
0.352952
-0.573897
0.132718
0.319285
0.228209
-0.014705
0.404525
0.000000
-0.190920
-0.173644
0.064019
-2.139997
0.000000
-0.168673
1.438951
-0.480483
-0.018267
-0.101586
-0.275041
-0.850137
-0.004246
0.000000
0.207516
0.364953
0.225853
0.156054
-0.209510
-0.299740
-0.083564
-0.104574
-0.154001
-0.248791
0.260548
0.037787
0.002945
-0.040979
0.071059
0.000000
-0.139427
-0.060160
0.071867
0.049688
-0.503074
-0.415699
-0.072699
-1.102068
0.188181
-0.173947
-0.073577
0.160426
-0.345219
0.000000
-0.204696
0.029373
0.220830
0.003781
0.127945
0.000000
0.000000
0.136029
0.000000
0.232077
0.181642
0.459022
0.793417
0.021103
0.180576
-0.349731
0.124869
0.472500
0.720602
0.662594
0.043471
-0.139036
0.256668
0.630250
-0.339427
0.736347
-0.064034
-0.204159
0.319923
0.000000
-0.367893
-0.374272
0.058814
0.437721
0.114277
-0.332587
0.599404
-0.087251
0.069764
-0.223964
0.335184
0.000000
-0.545245
-0.027448
-0.047281
0.847277
-0.901108
-0.084245
0.105704
0.125466
-0.724505
-0.409357
0.591407
-0.046887
0.011662
1.130172
-1.122224
0.107229
0.000000
-0.282548
0.000000
0.000000
0.089175
-0.796920
0.262963
0.084281
0.112441
0.570628
0.069800
0.033067
0.313766
-0.108014
0.010945
-0.102518
0.729389
-0.737692
-0.099352
-0.272127
0.163332
0.000000
0.347325
2.001812
0.060917
-1.510796
-0.752977
-0.254023
-0.047959
-0.047619
0.000000
0.551179
0.089228
0.009730
0.747245
-0.433248
-0.510433
0.156117
-0.324976
-0.159064
0.301450
0.434553
-0.604173
1.870044
-1.061554
-0.761650
1.213610
-0.659996
-0.134679
-0.081761
0.000000
-0.749889
-0.133436
-0.193737
0.898937
-0.140488
0.000000
-0.701071
-0.094033
-0.202912
0.000000
0.599295
-0.278907
0.000000
-0.209783
0.324316
0.143858
-0.003290
-0.239956
0.000000
-0.609032
-0.150832
-0.268092
0.116287
0.246959
0.000000
0.000000
-0.017796
0.357522
0.249499
-0.332598
-0.093392
-3.873504
0.050946
0.000000
0.000000
-0.620500
0.312638
0.045225
-0.173154
0.701936
0.000000
0.164989
0.187745
0.018805
0.070376
-0.483504
0.455849
0.223117
0.000000
-0.118202
0.284475
0.000000
0.000000
0.000000
1.969385
0.100944
0.296538
-1.124109
-0.331228
-0.173382
-0.486146
-0.772083
0.000000
-1.069257
0.000000
-0.258607
0.000000
0.211002
0.252296
0.135397
0.331826
0.230224
-0.550254
-0.343757
-0.286885
0.007939
0.191427
-0.325882
-0.079069
1.248220
0.308852
0.936525
0.026866
0.105679
-0.023886
0.000000
0.123671
1.316132
0.245819
-0.227676
0.442087
0.273115
-0.080916
-0.642530
0.278490
-0.733512
-1.137632
0.179834
-0.027336
0.000000
-0.483189
-1.415080
-0.036747
-0.384482
0.113818
0.077138
-0.062964
-0.144212
0.000000
-0.565087
0.248779
0.161375
0.484009
0.077946
-0.178602
0.000000
0.000000
0.171603
0.446190
-0.069856
0.122403
0.000000
-0.262559
0.000000
0.250963
0.000000
-0.222600
-0.870310
0.000000
-0.022509
-0.992624
-1.472212
-0.660616
-0.328336
0.007848
0.170337
0.354070
0.126273
-0.032404
0.372782
0.045225
-0.152962
0.002244
-0.043168
0.000000
0.000000
0.662159
0.155729
-0.412908
0.117880
-0.189744
-0.030680
-1.242215
0.266591
-0.449437
0.261120
0.974242
0.113939
0.000000
0.381040
-0.042749
0.000000
-0.117800
-0.898998
0.000000
0.450221
0.000000
0.000000
0.634615
-0.184543
-0.812600
0.272986
0.269320
0.000000
-0.299215
-0.874361
-0.554182
-0.877301
0.000000
0.526461
-0.287458
-0.048295
-0.457211
0.992645
0.071927
-0.315530
0.306640
0.052890
-0.084685
0.000000
0.208940
-0.064113
0.396809
0.417124
-0.054260
0.035282
-0.926288
-0.073587
1.027125
-0.151854
0.785773
-0.079457
0.000000
-0.445524
-0.125056
0.042550
0.000000
-0.166590
-0.172760
0.177553
-0.169169
-0.429370
-0.273089
-0.306086
0.274896
-0.050412
-0.520742
0.501224
0.224446
-0.313231
-0.020145
-0.042239
0.202180
0.594650
0.091368
0.000000
-0.247982
0.458175
-0.229444
0.000000
-0.636489
0.516488
-0.773355
0.383098
0.791879
0.774897
0.152622
0.337569
0.122453
-0.028489
-0.314926
1.045038
0.000000
-0.736057
-0.001424
-0.038321
0.000000
-0.284256
-0.456674
0.255537
0.294817
0.000000
0.018832
-0.046818
0.000000
0.130264
0.184835
0.057078
-0.236699
0.597447
0.138675
-1.389398
-0.675391
0.324590
-0.816937
0.407562
0.012036
1.932049
-0.248365
1.283558
0.078769
0.151617
0.013010
0.000000
0.000000
-0.048566
-0.775848
0.164157
0.087156
-0.071074
-0.620632
0.476804
0.000000
0.006148
0.061523
-0.847830
-0.097649
0.278084
-0.242035
0.207457
0.345049
0.702047
-0.282432
1.536069
-2.144440
-0.175285
0.528468
-0.219536
0.180572
-0.486314
-0.042160
-0.422506
0.175689
-0.214738
0.321467
0.527931
-0.234483
-0.037083
-0.015734
-0.165017
0.841205
-0.777002
0.000000
-0.004581
0.066856
-0.203154
-0.106941
-0.150805
-0.021838
-0.450579
-0.074072
0.064597
0.361672
-0.029466
-0.299791
-0.208490
0.091537
0.068424
-0.066199
-0.361797
0.195991
0.640935
0.068070
-0.299371
-0.320532
-0.025751
-0.357172
0.000000
0.000000
0.000000
-1.120356
0.000000
-0.413233
0.171942
0.286750
-0.184064
0.216654
-0.229066
-0.642437
-0.208462
0.013493
0.171871
0.000000
-1.319385
0.027378
0.589978
0.000000
1.012649
-0.031360
0.492070
0.000000
0.000000
0.118966
-0.563282
0.120406
0.000000
0.184206
-0.085935
0.161250
0.337492
0.217420
0.178092
0.113536
1.507705
-0.113190
-0.227231
-0.016496
0.000000
-0.289579
-0.117546
0.101785
0.180719
0.112913
-0.085742
0.444750
0.460096
-0.449971
-0.033917
0.000000
0.000000
0.000000
-0.221835
0.144477
0.694495
-0.967017
0.000000
-0.038473
-0.414185
-0.822140
0.000000
0.149519
0.022870
0.113967
-0.169224
-0.038188
0.083730
0.133402
0.054636
0.157412
0.132916
0.071898
-0.201659
0.226709
-0.003035
-0.255009
-0.124612
0.064510
-0.396614
0.623711
-0.006286
-0.087514
0.442386
-0.250968
0.053029
-0.106006
-0.124251
0.326987
0.127878
-0.200904
0.575067
-2.341180
-0.945039
0.167210
-0.554770
0.000000
0.284765
0.222911
0.387932
-1.285775
0.548978
-0.505199
0.982247
0.180063
0.436025
-0.192249
-0.872126
-0.582335
0.485787
0.241947
0.000000
0.566976
0.486270
-0.503062
-0.102810
0.210754
0.115033
0.364857
1.414700
0.770849
-0.338441
0.000000
0.049739
-0.716430
-0.325034
0.001067
-0.172429
0.076904
0.246205
-0.037371
-0.583826
0.038887
-0.013063
-0.560851
0.457631
-0.001784
0.000000
-1.174171
-0.199238
-0.321394
-0.385304
-0.414669
-0.518286
0.326135
0.059544
0.000000
0.429940
-0.145010
0.000000
0.000000
0.000000
0.000000
0.269004
-0.188591
0.000000
-0.420756
-0.105219
-1.451692
0.001852
-0.130667
0.325423
-0.215093
0.157246
0.300464
-0.113342
0.132085
0.210045
0.025065
2.974989
0.165048
-0.363570
0.298268
0.000000
-0.002002
0.000000
0.144767
0.000000
0.097434
0.072303
0.069163
-0.307473
0.420487
-0.010394
0.029238
0.047614
-0.056457
0.000000
-0.166002
0.518539
-0.311954
0.930676
0.036565
-0.143488
-0.173617
0.106955
1.938607
0.041783
0.925366
0.000000
0.132107
-0.741683
0.000000
-0.510736
-0.161459
0.416364
-0.157028
-0.457336
0.000000
0.000000
-0.180762
-0.751162
0.383610
0.284801
-0.540952
0.150699
-0.046767
0.151261
-0.033705
-0.147166
0.000000
-0.000510
0.010267
0.152892
0.000000
-0.287550
0.000000
-0.442306
0.049750
-1.941279
0.191066
-0.561897
-0.431304
-0.105513
1.474342
0.042961
0.051104
0.369146
-0.159064
0.000000
-0.168144
-0.466285
0.648911
-0.387897
-0.541681
0.399389
0.057004
0.000000
-0.269484
0.000000
1.278831
-0.108045
0.187315
0.025479
0.118969
0.830279
0.235736
-0.598095
-0.777365
-0.001732
0.000000
-0.286514
0.000000
0.244666
-0.198902
-0.132668
0.062121
0.647594
0.000000
0.427567
-0.150326
0.028921
0.000000
-0.005236
-0.226189
-0.067962
2.520560
-0.524109
0.000493
0.006122
-0.294176
-0.123287
-0.173325
-0.968108
-0.235855
-0.144942
0.142561
0.000000
-0.301353
0.415997
0.071161
0.000000
0.000000
0.000000
0.079591
0.007756
-0.099996
-0.405237
-0.419235
-0.428571
-0.038745
0.444775
-0.115563
0.050464
0.196958
-0.177828
0.233039
0.171346
-0.072238
0.246124
0.204932
-0.515763
0.328224
0.142085
0.215963
-0.135460
0.000000
-0.551595
0.171955
0.000000
0.451654
-0.158056
0.192391
0.000000
-0.083977
0.174930
0.000000
0.915313
0.000000
0.761216
0.000000
0.000000
0.000000
0.000000
0.408180
0.000000
0.000000
0.000000
-0.636578
0.000000
0.000000
0.000000
0.000000
0.000000
0.000000
-0.926290
-3.812102
0.716285
1.268923
-0.243861
-1.221459
1.211461
-0.151568
1.986183
0.000000
2.126927
0.053656
0.396923
0.017006
-0.134869
0.016352
-0.212260
-0.503708
0.314401
0.290431
-0.239854
-0.099757
0.000000
-0.243131
-0.987342
-0.025211
-0.437033
-0.176867
0.309112
0.262068
0.054980
-0.921082
1.662298
0.236176
0.230078
0.448538
0.094024
0.030762
0.223099
-0.161193
0.324764
0.153098
0.000890
-0.183968
-0.499502
0.365423
-0.269282
0.105011
0.253029
-0.103745
0.354409
0.210807
-0.461150
0.144817
0.215900
0.076170
0.043928
-1.097733
0.337463
0.381010
0.053756
0.211717
1.011552
-0.484483
0.000000
-0.126122
0.000000
0.292695
-1.371866
0.233322
-0.088734
-0.192793
0.403931
0.107134
0.000000
0.080831
0.293312
0.148422
0.206287
-0.264366
0.949072
-0.068552
-0.205054
-0.616113
0.153982
-0.030682
0.551267
-0.072242
-0.900511
-0.106236
1.735774
0.264471
-0.015384
-0.026740
-0.086489
-0.340283
0.025764
0.281177
-0.082286
0.579263
0.000000
0.543608
0.081367
0.988786
0.355105
-0.383429
-0.590759
-0.802806
0.363309
0.000000
0.102907
0.000000
-0.333046
0.000000
0.868211
0.531085
0.156314
0.000000
0.325786
-0.002172
1.179923
-0.783649
-0.275064
0.011845
-0.849448
-0.647544
-0.222272
-0.313066
-0.549545
-0.186050
-0.106217
-0.429115
0.022219
-0.310188
0.718788
0.128820
0.327151
0.047653
0.141494
0.143630
-0.063127
0.458357
-0.030427
0.260670
0.136550
0.345469
0.050982
0.366570
0.263945
0.021360
1.003465
1.540434
0.156620
0.529787
-0.142261
-0.495991
-0.266532
-0.308666
0.000000
-0.411165
0.000000
0.812441
-0.215808
0.023254
-0.335549
0.356110
-0.532560
0.000000
-0.231680
-0.010423
0.000000
-0.694225
0.000000
-0.212936
0.506481
-0.046144
0.648571
-0.209342
0.060146
0.235233
0.258270
-0.080630
0.207403
-0.231709
-0.008027
-0.014011
-0.151012
-0.503093
0.165620
-0.175099
0.064743
0.385829
-0.265014
-0.238974
0.055313
0.012843
-0.129864
0.215066
0.000027
-0.181837
0.031176
0.180992
0.114677
0.147041
0.034096
1.152873
-0.057531
-0.003043
0.111009
0.000000
0.061094
0.001375
-0.175706
0.998328
-0.206883
-0.261548
0.119287
-0.156415
0.021276
0.000000
0.000000
-0.503674
0.642546
-0.233305
0.129422
0.079800
-0.002358
-0.080702
0.665055
-1.938928
0.000000
0.444508
0.176539
-0.123251
-0.034415
0.164426
0.205230
1.036344
0.084335
-0.091500
0.530932
0.302850
-0.234416
-0.391433
0.019650
-0.104457
-0.150248
0.007003
0.170415
-0.398071
-0.579079
0.001211
0.137153
-0.190492
0.400994
-0.213730
0.539814
0.084436
0.365348
-1.403163
0.000000
-0.827607
-0.078579
-0.322078
-0.007229
0.379146
-0.314122
-0.089764
-1.536845
0.273158
-0.654878
-0.106737
-0.212092
-0.437816
0.240393
0.230429
0.040286
0.101559
0.007753
0.451556
0.442248
0.594814
-0.133042
1.004291
0.373553
0.000000
-0.836374
-0.102901
