0.005979
0.001296
0.006484
-0.003612
-0.012004
-0.015689
-0.039561
-0.005610
0.003336
0.004384
-0.008044
-0.003785
-0.004957
0.003610
0.003291
-0.002251
-0.009006
0.027562
0.067391
-0.006314
0.006054
0.012382
-0.026140
-0.018204
-0.023243
-0.006208
0.000892
0.004718
0.060606
0.002651
-0.078051
0.002114
0.035955
-0.015337
-0.001994
-0.000226
-0.016031
-0.032653
0.001574
-0.002912
-0.003966
-0.014838
0.014498
-0.014809
-0.003057
0.036126
-0.001119
0.007398
-0.005417
-0.002765
-0.004986
0.001319
-0.008240
-0.008013
-0.005807
-0.017988
0.001476
0.002477
0.037679
-0.007497
-0.020355
-0.047727
-0.004803
-0.023759
0.010378
0.004083
0.000517
-0.000632
-0.003708
-0.000403
-0.002617
0.008583
0.003104
-0.002917
-0.003775
-0.000180
0.009175
-0.007487
-0.007874
-0.002771
-0.006585
-0.007496
-0.025151
-0.000316
-0.007044
0.000731
-0.003067
0.066094
0.004808
-0.017779
-0.015750
-0.014382
0.011011
-0.012810
-0.012380
0.005989
-0.008665
0.063663
0.006103
-0.000914
0.000026
-0.006582
0.016563
0.006618
-0.004817
-0.012652
-0.023314
0.021488
0.015515
0.023638
-0.001616
-0.009742
-0.003756
-0.001499
-0.002084
0.000054
-0.000478
-0.002878
-0.003579
0.005360
0.000878
0.017057
-0.002331
-0.007834
0.001907
0.011781
-0.001714
-0.006220
-0.008526
-0.003975
-0.000614
0.041996
0.019733
-0.005392
0.003236
0.029630
-0.016684
0.024221
0.005965
-0.000939
0.009341
0.004680
-0.003843
-0.018703
-0.000905
0.022875
-0.006851
0.003119
-0.003833
0.009286
-0.000756
-0.001291
-0.007069
0.003565
0.008616
0.000383
-0.012161
0.000000
0.024843
-0.003432
0.016964
0.000000
0.000519
-0.002473
-0.003291
-0.009714
0.000990
0.002001
-0.005185
-0.011414
0.002672
-0.015660
0.000736
-0.017783
-0.002230
0.007477
0.020894
-0.010296
-0.003666
0.008107
0.042388
-0.007874
0.008141
0.002714
0.000000
0.000000
0.000000
0.006840
0.022285
-0.012875
-0.016180
0.001474
0.023417
-0.012087
0.000000
0.000000
0.000000
0.000000
0.000000
0.000000
0.000000
-0.070056
0.000000
0.000000
-0.011697
0.001098
0.019870
-0.026689
-0.015136
0.000042
-0.006503
-0.008360
-0.024282
0.018475
-0.004728
0.016290
-0.005982
-0.005126
0.005354
0.010903
-0.028063
-0.000941
0.135827
-0.005853
-0.003451
-0.018431
-0.012240
-0.000071
-0.002711
-0.006301
-0.012240
-0.004852
0.023284
0.017944
0.028540
-0.012281
-0.037030
0.008526
-0.025105
0.054350
0.071611
0.056548
0.007395
-0.004373
0.004986
0.073196
-0.019878
0.114774
0.053991
-0.010978
-0.007889
-0.012381
0.005218
-0.007263
-0.000451
-0.030435
-0.003504
0.017491
-0.005034
-0.030124
0.001926
-0.013534
-0.039734
0.004637
0.011836
-0.010160
-0.009375
0.022413
-0.004266
0.000620
0.010381
0.001912
-0.005631
0.004066
-0.012631
0.017472
0.025163
-0.028546
-0.014634
0.000635
-0.032682
0.000000
-0.012034
-0.006321
0.004580
-0.015052
-0.006075
-0.012887
-0.020030
-0.001297
-0.007271
-0.008400
-0.000794
-0.008856
-0.009550
0.011215
0.006834
0.009312
-0.003659
-0.004383
-0.006587
-0.008116
-0.016374
0.006187
0.002716
-0.005173
-0.011740
-0.000900
0.015693
0.002762
-0.006400
0.001604
-0.005506
0.088546
-0.004189
0.059893
-0.012702
-0.016444
-0.012300
-0.008849
0.000000
-0.005346
0.002319
0.013903
0.002834
-0.000837
-0.008475
0.104663
-0.004569
-0.009859
0.004227
-0.010470
-0.000601
0.006959
0.009746
-0.015636
-0.006579
-0.007388
0.016588
0.003123
0.019639
-0.020735
-0.027818
-0.007257
0.034101
-0.004752
-0.016314
-0.004947
-0.010094
-0.010198
-0.007483
0.050220
0.000336
0.005764
0.009942
-0.034134
0.001993
0.001757
-0.011403
-0.018088
-0.034719
-0.002817
-0.008404
-0.006302
-0.004669
-0.008629
-0.015009
0.005774
0.007769
-0.001452
-0.010736
-0.003614
0.007454
-0.012544
-0.007993
0.006835
-0.006028
-0.005730
-0.011048
0.000000
-0.003352
0.002137
-0.016756
-0.002190
-0.009438
-0.004471
-0.001748
-0.009162
-0.000760
-0.055456
-0.018071
-0.009055
0.017169
-0.019930
0.010092
-0.002757
0.002236
0.082201
0.000839
0.018589
0.031957
0.057570
-0.019165
-0.002365
0.006719
-0.007575
-0.010117
-0.002578
-0.014186
-0.000974
0.076231
-0.004675
-0.015167
-0.012304
0.010649
0.011711
-0.001900
-0.009709
-0.027048
0.011815
0.018701
-0.003977
0.007022
-0.007021
-0.000725
-0.012343
-0.004217
-0.002221
-0.018083
-0.007498
0.003819
-0.003367
-0.019170
0.018140
-0.020322
0.005889
0.047501
0.033049
-0.014021
0.004987
-0.006792
0.003989
0.005030
0.002878
0.007208
-0.015640
-0.003153
0.006816
-0.002368
0.013706
0.003537
0.006204
-0.005112
-0.010916
-0.004209
0.013927
0.030987
0.002681
-0.017518
-0.016337
0.002550
-0.000018
-0.017276
-0.011200
-0.010157
-0.022270
0.002964
-0.004194
-0.008625
-0.013820
-0.003991
-0.007545
0.008410
-0.030921
0.022780
-0.019222
-0.008297
0.005360
-0.014004
0.019613
-0.006214
-0.013761
-0.015866
0.003609
0.020107
0.007274
-0.013638
0.021305
-0.007566
-0.007309
-0.013949
-0.001632
-0.011280
-0.001948
0.066167
-0.008885
-0.031740
-0.004590
-0.029406
0.007862
0.005949
-0.024304
0.006698
-0.007918
0.039197
-0.007970
0.009698
-0.019965
0.004838
-0.006631
-0.019106
0.003034
-0.014370
-0.009297
-0.003010
0.010359
0.011460
0.000041
-0.004166
-0.005975
-0.005354
0.011050
-0.012019
0.002365
0.032180
0.000498
0.037576
-0.001380
0.003617
-0.011372
0.012258
-0.010118
0.017482
0.002389
0.005416
-0.010703
-0.003021
-0.002457
-0.013490
-0.015237
0.032840
0.009527
-0.009598
0.025029
-0.006068
0.027944
-0.000573
-0.005191
0.011991
0.038638
0.007519
-0.018570
-0.012125
0.000597
-0.033179
-0.007741
-0.013229
-0.011130
-0.014497
0.004684
0.001355
0.020234
0.001217
0.042369
0.008525
-0.018618
-0.012382
-0.007877
0.014430
-0.007293
-0.018005
-0.013040
0.029701
0.147071
0.035805
0.009308
-0.026724
0.017643
-0.027548
0.043058
0.014560
-0.000369
0.002600
-0.005229
0.008783
0.009443
-0.004103
0.009472
-0.002199
-0.011079
0.016933
0.035957
0.067880
0.000378
-0.012022
-0.009092
0.014643
0.031666
-0.029280
0.009594
-0.026213
-0.006855
0.017740
0.162417
0.000084
-0.032828
0.004854
-0.019144
-0.015793
-0.021531
-0.012770
-0.026159
0.002902
-0.024105
0.007527
-0.022737
0.014363
-0.006010
-0.022403
-0.012802
-0.026310
-0.009112
0.028397
0.010397
0.009697
-0.001226
0.038324
0.036282
-0.010840
-0.001789
-0.018020
-0.021126
-0.040523
-0.010918
-0.021560
-0.006570
0.023859
-0.008205
0.004116
0.011382
0.014192
-0.009271
-0.014088
0.010520
0.002807
0.005141
-0.017851
-0.012715
0.004471
-0.009880
0.014895
0.010907
-0.014373
-0.008510
-0.002099
-0.009333
-0.013236
-0.001093
-0.015425
-0.009139
0.001704
-0.010863
-0.004708
-0.017348
0.024898
-0.004401
-0.000097
0.001708
0.024836
0.039025
-0.042392
-0.012434
-0.000402
0.000013
-0.012842
0.001005
-0.062896
-0.010256
-0.037799
-0.017883
-0.016324
-0.011576
-0.001558
-0.014665
-0.002600
-0.006693
-0.004321
-0.001778
-0.041656
0.001964
-0.008266
-0.001051
0.002334
0.000579
0.001537
-0.021828
-0.015479
-0.009541
0.191084
0.023445
0.015874
0.013211
-0.003839
-0.021036
-0.020235
-0.023132
-0.004234
0.000000
-0.016680
0.012757
-0.004377
-0.000018
-0.005605
-0.016961
-0.001843
-0.008111
0.037172
-0.003016
-0.002022
-0.014141
-0.010666
-0.013760
-0.004505
0.005044
-0.001935
-0.001335
-0.004725
-0.001360
-0.009011
-0.014484
-0.016565
0.004981
-0.023246
-0.005027
-0.018491
0.002058
0.011533
-0.024628
-0.010548
-0.002640
0.000333
-0.051708
-0.002482
-0.013203
-0.012006
0.003400
-0.030118
-0.024214
0.028440
-0.000222
0.001099
-0.002377
-0.020342
-0.015221
0.042266
-0.008240
0.008104
0.002359
-0.015759
-0.012221
0.006217
-0.008660
-0.007261
-0.005371
-0.010985
-0.004398
-0.006059
0.002234
-0.006250
-0.004849
-0.002414
0.017601
-0.008412
-0.012598
-0.002224
0.006364
-0.005874
-0.006037
-0.003513
0.002670
-0.007411
-0.022114
-0.000921
0.078730
-0.025319
-0.011423
-0.008046
-0.001531
-0.014520
-0.010821
-0.007043
-0.021147
-0.005112
0.004622
-0.001983
0.041008
0.021047
-0.006370
-0.005368
0.002879
-0.002461
-0.013515
0.000000
-0.004462
-0.011574
-0.009733
0.002805
-0.023684
0.000396
0.002909
-0.004802
-0.024620
-0.006379
-0.006771
-0.003723
-0.028196
-0.001446
-0.000358
0.004156
-0.053131
-0.005980
-0.000624
-0.000379
-0.009180
-0.007701
0.000918
-0.002653
-0.009606
-0.017266
-0.010235
0.013319
-0.013396
0.002867
-0.006648
0.005828
0.002104
-0.009292
-0.012081
-0.007979
0.003824
-0.004267
0.003658
-0.022892
0.006342
-0.022817
-0.038311
-0.023358
-0.021425
0.009701
-0.046334
-0.003560
0.046014
-0.005750
-0.003772
0.000833
-0.018677
-0.008546
-0.016166
-0.011209
-0.013524
-0.007330
0.005727
0.058957
0.007025
-0.000010
-0.003826
-0.011990
-0.014573
-0.027828
-0.017714
-0.004731
-0.024650
-0.012755
0.008534
-0.016677
0.006753
0.021553
-0.008156
0.009445
-0.019744
-0.005946
-0.033161
0.019799
0.005904
-0.000133
0.036551
0.029649
0.042451
-0.002440
-0.017437
-0.000561
-0.009290
-0.002566
-0.019770
-0.011745
-0.003827
-0.006122
-0.000375
-0.003104
-0.008170
-0.002940
0.002826
-0.010154
0.010045
-0.001995
-0.004375
0.012505
-0.017347
-0.009549
0.005127
-0.016678
-0.011559
0.018355
0.007778
0.031817
-0.017089
-0.006620
0.001324
-0.004966
-0.000467
-0.034150
-0.005666
-0.006024
-0.031452
-0.023531
-0.007185
-0.028514
0.034340
0.002891
0.000070
-0.012740
0.025184
0.013211
-0.007688
-0.003673
-0.003148
0.021573
0.004708
-0.009036
0.007751
0.007229
-0.014079
-0.005650
-0.019406
-0.012827
-0.047742
-0.014288
0.022254
0.009894
-0.004205
-0.009770
0.016661
-0.000647
-0.006997
0.083795
0.012361
0.001548
-0.011526
0.012987
-0.055021
0.000231
-0.004467
0.008560
-0.008796
0.000000
-0.005783
-0.008124
-0.003070
-0.008045
0.002308
-0.001434
-0.007513
0.052103
0.008211
-0.003973
0.020062
-0.008523
-0.002774
-0.010776
-0.007131
0.004165
-0.013037
0.011646
0.009057
0.010001
-0.012607
-0.004603
-0.008436
-0.026925
-0.003661
0.010978
0.000718
0.007493
0.002090
0.008570
-0.005795
-0.008749
-0.022542
-0.001806
0.018416
-0.041255
0.011365
-0.012170
-0.002157
-0.024067
-0.006892
-0.004492
-0.017020
0.047278
0.015232
-0.008214
-0.007111
0.027243
-0.017103
-0.009520
-0.007289
-0.002866
0.006614
0.003213
0.035577
-0.035957
-0.011025
-0.013103
-0.000145
0.006565
-0.002945
-0.009519
-0.010236
0.011245
0.030688
0.007567
0.009695
-0.004416
-0.011910
-0.001711
-0.004947
0.024896
0.043612
0.003524
-0.027421
0.098790
-0.006932
0.000109
-0.014423
0.001960
-0.017122
-0.005062
0.000137
-0.005310
-0.040262
-0.024703
-0.003771
0.032374
0.050230
-0.006609
-0.004417
0.024703
0.005561
0.000055
0.002969
0.000860
-0.017108
0.000842
-0.009817
-0.003496
-0.003631
-0.009602
-0.007268
-0.014305
-0.009716
0.012928
-0.013949
-0.008262
-0.007388
-0.027275
0.005243
-0.006679
0.015969
0.000667
-0.023711
-0.036377
-0.016940
-0.001017
0.007097
0.000132
-0.014514
-0.011876
0.005405
-0.022870
0.015193
-0.009512
-0.003653
-0.007928
-0.017065
-0.016136
-0.004797
-0.016137
-0.013284
-0.010302
-0.014142
-0.010354
-0.003065
-0.017371
-0.011755
-0.006687
-0.017870
-0.011813
-0.023875
-0.018414
-0.002926
-0.003233
-0.005031
-0.000152
-0.004897
-0.004770
-0.003445
-0.008547
0.008564
-0.011192
0.001640
0.001623
0.000728
0.005212
0.120787
0.000906
0.000000
-0.008278
-0.012387
0.009149
0.019153
-0.003877
-0.008245
-0.024144
-0.015813
-0.003601
-0.007498
-0.028332
0.013162
-0.002103
-0.002694
-0.014839
0.040206
0.000550
-0.007174
0.004080
-0.022860
0.097958
-0.016866
-0.000762
-0.000576
-0.009067
-0.019398
0.000229
-0.002855
-0.000356
0.007036
0.018737
-0.006206
-0.003928
-0.030008
-0.013761
0.057260
-0.011305
0.011411
-0.018128
0.025336
0.005576
-0.003515
0.000000
0.051660
-0.017536
-0.018689
-0.011637
0.003673
0.004554
-0.019246
-0.032173
-0.001313
0.005228
0.000000
-0.001980
0.002134
0.027145
-0.004939
-0.007532
0.003467
-0.016083
0.017971
-0.011617
-0.004860
-0.005762
0.003754
-0.008538
-0.008951
-0.017818
-0.015642
-0.022396
0.023225
-0.000907
-0.005066
-0.011845
-0.009239
-0.012965
-0.008056
0.002999
0.008296
-0.016426
0.026713
0.000591
-0.032790
-0.017808
0.003585
-0.009065
-0.004137
-0.019200
-0.016312
0.016567
-0.012188
-0.009224
0.016813
0.046824
-0.007190
-0.015542
-0.043833
0.007663
0.006243
-0.006134
-0.025898
-0.009185
-0.025942
-0.006795
0.041637
0.001358
0.005444
-0.004913
-0.005226
-0.024806
0.000420
-0.016845
0.035927
-0.000164
-0.010189
-0.015052
-0.007108
0.044027
-0.006635
-0.001840
0.003717
0.010011
-0.041698
0.007024
-0.005491
-0.001789
-0.002386
-0.013270
-0.001046
-0.006155
-0.008323
-0.006254
0.015331
-0.024899
-0.013487
-0.016039
-0.016157
0.010289
-0.004645
-0.000943
-0.009229
-0.006132
-0.010566
-0.011486
-0.005256
-0.004230
0.000747
0.021829
-0.008028
-0.001547
-0.028382
-0.001359
-0.008295
-0.000477
-0.005865
-0.001949
-0.001005
-0.017736
-0.025742
0.017396
0.028772
-0.010864
0.004674
-0.009345
-0.007848
-0.007045
-0.015407
0.027826
-0.002755
0.000281
-0.000455
-0.014090
-0.019935
-0.076800
-0.049670
-0.004516
0.007095
-0.011115
0.012173
-0.018879
-0.012570
-0.016870
-0.010170
-0.000768
-0.018016
-0.004857
-0.002933
0.014542
0.008528
0.039565
-0.001417
-0.013279
-0.030759
0.000916
-0.034920
0.005036
0.002171
0.029724
-0.003776
-0.013106
-0.006735
-0.015566
-0.001484
-0.026610
-0.015641
0.008700
-0.026264
-0.011770
0.045417
0.026348
-0.024272
0.000098
-0.012021
-0.013348
0.053256
0.001554
-0.001959
0.000836
-0.014141
-0.013690
-0.013545
-0.001539
-0.008452
0.002147
-0.010281
-0.014914
-0.003687
0.002420
-0.001383
-0.014409
-0.016324
-0.008137
-0.001871
-0.014041
-0.000583
-0.004830
-0.004145
-0.008409
0.013990
0.058207
0.011134
-0.010507
0.018877
0.016261
0.000403
0.011329
-0.006043
0.003522
0.038322
-0.025512
-0.010269
-0.024971
-0.011348
0.005582
-0.009044
-0.012091
-0.006474
-0.002562
-0.011458
0.000288
-0.002900
-0.016523
-0.002107
-0.012143
-0.014884
-0.006407
-0.004604
-0.001990
-0.015022
0.012297
-0.008870
-0.001191
-0.022526
-0.015287
-0.009771
-0.011260
-0.009926
-0.016140
0.000599
-0.025233
-0.017529
0.030824
0.021298
-0.006425
0.033178
-0.003570
0.002805
0.020976
-0.002118
-0.013245
-0.004566
-0.012645
-0.011796
-0.017986
-0.005062
-0.005077
-0.006564
0.007393
-0.001516
0.005597
0.093754
-0.026001
0.012331
0.009470
-0.001545
0.008454
-0.010580
-0.007478
-0.018975
-0.008856
0.006921
-0.031030
0.009919
-0.007821
0.042828
0.031480
-0.016974
-0.003641
-0.004121
-0.007191
-0.012106
-0.011688
0.008768
0.024550
-0.046454
0.010668
-0.015640
0.005175
-0.003904
-0.007199
0.007635
-0.024353
0.008558
-0.001223
0.020230
-0.003916
0.002277
0.012510
0.003537
-0.014610
0.027465
0.093026
0.001952
0.000282
-0.002224
-0.016871
0.014675
-0.006991
0.013982
-0.021217
-0.017153
0.002303
-0.001084
0.001229
-0.013266
0.041556
0.017958
-0.001313
-0.006744
-0.002258
-0.001241
0.023421
0.002071
0.012100
-0.015454
-0.001845
0.006510
-0.005344
0.003086
0.062530
0.021345
0.004884
-0.004272
-0.002547
-0.025281
0.015719
0.016727
0.008189
0.002707
0.004607
-0.011653
-0.020556
0.018416
0.004012
-0.018767
-0.031946
-0.014247
-0.002255
-0.001643
-0.002928
0.005895
-0.007605
-0.013225
0.012669
0.002225
-0.009901
0.002604
0.002732
0.022575
-0.024945
0.014750
0.030590
0.006882
-0.005082
-0.015961
0.020687
-0.008075
0.002313
0.009605
-0.024846
0.012882
-0.010600
-0.006639
0.007873
-0.009313
-0.011410
-0.011215
0.013508
-0.007076
0.013650
-0.021507
-0.003607
-0.001466
0.003885
0.001489
0.009191
-0.006656
0.026732
-0.006101
0.016146
-0.001237
0.004218
-0.004611
-0.009935
0.046122
0.042620
0.000825
-0.001439
0.005375
0.013753
-0.009442
-0.019746
-0.008039
0.014692
-0.003615
-0.006422
0.004507
-0.015099
-0.035145
-0.020437
0.014028
0.008526
0.070700
0.042160
-0.007952
-0.012339
-0.006098
0.006905
-0.018455
-0.003126
-0.019737
0.071388
0.013697
0.005550
-0.016694
-0.007770
0.007289
0.002290
-0.056839
-0.025097
-0.012323
-0.007680
-0.004542
-0.014950
0.005858
-0.004269
-0.021768
0.001966
0.002008
-0.002266
-0.018543
-0.014145
-0.020984
-0.008542
-0.023084
0.308604
0.051955
-0.006742
0.006396
-0.009293
-0.027531
0.004279
-0.003245
-0.002409
0.015781
0.000138
0.046573
0.000868
0.001780
0.008312
-0.002279
0.002596
-0.005399
0.012089
-0.011947
-0.021476
-0.008511
-0.011828
0.012362
-0.027206
0.005553
-0.025254
0.056746
-0.002464
0.002147
-0.007143
0.010271
0.032192
-0.018604
-0.043836
0.004287
-0.025300
0.001923
-0.053694
0.009979
-0.002128
0.006104
0.003840
-0.005001
0.000000
0.034153
-0.028315
-0.000819
0.002770
-0.012416
-0.017281
-0.014170
0.000047
0.003614
0.008493
-0.011129
-0.038910
-0.003023
-0.003151
-0.030877
-0.006387
-0.001806
-0.006370
-0.017812
0.010662
-0.008587
-0.007112
-0.002160
-0.004859
0.000287
-0.000169
0.004353
-0.019324
-0.021311
-0.001789
-0.003405
0.016109
0.006934
0.001539
0.005313
-0.003920
-0.001104
-0.000422
0.001671
0.008954
0.009324
-0.030941
-0.010725
-0.017867
0.034676
-0.003889
0.028639
-0.010603
0.016572
-0.017271
-0.006044
0.006378
-0.010632
-0.004111
-0.003108
-0.012113
-0.014913
-0.001839
-0.001928
0.065284
-0.021054
0.058740
-0.011411
0.014797
0.022177
0.008584
0.041186
0.002621
-0.009798
-0.002820
-0.006638
-0.018985
0.031419
-0.016759
-0.023161
0.004410
0.009226
0.007151
-0.036188
0.006798
-0.002943
-0.000137
-0.007875
-0.015477
-0.003557
-0.025146
-0.034121
0.000040
-0.018790
-0.003542
0.012469
-0.009508
0.000141
-0.006571
-0.011209
0.006974
0.051603
-0.002844
-0.001871
-0.015623
-0.016314
-0.008270
-0.021194
0.002432
-0.014707
-0.010619
-0.018037
-0.020558
0.012031
0.036890
-0.006052
-0.004251
0.000000
-0.006739
-0.020256
-0.000788
-0.013899
-0.022794
-0.010704
0.000000
-0.001802
0.010217
-0.001685
-0.009957
-0.000689
-0.011553
-0.004871
0.009256
0.052466
-0.009154
-0.006830
-0.018818
0.012856
-0.005809
-0.004683
0.044615
-0.012967
-0.008433
0.002055
-0.012739
0.008713
0.007035
0.001600
-0.014130
0.005852
0.000000
-0.018807
0.002055
-0.005396
0.005336
-0.001307
-0.006686
0.001061
0.006183
-0.001982
-0.007902
-0.000307
-0.008618
0.000389
-0.001520
-0.001349
-0.007854
-0.004317
-0.015478
0.001843
-0.005691
-0.012995
0.043962
0.001319
-0.008987
0.017338
-0.021287
-0.001386
-0.025014
0.018999
-0.035725
0.004323
-0.020706
-0.009038
0.006972
-0.015218
0.004236
0.003727
0.009523
-0.003447
0.059811
-0.004030
-0.021160
0.001209
0.000794
0.014523
-0.019742
-0.000615
0.039749
-0.018623
-0.027640
0.003983
-0.021667
-0.006158
0.005771
-0.011924
-0.045355
-0.034580
-0.006806
0.018207
-0.004189
0.006150
-0.002735
-0.012902
-0.006972
-0.011138
-0.021738
-0.021255
-0.032262
0.143086
-0.000689
0.058245
0.125246
0.013066
-0.000831
0.004774
0.004427
0.001063
-0.005270
-0.028834
0.007171
0.014603
-0.010901
0.023085
0.016961
-0.014819
-0.031277
0.006243
-0.031968
-0.000774
-0.031293
0.026303
0.044455
-0.002127
-0.014688
-0.023209
0.001635
-0.034810
-0.009613
-0.020214
-0.008849
-0.013375
-0.002063
0.019484
0.104920
0.006495
0.000000
0.000000
0.000000
0.000000
0.025326
-0.002293
-0.017862
-0.029480
-0.003751
0.017226
-0.027543
-0.019028
0.006359
-0.006255
0.047279
-0.004612
-0.010046
-0.000613
-0.015108
-0.020439
-0.012658
0.001552
0.016032
-0.025281
-0.025309
0.015820
0.000400
-0.007640
0.017773
-0.002588
-0.008764
-0.042115
-0.005942
0.004510
0.004781
-0.008814
0.003222
0.006286
0.045561
0.009679
0.006848
-0.021579
0.021358
0.000132
-0.004872
-0.005851
0.007052
-0.022188
-0.005938
-0.004208
-0.004840
-0.008417
-0.006929
0.079013
-0.008913
-0.003042
-0.005112
-0.008195
0.000966
-0.006524
0.001491
-0.000187
-0.015710
-0.005999
-0.004823
-0.000746
-0.035766
-0.040523
-0.005316
0.016052
-0.010776
-0.053233
0.014709
-0.025446
-0.005876
-0.011270
-0.004978
-0.010233
-0.004967
-0.012737
0.005910
-0.009459
-0.006203
0.004484
-0.001897
-0.010110
0.006649
0.001067
-0.011262
0.037279
-0.015849
0.014084
-0.002448
-0.012501
0.006080
-0.005720
0.001594
0.034721
0.039276
0.041235
0.007127
-0.027869
-0.001202
0.011875
-0.011004
-0.033678
0.019154
-0.004829
-0.005821
0.073182
-0.080433
0.006153
0.008590
0.000544
-0.004841
0.010591
0.000000
-0.022377
0.003195
0.021002
-0.004282
0.000000
0.006099
0.017712
-0.002804
-0.008972
-0.006341
0.010313
-0.016096
-0.005587
0.001473
-0.005913
-0.007062
-0.014734
-0.029164
-0.020361
-0.005365
-0.006449
0.000459
-0.019585
0.083799
0.003045
-0.014587
0.004124
0.001217
-0.043930
-0.023162
-0.001130
-0.012842
0.021100
-0.006569
-0.013045
-0.013599
-0.013022
-0.012687
0.001306
-0.006877
-0.006570
-0.004335
-0.008220
-0.002864
0.007925
-0.008016
0.006734
-0.009296
-0.015678
-0.011779
-0.000857
-0.014369
-0.001057
-0.022489
-0.000662
-0.009287
-0.000223
-0.009751
0.015511
-0.005454
-0.023363
-0.011828
0.002794
-0.004312
0.003781
-0.016895
-0.000164
-0.001492
0.006301
0.010374
-0.005953
-0.012747
0.006652
-0.044143
-0.012048
-0.020348
-0.004007
-0.005324
-0.018380
-0.007143
-0.016741
0.003900
0.041759
-0.003600
-0.021173
-0.010462
-0.019358
-0.008190
-0.010565
0.004796
-0.021002
0.016354
0.000562
0.000345
0.006084
0.061907
-0.009881
0.009494
0.009999
0.014424
0.002012
-0.026416
-0.015345
-0.003413
-0.005151
-0.015236
-0.011438
-0.004261
-0.008104
-0.006626
0.004915
-0.016718
-0.032002
0.001526
0.002489
0.004991
-0.008355
-0.002001
-0.018927
0.054656
0.012081
0.017593
-0.003729
-0.017603
-0.012350
-0.014534
-0.006699
-0.013961
0.012148
-0.015336
-0.029557
0.050513
0.015720
0.017241
-0.002343
0.002506
0.018038
-0.001332
-0.011216
0.077818
0.025667
0.002678
-0.012491
-0.013239
0.005708
-0.002281
-0.008593
-0.000694
-0.003312
-0.011170
0.005241
-0.009718
-0.003394
-0.003195
0.006081
0.001303
0.011477
-0.015183
-0.006077
-0.002602
-0.008032
0.019017
0.002427
-0.000372
0.009486
-0.026845
-0.011304
0.016237
-0.026655
0.010614
-0.009079
0.023232
-0.005254
-0.008225
-0.007137
0.124882
-0.006386
-0.007693
0.000013
0.000000
0.020801
-0.006659
0.002039
-0.008720
-0.010225
-0.004775
-0.009011
-0.019093
-0.018959
-0.000677
-0.014566
-0.001062
-0.002399
-0.001996
-0.019921
-0.000446
-0.005269
0.000000
-0.006071
-0.006653
-0.010826
-0.014207
0.019699
-0.002831
0.009378
-0.004763
0.019728
0.032054
-0.008261
0.001011
-0.026472
0.015928
-0.011698
-0.005404
0.009572
-0.000494
-0.030509
0.035837
-0.002763
-0.019904
0.014284
-0.029017
0.007615
-0.003666
-0.017137
-0.022330
0.021850
-0.001359
-0.007398
-0.002629
-0.021641
-0.005992
-0.002703
0.000000
0.000975
0.000149
-0.003836
-0.006899
-0.001875
0.002470
-0.002803
0.000442
-0.012462
0.045529
-0.000987
-0.016326
-0.001941
-0.023466
0.008818
0.045328
-0.007903
-0.013772
-0.002011
-0.002200
-0.019762
-0.018879
0.005607
-0.010690
0.003483
0.014163
-0.024113
0.007133
0.005431
-0.005307
-0.023795
-0.029326
0.019613
0.012461
-0.008771
-0.001510
0.015342
0.010382
0.026135
0.010029
0.000000
0.002580
-0.009472
0.004156
-0.014709
-0.008797
-0.008287
-0.008757
-0.013369
0.000377
0.011265
-0.009594
-0.024616
-0.018219
-0.012223
-0.030980
-0.003535
0.007867
-0.007291
0.019191
-0.007106
-0.002905
0.006726
-0.008526
-0.012820
-0.005899
-0.013165
-0.004925
-0.000989
-0.004837
0.014545
0.012425
-0.002469
0.041207
0.000549
0.001106
-0.007535
0.013053
0.000561
0.013280
0.006013
-0.012985
0.003911
0.128036
-0.009275
0.003299
-0.024887
-0.004297
-0.006803
0.005359
-0.011969
0.012270
0.054703
-0.006899
-0.029572
-0.010929
-0.001265
0.015699
-0.007174
-0.002295
0.023037
-0.027068
0.062746
0.007638
-0.006623
-0.010026
-0.021851
-0.008229
-0.022001
-0.039943
-0.002309
0.001910
-0.003636
0.005860
-0.022163
-0.007643
-0.004672
0.002203
0.019056
-0.001764
-0.001515
-0.001144
0.014307
0.023010
-0.019582
-0.027585
-0.013240
-0.018254
-0.014667
-0.006998
-0.000298
-0.005612
-0.000665
-0.005100
0.006194
-0.011993
0.006922
0.000500
-0.006293
0.001897
0.009384
-0.016598
-0.008750
0.023882
0.019808
-0.023904
-0.001377
0.002707
-0.001771
0.011800
-0.006796
0.047948
0.000027
-0.018804
0.005428
-0.009080
-0.000394
-0.005127
-0.016419
-0.006102
-0.029532
-0.013529
0.034006
0.000000
-0.001760
0.012262
-0.003272
-0.012907
-0.034263
0.018368
-0.009460
0.050114
-0.019730
-0.010637
-0.009506
-0.003211
-0.000741
-0.017011
-0.035612
-0.002997
-0.008087
-0.025396
-0.002212
-0.012483
-0.004696
-0.015108
-0.009829
0.000152
-0.013598
-0.008568
-0.001433
-0.009344
-0.007581
-0.029966
0.000822
-0.006982
0.008042
-0.016601
-0.020948
-0.000499
-0.003001
-0.003952
-0.001667
-0.016516
-0.011457
-0.001545
-0.009155
-0.006647
-0.002940
0.015423
-0.011746
0.032661
-0.009773
-0.001257
0.000716
-0.007065
0.008057
-0.003754
-0.007334
-0.002430
-0.010740
-0.006311
-0.017423
-0.010535
-0.025766
-0.003967
-0.023480
0.002599
-0.010412
-0.005337
-0.000548
0.090337
0.041288
0.094524
0.006607
-0.003963
-0.011258
-0.010483
0.009959
0.003193
0.012789
-0.007057
-0.006596
0.001116
-0.034143
-0.009749
0.015484
0.050853
-0.004992
-0.030799
0.000888
0.008039
-0.008129
-0.004604
0.008184
0.031304
-0.003134
-0.031812
-0.012492
-0.019841
-0.018084
-0.017845
-0.022321
0.001507
0.030157
0.006574
-0.005708
-0.029630
-0.009414
0.008763
-0.005567
-0.006314
-0.014481
0.045929
0.001986
-0.004306
-0.000991
-0.002542
0.000081
0.002912
-0.007951
0.004153
-0.017030
0.006315
-0.000973
-0.003259
-0.005194
-0.010151
-0.022608
-0.013186
0.001163
0.026361
-0.000066
0.027129
0.028122
-0.001438
-0.009297
-0.014327
-0.001065
-0.006260
-0.002351
0.000000
-0.010941
-0.012147
0.030797
0.005617
0.000000
-0.002840
-0.025772
0.007241
-0.049251
-0.013025
-0.017316
-0.002950
0.089049
-0.003988
0.000298
0.002532
0.009934
-0.008805
0.010686
-0.012024
-0.001361
-0.015604
-0.020899
-0.008157
0.018522
-0.029552
-0.011450
-0.008369
0.014476
0.008349
-0.006446
0.013709
0.067365
0.024342
-0.004532
-0.006157
-0.004306
-0.000707
-0.000746
0.005112
-0.025758
-0.012896
-0.015038
0.000102
0.012595
-0.009030
-0.009711
-0.016877
0.003744
-0.021156
-0.012888
-0.013025
0.003835
0.000715
-0.001522
-0.003472
0.005237
-0.026413
0.021149
-0.000899
-0.002138
0.008741
-0.017156
-0.007499
-0.019575
-0.012935
0.002847
-0.010454
0.001952
-0.018711
-0.014879
0.000127
0.011752
0.002082
-0.101176
-0.020035
-0.009311
-0.065283
-0.023510
0.002481
-0.009233
0.278151
-0.008419
-0.005658
0.000750
0.006237
-0.010837
-0.008685
-0.002401
-0.006392
-0.011722
-0.001619
0.005524
0.002265
-0.008211
-0.015798
0.106881
0.004789
-0.019818
0.015237
0.022612
-0.025893
0.006000
-0.001155
-0.012307
0.003555
0.002941
0.005097
-0.018063
-0.000240
0.002915
-0.000066
-0.008983
0.034461
-0.009359
0.004181
-0.004393
-0.011245
0.016740
0.006787
-0.012685
0.004827
-0.030593
0.003467
-0.011277
0.008725
-0.000243
-0.004688
-0.008117
-0.004716
0.005782
0.026154
-0.010906
0.067534
0.011945
-0.017986
0.008681
-0.001355
0.010262
-0.010607
0.005396
-0.002586
0.009028
0.021800
-0.011757
0.004023
0.012893
0.003169
-0.016466
-0.017761
0.005665
0.004799
-0.017165
-0.007093
-0.012734
-0.009199
0.005322
-0.006476
-0.005249
-0.006328
-0.023825
-0.004591
-0.014351
-0.035227
0.001830
-0.012396
-0.016261
-0.005770
-0.011449
0.006409
-0.013664
-0.012130
0.008828
-0.012545
-0.002949
0.000706
-0.030034
0.021199
0.006604
-0.008832
-0.007515
0.006266
0.004961
-0.010781
-0.008551
0.002369
0.010072
0.007678
-0.021784
0.005629
-0.006411
-0.003670
0.038847
0.020101
-0.015911
0.011995
-0.022803
-0.008982
-0.006745
0.000817
-0.003356
-0.000031
-0.005891
0.001005
0.005263
-0.000524
0.032174
0.060583
0.008142
0.001856
-0.022514
-0.006168
0.003250
-0.005221
-0.001685
0.008281
0.025738
-0.005315
-0.002265
-0.001720
-0.011144
0.001356
-0.007501
0.010019
-0.006234
-0.000082
-0.019179
0.013265
-0.002217
0.019415
-0.009342
0.002645
0.015270
-0.008192
-0.007437
0.000000
-0.018105
-0.012359
-0.006765
0.002665
-0.005549
0.134645
-0.015868
-0.013376
-0.006143
-0.008326
0.004907
-0.005970
0.019508
-0.009838
0.000889
-0.001801
-0.018123
-0.014446
-0.008486
-0.007543
-0.000316
0.000200
-0.007578
-0.014994
0.017837
0.000444
0.041590
-0.018891
0.034580
0.024622
-0.001414
0.008456
-0.001878
-0.012677
-0.003875
0.055842
0.002231
-0.004385
-0.019310
-0.004862
-0.004498
0.019504
0.025075
-0.005917
0.262827
0.027289
0.039465
-0.020519
-0.007899
0.000245
-0.003956
-0.035767
-0.016343
-0.007719
-0.020114
-0.018290
-0.004669
0.002118
-0.002984
-0.002842
-0.022859
-0.006456
0.038630
0.001549
-0.002338
-0.014619
0.011127
0.024329
-0.004567
-0.009442
-0.016934
-0.006885
-0.045519
-0.009803
-0.003382
0.032899
-0.007582
0.006276
-0.003175
0.000795
-0.026484
-0.001945
-0.009558
-0.014704
-0.015599
0.003217
-0.016613
0.000556
-0.000489
0.005354
-0.007459
-0.015411
-0.001180
-0.000517
-0.003933
0.020968
-0.005455
0.001314
-0.002580
-0.010739
-0.004525
0.051015
0.009352
-0.008098
-0.039667
-0.022132
0.001524
-0.000691
0.009446
-0.012282
0.002286
-0.001412
0.000178
-0.000277
-0.023358
-0.009152
-0.002110
-0.009887
-0.009238
0.003693
-0.016249
-0.005193
-0.000886
0.067355
-0.016332
-0.008943
-0.008543
-0.011373
-0.005066
-0.011883
0.019625
-0.000694
-0.006321
0.014404
-0.021805
-0.017585
0.024523
-0.005008
0.016902
0.005188
-0.013919
-0.024469
0.028640
0.019008
0.009159
-0.022930
-0.003986
0.011234
0.001316
0.092504
-0.025454
0.012590
0.003707
-0.018328
-0.006639
0.003729
-0.002792
-0.019576
-0.000220
-0.003474
-0.000004
-0.009238
-0.006089
0.048878
-0.012888
-0.009878
-0.004501
-0.012172
-0.012845
-0.017506
0.040391
-0.005949
-0.006073
-0.004614
-0.049455
0.029427
-0.005343
-0.000407
-0.000296
-0.014549
-0.022542
-0.003551
-0.004492
-0.002439
-0.003849
-0.006848
-0.010345
0.008673
0.006932
-0.002872
-0.006195
-0.001177
-0.008548
-0.006027
0.008449
0.018981
-0.011574
-0.010392
-0.008876
-0.024127
0.014963
-0.018926
0.028833
-0.016572
-0.002694
-0.015939
-0.018013
-0.015001
-0.015759
0.031005
0.017947
0.013268
-0.012302
-0.005202
-0.015534
-0.005768
-0.003356
-0.010912
-0.015067
-0.017572
0.175437
-0.002586
0.023015
0.022103
0.005950
-0.001855
0.003863
0.006275
0.143849
-0.003671
0.019743
-0.015068
-0.012997
0.004019
-0.009558
-0.012008
-0.029461
-0.009497
-0.019209
-0.010030
-0.000768
0.048785
0.007653
-0.016101
-0.000538
-0.004733
-0.011072
-0.008908
-0.012643
0.000591
-0.013299
-0.023640
0.010425
-0.004418
-0.021123
-0.006567
-0.021797
-0.042613
-0.001037
0.023526
0.071060
0.013374
0.025888
-0.002067
-0.013187
-0.039367
0.001410
-0.000676
-0.016021
-0.003680
0.010050
-0.013221
-0.024117
-0.007594
-0.007852
-0.005558
-0.007929
-0.015613
0.015752
0.011530
-0.034491
-0.000917
-0.005652
0.011630
-0.002584
-0.007794
-0.004518
-0.010501
-0.003562
0.036498
-0.008137
-0.003893
-0.011941
-0.016928
-0.005350
-0.018273
-0.027483
0.001021
-0.000212
-0.001931
-0.010553
0.003298
-0.018323
0.084206
0.027968
0.001777
-0.022134
-0.002909
-0.024756
0.030567
-0.006791
0.002300
-0.067028
-0.031462
-0.013711
-0.011588
-0.006697
0.023728
0.062094
-0.015916
-0.026284
-0.008421
-0.017346
-0.009654
0.004560
0.000380
-0.005813
0.005210
0.007637
-0.003970
0.007302
-0.008560
-0.001588
0.004178
-0.002483
-0.043431
0.003991
-0.013434
-0.023062
-0.006895
-0.006627
0.024815
0.008261
0.119534
0.055329
-0.023341
0.130375
-0.011880
-0.039245
-0.013260
-0.026165
-0.025610
-0.015921
0.000312
-0.022200
-0.010564
-0.024949
-0.007556
-0.040584
-0.005637
-0.016232
-0.073038
0.006195
-0.004204
0.006119
-0.012299
0.005009
-0.020849
0.051594
-0.011570
-0.008925
-0.002292
-0.036729
0.042320
-0.014524
0.008317
-0.013964
-0.007734
-0.007559
0.012016
-0.033742
0.010936
-0.058131
0.058466
0.033866
0.007914
-0.002723
0.014782
0.001657
-0.006809
-0.002168
-0.003011
-0.013104
-0.014799
-0.002259
0.038656
-0.029237
0.014990
0.027514
0.005459
-0.009772
-0.016554
0.000216
-0.005989
-0.001495
0.031030
0.004168
-0.019579
-0.014097
-0.003035
-0.006202
-0.006204
0.000606
-0.009823
0.004258
-0.006804
-0.015601
-0.022429
0.005930
0.003344
-0.012806
0.006399
0.015396
-0.012356
0.004982
-0.001599
-0.021147
0.002498
-0.009708
-0.029428
0.035207
-0.007694
-0.006283
0.010022
-0.057463
-0.002353
0.023913
-0.001713
0.021069
0.007596
0.012243
0.014448
0.004143
-0.027269
-0.005092
-0.008498
-0.002767
0.015973
0.021573
-0.002891
-0.012626
-0.010896
-0.014508
-0.009927
-0.029250
0.004751
-0.004770
-0.003183
0.003391
0.013489
-0.002030
0.026501
-0.014776
-0.036379
0.019379
-0.015910
-0.003159
-0.011417
-0.007597
-0.011608
0.018587
-0.004969
0.031538
0.005414
0.026151
-0.005469
-0.020743
-0.008318
-0.022369
0.002456
0.012894
-0.027854
0.001209
-0.008179
0.001644
-0.006526
0.018426
-0.022514
-0.000399
-0.005631
0.002613
-0.005698
-0.000122
-0.014877
-0.003325
-0.026973
0.386019
0.118495
0.141747
0.028475
0.010279
0.006876
0.019536
0.028365
-0.037233
0.001715
0.003845
0.000000
-0.084616
-0.047239
-0.018506
-0.064900
-0.012463
0.007758
0.011093
-0.041043
-0.010703
0.048762
0.041095
-0.000958
-0.013147
-0.007627
-0.001581
0.014840
-0.011863
0.011899
-0.003582
0.064233
-0.021952
-0.010045
0.004436
0.023989
-0.007324
0.048644
0.011598
0.000913
-0.005264
-0.006530
-0.010611
-0.012631
-0.009218
0.016834
0.032721
-0.006386
-0.011373
0.013331
-0.000756
-0.017870
-0.018631
-0.013057
-0.012280
-0.014639
0.002355
0.000119
0.034494
0.082450
0.226033
0.004243
-0.016308
0.064042
0.003255
0.038816
-0.011485
0.030677
-0.024181
-0.025465
0.005520
0.017099
-0.006552
-0.014181
-0.024579
0.060014
0.022076
-0.030594
-0.007821
-0.009611
-0.000185
-0.000406
-0.006729
-0.017496
-0.006640
-0.001192
-0.016961
0.003910
0.027898
-0.018767
-0.002829
-0.008965
0.038991
-0.022521
-0.004132
0.008123
-0.007446
-0.034921
-0.005313
-0.005996
-0.010410
-0.004602
0.001523
0.263139
-0.002700
-0.009658
-0.005853
-0.005411
-0.004919
0.005254
-0.011535
-0.004106
0.019273
0.010865
0.003990
0.029679
-0.007590
-0.008896
-0.002258
-0.001904
-0.002559
-0.001092
-0.000743
-0.010436
-0.005439
-0.014105
-0.005931
-0.006315
0.001359
-0.002631
-0.009831
-0.006138
-0.006544
0.001804
-0.017155
-0.010133
-0.007053
-0.010709
0.004310
-0.005498
0.004193
-0.014789
-0.013079
-0.014947
0.004524
0.016790
-0.009420
0.001512
0.005362
0.014020
-0.009402
-0.007804
0.004167
0.015155
-0.006852
-0.003963
-0.006079
0.046983
-0.007863
-0.012699
-0.027821
0.012330
-0.026116
-0.005785
-0.007819
0.009307
-0.011622
-0.007375
-0.015128
0.007917
-0.004834
-0.006448
-0.011140
0.006283
-0.016021
-0.013879
-0.012724
-0.007332
-0.005667
-0.006497
0.012180
-0.000394
-0.016594
0.016707
0.465365
-0.027869
0.259581
0.011716
0.008047
0.023965
-0.005510
0.004140
0.004776
-0.000411
0.002819
-0.009702
0.000222
-0.003294
-0.008631
0.006800
0.001814
-0.041772
-0.006454
-0.009061
0.025154
0.007523
-0.002040
-0.014809
0.000930
-0.002198
0.008716
0.056895
0.000623
-0.002254
0.002770
-0.007342
0.034388
-0.027398
-0.008498
-0.003424
-0.003186
-0.011094
0.081289
-0.015974
-0.015093
0.037768
-0.002673
0.002339
-0.016431
-0.005138
-0.000226
0.004027
-0.006901
0.001745
0.077704
0.014413
-0.008299
-0.003073
0.004405
0.031250
0.063238
-0.017292
-0.013936
0.008306
-0.009555
-0.010872
-0.009733
-0.008795
-0.007408
-0.014989
-0.004908
-0.006473
-0.008922
-0.010881
-0.006697
0.003784
0.026720
-0.003284
0.000747
-0.013100
0.005192
-0.006893
-0.000678
0.008484
0.009800
-0.008017
0.004141
-0.017332
-0.025806
-0.006093
-0.031071
-0.002724
-0.016076
-0.010359
0.012727
-0.001621
-0.015445
-0.022174
0.010743
-0.003517
0.021081
-0.014120
-0.018060
0.023321
0.014969
0.000517
-0.046644
0.005645
-0.003275
-0.002488
0.051270
-0.019384
-0.011291
-0.006979
0.013964
-0.025149
-0.008203
0.001503
-0.012490
-0.005165
-0.005034
-0.001198
-0.001780
-0.000766
-0.014720
-0.042125
0.007519
-0.000453
-0.011178
-0.010492
-0.038366
-0.007930
-0.022561
0.028280
0.005553
0.008725
-0.000559
-0.010279
-0.005562
-0.017222
0.053087
0.020226
-0.000458
-0.010539
-0.004262
-0.001884
-0.020114
-0.004349
-0.027045
-0.008808
0.013145
-0.018260
-0.002842
-0.028614
-0.010434
-0.005353
-0.003908
0.001335
-0.004713
-0.002341
-0.021711
0.004604
-0.010982
-0.025791
-0.003970
-0.014552
-0.025199
-0.015657
-0.001545
-0.001823
0.002496
-0.012843
-0.009933
-0.012189
-0.003292
-0.001106
-0.010182
-0.021143
-0.019778
-0.021630
0.028882
-0.015698
-0.005460
-0.010739
-0.008475
-0.017367
-0.000199
-0.003916
-0.022109
-0.009063
0.015432
-0.024832
0.002874
0.027598
-0.029063
0.000421
-0.009356
-0.013074
0.010099
0.010206
-0.002473
-0.018482
0.004568
0.000000
-0.010182
0.000184
-0.008051
0.000758
0.052386
-0.003590
-0.003104
-0.039682
0.004375
0.014113
-0.001221
0.000723
0.000000
0.023961
-0.019559
0.017767
-0.006062
0.000000
-0.003096
-0.009811
0.002862
-0.015377
-0.002988
-0.028969
0.006935
-0.003685
-0.014597
-0.000779
-0.007994
0.010383
0.007115
-0.011735
-0.010252
0.001740
-0.009738
-0.000734
-0.017459
-0.019672
-0.005697
0.034246
-0.016442
0.016035
-0.009751
0.043249
-0.007453
-0.021597
-0.004841
0.017084
0.000242
-0.002142
0.010785
0.004973
0.002581
-0.023919
-0.019880
-0.016286
-0.005103
0.001432
0.003193
-0.013544
0.000000
0.000455
0.001821
-0.006768
0.007959
-0.009727
-0.008712
-0.004349
-0.035000
0.010331
0.017559
-0.015280
-0.013419
-0.009774
-0.034528
0.012846
-0.013584
-0.007363
-0.007640
0.017469
-0.013357
-0.019737
-0.004712
0.092211
-0.006590
-0.007466
-0.004693
-0.004768
0.001378
0.051326
0.002937
-0.031789
0.000747
-0.010374
-0.012954
-0.003722
0.004360
-0.001301
-0.009233
-0.002172
-0.019923
-0.029212
-0.008553
-0.001347
0.022101
0.009874
0.010164
-0.027361
0.086039
-0.016579
-0.006480
0.015534
-0.005039
-0.009624
-0.015115
0.006056
-0.019853
-0.003581
-0.017577
0.004963
-0.006148
-0.012084
0.001261
-0.017105
-0.009850
0.002676
0.003318
0.003068
0.008845
-0.000677
-0.012629
0.053751
0.012661
-0.045788
-0.002202
0.012568
-0.017524
-0.006296
-0.009530
0.008331
-0.002520
-0.026502
0.006696
-0.034959
0.001071
-0.018426
-0.027231
-0.007254
-0.003716
-0.015720
0.005677
-0.016588
-0.007675
-0.019149
0.003143
0.020973
-0.009300
0.005924
-0.003393
-0.020440
0.012387
-0.000557
-0.011214
-0.005004
-0.000700
0.016985
-0.021733
-0.000172
0.001293
-0.006494
-0.005640
0.011381
-0.013269
0.002778
0.008648
0.001825
-0.002579
-0.013984
0.023098
0.063250
-0.008486
-0.013449
-0.008116
-0.008669
-0.000644
-0.000952
-0.002536
-0.011174
0.043250
0.012655
-0.000329
0.021408
0.145327
-0.007676
-0.005917
-0.027126
-0.017525
-0.018758
-0.012070
0.004655
0.014094
0.030118
-0.000466
0.009268
0.001544
0.035058
-0.003648
-0.016415
-0.012958
-0.021098
-0.000206
-0.003525
-0.003383
-0.012954
-0.000918
-0.013085
0.014316
0.003554
-0.014024
-0.009130
-0.021439
-0.019786
0.002612
0.005220
-0.016232
0.001420
0.030141
-0.006027
0.003819
-0.022030
0.005224
-0.011030
0.008425
-0.019721
0.021981
-0.030531
0.009157
-0.000122
-0.002670
0.006625
0.023676
0.082880
-0.002478
0.041424
-0.006503
-0.008886
-0.018270
0.012956
0.008406
-0.036986
-0.022410
0.002825
-0.005073
-0.024661
0.008301
-0.005245
-0.007708
-0.010975
-0.000239
-0.008124
-0.001480
-0.018398
-0.013969
-0.001710
-0.009466
-0.008087
0.008900
0.015007
-0.009565
-0.000975
-0.008913
0.006601
-0.000376
0.009591
-0.014215
-0.007146
-0.014948
-0.029303
0.032400
0.014229
0.005416
0.010048
-0.001507
0.005026
0.012310
0.003745
-0.012934
0.004731
0.044152
0.002376
-0.001219
-0.353904
-0.001293
0.012144
0.000000
-0.004389
-0.017821
0.081573
0.032355
0.090579
-0.009188
0.010891
0.000785
0.001345
-0.009367
-0.001827
0.000000
0.000000
0.000000
0.002103
0.009024
-0.012116
0.065273
0.000545
0.007794
0.028822
0.000093
-0.000948
-0.004252
0.094712
-0.020717
-0.024068
0.002128
-0.005405
0.011627
-0.017859
-0.005416
-0.003552
-0.004659
-0.020640
-0.001661
0.009398
-0.014977
-0.007200
0.000000
0.002599
-0.027751
0.001124
-0.021496
0.001266
-0.011519
-0.029216
-0.001013
0.006866
0.008728
0.041455
0.006403
0.000000
-0.009585
-0.014884
-0.011371
-0.004356
-0.006253
0.006571
-0.006163
0.003108
-0.000700
-0.007806
0.003322
-0.004699
-0.019063
0.019914
-0.011691
-0.007763
0.024887
-0.010437
-0.022221
-0.009642
-0.010125
0.016627
0.030799
-0.021351
0.002177
-0.008327
0.002529
-0.006982
0.000381
-0.018191
0.000535
-0.027769
0.036169
0.002994
0.071277
0.000000
0.001167
0.000000
0.005966
0.003184
0.011006
0.011880
-0.005970
-0.024520
-0.013073
0.002697
-0.000004
-0.008334
-0.003937
-0.020045
-0.014730
-0.001246
0.000000
0.000603
-0.027878
-0.000742
-0.015489
-0.001832
-0.001950
-0.012056
0.010831
0.000000
-0.018523
-0.031849
0.041405
0.001811
-0.010981
-0.013315
0.044979
-0.010295
0.010440
0.001625
-0.006107
0.014154
-0.001693
0.007400
-0.008074
0.003687
0.007692
0.003526
-0.008418
0.264997
-0.002005
0.000000
-0.015101
0.049888
-0.004266
-0.011754
-0.002125
0.028718
0.007240
-0.004826
-0.008765
-0.035464
0.004758
0.018582
-0.006011
-0.001059
-0.024742
-0.008423
0.137700
-0.011932
-0.016992
-0.003638
0.000000
0.000000
0.000000
0.000000
-0.003513
0.001431
0.001048
0.001236
0.003391
0.005883
-0.005536
-0.033256
-0.022737
-0.018197
-0.001410
-0.010951
-0.016611
0.005689
0.041996
0.004026
0.052328
-0.004891
0.093866
-0.019842
-0.009066
-0.025475
-0.003400
-0.008300
-0.010266
0.005954
-0.003641
-0.038423
-0.002570
-0.000900
-0.009362
0.008998
-0.018171
-0.002754
-0.000538
-0.009605
-0.009042
-0.000923
-0.003361
-0.012641
0.208691
-0.003641
-0.018422
0.000907
-0.000759
0.002067
-0.004800
-0.003155
0.002518
-0.004837
-0.001980
0.001954
0.000580
0.003301
-0.010539
0.013220
0.010136
0.004076
-0.007191
-0.001419
-0.003172
0.001876
0.013599
0.001332
-0.001287
-0.000465
-0.003722
0.005264
-0.006556
-0.002023
-0.002290
-0.006088
-0.002045
-0.003827
-0.000151
-0.002023
-0.009856
-0.010299
0.010288
-0.009440
-0.015395
0.014249
0.009247
-0.006081
-0.013995
-0.004336
-0.004328
0.014781
-0.017323
-0.003689
-0.006035
-0.011296
0.019671
-0.012324
-0.006104
-0.000712
-0.005180
0.000561
-0.002722
-0.019167
-0.000408
-0.005121
-0.009226
0.000190
-0.007724
-0.005663
0.027069
-0.005460
-0.001831
-0.004540
0.025235
-0.011180
-0.079287
0.017083
-0.022971
0.024304
0.003941
0.006270
0.004156
