-0.000467
0.000000
0.000000
0.000000
0.000000
0.000000
0.000000
0.000000
0.000000
0.000000
0.000000
0.000000
0.000000
0.000000
0.000000
0.000000
0.000000
0.000000
0.000000
0.000000
0.000000
0.000000
0.000000
0.000000
0.000000
0.009807
0.000000
-0.001252
0.000000
-0.010501
0.004329
0.015794
-0.009646
-0.007891
0.000000
0.000000
0.000000
0.000765
0.009064
0.000000
0.000000
0.000000
0.000000
0.000000
0.000000
0.000000
0.000000
0.000000
0.000000
0.000000
0.000000
0.000000
0.000000
0.000000
0.000000
0.000000
0.000000
0.000000
0.000000
0.000000
0.000000
0.000000
0.000000
0.000000
0.000000
0.000000
0.000000
0.000000
0.000000
0.000000
0.000000
0.000000
0.000000
0.000000
0.000000
0.000000
0.000000
0.000000
0.000000
0.000000
0.000000
0.000000
0.000000
0.000000
0.000000
0.000000
0.000000
0.000000
0.000000
0.000000
0.000000
0.000000
0.000000
0.000000
0.000000
0.000000
0.000000
0.000000
0.000000
0.013531
0.009825
0.000930
0.000000
0.000000
0.000170
0.000000
0.000000
0.000000
0.000000
0.000000
0.000000
0.000000
0.000000
0.000000
0.000000
0.000000
0.000000
0.000000
0.000000
0.000000
0.000000
0.000000
0.000000
0.000000
0.000000
0.000000
0.000000
0.000000
0.000000
0.014550
0.000000
0.000000
0.000000
0.000000
0.000000
0.000000
0.000000
0.000000
0.000000
0.000000
0.000000
0.000000
0.000000
0.000000
0.000000
0.000000
0.000000
0.000000
0.000000
0.000000
0.000000
0.000000
0.000000
0.000000
0.003451
0.003899
-0.009305
0.000000
0.000000
0.000000
0.000000
0.000000
0.000000
0.000000
0.000000
0.000000
0.000000
0.000000
0.032153
-0.008233
-0.009491
-0.022220
0.016103
-0.004088
-0.005090
0.097245
0.000000
0.000000
0.000000
0.000000
0.000000
0.000000
0.000000
0.000000
0.000000
0.115265
0.172262
0.002712
0.000000
0.000000
0.000000
0.000000
0.000000
0.000000
0.000000
0.000000
0.000000
0.000000
0.000000
0.000000
0.000000
0.000000
0.000000
0.000000
0.000000
0.000000
0.000000
0.000000
0.000000
0.000000
0.000000
0.000000
0.000000
0.000000
0.000000
0.000000
0.000000
0.000000
0.000000
0.000000
0.000000
0.000000
0.000000
0.000000
0.000000
0.000000
0.000000
0.000000
0.000000
0.000000
0.000000
0.000000
0.000000
0.000000
0.000000
0.000000
0.000000
0.000000
0.000000
0.000000
0.000000
0.000000
0.000000
0.000000
0.000000
0.000000
0.000000
0.000000
0.000000
0.000000
0.000000
0.000000
0.000000
0.000000
0.000000
0.000000
0.000000
0.000000
0.000000
0.000000
0.000000
0.000000
0.000000
0.000000
0.000000
0.000000
0.000000
0.000000
0.000000
0.000000
0.000000
0.000000
0.000000
0.000000
0.000000
0.000000
0.000000
0.000000
0.000000
0.000000
0.000000
0.000000
0.000000
0.000000
0.000000
0.000000
0.000000
0.000000
0.000000
0.000000
0.000000
0.000000
0.000000
0.000000
0.000000
0.000000
0.000000
0.000000
0.000000
0.000000
0.000000
0.000000
0.000000
0.000000
0.000000
0.000000
0.000000
0.000000
0.000000
0.000000
0.000000
0.000000
0.000000
0.000000
0.000000
0.000000
0.000000
0.000000
0.000000
0.000000
0.000000
0.000000
0.000000
0.000000
0.000000
0.000000
0.000000
0.000000
0.000000
0.000000
0.000000
0.000000
0.000000
0.000000
0.000000
0.000000
0.000000
0.000000
0.000000
0.000000
0.000000
0.000000
0.000000
0.000000
0.000000
0.000000
0.000000
0.000000
0.000000
0.000000
0.000000
0.000000
0.000000
0.000000
0.000000
0.000000
0.000000
0.000000
0.000000
0.000000
0.000000
0.000000
0.000000
0.000000
0.000000
0.000000
0.000000
0.000000
0.000000
0.000000
0.000000
0.000000
0.000000
0.000000
0.000000
0.000000
0.000000
0.000000
0.000000
0.000000
0.000000
0.000000
0.000000
0.000000
0.000000
0.000000
0.000000
0.000000
0.000000
0.000000
0.000000
0.000000
0.000000
0.000000
0.000000
0.000000
0.000000
0.000000
0.000000
0.000000
0.000000
0.000000
0.000000
0.000000
0.000000
0.000000
0.000000
0.000000
0.000000
0.000000
0.000000
0.000000
0.000000
0.000000
0.000000
0.000000
0.000000
0.000000
0.000000
0.000000
0.000000
0.000000
0.000000
0.000000
0.000000
0.000000
0.000000
0.000000
0.000000
0.000000
0.000000
0.000000
0.000000
0.000000
0.000000
0.000000
0.000000
0.000000
0.000000
0.000000
0.000000
0.000000
0.000000
0.000000
0.000000
0.000000
0.000000
0.000000
0.000000
0.000000
0.000000
0.000000
0.000000
0.000000
0.000000
0.000000
0.000000
0.000000
0.000000
0.000000
0.000000
0.000000
0.000000
0.000000
0.000000
0.000000
0.000000
0.000000
0.000000
0.000000
0.000000
0.000000
0.000000
0.000000
0.000000
0.000000
0.000000
0.000000
0.000000
0.000000
0.000000
0.000000
0.000000
0.000000
0.000000
0.000000
0.000000
0.000000
0.000000
0.000000
0.000000
0.000000
0.000000
0.000000
0.000000
0.000000
0.000000
0.000000
0.000000
0.000000
0.000000
0.000000
0.000000
0.000000
0.000000
0.000000
0.000000
0.000000
0.000000
0.000000
0.000000
0.000000
0.000000
0.000000
0.000000
0.000000
0.000000
0.000000
0.000000
0.000000
0.000000
0.000000
0.000000
0.000000
0.000000
0.000000
0.000000
0.000000
0.000000
0.000000
0.000000
0.000000
0.000000
0.000000
0.000000
0.000000
0.000000
0.000000
0.000000
0.000000
0.000000
0.000000
0.000000
0.000000
0.000000
0.000000
0.000000
0.000000
0.000000
0.000000
0.000000
0.000000
0.000000
0.000000
0.000000
0.000000
0.000000
0.000000
0.000000
0.000000
0.000000
0.000000
0.000000
0.000000
0.000000
0.000000
0.000000
0.000000
0.000000
0.000000
0.000000
0.000000
0.000000
0.000000
0.000000
0.000000
0.000000
0.000000
0.000000
0.000000
0.000000
0.000000
0.000000
0.000000
0.000000
0.000000
0.000000
0.000000
0.000000
0.000000
0.000000
0.000000
0.000000
0.000000
0.000000
0.000000
0.000000
0.000000
0.000000
0.000000
0.000000
0.000000
0.000000
0.000000
0.000000
0.000000
0.000000
0.000000
0.000000
0.000000
0.000000
0.000000
0.000000
0.000000
0.000000
0.000000
0.000000
0.000000
0.000000
0.000000
0.000000
0.000000
0.000000
0.000000
0.000000
0.000000
0.000000
0.000000
0.000000
0.000000
0.000000
0.000000
0.000000
0.000000
0.000000
0.000000
0.000000
0.000000
0.000000
0.000000
0.000000
0.000000
0.000000
0.000000
-0.010098
0.002546
-0.000353
0.000000
0.000000
0.000000
0.000000
0.000000
0.000000
0.000000
0.000000
0.000000
0.000000
0.000000
0.000000
0.000000
0.000000
0.000000
0.000000
0.000000
0.000000
0.000000
0.000000
0.000000
0.000000
0.000000
0.000000
0.000000
0.000000
0.000000
0.000000
0.000000
0.000000
0.000000
0.000000
0.000000
0.000000
0.000000
0.000000
0.000000
0.000000
0.000000
0.000000
0.000000
0.000000
0.000000
0.000000
0.000000
0.000000
0.000000
0.000000
0.000000
0.000000
0.000000
0.000000
0.000000
0.000000
0.000000
0.000000
0.000000
0.000000
0.000000
0.000000
0.000000
0.000000
0.000000
0.000000
0.000000
0.000000
0.000000
0.000000
0.000000
0.000000
0.000000
0.000000
0.000000
0.000000
0.000000
-0.001481
0.006019
-0.006642
-0.000432
0.000000
0.000000
0.000000
0.000000
0.000000
0.000000
0.000000
0.000000
0.000000
0.000000
0.000000
0.000000
0.000000
0.000000
0.000000
0.000000
0.000000
0.000000
0.000000
0.000000
0.000000
0.000000
0.000000
0.000000
0.000000
0.000000
0.000000
0.000000
0.000000
0.000000
0.000000
0.000000
0.000000
0.000000
0.000000
0.000000
0.000000
0.000000
0.000000
0.000000
0.000000
0.000000
0.000000
0.000000
0.000000
0.000000
0.000000
0.000000
0.000000
0.000000
0.000000
0.000000
0.000000
0.000000
0.000000
0.000000
0.000000
0.000000
0.000000
0.000000
0.000000
0.000000
0.000000
0.000000
0.000000
0.000000
0.000000
0.000000
0.000000
0.000000
0.000000
0.000000
0.000000
0.000000
0.000000
0.000000
0.000000
0.000000
0.000000
0.000000
0.000000
0.000000
0.000000
0.000000
0.000000
0.000000
0.000000
0.000000
0.000000
0.000000
0.000000
0.000000
0.000000
0.000000
0.000000
0.000000
0.000000
0.000000
0.000000
0.000000
0.000000
0.000000
0.000000
0.000000
0.000000
0.000000
0.000000
0.000000
0.000000
0.000000
0.000000
0.000000
0.000000
0.000000
0.000000
0.000000
0.000000
0.000000
0.000000
0.000000
0.000000
0.000000
0.000000
0.000000
0.000000
0.000000
0.000000
0.000000
0.000000
0.000000
0.000000
0.000000
0.000000
0.000000
0.000000
0.000000
0.000000
0.000000
0.000000
0.000000
0.000000
0.000000
0.000000
0.000000
0.000000
0.000000
0.000000
0.000000
0.000000
0.000000
0.000000
0.000000
0.000000
0.000000
0.000000
0.000000
0.000000
0.000000
0.000000
0.000000
0.000000
0.000000
0.000000
0.000000
0.000000
0.000000
0.000000
0.000000
0.000000
0.000000
0.000000
0.000000
0.000000
0.000000
0.000000
0.000000
0.000000
0.000000
0.000000
0.000000
0.000000
0.000000
0.000000
0.000000
0.000000
0.000000
0.000000
0.000000
0.000000
0.000000
0.000000
0.000000
0.000000
0.000000
0.000000
0.000000
0.000000
0.000000
0.000000
0.000000
0.000000
0.000000
0.000000
0.000000
0.000000
0.000000
0.000000
0.000000
0.000000
0.000000
0.000000
0.000000
0.000000
0.000000
0.000000
0.000000
0.000000
0.000000
0.000000
0.000000
0.000000
0.000000
0.000000
0.000000
0.000000
0.000000
0.000000
0.000000
0.000000
0.000000
0.000000
0.000000
0.000000
0.000000
0.000000
0.000000
0.000000
0.000000
0.000000
0.000000
0.000000
0.000000
0.000000
0.000000
0.000000
0.000000
0.000000
0.000000
0.000000
0.000000
0.000000
0.000000
0.000000
0.000000
0.000000
0.000000
0.000000
0.000000
0.000000
0.000000
0.000000
0.000000
0.000000
0.000000
0.000000
0.000000
0.000000
0.000000
0.000000
0.000000
0.000000
0.000000
0.000000
0.000000
0.000000
0.000000
0.000000
0.000000
0.000000
0.000000
0.000000
0.000000
0.000000
0.000000
0.000000
0.000000
0.000000
0.000000
0.000000
0.000000
0.000000
0.000000
0.000000
0.000000
0.000000
0.000000
0.000000
0.000000
0.000000
0.000000
0.000000
0.000000
0.000000
0.000000
0.000000
0.000000
0.000000
0.000000
0.000000
0.000000
0.000000
0.000000
0.000000
0.000000
0.000000
0.000000
0.000000
0.000000
0.000000
0.000000
0.000000
0.000000
0.000000
0.000000
0.000000
0.000000
0.000000
0.000000
0.000000
0.000000
0.000000
0.000000
0.000000
0.000000
0.000000
0.000000
0.000000
0.000000
0.000000
0.000000
0.000000
0.000000
0.000000
0.000000
0.000000
0.000000
0.000000
0.000000
0.000000
0.000000
0.000000
0.000000
0.000000
0.000000
0.000000
0.000000
0.000000
0.000000
0.000000
0.000000
0.000000
0.000000
0.000000
0.000000
0.000000
0.000000
0.000000
0.000000
0.000000
0.000000
0.000000
0.000000
0.000000
0.000000
0.000000
0.000000
0.000000
0.000000
0.000000
0.000000
0.000000
0.000000
0.000000
0.000000
0.000000
0.000000
0.000000
0.000000
0.000000
0.000000
0.000000
0.000000
0.000000
0.000000
0.000000
0.000000
0.000000
0.000000
0.000000
0.000000
0.000000
0.000000
0.000000
0.000000
0.000000
0.000000
0.000000
0.000000
0.000000
0.000000
0.000000
0.000000
0.000000
0.000000
0.000000
0.000000
0.000000
0.000000
0.000000
0.000000
0.000000
0.000000
0.000000
0.000000
0.000000
0.000000
0.000000
0.000000
0.000000
0.000000
0.000000
0.000000
0.000000
0.000000
0.000000
0.000000
0.000000
0.000000
0.000000
0.000000
0.000000
0.000000
0.000000
0.000000
0.000000
0.000000
0.000000
0.000000
0.000000
0.000000
0.000000
0.000000
0.000000
0.000000
0.000000
0.000000
0.000000
0.000000
0.000000
0.000000
0.000000
0.000000
0.000000
0.000000
0.000000
0.000000
0.000000
0.000000
0.000000
0.000000
0.000000
0.000000
0.000000
0.000000
0.000000
0.000000
0.000000
0.000000
0.000000
0.000000
0.000000
0.000000
0.000000
0.000000
0.000000
0.000000
0.000000
0.000000
0.000000
0.000000
0.000001
0.000000
-0.001559
-0.016288
0.001265
-0.001539
0.000000
0.000000
-0.004880
0.000000
0.000000
0.000000
-0.003722
-0.002363
-0.003577
-0.000475
-0.001008
0.003029
0.000000
0.009684
0.000000
0.000000
0.000000
0.000000
0.000000
0.000000
0.000000
0.000000
0.000000
0.000000
0.000000
0.000000
0.000000
0.000000
0.000000
0.000000
0.000000
0.000000
0.000000
0.000000
0.000000
0.000000
0.000000
0.000000
0.000000
0.000000
0.000000
0.000000
0.000000
0.000000
0.000000
0.000000
0.000000
0.000000
0.000000
0.000000
0.000000
0.000000
0.000000
0.000000
0.000000
0.000000
0.000000
0.000000
0.000000
0.000000
0.000000
0.000000
0.000000
0.000000
0.000000
0.000000
0.000000
0.000000
0.000000
0.000000
0.000000
0.000000
0.000000
0.000000
0.000000
0.000000
0.000000
0.000000
0.000000
0.000000
0.000000
0.000000
0.000000
0.000000
0.000000
0.000000
0.000000
0.000000
0.000000
0.000000
0.000000
0.000000
0.000000
0.000000
0.000000
0.000000
0.000000
0.000000
0.000000
0.000000
0.000000
0.000000
0.000000
0.000000
0.000000
0.000000
0.000000
0.000000
0.000000
0.000000
0.000000
0.000000
0.000000
0.000004
0.026631
0.000000
0.000000
0.000000
0.000000
0.000000
0.000459
0.014574
0.004573
0.027234
-0.001051
0.000000
0.003838
-0.024574
-0.008146
-0.025603
-0.017870
-0.017955
-0.012467
-0.028981
-0.023077
-0.023768
-0.025179
-0.011882
0.000000
0.000000
0.000000
0.000000
0.000000
0.000000
0.000000
0.000000
0.000000
-0.016029
0.000000
0.000000
0.000000
0.000000
0.000000
-0.006102
0.000000
-0.019991
0.000000
0.000000
0.000000
-0.014381
0.000000
0.000000
0.000000
0.000000
-0.002415
-0.007512
-0.008380
0.000000
-0.006570
0.000000
-0.011449
0.000000
0.221612
0.000000
0.000000
0.000000
0.000000
0.000000
0.000000
0.000000
0.000000
0.000000
0.040400
0.000000
0.000000
0.000000
0.000000
-0.005111
0.008381
0.039012
0.027926
0.031704
0.002697
0.020842
0.004249
-0.002752
-0.002700
0.000000
0.000000
0.000000
0.000000
0.000000
0.000000
0.000000
0.034435
0.000000
0.000000
0.000000
0.000000
0.000000
0.000000
0.000000
0.000000
-0.015088
-0.002910
-0.009561
-0.001587
-0.002297
-0.001422
-0.005005
-0.000314
0.007335
-0.001310
-0.004364
0.002709
0.001526
-0.000603
-0.004156
-0.007602
-0.005696
-0.006746
-0.000860
0.000000
-0.005058
0.000000
0.000716
0.000000
0.002044
-0.000528
0.010696
0.031716
0.000000
0.000000
0.000000
0.000000
0.000000
0.000000
0.000000
0.026307
0.000000
0.000000
0.000000
0.000000
0.000000
0.000000
0.028892
0.000000
0.000000
0.000000
0.000000
0.000000
0.000000
0.031630
0.000000
0.000000
0.000000
0.000000
0.000000
0.000000
0.000000
0.000000
0.020239
0.000000
0.000000
0.000000
0.000000
0.000000
0.028807
0.000000
0.000000
0.031145
0.000000
0.000000
0.024693
0.000000
0.051232
0.000000
0.000000
-0.005721
0.000000
0.000000
0.005158
0.006554
-0.003178
-0.002841
0.000000
0.000000
0.000000
0.000000
0.000000
0.017444
0.000000
0.023264
0.009542
0.006762
0.004118
0.007865
0.025298
0.010559
0.004232
-0.007989
-0.010983
-0.000375
-0.004552
0.000000
0.000000
0.000000
0.000000
0.000000
0.000000
0.000000
0.000000
0.002101
-0.006876
0.027545
-0.009126
0.004256
0.007009
0.003818
0.001765
0.003411
0.000000
0.000000
0.000000
0.000000
0.000000
-0.006164
-0.023645
-0.005839
0.000000
0.000000
0.000000
-0.007795
-0.005497
0.000000
0.000000
0.000000
0.000000
-0.010253
0.000000
0.000000
0.000000
0.000000
0.000000
0.000000
-0.008394
-0.016416
0.000000
0.000000
0.000000
-0.017052
0.000000
0.000000
0.000000
0.000000
-0.020321
-0.015978
0.000000
-0.005576
-0.002527
-0.009899
0.000000
0.000000
0.000000
-0.004051
0.000000
0.003011
-0.001370
0.020352
0.002372
-0.004081
-0.016286
0.004233
0.000000
0.000000
0.000000
0.000000
0.000000
0.000000
0.000000
0.000000
0.000000
0.000000
0.000000
0.000000
0.000000
0.000000
0.000000
0.000000
0.000000
0.000000
0.000000
0.000000
0.000000
0.000000
0.000000
0.000000
0.000000
0.000000
0.000000
0.000000
0.000000
0.000000
0.000000
0.000000
0.000000
0.000000
0.000000
0.000000
0.000000
0.000000
0.012150
-0.007060
0.000000
0.000000
0.000000
0.000000
0.000000
0.000000
0.000000
0.000000
0.000000
0.000000
0.000000
0.000000
0.000000
0.000000
0.000000
0.000000
0.000000
0.000000
0.000000
0.000000
0.000000
0.000000
0.000000
0.000000
0.000000
0.000000
0.000000
0.000000
0.000000
0.000000
0.000000
0.000000
0.000000
0.000000
0.000000
0.000000
0.000000
0.000000
0.000000
0.000000
0.000000
0.000000
0.000000
0.000000
0.000000
0.000000
0.000000
0.000000
0.000000
0.000000
0.000000
0.000000
0.000000
0.000000
0.000000
0.000000
0.000000
0.000000
0.000000
0.000000
0.000000
0.000000
0.000000
0.000000
0.000000
0.000000
0.000000
0.000000
0.000000
0.000000
0.000000
0.000000
0.000000
0.000000
0.000000
0.000000
0.017772
0.005026
0.004028
0.000000
0.000000
0.000000
0.043357
-0.016031
0.000000
0.000000
0.000615
0.000000
0.000000
0.000000
0.000000
0.000000
0.000000
-0.009053
-0.000615
0.018631
0.003739
0.000000
0.000000
0.000000
0.000000
0.000000
0.000000
0.000000
0.000000
0.000000
0.000000
0.000000
0.000000
0.000000
-0.005119
0.000000
0.000000
0.000000
0.000000
0.057732
0.012986
-0.081784
0.008996
0.002494
0.000000
0.000000
0.000000
0.000000
0.000000
0.016145
0.000000
0.000000
0.000000
0.000000
0.000000
0.000000
0.000000
0.000000
0.000000
0.049585
0.000089
0.000000
0.000000
0.000000
0.000000
0.000000
0.000000
0.000000
0.000000
0.000000
0.000000
0.000000
0.000000
0.000000
0.000000
0.000000
0.000000
0.000000
0.000000
0.000000
0.000000
0.000000
0.000000
0.000000
0.000000
0.000000
0.000000
0.000000
0.000000
0.000000
0.000000
0.000000
0.000000
0.000000
0.000000
0.000000
0.000000
0.000000
0.000000
0.000000
0.000000
0.000000
0.000000
0.000000
0.000000
0.000000
0.000000
0.000000
0.000000
0.000000
0.000000
0.000000
0.000000
0.000000
0.000000
0.000000
0.000000
0.000000
0.000000
0.000000
0.000000
0.000000
0.000000
0.000000
0.000000
0.000000
0.000000
0.000000
0.000000
0.000000
0.000000
0.000000
0.000000
0.000000
0.000000
0.000000
0.000000
0.000000
0.000000
0.000000
0.000000
0.000000
0.000000
0.000000
0.000000
0.000000
0.000000
0.000000
0.000000
0.000000
0.000000
0.000000
0.000000
0.000000
0.000000
0.000000
0.000000
0.000000
0.000000
0.000000
0.009439
-0.017391
0.000000
0.019997
-0.008326
0.000000
0.000000
0.000000
0.000000
0.000000
0.000000
0.000000
0.003622
0.000000
0.014433
-0.008554
-0.002345
-0.007505
-0.002271
0.105748
-0.006723
0.005342
0.000000
-0.002422
0.058779
0.000000
0.000000
0.000000
0.000000
0.000000
0.000000
0.000000
0.000000
0.000000
0.000000
0.000000
0.000000
0.000000
0.000000
-0.004452
0.003698
0.119255
0.095806
-0.034863
-0.000900
-0.003635
0.000000
-0.009392
-0.018597
-0.002567
-0.011482
0.000624
0.000000
0.000000
-0.004685
-0.007786
0.000000
0.000000
0.000000
0.000000
-0.008229
0.000000
0.006797
-0.005159
0.016835
0.002804
-0.000392
0.000000
0.000000
0.003221
0.000000
0.000000
0.000127
0.000000
-0.030795
-0.014977
-0.001062
0.023994
0.004345
0.003887
-0.038544
0.000000
0.027827
0.006882
0.001675
-0.002076
-0.007456
0.002249
-0.006285
-0.011581
0.000000
-0.005126
0.000000
0.000000
-0.008395
-0.001641
-0.000803
0.000000
0.000000
0.000000
0.000000
-0.006408
-0.005627
-0.004310
-0.006897
0.000000
0.000000
-0.005883
0.000000
0.000739
-0.002825
0.000000
-0.018662
0.002248
-0.004698
-0.004430
-0.002712
-0.009638
0.000000
-0.001620
0.030375
0.002104
0.000252
0.004676
-0.001672
-0.002859
0.008295
0.024988
-0.005208
-0.003051
0.000000
-0.014118
-0.004200
0.000000
-0.005483
0.016286
-0.007879
-0.002151
0.009839
-0.009464
0.000743
-0.025896
-0.010105
-0.002913
0.000000
0.000000
0.000000
0.000000
0.000000
0.000000
0.000000
0.000000
0.000000
0.000000
0.000000
0.000000
0.000000
0.000000
0.000000
0.000000
0.000000
0.000000
0.000000
0.000000
0.000000
0.000000
0.000000
0.000000
0.000000
0.000000
0.000000
0.000000
0.000000
0.008545
0.051036
-0.014629
-0.003444
0.002213
0.000000
-0.009399
0.000000
0.000000
-0.013138
-0.011552
-0.001062
0.000000
0.000000
0.000000
0.125454
0.000055
-0.005522
0.000000
0.000000
0.000000
0.000000
0.000000
-0.003527
0.000000
0.000000
-0.005680
0.000000
0.000000
0.000000
-0.007357
0.000526
0.000000
0.000000
0.000000
0.000000
0.000000
0.000000
-0.000718
0.000000
0.000000
0.000000
0.000000
0.000000
0.000000
0.002906
-0.000697
-0.000228
-0.006993
0.000000
0.000000
0.000000
0.005538
-0.010538
0.001861
-0.000577
0.000000
0.000000
0.000000
0.000000
-0.012055
-0.006583
0.000000
0.000000
0.000000
-0.003042
-0.002056
0.012769
0.000015
-0.019134
-0.013946
0.000000
0.006495
0.004311
0.000000
0.000000
0.000000
0.000000
-0.001488
-0.004383
0.000000
0.000000
-0.004633
0.002501
0.001494
0.000000
0.000000
0.000000
0.000000
0.000000
0.000000
0.000000
0.000000
0.000000
0.000000
0.000000
0.000000
0.000000
0.000000
0.000000
0.000000
0.000000
0.000000
0.000000
0.000000
0.000000
0.000000
0.000000
0.000000
0.000000
0.000000
0.000000
0.000000
0.000000
0.000000
0.000000
0.000000
0.000000
0.000000
0.000000
0.000000
0.000000
0.000000
0.000000
0.000000
0.000000
0.000000
0.000000
0.000000
0.000000
0.000000
0.000000
0.000000
0.000000
0.000000
0.000000
0.000000
0.000000
0.000000
0.000000
0.000000
0.000000
0.000000
0.000000
0.000000
0.000000
0.000000
0.000000
0.000000
0.000000
0.000000
0.000000
0.000000
0.000000
0.000000
0.000000
0.000000
0.000000
0.000000
0.000000
0.000000
0.000000
0.000000
0.000000
0.000000
0.000000
0.000000
0.000000
0.000000
0.000000
0.000000
0.000000
0.000000
0.000000
0.000000
0.000000
0.000000
0.000000
0.000000
0.000000
0.000000
0.000000
0.000000
0.000000
0.000000
0.000000
0.000000
0.000000
0.000000
0.000000
0.000000
0.000000
0.000000
0.000000
0.000000
0.000000
0.000000
0.000000
0.000000
-0.004358
-0.003531
0.010105
-0.009538
-0.015112
-0.002232
0.000000
0.000000
0.000000
-0.006451
0.000000
0.000000
-0.013192
0.012965
0.019688
0.000000
0.000000
0.000000
-0.000207
-0.015242
0.000932
0.000000
-0.007227
0.006306
0.003644
0.009555
0.000000
0.013349
0.009114
0.010126
0.000000
-0.022408
-0.007980
-0.011286
-0.011396
0.003811
0.000000
0.000000
0.000000
-0.009963
0.003964
0.000000
0.004185
-0.017390
-0.002875
-0.008728
0.009078
0.000321
-0.013227
-0.004011
-0.011530
0.000450
0.000000
0.000000
0.000000
0.000000
0.000000
0.000000
0.000000
0.000000
0.000000
0.000000
0.000000
0.000000
0.000000
0.000000
0.000000
0.000000
0.000000
0.000000
0.000591
0.000000
-0.002480
0.000000
0.001662
-0.003608
-0.000678
0.001236
0.000000
0.000000
0.001386
0.000000
0.000000
0.001967
0.044824
0.000000
0.000000
0.000000
0.000000
0.000000
-0.014371
0.013351
0.000000
0.000000
0.000000
0.000000
0.000000
0.000000
0.000000
0.000000
0.017647
0.013844
0.006574
0.000000
0.000000
-0.006286
0.000000
0.000000
0.000000
0.000000
0.000000
0.000000
0.000000
0.000000
0.017745
0.012803
0.000000
0.000000
-0.002395
0.012625
-0.014877
-0.011115
-0.002768
0.000000
0.000000
0.002170
0.001104
0.000000
0.002876
-0.007014
0.000000
-0.006908
-0.010338
0.001274
0.000000
0.000000
0.000000
0.000000
0.000000
0.000000
0.000000
0.000000
0.000000
0.000000
0.000000
0.000000
0.000000
0.000000
0.000000
0.000000
0.000000
0.000000
0.000000
0.001363
-0.001659
-0.002493
0.000795
0.003864
-0.003944
-0.002149
-0.000749
0.044037
-0.003408
-0.006021
0.000000
0.000000
0.036545
-0.002141
0.002801
0.007862
0.000000
-0.002569
-0.004204
-0.001612
-0.007378
-0.002168
0.000000
0.000000
0.000000
0.000000
0.000000
0.000000
-0.008697
0.033895
-0.000614
-0.000541
-0.005472
-0.002225
0.000000
0.000000
0.000000
0.050591
-0.006728
-0.015432
0.005755
0.000000
-0.001224
0.000000
0.000000
0.000000
0.004281
0.010385
0.000000
0.000431
-0.025037
0.009860
-0.024780
-0.004380
0.000000
0.000000
0.000000
0.000000
0.000000
-0.028176
-0.012034
-0.002064
-0.000853
-0.005760
0.000000
0.000000
0.000000
0.000000
0.000000
-0.011946
-0.002727
0.019732
0.001780
0.022701
0.003593
-0.007100
-0.010156
-0.001231
0.001820
-0.004791
-0.005776
-0.001602
-0.015692
0.008212
0.001772
-0.007681
0.000000
0.000000
-0.002539
-0.009921
-0.005603
-0.007041
-0.003427
0.000000
0.000000
0.000000
-0.001460
0.000000
0.000000
0.016404
-0.009200
-0.001940
0.000000
0.000000
0.000000
0.008216
0.006788
-0.001039
0.000000
-0.005297
-0.009536
0.000794
-0.011761
-0.001720
0.092588
0.014115
-0.010179
0.007710
0.000000
0.000000
0.000000
0.000000
0.000000
0.000000
0.000000
0.000000
0.000000
0.000000
0.000000
0.000000
0.000000
0.000000
0.005620
0.000000
0.044187
0.020371
0.000000
-0.005941
-0.004951
-0.008006
-0.001295
-0.004365
-0.003005
0.000000
-0.001003
0.000000
0.026929
-0.019153
0.004644
0.010412
0.000000
-0.002633
0.000000
0.000000
-0.002624
0.000000
-0.018307
0.007433
0.002616
0.000140
-0.002715
0.000000
-0.003349
0.000000
-0.000287
0.000000
0.000000
0.000000
0.004781
0.000000
0.027730
0.009912
-0.001355
0.000000
0.000000
-0.010471
-0.011399
-0.002087
-0.000284
-0.002523
0.000000
0.000000
0.000000
0.000000
0.000000
0.002777
0.012435
-0.004816
0.000000
0.000000
0.000000
0.007229
-0.002346
0.002118
0.079067
0.000000
0.000000
0.000000
0.013480
-0.001303
0.003752
-0.005275
0.000000
0.000000
-0.009064
-0.001676
0.015486
0.005057
0.000000
0.000000
0.005855
-0.013016
-0.010253
-0.003115
-0.012951
0.006344
0.010969
-0.001685
-0.008982
-0.022750
0.012155
0.000000
-0.002940
-0.009869
-0.009791
-0.013835
-0.006616
0.069486
0.022273
0.000000
0.000000
0.000000
0.000000
-0.006279
0.000000
0.012364
-0.009869
0.000000
0.005869
-0.001066
0.000000
0.000000
0.000000
0.000000
-0.008888
-0.018286
0.000000
0.000000
0.019428
-0.006928
0.007007
0.000000
-0.006160
-0.004341
-0.001957
-0.012013
0.000000
0.000000
0.000000
0.000000
0.033544
0.006223
0.030457
0.000000
0.017531
-0.002626
0.000000
0.000000
0.007510
0.004527
0.002771
-0.016006
-0.002481
0.000000
0.000994
0.011405
0.018365
0.006167
-0.004774
0.000000
-0.007051
0.000000
0.001561
0.000000
-0.006995
0.000000
0.000000
0.000000
-0.012689
-0.002013
0.020476
0.016402
-0.006326
-0.002097
0.000000
0.000000
0.000000
0.000000
0.000000
0.000000
0.000000
0.000000
-0.007670
-0.004216
0.000000
-0.024468
0.001087
0.013003
-0.008175
-0.008786
-0.002098
0.002779
-0.008191
-0.002163
0.002886
0.000000
0.000000
0.000000
-0.009881
0.000688
0.000000
0.000000
0.000000
0.022916
-0.007452
-0.004789
0.010806
0.004151
0.038751
-0.009893
-0.002793
-0.014180
0.011252
-0.014360
-0.006727
0.006649
-0.009946
0.004792
0.010627
-0.017035
-0.003587
0.002313
-0.001075
0.007603
-0.020372
-0.005508
-0.001024
-0.001613
0.008641
-0.010252
-0.004211
-0.001446
-0.023297
-0.001928
-0.014288
-0.001653
0.000000
-0.001022
-0.006435
-0.001780
0.002602
-0.010627
-0.009308
-0.015407
-0.029196
-0.010780
0.005237
-0.003667
0.002428
-0.005782
0.003606
-0.004637
0.000000
-0.007488
-0.003400
0.000000
-0.004611
0.000375
-0.015000
0.016198
-0.007824
0.000000
-0.005144
-0.020858
-0.017695
-0.001535
0.000000
0.000000
0.000000
0.000000
0.000000
0.000000
0.000000
0.000000
0.000000
0.000000
0.000000
0.001305
0.008181
-0.004003
0.000000
0.000000
0.000000
0.000000
0.000000
0.000000
0.000000
0.014639
-0.018340
-0.032516
-0.003496
0.000000
0.000000
0.000000
0.000000
0.000000
0.000000
0.000000
0.000000
0.000000
0.000000
0.000000
-0.008243
0.000000
0.000000
0.000000
0.000000
0.004938
0.000000
-0.014972
-0.012040
-0.001831
0.002844
0.000000
0.001100
0.000000
0.000000
0.000000
0.000000
0.004571
0.002055
-0.037670
0.010020
0.011785
-0.003095
0.013194
-0.004726
0.002794
0.017763
-0.006043
0.005070
0.000000
0.000000
0.000000
0.000000
0.000000
0.000000
0.000000
0.000000
0.002441
0.000422
0.000000
-0.004334
0.000000
0.000000
-0.011598
-0.006524
0.010595
-0.014415
0.000505
-0.012633
-0.004975
-0.013158
-0.001033
-0.002113
-0.005549
0.002997
-0.008645
-0.002255
0.000000
0.000000
0.000000
0.000000
-0.003842
-0.072979
0.000000
-0.000522
-0.004535
-0.000380
0.036608
0.000000
0.000000
-0.015475
-0.000341
0.000000
-0.031404
0.007252
0.015079
0.000000
0.000000
0.054102
0.000000
0.000000
0.000000
0.005951
0.005411
0.000000
0.000000
0.000000
0.000000
-0.012153
0.000000
-0.003572
0.000000
-0.003171
0.000000
0.000000
0.000000
-0.001362
-0.006512
-0.010182
-0.018758
0.001752
0.000436
0.006591
-0.005885
-0.000750
0.000000
0.000000
-0.005332
-0.001356
0.009875
-0.002913
0.000000
0.000000
0.000000
0.000000
0.001373
-0.004161
-0.003077
0.009028
-0.002555
-0.007939
-0.007242
-0.003843
0.000000
-0.008566
-0.017939
-0.003130
-0.004388
0.000000
0.000000
0.000000
-0.000950
-0.003850
0.000435
-0.005601
0.000000
0.004778
0.006907
-0.004010
0.000000
0.003917
0.013152
-0.007597
-0.010582
-0.004763
-0.006503
-0.014222
-0.013731
0.005347
0.007239
0.000000
0.000000
0.000000
0.000000
0.000000
-0.012748
0.002808
-0.004647
0.000000
-0.005217
-0.007879
-0.002701
-0.003151
0.003263
0.000000
-0.003367
0.010805
-0.001358
0.000000
-0.001339
-0.003855
0.000000
0.000000
0.006066
0.003074
0.000000
0.000000
0.000000
0.000000
-0.002625
-0.015048
0.007250
-0.009086
-0.011473
-0.000717
0.000000
0.004460
-0.000008
-0.002112
0.000000
0.000000
0.000000
0.000000
-0.002509
0.000000
0.000000
0.000000
0.000000
-0.011488
-0.002345
0.006042
-0.002762
-0.004510
0.003267
0.007192
0.000504
0.000000
-0.004512
0.001358
0.000000
0.000000
0.000000
-0.001055
-0.006333
0.000000
0.000000
0.000000
-0.008678
0.000891
0.000000
0.009005
-0.011466
-0.012161
-0.007204
-0.005925
-0.002216
-0.007367
0.000000
0.000000
-0.001691
0.002995
-0.001418
0.000000
-0.000351
-0.002352
0.011731
-0.002353
0.005440
-0.005643
-0.028437
0.002860
0.000000
-0.011366
0.000000
0.000000
0.000000
0.000000
0.000000
0.000000
0.000000
0.000000
0.000000
0.000000
0.000000
0.000809
0.000000
0.000000
0.000000
0.000000
0.000000
0.000000
0.000000
0.000000
0.000000
-0.007568
-0.003123
-0.005606
0.086925
-0.008840
-0.004081
0.000000
-0.001030
0.000000
0.000000
0.000000
0.000000
-0.008151
-0.005003
0.007165
0.016360
-0.003196
0.022020
-0.003970
-0.013898
0.000000
0.000000
-0.002854
0.000000
0.000000
0.000000
0.000000
0.008788
-0.005215
-0.004855
-0.010401
-0.009237
-0.002507
-0.011963
0.000000
0.000000
0.000000
0.000000
0.000000
0.000000
0.000000
0.000000
0.000000
0.000000
0.000000
0.000000
0.000000
0.000000
0.013676
-0.002591
0.000000
-0.003643
0.000000
-0.008503
-0.004746
0.003872
0.009412
0.000000
-0.003609
0.000000
-0.001275
0.000000
-0.008187
-0.017081
-0.010295
-0.010872
0.002310
-0.000302
0.038586
0.023964
0.028434
0.000000
-0.007350
0.003786
0.000000
0.008249
0.004484
0.000000
0.025329
-0.004194
-0.002695
-0.008864
0.001830
0.000000
-0.004452
0.000000
0.000000
0.000000
0.000000
-0.006422
-0.011558
-0.001127
0.001482
0.000000
0.001259
0.005268
-0.004820
-0.000523
-0.011773
-0.002140
0.001956
0.003511
0.000000
-0.008549
-0.002141
0.000269
-0.002545
-0.000054
-0.003150
-0.011747
-0.002742
-0.001507
0.004991
0.010091
0.000000
-0.005092
-0.001237
0.000000
0.000000
-0.002075
0.021903
-0.000705
0.003929
0.001162
-0.002820
-0.002685
0.000000
0.000000
-0.001503
0.005296
-0.007620
0.000000
0.000000
0.000000
-0.014193
0.063097
0.000000
0.000000
0.000000
0.000000
-0.007783
-0.008900
-0.007233
-0.010051
-0.004074
0.000000
-0.001480
0.000000
-0.014190
0.000000
-0.004494
-0.011840
-0.003390
-0.005834
-0.000042
0.013543
-0.011599
0.032187
0.020517
0.000390
0.005370
0.001684
0.000825
-0.004355
-0.009167
-0.000999
-0.002107
0.000000
0.000000
0.000000
0.000000
-0.000796
0.000000
0.000000
0.048436
-0.004725
-0.004878
-0.001930
0.010543
0.009583
-0.002750
-0.008143
-0.018122
0.000000
-0.016904
0.001010
0.000000
-0.003392
-0.003296
0.000000
-0.000026
-0.004917
0.004284
-0.005367
0.000000
-0.008165
-0.010393
-0.010018
-0.006536
0.000000
-0.010775
-0.007155
0.000000
0.000000
0.000000
0.000000
0.000000
0.000000
0.009394
-0.010246
0.003141
0.009432
-0.002914
-0.000748
0.000000
-0.002748
-0.007765
-0.001981
-0.004961
-0.034670
-0.006642
-0.002539
0.000000
0.000000
-0.005143
0.002798
-0.007097
0.004512
-0.000187
0.000000
0.009284
0.000281
-0.008010
-0.002992
0.000000
0.000000
0.054063
-0.004745
0.015607
-0.004007
-0.001377
0.008169
0.003371
0.024778
0.001767
0.000000
0.018699
-0.005405
0.030311
-0.005846
-0.016291
-0.008047
-0.007230
-0.006350
-0.003502
0.000000
0.000000
0.000000
0.000000
-0.002582
-0.003384
0.000000
0.000000
0.000000
0.000000
0.000000
0.000000
0.000000
0.000000
0.007011
-0.012319
0.003916
0.001017
0.000000
-0.023354
0.003861
-0.010763
-0.008011
0.003176
0.000000
-0.004093
-0.003396
0.022106
0.007663
-0.005998
0.010417
-0.004068
0.001224
0.015223
-0.001898
0.000000
0.000000
0.000000
0.000000
0.000000
0.002980
-0.014722
-0.004259
-0.005122
-0.001959
0.000000
0.000000
0.000000
0.000000
0.000000
0.000000
0.000000
-0.007558
-0.001503
-0.010302
-0.001093
0.000000
0.000000
-0.009281
-0.016782
0.008628
-0.010257
-0.008647
-0.001652
0.001858
-0.015824
-0.001667
-0.004157
0.000000
-0.003408
-0.007374
-0.003415
0.000000
0.005797
-0.005444
-0.007719
0.096251
-0.001421
-0.003062
-0.024869
-0.042435
0.002323
0.003929
-0.011377
-0.009264
-0.014184
-0.001516
0.003645
0.001903
-0.003061
0.000000
0.000000
-0.003730
-0.004231
0.012414
-0.003012
0.002656
-0.003089
0.000000
0.000792
0.033700
-0.009020
0.001658
-0.000805
0.004945
0.000341
-0.006144
0.007407
-0.014331
0.000000
0.000000
0.000000
-0.004529
-0.007819
0.000000
0.000000
0.000000
0.000000
0.000000
-0.012677
-0.011661
-0.008961
0.005060
0.007557
-0.003728
-0.002846
-0.008774
-0.006288
-0.011633
0.000000
0.000000
-0.004609
-0.000413
0.000000
0.000000
-0.005314
0.012433
-0.004691
-0.008093
-0.001283
-0.009114
0.025786
0.016433
-0.000525
0.000000
-0.005876
0.000000
0.000000
0.007869
0.003597
0.003672
-0.010905
0.005417
-0.005381
0.000000
0.000000
0.000000
-0.002545
-0.011735
-0.013141
-0.010566
-0.005821
0.000000
0.000000
0.000000
0.000000
0.000000
0.000000
0.000000
0.000000
0.006764
0.028622
0.003166
-0.004884
0.009851
0.008143
-0.000014
0.000000
0.000000
0.000000
0.000000
-0.006548
0.028395
-0.001393
-0.007484
-0.006956
-0.003204
-0.002727
0.001361
-0.004854
0.000801
-0.001517
-0.000560
0.000000
0.000000
-0.023504
0.018370
0.000000
0.000000
0.000000
0.000000
0.000000
0.055848
0.000000
0.000000
0.000000
0.000000
-0.005661
-0.026685
0.331462
-0.000088
0.000000
0.000000
0.000000
0.000000
0.000000
0.000000
0.000000
0.000000
0.000000
0.000000
0.000000
0.000000
-0.003864
-0.002217
-0.002537
-0.007338
0.001743
0.000000
0.000000
-0.003518
0.000000
0.000000
0.000000
0.000000
0.000000
0.000000
0.000000
0.000000
-0.012071
-0.011632
-0.006559
0.000000
0.000000
0.000000
-0.000322
0.000000
0.001328
0.119461
0.001786
0.006621
0.000000
0.000000
0.000000
0.000000
0.000000
0.000000
0.000000
0.000000
0.000000
0.000000
0.000000
0.000000
0.000000
0.000000
-0.000128
-0.018706
0.013855
0.017334
0.001166
-0.020729
0.010451
0.008301
0.000170
-0.001669
0.000000
-0.011039
0.004673
-0.005257
0.000000
-0.005690
0.020296
0.000713
-0.002688
0.104094
0.037911
-0.000057
0.000000
-0.009204
0.000000
0.000000
-0.025241
-0.001097
0.000000
-0.001792
0.000167
-0.009676
0.000068
-0.001750
0.004251
-0.009074
-0.014011
0.000603
-0.000755
0.002676
-0.001706
0.008855
-0.004480
0.000000
-0.013210
-0.005943
0.001883
0.002427
0.003056
0.003172
-0.012210
-0.002751
0.000000
0.000000
-0.002617
0.000000
0.000000
-0.011039
-0.011105
0.000663
-0.003903
-0.002993
0.000000
-0.003645
0.001541
-0.001934
-0.001314
-0.001185
-0.020518
-0.000963
-0.013507
0.001385
-0.006458
-0.006180
0.000882
0.002973
0.000000
-0.020203
-0.004768
-0.024987
-0.010348
0.000000
0.000000
0.000000
0.000000
0.000000
0.000000
0.000000
-0.002265
0.007021
-0.009254
-0.004504
-0.011201
-0.001665
0.000000
0.000000
0.000000
-0.003234
-0.003954
0.000000
0.000000
0.000000
-0.010722
0.000000
0.000161
-0.004465
-0.002655
-0.015631
0.000000
0.000000
0.011756
-0.008527
0.000136
-0.008555
-0.007815
-0.002408
0.000000
-0.007144
-0.016217
-0.009394
0.000000
-0.002633
0.000696
0.000000
-0.006452
-0.005246
-0.003856
0.000501
0.007691
-0.024743
-0.000343
0.013970
0.000324
0.001586
0.001510
0.000000
-0.001763
-0.000961
-0.005966
-0.004656
-0.003707
0.000000
0.000000
-0.000271
0.000000
-0.105110
0.000000
-0.109077
0.000000
0.000021
-0.002246
0.001714
0.056756
-0.011615
0.001356
0.006620
-0.001980
0.000000
0.000000
0.000000
0.000000
0.000000
0.004176
-0.004394
0.001691
0.000000
-0.026381
0.000005
0.000000
0.000000
-0.017050
0.012144
0.000000
0.003840
-0.008543
0.000000
0.008350
-0.000625
-0.015165
-0.001585
0.000000
-0.004579
0.000000
0.000000
0.000000
0.000000
0.000000
-0.005246
-0.017410
-0.000835
0.000000
0.000000
0.000000
-0.006547
-0.005507
-0.002460
-0.003733
0.005598
0.006976
-0.008645
-0.004001
-0.002649
-0.002713
-0.006721
-0.012196
0.028141
0.005918
0.044498
0.003137
0.020616
0.008785
-0.001443
-0.005344
-0.021841
0.002593
-0.009042
0.000000
-0.004819
0.004755
0.000000
0.000000
0.000000
-0.010642
-0.010647
0.003740
0.000000
0.009743
0.001195
0.001676
-0.021898
0.000000
0.004973
-0.002875
-0.005854
-0.001669
-0.000294
0.000000
0.000000
0.000000
0.000986
-0.001057
0.000000
0.000000
-0.012505
-0.008854
0.000000
-0.001503
0.000000
0.000121
0.000000
0.000000
0.000000
0.000000
0.004402
-0.013118
-0.002932
0.000000
-0.004766
-0.007488
-0.006547
-0.001156
-0.035048
0.006873
0.001245
0.000000
-0.004502
0.014120
-0.010913
0.040912
-0.008017
0.000000
0.000000
0.000637
0.002283
0.001247
0.000000
0.000000
-0.000530
0.005222
0.000280
0.003890
0.028831
0.013758
-0.001513
0.000000
0.000000
0.000000
0.000000
0.000000
0.002012
0.014795
-0.009567
0.009690
0.029431
-0.004595
0.004818
-0.000381
0.000000
0.000000
0.000000
-0.011578
-0.025217
0.000265
-0.008926
0.000000
0.000000
0.000000
0.000000
-0.014398
-0.002388
0.004333
-0.005578
0.001377
0.008576
0.018137
-0.001656
0.000000
0.003392
-0.000449
-0.000896
-0.005104
-0.004210
-0.004255
0.006293
-0.002746
0.000008
0.000000
0.000000
0.000000
0.000000
0.000000
0.000000
0.000000
0.000000
0.000000
0.000000
0.000000
0.000000
0.000000
-0.003160
-0.000246
-0.007797
0.000000
0.000000
0.000000
0.000000
0.000000
0.000000
0.000000
0.000000
0.000000
0.000000
0.000000
0.000000
0.000000
0.000000
0.000000
-0.002093
0.000000
0.000000
0.093003
-0.022269
0.008446
-0.006571
0.000000
-0.012898
0.004421
-0.000049
-0.010662
-0.006007
0.000000
-0.009764
0.031185
-0.002263
0.000000
0.000000
0.000000
0.000000
0.000000
0.000000
0.000000
0.000000
0.000000
0.000000
0.000000
0.000000
0.000000
0.000000
0.000000
0.004945
-0.000899
-0.004139
0.000000
-0.005395
0.000000
-0.005931
-0.002454
0.002607
-0.021150
-0.000753
-0.005854
0.003523
-0.005702
0.026043
0.009647
0.014883
0.000000
0.000000
0.000000
0.009093
-0.006005
-0.008981
-0.021696
-0.010247
0.000000
0.024531
-0.014703
0.000000
0.000000
-0.008875
0.042581
-0.006068
0.077704
0.012908
0.000000
0.000000
0.000000
0.000518
-0.004396
-0.003295
0.000000
-0.006497
0.004468
0.000000
0.000149
0.000000
0.004757
-0.002106
0.000000
-0.009173
0.000000
-0.014560
-0.014247
-0.006414
-0.008889
-0.004626
-0.003817
0.000000
0.000000
0.002025
0.000000
0.000000
0.000000
0.000000
0.000000
0.000000
0.003060
-0.017264
-0.013308
-0.012427
-0.000701
-0.002447
0.000166
0.000991
-0.000956
0.000000
0.000000
0.001952
-0.009715
-0.003009
0.000000
-0.008957
-0.000801
0.000000
-0.002868
-0.012562
0.000558
0.000000
0.003385
-0.013913
0.006486
-0.003437
0.000000
-0.003605
0.004504
-0.022240
0.006592
-0.004420
-0.000702
-0.004743
-0.009770
-0.007953
0.000000
-0.000770
0.000000
-0.002230
0.000000
-0.010534
0.004969
0.000000
0.000000
0.000000
0.000000
0.000000
0.000000
0.000000
0.000000
0.000000
0.000000
0.000000
0.000000
0.000000
0.000000
0.000000
0.000000
0.000000
0.000000
-0.007038
0.000000
0.000054
0.000000
0.000000
0.000000
0.000000
0.000000
-0.007836
0.001365
0.007941
-0.007550
0.000000
0.000000
0.000000
0.000000
-0.000689
0.000000
0.000000
0.010966
-0.019964
-0.000941
0.000000
0.000000
0.000000
0.000000
0.000000
-0.000609
0.000000
0.000000
0.000000
0.000000
0.000000
0.000000
0.000000
0.000000
0.000000
0.000000
0.000000
0.000000
0.000000
0.000000
0.000000
0.000000
0.000000
0.000000
0.000000
0.000000
0.000000
0.000000
0.000000
0.000000
0.000000
0.000000
0.000000
0.000000
0.000000
0.000000
0.000000
0.000000
0.000000
0.000000
0.000000
0.000000
0.000000
0.000000
0.000000
0.000000
-0.003945
-0.010708
-0.011226
-0.002969
0.000000
-0.007494
-0.009647
0.005991
-0.001840
0.000000
-0.006914
0.000000
-0.001623
-0.000426
-0.016067
-0.000696
-0.002439
0.005257
-0.002316
0.000679
0.000000
-0.003362
0.000000
0.000000
0.000000
0.000000
0.000000
0.000000
0.000000
0.000000
0.000000
0.001199
0.003394
0.020151
0.011987
0.000376
-0.016300
0.005230
0.000000
0.000000
0.000000
0.001313
0.000000
0.000000
-0.005500
0.000000
-0.008646
-0.000497
-0.010869
-0.002314
-0.001290
0.000000
0.000000
0.000000
0.011127
0.000000
0.006094
0.000000
0.000000
0.000000
0.000994
0.000000
0.000000
0.000000
0.000000
-0.002156
-0.009403
0.001012
0.007412
0.000000
-0.018553
-0.000366
0.000000
0.000000
0.000000
0.000000
0.000000
0.000000
-0.000674
-0.016949
-0.000684
0.000000
0.000000
0.000000
0.000000
0.000000
0.015450
-0.015257
0.000000
0.000000
-0.015796
0.107436
-0.003560
0.000000
0.000000
-0.002122
0.000000
-0.005874
-0.011329
-0.019740
0.001041
-0.006224
0.000000
0.000000
0.003824
0.000000
0.000000
0.000000
0.000000
0.000000
0.000000
-0.006670
0.000000
0.000000
0.000000
0.000000
-0.006236
0.000000
0.000000
0.000409
0.007554
-0.007747
0.000000
-0.006726
0.020190
0.003318
-0.013347
0.072814
0.000000
0.000000
0.166877
-0.013127
-0.003507
0.000000
0.000000
-0.002797
0.000869
0.044279
0.007023
-0.009668
0.000318
-0.012112
0.056128
-0.016329
0.051843
0.000000
0.000000
-0.006406
-0.011259
-0.000238
-0.012071
-0.004763
0.000000
0.000000
0.000000
0.000000
0.000000
0.000000
-0.006085
-0.009229
0.030486
-0.018827
0.000000
-0.021581
0.002648
0.000828
0.000000
-0.000222
0.001900
-0.001225
0.000000
0.000000
0.000000
0.000000
0.000000
-0.007076
0.024155
0.008973
0.000000
0.000000
0.002174
0.000000
0.000000
0.000000
0.000000
0.000954
-0.000328
0.001042
-0.008603
-0.001461
-0.007270
-0.020605
-0.002167
0.000987
0.000000
0.000000
-0.003178
0.000000
0.000000
0.002472
0.019681
-0.002405
0.000000
0.000000
0.000000
0.000000
0.000000
0.000000
0.000000
0.000000
0.000000
0.000000
0.000000
0.000000
0.010547
0.004644
-0.012102
-0.007629
0.000000
0.000000
-0.000060
0.004442
-0.004112
0.000000
0.001110
0.000000
-0.002956
0.004788
-0.007197
-0.005644
0.000000
0.000000
0.000000
0.000000
0.000000
0.000000
-0.001966
-0.003638
-0.014285
0.000401
-0.007939
0.000000
-0.008409
-0.003209
-0.007954
0.001191
0.003679
0.000000
-0.006722
-0.003090
0.000000
0.000000
0.000000
0.000000
0.003666
0.000000
-0.002222
0.000000
0.000000
0.000000
-0.004427
0.004780
-0.005232
0.003208
0.002748
0.000000
0.000907
-0.006602
0.000000
0.001867
0.000000
0.004934
-0.007126
0.000000
0.000000
0.000000
-0.015522
-0.005939
-0.001608
0.000000
0.000896
-0.001326
-0.001522
0.006302
-0.002355
0.000000
-0.000800
-0.013110
0.003404
-0.001526
0.000000
0.000000
0.002696
0.001364
-0.007525
-0.004065
-0.002482
-0.018073
-0.016511
0.000000
0.006905
0.024181
-0.003341
-0.006040
-0.012923
-0.004289
-0.013045
0.001291
0.003405
-0.002884
0.000000
0.000000
0.000000
0.000000
0.000000
0.001253
-0.001067
0.008546
0.000000
0.003057
-0.028836
-0.005682
-0.004432
0.000000
0.027601
-0.003065
-0.010063
-0.002145
0.000000
-0.006641
-0.011712
-0.000154
-0.002672
-0.004357
-0.009525
-0.025253
-0.000233
-0.010534
0.004024
-0.008422
0.003973
-0.014639
0.000000
-0.002890
-0.010276
0.000000
0.000000
0.007770
0.000000
0.000000
0.000000
0.000000
0.000000
0.006267
-0.003040
-0.004473
-0.020635
-0.008700
-0.002446
0.000000
0.000000
-0.004646
0.000459
-0.024309
-0.003461
0.000000
0.000000
0.000000
0.000000
0.000000
0.000000
0.000000
0.000000
0.000000
0.000000
-0.000126
0.000000
0.000000
-0.000105
-0.011701
0.010692
0.020984
0.000000
0.000000
0.000000
0.000000
0.000000
0.000000
0.000000
0.000000
0.000000
0.000000
0.000000
0.000000
0.000000
-0.001490
0.000000
0.000000
0.000000
0.029399
0.000000
-0.012902
0.009613
-0.001142
0.000000
0.000000
0.000000
0.000000
0.000000
0.000000
0.000328
0.000782
-0.010947
0.000185
-0.000738
0.000000
0.000000
0.000000
-0.013176
0.001700
0.011090
0.047728
0.008662
-0.001160
0.000000
0.000000
-0.005287
0.000000
0.000000
0.000000
0.000000
0.000000
0.000000
0.000000
0.000666
0.000000
0.000000
-0.001024
-0.005974
0.000000
0.000000
0.000000
0.000000
0.000000
0.000000
0.000000
0.000000
0.000000
0.000000
0.009493
0.000000
0.000000
0.000000
0.000000
0.000000
0.000000
0.000000
0.000000
0.000000
0.000000
0.000000
0.000000
0.000000
0.000000
-0.000166
0.001929
-0.010534
0.000000
0.001963
0.000000
0.006561
0.000000
0.000000
0.000000
0.000000
-0.001127
0.000000
0.000000
0.000000
0.000000
0.000000
0.000000
-0.004182
0.002115
0.012741
0.000927
-0.004102
0.000000
-0.007747
0.011229
-0.002898
0.000000
0.000000
0.000000
0.000000
0.000000
0.000000
0.000000
0.000000
0.000000
0.007922
0.000000
0.000000
0.000000
0.000000
0.000000
0.007301
0.009871
-0.002795
0.000000
0.037161
-0.005789
0.000000
-0.002157
0.002913
-0.008683
0.000000
0.000000
-0.002266
0.000000
0.000000
0.029882
-0.006854
-0.009576
0.006556
-0.005806
0.000000
-0.003356
0.003307
-0.004288
0.006037
-0.006581
-0.004359
0.013206
-0.001047
0.000000
0.000000
0.000000
0.000000
-0.002246
-0.000572
-0.009887
0.015279
-0.013502
0.030595
-0.002341
0.003339
-0.004995
-0.016250
0.000000
0.000000
-0.002751
0.000000
0.000000
-0.005223
-0.008566
-0.005048
0.076716
0.005427
0.016293
-0.003474
-0.004555
-0.004785
0.000000
0.000000
0.000000
0.000000
0.000000
0.001692
0.000000
0.000000
0.006625
-0.001533
0.010071
-0.003527
-0.002921
-0.009609
0.006828
0.000000
-0.004537
0.000000
0.000000
0.000000
-0.003606
-0.009293
-0.005542
0.011878
0.000000
0.000000
0.000000
0.000000
0.000000
0.000000
0.000000
0.000000
0.000000
0.000000
0.000000
0.000000
0.000000
0.000000
0.000000
0.000000
0.000000
0.000000
0.000000
0.000000
0.000000
0.000000
0.000000
0.000000
0.000000
0.000000
0.000000
0.000000
0.021056
0.000000
0.000000
0.000000
0.000000
0.000000
0.000000
0.000000
0.000000
0.000000
0.000000
0.000000
0.000000
0.000000
0.000000
0.000000
0.000000
0.000000
0.000000
0.000000
0.000000
0.000000
0.000000
0.000000
0.000000
0.000000
0.000000
0.000000
0.000000
0.000000
0.000000
0.000000
0.000000
0.000000
0.000000
0.000000
0.001631
-0.005623
-0.008407
0.000000
0.000000
0.000000
0.000566
0.000000
0.000000
-0.003405
0.000000
0.000000
0.000000
-0.003972
-0.006554
-0.005500
0.003133
-0.004850
0.002174
0.000000
-0.014624
0.003977
-0.000442
0.002398
-0.009023
0.002398
0.000000
0.000000
0.000000
0.000000
0.000000
0.000000
0.000000
0.000000
0.000000
0.000000
0.000000
0.000000
0.000000
0.000000
0.000000
0.000000
0.000000
0.000000
-0.006603
0.006332
-0.003413
0.000000
0.000000
0.000000
0.000000
0.000000
0.000000
0.000000
0.000000
0.000000
0.000000
0.000000
0.000000
0.000000
0.000000
0.000000
0.000000
0.000000
0.000000
0.000000
0.000000
0.000000
0.000000
0.000000
0.000000
0.000000
0.000000
0.000000
0.000000
0.000000
0.000000
0.000000
0.000000
0.000000
0.000000
0.000000
0.000000
0.000000
0.000000
0.000000
0.000000
0.000000
0.000000
0.000000
0.000000
0.000000
0.000000
0.000000
0.000000
0.000000
0.000000
0.000000
0.000000
0.000000
0.000000
0.000000
0.000000
0.000000
0.000000
0.000000
0.000000
0.000000
0.000000
0.000000
0.000000
0.000000
0.000000
0.000000
0.000000
0.000000
0.000000
0.000000
0.000000
0.000000
0.000000
0.000000
0.000000
0.000000
0.000000
0.000000
0.000000
0.000000
0.000000
0.000000
0.000000
0.000000
0.000000
0.000000
0.000000
0.000000
0.000000
0.000000
0.000000
0.000000
0.000000
0.000000
0.000000
0.000000
0.000000
0.000000
0.000000
0.000000
0.000000
0.000000
0.000000
0.000000
0.000000
0.000000
0.000000
0.000000
0.000000
0.000000
0.000000
0.000000
0.000000
0.000000
0.000000
0.000000
0.000000
0.000000
0.000000
0.000000
0.000000
0.000000
0.000000
0.000000
0.000000
0.000000
0.000000
0.000000
0.000000
0.000000
0.000000
0.000000
0.000000
-0.014444
-0.001192
0.000000
0.008826
0.000000
0.000000
0.067151
0.000000
0.000000
-0.002374
0.000669
-0.010913
-0.009096
-0.007766
-0.002271
0.003350
0.007720
0.000000
0.000000
0.000000
0.000000
0.000000
0.000000
0.000000
0.000000
0.000000
0.000000
0.000000
0.000000
0.000000
-0.030023
-0.011221
0.000000
0.000000
0.000000
0.000000
0.000000
0.000000
-0.009256
-0.004303
-0.012865
-0.007669
0.010543
-0.000420
-0.018393
0.000000
0.012492
0.000000
0.000000
-0.011346
-0.008960
-0.002348
0.001468
0.019224
-0.007537
-0.003099
-0.004369
-0.010437
-0.006019
-0.001347
-0.005750
-0.002180
-0.000316
0.000000
0.000000
0.000000
0.000000
0.000000
0.000000
0.000000
0.000000
0.000000
0.000000
0.000000
0.000000
0.000000
0.000000
0.000000
0.000000
0.000000
0.000000
0.000000
0.000000
0.000000
0.000000
0.000000
0.000000
0.000000
0.000000
0.000000
0.000000
0.000000
0.000000
0.000000
0.000000
0.000000
0.000000
0.000000
0.000000
0.000000
0.000000
0.000000
0.000000
0.000000
0.000000
0.000000
0.000000
0.000000
0.000000
0.000000
0.000000
0.000000
0.000000
0.000000
-0.000506
0.000000
0.013137
0.011583
-0.003503
-0.020618
-0.000757
-0.013549
-0.007474
-0.005285
0.000000
0.000000
-0.001341
0.002813
-0.014268
0.014979
-0.006434
0.004769
0.000638
-0.001309
0.004362
0.000000
-0.003109
0.004260
0.002454
-0.009618
0.000000
-0.003572
0.003942
-0.000574
-0.000630
-0.006744
0.006828
-0.000195
0.002750
0.005123
0.003791
-0.004888
0.000000
0.000986
-0.011344
0.010507
0.000041
-0.004737
0.000000
0.016895
-0.010801
0.000000
0.000000
0.000000
0.000000
-0.013327
0.000000
0.000000
0.000000
0.000000
0.000000
0.000000
0.000000
0.000219
0.000546
-0.001376
-0.002797
0.000000
-0.000064
0.003489
0.007421
0.013183
-0.007520
-0.005771
-0.009934
0.000000
-0.025755
-0.007198
0.000000
0.002719
-0.017466
-0.000814
-0.000185
0.000000
0.003011
0.002293
0.000000
0.000000
-0.004644
-0.005945
-0.001654
-0.000238
0.001585
-0.001096
-0.000724
0.000000
0.000000
0.000000
-0.005869
-0.004739
-0.022801
0.000000
-0.007369
0.000733
-0.016136
0.053951
0.001953
0.000000
0.000000
0.000000
0.000000
0.000000
0.000000
0.000000
0.000000
0.000000
0.000000
0.000000
0.000000
0.000000
0.000000
0.000000
0.000000
0.000000
0.000000
0.000000
0.000000
0.000000
0.000000
0.000000
0.000000
0.000000
0.000000
0.000000
0.000000
0.000000
0.000000
0.000000
0.000000
0.000000
0.000000
0.000000
0.000000
0.000000
0.000000
0.000000
0.000000
0.000000
0.000000
0.000000
-0.015199
-0.004159
0.101568
0.003738
0.000000
0.005044
-0.006521
-0.002999
0.000000
0.000000
0.000000
0.000000
0.000000
0.000000
0.000000
0.000000
0.000000
0.000000
0.000000
0.000000
0.000000
0.000000
0.000000
0.000000
0.000000
0.000000
0.000000
0.000000
0.000000
0.000000
-0.011477
0.003116
0.002270
-0.012699
0.000991
-0.002495
0.000000
0.001292
0.000000
0.000000
0.000000
-0.001143
-0.000989
0.003346
0.004498
0.012914
0.000484
-0.005910
-0.031040
0.000000
0.000000
0.000000
-0.000623
-0.003511
0.000000
0.000000
0.000000
0.000000
0.000000
0.000207
-0.013985
-0.019550
-0.006375
0.000000
0.000000
-0.006030
-0.003082
-0.007096
-0.008150
-0.000827
0.000000
0.000000
0.000000
-0.016379
0.009716
0.002680
0.000000
-0.006489
-0.011725
0.003892
0.015434
-0.006575
-0.008638
0.000000
0.000000
-0.004503
-0.007526
-0.004312
0.000000
-0.010319
0.002396
0.009136
-0.023766
-0.019028
-0.007682
0.001619
0.000000
0.000000
0.007717
0.006284
0.000000
0.000000
0.000000
0.000000
0.000000
0.000000
0.000000
0.000000
0.000000
0.000000
0.000000
0.000000
0.000000
0.000000
0.000000
0.000000
0.000000
0.000000
0.000000
0.000000
0.000000
0.000000
0.000000
-0.003647
0.000000
0.000000
0.000000
0.000435
0.003835
0.000000
0.000000
-0.002287
0.000000
0.001752
0.000000
0.003399
0.001113
0.000000
0.000000
0.000000
0.002669
0.000509
0.000920
-0.005700
-0.006678
-0.003442
0.018128
-0.009109
0.000788
0.000000
0.000000
0.000000
-0.018075
0.022451
0.017041
-0.002474
0.000000
0.000000
0.000000
0.062409
-0.008857
-0.013484
-0.005908
0.000000
-0.014059
-0.003349
0.095512
0.089993
0.035245
-0.003795
-0.004231
-0.004971
-0.001011
-0.003999
-0.001205
0.000000
0.000000
0.000000
0.000000
0.000000
0.000000
0.002412
-0.002302
0.000000
-0.010375
0.047805
0.000000
0.000000
0.000000
0.000000
-0.005685
0.009272
-0.006370
-0.010736
0.005858
-0.004116
0.000000
0.000000
-0.000932
0.000000
-0.006597
0.004758
-0.008323
0.000465
-0.014024
-0.000937
0.000000
-0.002700
0.000000
0.002154
0.001364
-0.013581
-0.002098
-0.010030
-0.003734
0.008907
-0.026048
-0.004090
-0.006611
-0.012466
0.000000
-0.007280
-0.007890
-0.000773
-0.004495
-0.000173
0.017140
0.018387
0.090038
-0.016202
-0.010587
0.000000
0.000000
-0.008366
-0.015020
-0.017355
-0.003755
0.000000
0.000000
0.000000
-0.008221
0.000000
0.000000
0.040789
-0.003419
0.007969
-0.009412
-0.005490
-0.000925
0.000000
0.000000
0.000000
0.000000
-0.000351
0.001587
0.001433
-0.012629
0.000154
0.000000
0.016060
0.000956
0.000000
0.000000
0.002388
0.000000
0.000000
0.000000
0.001366
0.002798
-0.000714
-0.012542
-0.007119
0.001931
-0.000794
-0.009331
-0.003133
-0.013878
-0.010399
-0.000963
0.005438
0.023554
-0.002329
-0.001210
-0.002778
0.000000
0.000000
0.000000
0.000000
0.000000
0.002229
0.002697
0.084704
-0.006975
-0.022727
-0.041588
0.000000
-0.004065
0.000000
0.000000
-0.010033
-0.001767
0.003471
-0.005408
0.000000
-0.001346
-0.002360
0.003996
-0.009454
-0.003268
0.000000
0.000000
0.000000
0.000000
0.000000
0.000000
0.000000
0.000000
0.000000
0.000000
0.000000
0.000000
0.000000
0.000000
0.000000
0.000000
0.000000
0.000000
0.000000
0.000000
0.000000
0.003543
0.000000
0.003116
0.001642
-0.003219
0.009435
0.000000
0.000000
0.000000
0.000000
0.000000
0.000000
0.000000
0.000000
0.000000
0.000000
0.010329
0.072003
0.000000
0.003372
-0.010149
0.024685
-0.000614
0.001828
-0.007071
0.000000
0.000000
0.000000
0.000000
-0.003223
0.031084
-0.012733
0.000000
0.000000
0.000000
0.029375
-0.002862
0.011115
-0.007864
0.000000
-0.008610
-0.010520
0.000000
-0.022386
0.006205
0.000300
-0.015522
-0.017750
-0.001492
0.000357
0.000000
-0.002184
0.000000
0.000000
0.000000
0.000000
0.000000
0.000000
0.000000
0.000000
0.000000
0.000000
0.000000
0.000000
0.000000
0.002040
0.002352
-0.003808
0.000000
0.000000
0.000000
0.000000
-0.004846
0.000000
-0.001116
0.000000
0.000000
0.000000
0.000000
0.000000
0.000000
0.000000
0.000000
0.000000
0.000000
0.000000
0.000000
-0.005177
-0.001475
0.000000
-0.004769
0.000000
-0.011302
-0.002150
-0.012887
-0.005335
0.000000
-0.006311
-0.059066
0.009347
-0.006634
-0.002946
-0.002266
0.000000
0.000000
0.000000
-0.001818
0.000019
0.000000
-0.007850
0.000000
0.000000
0.000000
-0.009738
-0.009322
-0.006966
0.000000
-0.002936
0.025919
-0.008896
-0.006698
0.000000
0.024381
0.000000
0.000000
0.009025
0.000000
-0.014074
-0.009660
-0.003467
-0.004269
0.000159
0.000000
0.000000
0.000000
0.000000
0.000000
0.000000
0.000000
0.000000
0.000000
0.000000
0.000000
0.000000
0.000000
0.000000
0.000000
0.000000
0.000000
0.000000
0.000000
0.000000
0.000000
0.000000
0.000000
0.000000
0.000000
0.000000
0.000000
0.000000
0.000000
-0.009924
0.015719
0.001799
0.000000
0.000000
0.000000
0.000000
0.000000
0.000000
0.000000
0.000000
0.000000
0.008331
0.000000
0.000000
0.003869
0.000000
0.000000
-0.006434
0.002568
-0.004650
0.037485
-0.004628
-0.005240
-0.006909
-0.024658
0.019161
0.008913
-0.000986
-0.044090
0.000000
0.002887
0.000000
0.000000
0.000000
0.000000
0.050416
-0.010871
-0.003809
-0.009133
0.000581
0.000000
0.000000
0.000000
-0.000950
0.003792
-0.004523
0.000000
0.000000
0.000000
0.000000
0.000000
0.002129
-0.007141
-0.039653
-0.011273
0.022448
-0.000815
-0.000693
0.005789
-0.005880
-0.002509
0.000000
0.000000
0.000000
0.000000
0.000000
0.000000
0.000000
0.000000
0.000000
0.000000
0.000000
-0.007771
0.000000
0.000000
0.000000
-0.003658
0.000000
0.000000
0.001332
0.000000
-0.007205
0.000000
0.058807
-0.011384
0.000000
0.000000
0.000000
-0.000492
0.000000
0.000000
0.000000
0.000000
0.000000
-0.008353
-0.008857
-0.002460
0.000000
0.000000
-0.008710
0.000000
0.000000
0.000000
0.000000
0.000000
0.000358
-0.001478
-0.005555
-0.003757
0.004265
0.000000
-0.002307
-0.022778
-0.003687
-0.012709
-0.001236
-0.000401
-0.003547
0.000000
0.000000
0.000000
0.000000
-0.001232
0.001400
0.000000
0.000000
0.000000
0.000000
0.000000
0.000000
0.000000
-0.015744
0.003932
-0.003224
-0.005073
-0.006068
-0.004906
0.010527
-0.004125
0.015831
-0.000245
-0.011623
0.000000
-0.011452
-0.010414
0.000000
0.008590
-0.007800
0.000000
-0.009852
0.000000
-0.020674
-0.000537
0.047365
0.000000
0.000000
0.054784
-0.008504
-0.002352
-0.022641
-0.001889
-0.001137
0.000000
0.000000
0.000000
0.000000
0.000000
0.000000
0.000000
0.000000
0.000000
0.000000
0.000000
0.000000
0.000000
0.000000
0.000000
0.000000
0.000000
0.000000
0.000000
0.000000
0.000000
0.000000
0.000000
0.000000
0.000000
0.000000
0.000000
0.000000
0.000000
0.000000
0.000000
-0.007982
0.013458
-0.024946
-0.005463
-0.002090
-0.012174
-0.012557
-0.006614
0.000000
0.000000
-0.002128
-0.000695
-0.005575
-0.011464
-0.014928
-0.001209
-0.019901
0.007125
-0.005140
-0.004220
0.000000
0.000000
0.000000
0.000000
0.000000
0.000000
-0.003111
0.001246
0.011318
0.000000
0.000000
-0.003272
-0.027319
-0.007230
-0.008990
0.000000
0.000000
0.000000
-0.004322
0.000000
0.000000
0.001241
0.000000
-0.020388
0.003573
0.019842
0.000000
-0.007976
-0.010942
-0.003272
0.007852
0.000176
-0.008250
-0.000875
-0.007401
-0.002024
-0.002929
-0.007139
-0.001861
0.012131
-0.002689
-0.002263
-0.001737
-0.004537
0.003724
0.000000
-0.001706
0.000000
-0.006487
0.056502
-0.003436
0.029830
0.014004
-0.003779
-0.028021
-0.007700
-0.002915
-0.003195
-0.001812
0.000000
0.000000
-0.016987
-0.004152
-0.003283
0.006369
0.000000
0.000000
0.000000
-0.018975
0.001566
0.009011
-0.001665
-0.000934
0.001466
0.105059
0.168609
0.000000
-0.013097
0.003061
-0.006948
-0.010645
0.003959
0.000000
0.000000
0.000000
-0.005946
-0.000724
-0.012435
-0.007023
0.010273
0.012933
-0.004959
-0.013724
-0.001307
-0.005510
-0.003719
-0.009836
-0.005295
-0.007025
0.003894
0.000000
0.000000
0.015992
0.002593
-0.004505
-0.002537
0.000000
0.000000
0.000000
0.000000
0.000000
0.000000
0.000000
0.000000
0.000000
0.000000
0.000000
0.000000
0.000000
0.000000
0.001840
0.008075
-0.008006
-0.000974
0.000000
0.000000
-0.018033
-0.006447
-0.004022
0.000000
0.000000
-0.042927
0.010248
0.003186
-0.003377
0.006126
-0.002773
0.000000
0.000000
0.000000
0.000000
-0.007849
0.003433
-0.004117
0.004343
0.000000
0.021138
-0.002338
0.000000
0.000000
0.000000
0.000000
0.000000
0.000000
0.000000
0.000000
0.000000
0.000000
0.000000
0.000000
-0.008442
-0.004541
-0.003566
-0.006282
0.000000
0.004057
-0.000333
-0.004696
0.003930
-0.004082
0.017043
-0.002231
-0.005256
-0.000450
-0.000495
0.000000
0.000000
0.000000
-0.010302
-0.017707
0.000000
-0.018704
0.000000
-0.001288
0.000000
-0.015575
-0.010244
-0.000648
-0.002553
0.000000
0.000000
0.011521
0.000000
0.020017
0.002088
-0.010683
-0.003490
0.051557
-0.011954
-0.005317
0.000000
0.000000
0.000000
0.000000
0.000000
0.000000
0.000000
0.000000
0.000000
0.000000
0.000000
0.000000
0.000000
-0.011332
-0.004592
0.000000
0.000000
0.000000
-0.016474
0.005315
0.000000
0.001566
0.000000
0.000000
0.000000
0.000000
0.000000
0.000000
0.000000
0.000000
0.000000
0.000000
0.000000
0.000000
0.000000
0.000000
0.000000
0.000000
0.000000
0.000000
0.000000
0.000000
0.000000
0.000000
0.000000
0.000000
0.000000
0.000000
0.000000
0.000000
0.000000
0.000000
0.000000
0.000000
0.000000
0.000000
0.000000
0.000000
0.000000
0.000000
0.000000
0.000000
0.000000
0.000000
0.000000
0.000000
0.000000
0.000000
0.000000
0.000000
0.000000
0.000000
0.000000
0.000000
0.000000
0.000000
0.000000
0.000000
0.000000
0.000000
0.000000
0.000000
0.000000
0.000000
0.000000
0.000000
0.000000
0.000000
0.000000
0.000000
0.000000
0.000000
0.000000
0.000000
0.000000
0.000000
0.000000
0.000000
0.000000
-0.002447
-0.003278
0.000000
0.002368
-0.006726
-0.001961
-0.005676
0.000000
0.006654
-0.009692
-0.011083
-0.004117
0.000000
0.000000
0.007665
0.018667
-0.005524
-0.001431
-0.007711
-0.033998
-0.000372
-0.000355
0.000358
0.000000
0.000000
0.000000
-0.000483
0.002073
0.000000
0.000000
0.000000
-0.007180
-0.001564
0.000000
0.000000
0.115016
-0.002322
0.007204
0.000000
0.000534
-0.014527
-0.004924
-0.018743
-0.015864
-0.013554
0.000931
-0.007062
-0.007136
-0.009161
0.000000
0.000000
0.000000
0.000000
0.000000
0.000000
0.000000
-0.002080
0.000479
0.000000
-0.012840
-0.001268
0.000000
0.000000
0.000000
0.033383
0.013199
0.000000
-0.003674
-0.002305
0.000000
-0.011086
-0.003673
-0.004388
-0.001211
0.000000
0.000000
0.017606
0.000000
0.000000
0.000000
0.000000
0.000000
0.000000
0.000000
0.000000
0.000000
0.000000
0.000000
0.000000
-0.003356
0.000000
0.000000
0.000000
0.000000
0.000000
-0.007208
0.003586
0.001244
-0.000982
-0.008323
-0.014485
-0.011043
-0.004717
-0.000843
0.006354
0.000000
-0.004808
-0.008017
-0.029236
0.000927
0.000000
-0.007987
-0.036784
-0.002186
0.002127
0.009432
0.000000
0.000000
0.000000
0.000000
0.000000
0.000000
0.000000
0.000000
0.000000
0.000000
-0.005469
-0.013357
0.000029
0.003256
0.000000
0.000000
0.000000
0.046449
0.004408
-0.003938
0.011040
-0.004454
-0.001782
0.000153
0.000000
-0.007150
0.013000
0.002569
0.000000
0.000000
0.000000
0.000000
0.000000
0.000000
0.000000
0.000000
0.000000
0.000000
0.000000
0.000000
0.000000
0.000000
0.000000
0.000000
0.000000
0.000000
0.000000
0.000000
0.000000
0.000000
0.005497
0.000000
0.023107
0.000000
-0.006729
0.004720
0.004062
0.033369
-0.000654
0.000000
0.000000
0.000000
0.000000
0.000000
0.000000
0.000000
0.002430
0.000000
0.000000
0.000000
0.000000
0.000000
0.056127
-0.002151
-0.004497
0.000000
0.000000
-0.001271
0.008522
0.003419
-0.003381
0.000000
-0.004077
0.000000
-0.014941
0.006150
0.001490
0.000000
0.000000
-0.004778
-0.000338
0.001393
0.000000
0.011115
0.088539
0.185095
-0.005296
0.001691
0.000000
0.000000
0.000000
0.000000
0.000000
0.000000
0.000000
0.000000
0.000000
0.000000
0.000000
0.000000
0.000000
0.000000
0.000000
0.000000
0.000000
0.000000
0.000000
0.000000
0.000000
0.000000
0.000000
0.000000
0.000000
0.000000
0.000000
0.000000
0.000000
0.000000
0.000000
0.000000
0.000000
0.000000
0.000000
0.000000
0.000000
0.000000
0.000000
0.000000
0.000000
0.000000
0.000000
0.000000
0.000000
0.000000
0.000000
0.000000
0.000000
0.000000
0.000000
0.000000
0.000000
0.000000
0.000000
0.000000
0.000000
0.000000
0.000000
0.000000
0.000000
0.000000
0.000000
0.000000
0.000000
0.000000
0.000000
0.000000
0.000000
0.000000
0.000000
0.000000
0.000000
0.000000
0.000000
0.000000
0.000000
0.000000
0.000000
0.000000
0.000000
0.000000
0.000000
0.000000
0.017201
0.000000
0.000000
-0.011975
-0.006274
-0.000364
-0.003425
-0.006251
0.000000
0.002212
-0.038091
0.000000
0.000000
0.000000
0.000000
0.000000
0.000000
0.000000
0.000000
0.000000
0.000000
0.000000
0.000000
0.000000
0.000000
0.000000
0.000000
0.033123
-0.020703
-0.003801
0.000000
0.000000
-0.000163
0.000000
-0.013245
-0.000090
0.028666
0.010140
0.006715
-0.010163
-0.000895
0.000000
0.000000
0.000000
0.000000
-0.029902
-0.003941
-0.000555
0.000000
0.000000
0.000000
0.000000
0.000000
0.000000
0.000000
0.000000
0.000000
0.000000
0.000000
0.000000
0.000000
0.000000
0.000000
0.000000
0.000000
0.000000
0.000000
0.000000
0.000000
0.000000
0.000000
0.000000
0.000000
0.000000
0.000000
0.000000
0.000000
0.000000
0.000000
0.000000
-0.001354
-0.003054
0.000000
0.000000
0.000000
0.000000
0.000000
0.000000
0.000000
0.000000
0.000000
0.000000
0.025881
-0.000623
0.001076
0.000000
0.000000
0.000000
0.000000
0.041406
0.000000
0.000000
0.000000
0.035435
0.000000
0.000000
0.000000
0.000000
0.000000
0.000000
0.000000
0.000000
-0.024674
-0.006679
-0.003738
-0.014961
-0.003418
0.000000
-0.005408
-0.018754
0.000000
0.000000
0.000000
0.000000
0.000000
0.000000
0.000000
0.000000
0.000000
0.000000
0.000000
0.000000
0.000000
0.000000
0.000685
-0.002208
0.006553
-0.008839
-0.012415
0.006716
0.000831
0.000000
0.000000
-0.004900
-0.007280
0.000000
0.009649
0.006628
-0.009699
0.000000
-0.002595
-0.001278
0.001004
-0.005566
-0.008541
-0.006236
0.005259
-0.015687
-0.007374
-0.009834
-0.016114
-0.006768
0.000000
0.000000
-0.003303
0.000000
-0.012990
-0.011572
-0.001190
0.000000
0.000000
0.000000
0.000000
0.000000
0.000000
-0.004238
0.000000
0.000000
0.000000
0.000000
0.000000
0.000000
0.000000
0.000000
0.000000
0.000000
0.000000
0.000000
0.000000
0.000000
0.000000
-0.002542
0.002113
0.000000
-0.005676
-0.007909
-0.007336
-0.002685
0.000000
-0.002605
0.038169
0.004251
0.000000
0.000000
0.000000
0.000000
0.000000
0.000000
0.000000
0.004263
0.000000
0.000000
-0.001981
0.000000
0.000000
0.000000
0.000000
0.000000
0.000000
0.000000
0.000364
-0.011998
0.002441
0.000000
-0.000878
0.009795
-0.015457
-0.002372
-0.001205
0.021596
0.000000
0.000000
0.000000
0.000000
-0.000342
-0.007489
-0.013993
-0.006641
0.009796
0.000038
0.064660
0.044348
-0.005679
0.013482
-0.007420
-0.003187
-0.013897
0.002856
-0.004091
0.000000
-0.005390
0.002018
0.000219
-0.008538
-0.000771
0.003993
0.000000
0.000000
0.000000
0.000000
0.000000
-0.011974
0.003510
0.000983
0.001042
0.008069
0.000788
0.000000
-0.015865
0.000272
0.000000
0.000000
0.002448
0.000000
0.002556
0.003267
0.000000
-0.000458
0.000000
0.000000
0.000750
-0.017452
-0.003159
-0.002683
0.070491
0.000000
0.000000
0.000000
-0.001871
0.000000
0.000000
0.000000
0.000415
-0.003377
-0.004865
-0.021974
0.000000
0.000000
0.000000
-0.018014
-0.006815
0.000000
0.000000
0.000000
0.001534
0.002084
-0.005344
0.000000
0.001979
-0.002085
0.000000
0.000000
0.000000
0.000000
0.000000
0.000000
0.000000
0.000000
0.000000
-0.004895
0.000770
0.000989
-0.012290
-0.005883
-0.002503
-0.003047
0.000000
0.000000
0.000000
-0.019329
0.002500
0.000000
0.000000
0.000784
0.003752
0.004680
-0.006472
-0.003017
0.033874
0.000000
0.000000
0.000000
0.000000
0.007635
-0.004855
0.000000
0.000000
0.000000
-0.003990
-0.000871
-0.004758
0.000000
0.000000
0.000000
0.000000
0.003146
0.002585
-0.000119
-0.004259
-0.002932
0.000000
0.000000
0.000000
0.003099
-0.004921
0.000000
-0.004110
-0.004477
-0.001395
-0.004428
-0.002012
-0.001541
0.000000
0.000000
0.000000
0.000000
0.000000
-0.011366
0.000000
0.000000
-0.002430
0.002550
-0.000077
0.006004
-0.006847
-0.005507
-0.010202
0.004820
-0.014887
0.047124
-0.001638
0.000545
-0.011460
-0.013692
-0.003358
0.001622
0.068299
0.004236
-0.001934
-0.005046
-0.006505
0.007068
0.000000
0.000000
0.000000
-0.004462
-0.005138
-0.003735
-0.003504
-0.001798
-0.010530
0.004451
0.006280
-0.007493
0.003101
-0.013392
0.000000
0.000000
0.000000
0.000000
0.009979
-0.002681
0.000000
0.000000
0.000000
0.000000
0.000000
-0.001888
-0.003647
-0.001781
-0.008296
0.016153
0.000000
0.000000
0.029513
0.064247
0.000202
0.024347
0.001236
0.016575
-0.003487
0.000000
0.000000
0.000000
0.001417
-0.000403
-0.009854
0.000000
0.000000
-0.009686
-0.005208
-0.006226
-0.002081
0.003187
-0.011184
-0.001161
0.000000
-0.003695
0.000000
0.000000
0.003722
-0.004269
0.000000
0.000000
0.000000
0.025882
-0.003360
0.010827
-0.005396
0.000000
0.005700
-0.014338
0.002521
0.067560
-0.009862
-0.001719
-0.003328
0.000000
0.012650
0.020890
0.000000
0.048702
0.000000
-0.003789
0.062650
0.053033
0.096624
0.005289
0.001588
-0.000682
-0.000913
0.000000
-0.001010
0.000000
-0.006031
-0.013181
-0.004998
-0.001016
0.010080
-0.001500
0.027273
0.009173
-0.004465
-0.008377
0.000000
-0.014790
0.037651
0.001933
-0.020641
-0.010254
0.007515
-0.003930
0.000000
0.000000
0.000000
0.000000
0.000000
-0.003496
0.003110
0.000000
-0.016219
0.001011
-0.015160
-0.008084
0.000000
-0.011855
-0.013851
-0.004199
-0.005515
-0.010413
0.010266
0.000620
-0.000582
-0.001842
0.121793
-0.004328
-0.004320
-0.004621
0.000000
0.000000
0.000000
0.020272
0.001678
0.003143
-0.000950
-0.006607
-0.008911
-0.007129
0.000000
0.000000
0.000000
0.000000
0.000000
0.000000
-0.001560
-0.000824
-0.001308
0.000170
0.000000
-0.002358
0.000000
-0.000392
0.000000
0.000000
0.003742
-0.000554
0.000000
0.000000
0.000000
0.000000
0.020018
0.000000
0.000000
-0.005271
-0.002225
0.000000
-0.018726
-0.000032
-0.001505
-0.000207
-0.006868
0.000000
0.000000
0.001165
0.000000
-0.009543
-0.002244
-0.001123
-0.044536
-0.002127
-0.004636
0.006304
-0.015984
0.012802
0.000000
-0.003349
0.012538
0.000224
-0.003831
0.015633
0.000999
0.000000
0.000000
0.000000
0.000000
0.000000
0.000000
0.000000
0.000000
0.000000
0.000000
0.000000
0.000000
-0.011223
-0.021274
-0.003128
-0.007273
0.000254
-0.000010
-0.021219
0.004207
-0.025636
-0.028225
-0.015456
0.000000
-0.017005
-0.018225
-0.003527
-0.006251
0.017238
-0.000632
0.000000
0.000000
0.000000
0.000000
-0.006595
-0.002092
-0.001126
-0.028977
0.000000
0.001343
0.025041
0.055681
0.017804
-0.008864
0.009715
0.037638
-0.000361
0.000148
0.000000
-0.031489
-0.000948
-0.002470
-0.006317
-0.015342
-0.007103
-0.000174
-0.000396
-0.003320
-0.004564
0.000000
-0.003205
0.055393
0.000000
0.000000
-0.006143
-0.006070
-0.023382
-0.004975
-0.004379
-0.021042
-0.011002
0.000192
0.000000
0.000000
0.000000
0.000000
0.000000
0.000000
-0.012991
-0.004347
0.001812
-0.018424
-0.005974
0.002657
-0.006907
0.006450
0.000026
-0.011366
-0.005607
0.000000
0.000000
0.000000
-0.005841
-0.000268
-0.000037
0.001299
-0.002283
-0.004795
-0.005798
-0.008102
0.019788
0.060369
-0.013813
0.011624
0.000000
-0.014836
0.012678
-0.000875
0.000810
-0.000366
0.000000
-0.007140
-0.004654
0.000000
-0.003547
0.000000
0.000000
-0.008285
0.000000
-0.007486
0.000000
0.000000
-0.006436
0.000000
0.000000
0.000000
0.000000
0.000000
0.000000
0.000000
0.003355
-0.001652
0.000000
-0.007358
-0.002013
0.000000
0.000074
-0.016238
-0.003286
-0.022774
-0.014047
-0.011891
0.000000
-0.010579
-0.001632
0.000904
0.008613
-0.006453
-0.001927
0.000000
-0.003302
-0.010146
-0.000126
0.000727
-0.001465
-0.001592
0.000000
0.002943
-0.019172
-0.003884
0.011064
0.009951
-0.012416
-0.003298
-0.024108
-0.007135
-0.008518
-0.013375
0.000427
0.004802
0.038179
0.013249
-0.005873
0.000000
0.000000
-0.000729
0.093782
-0.007755
-0.011671
-0.004037
-0.003962
-0.003004
0.057156
0.000516
-0.004515
0.000000
0.000000
0.000000
-0.000942
0.000000
-0.006917
-0.004440
-0.000890
-0.007194
0.000000
-0.004507
0.000000
-0.010600
-0.004798
-0.004243
-0.004752
0.009368
0.002195
0.000000
0.001721
-0.006938
-0.003881
0.001480
-0.003258
0.000000
0.000000
-0.000968
-0.013583
-0.005012
0.141506
0.098644
0.000000
0.000000
0.000385
-0.004921
-0.009386
-0.001088
0.061590
-0.002047
0.011915
0.014634
0.006097
0.008195
-0.004640
0.000000
0.000000
-0.004197
0.000000
0.000000
-0.009425
-0.009234
0.016077
0.026247
0.004852
0.003519
0.000000
-0.005374
-0.005307
-0.019600
-0.001619
0.000000
-0.007716
-0.008655
0.028300
-0.004035
0.001791
-0.007787
-0.054846
0.000000
0.000000
0.010327
-0.017402
-0.004579
-0.001226
0.004874
-0.000498
-0.002558
0.075054
-0.001971
0.125164
0.000000
0.000000
0.118975
0.000000
0.000000
0.005982
-0.005028
-0.001135
-0.000602
0.000000
-0.003194
0.000000
0.000000
0.001100
0.009870
-0.002547
-0.011473
-0.009593
0.001626
0.000000
0.000000
-0.023845
-0.004296
0.001461
-0.008142
0.016608
0.001586
0.030794
0.011999
-0.003495
0.013366
-0.006127
-0.003060
-0.007805
-0.004054
-0.002608
0.009882
-0.002266
-0.005467
0.000000
0.000000
0.000000
-0.007062
-0.006545
-0.005750
-0.000562
0.010270
0.010161
-0.003322
0.002450
0.000000
0.006935
0.000000
0.002218
-0.008814
-0.037428
-0.013442
-0.019023
0.014202
-0.006698
0.000000
0.000000
-0.002846
-0.002386
-0.004226
-0.002294
0.000000
0.000000
0.000000
0.000000
0.000000
0.000000
0.000000
0.000000
-0.000714
-0.008476
0.000000
0.000000
-0.006315
0.000000
0.000000
0.000000
-0.004776
-0.001897
0.000000
0.000000
-0.023019
0.000419
-0.003321
0.001576
-0.015884
0.008683
-0.007710
-0.006516
-0.009855
-0.002447
-0.020138
0.000000
-0.003003
0.008213
-0.012799
-0.005357
-0.001060
-0.003682
-0.007689
0.000202
-0.005839
0.005101
0.000000
0.000000
0.000000
0.000000
-0.010083
-0.004487
0.002584
0.000000
0.002874
-0.005407
-0.002280
0.000000
-0.006020
0.036518
0.027169
0.012943
0.110164
0.000000
-0.003950
-0.007301
0.000000
-0.005928
-0.009340
0.000000
0.000000
-0.001305
-0.003168
-0.015622
-0.007635
-0.024431
-0.007699
-0.002573
0.005641
0.001839
0.019791
0.004871
0.000550
0.000000
0.000000
-0.000240
0.000000
0.000000
0.000000
0.000000
-0.000690
0.000000
-0.008246
-0.021334
0.016983
-0.027761
0.003638
-0.012042
0.350547
0.047706
0.000504
0.002171
-0.017572
0.017240
0.006827
0.000000
0.000000
0.000000
0.000000
0.000000
0.000000
0.000000
0.000000
0.000000
0.000000
0.000000
0.000000
0.000000
0.000000
0.000000
0.000000
0.000000
0.000000
0.000000
-0.005085
0.057180
-0.008632
0.005478
0.000000
-0.005990
-0.019474
-0.003019
-0.002163
-0.009140
-0.003673
-0.004830
-0.007240
0.000000
0.014925
0.047611
-0.012188
-0.013150
-0.005818
0.036727
0.003214
0.006555
0.027329
0.000000
0.000000
0.001506
-0.004814
-0.003964
0.000000
0.000968
-0.011231
-0.005088
0.013612
0.014958
-0.000204
-0.000129
0.009176
-0.006111
-0.023531
-0.008066
0.000000
0.000000
0.000000
0.000000
-0.010002
0.001209
0.000000
0.000000
-0.027470
-0.000383
0.000000
-0.025082
-0.003409
-0.013463
-0.028639
-0.000162
0.005587
-0.005996
-0.007342
-0.011148
-0.010803
0.035919
0.126493
0.000100
0.000000
0.000000
0.000000
-0.000899
-0.019418
-0.000975
-0.016462
-0.015566
0.001848
0.000000
0.000000
0.004976
0.000000
0.000000
-0.007342
0.001148
0.004699
0.008971
0.021158
0.000000
0.000000
0.000000
-0.012975
0.021949
-0.003563
0.000000
-0.006404
0.000000
0.000000
0.000000
-0.015024
-0.007244
-0.000257
-0.002587
0.000272
0.080993
-0.002503
-0.005840
0.000000
0.000000
-0.007225
-0.010537
-0.003682
0.006388
-0.001200
0.001060
0.000339
0.000000
0.000000
0.031351
0.000000
0.000000
0.001638
-0.001845
-0.008579
0.132955
0.000000
0.000000
0.020498
0.000617
0.000000
0.000000
0.000000
0.000000
0.000000
0.014929
0.000000
0.001685
0.001270
0.000000
0.000000
0.000000
-0.003817
-0.007520
0.000000
0.000000
0.000000
0.000000
0.020235
0.004826
-0.003248
0.000000
-0.001064
-0.010798
0.000000
0.000000
0.000000
-0.017738
-0.004008
0.000000
-0.005828
0.000000
0.000000
0.004331
0.001078
0.000000
0.000670
-0.003469
0.006530
-0.006843
-0.000334
0.000000
0.000000
0.000000
-0.003903
0.001795
0.000000
0.001546
0.000000
0.000000
-0.004022
0.000000
0.005626
0.000000
-0.000056
0.000000
-0.003018
-0.006065
-0.000561
-0.009643
-0.010321
0.046790
0.004138
0.022695
0.020339
-0.024146
-0.008346
0.001784
0.006822
-0.002381
0.000000
0.000000
0.000000
0.000000
0.000000
0.000000
0.000000
0.000000
0.000000
-0.014216
0.000000
0.000000
0.000000
0.005044
-0.006002
-0.015768
-0.001892
-0.006022
-0.008680
-0.004894
-0.003324
0.000000
-0.008458
-0.001292
0.000000
0.000000
-0.000302
-0.002477
0.013081
-0.027414
0.000000
0.000000
0.002205
0.000000
0.000000
0.006275
-0.004834
-0.009549
0.000000
0.010396
-0.009578
0.007882
0.020271
-0.001399
-0.009556
-0.002144
0.000000
0.000000
0.000000
0.000000
0.000000
0.008964
0.004357
-0.005633
-0.013800
-0.003569
-0.003820
-0.005903
-0.003280
-0.002136
0.001238
-0.011399
-0.004130
-0.014992
-0.004170
-0.004647
0.002353
0.047133
-0.000292
-0.003875
0.001568
-0.003285
0.000000
0.002212
0.001431
0.000916
0.052628
-0.018069
-0.002059
0.000878
-0.011111
-0.009668
-0.023445
0.000000
-0.011718
0.000000
0.000000
0.000000
0.000000
0.000000
-0.006640
0.007128
-0.002915
-0.007110
0.001631
0.008965
-0.010389
-0.005236
0.000000
-0.001240
0.004524
0.003155
-0.007433
-0.003175
0.000000
0.000000
0.000000
0.000000
0.000000
0.000000
0.000000
0.000000
0.000000
0.001776
-0.003704
-0.009249
-0.005032
-0.002762
-0.007610
0.052946
0.000000
0.000000
0.000000
-0.010549
-0.004892
0.007662
-0.007126
-0.006761
0.056509
0.058295
0.010142
-0.003122
0.000000
0.000000
0.000000
-0.003087
-0.003038
0.000000
-0.001423
0.007327
-0.027638
-0.013552
0.007453
-0.001413
0.000000
-0.006345
-0.000600
0.009627
-0.008331
-0.005417
0.004910
-0.002675
-0.007798
0.002019
0.003270
0.000000
0.002022
0.000000
0.000000
0.000000
-0.022177
0.002108
-0.005747
-0.022226
-0.003617
-0.005275
-0.000632
0.000338
-0.005456
-0.005962
0.000000
0.000000
-0.040155
-0.001476
-0.000372
-0.015778
-0.021120
-0.003556
-0.001798
-0.004325
-0.007667
0.005925
0.132613
0.009135
0.001825
-0.002951
-0.004717
-0.005630
0.000000
0.000000
0.000000
0.000000
0.000000
0.000000
-0.006527
-0.010963
0.007177
0.012154
-0.002714
0.000000
0.000000
0.000000
0.000000
0.000000
0.066765
0.000000
-0.014714
-0.009432
-0.003155
-0.018037
-0.003956
0.000000
0.000000
0.000000
-0.005931
0.000000
0.001632
-0.005884
-0.018208
0.021080
-0.012512
-0.007686
-0.021709
-0.001880
-0.002448
-0.004761
0.004820
0.002394
-0.014491
0.000000
-0.002452
-0.007410
-0.004130
-0.003852
0.000000
0.000000
0.000000
0.000000
0.000000
0.000000
0.000000
-0.003403
-0.005110
-0.002341
0.000000
0.000000
0.000000
-0.002874
-0.004507
0.000000
0.000000
-0.010092
-0.003852
0.001819
-0.001083
0.001181
0.000838
0.000000
0.000000
0.004429
0.087739
0.000295
-0.009288
0.000000
0.000000
-0.012279
-0.008086
0.009269
0.001268
0.005030
-0.003500
-0.008453
-0.007677
0.000198
0.000000
-0.001095
0.000000
0.000000
0.000000
0.000000
0.000000
-0.011043
0.000000
0.003372
-0.002458
0.000000
0.000000
0.000000
0.000000
-0.008749
0.000000
-0.004154
-0.003660
-0.001203
0.000000
0.000000
0.000000
0.000000
0.000000
0.000000
0.000000
0.000000
0.000000
0.000000
0.000000
0.000000
0.000000
0.000000
0.000000
0.001488
-0.002298
0.000000
0.000000
0.000000
0.000000
0.000000
0.000000
0.000000
0.000000
0.000000
0.000000
0.000000
0.000000
0.000000
0.000000
0.000000
0.000000
0.000000
0.000000
0.000000
0.000000
0.000000
0.000000
0.000000
0.000000
0.000000
0.000000
0.000000
0.000000
0.000000
0.000000
0.000000
0.000000
0.000000
0.000000
0.000000
0.000000
0.000000
0.000000
0.000000
0.000000
0.000000
0.000000
0.000000
0.000000
0.000000
0.000000
0.000000
0.000000
0.000000
0.000000
0.000000
0.000000
0.000000
0.000000
0.000000
0.000000
0.000000
0.000000
0.000000
0.000000
0.000000
0.000000
0.000000
0.000000
0.000000
0.000000
0.000000
0.000000
0.000000
0.000000
0.000000
0.000000
0.000000
0.000000
0.000000
0.000000
0.000000
0.000000
0.000000
0.000000
0.000000
0.000000
0.000000
0.000000
0.000000
0.000000
0.000000
0.000000
0.000000
0.000000
0.000000
0.000000
0.000000
0.000000
0.000000
0.000000
0.000000
0.000000
0.000000
0.000000
0.000000
0.000000
0.000000
0.000000
0.000000
0.000000
0.000000
0.000000
0.000000
0.000000
0.000000
0.000000
0.000000
0.000000
0.000000
0.000000
0.000000
0.000000
-0.000379
-0.002950
-0.002012
0.003245
0.000000
0.000000
0.000000
0.000000
0.000000
-0.004510
0.000216
-0.008332
-0.016448
-0.009885
0.000000
-0.006989
0.003213
0.000000
0.000000
0.000000
0.000000
0.000000
0.000000
0.000000
-0.002956
0.000000
-0.004192
0.000000
0.016051
0.000000
0.000000
0.000000
0.000000
0.000000
0.000000
0.000000
0.000000
0.000000
0.000000
0.000000
0.000000
-0.019328
0.001666
0.000000
0.002272
0.000000
0.000000
0.000000
0.000000
0.000000
0.000000
-0.006960
0.000000
0.000000
-0.001939
0.000000
0.000000
-0.003545
0.005182
-0.005325
0.006344
0.000000
0.000000
0.000000
0.000000
0.000000
0.000000
0.000000
0.000000
0.000000
0.000000
0.000000
0.000000
0.000000
0.020523
-0.016279
0.005777
0.000000
0.000000
0.013028
-0.007257
-0.009386
0.000000
0.000000
0.000000
0.000000
0.000000
-0.003190
-0.001634
-0.000828
0.000000
0.000000
-0.004079
0.011178
0.002933
-0.003987
0.002303
-0.004855
0.008497
0.002443
-0.018659
0.000000
0.003746
0.009208
0.003094
0.000000
0.000000
0.000000
0.000000
0.000000
0.000000
0.000000
0.033971
0.000000
0.022477
0.002825
0.000000
0.000000
0.000000
0.006783
0.004281
0.000000
-0.007993
-0.002747
0.000909
0.000000
0.000000
0.000000
0.000000
0.000000
0.000000
0.000000
0.000000
0.000000
0.000000
0.000000
0.000000
0.000000
0.000000
0.000000
0.000000
0.000000
0.000000
0.000000
0.000000
0.000000
0.000000
0.000000
0.000000
0.000000
0.000000
0.000000
0.000000
0.000000
0.000000
0.000000
0.000000
0.000000
0.000000
0.000000
0.000000
0.000000
0.000000
0.000000
0.000000
0.000000
0.000000
0.000000
0.000000
0.000000
0.000000
0.000000
0.000000
0.000000
0.000000
0.000000
0.000000
0.000000
0.000000
0.000000
0.000000
0.000000
0.000000
0.000000
0.000000
0.000000
0.000000
0.000000
0.000000
0.000000
0.000000
0.000000
0.000000
0.000000
0.000000
0.000000
0.000000
0.000000
0.000000
0.000000
0.000000
0.000000
0.000000
0.000000
0.000000
0.000000
0.000000
0.000000
0.000000
0.000000
0.000000
0.000000
0.000000
0.000000
0.000000
0.000000
0.000000
0.000000
0.000000
0.000000
-0.000901
0.000000
0.000000
-0.003162
0.003659
-0.002458
0.000000
-0.003661
-0.003848
-0.005444
-0.002206
0.000000
0.000000
0.000000
0.000000
0.000000
-0.008213
0.001464
0.007736
0.014629
-0.013110
-0.028456
-0.014337
-0.016159
-0.011360
-0.005741
0.006224
-0.006096
-0.027972
0.043497
-0.037776
-0.020692
-0.001134
0.000000
0.000000
-0.009230
-0.003422
0.000000
0.000000
0.008292
-0.011813
0.007962
-0.000544
-0.017469
-0.008592
-0.004279
-0.004146
0.000000
-0.001611
0.000000
0.000000
0.047974
0.029550
-0.010169
-0.002983
-0.006345
0.007834
0.015102
-0.004076
0.000000
0.000000
0.000000
-0.001865
0.000000
0.000000
-0.004894
0.000000
-0.002536
0.003643
-0.001887
-0.010353
-0.008189
0.001536
-0.000972
-0.002220
0.002540
-0.052263
-0.010224
-0.013457
-0.012573
-0.005617
-0.003537
0.000000
0.005468
-0.003394
0.000000
0.000000
0.000000
0.000000
0.000000
-0.002267
0.000000
-0.000943
-0.004851
-0.002691
0.000000
0.000000
0.000000
-0.002976
0.000000
-0.001252
0.000000
0.000000
0.000000
0.000000
0.000000
0.000000
0.000000
0.000000
0.008140
-0.006568
-0.005215
-0.002190
0.131391
0.005016
0.002204
0.006175
-0.008631
0.000000
0.000000
0.000000
0.000000
-0.017459
0.000000
0.000000
0.000000
0.000000
0.000000
-0.019543
-0.009407
0.000000
-0.007585
0.000000
0.000000
0.000000
0.000000
0.000000
0.000000
0.000000
0.000000
0.000000
0.000000
0.000000
0.014465
-0.012761
-0.007051
-0.004691
-0.012194
0.000000
0.000000
0.000000
0.000000
0.000000
0.000000
0.000000
0.000000
0.018840
0.000000
0.000000
0.000000
0.000000
0.000000
0.000000
0.000000
0.000000
0.000000
0.000000
0.000000
0.000000
0.000000
0.000000
0.000000
0.000000
0.000000
0.000000
0.000830
0.000000
-0.004575
0.000000
-0.015631
0.004160
-0.008493
-0.010745
0.000218
-0.000531
0.000000
0.000000
0.000000
0.000000
0.000000
-0.009836
-0.009768
-0.009968
-0.000880
0.001372
-0.000964
-0.021883
0.005936
0.002346
-0.014369
-0.004727
0.001355
-0.005397
-0.006668
-0.000642
-0.005571
-0.011238
-0.010442
0.024489
0.000000
0.001838
-0.005162
-0.006631
-0.004238
0.002000
0.000000
0.008977
-0.001100
0.000000
0.002574
-0.003510
-0.003230
0.000000
0.000000
0.000000
0.000000
0.000000
0.000000
0.005614
-0.012347
-0.007924
-0.004605
0.000000
0.000000
0.000000
0.000000
0.000000
0.000000
0.000000
0.000000
0.000000
-0.016249
-0.007757
0.009677
-0.004256
0.007146
-0.003458
-0.000342
0.000000
0.000000
0.000000
0.000000
0.000000
0.000000
0.000000
0.000000
0.000000
0.000000
0.000000
0.000000
0.000000
-0.006998
0.000000
-0.001659
-0.006932
-0.001088
0.000000
0.000000
0.000000
-0.017123
0.000000
0.000000
0.015229
0.000000
0.035822
-0.001488
0.007326
-0.003528
-0.008909
0.025626
-0.007277
-0.001152
-0.020567
-0.010680
-0.009100
-0.002124
0.003332
0.000000
-0.000988
-0.014458
0.002544
-0.016507
-0.000813
0.006762
0.005970
0.000000
0.000000
0.014573
0.000920
0.015887
0.006484
-0.015012
0.013880
-0.017079
0.018720
0.000000
0.001224
0.110223
0.053461
0.020910
0.026027
-0.004765
0.000000
0.000000
0.000199
0.000000
0.000000
-0.002683
-0.012613
-0.019523
0.000504
0.000000
0.002119
0.000000
-0.003794
-0.000817
0.000000
0.000000
0.000000
0.000000
0.000000
0.000000
0.003944
-0.002952
-0.026632
0.000000
0.000000
-0.010860
0.000151
0.005820
-0.013776
0.000000
0.000000
0.000000
0.000000
0.000000
0.000000
0.000000
0.000000
0.000000
0.000000
0.002933
-0.002418
-0.005964
-0.006878
-0.006511
-0.009860
-0.011291
-0.004772
0.000183
-0.000278
0.000000
0.000000
-0.011011
0.000000
-0.002888
-0.001080
0.000000
0.000000
0.002412
0.000991
-0.004765
-0.001432
0.001014
-0.000993
-0.003405
-0.005609
-0.001447
-0.007437
-0.010296
0.000000
-0.009367
-0.007706
-0.010199
0.000000
0.000000
0.000000
-0.018102
0.001293
0.007114
0.000000
-0.001038
0.000000
-0.000397
-0.007924
-0.000941
0.009367
0.001269
0.016696
0.000000
0.005310
0.005234
0.000000
0.000000
-0.000350
0.007668
0.000000
-0.003241
0.003354
0.198870
0.001789
-0.012744
0.020611
0.000000
0.000139
0.000000
0.000000
0.006444
0.002035
-0.010118
-0.002255
0.000000
0.006460
-0.007678
0.002273
-0.014292
-0.002037
0.000000
0.000000
0.000000
0.000000
0.006757
0.009816
0.001216
-0.001948
0.000000
0.000000
0.000000
0.000000
0.000000
0.000000
0.000000
0.000000
0.000000
0.000000
0.000000
0.000000
0.000000
0.000000
0.000000
0.000000
0.000000
0.000000
0.000000
0.000815
-0.009896
0.000000
0.000000
-0.014063
-0.006283
-0.007620
0.000000
-0.007451
-0.010035
-0.005193
-0.011024
-0.004567
-0.005990
-0.008522
0.006381
-0.004937
-0.015152
-0.001676
0.000000
0.000000
0.000000
0.000037
0.000000
0.000000
0.000000
0.000000
-0.002965
-0.000677
0.000250
-0.000488
-0.013179
-0.001245
0.000000
0.000000
0.000000
0.000000
0.000000
0.000000
0.000000
0.000000
0.000000
0.000000
0.000000
0.000000
0.000000
0.000000
0.000000
0.006525
-0.063116
-0.003439
0.000000
0.000000
0.000000
0.000000
0.000000
0.000717
0.000000
0.000000
0.000000
0.004567
0.000087
-0.005657
-0.009111
0.005252
-0.000097
-0.008056
0.000000
0.000000
0.000000
0.000000
0.000000
0.000000
0.000000
0.000000
0.000000
0.000000
0.000000
0.000000
0.000000
0.000000
0.000000
0.000060
0.083124
-0.014727
-0.008764
0.004741
-0.004728
0.001590
0.000000
0.000000
0.000000
0.000000
0.000000
0.000000
0.000000
0.000000
0.000000
0.000000
0.000000
0.009044
0.010593
0.000016
0.010644
0.000000
0.000000
0.000000
0.000000
0.012930
-0.007165
-0.025336
0.000000
-0.009599
-0.008227
0.003466
0.000000
-0.014240
-0.003220
-0.003994
-0.003166
-0.007835
-0.019582
-0.004289
-0.000447
0.006330
-0.009550
0.055241
-0.002849
-0.014411
-0.001497
0.000000
0.000000
0.000000
0.000000
0.000000
0.000000
0.000000
0.000000
0.000000
0.000000
0.000000
0.000000
0.000000
0.000000
0.000000
0.000000
0.000000
0.000000
0.000000
-0.008777
-0.007875
-0.014824
-0.011560
0.009945
0.002252
0.000000
0.000000
0.001110
0.000000
0.000000
0.000000
0.002337
0.000000
-0.008625
0.008893
-0.014356
0.010666
-0.006371
-0.005793
-0.002918
0.000000
0.000000
0.000000
0.000000
0.000000
0.000000
0.000000
0.003060
-0.005306
0.000000
0.000000
0.043317
-0.003980
0.000000
0.000000
0.000000
0.000000
0.000000
-0.004026
-0.002205
0.000000
0.000000
0.000000
0.000000
0.000000
0.000000
0.000000
0.000000
0.000000
0.000000
0.000000
0.000000
-0.009429
-0.003087
-0.006242
0.016249
0.001899
-0.004570
-0.000847
0.000000
0.000000
-0.007345
-0.000919
0.000000
-0.016000
-0.001138
0.000000
0.000000
-0.013665
-0.004952
0.000000
0.000000
0.000000
0.000000
0.000000
0.000000
0.000000
0.000000
0.000000
0.000000
-0.007782
-0.013216
0.004101
0.000000
-0.018124
0.000062
-0.022762
-0.011782
-0.002865
-0.003662
-0.003757
0.000000
0.000081
0.000000
0.000000
0.000000
0.000000
0.000000
0.000000
0.000000
0.000000
0.000000
0.000000
0.000000
0.000000
0.000000
0.000000
0.000000
0.000000
0.000000
0.000000
0.000000
-0.008807
0.000000
0.003073
0.002934
-0.011092
0.000086
0.000000
-0.012160
-0.009384
0.010438
0.003650
0.000000
0.000000
0.000000
0.000000
0.004078
-0.004706
0.000000
0.000000
-0.013491
0.000166
0.000000
0.004664
0.013595
-0.011914
0.000000
0.000000
-0.018183
0.000000
0.000000
0.000000
0.000000
0.000000
0.000000
0.000000
0.000000
0.008950
0.000000
0.000000
-0.007206
-0.001825
0.009851
-0.004574
0.001756
-0.023088
0.000000
-0.013512
-0.000510
0.000000
0.000000
0.000000
0.000000
0.000000
0.000000
0.000000
0.000000
0.000000
0.000000
0.000000
0.000000
0.000000
0.000000
0.000000
0.000000
0.000000
0.000000
0.000000
0.000000
0.000000
0.000000
0.000000
0.000000
0.000000
0.000000
0.000000
0.000000
0.000000
0.000000
0.000000
0.000000
0.000000
0.000000
0.000000
0.000000
0.000000
0.000000
0.000000
0.000000
0.000000
0.000000
0.000000
0.000000
0.000000
0.000615
0.000814
0.000000
0.000000
0.000000
0.000000
0.000000
0.000000
0.000000
0.000000
0.000000
0.000000
0.000000
0.000000
0.000000
0.000000
0.005179
-0.005671
0.000000
0.000000
-0.003801
-0.029412
0.000000
0.000000
0.000000
-0.010055
0.000000
0.000000
0.000000
0.000000
0.000000
0.000000
0.000000
-0.011014
0.000000
0.004721
0.000000
-0.005663
-0.008759
-0.011368
0.002150
0.007058
0.018303
0.006926
0.000000
0.000000
0.000000
0.000000
0.000000
0.000000
0.000000
0.000000
0.000000
0.000000
0.000000
0.000000
0.000000
0.000000
0.000000
0.000000
0.000000
0.000000
0.000000
0.000000
0.000000
0.000000
0.000000
0.000000
0.000000
0.000000
0.000000
0.000000
0.000000
0.000000
0.000000
0.000000
0.000000
0.000000
0.000000
0.000000
0.000000
0.000000
0.000000
0.000000
0.000000
0.000000
0.000000
0.000000
0.000000
0.000000
0.000000
0.000000
0.000000
0.000000
0.000000
0.000000
0.000000
0.000000
0.000000
0.000000
0.000000
0.000000
0.000000
0.000000
0.000000
0.000000
0.000000
0.000000
0.000000
0.000000
0.000000
0.000000
0.000000
0.000000
0.000000
0.000000
0.000000
0.000000
0.000000
0.000000
0.000000
0.000000
0.000000
0.000000
0.000000
0.000000
0.000000
0.000000
0.000000
0.000000
0.000000
0.000000
0.000000
0.000000
0.000000
0.000000
0.000000
0.000000
0.000000
0.000000
0.000000
0.000000
0.000000
0.000000
0.000000
0.000000
0.000000
0.000000
0.000000
0.000000
0.000000
0.000000
0.000000
0.000000
0.000000
0.000000
0.000000
0.000000
0.000000
0.000000
0.000000
0.000000
0.000000
0.000000
0.000000
0.000000
0.000000
0.000000
-0.013199
-0.011705
0.011668
0.000000
0.000000
0.000000
0.000000
0.000000
0.000000
-0.014877
0.002722
0.049918
-0.006156
-0.031819
0.000000
0.000000
-0.014443
0.007868
0.015909
0.021390
-0.003545
-0.028243
-0.010798
-0.007525
0.038039
0.019743
-0.015893
0.000000
0.000000
0.000000
0.000000
0.021851
-0.004292
-0.002005
-0.001234
0.006079
0.013146
-0.003771
-0.004011
0.002421
-0.005889
-0.002991
-0.001128
-0.001623
0.000834
0.000832
-0.001296
-0.001345
-0.010739
0.002680
0.005745
-0.004004
-0.008374
0.004143
-0.002713
-0.009164
0.012108
-0.014901
-0.010843
0.015546
-0.001751
0.013231
-0.007126
0.000914
-0.003452
0.003768
-0.013487
0.157673
0.000000
0.005318
0.010505
-0.037316
0.000000
0.000000
0.000000
0.000000
0.000000
0.000000
0.000000
0.000000
0.000000
0.000000
0.000000
0.000000
-0.010033
0.000000
0.000000
0.000000
0.000000
0.005597
0.000000
0.000000
0.000000
0.013246
-0.015782
0.009693
0.000000
0.000000
0.000000
0.000000
0.000000
0.000000
0.000000
0.000000
0.000000
0.000000
0.000000
0.000000
0.000000
0.026927
-0.004988
0.017125
0.000269
-0.011020
0.006497
-0.020633
-0.030142
0.000000
0.000000
0.001992
0.042578
0.008416
0.056602
0.002236
-0.002582
0.023351
0.002906
0.000923
-0.011360
0.042501
0.020338
-0.002439
0.004146
0.005964
0.028799
-0.015948
-0.022020
-0.009050
-0.023776
0.000330
-0.007426
-0.006776
-0.012272
0.009146
0.003676
-0.024007
-0.021140
-0.001290
-0.014358
0.018019
0.049768
0.010945
0.004863
-0.004403
0.025265
-0.006163
-0.009055
0.080401
-0.003010
-0.001177
-0.004646
-0.001651
0.001099
-0.004893
0.014950
-0.010843
0.001525
-0.003665
-0.001171
-0.013748
0.027690
0.039357
0.006322
-0.008946
0.003719
-0.017042
-0.011600
0.017760
0.009599
-0.001303
-0.009791
-0.008381
0.000000
0.000000
-0.008695
0.008370
-0.004930
-0.005147
0.000000
0.000000
0.000000
0.000000
0.000000
0.000000
-0.015678
0.000000
0.000000
0.000000
0.000000
-0.000538
0.000000
0.002883
0.023214
0.029813
0.001134
0.052148
-0.016502
0.000688
-0.010801
0.041465
-0.001106
-0.006985
-0.007181
-0.022939
0.000000
0.000000
-0.002444
0.010048
0.000000
0.009487
-0.033616
0.000000
0.000000
0.000000
0.000000
0.009115
-0.007501
0.008036
-0.002760
-0.047650
0.020336
-0.019043
-0.006301
-0.023218
-0.020770
-0.020964
-0.008278
-0.013279
-0.009667
-0.002617
0.003241
-0.007967
0.022764
-0.002544
-0.023532
0.009125
-0.004503
-0.005007
0.000000
0.000000
-0.004788
-0.003651
-0.005193
-0.013470
-0.004766
-0.008200
-0.007126
0.001331
-0.002739
-0.001138
0.006241
0.004592
-0.021051
-0.008961
-0.009854
0.003319
-0.002984
0.017230
-0.001991
0.010513
-0.002379
-0.000662
-0.016620
0.039389
-0.005588
0.003262
0.018156
0.005888
-0.013613
-0.009678
-0.000614
0.006103
0.004792
0.000897
-0.033068
-0.010488
0.000873
-0.002974
-0.001495
-0.002394
-0.015188
-0.005169
0.005037
0.004078
0.000152
-0.005285
0.025489
-0.001709
0.003743
-0.005332
0.000000
-0.008242
-0.015594
-0.016214
-0.003245
-0.005787
-0.003650
-0.004991
-0.001779
-0.015192
-0.003364
0.006995
0.041016
0.003305
0.025171
-0.013960
-0.057523
-0.011679
-0.017634
0.009476
-0.006073
-0.007483
-0.008843
-0.003005
0.004762
-0.002927
-0.008472
-0.019819
0.002728
0.025691
-0.005061
0.003598
0.006448
-0.012199
0.004485
-0.003472
-0.001583
-0.003844
-0.009102
-0.004866
-0.004265
-0.012194
-0.007983
0.000001
0.008358
-0.012476
0.012565
-0.005692
-0.000620
-0.004969
-0.011459
-0.006831
-0.005502
-0.005860
0.015173
-0.000022
-0.001885
-0.004190
-0.038256
-0.007013
-0.022105
-0.016344
-0.002298
0.006813
-0.008630
-0.026143
0.000492
-0.007499
-0.005080
-0.015927
-0.000146
0.341005
-0.012274
0.012588
-0.015944
0.007707
-0.008923
0.003543
-0.001241
0.008409
-0.008018
-0.002761
0.000188
0.026059
0.009621
0.006174
0.033856
0.001773
-0.006716
-0.014466
0.004457
0.009210
0.022523
-0.006062
-0.028926
0.013461
0.003923
0.001822
-0.008017
-0.007782
-0.001348
-0.000051
0.010410
-0.008152
-0.002119
-0.018745
-0.021649
-0.009385
0.017267
-0.011182
-0.001647
0.014807
-0.000427
-0.010234
-0.000845
-0.000684
-0.011394
0.013298
-0.001946
0.008316
-0.002849
0.047155
-0.014128
0.004588
-0.014350
-0.004499
0.001504
-0.010153
-0.003198
-0.017245
-0.019626
-0.006124
0.002927
