0.012711
0.000000
0.000000
0.018817
-0.000689
-0.003185
-0.002422
0.000000
-0.012558
-0.011288
0.010465
0.000000
0.000000
0.009804
-0.010919
0.022165
-0.004174
0.002888
0.001258
0.021891
0.000000
0.000000
0.000000
0.000000
0.000000
0.000000
0.000000
0.000000
0.000000
0.000000
0.000000
0.000000
0.000000
0.000000
0.000000
0.000000
0.000000
0.000000
0.000000
0.000000
0.000000
0.000000
0.000000
0.000000
0.000000
0.000000
0.000000
0.000000
0.000000
0.000000
0.000000
0.000000
0.000000
0.000000
0.000000
0.000000
0.000000
0.000000
0.000000
0.000000
0.000000
0.000000
0.000000
0.000138
0.000000
0.000000
-0.001356
-0.001508
0.000000
0.000000
0.000000
0.000000
0.000000
0.000000
0.000000
0.000000
0.000000
0.000000
0.000000
0.000000
0.000000
0.000000
0.000000
0.000000
0.000000
0.000000
0.000000
0.000000
0.000000
0.000000
0.000000
0.000000
0.000000
0.000000
0.000000
0.000000
0.000000
0.000000
0.000000
0.000000
0.000000
0.000000
0.000000
0.000000
0.000000
0.000000
0.000000
0.000000
0.000000
0.000000
0.000000
0.000000
0.000000
0.000000
0.000000
0.000000
0.000000
0.000000
0.000000
0.000000
0.000000
0.000000
0.000000
0.000000
0.000000
0.000000
0.000000
0.000000
0.000000
0.000000
0.000000
0.000000
0.000000
0.006684
0.006318
0.012577
0.005680
-0.001620
0.000000
0.000000
0.000000
0.000000
-0.007812
-0.038520
-0.009582
0.000000
-0.005369
0.003896
0.000000
-0.002365
-0.004522
-0.016921
-0.009217
-0.015796
-0.009943
-0.011054
-0.012991
0.001195
0.013129
0.103098
-0.006755
-0.012168
-0.014002
-0.007031
-0.004648
-0.006099
-0.012340
-0.006296
-0.007511
0.001415
0.001427
0.006567
0.005529
0.096439
0.002237
0.054645
0.000000
0.019477
-0.001652
0.008628
0.004920
0.000847
-0.015287
0.000000
0.000000
0.000000
0.000000
0.011883
0.000459
0.000000
0.000000
0.000000
0.000000
0.000000
0.000000
0.000000
0.000000
0.018459
0.006048
0.005733
-0.004020
-0.004354
0.000000
0.000000
0.001148
-0.008634
-0.011458
-0.019317
0.000000
0.000000
0.000000
0.000000
0.016875
0.000000
0.000000
0.000000
0.000000
0.000000
0.000000
0.003883
0.000000
-0.001114
0.000000
0.000000
0.039864
-0.017849
0.025880
-0.013745
0.057859
-0.003195
0.080511
0.002861
-0.006459
-0.010586
-0.009130
0.009347
0.000000
-0.003454
0.019497
-0.002639
0.000000
0.000000
0.000000
0.000000
0.008473
-0.004856
0.000000
-0.013709
0.005128
0.022937
0.000000
0.000000
-0.011631
0.041647
-0.019501
-0.019768
-0.000006
0.003981
0.000000
0.000000
0.000000
0.000000
0.000000
0.000000
0.000000
0.000000
0.000000
0.000000
0.000000
0.000000
0.004245
0.032495
-0.000691
-0.024666
0.001697
-0.003926
-0.012568
-0.005223
-0.012721
0.000000
0.000000
0.000000
0.000000
0.000000
0.000488
-0.008143
0.006009
-0.008244
0.000000
0.002679
0.000000
0.000000
-0.026065
0.002286
0.001412
0.000000
0.000000
0.046504
-0.008400
-0.000432
0.004910
-0.013519
0.013691
0.000000
0.000000
0.000000
0.000000
0.000000
0.000000
0.000521
-0.020993
-0.010712
0.025036
0.000000
0.000000
-0.023447
-0.004572
0.007073
0.020406
-0.018234
0.039373
-0.011751
0.051222
-0.010071
-0.006557
-0.008043
-0.021680
0.005939
-0.011758
-0.020105
-0.007975
-0.009670
0.000000
0.000000
0.023261
-0.002924
-0.002961
0.000841
-0.003872
-0.003080
-0.038730
-0.002132
0.069235
0.004720
0.000000
0.036081
0.006216
0.001373
-0.005260
-0.017017
-0.011103
-0.022116
-0.017172
-0.016995
0.009344
0.013206
0.095616
0.000000
-0.001508
0.020931
-0.004989
0.016296
0.007008
0.009314
0.000000
-0.007792
0.000000
-0.008797
0.003261
0.062363
0.157279
0.005576
-0.007211
-0.018243
-0.028117
-0.020199
0.005907
-0.013563
-0.003036
0.000000
-0.005980
0.007438
0.000000
0.000000
0.000000
-0.016233
0.000000
0.000000
0.000000
-0.015714
-0.010281
-0.002802
0.000000
-0.000424
0.000000
0.000000
0.084544
-0.010885
-0.004334
0.011621
-0.008160
-0.030013
0.122263
-0.014085
-0.002973
-0.020483
-0.007240
-0.004425
0.000000
-0.006763
-0.002783
-0.004020
-0.009515
-0.000212
0.000000
0.000000
0.014195
-0.011176
0.004821
0.045624
0.031798
-0.019961
0.036698
0.000000
-0.022177
-0.013733
-0.025410
0.000000
-0.020309
-0.017016
-0.005601
0.000000
0.000000
0.008453
0.000000
0.006252
-0.003589
-0.000774
0.000000
0.000000
-0.009447
-0.026461
-0.012043
0.036769
-0.004551
-0.012707
-0.019024
0.002812
0.021330
0.036690
-0.001929
-0.003395
0.007263
0.083589
0.066646
0.077490
-0.000402
-0.000136
-0.013170
0.008742
0.061433
-0.010682
-0.004505
0.004563
-0.013362
-0.022894
-0.011440
-0.023441
-0.011581
-0.004936
0.000000
-0.014350
-0.012541
0.000000
-0.003308
-0.010808
0.022454
-0.002180
-0.009495
0.075767
-0.000697
0.000000
-0.004444
-0.010306
-0.010622
0.007912
-0.004956
0.000000
-0.000155
-0.005103
0.000000
0.016576
0.000000
-0.015461
-0.011926
-0.017533
-0.026097
-0.006828
0.005711
0.000000
0.000000
0.039425
-0.015605
-0.001148
0.000000
0.000000
0.006263
0.000000
0.173801
-0.008437
0.008924
0.000000
0.001174
-0.017652
-0.015319
0.000726
-0.017517
-0.019409
-0.015546
-0.010164
0.016161
-0.001098
-0.007633
-0.011150
0.021494
-0.000312
0.055232
-0.004731
0.006960
-0.000309
-0.003944
-0.010828
-0.009485
-0.019187
-0.012096
-0.009659
-0.009429
0.005662
-0.011553
-0.000384
0.000000
0.000000
0.011387
0.000000
-0.003504
-0.001226
-0.010889
-0.002092
0.001570
0.000864
-0.014687
0.009625
-0.012968
0.012812
-0.004329
-0.002401
0.000951
-0.019074
0.009350
-0.030321
-0.004795
-0.003753
0.004811
0.000000
0.000000
0.000000
0.000398
-0.010806
0.005827
0.000000
0.000000
0.025049
0.000000
0.000000
0.000000
0.013385
0.000000
-0.023591
-0.012120
-0.010141
-0.109748
0.000000
0.000000
-0.008012
0.003796
-0.008939
-0.007678
0.046468
-0.009505
-0.025606
-0.003036
-0.005987
-0.022952
-0.009079
-0.006954
0.010475
0.033339
-0.008639
-0.010430
-0.014205
-0.014329
0.000000
0.000000
0.000000
0.000000
-0.012813
0.039712
0.000000
0.000534
0.000000
0.061116
-0.001315
-0.002534
0.000000
0.000000
0.000000
0.000000
0.000000
0.000000
0.000000
0.000000
-0.006872
0.025549
-0.005338
0.000000
-0.008000
-0.000861
-0.020989
0.043678
-0.008570
-0.018625
0.000000
0.000000
-0.010093
0.000000
-0.014183
0.062647
-0.005370
0.001162
0.045740
-0.010486
0.005464
-0.022688
-0.020612
0.000000
-0.020814
0.000000
-0.024895
-0.041045
0.032128
-0.012981
-0.007460
-0.002550
0.018920
0.000000
0.059521
-0.013137
0.007332
-0.006257
-0.008956
-0.013462
0.000000
0.000000
0.000000
0.004382
0.000000
-0.038336
-0.001958
-0.008293
-0.007801
0.008843
-0.020281
-0.008311
0.000000
0.002696
0.006909
-0.012353
-0.003298
-0.026338
-0.042337
-0.007963
-0.009910
0.016676
0.000636
0.004139
-0.016804
-0.015257
0.019527
-0.003742
-0.001336
-0.002299
-0.013986
0.000000
0.000000
-0.008930
-0.006954
-0.018320
0.018156
0.036959
-0.007348
-0.023341
0.000653
0.012616
0.067667
-0.009053
0.000000
-0.016320
0.011489
-0.013068
0.000000
-0.010575
0.002771
-0.020278
-0.011076
-0.013732
0.036755
0.130844
-0.028842
0.004716
-0.014212
-0.020817
0.006125
-0.011652
-0.004268
0.000000
-0.000702
0.000000
0.000000
0.000000
-0.002760
0.000000
0.000000
0.000000
-0.019569
-0.006173
-0.067160
-0.048706
0.000000
0.000000
0.000000
0.000845
0.000000
0.000000
0.000000
0.000000
0.000000
0.000000
0.000000
0.000000
0.000000
0.000000
0.000000
0.000000
0.000000
0.000000
0.000000
0.000000
0.000000
0.000000
0.000000
0.000000
0.000000
0.000000
0.000000
0.000000
0.000000
0.000000
0.000000
0.000000
0.000000
0.000000
0.000000
0.000000
0.000000
0.000000
-0.007704
-0.007788
0.000000
0.004401
0.000000
0.000000
0.009011
0.000000
-0.005128
0.000000
0.000000
0.000000
0.000000
0.000000
0.000000
0.000000
0.000000
-0.022990
0.000000
0.027932
-0.003635
-0.001286
-0.013182
0.002943
0.000000
0.003103
0.000000
0.000000
0.000000
0.000000
0.000000
0.000000
0.040740
-0.014387
-0.001333
0.000000
-0.018490
-0.019573
-0.010387
-0.010561
0.000000
0.000000
0.000000
0.000000
0.000000
0.000000
0.000000
0.000000
-0.004968
0.000000
0.000000
0.000000
0.000000
-0.012193
-0.012825
-0.012262
0.046715
0.018863
-0.007876
-0.020597
-0.005401
0.018706
0.016751
-0.018450
0.061494
-0.007682
0.000000
0.000763
-0.008152
0.004191
0.038877
0.106351
-0.016547
-0.015515
-0.015781
-0.010993
-0.006109
-0.009798
-0.007387
-0.019021
-0.009165
-0.008621
-0.004760
0.001847
0.001373
-0.011678
0.011086
-0.005282
-0.012891
-0.013589
0.017115
-0.007004
-0.010941
0.000000
-0.003252
0.000000
0.000000
0.000000
0.000000
0.000000
0.000000
-0.002930
-0.009564
-0.009617
0.000000
0.000000
-0.008880
-0.014710
-0.017892
-0.029903
0.026979
-0.003188
0.000000
0.000000
-0.002096
0.005430
0.000000
0.000000
-0.020656
-0.006347
-0.003130
-0.021154
0.000000
0.002055
-0.009521
0.000478
-0.010834
0.000000
-0.010257
-0.011761
0.000000
0.000761
-0.022760
0.009537
0.000000
0.000000
0.000000
0.000000
0.000000
0.000000
0.000000
0.037374
0.000000
0.000000
0.000000
0.041768
0.049564
0.019493
0.000000
0.020627
0.000000
-0.000674
-0.006192
-0.011584
-0.008323
-0.008541
0.000000
0.027757
0.003019
0.017511
0.007285
-0.034586
-0.014053
0.017721
-0.001302
-0.009114
0.058627
0.006231
0.128230
0.000000
-0.025066
0.002714
0.000525
0.004294
0.000000
0.000000
0.000000
0.000000
0.000000
-0.001281
0.009169
-0.001246
-0.013785
0.000000
-0.021339
-0.000238
-0.007063
-0.014981
0.003029
-0.022554
0.015574
0.021576
-0.004801
-0.010901
0.001533
0.000000
0.000000
0.009119
-0.218670
-0.003562
-0.006661
0.000000
0.000000
0.000000
0.006175
0.000989
-0.347023
0.000000
0.000000
-0.019716
-0.007215
-0.001044
-0.011132
0.000000
0.000000
0.000000
0.000000
0.000000
-0.013084
0.000000
-0.010440
0.032040
0.000000
0.000000
0.000000
0.000000
0.000000
0.000000
0.000000
0.000000
0.000000
-0.019098
-0.004163
-0.023311
0.000000
-0.011655
0.035073
0.004168
0.021439
-0.015389
-0.007925
0.007179
0.012583
0.000000
-0.009103
-0.002983
0.008134
0.000000
0.004391
0.000000
-0.004360
-0.005457
-0.018442
0.012251
-0.004949
0.004522
0.000000
-0.006498
-0.001266
0.000000
-0.006957
-0.005240
-0.007706
-0.009435
0.002856
0.034359
0.028127
0.000000
0.000000
0.000000
0.000000
0.000000
0.000000
0.000000
0.000000
0.000000
0.000000
0.000000
0.000000
0.000000
-0.009634
-0.024843
-0.028061
-0.012785
-0.007669
0.000000
0.000000
-0.002561
-0.006030
0.026147
-0.004541
0.000000
0.000000
0.000000
0.000000
-0.012936
-0.005984
0.000000
0.000000
-0.004080
-0.006131
-0.010145
0.009851
0.000000
0.000000
0.000000
-0.014800
0.022490
-0.008902
-0.023268
-0.004284
0.012704
-0.010304
-0.013965
0.000000
0.000000
0.007560
-0.004924
-0.005623
0.000000
-0.011152
0.012807
0.000000
0.000906
0.000000
-0.007008
-0.000726
-0.011434
-0.007185
0.000000
0.025666
-0.016597
0.002086
0.019540
0.000000
-0.000486
-0.033183
-0.002176
-0.011670
0.000000
-0.012636
-0.012694
-0.011723
0.009846
0.000000
0.000000
-0.006921
-0.017082
-0.018012
-0.013143
-0.016483
-0.017924
-0.000508
-0.012439
-0.007670
-0.015355
-0.018497
-0.011416
0.016781
-0.008961
-0.015001
-0.010043
-0.015989
0.059934
-0.017698
-0.008724
-0.002991
-0.019718
0.013244
0.015924
-0.006029
0.000000
-0.001414
-0.013943
0.001458
0.005437
0.022409
-0.013603
-0.015983
0.007995
0.141574
-0.018613
-0.023690
-0.016737
0.010455
-0.000860
-0.009116
-0.008207
0.017881
0.009494
0.000000
0.000000
0.000000
0.000000
-0.009323
0.005836
0.005426
-0.008492
-0.013415
0.027521
0.083858
0.032562
-0.024842
0.003480
0.000000
0.018505
-0.003738
0.046594
0.001106
0.036867
0.028513
-0.008837
0.025723
-0.014288
-0.002830
-0.010882
0.037034
-0.023201
-0.006654
0.005608
0.112477
0.023265
0.017136
0.000000
-0.005800
-0.010130
-0.012614
-0.002096
-0.001622
0.000000
-0.000752
-0.009382
-0.009923
-0.018067
-0.002124
-0.007969
-0.011165
-0.029800
-0.012641
-0.016798
-0.001440
0.031862
0.011963
-0.009001
0.020126
-0.009144
0.002968
-0.005470
-0.014085
0.000632
-0.001755
-0.007441
-0.014753
0.001032
0.000000
0.000000
0.315237
0.061421
-0.003859
0.010701
0.009944
-0.014736
0.003131
0.000000
-0.001622
0.000000
0.002716
0.062151
0.005064
0.000000
0.022545
-0.009817
-0.010652
-0.006722
-0.018843
0.005613
0.005044
0.052991
-0.035370
-0.014970
0.014830
-0.012406
-0.012360
0.000000
0.000000
0.000000
-0.022549
-0.007103
0.006089
-0.001851
-0.017872
0.006136
0.039040
0.003425
-0.015169
0.000000
-0.004230
-0.021775
0.000000
0.000000
-0.014324
0.000000
-0.006174
-0.006760
-0.016950
-0.005283
0.000000
0.175235
0.002374
-0.007144
-0.002562
-0.015945
-0.007609
0.035790
-0.009695
-0.013366
0.011364
0.000000
0.000000
0.000000
-0.013188
-0.013887
0.000621
-0.012633
-0.013678
-0.002669
0.094573
-0.001413
-0.009497
0.005122
0.001180
-0.006169
0.001973
0.007073
0.011912
-0.010206
-0.007053
0.000412
0.094259
0.000000
-0.011403
0.004514
-0.017780
0.025748
-0.008109
0.001306
-0.001402
0.000000
0.000000
0.000000
-0.012965
0.000000
0.000000
0.000000
0.000000
0.000000
0.000000
0.000000
0.000000
0.000000
0.000000
0.000000
0.000000
0.000000
0.000000
-0.003192
-0.008714
-0.004988
-0.006927
0.000000
0.000000
-0.011346
-0.001186
-0.007641
-0.001914
0.000000
-0.012273
-0.003129
0.000000
-0.019572
-0.004621
0.131184
-0.009860
0.018848
0.000000
-0.014637
0.012479
0.017253
0.000000
0.000000
0.000000
0.000000
0.000000
0.000000
0.000000
0.000000
0.000000
0.000000
0.000000
0.000000
0.000000
0.000000
0.000000
0.000000
-0.009539
-0.012398
0.005258
-0.016549
-0.008849
-0.015648
0.003203
-0.002919
0.007659
0.000000
0.010611
-0.021442
-0.014961
-0.013923
-0.008395
-0.009482
0.029616
0.000000
-0.012554
0.016779
-0.007430
-0.002846
0.010733
0.000000
0.000000
0.000000
-0.014360
-0.009199
0.000000
0.000000
0.000000
0.130222
-0.005221
-0.013812
0.000000
0.000000
-0.006169
-0.013935
-0.014210
-0.022772
0.000000
0.000000
-0.004329
-0.004477
-0.008383
-0.010973
0.000000
-0.001039
-0.008751
-0.006306
-0.009408
-0.003748
0.002950
-0.002234
-0.003527
-0.013280
0.000000
-0.007237
-0.000686
-0.013261
-0.010784
0.014854
0.012207
0.000000
0.012057
-0.006499
0.000000
0.013456
-0.007408
-0.003210
0.003263
-0.012346
-0.009842
0.000000
0.000000
0.000000
0.000000
-0.009751
-0.000574
-0.022658
-0.029094
0.000000
-0.014580
-0.005046
-0.008839
-0.002232
0.000000
0.000000
0.000000
-0.004933
0.001734
0.000000
0.000000
-0.014167
-0.004184
0.004172
-0.016737
0.023907
0.000000
0.002091
0.531161
0.000000
-0.011604
-0.006119
0.000000
0.048181
-0.014167
-0.003702
0.000000
0.000000
0.000000
-0.008984
0.016909
-0.005527
0.017810
-0.000983
-0.015432
0.011586
0.088436
0.029276
-0.004887
0.000000
-0.010133
0.021279
-0.022581
-0.009718
0.033171
0.000000
0.000000
-0.003321
0.005325
0.000000
0.000000
0.000000
0.000000
-0.006685
-0.011238
-0.006000
0.003328
0.011352
0.000000
-0.015381
0.000000
0.025478
0.007504
0.035707
-0.021169
-0.007447
0.000000
0.000000
0.000000
0.000000
0.000000
0.000000
0.000000
0.000000
0.000000
0.000000
0.000000
0.015378
0.019974
0.000000
-0.015080
-0.022458
-0.010976
0.000000
0.000000
0.000000
-0.027411
0.002971
-0.006767
0.000000
0.000000
0.000000
-0.008810
-0.015588
-0.002488
-0.011377
-0.018949
-0.005118
-0.057501
-0.008781
0.000522
-0.005868
0.001056
-0.004487
-0.007710
-0.010764
-0.001550
0.000742
-0.010543
0.010928
