0.004319
0.002412
0.000650
-0.003313
-0.013806
-0.009778
-0.002527
0.000325
0.003062
-0.006486
-0.002219
-0.003131
-0.002396
0.010142
0.000289
-0.003668
0.000453
-0.002622
0.041823
0.000785
0.008982
-0.003702
0.000076
-0.005550
0.002353
-0.000429
-0.002058
-0.001063
-0.007133
-0.001647
-0.000507
0.002417
-0.001466
-0.000488
-0.001368
0.018366
0.002432
-0.013731
-0.013485
-0.009177
-0.016239
-0.014101
0.003348
-0.016275
-0.007630
-0.000199
-0.010567
-0.009483
0.001693
-0.006653
0.002598
-0.006237
0.005036
-0.003999
-0.002157
-0.007908
0.000907
-0.004038
-0.002856
-0.023315
0.023384
0.034138
-0.003902
-0.029023
-0.008229
-0.006083
0.000997
-0.011664
0.004392
-0.003845
-0.011585
0.005831
0.004668
-0.005293
-0.002887
-0.001907
-0.003972
-0.002799
0.001208
-0.001029
-0.005602
-0.002448
-0.005689
0.015825
0.005205
-0.009370
0.032364
0.020050
0.003245
0.005280
0.003107
0.003290
0.004556
-0.039384
-0.012637
0.015527
0.002289
0.021472
-0.004439
-0.016633
-0.020711
0.006387
-0.001042
0.003971
-0.002585
0.005546
-0.002602
-0.000196
-0.001724
0.013317
0.001050
0.001031
-0.009847
-0.003007
-0.002220
-0.009577
-0.006029
0.000547
-0.000479
0.007825
-0.005058
-0.001073
-0.004351
-0.007504
-0.007347
-0.007607
0.000090
0.002762
0.015398
0.000537
-0.013106
-0.003136
-0.003546
-0.001175
0.000249
0.003487
-0.010476
-0.005578
-0.001779
0.003290
0.006112
0.024899
0.012871
0.002597
-0.006299
-0.013542
-0.022763
-0.007052
0.005419
0.002073
0.003795
0.005844
0.023788
-0.012189
0.020171
-0.000202
0.021797
-0.009017
0.001385
-0.001430
-0.016617
0.018982
-0.000836
-0.013099
-0.029101
0.003845
-0.007467
-0.001690
-0.010830
-0.021346
-0.015696
-0.008958
-0.005792
-0.002069
-0.011624
-0.004616
0.006214
-0.006381
-0.009184
-0.011878
-0.005335
-0.004965
0.026242
-0.004168
0.001820
0.024465
-0.027641
0.000938
-0.018156
0.013567
0.015744
0.003672
0.002026
-0.013703
-0.005804
-0.005949
0.010098
0.026715
-0.001951
-0.007159
0.006020
0.034016
0.009049
-0.004322
0.003384
-0.005706
0.000790
-0.003978
-0.004369
0.006266
0.007385
-0.009850
0.012872
0.002523
0.009600
-0.002300
0.002543
-0.006953
-0.018330
-0.002959
-0.008332
-0.003748
0.008099
-0.009002
-0.009366
0.005475
0.002379
0.006767
0.030459
-0.001083
0.014442
0.022415
-0.002887
0.017976
0.013700
-0.015200
0.000480
-0.002343
-0.009339
-0.000834
-0.005555
-0.005817
-0.011292
0.004930
0.008311
-0.020100
-0.003676
-0.001410
-0.000280
-0.006322
-0.000653
-0.001144
-0.010468
-0.005309
-0.004402
-0.005800
-0.009143
0.000167
-0.009225
-0.002900
0.002904
0.007674
0.045198
-0.007171
0.013983
0.023606
-0.010497
0.014440
-0.005856
-0.007114
-0.006865
-0.009952
-0.010981
0.026315
-0.004493
0.040251
0.002582
-0.004559
-0.010621
0.006356
0.001168
-0.011917
-0.007759
-0.006375
0.001200
0.004107
0.001149
0.033476
-0.003100
0.002927
0.001180
-0.031948
-0.013247
-0.022649
-0.000023
-0.011348
-0.002308
0.011428
-0.003505
-0.002723
0.015940
-0.000223
0.001080
-0.009537
0.001603
-0.016267
-0.010725
0.005413
-0.000522
0.008953
0.031169
0.000068
-0.007696
-0.002434
-0.003496
-0.008154
0.008643
-0.026102
0.000130
-0.000382
0.013427
0.024892
-0.000073
-0.043090
-0.004904
-0.002644
-0.004016
-0.008195
-0.002640
0.001451
-0.012225
0.004583
-0.014911
0.011143
-0.022103
-0.004321
-0.001693
-0.010016
-0.009895
0.010213
-0.015360
0.014578
-0.013915
-0.020653
-0.004851
-0.006037
-0.003772
-0.009573
-0.003618
0.009030
-0.008646
-0.002216
0.008499
0.001399
-0.003189
-0.004203
-0.014377
-0.000825
-0.015247
-0.010437
-0.001937
0.016974
0.001671
-0.008812
-0.024814
-0.004088
0.019113
-0.003655
-0.009118
-0.000599
-0.016305
-0.007428
-0.005996
-0.006573
0.001529
0.048341
-0.020350
-0.008638
0.006146
0.033933
0.006296
-0.015726
0.051530
-0.006309
-0.009588
0.001036
-0.003967
0.018151
-0.000689
-0.006889
0.020427
0.024337
0.009438
0.125835
-0.013339
0.029260
0.001627
-0.010743
-0.006895
-0.033930
0.017479
-0.015535
-0.025917
-0.002975
0.049700
0.002371
-0.013278
0.005677
0.002826
-0.005215
-0.006245
-0.000463
-0.005372
-0.012367
-0.000155
-0.001922
0.004121
0.009643
0.009253
0.000571
0.003938
-0.008826
-0.009019
-0.001839
0.006719
0.008980
0.006290
-0.009419
-0.005973
-0.011442
-0.003887
0.002385
-0.003421
0.016932
-0.000497
-0.002331
0.002769
-0.004144
0.015225
0.006244
-0.018072
-0.000092
0.008528
-0.006152
0.017976
-0.008622
-0.019103
-0.011888
-0.004443
0.005528
-0.008726
-0.004931
-0.002406
-0.000296
-0.008485
0.041548
0.004286
-0.012197
-0.029574
-0.003717
0.019499
0.010410
-0.012646
-0.017535
-0.006637
-0.009765
0.015305
-0.004888
0.017686
0.015753
0.010518
-0.026412
-0.006186
0.000682
0.017272
-0.000902
0.010327
0.015894
-0.011644
-0.008727
0.026707
-0.008663
-0.013317
0.016023
0.020652
-0.027949
-0.021681
-0.000130
-0.004943
0.000169
-0.015750
0.018801
-0.011361
0.009970
0.002669
-0.008549
0.007037
0.035418
0.009197
0.002916
-0.004913
-0.000195
-0.012456
0.001006
0.026620
0.011598
-0.001362
-0.012295
-0.004365
-0.015443
-0.028682
0.013018
0.026054
-0.004300
-0.018951
-0.009920
0.002187
-0.006984
-0.000980
-0.016184
-0.002030
0.007377
0.005258
-0.006904
0.001290
0.007163
0.005385
-0.003994
-0.036337
0.001071
-0.002265
-0.005423
0.002746
-0.011830
0.008628
-0.014860
0.016343
-0.006975
-0.017644
-0.006613
-0.005009
-0.007231
-0.002777
-0.001386
0.026769
0.004010
-0.005778
0.003697
-0.005979
-0.002742
0.006466
0.017326
-0.000341
-0.000121
-0.022487
-0.001312
0.004652
0.005481
-0.006085
0.003818
0.004921
-0.022551
0.004360
-0.006776
-0.007833
-0.010959
0.006120
0.021581
0.015473
-0.006554
-0.012097
-0.013249
-0.012347
-0.005047
0.003283
-0.001050
0.021692
0.023643
-0.001841
-0.002573
-0.001617
-0.004494
-0.009027
-0.004691
-0.006840
-0.005921
0.014851
-0.004397
-0.016211
-0.025597
0.029002
-0.006567
0.000782
0.005223
0.012949
-0.020927
0.024797
-0.003402
-0.005476
-0.003262
-0.009877
0.011184
0.022187
0.005349
0.011914
0.009893
-0.004211
-0.005929
-0.031882
-0.036213
0.003518
-0.011245
-0.247882
-0.050804
-0.011777
0.001474
-0.018717
0.015414
-0.003994
-0.007041
0.001795
-0.004821
0.017532
0.093538
-0.008951
0.002439
0.001195
-0.003212
0.002377
-0.004741
0.004555
-0.014436
0.012332
-0.002903
0.004521
-0.009027
0.009768
0.019281
0.005399
-0.002998
-0.007101
0.006608
0.001109
-0.009438
-0.007491
0.025497
-0.007103
-0.004942
-0.004497
0.007532
0.003319
-0.011567
0.017555
0.004917
0.006440
0.007555
-0.007613
-0.013582
-0.010885
0.002701
0.001087
0.000006
-0.014085
-0.011408
-0.007494
-0.004907
0.000233
-0.003801
0.002351
0.023057
-0.000490
0.007971
-0.003110
-0.002029
0.010998
-0.003726
0.001974
-0.003668
-0.007949
0.002559
0.011805
-0.003066
0.001301
-0.012957
0.016145
-0.005920
-0.010920
0.021522
-0.017273
-0.006931
0.076418
-0.006479
-0.001634
-0.002185
-0.004767
0.016123
0.006402
-0.005240
-0.010130
0.022899
0.019848
0.010691
-0.000525
-0.011055
0.006879
-0.005918
0.013644
0.038875
-0.007055
0.009304
0.015641
-0.002075
0.022531
-0.001977
-0.028542
-0.010056
0.000904
-0.000836
0.003517
-0.000389
-0.009112
0.005674
-0.009231
-0.010524
-0.012474
0.016405
-0.007871
-0.010030
-0.015452
-0.009256
-0.022284
-0.006741
-0.010348
0.019344
0.015607
0.007488
0.001247
0.004295
-0.020881
-0.011336
-0.006491
0.014201
0.008572
0.028776
0.009750
-0.021582
-0.004305
-0.000040
0.006154
-0.009129
-0.006224
-0.004789
-0.006214
0.010697
-0.006259
0.014331
0.005224
0.000258
-0.009623
-0.013375
0.016871
-0.001428
0.005975
0.002361
0.011513
0.014732
0.013849
0.000601
0.001824
-0.001344
0.003537
0.024363
-0.013857
-0.008033
-0.012418
-0.015537
0.004881
0.006239
0.000262
-0.005423
-0.002444
-0.003026
-0.004352
0.004806
-0.011114
-0.012886
-0.010098
-0.008671
-0.001781
-0.008627
0.005212
-0.002183
-0.001754
-0.001024
0.001181
0.009844
-0.002177
-0.009765
-0.020196
0.023953
-0.000974
0.001555
0.004617
-0.005857
0.002719
-0.005307
-0.009836
0.021463
0.021188
-0.009162
-0.003455
0.000014
-0.000788
-0.009273
-0.018067
0.007758
-0.007135
-0.005001
-0.000425
-0.005364
0.016569
0.008839
-0.001771
0.000202
0.015425
-0.002910
-0.020507
0.018011
-0.000241
0.004631
-0.006330
0.011169
-0.008059
0.010362
0.001121
-0.011915
0.015298
0.009263
-0.006175
0.001765
-0.008253
0.013790
-0.012176
0.003304
0.005698
0.027742
-0.010711
0.003241
-0.003430
0.006604
-0.003326
0.016371
0.004525
0.063829
-0.013063
0.002719
-0.006511
-0.018174
-0.010128
0.000659
0.003490
0.002491
0.006478
0.058894
-0.010643
0.016108
-0.006031
-0.003133
0.002731
0.021669
0.016683
0.001156
-0.002236
0.031513
0.020672
-0.020407
0.001597
-0.008639
0.010622
-0.000172
-0.029838
0.029908
0.007836
-0.016678
0.000004
-0.002077
-0.006140
-0.000133
0.001407
0.005682
0.006965
-0.021811
0.006342
-0.003484
-0.010465
0.000322
-0.000215
0.001423
-0.005509
-0.006990
-0.000793
0.088393
-0.007523
-0.005985
-0.013932
-0.004095
-0.002063
-0.013171
0.002103
-0.013608
0.019589
0.002575
-0.002808
-0.002762
-0.008425
-0.000929
0.000742
-0.002524
0.029816
0.003820
-0.001465
-0.002098
-0.010696
0.003155
-0.009275
-0.005517
-0.011799
-0.004510
0.025987
-0.007171
0.006162
-0.000604
0.003651
-0.012659
-0.013921
0.048655
-0.013013
0.015494
-0.004640
-0.013739
-0.001647
-0.003034
-0.013266
-0.003025
-0.017343
0.011672
0.000702
0.007981
-0.006896
0.018318
-0.011844
-0.005326
-0.017346
0.029935
0.000757
0.037867
0.005278
-0.010978
-0.016300
0.029690
-0.000339
0.004674
-0.004018
0.009037
0.003046
0.000717
-0.013744
0.000135
0.007073
-0.002725
0.018652
0.067502
0.004820
0.001935
-0.002497
-0.011288
0.002626
-0.001062
0.006362
0.002480
-0.009675
-0.035222
-0.010310
-0.006099
0.002201
0.003928
0.357319
-0.008087
-0.003436
-0.003009
0.002335
-0.006216
0.008451
-0.000073
0.045577
0.020918
0.008865
-0.008065
-0.005882
-0.011389
-0.000166
-0.012455
-0.009567
-0.010121
-0.007852
0.027165
0.022778
-0.015036
-0.001205
0.025545
-0.003574
-0.017268
0.019564
-0.004565
-0.006491
-0.008742
0.004292
-0.004513
0.037455
0.016262
-0.024198
-0.004304
-0.024477
0.007533
-0.006678
-0.016723
0.012622
0.022377
0.003454
-0.003963
-0.003796
-0.011615
0.000633
0.022781
-0.001684
0.004926
0.000160
-0.018108
-0.006954
-0.008151
0.005691
-0.006506
-0.013911
-0.014051
-0.022300
0.032410
0.005201
0.002782
-0.002414
-0.005091
-0.010994
-0.002820
-0.001150
0.008997
-0.009133
0.000503
0.000658
0.001817
-0.001571
-0.019174
-0.030422
0.009288
0.007405
0.005869
0.009666
-0.012691
0.009534
0.018492
0.002426
0.002573
0.003989
0.044088
-0.003148
0.008152
0.042604
-0.005097
-0.017767
-0.003416
-0.001687
0.009352
-0.025828
-0.006131
-0.007742
0.003696
0.001397
0.004132
-0.011575
0.008027
-0.004505
-0.004462
-0.024147
0.013510
0.002502
0.003377
-0.001931
-0.028721
0.005954
0.040164
-0.007870
-0.028833
0.021111
0.010099
0.027119
0.584527
-0.001649
-0.008251
-0.004427
-0.005019
0.020170
-0.007608
0.026295
-0.006322
0.000678
-0.001029
-0.006454
-0.002629
-0.011305
-0.011005
0.011258
0.020806
-0.009006
0.016576
0.012582
-0.003821
0.006192
-0.008601
0.006117
-0.014262
0.000053
0.009511
-0.023608
0.003040
-0.006625
0.012141
0.004893
0.008118
-0.001625
-0.005292
-0.006067
-0.014114
0.003561
-0.016604
0.000562
0.000320
0.013768
0.030750
-0.005475
-0.000040
-0.016626
-0.001427
-0.009595
-0.019125
0.004920
0.011301
-0.010849
0.001567
0.004791
-0.005975
-0.005231
-0.000108
-0.008899
0.017860
0.092755
0.009474
-0.000402
0.006047
0.026798
0.006800
-0.001924
0.028214
-0.004406
-0.019041
-0.012091
0.012097
-0.004261
0.007809
-0.006883
-0.030644
-0.010780
-0.014094
0.001189
0.021174
0.006801
0.057664
-0.004585
-0.015437
0.010631
-0.003566
-0.002199
0.029795
-0.009442
0.009400
-0.002493
-0.000850
0.003838
0.014153
0.048638
0.019001
-0.001673
-0.001785
0.016227
0.009888
0.000548
-0.005710
0.002256
0.002811
-0.005397
-0.022812
-0.020159
-0.020104
0.004580
0.009198
0.000491
0.000204
-0.018732
-0.015473
-0.007734
0.003763
-0.014836
0.004176
-0.011929
0.003160
-0.009937
0.001451
-0.020210
-0.003808
0.029517
0.003089
-0.010798
-0.000572
-0.004601
-0.006633
0.001525
-0.002749
0.001101
-0.007955
-0.006416
-0.012642
-0.001808
0.000835
0.010970
-0.018840
-0.018053
0.011076
0.005374
0.007864
-0.018745
-0.002514
-0.006714
-0.005365
-0.042762
-0.007087
-0.005154
-0.002081
0.044079
-0.000943
-0.001876
0.003395
0.019919
-0.002202
-0.000787
-0.013278
0.001162
0.029099
0.014570
0.009155
-0.013714
0.036526
-0.015214
0.002575
-0.007274
-0.008178
0.014441
0.004011
0.011343
0.010496
-0.019289
-0.000567
-0.015990
0.004196
0.009712
-0.001387
-0.001370
-0.019782
0.001274
-0.011560
-0.011244
-0.002791
0.006837
-0.000568
0.011595
-0.003004
0.027813
-0.005074
0.009848
0.013114
-0.003105
0.005834
-0.013733
-0.001011
0.013387
-0.002306
-0.002009
0.002307
-0.007818
-0.008992
-0.006023
-0.006405
-0.024857
-0.005576
-0.020235
-0.001952
0.019758
-0.000127
-0.012651
0.012392
-0.008167
-0.000067
-0.015379
-0.009692
-0.000877
0.014427
0.024353
0.004920
-0.003671
-0.011548
-0.002505
-0.018510
0.000307
-0.006861
0.009296
0.005967
-0.001048
-0.007616
-0.007004
-0.005713
-0.008314
-0.005220
-0.011051
0.010052
-0.001225
-0.029861
0.004826
0.005305
0.009086
-0.010354
0.005543
0.002771
-0.012807
0.057141
-0.018905
-0.004104
0.004384
0.003088
0.008454
0.054623
-0.010860
0.000579
-0.001360
-0.005218
0.010618
-0.028551
-0.013526
0.009241
-0.006999
0.010079
-0.008811
-0.007559
0.006869
0.001833
0.002608
-0.002225
0.004593
0.005228
-0.005235
-0.004348
-0.007096
-0.001060
-0.002654
0.020591
0.008279
0.013133
0.003502
-0.001021
0.060966
-0.010416
-0.009193
0.014768
0.001872
-0.017898
-0.029765
0.001850
0.003255
-0.005355
-0.008048
-0.002099
0.040646
-0.013853
0.009413
-0.006876
0.016652
0.006589
-0.001206
0.010051
-0.010411
0.002414
0.004592
-0.003125
0.000713
-0.000657
-0.012063
0.004485
0.028197
-0.014759
-0.012900
-0.045732
-0.007923
-0.018647
-0.003791
0.017227
-0.004977
0.007160
-0.003039
-0.016569
-0.001221
-0.007690
-0.034624
0.010938
-0.034651
-0.017232
-0.001557
-0.015307
0.007146
0.000669
0.008958
-0.012089
0.003863
-0.038946
-0.000346
0.011985
-0.008059
0.000685
0.002317
-0.011325
-0.006320
-0.005744
-0.007968
-0.002090
-0.001339
-0.003195
-0.013461
-0.001781
0.008084
-0.000775
-0.004468
-0.010011
-0.003941
-0.005862
0.002748
-0.002137
-0.005137
-0.018354
-0.000485
0.020049
0.006770
0.001482
-0.007394
-0.010032
-0.014348
-0.002658
0.026315
-0.000438
-0.010952
-0.024477
0.012385
0.003898
0.004417
0.010685
-0.008088
0.006135
0.022247
0.001235
0.007221
0.000353
-0.002689
-0.008617
0.003958
-0.000064
-0.017548
0.003987
-0.007547
-0.009510
-0.003057
-0.009017
-0.025309
-0.012314
-0.000862
-0.013891
-0.003982
-0.016604
-0.001244
-0.006712
-0.010205
-0.018059
0.001726
0.009025
-0.001626
-0.002213
0.000228
-0.000072
-0.015172
-0.015771
-0.005878
-0.013060
-0.020983
-0.002637
-0.000252
-0.003547
0.002979
-0.007643
0.017659
0.005402
-0.032620
0.016237
0.002230
-0.008394
-0.003061
0.004893
-0.019874
0.027337
-0.013680
0.009029
0.014320
-0.002701
0.013468
0.025716
0.050974
-0.001468
0.001679
0.000120
-0.007096
0.002285
-0.004686
-0.004209
-0.008850
0.004397
-0.005894
-0.012136
-0.017594
0.018316
-0.007784
-0.002460
0.000148
0.015392
-0.001257
0.008691
-0.010002
-0.003960
-0.003420
0.017055
-0.001159
0.002650
0.004460
-0.018076
-0.002524
-0.015297
-0.008940
-0.002027
0.007129
0.004215
-0.005014
-0.021791
0.027997
-0.007851
0.001007
-0.000398
-0.015499
-0.003037
0.001529
-0.009349
-0.026482
-0.008946
-0.005012
-0.026157
-0.003997
-0.002579
-0.002601
-0.004039
-0.002094
0.012755
-0.048229
-0.014377
0.002788
-0.006844
0.026883
0.008843
-0.009711
-0.002929
0.008487
-0.005555
0.017023
0.015374
0.026381
-0.009288
0.021198
0.003123
-0.001104
0.007386
0.000745
0.000535
-0.006404
0.010065
0.002887
-0.006125
-0.000438
-0.003007
-0.011512
0.013201
0.035775
0.004510
-0.017492
-0.000874
0.029863
-0.001521
-0.023342
-0.013178
-0.020277
-0.011539
0.019359
0.000390
-0.023254
0.001888
-0.007906
-0.000640
0.014330
0.003169
0.019674
-0.005654
-0.015092
-0.004617
-0.017756
-0.001236
-0.003476
0.018111
0.017986
0.000145
0.002972
-0.000742
0.012486
0.016990
0.011697
0.007868
-0.005516
0.008717
-0.003993
-0.008998
-0.012994
0.006465
-0.000410
0.008310
0.006564
-0.009474
0.014348
-0.001789
-0.006528
-0.023053
-0.009523
0.004095
-0.003001
0.012980
0.025611
-0.011988
-0.013881
0.001662
0.007851
-0.006158
0.000638
-0.007806
-0.002758
-0.005598
0.003097
0.010129
0.007969
0.007960
-0.001141
-0.007953
-0.016990
-0.005704
-0.021275
0.002387
0.007552
-0.016221
-0.012103
0.003189
-0.019130
-0.013622
0.000080
-0.000811
-0.008052
0.000263
-0.011621
0.045452
-0.000956
0.010501
0.000247
-0.007107
0.009576
-0.007880
0.036316
0.006031
0.004433
0.008167
-0.007455
0.013209
-0.001638
-0.008738
-0.013199
-0.004157
-0.015814
0.000949
-0.010438
-0.010869
-0.007908
-0.016344
0.006351
-0.006816
-0.016623
0.002357
-0.020363
0.009457
-0.011264
0.011000
-0.003919
-0.003261
0.002180
-0.002884
0.064975
-0.005139
0.003900
-0.003670
-0.004307
-0.001525
-0.008189
0.006120
0.005787
0.001946
-0.026466
0.001559
0.001499
0.010133
0.030066
-0.022218
-0.007344
-0.003901
0.003540
0.018403
-0.008656
-0.003192
-0.009667
-0.011900
0.024856
0.003971
-0.011852
0.010110
-0.011380
-0.011502
0.015616
-0.002277
-0.007420
0.000335
-0.012975
0.006437
-0.016973
-0.001739
0.027688
0.015764
-0.000707
-0.012917
-0.006807
0.000410
-0.000377
-0.012180
-0.002501
-0.005268
-0.000609
-0.001457
0.020215
-0.000852
0.006265
-0.017099
-0.013199
0.012454
-0.006828
0.006774
0.029867
0.001632
-0.012501
0.017084
-0.004094
-0.005281
-0.004845
-0.021204
-0.011189
-0.007855
0.016056
0.002177
-0.001018
-0.007343
-0.009527
-0.014132
-0.019468
-0.017303
-0.009714
0.002455
-0.012810
-0.009031
-0.012903
-0.006583
-0.006649
-0.009967
-0.006320
0.008974
-0.007802
0.024562
-0.008924
0.004887
-0.017626
-0.007358
-0.016819
-0.016343
-0.008395
-0.001563
-0.015964
0.020463
-0.027946
-0.002574
0.001858
-0.019445
-0.011983
-0.014497
0.007659
-0.029501
-0.008641
0.015938
0.001362
-0.038101
-0.008902
-0.003397
0.018345
0.020066
-0.010026
0.010803
-0.006458
0.001796
-0.003384
0.008517
-0.015609
0.003136
0.002414
-0.002312
0.017153
0.000339
0.000561
-0.011702
-0.012124
0.019228
0.013611
-0.002954
-0.033870
-0.002412
-0.011323
-0.001454
0.021766
-0.004390
0.022298
0.001767
-0.000471
-0.006201
-0.003862
-0.002291
-0.002577
-0.014760
-0.014687
0.005756
-0.011563
0.021672
-0.002807
-0.017469
-0.005849
0.001020
0.001683
-0.010566
-0.005266
-0.003037
0.004640
0.002633
-0.005070
-0.006046
0.009263
-0.011590
-0.000258
0.000351
-0.006714
0.000327
0.025389
0.007266
-0.006451
-0.003205
-0.012761
-0.006876
-0.009289
-0.007150
-0.001476
0.004572
-0.001788
0.008252
-0.010996
-0.002612
0.005357
-0.005608
-0.006531
-0.006437
0.002889
-0.008735
-0.004160
-0.002714
0.022096
0.009419
-0.006439
0.031334
0.009953
-0.002097
0.005654
0.000758
0.055323
-0.010406
-0.002260
-0.004678
0.007932
-0.000572
-0.013182
0.003329
-0.007143
-0.001609
0.012622
-0.006552
-0.002775
0.004189
-0.001654
-0.014675
0.006544
-0.006044
0.024341
-0.002549
-0.004279
0.005474
0.017316
0.007521
0.000867
0.000874
-0.000539
0.010401
0.018773
0.000927
0.008459
0.127010
0.003636
-0.014875
0.012463
0.131659
0.002411
-0.005477
-0.000102
0.018301
-0.004316
0.000246
-0.011528
0.004413
-0.007049
-0.001005
0.004340
-0.022382
0.003661
0.013967
-0.004169
-0.000892
0.004579
0.015947
-0.018251
-0.029939
0.009851
-0.004998
0.007366
0.011757
-0.000426
-0.010754
-0.005416
-0.002735
-0.018964
-0.002025
-0.003776
-0.004004
0.009551
-0.000824
-0.000970
0.006543
0.021336
0.006957
0.001352
0.004134
-0.002254
-0.008362
-0.000888
-0.000722
-0.005278
-0.001886
0.000080
0.002891
-0.005845
-0.022157
-0.012213
-0.004769
-0.006157
-0.013190
-0.005100
0.014743
0.010383
0.021954
-0.001658
-0.016162
-0.020449
-0.006284
-0.000092
-0.007492
-0.001544
-0.001089
-0.003798
-0.018400
0.001512
-0.011243
-0.006202
-0.007435
-0.001084
-0.005285
-0.001399
-0.022385
0.001298
-0.010441
0.019812
-0.007177
-0.007776
0.001309
-0.002964
-0.012738
-0.000914
0.006763
-0.002908
0.000258
-0.005461
-0.022272
-0.000299
0.000632
-0.001406
0.017456
0.002006
-0.013179
0.004081
0.002037
-0.005547
0.011364
0.006529
-0.001228
0.002369
-0.017693
0.007344
-0.011499
0.009752
-0.002684
0.029037
0.002877
0.008745
-0.014250
0.002438
-0.008787
-0.016332
0.013142
0.019382
-0.006257
-0.018540
-0.003634
0.002108
0.043919
-0.008003
-0.009922
0.000380
0.018666
-0.002493
-0.038438
-0.001714
-0.035489
-0.004661
-0.004594
-0.000464
0.023483
-0.027918
-0.001586
-0.004623
-0.015394
-0.010211
0.006275
0.002984
-0.004487
0.003929
0.001952
-0.006609
-0.039676
0.014949
-0.001340
0.006117
-0.006968
-0.002992
0.015969
0.002226
-0.001014
0.007864
-0.030041
-0.003706
-0.000823
0.065685
0.003880
0.010297
-0.003454
0.022451
0.002394
0.005950
-0.001257
0.020256
0.039346
0.012669
0.002243
-0.002607
-0.002894
-0.025273
0.016568
0.001993
-0.005233
-0.019453
-0.005528
-0.015569
-0.027682
0.002021
-0.009013
0.006295
0.012808
-0.003693
0.003258
0.008677
-0.001715
-0.000547
-0.013251
0.007885
0.012597
0.005278
-0.010323
-0.003173
0.029738
-0.001871
-0.005548
-0.011994
-0.002074
0.012155
-0.002926
0.004534
0.007794
-0.003466
0.002852
0.000915
-0.012717
-0.018372
-0.003391
-0.003203
-0.000976
0.001629
0.039453
0.003824
0.005284
0.079050
-0.007906
-0.009701
-0.003494
-0.008176
-0.017982
-0.019925
-0.016679
0.007780
-0.001709
-0.017138
0.003094
-0.001316
-0.020825
-0.000759
0.023243
-0.009883
-0.002308
0.006507
-0.005716
0.007526
-0.026907
0.029892
-0.002240
0.000965
0.004314
-0.004309
0.001565
-0.001655
-0.004892
0.000495
-0.004304
-0.007916
-0.015436
0.004788
-0.002459
-0.003414
0.008450
0.012886
-0.013723
-0.008598
-0.012266
-0.014556
-0.010192
-0.006964
-0.000501
0.002791
-0.006861
-0.015647
-0.015548
-0.006169
-0.007877
0.004714
-0.007945
-0.005052
-0.008571
-0.000214
-0.013945
0.006860
0.028993
0.006500
-0.009885
-0.004378
0.002327
-0.008497
0.009924
-0.004519
-0.005874
-0.008423
0.006722
-0.022741
-0.000181
0.011412
-0.001500
0.000546
-0.003425
0.001871
0.002700
-0.011656
-0.005020
0.016014
-0.003680
-0.034809
0.022295
-0.017806
-0.005597
0.000885
-0.025909
-0.005789
0.004875
0.009356
-0.003598
-0.000896
-0.010198
0.001633
-0.011644
-0.010026
0.009619
-0.015964
-0.009484
-0.001799
0.001578
0.000289
-0.012768
-0.009033
-0.014026
-0.002780
0.016957
-0.000416
0.013067
-0.001377
-0.006095
0.002180
0.018217
-0.002046
-0.012640
-0.006827
0.000174
-0.006299
-0.001705
0.003757
-0.012328
-0.016331
0.001718
0.006337
-0.002713
0.000933
0.008237
0.002574
0.029967
0.003778
-0.024533
0.006851
0.000866
-0.004831
-0.010565
-0.003472
-0.008704
-0.006838
0.003311
-0.008940
0.009115
-0.006231
-0.000133
-0.004100
0.002398
-0.016856
-0.010641
-0.002654
-0.009194
-0.006429
-0.010211
0.000474
-0.004121
0.009931
0.004038
-0.009716
-0.010152
-0.001787
-0.025295
-0.003237
0.003871
0.021084
0.004662
0.006703
-0.019919
0.007259
0.016014
-0.018833
-0.006181
-0.009016
0.008987
-0.010002
-0.001174
-0.008608
-0.001047
0.010335
0.015816
0.002131
0.002336
-0.003798
0.025255
-0.003845
-0.000721
-0.005425
-0.013293
-0.000151
-0.009071
-0.022996
-0.003524
-0.001447
-0.002371
0.013530
0.000739
-0.006668
-0.002616
-0.025753
-0.007086
-0.001819
-0.020252
-0.021346
0.021344
-0.004802
-0.010004
0.047393
0.000435
0.001323
-0.002854
-0.059690
-0.005297
-0.004436
-0.002815
-0.002539
-0.001687
-0.005982
0.003577
0.009638
0.000839
-0.008323
-0.002554
-0.000579
-0.001585
0.004130
0.000473
-0.008292
0.011583
0.001022
0.001722
-0.010481
-0.013628
-0.001178
-0.005794
0.002844
-0.008767
-0.005023
-0.010204
0.000256
-0.003489
-0.004625
-0.001035
-0.008856
-0.002693
-0.005683
-0.002703
-0.000264
-0.014655
-0.010037
0.016574
-0.012421
-0.010703
-0.001793
-0.008984
0.019518
-0.003356
-0.009138
-0.012501
-0.004009
0.000678
0.023194
0.002286
-0.000155
-0.016898
-0.004348
0.002656
-0.003912
-0.019890
-0.006844
-0.009002
-0.000768
0.012392
0.006286
-0.018227
-0.001592
0.004287
-0.006795
-0.002175
0.002762
-0.034474
-0.000875
0.010588
-0.002410
-0.003575
0.001498
-0.002440
-0.001075
0.000262
-0.000232
-0.003190
0.001103
-0.005767
0.002488
0.011404
0.014035
-0.000844
-0.005154
0.022708
0.002928
-0.007169
-0.001603
-0.002402
0.007554
-0.002806
0.003674
-0.012045
0.023291
0.010330
0.014224
-0.004000
0.004430
0.000575
-0.006950
-0.006215
-0.004356
0.010690
-0.002614
0.000733
-0.000907
0.011852
0.000871
-0.003677
-0.002494
-0.007348
-0.004841
-0.004560
0.013724
-0.002383
0.002175
0.002243
-0.013488
0.001801
0.002949
-0.002400
0.016486
-0.003769
-0.006454
-0.008237
-0.009342
-0.007432
-0.000091
-0.008878
-0.011845
-0.006351
-0.002706
0.010823
-0.005309
0.001317
-0.002309
-0.002422
0.016924
0.004300
-0.001258
-0.010163
-0.000027
-0.004652
-0.015016
0.016723
0.000860
-0.001999
-0.026983
-0.022207
0.014048
0.001214
-0.014151
-0.002654
0.000472
0.002076
-0.008670
-0.002570
0.000818
