0.000346
0.000000
0.000000
0.000000
0.000000
0.000000
0.000000
0.000000
0.000000
0.000000
0.000000
0.000000
-0.000113
-0.008069
-0.002202
-0.040249
-0.003620
0.000000
0.001093
0.000000
0.000000
0.000000
0.000000
0.000000
0.000000
0.000000
0.000000
0.000000
0.000000
0.000000
0.000000
0.000000
0.000000
0.000000
0.000000
0.000000
0.000000
0.000000
0.000000
0.000000
0.000000
0.000000
0.004272
-0.000245
0.000000
0.000429
0.000000
0.000000
0.000000
0.000000
0.000000
0.000000
0.000000
0.000000
0.000000
0.000000
0.010551
0.000000
0.000000
0.000000
0.000000
0.000000
0.000000
0.000000
0.000000
0.000000
0.000000
0.000000
-0.000713
-0.006465
0.000000
0.000000
0.000000
-0.009149
-0.005930
0.003731
0.023608
0.040122
0.000000
0.000000
0.000000
0.000000
0.000000
-0.000213
0.000000
0.000000
0.000000
0.000000
0.000000
0.000000
0.000000
0.000000
0.000000
0.000000
0.000000
0.000000
0.000000
0.000000
0.000000
0.000000
0.000000
0.000000
0.000000
0.000000
0.000000
0.000000
0.000000
0.000000
0.000000
0.000000
0.000000
0.000000
0.000000
0.000000
0.000000
0.000000
0.000000
0.000000
0.000000
0.000000
0.000000
0.000000
0.000000
0.000000
0.000000
0.000000
0.000000
0.000000
0.000000
0.000000
0.000000
0.000000
0.000000
0.000000
0.000000
0.000000
0.000000
0.000000
0.000000
0.000000
0.000000
0.000000
0.000000
0.000000
0.000000
0.000000
0.000000
0.000000
0.000000
0.000000
0.000000
0.000000
0.000000
0.000000
0.000000
0.000000
0.000000
0.000000
0.000000
0.000000
0.000000
0.000000
0.000000
0.000000
0.000000
0.000000
0.000000
0.000000
0.000000
0.000000
0.000000
0.000000
0.000000
0.000000
0.000000
0.000000
0.000000
0.000000
0.000000
0.000000
0.000000
0.000000
0.000000
0.000000
0.000000
0.000000
0.000000
0.000000
0.000000
0.000000
0.000000
0.000000
0.000000
0.000000
0.000000
0.000000
0.000000
0.000000
0.000000
0.000000
0.000000
0.000000
0.000000
0.000000
0.000000
0.000000
0.000000
0.000000
0.000000
0.000000
0.000000
0.000000
0.000000
0.000000
0.000000
0.000000
0.000000
0.000000
0.000000
0.000000
0.000000
0.000000
0.000000
0.000000
0.000000
0.000000
0.000000
0.000000
0.000000
0.000000
0.000000
0.000000
0.000000
0.000000
0.000000
0.000000
0.000000
0.000000
0.000000
0.000000
0.000000
0.000000
0.000000
0.000000
0.000000
0.000000
0.000000
0.000000
0.000000
0.000000
0.000000
0.000000
0.000000
0.000000
0.000000
0.000000
0.000000
0.000000
0.000000
0.000000
0.000000
0.000000
0.000000
0.000000
0.000000
0.000000
0.000000
0.000000
0.000000
0.000000
0.000000
0.000000
0.000000
0.000000
0.000000
0.000000
0.000000
0.000000
0.000000
0.000000
0.000000
0.000000
0.000000
0.000000
0.000000
0.000000
0.000000
0.000000
0.000000
0.000000
0.000000
0.000000
-0.004879
-0.000588
0.000000
0.000000
0.000000
0.000000
0.000000
0.000000
0.000000
0.000000
0.000000
0.000000
0.000000
0.000000
0.000000
0.000000
0.000000
0.000000
0.000000
0.000000
0.000000
0.000000
0.000000
0.000000
0.000000
0.000000
0.000000
0.000000
0.000000
0.000000
0.000000
0.000000
0.000498
0.000381
0.000000
0.000000
0.000000
0.000000
0.000000
0.000000
0.000000
0.000000
0.000000
0.000000
0.000000
0.000000
0.000000
0.000000
0.000000
0.000000
0.000000
0.000000
0.000000
0.000000
0.000000
0.000000
0.000000
0.000000
0.000000
0.000000
0.000000
0.000000
0.000000
0.000000
0.000000
0.000000
0.000000
0.000000
0.000000
0.000000
0.000000
0.000000
0.000000
0.000000
0.000000
0.000000
0.000000
0.000000
0.000000
0.000000
0.000000
0.000000
0.000000
0.000000
0.000000
0.000000
0.000000
0.000000
0.000000
0.000000
0.000000
0.000000
0.000000
0.000000
0.000000
0.000000
0.000000
0.000000
0.000000
0.000000
0.000000
0.000000
0.000000
0.000000
0.000000
0.000000
0.000000
0.000000
0.000000
0.000000
0.000000
0.000000
0.000000
0.000000
0.000000
0.000000
0.000000
0.000000
0.000000
0.000000
0.000000
0.000000
0.000000
0.000000
0.000000
0.000000
0.000000
0.000000
0.000000
0.000000
0.000000
0.000000
0.000000
0.000000
0.000000
0.000000
0.000000
0.000000
0.000000
0.000000
0.000000
0.000000
0.000000
0.000000
0.000000
0.000000
0.000000
0.000000
0.000000
0.000000
0.000000
0.000000
0.000000
0.000000
0.000000
0.000000
0.000000
0.000000
0.000000
0.000000
0.000000
0.000000
0.000000
0.000000
0.000000
0.000000
0.000000
0.000000
0.000000
0.000000
0.000000
0.000000
0.000000
0.000000
0.000000
0.000000
0.000000
0.000000
0.000000
0.000000
0.000000
0.000000
0.000000
0.000000
0.000000
0.000000
0.000000
0.000000
0.000000
0.000000
0.000000
0.000000
0.000000
0.000000
0.000000
0.000000
0.000000
0.000000
0.000000
0.000000
0.000000
0.000000
0.000000
0.000000
0.000000
0.000000
0.000000
0.000000
0.000000
0.000000
0.000000
0.000000
0.000000
0.000000
0.000000
0.000000
0.000000
0.000000
0.000000
0.000000
0.000000
0.000000
0.000000
0.000000
0.000000
0.000000
0.000000
0.000000
0.000000
0.000000
0.000000
0.000000
0.000000
0.000000
0.000000
0.000000
0.000000
0.000000
0.000000
0.000000
0.000000
0.000000
0.000000
0.000000
0.000000
0.000000
0.000000
0.000000
0.000000
0.000000
0.000000
0.000000
0.000000
0.000000
0.000000
0.000000
0.000000
0.000000
0.000000
0.000000
0.000000
0.000000
0.000000
0.000000
0.000000
0.000000
0.000000
0.000000
0.000000
0.000000
0.000000
0.000000
0.000000
0.000000
0.000000
0.000000
0.000000
0.000000
-0.000143
-0.007124
-0.020847
-0.000407
-0.000266
-0.000186
0.000000
0.000000
-0.004228
-0.003811
0.003257
0.000000
0.002529
0.000000
0.000000
0.000000
0.000000
0.000000
0.000000
0.000000
0.000000
0.000000
0.000000
0.000000
0.000000
0.000000
0.000000
0.000000
0.000000
0.000000
0.000000
0.000000
0.000000
0.000000
0.000000
0.000000
0.000000
0.000000
0.000000
0.000000
0.000000
0.000000
0.000000
0.000000
0.000000
0.000000
0.000000
0.000000
0.000000
0.000000
0.000000
0.000000
0.000000
0.000000
0.000000
0.000000
0.000000
0.000000
0.000000
0.000000
-0.007626
0.000700
0.000000
0.005453
-0.001920
0.000000
0.004153
0.001413
0.001730
-0.005883
-0.001945
-0.014242
-0.004863
0.000000
0.000000
0.000000
0.000000
0.000000
0.000000
-0.004134
0.000000
-0.004810
0.000000
-0.007065
0.000000
-0.005852
0.000000
0.003252
-0.008503
-0.001882
-0.012455
-0.009610
0.110084
0.000000
0.000000
0.000000
-0.000275
0.000000
0.005635
-0.004030
0.001053
0.000000
0.000000
0.000000
0.002012
0.000000
0.000000
-0.016252
0.002756
-0.005451
-0.004457
-0.000533
-0.000504
-0.001994
-0.001677
-0.002754
0.001680
-0.003795
0.004003
-0.000415
0.000000
-0.001051
0.001494
0.002163
0.007900
0.000000
0.000000
0.000000
0.013122
0.000000
0.000000
0.004273
0.000000
0.000000
0.000000
-0.001630
0.000000
0.000000
0.000000
0.000000
0.027307
0.000000
0.000000
0.006293
0.000000
0.000000
0.018585
0.020006
0.002936
-0.005773
0.004921
-0.005173
-0.004400
0.000000
0.000000
0.000000
0.000000
0.004179
-0.007385
0.020714
0.017011
-0.004523
-0.000023
0.039768
-0.019056
-0.010357
-0.000630
-0.003552
0.000000
0.000000
0.000000
0.000000
0.000000
0.000000
0.003268
0.006234
0.025799
0.003279
-0.011437
0.008207
0.000000
0.000000
0.000000
-0.004872
0.000000
0.000000
-0.001492
0.000000
0.000000
0.000000
0.000000
0.000000
-0.002344
0.000000
0.000000
-0.012516
-0.002443
0.000000
-0.014036
0.002472
0.000000
0.000000
0.000000
0.000000
0.000000
0.000000
0.000000
0.000000
0.000000
0.000000
0.000000
0.000000
0.000000
0.000000
0.000000
0.000000
-0.001665
-0.000751
0.000000
0.000000
0.000000
0.000000
0.000000
0.000000
0.000000
0.000000
0.000000
0.000000
0.000000
0.000000
0.000000
0.000000
0.000000
0.000000
0.000000
0.000000
0.000000
0.000000
0.000000
0.000000
0.000000
0.000000
0.000000
0.000000
0.000000
0.000000
0.000000
0.000000
0.000000
0.000000
0.000000
0.000000
0.000000
0.000000
0.000000
0.000000
0.000000
0.000000
0.000000
0.000000
-0.002933
-0.007875
0.000493
0.000000
0.000000
0.033095
-0.009364
-0.000110
0.000700
0.000000
0.000000
0.000000
0.000000
0.000000
0.000000
0.000000
0.030319
-0.010124
-0.006486
-0.010509
0.000000
0.000000
-0.001063
0.000000
0.000000
0.000000
0.000000
0.000000
0.000000
0.000000
0.000000
0.000000
0.000000
0.000000
0.000000
0.000000
0.000000
0.000000
0.000000
0.000000
0.000000
0.000000
0.000000
0.000000
0.000000
0.000000
0.000000
0.000000
0.000000
0.000000
0.000000
0.000000
0.000000
0.000000
0.000000
0.000000
0.000000
0.000000
0.000000
0.000000
0.000000
0.000000
-0.001987
0.000000
0.000000
0.000000
0.000000
-0.006969
0.008677
-0.000760
-0.002550
0.033438
-0.001789
0.025357
0.000000
0.000000
0.000000
0.000000
0.000000
0.000000
0.000000
0.000000
0.047735
0.055577
-0.023736
0.000908
0.001464
0.000000
-0.009472
0.009736
-0.009132
0.002306
0.000000
0.000000
-0.001678
0.000000
0.000000
-0.003663
-0.009867
0.033302
0.008927
0.000000
-0.005392
0.000000
-0.024115
0.000000
-0.032998
-0.019263
-0.006691
0.000000
0.013604
-0.006316
-0.006190
0.017637
-0.001158
-0.001116
0.000000
-0.000114
-0.000242
-0.001818
0.000000
0.000000
0.000000
-0.001941
-0.000390
0.000760
0.000000
-0.013602
0.000000
-0.004260
0.003631
0.002462
-0.003444
-0.004193
-0.002759
0.000000
-0.001189
0.002022
-0.001624
-0.001661
-0.003567
0.000000
-0.002523
0.000000
0.006593
-0.003183
-0.001648
-0.001315
0.009650
0.000368
0.000000
0.000000
0.000000
0.000000
0.000000
0.000000
0.000000
0.000000
0.000000
0.000000
0.000000
0.000000
0.000000
0.000000
0.000000
0.000000
0.000000
0.000000
-0.014967
0.006378
-0.001043
-0.010462
0.021244
0.025197
0.004860
0.000000
0.079242
-0.002305
0.000000
0.000000
0.000000
-0.000136
0.000000
0.000361
-0.001626
0.005288
0.000000
-0.003326
0.000000
0.000000
0.000000
0.000000
0.000000
0.000075
-0.002176
-0.002416
0.000000
0.000042
-0.000368
0.000000
0.000000
-0.000730
0.000000
0.000000
-0.010692
-0.001100
-0.000597
0.000000
-0.004099
0.000030
0.000368
-0.001712
-0.000329
0.000000
0.000000
0.000000
0.000000
0.000000
0.000000
0.000000
0.000000
0.000000
0.000000
0.000000
0.000000
0.000000
0.000000
0.000000
0.000000
0.000000
0.000000
0.000000
0.000000
0.000000
0.000000
0.000000
0.000000
0.000000
0.000000
0.000000
0.000000
0.000000
0.000000
0.000000
0.000000
0.000000
0.000000
0.000000
0.000000
0.000000
0.000000
0.000000
-0.012632
0.005522
-0.000339
-0.006414
0.000000
0.000000
0.000381
0.000000
-0.025932
-0.005639
0.009125
0.000000
-0.003711
-0.011677
0.006115
0.000000
0.001299
0.000000
-0.001102
0.001192
0.007486
-0.001821
-0.003692
-0.008222
-0.003929
-0.000691
-0.004254
0.002194
0.000000
0.000000
0.000000
0.000000
0.000000
0.000000
0.000000
0.000000
0.000000
0.000000
0.000000
0.000000
0.000000
-0.002015
0.000000
-0.000249
0.000000
0.030712
-0.001678
0.003556
-0.003667
0.000000
0.000000
0.002284
0.000000
0.000000
-0.004245
0.007786
0.000000
0.000000
0.000000
0.014938
0.000000
0.000000
0.000000
0.000000
0.000000
0.028087
-0.003516
-0.000305
0.000000
0.000000
0.000000
0.000000
0.000000
0.001372
0.002510
0.000000
-0.002927
-0.015968
0.002947
0.000000
0.002464
-0.003561
0.002689
-0.004628
0.001159
-0.002813
0.000000
0.000000
0.000000
0.000000
0.000000
0.000000
0.000000
0.000000
0.000000
0.000000
0.000000
-0.004672
0.002235
-0.000788
0.004522
0.000089
-0.002843
-0.008068
-0.005753
-0.019893
-0.013540
-0.002806
0.001277
0.004714
-0.000438
-0.002409
0.000000
0.000000
0.000000
0.000000
-0.000562
0.015908
0.002694
0.004758
-0.008539
0.005084
0.000000
-0.002998
0.000000
0.000000
0.000000
-0.002278
-0.005144
-0.000747
-0.009921
0.001310
0.000000
-0.007508
0.016129
-0.006352
-0.001924
0.000000
0.000000
-0.025231
-0.006522
-0.010860
-0.014475
-0.001419
0.004113
0.008732
-0.001740
0.027065
0.000000
-0.000135
-0.000583
0.000000
0.001826
0.000000
-0.003310
0.000000
0.000000
-0.001545
-0.005222
-0.003080
0.000000
-0.031106
-0.005077
0.013958
0.003867
0.000000
0.000000
0.000000
0.000000
0.000000
0.000000
0.005043
0.006459
0.006682
-0.010004
0.002092
0.002760
-0.006999
0.006698
0.000000
-0.004057
0.000000
0.013691
-0.002932
0.000000
-0.006309
0.008627
-0.004023
0.000000
0.000548
0.000000
0.002338
0.000000
0.002556
0.004162
-0.003723
0.000000
0.000000
-0.003641
0.000000
0.000000
-0.006804
0.001485
0.007891
0.001733
-0.002730
0.004167
0.000000
0.000000
-0.007020
-0.000972
-0.001661
0.000150
-0.001689
0.009478
0.002881
0.011300
-0.002647
-0.004659
0.025952
0.008286
0.000000
0.000000
0.000000
0.000000
0.004505
0.001398
-0.003949
0.000000
-0.006041
-0.004930
0.000000
0.000000
0.000000
-0.005998
0.000000
0.003516
-0.003659
0.004512
0.000000
0.000000
0.000000
0.000000
0.007169
0.000790
0.013237
0.024922
-0.002027
0.000000
-0.007722
-0.003492
0.019787
-0.004021
0.000000
0.025647
-0.016885
-0.001789
-0.014718
-0.004968
0.001070
0.000000
0.000000
-0.007828
0.000173
0.000000
0.000000
0.000000
0.000000
0.000000
0.000000
0.006903
0.005476
0.006560
0.006204
0.018716
0.000248
-0.004381
-0.005225
0.018184
0.009848
0.019323
-0.007092
0.002654
-0.001489
0.006909
0.004603
-0.000486
0.003111
-0.002895
-0.005126
-0.007795
-0.004243
-0.003292
0.013850
-0.000846
0.000000
-0.002105
-0.003271
-0.003114
-0.001039
0.000000
0.012466
0.000388
0.001132
-0.001829
-0.004950
-0.002610
-0.006081
-0.011896
0.012066
0.008017
-0.011600
-0.003455
0.000000
0.000000
0.000000
0.000000
0.000000
-0.000111
-0.003324
-0.007840
0.000000
0.000000
0.000000
0.000000
-0.002249
-0.007491
0.000543
0.000000
0.000000
0.000000
0.000000
0.000000
0.000000
-0.002183
0.000000
0.000000
0.000000
-0.003612
-0.002256
0.002445
-0.007076
0.000000
-0.006903
-0.004823
-0.000715
0.000000
0.000000
0.000000
0.002040
0.000000
-0.005545
-0.001164
0.000900
0.002435
0.000008
-0.005384
0.002574
-0.001585
-0.000910
-0.001099
-0.004254
-0.000908
-0.005342
0.005893
-0.002186
-0.007938
0.000000
-0.003444
0.000000
0.000000
0.000000
0.008516
0.001705
0.000000
0.008228
-0.000853
-0.007905
0.000000
0.000000
-0.004019
0.004189
-0.000949
0.004091
-0.001142
-0.000621
0.000000
0.000000
0.001376
0.000464
-0.002002
-0.002653
-0.000580
0.000512
0.000917
-0.004050
0.000000
0.001759
-0.002513
0.000000
0.011482
-0.005402
0.007366
0.010465
-0.007448
-0.001308
0.007094
-0.005824
0.000000
0.000000
0.014416
0.011916
-0.004450
0.002871
0.000313
-0.006381
0.000020
-0.003853
0.003348
0.000000
0.000000
0.000865
0.000000
0.000000
-0.006348
0.014009
-0.004016
-0.000097
-0.000950
0.000000
0.000000
0.000000
0.002571
0.000000
0.000000
-0.003553
0.001301
0.006428
-0.002606
0.000000
-0.002540
-0.001569
0.000000
0.000000
-0.000339
-0.021035
-0.000016
0.016165
0.000000
0.000000
0.002489
-0.004311
-0.004426
-0.005307
0.023640
0.001342
-0.002488
-0.003377
-0.001543
0.000000
0.000000
0.000000
0.000000
0.000000
0.000000
0.000000
0.000505
0.000000
0.000000
0.000000
0.000000
0.000000
0.000000
0.000542
-0.005314
0.010339
-0.003343
-0.001189
0.000000
-0.003709
0.117434
0.018994
-0.003058
-0.001130
0.000000
0.000000
-0.001793
-0.004161
-0.006907
0.001989
0.000000
0.000000
0.000000
0.000000
0.000000
-0.004642
-0.001290
-0.001187
-0.001323
-0.004427
-0.002612
-0.007259
-0.011865
0.000000
-0.007270
0.000577
0.073245
-0.001752
0.001078
0.000000
-0.003866
0.000000
-0.018810
0.001882
-0.000760
-0.000313
-0.000106
0.000000
-0.005008
0.001800
-0.001287
0.000000
0.006627
-0.008442
0.004018
0.009015
-0.002759
0.006745
0.008794
0.010957
-0.000340
0.000000
0.000000
-0.001870
0.000151
-0.005514
-0.000799
0.000000
0.000000
-0.000914
0.002036
-0.000335
0.000000
0.030018
0.000000
0.000000
0.000000
0.000320
0.002714
0.004495
0.000011
-0.004096
-0.004974
0.000107
0.021054
-0.006482
0.001413
0.000511
-0.001736
0.000000
0.000000
-0.001054
0.000000
0.023281
0.002310
-0.017707
-0.004082
-0.001388
-0.001990
0.004476
0.000000
-0.004460
-0.003311
-0.012595
-0.003164
0.001485
0.000000
-0.007350
-0.006643
0.000000
0.000000
0.000000
0.000000
0.010013
0.035338
-0.014907
0.001645
-0.001426
0.000917
-0.014136
-0.002705
0.000804
0.000000
0.000000
0.000000
0.002965
0.000419
-0.010586
-0.001097
-0.002496
0.000000
0.073740
-0.001150
-0.008435
0.003884
0.017338
0.001568
0.003849
0.006166
0.002690
0.003568
-0.002159
0.016464
-0.001738
-0.006583
0.000000
0.000000
0.000000
-0.005455
0.000988
0.000000
0.000000
0.000000
0.000000
0.000000
0.000000
0.000000
-0.006790
-0.010686
-0.000314
-0.001709
-0.004102
-0.005257
0.013408
-0.006824
0.005035
-0.001023
-0.003473
0.000525
0.000000
-0.000028
0.015565
0.003628
0.000000
0.000000
0.000000
0.000000
0.000000
-0.003062
0.000795
0.008482
-0.003284
0.000000
-0.004087
-0.002879
0.004106
0.000010
0.021362
0.010583
0.000000
-0.007159
0.001916
0.003776
-0.000284
0.000956
0.026377
-0.014173
-0.001087
0.000479
-0.021810
-0.003850
-0.001757
-0.000736
0.000000
0.000000
0.009027
0.004485
-0.003680
0.000000
-0.000647
0.000496
0.000000
-0.004698
0.000000
0.000000
0.000000
-0.006827
-0.003046
-0.009445
-0.000884
0.000000
0.001428
-0.001871
-0.001219
0.036790
-0.002193
0.000000
0.002420
0.000000
-0.001543
0.000760
-0.000157
0.010405
-0.001675
0.000000
0.000000
0.004642
-0.010562
-0.001955
0.000000
0.000000
0.000000
0.000000
0.012121
-0.009567
0.012239
0.000000
0.000000
0.000000
0.000000
-0.001241
0.009822
0.001523
0.001868
-0.006333
0.003207
-0.010078
0.001773
0.000000
0.000000
0.000000
0.000000
0.013266
0.000000
0.000000
-0.004070
-0.000062
0.000000
0.000000
0.000000
0.000000
0.000000
0.000000
-0.002609
-0.003215
0.004335
0.000000
0.000000
-0.004796
0.000000
0.000000
0.000000
-0.006473
0.000000
0.000000
-0.003788
-0.005481
-0.001704
0.000000
0.000000
0.000000
0.000000
0.000000
0.000000
0.000000
0.000000
-0.003509
0.002228
-0.022064
-0.007421
-0.008234
0.000000
-0.007576
0.000000
0.036483
-0.006628
0.032812
-0.003628
-0.001130
-0.002992
-0.002017
-0.004234
-0.002413
-0.004190
0.002683
-0.000733
-0.010441
-0.000881
-0.003900
-0.004664
-0.018129
-0.011299
0.002214
-0.001787
0.000000
0.000000
0.008600
0.000000
0.001665
-0.007722
0.004168
-0.001263
-0.005032
-0.000252
-0.008904
-0.007495
-0.000902
-0.001303
-0.003218
0.017795
-0.003598
0.000000
0.000000
-0.002840
0.000701
0.000000
0.000000
-0.000006
0.003843
0.000000
0.000000
0.005497
0.000000
-0.006993
0.006786
-0.007923
-0.001408
0.000776
-0.003149
-0.001360
-0.005913
-0.012089
0.000000
-0.004135
0.007011
0.000181
0.006644
-0.002646
-0.003008
-0.004521
-0.023522
0.000000
-0.034409
0.000000
0.003587
0.045156
0.054210
-0.009208
-0.002232
0.000000
0.000000
0.000000
0.002261
0.031567
0.013075
0.005532
0.000000
-0.019154
0.001901
0.000000
0.002959
-0.000708
0.000000
-0.001153
0.003763
-0.002980
0.000000
0.000000
0.000000
-0.001793
0.000000
0.000000
0.000000
0.000253
0.000603
0.000277
0.000549
-0.000364
-0.002157
-0.004510
-0.003813
0.013840
-0.005027
0.013794
0.004838
-0.004085
0.000000
-0.005848
0.000000
-0.006222
-0.005201
0.000000
-0.002884
0.000000
0.033122
-0.000373
-0.000375
0.000344
-0.002369
0.000570
-0.000478
0.000000
-0.006299
0.005512
-0.001874
0.004907
0.000000
0.009371
-0.003810
-0.003436
0.000000
0.003028
-0.019820
0.009274
-0.010472
-0.001067
0.000000
-0.004669
0.029928
-0.005604
0.000000
-0.015566
-0.011647
0.005295
-0.014407
0.021319
0.022893
-0.003436
0.000000
0.028692
0.016241
0.005112
0.007323
0.000000
-0.007735
-0.014771
-0.002855
0.000000
0.000000
0.000000
-0.004600
-0.001954
0.009761
-0.000721
0.000000
-0.017518
-0.004950
-0.006867
0.002080
0.000000
0.000000
0.000000
0.000000
-0.012064
-0.000896
0.000000
0.000000
0.000000
0.000000
0.000000
0.000000
0.000000
0.000000
0.006154
0.000000
0.000000
-0.005031
-0.002887
0.000000
-0.004523
0.003150
-0.000836
0.004015
-0.005001
0.015520
-0.000364
0.000000
0.000000
0.000000
0.000000
0.000000
0.000000
0.000000
0.000000
0.000000
0.000000
0.000000
-0.009759
0.013143
0.000256
-0.000488
-0.006158
-0.001918
0.004508
-0.000590
0.014667
0.001794
0.000000
0.000000
-0.001396
-0.003022
-0.000514
-0.005724
0.000000
-0.005531
0.001345
-0.039860
-0.015065
-0.021990
-0.002517
0.001354
-0.001727
-0.003198
0.008651
0.004847
0.000000
-0.009516
-0.003440
-0.003286
-0.008498
-0.016539
-0.003248
-0.001795
0.000000
0.000000
0.002909
0.000000
-0.019963
-0.005934
0.003358
0.000578
0.000268
-0.000347
0.000000
0.000000
-0.006154
0.001651
-0.022751
0.001934
-0.005360
0.002264
0.002630
0.000498
0.000000
-0.011710
0.003283
-0.004042
-0.000573
0.000000
-0.003424
0.000000
0.001211
0.000000
0.000000
0.000000
0.000000
0.000000
0.000000
0.000000
-0.006157
0.003065
0.000000
0.000000
0.000000
0.000000
-0.004115
0.003148
-0.014779
-0.000024
0.000000
0.000000
-0.003511
0.000804
0.000918
0.000000
0.000000
0.000000
0.001186
0.000000
0.000000
0.000000
0.000000
0.000000
0.000000
0.000000
0.000000
0.000000
0.000000
0.000000
0.000000
0.000000
0.000000
0.000000
0.000000
0.000000
0.000000
0.004730
0.012426
-0.007134
0.003458
-0.015656
0.000712
0.000000
0.003790
0.000000
0.019336
-0.009518
0.010966
-0.009374
-0.000617
-0.006477
-0.001695
0.000000
0.000000
0.000000
0.000000
0.000000
0.000000
-0.002384
0.036091
-0.004589
0.004887
0.050662
-0.000411
0.000000
-0.002779
-0.003006
-0.000334
0.017127
-0.002136
0.000000
0.000000
0.011199
0.002082
0.000000
0.000000
0.000000
-0.000830
0.000000
0.000000
0.000000
0.013199
-0.002534
-0.037299
0.006605
0.010221
0.002500
0.000000
0.000000
0.000000
0.000000
0.000178
-0.013349
0.000612
0.000000
0.000000
0.000000
0.018058
-0.010586
0.026656
0.043830
-0.000212
0.000000
0.004068
0.000000
-0.005511
0.003871
-0.002650
-0.003704
0.000000
0.000000
0.000000
0.001954
0.000000
0.000000
0.000000
-0.003679
0.000000
-0.016077
-0.005959
0.002560
-0.002803
0.024512
0.005915
0.000000
0.000000
-0.007468
0.002493
0.038480
0.006361
-0.003096
-0.001036
-0.030828
-0.005404
-0.004127
-0.002179
0.000000
0.000000
0.000000
0.000000
-0.023847
-0.013611
-0.011736
0.000000
-0.002741
-0.001473
0.000074
0.009174
0.000000
0.000000
0.002943
0.006729
0.000000
0.000000
-0.011239
0.002464
-0.000348
-0.001990
-0.002497
0.000000
-0.001590
-0.001784
-0.002672
-0.002790
0.000000
0.000000
0.000000
0.000000
0.000000
0.000000
0.000000
0.000000
0.000000
0.000000
0.051805
-0.009250
0.001345
0.000000
-0.004263
-0.005161
0.000322
0.000000
-0.001788
0.011223
-0.002686
-0.003059
0.000000
0.000000
0.000000
-0.003289
-0.008356
0.000995
0.000000
0.006738
-0.000647
0.004345
0.000000
-0.001471
-0.001911
0.000000
0.000000
0.000000
0.001904
-0.004063
-0.001748
0.000834
0.001445
0.001661
-0.000715
0.002534
0.000000
-0.003140
0.000739
-0.000033
-0.001505
-0.001126
-0.000392
-0.004436
-0.006542
-0.004279
0.006586
-0.000140
-0.000588
-0.001614
-0.006596
0.000298
0.010660
0.001203
-0.007339
-0.006447
-0.009489
0.008026
0.000000
0.000000
0.000000
0.014707
0.011950
-0.002680
0.000000
-0.001158
0.003201
0.012289
-0.004488
0.002617
-0.005137
0.012720
0.003096
-0.003469
-0.006886
0.008821
0.000000
0.002688
-0.009185
0.000764
0.001622
-0.006771
0.003653
0.000000
0.000000
-0.010826
-0.000439
-0.001565
0.000000
0.000000
0.000000
0.000000
0.000000
0.000000
-0.001476
0.000000
0.004410
0.000000
0.000000
0.000000
0.000000
0.000000
0.000000
0.000000
0.000000
0.000000
0.000216
0.000000
0.000000
-0.008378
0.033067
-0.002034
0.000000
0.000000
-0.003555
-0.003071
-0.007877
-0.004458
0.002631
0.000000
0.000000
0.003970
0.004526
-0.017528
0.013752
-0.007365
-0.006012
0.000000
-0.000806
-0.000929
-0.001810
0.000000
0.000000
0.000000
0.000000
0.000000
0.000000
0.000000
0.003846
0.000000
0.000000
0.000000
0.000000
0.000000
0.000000
0.000000
-0.008592
-0.007139
0.010755
-0.001491
0.000000
0.001915
0.000000
0.000000
0.000000
0.000000
-0.004609
0.018717
-0.002678
-0.003203
-0.004600
0.000000
0.000000
0.000000
0.000000
0.000000
0.000000
-0.008047
0.000000
0.000000
0.000000
-0.000371
-0.001001
-0.002258
0.000000
0.008931
0.000000
0.009339
-0.010572
0.003398
-0.004740
0.008512
-0.003354
-0.001520
0.000000
0.000000
0.000000
-0.000125
-0.006650
-0.004580
0.006953
0.000003
-0.005222
0.003434
-0.007970
-0.004031
-0.001324
0.000000
0.000000
0.000000
0.000848
0.001506
-0.005012
0.002155
-0.006165
-0.004209
-0.002597
0.000000
0.000135
-0.002768
0.000000
0.000000
0.000000
0.000000
0.000000
0.000000
0.000000
0.000000
0.000000
0.000000
0.000000
0.000000
0.000000
0.000000
0.000000
0.000000
0.000000
0.000000
-0.002353
0.000000
0.000000
0.000000
0.000000
0.000000
0.000000
0.000000
0.000000
0.000000
0.000000
0.000000
0.001002
0.003302
0.000556
0.000000
0.000000
-0.004840
-0.003488
-0.005696
-0.003344
0.000311
-0.004188
-0.000126
0.000000
0.000000
0.000000
0.000000
0.000000
0.000000
0.000000
0.000000
0.000000
0.000000
0.000000
0.000000
0.000000
0.000000
0.000000
-0.000664
0.000000
0.000000
0.000000
0.000000
0.000000
0.000000
0.000000
0.000000
0.000000
0.000000
0.000000
0.000000
0.000000
0.000000
0.000000
0.000000
0.000000
0.000000
0.000000
0.000000
0.000000
0.000000
0.000000
0.000000
0.000000
0.000000
0.000000
0.000000
0.000000
0.000000
0.000000
0.000000
0.000000
0.000000
0.000000
0.000000
0.000000
0.000000
0.000000
0.000000
0.000000
0.000000
0.000000
0.000000
0.000000
0.000000
0.000000
0.000000
0.000000
0.000000
0.000000
0.000000
0.000000
0.000000
0.000000
0.000000
0.000000
0.000000
0.000000
0.000000
0.000000
0.000000
0.000000
0.000000
0.000000
0.000000
0.000000
0.000000
0.000000
0.000000
0.000000
0.000000
0.000000
0.021370
-0.002764
0.034682
0.000000
-0.005316
0.018781
0.018625
0.000100
-0.000878
0.006769
0.000000
0.000000
0.000000
0.000000
0.000000
0.000000
0.000000
0.000000
0.000000
-0.005050
0.000000
0.000000
0.000000
0.000000
0.000000
0.018195
0.008079
-0.002199
-0.011069
-0.001637
0.000000
0.000003
0.013541
-0.005020
-0.005154
-0.000846
0.000000
0.000000
0.000000
0.000000
0.000000
0.000000
0.000000
0.000000
0.000000
0.000000
0.000000
0.000000
0.000000
0.000000
0.000000
0.000000
0.000000
0.000000
0.000000
0.000000
-0.001848
0.000000
0.018459
0.002653
0.035198
0.003509
-0.002967
-0.002153
0.014827
0.001833
-0.009757
0.000034
0.000165
0.000000
-0.007128
-0.006113
-0.004606
-0.004729
-0.000434
0.000854
0.011351
0.000000
0.000540
-0.000089
-0.009802
-0.003047
-0.001838
0.000000
0.000000
-0.002076
0.000000
0.000000
0.000000
0.000000
0.000000
0.000000
0.000889
0.001861
-0.002189
-0.003465
0.003348
-0.006775
0.000000
-0.006572
-0.002349
0.001534
0.014002
-0.005548
0.000000
0.016295
-0.002422
-0.001399
-0.000514
-0.000517
0.000000
0.000000
-0.009625
0.000000
0.002217
0.026060
-0.008385
0.001106
0.000000
0.000000
0.000000
0.000000
0.000000
0.000000
0.000000
0.000000
0.000000
0.000000
0.000000
0.000000
0.000000
0.000000
0.000000
0.000000
-0.001986
0.000000
0.013261
0.000399
0.000000
0.000000
0.000000
0.000000
0.000000
0.000000
0.000000
0.000000
0.000000
0.000000
0.000000
-0.005042
-0.009165
-0.001401
0.000000
-0.011621
-0.009507
0.009424
-0.005116
0.000075
0.000000
0.000000
0.000000
0.000000
0.002686
-0.008883
-0.001188
-0.011161
-0.005105
-0.001115
0.007348
0.000000
0.000000
-0.002083
-0.003769
0.003869
-0.005143
-0.001862
0.002871
-0.002621
-0.007105
-0.002109
0.004010
0.000000
0.000000
0.001922
0.000000
0.000000
0.000000
0.000000
0.000000
0.000000
0.000000
0.000000
0.000000
0.000000
0.000000
0.000000
0.000000
0.000000
0.000000
-0.002941
0.000000
-0.000054
0.000000
0.000000
-0.006730
0.003849
-0.007023
-0.004717
0.000000
-0.004598
0.002782
0.001874
0.001659
-0.005147
0.000000
0.000000
0.007758
-0.001298
0.000000
0.051180
-0.004687
-0.000125
0.001271
0.050047
0.002709
0.004334
0.000000
0.000000
-0.003274
-0.009663
0.000000
0.004694
0.024523
-0.010704
-0.002287
0.002560
0.000000
0.000128
0.000000
0.001330
-0.001989
-0.037493
-0.006358
-0.002174
0.001819
-0.000074
-0.012692
-0.009993
-0.005049
0.000839
0.000000
-0.003973
0.004650
0.001407
0.002383
0.002998
-0.003294
-0.002105
-0.003178
0.000000
-0.007123
0.008400
0.016349
-0.001824
-0.001992
0.000000
0.001611
-0.000263
-0.000686
-0.001341
0.005167
0.001349
-0.004048
-0.006586
-0.001832
-0.008741
0.000834
0.008364
0.006570
-0.003893
-0.011860
-0.002114
-0.002386
-0.002676
0.006801
0.000000
0.000000
0.000000
0.004182
-0.008925
-0.013533
0.001134
0.000000
0.000000
-0.002448
-0.001762
0.008404
-0.001991
0.001020
-0.001106
-0.002639
-0.000133
0.000000
0.000000
0.000000
0.000000
0.000000
0.000000
0.000000
0.000000
0.000000
0.000000
0.000000
0.000000
0.001223
0.004998
0.000237
-0.004196
0.007389
0.000000
0.000000
0.000000
0.000000
0.032066
0.000000
-0.000445
0.000955
-0.019309
0.000000
0.000000
0.000000
0.015071
-0.006738
0.000000
0.000000
0.000000
-0.004597
0.000359
0.000000
-0.003334
-0.014836
-0.001101
-0.007020
-0.001606
0.000000
0.000000
0.000000
-0.000805
0.005739
0.000000
0.000000
-0.000968
0.000070
0.000000
0.000000
0.000000
0.000000
0.000000
0.001914
0.003744
0.000000
-0.001911
-0.002814
0.000000
0.016156
-0.002575
0.000000
0.000000
-0.002805
0.000000
-0.014373
0.000000
0.000000
0.000000
-0.004084
-0.005079
0.000000
-0.002678
-0.004644
-0.010144
0.000000
0.052357
0.000000
-0.007753
-0.003609
-0.012192
0.000204
0.000000
0.000000
0.000000
0.000000
0.000000
0.000000
0.000000
0.000000
0.000000
0.000000
0.000000
0.000000
0.000000
0.000000
0.000000
0.000000
0.000000
0.006266
-0.018673
0.000069
0.000000
0.000000
0.000000
0.000000
0.000000
0.000000
0.002273
0.000000
-0.003427
0.000000
0.000000
-0.006472
0.007125
0.001363
-0.001067
0.021571
0.008188
-0.003567
0.034571
-0.009093
0.000000
0.001089
0.000000
0.015289
0.001488
-0.008873
-0.007737
0.000000
0.000303
0.000000
-0.002775
0.004704
0.010063
0.022045
-0.010550
-0.005221
0.000000
0.000000
0.000000
0.000000
0.000000
0.006979
-0.005537
-0.009043
-0.000274
-0.001768
-0.000302
-0.002864
0.000000
0.000000
0.000000
-0.001762
-0.003428
0.000000
0.000000
0.003673
-0.023738
-0.004852
-0.000340
-0.005500
-0.000995
-0.000217
-0.000050
0.000000
0.003903
0.002330
0.000000
0.000000
0.000000
0.000000
0.000011
-0.004181
0.000036
0.011794
0.008685
0.000000
0.001002
-0.002017
0.002810
0.000000
-0.002099
-0.003896
0.024383
0.000000
-0.003995
-0.003340
-0.004995
0.396466
0.002319
0.000000
0.000000
0.000000
0.000000
0.000000
0.000000
0.000000
0.000000
0.000000
0.000000
0.000000
0.000000
0.000000
0.000000
0.000000
-0.010924
0.006743
0.019074
-0.005781
0.000000
0.003553
0.001025
-0.010060
-0.007322
0.001410
0.000000
0.000000
0.000000
0.000000
-0.006437
-0.018084
0.007230
-0.007461
0.011854
0.000000
0.014950
0.000000
-0.000482
-0.012656
0.008613
-0.004255
-0.005986
-0.000760
0.002367
-0.000071
0.015474
-0.002894
-0.000483
0.003881
0.009874
-0.008061
-0.002599
0.013180
-0.004141
0.000000
0.004540
0.014394
0.104021
0.009178
-0.003613
-0.002642
0.000000
-0.020117
-0.005462
0.000000
-0.004590
0.002000
-0.021777
0.103525
0.000000
-0.002055
0.001633
0.000000
0.000000
0.002292
-0.000952
0.029280
0.040939
-0.002057
-0.003676
-0.008656
-0.012367
0.007443
-0.011210
-0.002268
0.005024
-0.003803
0.000000
0.000000
0.000000
0.000000
0.000000
0.000000
0.000000
0.000000
0.000000
0.000000
-0.010484
-0.005654
-0.006505
-0.008169
0.036531
-0.001818
0.000308
0.000000
0.000000
0.000000
0.001030
-0.001080
0.008278
0.000000
0.006991
-0.004251
0.000000
0.000000
0.000000
-0.005713
-0.010046
-0.003764
0.010772
-0.003407
-0.005583
0.000000
0.009959
0.003709
0.000000
0.000998
-0.009675
0.000000
0.002369
0.000000
0.003327
-0.000115
0.000000
0.000000
0.000000
0.000000
0.000000
0.000000
0.000000
0.001770
-0.000483
0.000000
0.000000
-0.002820
0.000000
0.000304
0.000000
0.000000
0.000000
0.000000
0.000000
0.000000
0.000000
0.000000
0.000000
0.000000
0.000000
0.000000
0.000000
0.000000
0.000000
0.000000
0.000000
0.000000
0.000000
0.000000
0.000000
0.000000
0.000000
0.000000
0.000000
0.000000
0.000000
0.000000
0.000000
0.000000
0.000000
0.000000
-0.005512
0.000000
0.001724
0.003992
0.000000
-0.003221
0.003839
0.000000
0.012452
-0.004814
0.005811
-0.010226
-0.001783
-0.001694
0.002398
0.000000
0.000000
-0.012377
0.005044
0.000000
0.001010
-0.004711
0.003920
-0.002357
-0.001568
-0.000960
0.009795
-0.001373
-0.006191
0.009219
0.000000
0.000000
0.000000
-0.006485
0.009756
-0.002486
-0.003482
0.000000
0.000000
0.014449
0.012109
-0.000589
-0.001728
-0.000889
0.000000
0.000000
0.000000
0.000000
-0.001134
0.000000
0.000000
0.000000
0.007364
0.003355
-0.004228
0.000000
0.000000
-0.002904
0.005837
-0.005677
-0.005065
0.000000
-0.020088
-0.006401
-0.002107
0.000000
0.000000
0.000000
0.000000
0.000000
0.014262
0.002328
0.000000
0.000000
0.000000
0.008496
-0.000102
-0.004746
-0.006085
-0.001008
-0.001676
0.000000
0.000000
0.000000
0.000000
0.000000
0.000000
0.000000
0.000000
0.000000
-0.000150
-0.003077
0.003737
0.000000
0.000000
-0.000002
0.000000
0.000000
-0.000568
-0.002911
0.000000
0.014177
-0.007668
0.004561
-0.002330
-0.005211
-0.005063
0.005371
0.000000
0.005298
0.000000
-0.008109
0.019973
0.052346
0.010707
0.001541
0.000000
0.000000
0.000000
0.000000
0.000000
0.000000
0.000000
0.000000
0.000000
0.000000
0.000000
0.000000
0.000000
0.000000
0.000000
0.000000
0.000000
0.000000
0.000000
0.000000
0.000000
0.000000
0.000000
0.000000
0.000000
0.000000
0.000000
0.000000
0.000000
0.000000
0.000000
0.000000
0.000000
-0.008981
0.003411
-0.001544
-0.000555
0.005187
0.001855
-0.000919
-0.020097
0.000000
0.000000
0.000000
0.000000
0.000000
0.000000
0.000000
0.000000
0.000000
0.000000
0.020215
-0.009894
0.002941
0.006142
-0.003201
-0.001655
-0.024688
-0.000114
0.001744
0.008855
0.000000
0.000000
0.000000
-0.009892
0.000651
0.000000
0.000000
0.000000
0.000000
0.000000
0.000000
0.000000
0.000000
0.000000
0.000000
0.000000
0.000000
0.000000
0.000000
0.000000
-0.004296
-0.004759
0.000000
0.000000
0.000000
0.000000
0.000000
0.000000
0.000000
0.004140
-0.007866
0.018917
0.000000
-0.010097
0.000000
0.000000
0.000000
0.007131
0.000000
0.000000
0.000000
-0.001389
0.002056
0.004474
0.010092
-0.006945
0.000000
0.000000
0.000000
0.000000
0.000000
0.000000
0.000000
-0.001388
-0.000399
-0.002258
-0.004315
0.007239
0.000686
-0.000335
0.000000
-0.007337
0.003002
-0.002789
-0.003257
0.000280
-0.000297
0.006086
0.000618
-0.038031
-0.004121
0.000000
-0.001681
0.000000
-0.000383
0.000000
-0.001077
0.000000
0.000000
0.000000
0.000000
0.000000
-0.008102
0.010644
0.006764
-0.003966
0.000000
0.001366
0.000000
0.000000
0.000000
0.024688
-0.003413
0.000000
0.000000
0.000000
0.000000
0.000000
-0.009046
0.000000
0.005769
-0.000317
0.015221
0.000000
0.000000
-0.016606
-0.001964
-0.010319
-0.003265
0.055118
-0.004282
-0.001616
-0.003087
0.001329
-0.003259
0.015708
0.003151
0.006702
0.000905
0.000000
0.000000
0.000000
0.000000
0.000000
0.003786
-0.006534
-0.007071
-0.001875
0.000000
-0.000937
0.000000
0.003578
0.003249
-0.007773
0.001661
0.034449
-0.000625
0.000000
0.000000
-0.004262
-0.011774
0.012676
0.014144
0.000174
-0.001067
0.000176
0.000000
0.000000
0.000000
0.000000
0.000000
-0.003881
-0.001315
0.036711
-0.000118
-0.002772
0.000000
0.000000
-0.007136
0.000000
0.006939
-0.010205
0.018676
-0.026268
0.000000
0.000000
0.006575
0.000000
0.000000
0.000000
-0.001150
0.000000
0.000000
0.002907
-0.004741
-0.000047
0.000000
-0.003819
0.016488
-0.005456
-0.005687
-0.002106
-0.005561
-0.002459
0.000000
0.000000
0.000000
-0.004877
0.000000
-0.023627
-0.003428
0.011652
-0.021146
-0.011008
0.066228
-0.001513
0.008583
-0.009235
0.020336
0.003821
-0.004354
-0.014439
0.011775
-0.001631
-0.001624
-0.001180
-0.010122
0.000826
-0.000481
0.003514
-0.006082
0.000211
-0.002297
-0.003128
0.000000
0.000000
-0.007571
-0.005476
0.002250
0.014546
0.000000
-0.005832
0.024576
0.063365
-0.000398
0.000000
-0.001878
0.011883
-0.006601
0.000000
-0.004774
0.000929
-0.005273
-0.005948
-0.015762
-0.002063
-0.004728
-0.002993
0.000000
0.009791
-0.001608
0.000000
0.000000
0.086138
-0.002587
0.000000
-0.001270
0.039656
0.002377
0.001084
0.004718
0.005551
-0.046841
0.010241
-0.010945
0.010559
-0.005805
-0.007258
-0.002694
-0.000596
-0.001813
-0.009134
0.000000
-0.006045
-0.032319
0.004364
-0.005373
-0.000321
0.000000
-0.001191
0.013906
-0.000595
-0.006932
0.001422
-0.007017
-0.004079
-0.001689
0.001485
0.003565
-0.003445
0.000000
0.000000
0.012081
0.008804
-0.003746
0.000201
-0.005068
0.000000
0.000000
0.000000
0.000000
-0.000620
-0.001777
0.000617
-0.002354
-0.006306
0.000000
0.000000
-0.002046
-0.001086
0.000000
0.000000
0.000000
0.013122
-0.008053
-0.003157
-0.006512
-0.001846
0.005215
-0.001994
-0.003256
-0.007902
-0.013538
0.011037
0.023108
-0.004722
0.042394
-0.008454
0.000000
-0.008363
-0.001632
0.001316
0.000000
0.000000
0.000000
0.000000
0.000000
0.000000
-0.010344
-0.010997
0.010692
0.004030
0.003243
0.001026
-0.009714
0.000012
0.000000
0.004761
0.002992
0.002326
0.000000
-0.001442
0.000545
-0.007408
0.078215
0.002932
-0.001738
0.009311
0.011677
-0.001076
0.003729
0.000225
-0.001582
-0.004458
0.004669
-0.007640
0.002261
0.000000
0.000000
0.000000
0.000000
0.000000
-0.004382
-0.000856
0.000137
0.001476
-0.002050
0.000000
0.000000
-0.011767
0.001487
-0.007301
-0.003035
-0.003600
0.006442
-0.000114
0.004830
0.000781
-0.012390
-0.006688
0.000000
0.000000
-0.001001
0.000000
-0.011005
0.000000
0.007736
0.000000
0.000000
0.000000
-0.002336
-0.005521
0.000204
0.002031
0.020555
0.004731
-0.012172
-0.009050
-0.002993
-0.006298
-0.003212
0.003928
0.000000
-0.003983
0.005453
0.003380
-0.000772
-0.002850
-0.001442
-0.002939
0.021091
0.014100
-0.011866
-0.003310
-0.002642
-0.001628
0.000000
-0.006198
-0.002326
0.010073
-0.002015
0.001953
0.001532
0.000529
-0.003123
0.000000
-0.001352
-0.001902
0.003194
-0.001267
-0.008345
-0.004350
-0.003185
-0.002498
-0.001317
0.033536
0.058469
-0.000830
-0.004451
-0.003626
0.001658
0.002417
0.000000
-0.003364
-0.009541
0.013167
-0.000430
0.004457
-0.005180
0.002742
0.031659
-0.005438
0.010434
0.011117
-0.016330
-0.003329
0.000881
0.034307
0.018984
0.036187
-0.003986
0.005052
-0.001034
0.000000
-0.001322
-0.000987
0.000000
-0.025390
-0.005762
-0.002140
-0.008387
-0.000065
-0.004055
-0.001350
-0.022073
-0.002741
-0.003093
-0.003940
0.000000
0.000000
0.005595
-0.004018
0.000869
0.000735
0.008872
-0.005395
0.000384
0.000000
0.002402
-0.000833
0.000000
0.000000
0.000000
0.000000
0.000000
0.000851
-0.002299
0.000000
0.000000
-0.003012
0.000000
0.000000
0.027915
-0.001830
0.000000
-0.007754
-0.010302
0.000718
-0.003729
-0.000425
-0.000437
-0.003729
0.002098
0.001101
-0.002547
-0.006167
-0.001400
0.001029
0.000000
-0.002766
0.015186
-0.003307
0.002389
0.000000
-0.004606
0.015907
-0.004038
-0.023243
0.000000
-0.014711
-0.001237
0.001763
0.000000
-0.002953
0.001569
-0.007188
-0.003300
0.004205
0.004211
-0.004705
-0.005569
-0.001122
0.000000
-0.000632
0.000000
-0.001901
0.021415
-0.017441
0.012064
-0.006353
0.265368
0.003363
-0.003450
0.003360
-0.001281
0.000000
0.000000
0.000000
0.000000
0.000000
0.000000
0.000000
0.000000
0.000000
0.000000
0.002439
0.000000
-0.000320
-0.004949
-0.004092
0.000000
0.005898
-0.009919
-0.019883
0.005136
0.001492
0.000000
-0.006901
0.002797
0.002429
-0.002543
-0.006847
-0.001795
-0.004480
-0.004597
0.000000
0.000000
0.000000
0.010270
-0.002175
0.000000
0.000682
-0.013731
0.021074
-0.012369
0.014378
0.003165
0.105269
0.006207
0.000000
0.000000
-0.002742
-0.011631
-0.001071
0.006589
0.005557
0.000000
-0.005864
0.000000
0.015907
0.000000
0.000000
-0.002103
0.002724
0.000000
0.000000
0.006136
-0.002993
-0.039643
0.000407
-0.006934
0.000000
-0.015946
0.003257
-0.000301
0.000257
0.004180
0.000000
0.000000
0.004803
0.000680
0.038146
0.000000
0.000000
-0.000997
-0.001819
0.000000
0.000000
-0.002241
-0.008830
-0.002089
0.000000
0.000785
0.014462
0.006350
-0.008260
-0.007429
0.001067
-0.000938
0.000000
-0.001194
0.004815
-0.012735
0.000903
0.001051
0.017352
-0.001900
-0.000612
0.000000
-0.009124
-0.001797
0.000581
0.000000
0.001012
0.008815
-0.007785
-0.012488
-0.003491
-0.001222
0.000000
0.000000
0.000000
0.000000
0.000000
0.000000
0.000000
0.000000
-0.005587
-0.013990
-0.003347
0.000000
0.001616
0.000000
-0.006305
0.020532
-0.017295
0.000000
0.002826
0.003296
0.000000
-0.001764
0.001661
-0.010741
0.011376
-0.000165
0.000000
0.000000
0.000000
-0.001791
0.000041
0.001019
-0.001619
-0.002594
0.000487
-0.004287
0.001957
-0.001575
-0.003886
0.001927
0.002023
-0.007218
-0.003483
-0.011060
0.007091
-0.011200
0.001464
-0.007147
-0.004400
-0.006392
-0.003627
0.000000
0.000000
0.000000
-0.011212
-0.022287
-0.002621
-0.000640
0.002295
-0.003318
0.002535
0.000000
0.000000
0.000000
0.000000
0.000000
0.000000
-0.000296
-0.003876
-0.003106
0.000641
-0.005226
0.013768
0.000000
-0.006550
-0.005410
0.044742
0.013789
0.000000
0.000000
-0.000180
-0.007726
0.013857
-0.022944
-0.005182
0.010780
-0.005155
-0.000990
0.008263
0.003854
-0.002458
0.000000
0.000000
0.003846
0.011023
-0.000861
-0.001822
0.000000
-0.015673
-0.000986
-0.022987
-0.007591
0.002965
0.034175
0.004131
0.000076
-0.002354
0.000000
0.000000
0.000000
0.000000
0.015598
-0.004843
-0.006627
-0.004348
-0.003538
0.006880
-0.007404
0.000000
0.000000
-0.002346
-0.009297
-0.006957
-0.002890
0.023732
-0.008304
-0.014970
0.000656
-0.002275
-0.000165
-0.011134
0.000038
-0.000129
0.000000
0.000000
0.000430
-0.002626
0.000000
-0.000977
-0.002004
0.000000
0.000000
-0.000424
-0.002880
-0.000447
0.000000
0.048213
-0.004602
0.011706
-0.002385
0.000923
0.022485
-0.003633
-0.002470
-0.002720
0.000000
-0.012847
-0.001933
-0.001565
0.000000
0.027507
-0.000483
0.000000
0.000000
0.000000
0.000000
0.000000
0.000000
0.000000
-0.000088
0.000000
0.000000
0.000000
0.000000
0.000000
0.000000
0.000000
0.000000
0.000000
0.000000
0.000000
0.000000
0.000000
0.000000
0.000000
0.000000
0.000000
0.000000
0.000000
0.000000
0.000000
0.000000
0.000000
0.000000
0.000000
0.000000
0.000000
0.000000
0.000000
0.000000
0.000000
0.000000
0.000000
0.000000
0.000000
0.000000
0.000000
0.000000
0.000000
0.000000
0.000000
0.000000
0.000000
0.000000
0.000000
0.000000
0.000000
0.000000
0.000000
0.000000
0.000000
0.000000
0.000000
0.000000
0.000000
-0.007174
-0.003603
0.002427
0.004179
0.000000
0.000000
0.015258
-0.004565
0.001472
0.000946
0.000000
0.000000
0.000000
0.000000
-0.009984
0.001892
0.000000
0.000000
0.000000
0.000000
0.000000
0.000000
0.000000
0.000000
-0.016554
-0.004976
-0.002403
0.000000
0.000000
0.000000
0.000000
-0.005758
-0.003085
-0.007748
-0.000567
0.000000
0.000000
0.000000
0.000000
0.000000
0.000000
-0.000489
0.000000
0.048033
0.006162
-0.004558
0.000597
-0.001983
0.000000
0.002170
-0.003070
-0.012475
0.000000
0.010259
0.003293
0.000000
0.000000
0.000000
0.000569
0.007986
0.006081
0.000516
-0.008165
-0.001779
0.000000
0.000000
0.000000
0.000000
0.000000
0.000000
0.000000
0.000000
0.000000
0.000000
0.000000
0.000000
0.000000
0.000000
0.000000
0.000000
0.000000
0.000000
0.000000
0.000000
0.000000
0.000000
0.000000
0.000000
0.000000
0.000000
0.000000
0.000000
0.000000
0.000000
0.000000
0.000000
0.000000
0.000000
0.000000
0.000000
0.000000
0.000000
0.000000
0.000000
0.000000
0.000000
0.000000
0.000000
0.000000
0.000000
0.000000
0.000000
-0.001130
-0.010218
-0.000297
-0.008631
-0.001908
0.001902
0.000000
0.000000
0.000000
-0.001011
-0.008090
-0.001036
0.023762
0.000257
-0.004208
0.004349
-0.002621
0.002575
0.000000
0.003499
0.010019
0.001364
-0.004000
0.025926
-0.000087
0.000186
-0.011136
-0.003807
0.000000
-0.000857
0.000000
0.000000
-0.005040
-0.000764
0.016385
-0.036885
-0.003321
-0.001018
0.001685
-0.000438
0.000000
0.012734
-0.002280
-0.003765
0.000000
0.000000
-0.001068
0.000000
0.004174
0.000000
0.000000
0.000000
0.006890
-0.005715
0.013563
-0.006540
0.017571
0.002784
0.000000
0.000000
0.002786
0.000000
-0.005425
-0.003442
0.000000
0.000000
0.000000
0.000000
0.000000
-0.008901
-0.002083
0.002191
-0.007702
0.000000
0.000000
0.000000
0.000000
0.000000
0.000000
0.000000
0.007211
0.000000
0.000000
0.000000
0.000000
0.000000
0.000000
0.000000
0.000000
0.000000
0.000000
0.000000
-0.004331
-0.004849
-0.000442
0.003328
0.000000
0.000000
0.000000
0.009304
0.000692
-0.002175
-0.003716
-0.007828
0.001497
-0.002612
0.000840
-0.020148
0.005087
-0.004368
-0.000437
0.013486
-0.002077
-0.002239
0.028509
-0.008027
-0.004647
-0.003924
-0.000084
0.000000
0.002789
-0.005628
-0.001770
0.000000
0.000000
-0.016701
-0.002507
0.000909
0.000000
0.000000
0.000000
0.000000
0.000000
0.000000
0.000000
0.003444
-0.005453
0.006087
-0.013844
-0.004843
0.003157
0.000000
0.000000
0.000000
0.000000
0.000000
0.000809
0.000000
-0.004103
-0.002175
-0.003919
-0.007637
0.000000
0.011822
-0.004598
-0.003132
0.013706
-0.002696
0.006774
-0.002704
-0.000616
0.005981
0.000857
-0.000278
0.001374
-0.001789
-0.006978
-0.009266
-0.000072
-0.005930
-0.007864
0.147851
0.082549
0.012835
-0.001070
0.000000
0.000000
-0.000464
0.000000
0.000000
-0.005562
-0.009939
-0.003823
0.009830
0.003507
0.001919
0.000200
0.000000
0.000000
0.000000
0.000000
0.000000
-0.003899
-0.019370
-0.010075
-0.003554
0.000000
0.000000
0.000000
0.000000
0.000000
0.000000
0.000000
-0.001635
-0.006449
0.003914
-0.003643
0.011350
0.017190
-0.002960
-0.008093
-0.006699
-0.001911
0.000000
0.001269
-0.001613
-0.002392
0.000000
-0.000910
-0.003935
-0.001183
-0.033478
-0.005370
0.000000
-0.004043
0.001438
-0.008953
0.000084
0.002129
-0.002913
-0.009670
0.000000
-0.015304
0.005830
0.000000
0.000000
0.003705
0.000000
-0.002640
-0.000918
0.000793
-0.005118
0.000921
0.000000
-0.003141
-0.012900
-0.007560
-0.001033
0.018262
-0.002581
-0.002016
0.000850
0.000000
0.000000
0.001842
-0.001865
0.000000
0.000000
0.000000
0.000000
0.000000
0.000000
0.000000
0.000000
0.000000
0.000000
0.006533
-0.002258
-0.002085
-0.001650
0.000086
-0.004592
-0.014267
-0.011788
-0.008921
-0.010279
-0.011569
0.015757
-0.010356
0.000000
0.000000
0.000000
-0.000007
0.000000
-0.001486
0.007394
0.004711
-0.008969
-0.003715
0.000000
0.000000
0.000000
0.000000
0.000000
0.000000
-0.015490
-0.016127
0.004039
0.000000
0.000000
0.002369
0.000000
0.000000
0.003869
0.007139
-0.004971
0.014579
0.000194
0.000000
0.000000
0.000000
0.000000
0.000000
0.000000
0.000000
0.000000
-0.004958
0.000633
-0.007383
0.000347
0.000000
0.000000
0.000000
0.000000
0.000000
0.000000
0.000000
0.000000
0.000000
0.004050
0.003662
0.000000
0.000000
0.000000
-0.002785
-0.002785
-0.003279
-0.000313
0.000708
-0.004433
-0.002856
-0.006585
0.025676
0.000470
0.000000
0.000000
0.000000
0.000000
0.000000
0.000000
0.000000
0.000000
0.000000
0.026943
0.001218
-0.006244
0.001869
-0.001268
0.000000
0.005418
0.000000
-0.005941
0.000000
-0.000936
-0.006507
-0.001556
0.001100
0.000000
0.000000
0.000000
0.000000
0.000000
0.001018
-0.002541
0.000922
0.000000
0.000000
0.003052
-0.000917
0.000000
0.000000
0.000000
0.000000
0.000000
0.000000
-0.005325
-0.032730
0.000100
-0.005082
-0.006304
-0.004040
0.000000
-0.008669
0.004003
-0.000895
0.001024
0.000000
0.000000
0.000000
0.000000
0.000000
0.000000
0.000000
-0.004828
0.000000
-0.012291
-0.003986
0.002470
0.000000
0.000000
0.000000
0.000000
0.000000
0.000000
0.000000
-0.000698
-0.010421
0.004714
0.126624
0.002682
0.000000
0.000000
0.000000
-0.001615
0.013775
0.000000
0.000000
0.001441
0.000151
0.001702
0.000000
-0.007710
0.000000
0.000000
0.000000
0.000000
0.000152
0.000000
0.016135
-0.001304
-0.001760
-0.000735
-0.004720
-0.000850
0.000000
0.000000
0.000000
0.000000
0.000000
0.000000
0.000000
0.000000
0.000000
0.000000
0.000000
0.000000
0.000000
0.000000
0.000000
0.000000
0.000000
0.000000
0.000000
0.000000
0.000000
0.000000
0.000000
-0.008769
-0.000044
0.000000
0.000000
0.000000
0.000000
0.000000
0.000000
0.006726
-0.002102
0.000000
-0.003401
-0.003416
0.000000
0.000000
0.000000
-0.003652
0.000000
0.000000
0.000000
0.000000
0.000000
0.000000
-0.006577
0.012634
0.019582
-0.010252
-0.014569
-0.004620
0.032140
0.001485
0.000000
0.000000
0.000000
0.000000
0.000000
0.000000
0.000000
0.000000
0.000000
0.000000
0.000000
0.000000
0.000000
0.000000
0.000000
0.000000
0.000000
0.000000
0.000000
0.000000
0.000000
0.000000
0.000000
0.000000
0.000000
0.000000
0.000000
0.000000
0.000000
0.000000
0.000000
0.000000
0.000000
0.000000
0.000000
0.000000
0.000000
0.000000
0.000000
0.000000
0.000000
0.000000
0.000000
0.000000
0.000000
0.000000
0.000000
0.000000
0.000000
0.000000
0.000000
0.000000
0.000000
0.000000
0.013503
-0.002805
0.000000
0.000000
-0.042636
0.000325
0.000676
0.029304
0.012825
-0.000614
0.000797
-0.031219
-0.001090
0.000000
0.000000
0.000000
0.000000
0.002014
-0.002747
0.000776
0.001464
-0.000290
-0.003712
0.007918
-0.005077
-0.000948
0.000683
0.000720
-0.001907
-0.001476
0.001577
0.019601
0.001109
-0.011355
0.000000
0.000000
0.000000
0.000000
0.000000
0.000000
-0.006053
0.000000
0.000000
0.003872
0.000000
-0.000348
0.000807
0.000000
0.000000
0.000000
0.000000
0.000000
0.000000
0.000000
0.000000
0.000000
-0.001492
-0.009786
0.003192
0.016163
0.001126
0.018687
-0.009961
0.000000
0.000000
-0.024870
-0.002307
-0.018615
0.022232
-0.015024
-0.001763
0.025747
0.017072
0.004538
0.004383
-0.015327
0.006107
-0.001291
-0.013184
0.006808
0.016452
0.018939
-0.003567
-0.010425
0.007386
0.039362
-0.000961
0.001344
0.001951
0.002878
0.003290
-0.004103
0.036306
-0.001823
-0.031653
-0.013734
0.006247
0.001302
0.014902
0.010193
-0.010263
0.000000
0.000000
0.000000
0.000000
-0.000752
0.000000
0.022991
0.032722
-0.028126
-0.013697
0.003890
-0.001929
-0.003797
0.001707
0.007589
-0.001231
-0.003070
-0.002094
-0.019045
-0.020200
-0.020097
-0.004698
-0.005744
0.003413
-0.003524
-0.003808
0.001781
0.005361
-0.008452
0.000761
-0.003322
-0.003233
0.000000
-0.005848
-0.005227
-0.002942
-0.003670
-0.010666
-0.002642
-0.000703
0.005664
-0.007025
-0.011582
-0.008680
0.011420
-0.002265
-0.000322
-0.005692
-0.009312
-0.003706
-0.009384
-0.005745
-0.007773
0.002285
0.022909
0.015170
-0.001656
-0.000220
-0.000614
0.000518
-0.001369
0.001694
0.036196
0.006482
0.000000
0.010591
-0.011398
0.007806
-0.001723
-0.006252
0.003015
-0.002611
-0.003173
-0.007472
0.001101
-0.004964
0.011373
0.010192
-0.010051
-0.003870
-0.005706
0.005990
0.014669
0.002899
-0.000495
-0.005967
0.004461
-0.003255
-0.012038
0.007151
-0.027777
0.005538
-0.000009
0.000077
-0.006956
0.006652
-0.014810
-0.005331
0.000297
-0.009629
-0.001408
0.004786
-0.007718
-0.000572
0.008024
0.217840
-0.001241
-0.002478
-0.006062
0.007762
0.001910
0.016421
0.014645
0.000587
0.004047
-0.000778
-0.004868
0.003144
0.035033
0.008478
-0.013152
-0.005585
0.009777
-0.004228
0.002579
-0.005503
0.001467
-0.012505
0.000671
-0.001734
0.010613
0.010387
-0.004395
-0.000131
-0.000367
-0.014558
0.000024
