0.230333
0.194033
1.587714
-2.041413
3.554122
0.000000
-0.400130
3.588712
-4.162791
-6.237549
0.301352
7.181300
-1.367344
0.000000
-1.503920
-0.140678
-0.867820
-0.423356
1.558875
-4.865327
-1.154187
0.000000
0.000000
-1.985665
-0.410357
-0.128775
1.460000
-0.049764
2.241721
-0.246464
-0.114302
4.157986
0.000000
0.534812
-0.105992
0.000000
-0.125104
-1.592735
1.538004
-0.052413
-2.483071
-0.236695
6.831934
2.312689
-0.075099
0.534281
-0.110599
-0.106582
13.774906
-0.003021
0.070901
12.190356
-5.198424
0.000000
3.805253
0.000000
0.000000
0.000000
0.000000
0.000000
0.000000
0.419964
0.000000
-0.717002
-0.359006
0.000000
3.247616
0.000000
2.055491
0.989268
-0.505762
0.000000
-1.935044
0.317927
0.000000
0.000000
7.414386
1.541641
-0.825947
-3.348657
0.121641
1.230818
1.923741
1.198923
4.366898
2.799960
2.023417
0.000000
4.667739
0.299745
-1.433088
0.000000
2.702985
0.326678
0.000000
0.000000
-5.949945
0.000000
3.470466
1.733609
11.669289
-0.147743
-4.541749
0.000000
0.354986
1.944074
1.944074
3.383198
2.888201
-1.252674
5.646705
0.000000
0.000000
1.606063
0.000000
-0.117518
-3.659661
-0.177969
-0.852992
-2.731182
1.190929
4.663512
3.669248
-0.672660
-0.873665
0.483867
-1.249868
3.570377
4.822317
0.000000
-1.374712
0.000000
-1.872578
2.712215
-0.867820
0.000000
-6.797420
-2.294857
-4.042313
0.000000
0.000000
-5.356387
0.045601
2.957844
0.000000
0.000000
4.391194
-1.391860
0.403987
0.000000
1.788113
-0.462774
0.000000
0.000000
-4.263509
0.627755
-7.944444
0.000000
0.787467
0.810007
0.000000
-0.087249
-3.366373
0.373703
0.000000
0.000000
-3.350821
3.310123
0.302548
0.450336
0.000000
0.000000
1.730286
0.000000
-0.057963
0.000000
-0.894912
-2.210978
-1.949246
0.104861
0.000000
-9.374437
-2.263702
-0.182490
0.000000
0.000000
0.000000
0.727802
-2.034018
-1.024659
-5.026047
0.000000
-2.198270
2.777002
3.240366
0.000000
0.000000
0.000000
0.000000
0.000000
0.000000
0.000000
0.000000
0.000000
0.000000
-0.000113
0.000000
0.000000
0.282209
-0.744352
4.001977
0.000000
3.400701
2.586013
0.000000
5.079748
2.549212
0.000000
0.000000
-0.141109
-2.421520
6.287407
7.831211
0.000000
0.000000
-1.894839
0.732503
-2.943168
-0.147094
0.000000
4.496511
-7.400132
5.148046
-0.373176
0.694809
1.154006
-1.737079
-5.204851
2.291758
0.392948
-0.687503
0.112378
1.048794
1.392816
0.000000
0.000000
0.000000
0.511586
0.044093
-1.720868
0.000000
0.000000
0.000000
0.000000
2.603485
2.783506
-1.829529
-6.880347
-7.020059
0.000000
0.000000
3.459494
4.946699
0.000000
0.000000
-0.859782
0.000000
-0.528629
0.096209
0.000000
7.022355
0.410118
-0.373845
-0.530490
-2.730289
0.000000
-1.734782
0.000000
0.000000
3.773664
0.000000
0.606316
0.000000
0.000000
0.000000
3.537783
0.000000
-5.393555
0.000000
0.183966
0.000000
0.000000
0.000000
-0.264937
0.000000
0.000000
4.022333
2.256050
-0.540926
0.000000
3.737579
2.254240
-1.111609
1.253627
-4.806513
-0.814102
-2.366578
0.000000
0.000000
0.010564
4.937935
0.000000
0.000000
0.043424
0.000000
2.575756
0.070359
0.000000
-0.854490
-0.364032
-2.249653
-3.991581
0.000000
0.000000
13.128592
-9.581626
0.000000
0.475753
4.022333
8.927090
-6.852995
0.000000
-1.896124
0.021209
0.000000
-0.916048
0.000000
0.000000
0.065517
-3.124517
0.889997
0.584174
-0.543283
0.180158
2.631798
0.251970
6.473651
0.000000
-0.242965
0.000000
0.000000
2.921269
0.000000
0.000000
-1.041995
-8.977910
0.959233
-4.124324
3.292562
-3.764685
1.823569
-1.442590
0.000000
2.381002
0.000000
0.000000
0.000000
0.000000
-0.496684
1.609236
-6.554463
0.000000
4.511346
-2.386772
4.167036
6.411264
0.395300
0.201887
0.000000
0.000000
-3.411238
-1.306244
1.411534
-1.163398
0.000000
0.000000
-1.015881
-0.074151
1.717414
0.000000
0.000000
-0.474162
0.000000
3.065651
9.020804
0.701975
-6.606044
2.603415
8.902762
0.393386
-1.013177
0.458024
0.367725
-6.141395
-0.089358
0.231319
0.392561
0.000000
0.286399
0.391803
0.076262
0.000000
0.000000
0.000000
0.188703
-1.380382
1.960782
0.000000
-4.356831
3.776507
2.084972
0.833669
5.171344
2.728795
0.198387
2.144953
0.000000
-1.695141
1.526052
0.000000
0.000000
-1.207721
0.000000
-0.520926
-8.113164
0.000000
0.030897
6.097447
0.136821
0.000000
-0.058161
-0.396717
0.000000
-0.277872
0.000000
0.518265
0.000000
2.681202
2.427584
4.467031
-0.248399
3.493903
1.597874
0.434449
0.000000
2.633422
2.904027
1.034240
1.412708
-2.306510
11.665797
10.313658
0.000000
3.058025
0.000000
0.077711
0.000000
0.000000
0.000000
0.000000
0.000000
0.926600
0.000000
7.573246
-4.369887
0.000000
0.000000
0.000000
0.000000
0.000000
-3.078016
-4.026108
-1.355116
0.000000
4.196552
-1.644913
0.000000
-1.401512
-2.200809
-4.148837
0.000000
-0.053048
-1.693122
-0.643476
-5.649021
-0.552809
-2.162937
0.000000
0.710356
0.423189
1.223462
1.167679
-3.432162
-0.086617
1.322976
-2.913591
0.951642
0.721046
-2.561000
10.654934
0.809487
1.601470
0.000000
1.425755
0.000000
-1.449812
1.741647
0.000000
-1.268787
-2.023935
-1.156720
0.000000
0.000000
9.140462
10.830094
4.347081
0.000000
0.000000
-6.002094
2.545292
1.411370
0.000000
0.841287
0.076262
6.737501
1.020132
0.000000
0.000000
0.000000
5.171344
2.694497
-0.381849
0.000000
0.000000
0.000000
-1.291307
1.286968
-0.157635
0.000000
1.681545
0.000000
3.198979
0.047862
-0.790233
1.572129
-6.764338
0.000000
1.467507
0.000000
1.848019
0.000000
-6.115815
0.000000
0.000000
0.000000
0.000000
4.125304
3.639700
2.485564
2.561558
0.737523
6.041566
1.772573
-0.343297
-0.975747
-0.536185
0.000000
0.000000
0.000000
6.764785
0.000000
0.000000
0.000000
-0.640745
1.114382
0.033553
-1.394041
0.041267
-0.982988
-1.933741
0.000000
-0.658849
-4.028591
5.799892
1.833634
-6.803515
0.000000
-0.667477
0.000000
-2.898030
-0.702267
-0.002208
0.354332
-6.702118
2.176126
0.000000
0.000000
1.013833
3.312232
-6.080100
7.818626
-2.547636
19.143740
-3.201564
-1.265050
0.000000
0.000000
0.000000
-7.078529
0.000000
1.743387
0.000000
-0.923920
4.883291
0.123386
0.000000
-1.107751
0.000000
7.015010
0.000000
0.000000
0.000000
3.977661
0.000000
0.100957
0.000000
-9.422041
0.000000
-0.433762
-2.162937
0.000000
-0.835908
0.000000
0.000000
-1.129961
0.394739
3.453026
-2.084441
0.000000
-0.985905
-1.103213
2.292501
9.121602
0.000000
0.000000
-6.018175
0.555225
0.000000
-3.516229
6.555062
1.582712
-1.107038
-3.952270
17.244022
-4.958621
0.000000
1.497901
0.000000
-9.710880
0.000000
0.733810
2.357591
3.526765
-7.866888
-0.852282
6.402098
6.948595
2.517609
5.749817
-0.499302
0.078435
0.000000
3.418591
1.477579
4.840129
-5.489308
-3.502673
1.583720
0.000000
-9.803154
0.000000
-7.187931
-0.996499
0.000000
-4.009470
0.000000
2.584755
0.000000
0.000000
0.000000
0.000000
0.000000
1.870997
-0.530020
-1.961088
-1.275559
-4.026108
-1.693122
0.000000
1.614393
-0.519859
0.000000
0.000000
-0.388437
0.000000
0.305405
0.000000
0.000000
-2.490528
-0.282214
0.000000
0.292684
0.000000
-9.893888
0.000000
0.000000
3.913352
0.000000
1.420238
0.000000
4.242034
0.000000
-0.087674
3.307209
0.000000
0.000000
0.000000
-1.041995
0.000000
0.000000
-1.755318
0.000000
-0.473563
4.789064
-1.571832
-4.524366
1.586640
-0.247800
2.320280
14.925918
0.176960
2.344284
3.554385
1.706595
0.000000
0.000000
0.694291
-0.718818
3.759194
1.418778
6.168148
-3.307424
0.000000
-2.489896
0.000000
-6.313562
0.405686
-0.512475
0.000000
0.000000
4.427797
0.675940
0.000000
2.263799
0.000000
-2.570619
4.379708
0.000000
2.683783
-2.339595
-0.248299
0.000000
4.366898
-2.518288
0.222749
0.000000
0.000000
0.000000
0.000000
0.000000
0.000000
0.955310
-0.234866
0.051293
0.000000
-6.521212
0.000000
-2.822801
3.261409
0.000000
0.000000
-3.783278
-3.876689
2.991257
0.028276
0.982973
-1.566925
0.618308
4.174864
-1.778038
0.000000
-0.291069
0.000000
0.000000
3.625459
-1.177286
0.000000
0.000000
1.469213
-1.182791
0.757048
-2.314320
2.529796
-0.640422
0.000000
-5.406463
2.411620
0.000000
0.000000
0.000000
-1.979351
0.353541
0.000000
0.542775
0.000000
-1.696989
-1.493136
0.000000
6.764786
0.000000
0.000000
0.000000
0.000000
0.000000
0.901020
0.000000
0.256003
0.000000
0.000000
-1.436367
0.000000
-3.392697
-0.341536
-2.861205
3.258983
-2.513082
0.977486
13.903384
1.548572
3.633688
0.000000
-2.204183
0.000000
2.267893
0.000000
0.000000
-1.902125
4.485123
3.800374
-2.855310
-1.989385
-0.356183
0.570887
-0.016879
-2.861205
0.000000
0.000000
-0.049764
0.000000
-0.338668
0.062493
-0.533290
0.950769
3.535200
-0.183658
0.000000
1.418726
-0.592785
2.368083
-2.949721
6.923022
0.000000
-0.880161
0.000000
0.000000
-1.946214
0.000000
0.000000
0.000000
-3.637385
0.000000
-6.028393
0.587422
0.000000
0.000000
0.000000
-2.070676
0.000000
0.000000
0.000000
0.000000
0.221615
1.966920
4.758511
3.754399
-2.696126
0.000000
0.000000
0.000000
-1.255453
3.898147
0.000000
4.238662
0.000000
0.000000
0.782813
0.000000
-0.539358
-2.273131
0.000000
6.916007
-6.575855
0.000000
-1.560150
0.000000
-9.851596
-2.117757
0.000000
2.481019
0.000000
0.000000
0.000000
0.000000
4.382694
2.944443
0.000000
-2.464580
-0.219713
-0.690916
0.000000
0.000000
0.000000
-1.900672
0.000000
0.000000
0.000000
-1.801321
2.814984
-2.963202
0.000000
-3.310311
-4.556831
0.000000
0.000000
7.690722
0.000000
0.000000
0.000000
-2.941875
1.028406
1.829518
0.000000
0.000000
-0.355158
-1.915497
-2.237655
3.030180
0.000000
-1.040026
0.566658
-2.816128
0.670793
1.025458
-5.516021
0.889710
0.000000
2.975785
-0.397374
-4.852470
4.918686
-1.773914
0.000000
-3.275717
7.620888
-0.206427
-0.108570
-0.317932
-1.087755
0.000000
0.000000
-2.711694
0.000000
-3.929461
0.000000
-6.130756
0.000000
0.000000
4.362585
3.457764
0.000000
0.000000
14.625328
0.000000
0.000000
0.000000
-0.584714
0.000000
18.495235
-0.135224
-1.830316
0.000000
0.000000
-9.801446
9.303869
-4.178438
3.328946
0.000000
0.000000
-0.922902
-4.266781
-5.704500
0.000000
0.835386
0.000000
-1.617896
-10.586105
1.107361
-1.403245
-0.740781
-0.634578
0.468253
3.871364
0.000000
0.725446
0.819285
-8.074519
0.000000
0.000000
0.770944
0.565610
0.000000
-1.515704
-1.616419
-17.106779
-0.103837
0.000000
-1.065241
-1.668752
-0.139669
0.000000
1.393133
-3.090327
-3.026507
-2.052921
6.022670
-5.640189
-13.693003
1.609236
0.000000
2.144952
0.000000
3.478379
0.000000
0.000000
0.878792
2.694497
0.000000
0.000000
2.533442
0.000000
2.110399
0.000000
0.000000
-2.187145
0.000000
-4.150156
-4.095989
0.000000
5.995326
-8.290533
0.000000
0.000000
-0.945944
0.000000
0.000000
0.000000
-0.016879
4.326186
3.408395
0.309948
0.000000
0.000000
-0.114959
0.000000
4.961567
0.566658
0.000000
0.000000
5.877136
3.982062
-3.237306
2.390147
0.000000
-1.358715
0.000000
3.296335
0.000000
-4.156725
0.000000
-1.616419
12.437395
0.000000
2.770237
-0.719007
0.000000
0.000000
5.050109
0.008213
0.205476
0.000000
-7.105452
0.317927
0.287864
1.369198
0.000000
5.889745
0.192409
5.028815
0.000000
0.701273
3.142194
0.000000
0.603788
-0.871742
0.331194
-4.952405
0.000000
-0.033082
-1.800718
0.000000
0.121519
0.000000
0.000000
0.000000
0.000000
1.999259
0.000000
-1.134478
0.000000
0.000000
0.405686
5.347525
0.000000
0.000000
0.000000
-4.371092
-1.864747
0.000000
0.000000
0.619376
2.610920
-0.378297
2.370398
-2.082631
0.000000
-4.782864
-5.450027
-0.618630
7.009426
0.246556
0.000000
0.370302
0.000000
0.000000
0.000000
-0.017719
0.000000
2.025331
-0.827660
2.616236
0.000000
5.184955
2.894055
0.000000
0.000000
4.701900
0.000000
-0.214037
-0.663871
0.000000
0.000000
7.704853
1.845754
-0.932700
10.190078
0.226386
-1.705587
0.000000
0.000000
0.000000
2.672305
-6.376251
-1.349478
-6.459952
-3.611758
0.000000
-0.901471
0.390834
0.341540
1.368023
0.000000
-4.041371
0.000000
3.875567
-2.241334
-3.166975
0.000000
-2.478315
0.000000
0.000000
-2.241334
2.758503
1.306367
-0.783800
4.484203
2.366893
7.209727
4.407787
-2.949721
-4.750709
0.000000
2.181474
-2.057697
0.000000
1.338389
7.354583
-0.392505
0.856032
0.000000
0.450336
1.661998
-2.571106
6.348570
-0.175985
-3.797665
1.179356
0.000000
-12.198926
0.000000
-4.250519
0.000000
0.000000
0.144229
1.907370
5.286374
0.000718
-4.240635
5.544192
0.000000
2.284107
-2.753439
0.000000
2.561653
0.000000
0.000000
2.300628
0.000000
-0.580922
2.874694
0.000000
0.000000
0.000000
0.000000
1.147015
0.000000
2.515188
3.128186
0.439237
0.000000
0.000000
-2.984499
0.000000
0.000000
0.000000
0.131814
-3.415456
-6.673121
2.586013
0.000000
0.000000
0.000000
4.315882
0.545948
0.000000
0.908313
4.770395
-0.033034
1.836089
0.000000
0.000000
0.000000
0.000000
0.000000
3.772399
1.609924
0.000000
4.878756
0.000000
0.000000
3.554122
1.267972
-0.348821
-2.470896
2.663215
-3.281487
0.672678
0.000000
-0.242747
0.000000
1.370758
-0.112735
-1.647962
3.925030
0.000000
0.000000
0.000000
0.000000
0.000000
0.000000
-0.851614
1.305860
0.000000
-5.486961
2.554056
1.949932
0.000000
0.000000
1.804781
2.779618
-3.882249
0.000000
0.000000
0.735224
0.000000
3.408395
0.444230
0.000000
0.000000
0.000000
0.000000
-0.618925
2.796012
-4.105260
0.398182
-1.144477
2.710367
-0.108688
-0.302664
2.017483
-3.918151
-1.376034
-0.317570
3.608275
0.000000
-0.061114
0.000000
-2.060320
0.000000
5.348131
0.358103
0.000000
-0.667936
9.598311
0.000000
0.000000
0.000000
0.000000
0.551022
-4.205859
0.000000
-1.181130
0.000000
-1.292355
-0.134114
0.000000
2.390148
0.000000
-3.082353
-1.852959
2.932014
-1.637128
0.000000
3.034031
-11.427753
0.000000
-0.952469
4.467031
-3.852010
4.411026
5.098583
-8.355674
-4.782757
-0.120706
0.000000
0.000000
0.000000
0.000000
-0.762741
-2.507995
1.019420
-9.028351
0.000000
1.793080
0.000000
4.581374
0.000000
2.630888
-3.602988
2.140368
0.000000
0.000000
3.315152
2.034311
-0.005950
-2.007356
-1.066490
2.230230
-0.261114
-2.479302
-6.612186
8.563527
0.000000
5.313282
-2.233836
0.000000
-1.421202
0.000000
2.375379
-4.027675
1.100714
0.000000
-0.389522
1.622497
0.000000
0.000000
0.000000
0.000000
0.000000
1.120787
1.770183
-2.237942
0.407777
-1.040026
1.717515
3.271435
4.365289
0.000000
0.000000
0.016092
0.000000
-1.624767
-0.439305
3.162366
-0.131851
0.000000
0.469694
4.344181
-7.704176
6.097447
-5.135909
4.812808
5.051295
0.514197
1.073966
0.000000
0.000000
-2.564802
6.213864
-2.100216
-6.112888
-0.427995
0.000000
-3.569870
0.000000
0.000000
0.000000
0.239306
-0.513603
1.575449
-2.115794
0.975384
0.000000
0.069724
5.991008
0.000000
-3.565480
-0.183458
0.000000
0.461505
-6.564145
0.195827
0.000000
0.000000
12.650221
4.241921
0.000000
-0.428630
3.356634
0.000000
-1.315893
-0.770939
5.991008
1.905047
0.000000
0.112041
2.294263
0.000000
0.000000
0.659844
0.000000
0.000000
0.000000
1.040343
2.181857
-6.287615
-1.902388
0.088641
0.189452
-2.058211
-2.865861
0.482014
0.000000
-1.515575
0.000000
13.337156
0.000000
-0.003636
2.334820
0.269930
3.688879
0.083912
0.000000
0.000000
1.805539
0.000000
-6.116683
1.455918
0.000000
0.351512
-0.646743
-14.421640
0.000000
0.000000
1.762483
-2.716774
0.000000
0.387233
12.339493
-1.120666
2.075879
-0.606223
4.200245
-3.392848
3.772399
0.000000
-0.765280
-0.314499
-0.388437
-1.672854
5.151293
2.548996
0.000000
0.000000
0.000000
-0.134401
1.336628
-0.235335
0.000000
0.227425
0.276473
0.000000
-0.505762
0.000000
0.000000
0.014104
-2.762033
1.394571
-0.102223
0.000000
-0.821576
1.274809
-0.743698
2.503197
0.000000
0.106406
0.000000
2.880418
0.741407
-0.975904
-8.115500
2.853413
0.000000
-10.894713
0.000000
0.000000
0.000000
-2.597436
-2.693933
-1.209314
-2.591570
4.376838
6.350745
0.000000
0.000000
-0.477681
0.000000
0.000000
-0.194279
0.895247
3.533686
1.050929
1.485090
-5.753927
1.764337
1.932480
6.031792
0.000000
-6.492010
0.385290
0.000000
-2.562357
0.761984
5.779351
2.780726
0.462839
1.129725
-8.311958
-2.826953
10.719210
0.000000
-7.935446
-3.491194
0.544549
0.487926
0.581958
3.098195
-2.308228
-2.070676
-3.013959
10.595098
-0.992261
-1.907503
0.000000
1.109866
-0.280760
0.000000
0.000000
8.709708
0.000000
0.000000
0.155595
-2.063297
-11.137496
0.000000
-3.504138
0.000000
0.094542
0.000000
-0.645108
0.000000
-1.477571
-0.878231
-0.823870
-0.835908
2.886454
-1.015881
0.030094
3.606227
-0.992261
0.019290
0.000000
0.000000
0.198842
-3.682702
0.000000
0.345300
4.797191
-8.914864
-1.066490
-0.388437
-7.962466
8.309367
0.000000
-1.461998
0.000000
0.000000
0.000000
0.000000
0.000000
-0.074151
0.000000
3.034031
0.000000
3.291815
1.217858
0.000000
-1.802825
-0.563411
1.807966
1.430216
2.187276
2.366893
3.414585
2.256050
-0.564177
-1.508114
-3.602988
1.986288
-3.886378
-0.889507
0.000000
-2.486167
2.311820
-8.959797
1.749563
-1.279475
-3.541578
4.960246
-4.518985
2.070554
9.370464
-0.225583
-0.562622
5.737192
0.377906
0.000000
4.984515
-0.599162
-0.139233
-16.137112
-1.367344
-3.530904
0.958400
1.332849
-0.390612
0.000000
0.000000
-1.008987
0.061126
0.536565
1.949932
-5.106757
0.000000
-6.036425
2.064073
2.105657
1.311393
2.660762
-0.312995
0.118363
0.000000
0.000000
-3.788275
-0.137811
0.000000
0.000000
-5.410338
0.000000
1.803185
1.655659
-1.117255
0.093772
-0.248370
0.000000
-1.663764
-5.201342
0.000000
-0.098693
-5.364107
0.000000
2.268362
0.000000
-2.539528
-0.094154
0.000000
4.140779
5.251099
1.221682
1.767177
4.460397
0.000000
-0.867952
0.000000
-2.711879
1.610863
-5.836719
0.000000
-5.648207
1.148354
-0.925632
-0.136154
-12.015588
0.083623
-0.297369
0.000000
5.285004
10.185060
0.773306
0.022841
0.000000
-3.125100
0.000000
0.000000
-8.953649
0.000000
0.000000
2.877116
-4.306291
0.885233
0.000000
3.171332
0.000000
-1.639564
-6.058812
1.272526
-1.864447
2.151265
1.286775
0.000000
0.000000
0.000000
-2.339595
1.530487
-0.248399
1.024761
-1.166800
-1.051960
5.939859
4.948743
1.726734
-2.944445
1.190556
0.399585
-2.567126
0.000000
0.000000
-4.840798
-0.548380
0.000000
-1.456899
0.000000
0.000000
6.266574
0.000000
-8.992789
0.000000
7.269069
0.000000
-1.676396
2.128827
0.000000
-1.461319
3.506766
0.116821
0.000000
-1.266278
0.000000
0.000000
0.000000
0.000000
-2.648872
0.000000
-2.993690
0.073482
-2.145953
2.441663
-0.526104
-1.086897
6.006383
3.204203
0.000000
2.957844
1.484722
-0.124445
0.000000
0.951373
0.000000
0.000000
-0.102742
0.405291
-2.595786
-1.136119
7.208439
3.119078
1.111451
-4.259355
0.000000
-2.517028
0.000000
1.129725
0.000000
0.787467
-4.044242
0.000000
-3.340080
-0.172962
0.000000
0.000000
0.000000
0.000000
-2.689672
-0.224590
-2.578651
7.844394
-2.830719
3.524075
-4.792225
1.375526
0.045782
0.000000
-0.628265
2.360354
-1.481333
-0.642799
4.960246
0.000000
2.151896
0.000000
8.401033
-0.088349
-0.403639
0.000000
-0.554096
-0.108570
3.626208
-0.048351
-5.054119
0.000000
0.000000
3.045673
0.000000
0.000000
0.000000
0.000000
0.000000
-0.240587
1.357259
-1.185481
0.287240
0.000000
0.000000
0.000000
0.000000
-1.117255
0.000000
3.977661
2.930700
3.059683
-7.654042
0.000000
1.210155
0.000000
0.000000
0.724812
0.000000
0.000000
2.236292
6.031711
0.000000
0.000000
0.000000
2.709043
-0.538283
0.000000
0.000000
-11.806137
0.000000
-5.302636
1.643781
0.000000
-1.326810
0.000000
0.000000
0.000000
0.000000
4.362585
-3.263745
0.000000
-0.256619
-4.569698
0.000000
0.000000
0.000000
0.000000
0.000000
2.882826
-1.060942
-3.843979
-1.691663
3.676869
0.248601
-4.608514
-4.987188
0.000000
0.000000
-0.761047
-0.070230
0.000000
-4.415836
0.172905
0.000000
0.000000
0.000000
0.000000
0.000000
0.000000
1.493705
-2.821080
0.000000
-5.776101
-2.663482
0.927831
-0.097572
0.000000
-1.065970
0.000000
0.000000
3.056461
-0.717371
0.000000
-1.962279
2.068998
-0.060914
0.000000
-8.136354
-3.371783
-2.561784
-1.805336
0.000000
-1.907503
0.000000
0.000000
-3.004803
0.717729
-12.692635
1.053506
-0.313928
0.364374
-1.257867
4.205010
-0.505762
3.408395
0.000000
0.000000
11.060898
0.000000
-0.540216
-0.584848
0.000000
0.000000
0.000000
-4.289538
3.775041
2.740911
0.000000
-1.486792
1.762988
0.000000
-0.757488
4.814185
4.264004
-1.437212
0.000000
0.000000
0.000000
0.000000
0.000000
0.000000
-4.239001
0.000000
-0.415772
-1.007150
-2.579716
0.000000
3.712264
-2.237655
0.000000
4.129494
0.000000
5.044211
0.684926
0.312772
-0.855495
0.000000
1.237536
-1.237019
0.000000
2.781840
0.000000
-5.982078
0.676877
-3.726922
0.000000
0.000000
0.062992
-1.407389
-2.237655
0.000000
1.846099
0.000000
0.781637
1.026782
1.869716
2.701917
5.589051
-1.287669
0.287100
0.051155
0.000000
0.100893
1.529730
0.000000
5.990887
-3.408597
2.985395
-0.276772
-3.680551
3.962913
1.252712
-1.189945
1.733337
-0.221955
-0.964725
-6.670542
0.000000
5.437699
1.575499
5.114994
-11.330272
0.000000
-2.881027
1.665820
-0.659160
-0.399393
5.491252
0.000000
0.000000
7.503422
0.572713
0.000000
0.000000
0.000000
0.000000
2.314639
0.000000
-3.325616
-0.023984
-0.472718
6.240458
-2.082013
-1.921683
3.998200
2.395694
0.995605
-5.255360
1.913505
4.567891
-1.927831
-0.289287
0.000000
8.118256
-1.187707
0.000000
0.000000
3.769891
0.000000
5.182762
-4.727103
-6.575855
-2.570619
-0.323744
0.000000
-2.413995
7.807710
2.503312
0.000000
-1.255453
-13.828160
-1.346744
0.985784
3.341527
0.000000
6.552175
6.425947
0.000000
-0.479320
9.279323
2.982990
-5.816747
0.000000
-1.911399
1.929215
0.000000
-1.857248
0.000000
-2.026594
0.000000
-0.790233
0.000000
0.000000
1.446404
0.000000
1.919002
6.272294
0.000000
0.000000
0.132964
-5.106757
0.000000
-1.095336
0.000000
0.081954
0.000000
6.719611
0.000000
-8.862462
-4.814640
-7.483779
2.045032
-2.278041
3.328946
-0.195821
1.960782
4.475317
0.516316
0.000000
-4.671299
-3.882180
0.000000
-8.641321
3.748145
0.237765
0.000000
2.678671
0.000000
0.000000
-1.151914
-3.072209
1.235436
-9.278587
0.000000
-3.217963
0.000000
0.185481
2.510511
0.000000
3.193129
8.213398
0.000000
-0.463206
-1.006434
-5.967938
0.444487
0.000000
0.000000
-5.517929
0.000000
0.000000
0.000000
0.000000
2.316829
0.000000
1.154357
-2.411497
-0.996251
-0.448197
-5.971121
-0.302488
4.045511
-1.315893
-0.543283
0.000000
-0.743243
0.000000
3.175749
1.467507
0.079547
-2.799780
-3.090939
2.168999
0.000000
0.000000
-4.932516
0.000000
0.000000
-0.014731
4.580201
-0.454067
0.135771
-5.804376
0.774526
2.861721
0.000000
-0.901317
-4.663664
1.111451
0.000000
0.000000
5.083825
4.814435
5.196517
0.000000
1.962786
0.000000
-3.078430
-3.221966
0.000000
0.085377
-0.674002
5.381186
3.328946
-3.036757
-0.957472
0.845636
0.973261
-0.593208
0.029240
3.369075
0.000000
0.000000
-4.524366
1.687780
-5.409827
0.662719
-0.591622
0.000000
-1.322851
0.000000
0.349354
7.941910
-2.186227
1.301795
0.000000
0.040298
-0.116827
1.296851
0.282595
0.000000
0.000000
0.000000
-2.723270
1.131355
0.000000
0.000000
1.497149
0.000000
0.000000
2.737505
12.389687
0.000000
-2.108165
2.547930
0.363555
3.978704
0.000000
4.451557
0.358450
0.000000
0.000000
-0.536185
-1.627938
0.000000
-5.824517
0.000000
1.134692
0.000000
-0.003279
0.000000
3.795959
-1.592417
-0.694255
-2.014755
-1.367344
-1.391860
-1.599630
0.000000
0.000000
-2.077343
0.000000
1.582712
2.761771
0.556786
1.981188
-6.024705
7.413303
0.000000
-0.350699
-0.107818
0.000000
-8.054840
0.000000
0.000000
7.661073
0.000000
0.000000
2.429369
0.000000
0.000000
0.000000
0.908313
8.208195
0.000000
0.950150
9.302734
-3.843979
-1.760271
0.000000
-0.822234
2.358689
0.000000
0.000000
-0.400130
-0.556782
0.000000
0.000000
7.855385
0.000000
0.000000
0.000000
0.131310
-0.836074
-0.268550
-4.606939
0.000000
0.000000
0.000000
-0.807725
0.000000
0.000000
5.464142
0.000000
3.824674
2.423637
0.000000
0.000000
-3.881338
4.014821
0.000000
4.966423
-1.110319
-8.335612
0.000000
0.000000
0.000000
10.138047
0.000000
0.000000
-11.423770
0.413555
1.578372
-0.048244
0.000000
1.486987
-1.603495
0.000000
-4.026108
4.813939
0.000000
2.886454
-0.742136
0.000000
0.000000
0.000000
0.000000
2.527469
0.000000
-6.986716
4.157986
0.000000
-6.782011
0.000000
-8.514352
0.000000
0.000000
0.566658
0.000000
-0.635109
2.708881
0.000000
0.000434
2.166464
-0.143709
-3.973651
0.823268
-2.080898
3.236699
0.000000
0.000000
0.000000
6.892285
-4.499286
0.000000
0.000000
-3.489379
11.515237
2.147800
-0.082602
0.395300
3.684415
0.000000
0.000000
0.263383
11.190544
7.232890
0.000000
-0.401275
-1.798800
0.581581
-8.651464
0.000000
0.000000
0.000000
0.000000
-1.561636
1.455918
3.990224
0.000000
2.860739
-11.493671
-9.416079
0.000000
0.000000
0.585208
-0.059907
-1.401708
0.000000
0.000000
0.000000
0.000000
0.000000
0.000000
-0.539095
0.000000
-0.213911
0.000000
0.205503
0.000000
0.000000
0.381760
0.000000
0.000000
-1.585678
-2.362113
-0.450553
0.000000
-0.801319
5.321608
-0.078803
2.266900
0.000000
0.000000
0.000000
0.000000
-1.786997
0.000000
-0.966470
0.000000
0.000000
-0.357168
-0.601818
0.000000
-3.238570
-0.364226
-0.932700
0.000000
0.000000
4.034462
1.131840
0.697615
3.224707
-1.682353
-0.170150
0.379556
-0.989244
0.043424
2.985532
0.000000
2.472301
0.000000
-0.099219
0.000000
1.462417
0.000000
0.821157
0.000000
-0.237590
-0.102227
2.772057
-0.669606
-0.342853
0.256003
0.000000
-2.010598
-0.229889
1.395232
0.226576
0.000000
0.546775
-0.694519
0.000000
1.375526
-3.736275
4.459504
-0.439305
-8.956312
0.000000
0.220611
0.000000
-0.317629
0.000000
-3.062199
5.663185
-0.111628
1.586622
-0.792253
0.000000
0.000000
0.221732
-3.095641
-3.063824
-4.454999
0.000000
0.000000
0.000000
0.013609
-2.995980
1.089809
11.129599
0.000000
0.461161
0.000000
2.808614
0.000000
0.000000
0.000000
0.000000
-2.156482
0.000000
-0.159110
2.561653
-0.537365
2.764105
0.000000
0.000000
0.078421
0.000000
-2.238522
0.000000
-6.798180
1.925538
0.000000
-1.298075
0.072790
-3.581870
0.000000
-3.307424
-0.405559
-5.642241
-3.587911
0.000000
1.383142
-0.433762
2.246482
-0.893623
0.000000
-0.688329
-2.604720
-1.197265
-1.831243
-1.158854
1.701229
0.000000
-2.196095
0.116288
0.000000
0.000000
1.675440
-0.362971
-1.596798
1.573263
0.000000
-0.976506
0.504459
0.905057
0.338109
-0.142086
0.000000
0.000000
0.000000
-11.502417
4.332605
-7.194845
-0.077999
3.937115
0.000000
-0.390375
0.000000
0.000000
-4.524250
0.424208
0.904645
-1.457367
0.000000
3.821187
-1.168696
0.000000
0.000000
0.000000
0.000000
-1.054212
-9.463637
0.000000
0.043424
0.000000
0.000000
-1.054212
0.013468
-3.072409
0.000000
1.503044
0.000000
0.069866
1.487866
-0.553843
-2.765697
0.000000
1.731812
0.000000
-2.157036
-1.400616
3.758717
0.000000
-0.478337
-0.088559
-4.582033
0.283596
0.188422
-2.592323
0.000000
-0.422570
-2.319850
0.811561
-2.674045
2.004772
0.397303
-4.876111
-1.235814
-0.591622
0.000000
1.490671
4.270984
0.624594
2.058787
1.129725
3.480131
4.760462
1.908540
-4.250519
-0.462774
0.000000
0.469017
2.292234
0.286553
-0.835908
1.286485
2.192274
-0.213911
-3.167147
5.140846
0.000000
2.040948
1.508204
5.126644
-6.779584
-0.569715
-1.929914
0.000000
0.000000
0.000000
0.000000
1.582712
0.000000
1.540132
-5.723907
2.541625
0.000000
-0.184593
0.000000
-1.445799
0.000000
0.547724
-2.900684
0.000000
0.000000
-0.449112
5.999295
0.946357
3.298214
-1.741267
0.000000
0.000000
-3.095374
5.596314
0.000000
-0.755817
-13.789585
0.000000
9.598311
-2.539528
0.852396
-1.401215
12.046926
0.000000
0.000000
0.000000
0.000000
0.000000
0.000000
8.092041
0.000000
0.000000
3.581145
0.416312
-0.301186
-1.840415
-1.928932
1.339114
2.910938
-0.780586
0.146953
-2.666610
0.000000
0.000000
0.000000
0.000000
0.000000
-1.493136
3.253772
-1.870852
-0.330820
0.882148
-1.254375
0.000000
1.122566
0.000000
9.353201
5.184955
1.167089
-5.024646
0.000000
0.000000
0.000000
-0.309247
-1.277719
-2.134007
-3.865448
4.610401
-9.467728
-0.044530
0.000000
-4.203660
0.000000
0.000000
0.000000
-1.616419
-4.062043
0.000000
4.293682
0.000000
-4.830153
-1.611175
0.377737
1.204932
1.015424
0.000000
3.795959
-4.855403
3.745809
-5.688556
1.269069
2.163161
-5.213012
0.000000
0.000000
8.891148
-0.139290
0.000000
-4.222227
-1.867643
0.573436
0.000000
0.000000
-4.146722
0.000000
-2.153662
1.455918
0.063715
1.665820
-0.275965
1.526052
0.000000
1.369857
0.000000
0.000000
-2.925090
0.034694
0.000000
6.951332
0.000000
0.000000
5.182762
-2.314320
0.000000
0.000000
4.195581
0.000000
2.012554
-1.136066
0.000000
1.906124
10.456561
0.000000
-0.927818
11.316265
2.982990
0.000000
1.096731
0.000000
-3.367175
-2.769889
5.050109
1.570053
0.000000
-0.156765
0.000000
-0.154050
0.152096
0.735410
1.714868
4.386945
-5.387484
4.407787
1.611805
0.000000
-1.479837
0.000000
0.697457
-6.322185
1.601883
-0.127468
1.999259
0.000000
-4.783522
-0.238637
0.000000
0.000000
-0.896232
0.000000
8.886072
0.000000
0.000000
0.000000
-0.920409
0.004858
0.579480
0.000000
17.818699
0.000000
0.730059
-5.836802
3.243136
0.337584
0.000000
0.000000
0.000000
0.000000
-10.599884
0.000000
0.000000
-3.627281
0.354986
0.644991
0.000000
13.977210
0.627305
5.158817
-0.941147
7.072444
3.059683
0.000000
0.000000
0.000000
0.000000
-1.584720
-0.410513
0.000000
0.000000
0.000000
-1.616419
-7.281181
-3.171413
1.190556
-3.275407
2.905798
2.945032
0.000000
0.000000
0.000000
1.311393
0.000000
0.171318
-1.195336
3.917960
6.923928
2.584159
-8.311333
0.240942
0.643470
0.000000
0.000000
0.000000
-1.190301
-0.870021
0.000000
-2.944445
0.000000
0.000000
0.000000
-1.422016
-10.413568
2.368527
0.000000
-2.538685
2.630881
0.000000
0.000000
-0.059828
5.844836
-4.922486
0.000000
1.627458
-3.757466
5.725750
11.111836
-0.076238
-0.302484
-2.968887
-1.408303
0.161603
-3.689039
6.085666
0.000000
0.634425
0.000000
-2.195386
7.312353
-0.485262
-0.035833
-2.828169
-1.609583
-0.055779
0.000000
-1.489107
0.000000
1.248634
0.000000
0.000000
-3.865448
0.000000
-3.444591
0.000000
2.164881
-8.068289
0.000000
0.000000
0.000000
-5.025980
0.000000
0.000000
1.311760
7.915983
5.299048
0.000000
1.714590
0.000000
0.000000
0.000000
0.000000
0.000000
0.000000
0.000000
0.000000
0.000000
4.335647
-4.087203
-2.706428
3.408395
8.208195
-1.030202
0.000000
0.000000
2.239931
0.000000
-8.038622
-3.898259
0.000000
0.000000
0.000000
-0.179220
5.275570
-2.355919
0.000000
0.000000
0.000000
0.000000
0.000000
0.000000
0.000000
0.000000
0.000000
0.000000
0.000000
9.249187
-13.407503
-3.286687
1.848019
-0.388437
8.539063
0.000000
0.000000
0.000000
-7.836281
-1.130316
-5.009686
0.077568
-3.868620
0.000000
3.272071
6.611888
-1.243318
-4.250519
2.991240
0.000000
0.000000
1.944074
-0.665826
0.478176
4.299607
0.000000
-10.721283
2.211099
-9.050202
-2.195086
-0.064737
0.450336
0.000000
-2.931119
0.000000
-0.681308
2.661464
0.000000
-0.180612
-0.429975
0.855550
2.027805
-1.312648
5.337474
-1.750959
0.000000
1.931856
0.530928
0.000000
-4.757292
0.549956
-0.073381
0.300583
0.963134
6.202987
-0.498657
2.407854
19.633831
1.569911
-4.839421
0.000000
3.728531
0.000000
0.000000
-0.097583
0.000000
0.000000
4.228136
1.025458
0.000000
-1.198608
-6.791721
0.000000
0.000000
0.052940
-1.480355
0.000000
0.000000
0.000000
1.365428
-0.349051
0.000000
1.145939
-0.042517
2.158302
5.175059
0.000000
0.000000
0.283596
-0.156803
-2.390714
6.764786
-3.329007
-0.908450
0.399585
-2.796011
-1.041995
0.000000
1.408248
7.042520
-5.930175
-2.284649
4.508833
4.990324
-1.493136
-1.852959
-4.420718
0.000000
6.516522
3.401031
-3.295727
0.000000
-1.595795
2.555323
0.000000
3.962913
2.161832
-4.027140
-2.247633
0.236567
1.827706
1.686017
5.046439
-1.001508
1.833634
3.488285
-0.186928
2.929167
-2.432297
0.000000
0.666881
-2.186153
-12.643937
4.064538
-0.444863
-1.015881
0.000000
-1.827282
-1.041778
-2.593280
0.000000
-1.653248
0.000000
-2.718666
0.000000
-4.034418
11.487529
3.876815
0.000000
0.000000
-8.311333
1.535951
2.009449
0.007310
5.106891
0.000000
-12.600758
6.039483
0.000000
-1.803069
0.678785
-0.052804
-1.118735
-2.750318
-5.639797
0.000000
0.000000
0.000000
-0.147557
2.461014
-0.107160
3.850387
0.000000
-4.609501
1.117568
0.000000
1.263485
-6.713346
-1.538265
0.000000
0.000000
0.000000
0.000000
0.000000
-2.664517
-0.291419
-2.764416
-0.863373
-2.325536
-0.783160
-2.184717
-3.340342
-7.234585
-1.312648
-1.343516
0.880868
3.491123
-0.721102
1.684125
-4.084062
1.134617
0.000000
0.000000
0.769939
0.000000
1.830685
2.738537
0.000000
0.000000
0.000000
-4.435256
0.000000
0.000000
-2.674320
0.000000
-5.160134
3.666421
0.000000
0.000000
-4.363454
-4.357671
0.576937
1.264571
-1.073925
1.586476
2.866644
0.000000
1.651817
-0.027327
-2.148054
10.284012
0.000000
-0.363279
-1.714719
0.000000
0.879220
0.000000
0.000000
7.683819
0.000000
0.000000
-0.406768
-5.999952
7.015697
-3.633960
3.664294
-3.188462
-2.449667
-1.026376
-0.432790
-3.991491
0.000000
3.839817
3.772399
0.000000
-0.799209
1.686017
-2.132870
0.000000
1.716430
-1.115009
6.128349
-1.335119
0.000000
-0.059828
0.000000
-1.107038
0.000000
1.077648
0.000000
0.000000
0.161289
0.156486
0.000000
0.000000
-0.664107
0.031557
0.000000
-0.916048
0.000000
0.000000
9.274515
0.000000
0.000000
0.000000
0.846701
-4.858495
0.104133
2.531056
2.259804
-1.276193
1.739072
0.000000
5.413604
0.955228
0.109447
-0.406243
0.742413
0.642339
0.000000
0.000000
0.410364
-7.501624
0.000000
-0.392700
0.000000
8.602315
-3.770361
0.526366
2.949352
-4.240746
-2.236265
-1.554304
0.000000
1.636920
1.937360
-3.798973
-0.418582
-1.566925
0.000000
0.000000
-2.258636
1.867105
0.000000
0.000000
0.000000
0.099674
-0.036006
0.000000
0.000000
-5.475268
-1.505922
-3.948017
0.000000
2.681202
1.922011
0.000000
-1.797577
-0.119277
4.308918
1.186152
0.000000
0.000000
0.000000
0.000000
-7.279996
0.000000
2.168999
0.000000
0.000000
-3.931466
2.103878
2.547930
-3.020373
1.411370
-0.312376
0.000000
-0.279513
-3.514444
-3.333094
6.652877
0.000000
0.000000
0.000000
0.712185
0.263212
0.000000
0.018176
11.191250
0.000000
-2.756976
0.000000
0.000000
4.386945
0.000000
9.520503
0.000000
0.000000
0.000000
3.993792
0.487284
6.187804
1.728725
5.036876
-0.045268
0.000000
3.601948
-14.434469
-1.175075
0.000000
0.000000
0.000000
-6.843839
7.128133
0.491265
2.906630
16.190954
-1.095336
0.000000
-6.052462
0.000000
-4.829171
1.126241
0.000000
12.956084
0.926195
-1.769138
0.000000
0.686581
0.220091
-2.662480
-0.109754
-6.112888
-1.522136
-13.667467
3.542224
0.000000
-8.182168
0.000000
0.000000
0.000000
-0.762741
0.816598
1.469213
1.960782
-2.225876
2.024095
0.000000
0.000000
0.000000
1.368388
-1.025266
2.294263
2.063527
0.000000
0.000000
-0.495754
0.000000
0.000000
0.000000
0.000000
0.000000
-0.986259
0.231539
6.122989
-5.774518
0.636871
-0.579370
0.000000
-1.864447
0.000000
-0.480449
5.612132
-2.970770
-1.938916
0.000000
0.000000
0.000000
0.000000
3.431574
-0.589433
0.583156
0.000000
0.000000
2.685046
0.000000
0.000000
-0.400130
0.000000
0.000000
2.272410
0.000000
0.000000
-0.204040
0.000000
0.000000
1.997263
1.016283
3.876880
1.284711
4.026219
-4.860216
0.358103
0.000000
1.321233
1.629973
-2.023754
-0.353423
3.748145
0.000000
6.341917
1.535460
3.934682
-3.257079
0.000000
1.809480
0.000000
2.685046
-4.289538
0.718332
-4.767220
0.000000
2.489883
0.000000
-10.615020
-2.927427
0.000000
0.000000
0.000000
0.000000
0.000000
0.000000
-0.033034
-8.873335
3.524075
0.000000
0.000000
0.000000
0.000000
5.578198
-0.473563
0.000000
0.000000
0.000000
0.000000
0.000000
4.242034
0.413555
0.000000
0.967850
0.000000
5.578198
2.550213
0.000000
-5.943734
0.000000
0.000000
-2.278041
0.000000
0.000000
-6.115816
1.170891
0.000000
3.374426
0.031026
-3.345293
-0.875013
0.496543
0.000000
0.000000
2.932014
1.272526
0.000000
-0.924015
0.000000
0.000000
3.426777
0.000000
6.320977
2.098224
0.413555
-0.603421
0.000000
0.000000
0.000000
2.484400
0.989099
-2.220478
0.000000
-0.698394
-1.703029
0.000000
0.523655
-0.191484
1.020132
1.207658
5.513783
0.749715
5.307154
0.000000
1.637481
-0.683936
0.000000
-0.561793
0.000000
-1.949246
-0.331800
-1.628021
0.560770
0.000000
3.693346
-0.067778
0.459907
4.195581
-0.659716
2.917509
0.000000
-0.271805
-0.735334
-2.550438
0.615127
-6.886660
-1.262367
2.274774
0.000000
0.792325
2.003968
-0.093470
0.000000
0.000000
2.712215
-0.860722
2.164881
0.000000
0.000000
0.859691
0.000000
7.762518
-1.391860
-0.184593
7.461565
0.000000
1.778697
3.632829
-2.319513
-0.273883
0.224345
-7.473321
-7.740532
0.000000
-0.016922
-3.292584
0.000000
6.453595
-0.973280
-9.116299
-6.252148
0.000000
0.000000
4.326186
-5.967938
1.316436
0.000000
0.000000
0.603788
-0.085973
7.244705
4.989861
-0.764518
1.561115
0.000000
-1.723470
0.000000
-4.381900
1.633212
1.741310
-0.284826
0.000000
2.094283
0.000000
0.000000
0.000000
0.000000
-0.120245
0.000000
0.000000
-1.543279
0.000000
2.053478
-0.892453
6.371399
0.000000
0.000000
-3.732796
0.000000
-8.231611
1.033228
0.939973
-2.539528
-0.169466
0.000000
0.000000
0.000000
0.000000
-1.510394
4.277862
-0.042540
0.000000
0.000000
0.917872
0.000000
1.639913
4.340845
-1.084590
-6.782011
-9.950319
1.355165
1.983313
-0.219983
0.000000
0.000000
0.000000
-0.906680
4.971428
1.118241
-5.174026
0.545078
0.373525
1.417534
1.299456
0.000000
0.000000
-0.727802
1.597002
0.000000
-3.984773
1.095288
0.000000
0.000000
-3.740582
-0.690835
-0.010537
2.382454
-0.094068
0.000000
-4.436408
0.000000
0.000000
-0.597170
3.186592
1.591059
-0.544671
0.000000
0.000000
-0.361042
8.055435
2.285855
0.958137
7.027639
1.912534
0.000000
0.000000
0.297053
-1.131987
0.000000
3.795959
0.000000
-2.277500
0.000000
-2.474468
-0.074151
-1.436367
0.000000
3.112922
-2.295471
-0.081699
-7.163717
-0.164652
0.000000
-6.052172
7.503422
0.884639
0.000000
0.704362
-11.424897
-1.891652
1.752902
0.375324
0.682267
-0.895558
0.754796
-2.659851
-1.541862
2.202956
-2.588180
5.991008
0.000000
0.739733
1.000156
0.000000
-0.769827
-2.392450
-5.904153
0.000000
-0.390421
0.000000
0.000000
0.000000
0.000000
-2.124969
0.000000
0.000000
5.386126
0.000000
0.000000
0.000000
-5.206347
0.777195
-4.000973
-0.183036
2.830302
0.276766
-7.933361
4.444903
2.833442
0.000000
-1.554140
0.044596
1.195717
-10.863200
0.000000
0.000000
0.000000
0.436026
-4.270330
0.484538
0.000000
-1.151869
-0.711394
-0.734357
0.000000
0.022192
-2.162937
-0.157634
8.357658
0.000000
-2.292169
0.000000
0.174857
1.424217
0.132964
0.000000
0.000000
0.000000
0.000000
0.000000
1.846254
0.000000
2.821531
0.000000
0.443077
0.000000
-4.005998
-2.706687
-0.061114
3.162434
0.000000
2.496257
1.413726
-2.320364
0.010769
4.902066
-0.396516
-3.358718
-1.265123
-1.360094
-3.169086
0.000000
0.027502
0.000000
0.293297
5.502432
3.977139
0.000000
3.705169
0.000000
-1.645055
-3.800523
-0.553997
0.000000
0.000000
-1.125412
0.000000
6.826213
-1.357003
0.000000
0.000000
0.000000
0.000000
0.000000
-0.077892
-4.024680
5.317919
-1.639347
0.000000
-0.410752
-6.008247
0.000000
-6.077257
-0.090792
0.759463
0.000000
0.000000
-0.214238
3.175749
-2.187792
0.000000
0.110238
3.622341
0.000000
1.916690
-2.081881
-3.219100
0.000000
1.424492
0.000000
-0.130468
1.359566
0.830255
3.279693
-0.341174
-5.912415
0.908313
3.219033
1.204797
-0.134337
0.533748
-1.658504
0.000000
1.231951
0.000000
0.000000
4.299607
2.516030
0.413555
-1.567917
1.661818
-1.158609
-0.435071
0.000000
-2.168390
0.000000
0.000000
2.939662
0.000000
0.000000
0.000000
0.000000
-2.932320
0.000000
9.121602
-3.738104
-0.879451
-0.932700
0.000000
13.977210
0.000000
0.742084
0.000000
3.857217
0.000721
0.000000
-0.556624
-4.637869
-1.445009
0.455593
-0.877579
0.000000
-2.443049
0.000000
5.050109
4.641236
0.824508
2.803701
2.712215
1.102268
0.000000
-1.642211
1.395187
1.982227
-8.565624
3.369201
1.865388
3.642414
1.168926
0.000000
-1.784544
2.075879
-8.094432
6.540729
0.000000
-5.508822
0.880494
1.537099
0.800106
0.000000
-7.279996
-0.792006
0.399884
1.104419
-0.819834
-2.855310
0.698673
2.218443
0.755548
0.417228
0.000000
-4.162005
-0.425381
0.278937
4.295711
1.926542
2.343675
-2.660276
0.000000
-0.166754
1.360569
0.000000
5.797109
-2.671345
0.138249
0.000000
-6.107223
5.918396
-1.908907
3.503731
0.996548
0.000000
11.167570
-2.988880
2.230230
0.934967
0.000000
-0.877470
-1.138955
3.303671
-0.186127
-1.573317
-4.162633
-0.253202
0.000000
0.000000
0.000000
0.000000
-0.982254
-0.222290
2.251351
0.000000
2.456520
0.631739
-6.340131
0.000000
-1.475438
12.845562
3.303103
0.000000
0.000000
0.000000
0.000000
-3.750973
0.000000
-2.204930
2.204520
-2.955238
-3.450434
0.000000
-0.042540
-2.955238
-1.800919
0.000000
-0.870021
0.000000
0.000000
0.000000
0.000000
0.557659
7.929798
0.000000
0.000000
0.557659
0.000000
0.000000
0.000000
0.000000
0.000000
-1.980123
0.000000
0.000000
0.000000
0.000000
0.000000
0.000000
0.000000
0.000000
0.000000
0.000000
0.000000
0.000000
0.000000
5.354000
-8.888859
0.000000
8.583658
-5.656500
0.000000
-0.764300
-1.309776
-0.878231
-6.165657
0.000000
0.000000
0.000000
1.836089
0.000000
0.000000
0.000000
0.070182
0.736303
4.715890
0.000000
0.000000
2.360354
-0.565880
-0.002832
0.000000
0.000000
0.000000
0.000000
0.000000
0.000000
5.068786
0.000000
-0.415281
0.000000
3.012060
0.000000
0.000000
0.000000
0.000000
-2.234786
-0.311918
0.000000
0.000000
0.000000
-0.762741
3.318770
0.000000
0.000000
-0.605994
