0.008796
0.000000
0.000000
0.011107
-0.003228
-0.009653
0.001571
0.000000
0.000000
0.000000
0.000000
-0.011085
-0.012672
0.011663
0.000000
0.000000
0.003872
-0.009332
0.008356
-0.005693
0.008103
0.005952
0.024358
0.000000
0.000000
0.000000
0.000000
0.000000
0.000000
0.000000
0.000000
0.000000
0.000000
0.000000
0.000000
0.000000
0.000000
0.000000
0.000000
0.000000
0.000000
0.000000
0.000000
0.000000
0.000000
0.000000
0.000000
0.000000
0.000000
0.000000
0.000000
0.000000
0.000000
0.000000
0.000000
0.000000
-0.000263
0.000000
0.000000
-0.000414
0.002031
0.000000
0.000000
0.000000
0.000000
0.000000
0.000000
0.000000
0.000000
0.000000
0.000000
0.000000
0.000000
0.000000
0.000000
0.000000
0.000000
0.000000
0.000000
0.000000
0.000000
0.000000
0.000000
0.000000
0.000000
0.000000
0.000000
0.000000
0.000000
0.000000
0.000000
0.000000
0.000000
0.000000
0.000000
0.000000
0.000000
0.000000
0.000000
0.000000
0.000000
0.000000
0.000000
0.000000
0.000000
0.000000
0.000000
0.000000
0.000000
0.000000
0.000000
0.000000
0.000000
0.000000
-0.001160
0.005214
0.002649
0.007979
-0.005736
0.000661
0.000000
0.000000
0.000000
0.000000
0.003953
-0.005601
-0.000344
-0.004448
-0.002545
0.003386
-0.019600
-0.010216
-0.009181
-0.009976
-0.010678
-0.012045
0.000000
-0.012506
0.013520
0.098977
-0.003081
-0.008193
-0.010880
-0.011479
-0.011057
-0.002675
0.001152
0.001058
0.011219
0.017101
0.013539
0.011603
0.002438
0.003574
-0.010652
0.097171
-0.006111
0.054015
0.000000
0.014731
-0.012467
-0.000922
0.001018
-0.001360
-0.013317
0.000000
0.000000
0.000000
0.000000
0.000000
0.001948
-0.005570
0.000000
0.000000
0.000000
0.000000
0.000000
0.000000
0.000000
0.000000
0.000000
0.000000
0.015470
0.004498
-0.004894
-0.004056
0.000000
0.000000
-0.010949
-0.001638
-0.004731
0.000000
0.000000
0.000000
0.012501
0.000000
0.000000
0.000000
0.000000
0.000000
-0.002731
-0.008885
0.000000
0.000000
0.054007
-0.020140
-0.008998
0.063908
0.069821
0.004967
0.000544
0.003919
0.020603
0.000000
-0.002986
-0.000301
0.000000
0.000000
-0.002000
0.002284
0.000000
0.013350
-0.002214
0.005031
0.008953
0.000000
-0.007905
0.057328
-0.013979
-0.026596
-0.002934
-0.006024
0.003978
0.000000
0.000000
0.000000
0.000000
0.000000
0.000000
0.000000
0.000000
0.000000
0.055249
0.000000
0.009612
-0.021614
0.002852
-0.008776
-0.010196
0.000417
-0.008530
0.000000
0.000000
0.000000
0.000000
0.000000
-0.005755
0.013056
0.001291
-0.011775
0.003252
0.000000
0.000000
-0.008332
-0.005714
0.000000
0.012098
0.008668
0.024432
0.008537
0.007217
0.000000
0.000000
0.000000
0.000000
0.000000
0.000000
-0.013418
0.038238
0.005208
0.000000
0.000000
-0.026101
-0.001227
-0.003595
-0.009815
0.055677
-0.014512
0.029967
-0.008646
-0.007926
0.007021
0.014090
-0.011159
-0.012785
-0.001477
-0.009081
0.000000
0.000000
0.040684
-0.004258
0.002111
0.001277
-0.012832
-0.005267
-0.036699
-0.005190
0.049848
0.007251
0.046618
-0.007924
0.006912
0.002349
-0.018499
-0.017284
-0.011917
-0.012812
-0.005945
-0.018949
0.030516
0.022194
0.088101
0.013686
0.021575
-0.006720
0.012880
-0.002988
0.000632
-0.009814
-0.001152
0.148152
0.144178
0.000935
-0.029161
-0.009696
-0.018707
-0.013842
0.008597
-0.004163
0.000000
-0.001700
0.000000
0.000000
-0.017309
0.000000
0.000000
-0.007743
-0.013084
0.000859
0.000000
0.005271
0.000000
0.039224
-0.015179
-0.002653
0.354059
0.035968
0.001054
-0.019773
-0.002954
-0.009971
-0.000516
-0.001853
-0.003733
-0.006676
-0.000255
0.000000
0.033390
-0.011714
0.010415
0.045272
0.018777
-0.021479
0.038072
0.000000
-0.020325
-0.015242
-0.035232
0.000000
-0.016500
-0.008112
0.000000
0.000000
-0.000203
0.000000
-0.003802
0.036022
-0.003337
-0.004190
0.000000
-0.002657
-0.018060
0.027783
-0.006419
-0.016175
-0.022791
0.001921
0.017434
-0.003548
-0.002117
0.125815
0.005571
-0.006330
-0.016503
0.057544
-0.014939
0.002630
-0.007901
-0.016631
0.005894
-0.023471
-0.009434
0.000000
-0.016420
-0.075264
0.000000
-0.054688
-0.007212
-0.015417
0.027955
0.003379
-0.009570
0.107889
0.003595
-0.007251
-0.010162
-0.015419
-0.012515
0.000000
0.018233
-0.008335
0.010856
-0.022256
-0.011666
-0.012661
-0.006349
0.005172
0.000000
0.042379
-0.011662
-0.013570
-0.007353
0.000000
-0.002190
0.000000
0.407613
-0.005921
0.010158
0.000000
-0.002583
-0.012645
-0.010761
-0.011300
-0.038377
-0.015082
0.005501
-0.011805
-0.005364
-0.011959
0.003058
-0.001533
0.064744
-0.002689
0.008439
-0.004941
-0.001236
0.000000
-0.007545
-0.011990
-0.010154
-0.003528
-0.017246
-0.014654
-0.006201
-0.015975
0.007920
-0.012720
0.014396
0.000000
0.000000
0.014786
-0.007053
-0.002363
-0.015142
-0.003286
0.003184
-0.017828
0.023046
-0.014132
0.007419
0.001470
-0.002038
-0.011499
0.011649
-0.020443
0.000348
-0.008667
0.008319
0.000000
0.000000
0.000000
0.002018
-0.001089
0.000000
0.010267
0.000000
0.000000
0.000000
0.017416
-0.018960
-0.005995
-0.119797
0.000000
0.000000
0.000000
0.004175
0.000346
-0.007174
0.098265
-0.003794
-0.027388
-0.010783
-0.009637
-0.011922
0.009197
0.027180
-0.007244
-0.011138
-0.008097
0.000000
0.000000
0.000000
0.031627
-0.001787
0.055694
0.001856
-0.002976
0.000000
0.000000
0.000000
0.000000
0.000000
0.006398
0.009579
-0.010035
-0.003700
-0.009765
0.000000
-0.008615
-0.011762
-0.001362
0.081449
-0.020191
-0.013720
-0.011690
0.000000
-0.003532
0.047882
-0.000775
0.030217
0.002743
0.005497
-0.019391
-0.008347
0.000000
-0.014856
0.000000
-0.014098
-0.018790
0.028191
-0.016003
-0.011820
0.046619
0.053799
-0.010156
-0.006518
-0.009670
-0.010954
0.000000
-0.003862
-0.043827
-0.005294
-0.010440
-0.007576
0.002158
0.015050
-0.003966
-0.012464
-0.009295
0.005709
-0.011739
-0.042756
-0.009115
0.009534
0.029312
0.017086
-0.000231
0.000067
0.000798
-0.018054
0.000000
-0.016837
0.000000
0.000000
-0.020515
0.010033
0.000763
-0.017519
-0.007687
0.005236
0.049502
-0.011492
0.000000
0.000000
-0.012143
-0.004860
-0.017332
0.000000
-0.017552
-0.012286
-0.024633
-0.016312
0.046986
0.078456
-0.005685
-0.001687
0.003228
-0.010675
0.000000
-0.009197
0.007644
-0.013898
-0.003804
-0.020975
0.000354
0.000000
0.000000
0.000000
0.000000
0.000000
0.000000
0.000000
0.000000
0.000000
0.002655
0.000000
0.000000
0.000000
-0.010193
0.010521
-0.046962
-0.034917
0.000000
0.000000
0.000000
0.000000
0.001309
0.000000
0.000000
0.000000
0.000000
0.000000
0.000000
0.000000
0.000000
0.000000
0.000000
0.000000
0.000000
0.000000
0.000000
0.000000
0.000000
0.000000
0.000000
0.000000
0.000000
0.000000
0.000000
0.000000
0.000000
0.000000
0.000000
0.000000
-0.003546
0.000000
0.001244
0.000000
0.000000
0.008862
-0.006054
0.000000
0.000000
0.000000
0.000000
-0.022751
0.014250
-0.008382
-0.003418
-0.007784
0.003406
0.006317
0.000000
0.001789
0.000000
0.000000
0.000000
0.000000
0.000000
0.000000
-0.003571
0.000000
-0.018391
-0.007444
-0.014050
-0.011098
0.000000
0.000000
0.000000
0.000000
0.000000
0.000000
-0.009132
0.000000
0.000000
0.000000
-0.018478
-0.014669
0.002284
0.024244
-0.023186
0.001107
0.015450
0.061211
-0.001910
0.000000
0.006957
-0.009004
-0.013134
-0.003939
0.045070
0.075967
-0.002794
-0.014850
-0.004892
-0.011933
-0.009987
-0.035043
-0.010485
0.012670
-0.004425
0.066370
-0.008002
0.015193
-0.014073
0.005269
-0.006018
-0.012592
0.000000
0.042358
0.006285
0.000000
0.000000
0.000000
0.003605
-0.009857
-0.007490
0.000000
0.000000
-0.007609
-0.008065
-0.024446
0.022899
-0.005478
0.000000
0.000817
0.007608
0.000000
0.000000
-0.001089
-0.024768
-0.010513
0.002988
-0.016418
0.000000
-0.008565
-0.010599
-0.003074
-0.021320
0.004318
0.000000
0.000000
0.000000
0.024601
0.000000
0.000000
0.000000
0.037657
0.047034
0.006778
0.000000
0.019971
0.000000
-0.008002
0.003300
0.000000
-0.012920
-0.002190
-0.006077
0.000000
0.019191
0.000415
0.062261
0.001552
-0.048143
-0.190078
-0.034369
-0.014546
0.008611
0.015242
0.015033
0.086391
0.000000
-0.023495
0.000685
-0.004962
0.001723
0.000000
0.000000
0.000000
-0.003591
0.002460
-0.007793
-0.019606
0.000000
-0.016520
-0.011887
-0.007001
-0.018858
0.008160
0.047531
-0.019114
0.015743
0.029879
-0.005589
0.001650
0.000000
0.000000
0.000000
-0.169750
-0.009104
-0.009233
0.000000
0.000000
0.000175
-0.001055
-0.338033
0.000000
0.000000
-0.010901
-0.011194
-0.001088
-0.005868
0.000000
0.000000
-0.014957
0.016074
0.000000
0.000000
0.000000
0.000000
0.000000
0.000000
0.000000
-0.019937
-0.001247
-0.015608
0.000000
-0.011972
0.025204
0.019571
0.018036
-0.010459
-0.000793
-0.004214
0.009647
0.026242
0.000000
-0.017604
-0.004554
-0.000042
0.000000
0.001167
0.000000
-0.011566
-0.009146
-0.006477
0.010394
-0.004329
-0.006650
0.000000
-0.008709
0.003476
0.000000
-0.012824
-0.009159
-0.019672
0.167900
-0.012444
-0.013530
-0.004913
0.042508
0.029693
0.000000
0.000000
0.000000
0.000000
0.000000
0.000000
0.000000
0.000000
0.000000
0.000000
0.000000
-0.002657
-0.000853
-0.014964
0.000000
0.000000
-0.002386
0.003527
0.018762
-0.004752
0.000000
0.000000
0.000000
0.000000
-0.011736
-0.006819
0.000000
-0.004056
-0.008440
-0.019106
0.002976
0.000000
0.000000
0.000000
0.000000
-0.013075
0.023065
-0.006808
-0.026976
-0.004863
0.001664
-0.008126
-0.009679
0.000000
0.000000
-0.000469
0.000819
0.000000
-0.018703
-0.001623
0.000000
0.006695
-0.007308
-0.010710
0.018714
-0.009032
0.004842
0.031194
0.000000
-0.016385
0.013021
0.003590
-0.010382
0.000000
-0.023999
-0.005403
0.001289
0.009815
0.000000
0.002027
-0.010531
-0.014310
-0.016531
-0.010631
0.001675
-0.010775
-0.000225
0.005193
-0.013672
-0.010860
0.009526
-0.008318
-0.010000
-0.011453
0.039363
-0.005730
-0.004633
0.006187
0.016710
-0.009659
-0.009531
-0.005367
0.005714
0.021604
-0.016753
-0.018966
0.010733
-0.005412
0.138135
-0.019207
-0.017123
-0.003749
0.005585
-0.003874
-0.012277
-0.013553
0.023804
0.009579
0.000000
0.000000
0.000000
0.000000
-0.012698
0.009609
-0.006432
-0.001884
0.017182
0.072533
0.028410
-0.004726
0.000000
-0.003991
0.036173
0.005979
0.027745
-0.010065
0.068245
0.029968
-0.015404
0.000142
-0.014856
0.052398
-0.003746
-0.014514
-0.001007
0.096747
0.022172
0.000000
-0.012308
-0.002755
-0.008932
-0.002601
-0.001453
0.000000
-0.000836
-0.003639
0.036809
-0.017138
-0.006401
-0.004629
-0.006318
-0.030879
-0.017147
-0.020925
-0.005406
0.002309
0.000000
0.000000
-0.003343
0.006095
-0.010651
0.012890
-0.001062
-0.003278
-0.011408
-0.009263
0.015369
0.268553
0.074454
0.007561
-0.003959
-0.002960
0.000000
-0.002872
0.000000
0.002118
0.061438
0.010126
0.000000
-0.010351
-0.017598
-0.005869
-0.014552
-0.003069
-0.000765
0.050740
-0.023417
0.006132
-0.004534
-0.009949
-0.008781
0.010931
-0.012270
0.004033
0.041640
0.016461
-0.018480
0.000000
-0.015076
0.000000
0.000000
-0.012698
0.000000
-0.010839
-0.000502
-0.003021
-0.005012
0.000000
0.116347
0.009087
-0.008803
-0.022599
-0.012123
-0.007540
-0.009572
0.003667
0.018280
-0.014261
-0.008597
-0.016700
-0.012742
0.003209
0.066217
-0.011002
-0.007468
0.071217
0.011584
-0.002909
-0.008317
-0.013664
0.107484
0.000000
-0.015449
0.005443
-0.019171
0.029416
-0.002355
-0.003931
-0.005281
0.000000
-0.014090
0.000000
0.000000
0.000000
0.000000
0.000000
0.000000
0.000000
0.000000
-0.004295
-0.006095
-0.008893
-0.013882
-0.013352
-0.006569
0.000000
0.000000
0.008594
-0.000874
0.000000
-0.011872
-0.000676
0.000000
-0.016919
-0.007865
0.132023
-0.011576
0.011599
0.000000
-0.009106
0.021561
0.000000
0.000000
0.000000
0.000000
0.000000
0.000000
0.000000
0.000000
0.000000
0.000000
0.000000
0.000000
-0.013830
-0.010715
-0.002751
-0.015778
-0.005412
-0.013237
-0.004017
-0.011354
0.010136
0.028578
-0.003233
0.004236
-0.008490
0.001788
-0.012703
0.023052
0.000000
0.008512
0.000000
-0.009429
0.008310
0.000000
0.000000
0.000000
-0.005675
0.000000
0.000000
0.000000
-0.001772
0.000000
0.132016
0.002910
-0.020367
0.000000
0.000000
0.000000
-0.007100
-0.025017
-0.023055
0.000000
-0.003435
-0.006658
-0.013304
-0.007479
-0.008189
-0.003493
-0.001317
-0.011406
-0.019419
-0.012573
0.000000
-0.011792
0.008461
0.000000
0.000000
0.000000
-0.007646
-0.005318
0.008136
0.000000
0.007581
-0.009598
0.000000
0.004928
-0.006569
-0.010134
-0.010684
-0.011704
0.000000
0.000000
-0.005274
-0.011269
-0.004705
-0.027045
0.000000
-0.013122
-0.016526
-0.004746
0.000000
0.000000
0.000000
-0.003354
-0.011592
0.000543
-0.019465
0.013411
0.000000
0.000483
0.506869
0.000000
0.000000
-0.004447
0.000000
0.073156
0.004332
-0.010283
0.000000
0.000000
0.000000
-0.003562
0.013478
0.000970
-0.003415
0.006186
0.074055
-0.004260
0.000000
0.005124
-0.032222
0.000306
0.022884
0.000000
0.000000
-0.002366
-0.000604
0.000000
-0.005403
-0.000131
-0.009865
0.001667
0.002923
0.000000
-0.020502
0.009524
-0.003665
-0.018013
-0.007379
0.000000
0.000000
0.000000
0.000000
0.000000
0.000000
0.000000
0.000000
0.000000
0.015608
0.012873
-0.012817
-0.015340
-0.005835
0.000000
0.000000
0.000000
-0.014438
0.000575
0.000000
0.000000
0.000000
0.000000
0.000000
0.000000
-0.004874
0.001306
-0.013147
-0.007464
0.000000
0.000000
0.000000
0.000000
0.000000
0.001112
-0.010179
0.019825
-0.003758
0.013609
-0.005734
-0.001030
0.028808
0.035246
0.007345
-0.015309
0.000000
-0.006400
-0.013246
-0.076475
-0.007604
0.004286
0.001757
0.014607
-0.003131
0.003045
0.011314
-0.000299
0.006040
-0.001697
-0.010208
0.011032
0.030386
0.036496
0.039893
0.010837
0.020658
-0.009977
-0.005169
0.015398
-0.002925
-0.002978
0.013737
0.014583
