0.232031
-0.015812
0.018803
-0.042860
-0.064804
-0.101501
-0.011084
0.027972
0.095912
0.034749
-0.001865
-0.038095
-0.030530
0.040720
-0.020618
-0.020501
-0.001020
0.165025
0.029039
0.080652
0.037073
0.111899
0.063016
0.206614
0.069953
-0.146511
0.040370
-0.080003
-0.012246
0.058375
0.014053
-0.124417
0.055200
-0.081321
0.022031
0.076576
0.010150
0.318432
-0.008733
-0.091620
-0.027112
-0.043678
-0.007513
-0.048411
-0.025536
-0.124746
-0.011148
0.103377
0.157964
0.051372
-0.020275
0.277116
0.116975
0.123100
0.056129
0.091995
-0.164560
0.103617
-0.042339
0.019260
-0.280454
-0.063051
-0.079031
-0.099406
-0.060653
-0.182200
-0.025908
-0.031431
0.012959
0.091521
0.068483
0.256664
0.255715
-0.062084
-0.037020
0.151882
-0.208701
0.049725
-0.113500
-0.054784
0.114125
0.079994
-0.037839
-0.131353
0.069556
-0.199167
-0.026606
-0.069664
-0.121154
-0.085309
-0.168840
0.250411
0.186716
0.153345
0.008798
0.131850
0.136158
0.128248
0.115927
0.032273
0.067283
0.099884
0.098869
-0.091018
0.007816
-0.030659
0.138132
0.173271
0.034442
0.107323
0.175437
0.042790
0.038146
0.168560
0.251171
0.354549
-0.020235
-0.051849
-0.006040
0.058810
0.077921
-0.061672
0.036056
0.042392
0.171419
0.007944
-0.102010
-0.101369
0.038285
0.000349
-0.035100
-0.055224
0.046129
0.024602
0.002513
-0.057079
0.057360
-0.004189
-0.251193
0.136395
0.021917
0.073470
0.012489
0.024844
0.010149
0.031271
0.168876
-0.076917
0.237255
0.088097
-0.006840
0.248241
-0.010331
-0.124212
0.014207
-0.203177
0.039874
-0.068189
-0.098378
0.158471
0.189448
-0.004245
0.145318
0.247969
0.026142
0.097099
0.025719
-0.088126
-0.017753
-0.151882
0.075188
0.058646
-0.018186
-0.022846
0.173013
-0.002164
0.176931
-0.162524
0.054121
-0.108444
0.008622
-0.014272
-0.124686
0.041835
0.041668
0.137562
0.006021
-0.103210
0.053164
0.079660
0.016162
-0.131815
-0.016643
-0.146923
-0.113358
-0.013711
-0.046158
-0.088669
-0.161485
-0.027550
-0.012024
0.149217
-0.021836
-0.056568
-0.038791
-0.076444
-0.028176
-0.008262
-0.157754
-0.056270
-0.014177
0.006328
0.041320
-0.074871
0.126288
0.001221
-0.179828
0.043931
-0.044419
0.041695
0.029411
0.192823
-0.164936
-0.173840
-0.100241
-0.152194
-0.031061
0.009435
-0.024836
-0.051745
-0.029747
0.016543
-0.014623
-0.097289
-0.022025
-0.000292
0.019477
0.065815
-0.063198
-0.154525
-0.152356
-0.006269
0.038201
0.090889
0.004892
-0.037437
-0.024787
-0.025358
0.058161
0.042973
0.066551
-0.112597
-0.099678
0.010076
-0.007806
0.082244
-0.028702
0.023911
0.138562
-0.078205
0.025507
0.067379
0.049085
-0.070687
-0.245305
0.233670
0.019213
-0.009675
-0.059625
-0.000846
-0.059979
0.099085
-0.037955
0.076572
0.021340
0.144692
0.045697
-0.040515
0.070812
0.075000
0.118563
0.061708
0.142345
-0.029612
0.005227
-0.148317
0.095651
0.042490
-0.005735
-0.010359
-0.077904
-0.033518
-0.055353
-0.266348
-0.040212
0.001843
-0.022250
0.106903
-0.030658
0.088062
-0.162715
-0.010133
0.045401
0.080629
0.020778
0.080837
-0.058504
0.014720
0.041759
-0.110159
-0.002817
0.262201
0.019660
0.063160
-0.058537
-0.061198
0.084472
-0.072031
0.149582
-0.032801
0.005383
0.026639
-0.068766
0.004553
0.054836
-0.113955
-0.020321
0.050360
0.005501
-0.049338
-0.000222
0.018702
-0.052231
0.051621
0.023250
0.012790
-0.081616
-0.092441
0.054431
-0.034578
-0.084196
-0.013562
0.085344
0.017816
0.019370
0.265181
0.205522
-0.049815
-0.024556
0.008700
-0.007828
-0.039962
0.046890
0.130695
0.091132
0.036481
-0.048213
-0.054819
-0.065011
0.094771
-0.021531
-0.135055
-0.078156
-0.037245
-0.079396
-0.062146
-0.072191
-0.030535
-0.043719
0.263893
-0.014577
-0.008641
0.091009
-0.069250
-0.027647
0.040903
0.075823
-0.006953
0.093375
0.101140
-0.051216
-0.002253
-0.005418
0.035073
-0.033031
0.002233
0.094110
0.110170
-0.025929
0.104483
0.057546
-0.084636
-0.204270
-0.005852
-0.082407
0.148768
0.000317
-0.109511
-0.068812
-0.100072
-0.029341
-0.037883
-0.045359
0.009452
0.088714
-0.047624
-0.080206
0.277426
-0.073838
-0.002180
0.207046
-0.072412
0.199114
0.113128
0.052573
-0.003183
-0.078430
-0.067911
0.088691
-0.008772
-0.042526
-0.071847
0.229044
-0.057464
-0.036865
-0.038045
-0.009805
-0.088149
-0.055211
0.049950
0.060751
0.099313
0.040949
0.035681
0.210298
0.131417
0.042307
-0.101866
0.123260
0.065477
0.009189
-0.028609
-0.089787
0.021730
-0.184449
0.016590
-0.099944
-0.010452
0.016402
0.061473
0.020631
-0.025169
0.022777
0.156515
-0.185978
0.019872
-0.076786
-0.098016
-0.118268
0.102424
0.110552
0.162773
0.107910
-0.051125
-0.182532
-0.026808
-0.019110
-0.013385
-0.096853
0.056121
0.083413
-0.031020
-0.075960
-0.033947
-0.048598
0.169051
-0.000684
-0.055664
-0.076284
-0.049770
0.082240
-0.044785
0.029891
0.030645
0.107830
-0.071146
-0.027996
0.057283
0.086527
0.114348
0.064512
-0.018530
-0.072463
0.151995
0.036924
0.080316
0.034504
0.082850
0.061392
0.183366
-0.043946
0.056400
0.097370
0.041263
0.146705
-0.155982
0.027252
0.029577
0.015918
0.112775
0.007509
0.006590
-0.032024
-0.111924
-0.136835
-0.071420
0.036539
0.016609
-0.074868
0.045662
0.012160
0.002471
0.065109
0.001210
-0.148063
-0.043038
0.109784
-0.029986
-0.085945
-0.067463
-0.128217
0.003751
0.078511
-0.029563
-0.143661
0.034152
-0.038469
0.105811
-0.295108
0.233866
-0.048363
-0.124247
-0.039065
0.226761
-0.027001
-0.141553
-0.239912
-0.036603
0.071078
-0.054496
-0.067625
-0.116804
-0.038437
0.086758
-0.102961
0.032591
-0.133743
-0.093647
-0.042899
0.003307
-0.065321
0.028742
-0.058993
-0.026823
0.098468
0.006345
-0.002017
-0.101755
0.095517
0.040118
-0.077064
0.018009
0.028587
0.171220
0.071123
0.140520
-0.002660
-0.080135
0.071316
0.048150
-0.052403
-0.040420
-0.056998
-0.117019
0.069479
0.093958
0.007616
0.026033
0.051507
-0.143101
-0.207256
0.127173
-0.118347
0.086082
-0.021691
-0.001684
-0.042830
-0.089181
0.026677
-0.115111
0.011276
-0.038690
0.214755
0.028301
-0.139925
-0.028807
0.018870
0.114534
-0.097641
0.005148
-0.061251
-0.029260
0.046317
-0.014663
0.151597
0.000610
0.121374
0.345182
0.227391
0.005648
-0.039309
0.034581
-0.075496
-0.001869
-0.147687
-0.130779
-0.003667
0.117789
-0.006174
0.148595
-0.075676
-0.049806
0.066587
0.075900
0.102629
-0.096985
-0.141702
-0.151558
0.014690
-0.145847
0.034279
-0.024051
-0.077974
-0.001331
-0.017329
-0.086026
0.046556
-0.130737
-0.158899
0.059077
-0.265213
0.083410
-0.115370
-0.053345
-0.159800
0.106790
-0.036601
-0.079369
0.157037
0.085610
-0.043124
-0.001828
-0.001270
0.050762
0.050031
0.008547
-0.003641
0.050601
-0.086088
0.117214
-0.062679
0.009066
-0.055893
-0.062475
0.226548
0.063350
0.104999
-0.006737
0.025455
0.017342
-0.113530
-0.183880
-0.118030
0.035279
-0.098064
-0.052448
0.165052
-0.125419
-0.031712
-0.063201
0.158310
0.033008
0.018345
-0.144587
-0.080561
-0.055226
0.110236
-0.028230
-0.026587
-0.069020
-0.016922
-0.081206
0.140148
-0.243764
0.050428
0.009278
-0.022999
0.054143
0.044246
-0.064875
0.121790
0.000292
-0.036198
0.081544
0.113100
-0.045539
-0.032189
-0.113131
-0.075736
-0.080205
-0.064778
-0.031602
0.001130
0.250543
-0.027307
-0.082665
0.033194
-0.178876
-0.174525
-0.046357
-0.170685
-0.162363
-0.092246
0.000490
-0.069432
0.221476
0.030090
0.092822
0.067373
0.014101
0.226608
0.015730
-0.021104
-0.015885
0.141796
0.061677
0.102877
0.076923
-0.043028
0.232953
0.187906
0.058228
-0.060123
0.004000
0.016750
0.038273
-0.078421
-0.021229
-0.087449
0.087338
0.159317
0.066806
0.042268
-0.023176
0.007917
0.252485
-0.061412
0.040040
0.063500
-0.073851
0.137282
0.053962
0.018422
0.071084
0.082111
0.014529
0.085944
-0.075768
-0.092753
0.021127
-0.138406
0.231072
0.066741
0.101035
0.237312
-0.024140
0.001144
0.076676
0.002530
0.044768
-0.009668
-0.131037
-0.163923
-0.034579
0.129097
-0.056487
0.035873
0.023936
0.188932
-0.115817
-0.059973
-0.110791
-0.662557
-0.102770
-0.058051
-0.148729
-0.094731
0.066567
-0.005179
-0.087477
0.166160
-0.117206
-0.054874
-0.022925
-0.174728
0.030051
-0.227769
-0.244111
0.092748
-0.011602
0.027557
-0.081366
-0.062401
-0.122086
0.134519
0.042854
-0.003683
0.172561
-0.168910
-0.027890
-0.009435
0.024782
-0.017851
0.003120
-0.063830
-0.238388
-0.055057
-0.041043
-0.036885
0.147169
0.080829
-0.021310
0.165176
0.042402
-0.054028
-0.151096
-0.143819
0.051696
-0.058671
0.024071
-0.118982
0.029398
-0.067808
-0.039887
-0.166104
-0.043838
-0.014307
-0.032832
0.089071
-0.080737
0.063444
0.052402
-0.035961
-0.123734
0.111345
0.074472
0.074669
0.083483
-0.007104
-0.014405
-0.028667
0.032675
-0.050494
0.064166
0.001445
-0.040255
-0.009314
-0.130041
-0.037321
0.001755
0.048371
0.163526
0.010215
-0.084636
-0.066076
-0.038527
0.134392
-0.016448
0.152779
0.193538
-0.037255
0.135267
-0.015275
-0.173999
0.008951
-0.049978
-0.019564
-0.058761
-0.055807
0.023281
0.044795
0.031226
0.081405
-0.022852
0.033563
0.115628
-0.112850
0.054665
0.165687
0.029705
0.260767
-0.077460
0.046085
-0.020095
-0.107330
-0.032327
0.126371
0.084567
0.003328
-0.117751
0.059927
0.027011
0.057344
-0.063858
0.045302
-0.106173
0.064479
0.028141
-0.292588
0.060969
-0.014300
-0.094460
0.038963
0.042942
0.040026
-0.097292
0.136818
-0.191772
0.129411
-0.101040
0.126052
-0.113932
-0.073567
-0.174213
-0.024807
-0.122753
-0.000807
-0.180530
0.085247
-0.045322
-0.078375
0.000159
-0.016214
-0.040355
0.028865
0.021872
0.031193
-0.024637
0.018561
0.038353
-0.053056
0.160841
-0.036865
0.080450
0.026091
-0.148304
0.007758
-0.019962
0.125115
-0.054432
-0.015720
0.013750
0.026513
-0.039483
0.088037
-0.050631
-0.055812
0.089706
0.063026
-0.066214
-0.023263
0.014934
-0.038044
-0.047509
0.056551
-0.034853
-0.066426
-0.101616
0.089300
-0.039640
-0.081844
-0.096051
0.152047
-0.075724
-0.031349
-0.091780
-0.019079
-0.052274
-0.012950
-0.147416
0.027730
0.051043
0.041412
-0.028590
0.018459
-0.004163
-0.026825
0.027249
0.056179
0.079226
0.088252
0.001806
0.077430
0.079539
-0.007394
-0.089220
0.135375
-0.119273
0.030351
-0.076120
-0.074708
-0.015499
-0.080540
-0.012858
-0.003942
0.035296
-0.024963
-0.004202
-0.174883
-0.049429
0.111288
0.162999
0.171999
-0.068761
-0.073536
-0.496380
-0.031094
0.022471
-0.011779
-0.106638
0.117659
-0.065067
-0.146393
0.039829
0.076864
0.010930
0.086332
0.039580
0.271408
0.027957
0.094706
0.055063
0.010233
0.081423
0.089999
0.061563
0.059155
-0.039126
-0.096957
-0.081142
-0.055356
0.072754
0.121159
-0.066086
0.021112
-0.048220
-0.049771
-0.134236
-0.173463
-0.098202
-0.127938
0.083696
0.086379
0.014113
-0.071707
0.000454
-0.005086
0.057643
0.060562
-0.071760
0.002419
-0.069843
-0.006031
0.008134
-0.021595
-0.043843
-0.061352
-0.029248
-0.040692
0.020865
0.020202
0.296832
-0.028587
-0.119998
-0.016814
-0.043261
0.030880
-0.173003
0.156429
-0.051897
-0.055954
-0.052529
0.005951
0.015443
0.051147
0.051529
0.018276
0.046085
-0.191014
-0.069414
0.154994
-0.000778
0.076153
-0.031991
-0.014568
0.051431
-0.062683
-0.038309
-0.026898
-0.045551
-0.070791
-0.033239
-0.075914
-0.032348
-0.035798
-0.142961
0.125390
0.063685
0.090497
0.029786
0.054526
-0.016536
-0.030581
-0.058328
-0.032427
-0.036261
-0.063566
-0.062280
0.001832
0.042329
0.045162
0.015360
0.006921
0.278424
-0.016265
0.050236
-0.065179
-0.083395
-0.009006
0.092897
0.161615
-0.026276
-0.042449
0.248481
-0.148868
-0.189858
-0.037233
0.018932
0.179670
0.014585
0.118998
-0.204716
-0.010905
-0.073789
0.133239
0.153438
-0.087549
0.104399
-0.060435
0.222043
-0.056661
-0.042754
0.125938
-0.032291
0.040127
-0.142177
-0.053525
-0.250287
0.110407
0.123051
-0.013075
-0.005580
0.050110
-0.084209
0.149399
-0.065077
-0.073789
0.187871
-0.112627
0.129544
-0.141323
-0.106911
-0.016355
0.035099
-0.014443
0.032904
-0.058327
-0.047344
-0.047907
-0.095062
-0.139082
0.059594
-0.040298
0.087831
-0.028614
0.004223
0.278851
0.075576
-0.107335
0.063381
0.085426
0.085480
-0.013739
0.172854
-0.050510
0.054646
-0.143051
-0.150132
-0.031322
0.033187
-0.105464
0.068441
-0.009275
-0.018237
-0.060939
0.011324
-0.050329
0.030902
0.093269
-0.021006
0.142352
-0.149215
0.068269
-0.182789
-0.040005
0.124280
-0.161429
-0.144714
-0.127382
0.015278
0.125110
0.221992
-0.054175
-0.099609
-0.155860
-0.076924
-0.142933
-0.075982
-0.082850
-0.071663
0.168332
0.081745
-0.019840
-0.064768
-0.038531
-0.016599
0.088878
0.080364
0.027029
-0.012794
-0.072175
-0.020784
-0.158423
-0.016678
0.061929
-0.001062
0.166997
-0.044474
-0.010050
-0.038951
-0.020474
-0.060418
-0.010875
-0.068700
0.052241
0.080953
-0.164241
0.012804
-0.060750
0.094958
-0.018663
0.003385
-0.020325
0.061775
0.064822
-0.066131
-0.021068
-0.126286
-0.045001
0.039786
-0.001641
0.059808
-0.167770
-0.092883
-0.027022
-0.123041
0.038881
-0.042093
-0.059753
0.077542
-0.191707
0.066482
-0.078985
0.155536
-0.103063
0.120481
-0.154390
-0.040645
0.060245
0.070133
0.044123
0.183145
0.111603
-0.026990
0.013537
0.269971
-0.235340
0.412990
0.099250
-0.070447
-0.015770
-0.070004
0.016035
-0.016300
-0.007975
-0.059526
0.142745
0.105002
-0.001538
-0.016670
-0.069930
0.004223
-0.000710
0.043397
0.139856
0.070337
-0.099356
-0.041239
-0.111550
0.158806
-0.009574
-0.041689
-0.107522
-0.045290
-0.088780
-0.005847
0.061486
-0.001746
-0.197792
0.018877
-0.042521
0.053755
-0.089818
-0.027990
-0.202841
0.408053
0.097603
0.119392
-0.054894
-0.044779
-0.137021
0.009800
0.132633
-0.013463
0.086749
0.009315
0.043120
-0.044174
0.121364
0.048581
-0.096524
0.216741
-0.003252
-0.054502
0.073252
-0.007627
-0.118140
0.036040
-0.038258
-0.024904
0.150577
-0.161216
0.026923
0.384461
0.183611
0.130201
-0.021274
0.060149
0.198019
-0.089395
0.009288
-0.052349
0.048100
0.678348
0.113117
0.034841
0.013719
0.034565
0.046349
0.147381
-0.043970
-0.069427
-0.042858
-0.157923
-0.065098
0.013932
-0.077298
-0.009068
-0.081450
0.091364
0.045830
-0.107498
0.092408
-0.148128
-0.016657
0.017879
0.104506
0.043501
-0.060849
-0.030570
-0.017857
0.094705
0.023118
0.045832
-0.002583
-0.083907
0.102349
0.016092
-0.167824
-0.007795
-0.037535
0.001982
0.035084
0.181971
-0.049741
0.272561
0.001471
0.032093
0.101030
0.094763
-0.027162
-0.173155
0.005860
-0.148268
-0.033797
-0.024890
0.016609
-0.075951
-0.159727
0.027934
0.074735
0.033078
-0.013541
-0.078119
0.013396
0.282605
0.011561
0.096133
-0.102412
-0.030241
-0.059569
-0.056604
-0.014624
0.309131
-0.074207
0.064791
-0.071276
-0.138304
-0.239366
-0.069806
-0.062983
0.058044
0.002010
-0.081168
0.124948
0.022189
0.161815
0.104603
-0.140640
0.829948
-0.134462
0.027544
0.003318
0.124499
0.136711
-0.096315
-0.153022
0.145655
0.025184
0.010409
-0.060420
-0.028121
-0.063662
-0.065313
-0.048511
0.000147
0.126377
0.116121
0.225082
-0.041278
-0.070174
0.029066
0.043612
0.056612
-0.052094
0.005847
-0.060894
0.110778
0.104619
0.094363
0.077695
-0.111313
0.105143
-0.103044
-0.009408
0.012012
-0.031611
-0.117577
0.033093
0.023439
0.081070
0.126659
0.072724
0.101133
-0.127616
-0.113099
0.001557
0.040419
0.122330
-0.014839
-0.024097
0.021026
0.114497
-0.051332
0.059820
-0.081033
0.012576
-0.140428
0.256020
0.117117
0.257607
-0.048899
-0.075129
-0.051102
0.123068
-0.140682
-0.128058
-0.082983
0.081214
-0.032652
0.012236
0.153656
-0.016581
0.097274
-0.080119
0.054011
0.061448
-0.093387
0.176466
-0.112835
-0.064476
-0.035572
-0.070817
0.046036
0.052758
0.302282
0.003627
0.027013
0.082237
0.033614
0.058473
0.142058
0.043064
0.091845
-0.078898
-0.083273
-0.103010
0.072041
0.091398
0.036758
0.044881
-0.024631
-0.036626
-0.261415
0.196027
0.045977
-0.001740
0.114379
-0.180704
0.211391
0.001007
0.002168
0.128013
-0.029928
0.143756
-0.036100
0.061426
-0.091788
-0.093463
0.165461
-0.014454
-0.195018
0.009872
-0.149527
-0.053858
-0.009778
-0.083815
0.012684
-0.134531
-0.032229
0.088504
-0.001145
-0.012265
-0.036335
-0.159113
-0.163917
0.023094
-0.178506
0.071413
-0.112214
0.069702
0.049373
0.112977
-0.028802
0.026227
0.142285
-0.188755
0.140784
0.053313
-0.018908
0.008873
0.052342
-0.065181
-0.013922
0.048884
0.156792
0.059464
0.169041
0.114046
-0.131530
-0.075984
0.061072
-0.041183
-0.018380
0.037925
0.092144
0.033473
0.041355
0.000461
0.214575
0.181924
-0.034175
0.086989
-0.011304
0.062384
-0.154888
-0.163670
0.040580
-0.208792
0.110794
0.089450
-0.005378
-0.020149
0.026805
0.135036
0.016846
0.060404
0.086564
-0.027074
0.081502
-0.013601
0.023263
-0.014150
-0.026368
0.108784
0.006395
-0.036845
0.065198
-0.114206
-0.070298
0.005890
0.156745
0.093561
-0.036922
0.220157
-0.214050
-0.049265
0.176850
-0.069890
-0.121505
0.111525
0.038691
0.003481
-0.138487
-0.105722
-0.097606
-0.009641
-0.016761
-0.140954
-0.126021
-0.008346
-0.009255
-0.020636
0.022177
0.048320
-0.183668
-0.255737
0.155125
0.152370
0.062553
-0.221205
0.122823
-0.081975
0.054266
0.077548
0.101232
0.004429
-0.102259
0.024221
-0.140528
0.091049
0.042008
-0.081094
0.046169
-0.101056
0.000885
0.082245
-0.023839
-0.106399
-0.112567
-0.174567
0.202019
-0.014101
-0.160388
0.064055
-0.275761
-0.129905
0.017341
-0.108413
0.052556
-0.071299
-0.055453
0.043466
-0.195254
-0.064875
-0.088355
-0.055754
-0.121052
0.029392
0.107206
-0.046415
0.055689
-0.184058
-0.159663
-0.125717
0.002118
0.031311
-0.033236
0.023861
-0.307784
-0.061088
0.021175
0.097547
0.035357
-0.154113
0.076920
0.072592
0.041955
-0.016401
0.099734
0.093839
0.035893
0.079061
-0.095110
0.066753
-0.147525
0.040908
-0.116321
0.105957
0.020489
-0.148500
0.065983
0.004440
-0.041899
0.033756
0.074606
-0.011132
-0.067284
0.036915
0.088043
0.053391
0.003117
0.051552
-0.127682
-0.031667
-0.167147
-0.029702
0.147819
-0.080666
0.087617
0.020974
-0.090612
-0.052230
-0.020345
0.045177
0.019764
-0.014224
0.020853
-0.100455
0.035117
-0.001602
-0.189858
0.007184
0.174206
0.078246
0.073720
0.043617
0.158166
0.159281
0.014046
-0.190735
-0.100488
0.049989
-0.445587
-0.057303
-0.028163
-0.090180
0.004200
0.032921
0.007708
0.073382
-0.063652
-0.053725
-0.069204
-0.047757
-0.140225
0.086218
-0.032044
-0.033292
0.114761
-0.046814
-0.047777
0.049998
-0.101308
-0.085957
-0.077350
-0.018121
0.059384
0.005409
-0.086697
0.108574
-0.065332
-0.035697
0.042206
-0.200145
-0.073156
0.040576
0.094332
0.036966
-0.009709
-0.133805
-0.238812
0.015592
-0.089786
0.113120
0.003677
-0.048480
0.003382
-0.088939
-0.039145
-0.053624
-0.104936
-0.037915
-0.000378
-0.088666
0.007963
0.070381
-0.031666
0.213140
0.107540
-0.106298
-0.057140
-0.008845
0.071111
0.074847
-0.093602
0.006230
0.089043
-0.067229
0.003179
-0.047523
-0.182346
-0.107376
-0.054367
-0.035030
-0.044745
-0.181138
0.107877
-0.087729
0.081381
0.050318
0.129485
-0.072852
-0.192882
0.033493
-0.035438
-0.007734
-0.118972
-0.039237
-0.084591
0.047326
-0.062470
-0.043053
0.034496
-0.149396
-0.002756
0.003736
-0.073785
-0.034526
0.090856
-0.041556
-0.057491
-0.080227
-0.037069
-0.021333
0.092009
-0.005527
-0.060640
-0.032514
-0.048553
0.002768
-0.075348
0.195646
0.004598
0.157214
-0.092468
0.131190
0.308667
0.116614
-0.026931
-0.054633
0.116430
0.081951
-0.025328
0.018109
-0.048699
-0.190230
-0.135112
-0.068745
-0.063679
-0.113879
0.052720
-0.218439
-0.110316
-0.012777
0.118602
0.202362
0.141790
-0.043149
0.144654
-0.033067
-0.150214
0.022093
0.001752
0.011334
-0.026347
0.146800
0.114432
0.065437
-0.223389
-0.060717
-0.007078
0.174971
0.332780
-0.014098
0.133258
0.276824
-0.130831
-0.154978
0.029009
0.035754
0.120189
0.048309
0.046949
0.028526
0.019241
-0.031886
0.164345
0.019038
0.031198
0.025099
-0.034745
0.194944
0.095579
-0.033119
-0.021252
-0.038325
-0.066902
-0.018549
0.115948
-0.068856
-0.057092
-0.128831
-0.154709
0.038572
-0.055981
-0.060392
0.208611
-0.066309
-0.041578
0.027285
-0.060695
-0.044719
-0.039140
0.043215
-0.187101
0.072378
0.006570
0.065369
-0.116642
0.043957
0.222250
0.036082
-0.007697
0.021589
0.003476
0.034051
0.024765
-0.055049
-0.036627
0.175462
0.031897
-0.105941
-0.104013
0.120739
-0.012393
-0.011497
-0.087980
0.048171
-0.014040
-0.012918
-0.018088
-0.197693
-0.050201
0.103387
0.149546
-0.025114
0.061065
-0.015899
-0.062645
0.084640
0.114670
0.151359
0.085691
0.117165
0.078722
0.042106
0.121153
0.128470
0.206520
0.087618
0.031124
0.121978
0.252343
-0.028722
-0.038371
0.029915
-0.035479
-0.178240
0.012895
0.151615
0.028012
0.033274
0.181248
0.030521
0.117147
0.089154
0.082204
0.081211
0.059627
-0.050061
-0.108320
0.075458
-0.060845
-0.003871
-0.043371
0.134749
0.060768
0.186722
-0.053844
-0.185117
0.112739
0.022249
-0.170280
-0.160276
0.013257
0.094185
-0.248012
0.153889
0.105264
-0.044800
0.008539
0.009829
0.117308
0.157506
0.063678
-0.029507
-0.190285
0.024312
-0.063007
-0.118409
-0.107725
0.019942
0.074427
-0.003184
-0.059386
0.006025
-0.031188
-0.029016
0.075514
0.105866
-0.045707
0.173152
0.028761
-0.030699
-0.031386
-0.095267
0.062968
-0.044016
0.033949
0.078751
-0.093440
0.002409
0.004289
-0.076738
0.027683
-0.021299
-0.035771
0.061875
-0.025411
0.034565
0.171079
-0.016639
0.030359
-0.207032
0.005584
-0.137233
-0.079718
0.073686
-0.006814
-0.115632
0.088448
0.244062
0.124388
0.074275
0.041447
-0.083264
-0.032013
-0.034215
-0.020959
0.019539
-0.026086
-0.072053
0.238337
-0.000005
0.033307
-0.010486
-0.060022
0.025631
-0.023348
0.022624
-0.154681
0.094962
0.070223
0.049969
-0.071798
0.045277
-0.048224
0.046381
-0.017879
-0.017460
-0.073140
0.079899
-0.021557
0.008538
-0.096500
-0.067754
-0.144250
-0.154932
-0.108776
0.038615
-0.004749
0.009198
-0.067591
-0.047598
-0.072338
-0.080472
-0.078734
0.077774
0.099950
-0.045024
0.013338
-0.018928
0.036673
0.021131
0.004864
0.053527
-0.097533
0.020709
0.017612
-0.193983
-0.076678
-0.001282
-0.047345
0.038304
0.162917
-0.135826
-0.120182
0.111168
0.075936
-0.012445
0.044635
-0.071612
0.157829
-0.039444
-0.055651
-0.086307
0.112603
-0.025861
0.119851
0.057659
-0.009318
0.048760
-0.078590
-0.033436
0.348003
-0.089628
-0.044644
0.058574
-0.091356
0.070452
-0.062704
-0.050481
-0.085156
-0.200044
0.055039
-0.289850
0.153671
0.025602
0.023078
0.165763
-0.204868
-0.003766
-0.197502
0.177653
0.006779
-0.075177
-0.151882
-0.096433
-0.052333
-0.061491
-0.080853
-0.075604
-0.117458
-0.055357
0.099159
0.012099
0.038130
-0.132833
-0.069377
0.021014
-0.000455
0.292523
-0.073136
-0.098504
0.006082
0.008157
-0.028381
-0.054751
0.040304
0.023273
-0.043331
0.181607
-0.133235
0.021291
-0.008046
0.001413
0.243303
0.219915
0.002722
0.029282
-0.015710
-0.002111
-0.019244
0.086830
0.014435
0.090096
-0.036842
0.143710
-0.051593
-0.026545
-0.018221
-0.110000
-0.073258
0.209792
0.145917
-0.121901
-0.037737
0.034800
0.077968
0.103671
0.061998
-0.082626
-0.021262
0.251127
0.166336
0.331324
0.087837
0.011104
-0.052820
-0.090500
-0.004867
-0.115125
0.040434
-0.096043
0.036940
-0.139440
0.070222
-0.017259
-0.149506
0.015161
-0.066100
0.062095
-0.054981
-0.044089
-0.121356
-0.184445
-0.010571
-0.032068
-0.049771
-0.037499
0.080358
0.067968
-0.026937
0.104194
0.028216
0.012412
-0.004813
-0.033450
-0.108672
0.171646
0.130952
-0.303069
-0.004147
0.145126
-0.029506
0.006570
-0.066887
-0.014465
-0.064735
-0.112051
0.164074
0.114947
0.011325
-0.067733
0.015537
0.078726
-0.057859
-0.040094
-0.009895
-0.076405
0.070307
0.122359
0.022569
0.082020
0.005703
0.067239
-0.041137
0.006357
-0.067998
-0.202424
-0.047450
-0.132139
-0.108556
-0.066636
-0.019873
-0.087563
-0.053555
-0.092933
-0.158941
0.112569
-0.048191
-0.153450
0.032166
0.008341
-0.014576
-0.056273
-0.175698
-0.055011
0.026604
0.039330
-0.050463
-0.025718
-0.002506
-0.166163
-0.094278
0.068145
-0.138569
-0.013947
-0.135565
-0.098670
-0.008634
0.053474
0.054703
0.200925
-0.076764
-0.229059
0.081452
0.018488
-0.023712
0.041241
0.091577
0.167112
-0.011861
-0.052834
-0.256467
0.077504
-0.012061
-0.012024
0.026280
0.047015
-0.011004
0.048965
0.198500
0.009759
0.019635
0.111259
0.035294
0.111658
0.033694
-0.007355
-0.110928
-0.164652
0.010129
-0.132018
0.140640
-0.088847
0.049583
-0.074289
-0.134676
0.049596
0.035732
-0.112692
-0.113774
0.050550
0.153427
-0.091942
-0.002726
-0.042298
-0.141369
0.025608
-0.020983
-0.067830
0.066442
0.033477
-0.057981
-0.063105
-0.027308
-0.207663
-0.118255
-0.046703
-0.098099
0.165267
0.329167
-0.000804
-0.065107
0.037689
-0.168582
-0.151223
-0.150756
0.006164
0.101943
-0.021034
0.384181
0.096567
0.003874
0.219032
0.113257
-0.109027
0.034233
-0.013857
0.046034
-0.068772
0.028651
-0.154650
-0.064946
-0.025155
0.115177
-0.034202
-0.034023
-0.102780
-0.054255
-0.057496
-0.049393
0.090315
-0.031981
0.236047
0.045258
0.095932
-0.046706
0.214775
-0.116558
-0.198395
0.093551
-0.026687
0.060953
-0.013515
0.054008
-0.033437
-0.049137
-0.142331
-0.057583
0.068569
-0.001747
0.014135
0.051615
0.108059
-0.105477
-0.025560
-0.001435
-0.058370
0.032395
-0.232553
-0.103920
-0.124233
-0.155942
0.006098
-0.019161
0.203080
-0.070237
-0.116675
0.031674
-0.022419
-0.101462
-0.078376
0.188890
0.080241
0.014784
0.038008
-0.059318
0.096549
-0.083082
-0.030872
-0.025586
-0.034073
0.027082
-0.013655
0.062206
-0.083088
0.001464
-0.073413
-0.054243
-0.102698
-0.085023
-0.020659
0.044362
-0.112435
-0.099686
-0.031641
-0.241352
-0.057967
0.199453
-0.013358
0.045307
0.004873
-0.095564
0.071650
-0.002550
-0.029155
-0.008870
-0.008588
-0.069023
0.046232
-0.197406
-0.037245
0.038305
-0.022342
-0.060825
-0.096628
-0.108172
-0.062548
-0.244071
-0.088674
0.012860
-0.189796
-0.105876
0.011287
-0.059484
-0.092544
0.060362
0.234436
0.077625
0.088381
-0.107421
0.058448
0.115628
0.030122
0.191754
0.164503
-0.176619
0.167474
0.169830
-0.002850
0.030183
-0.158622
-0.003795
-0.082082
0.013846
0.076823
0.055335
-0.186993
-0.020309
-0.029011
-0.043554
0.097289
0.063168
0.040669
0.100138
0.010732
0.042686
0.339725
-0.053530
0.073148
0.060343
0.048443
0.029601
0.030456
-0.032491
0.122157
0.192259
-0.005729
-0.060932
-0.078311
0.130526
-0.041032
0.174965
0.240363
0.002254
-0.056924
-0.071874
0.044235
-0.015320
0.039678
-0.040861
-0.021116
0.163154
-0.005902
-0.117125
0.162004
-0.093658
0.047864
-0.089470
-0.104476
-0.118192
-0.141862
-0.075812
-0.039395
0.095339
0.035020
0.069351
0.072563
0.190724
-0.049348
0.098717
0.046912
0.108482
-0.296216
-0.066895
-0.066785
0.085945
-0.078117
-0.063323
-0.254508
0.513289
0.094948
0.057230
-0.063013
-0.115145
-0.158966
-0.375167
0.155975
-0.073576
-0.191164
0.074207
0.021137
-0.134869
0.019287
-0.191491
-0.005816
0.034927
0.029842
-0.041543
-0.073790
-0.027706
-0.150494
-0.026328
-0.032761
-0.063669
0.039896
-0.050607
0.120006
-0.173220
0.093287
0.020849
-0.026649
0.099874
0.163572
0.029285
0.142666
-0.033315
0.094082
-0.028146
-0.110911
0.033217
-0.202105
-0.045893
-0.186123
-0.081864
0.027283
-0.214756
-0.008913
0.005849
-0.118720
-0.093049
-0.011596
0.099898
-0.030978
0.034603
-0.061006
0.262786
0.074082
0.078532
-0.171627
0.035898
-0.104330
-0.005453
0.028870
-0.083707
-0.024232
-0.051293
-0.016024
-0.035185
-0.008401
0.113658
0.143340
0.106337
0.068984
-0.155409
0.015411
-0.081560
-0.093110
0.005958
-0.024788
-0.000044
-0.054571
-0.065175
-0.031640
-0.044315
-0.040060
-0.019433
0.051113
-0.070731
0.035823
-0.020117
-0.028119
-0.214632
-0.118866
-0.186403
-0.130325
-0.037518
0.144312
-0.092558
-0.053061
0.039129
0.001052
-0.022763
-0.095097
0.201526
-0.011768
0.167314
0.196148
0.293247
0.258607
0.172537
0.174233
0.237959
0.001814
0.077991
-0.236109
0.022057
0.033851
-0.046165
-0.001994
0.055027
0.077531
0.016238
0.057403
-0.009397
-0.153735
0.001757
-0.122778
0.129460
-0.021961
0.016141
0.131991
0.143762
-0.021876
0.069330
0.188638
0.231950
-0.183290
-0.126049
0.026319
-0.004659
0.128086
-0.074190
0.115126
0.107693
-0.014217
0.036404
0.026600
0.043296
0.100034
0.131952
-0.021572
-0.026374
0.096433
-0.031221
0.025289
-0.007853
0.137837
0.121236
-0.146419
0.023505
