-0.000821
0.002829
0.011867
-0.001425
-0.018210
-0.017112
0.013778
-0.006079
0.010894
0.013578
0.005430
-0.002408
-0.005629
-0.001019
0.011547
0.029094
0.008836
-0.007121
0.005082
0.002410
-0.003101
-0.019198
0.001521
0.012861
0.011127
0.083516
0.074228
0.124896
0.202139
0.003689
-0.020083
-0.000310
0.000938
0.012676
0.010309
-0.001699
-0.003461
0.000474
-0.013885
0.000695
-0.003077
-0.003246
-0.005860
-0.012251
-0.008239
-0.001627
0.003080
0.006469
-0.008376
0.023254
0.005729
-0.008084
-0.000028
-0.005457
-0.015480
-0.016699
-0.017673
-0.001823
-0.042198
-0.018259
-0.019430
-0.005462
-0.031340
-0.007510
-0.007098
-0.010990
-0.004772
-0.016750
-0.011167
0.000860
-0.008569
-0.009055
-0.012539
-0.007569
-0.011379
-0.007808
-0.002372
0.229800
0.001034
0.048565
-0.012963
0.032996
-0.006440
0.007451
-0.019756
-0.002451
-0.000587
-0.004199
-0.007299
0.036727
-0.029414
0.032637
-0.004062
0.002937
0.016905
-0.007428
-0.024462
-0.013681
-0.011942
-0.011961
0.004646
-0.018246
0.006799
0.000401
-0.002380
0.007549
0.000190
-0.005962
-0.005630
-0.006618
0.003630
-0.000783
0.001441
-0.003260
0.033411
0.033402
-0.005089
0.000000
0.025840
0.000000
0.031024
0.000000
0.037461
0.000000
0.028598
0.032077
0.020712
0.043356
-0.010368
-0.002862
-0.017992
-0.002711
-0.012389
-0.007238
0.010236
-0.026420
0.027031
0.023121
0.014991
0.021592
0.042696
0.025024
0.011273
0.012933
0.027091
-0.001592
-0.011767
-0.004472
-0.004218
-0.004063
-0.023225
-0.028017
0.024111
-0.016362
-0.005002
-0.002747
0.012355
-0.003896
0.000592
-0.003600
-0.009557
-0.033027
0.008142
-0.014226
0.000000
0.000000
0.000000
0.000000
-0.013938
0.002131
-0.009255
0.000000
0.000000
0.000000
0.000000
0.000000
0.000000
-0.001967
-0.020155
0.036778
-0.013833
-0.013215
-0.013070
-0.015012
0.000000
-0.009568
0.001716
-0.006441
-0.007782
0.000000
0.003498
-0.012843
0.021560
0.028570
-0.008264
-0.016130
0.000625
0.018930
-0.005415
0.007987
-0.001890
-0.001176
0.019992
0.004234
0.006660
-0.007039
-0.000221
0.009599
0.000000
0.000000
0.000000
-0.022049
0.030008
0.021187
-0.027591
0.011485
0.000561
0.000000
0.000000
0.000000
0.000000
0.000000
0.000000
0.000000
0.000000
0.001344
-0.000503
0.000996
-0.009551
-0.004352
-0.003452
-0.004098
-0.022195
-0.007332
-0.004548
0.001650
0.096782
0.004221
-0.003736
-0.014703
0.050308
0.018192
-0.009370
0.086018
0.131917
0.009935
-0.009344
-0.003036
-0.019860
-0.017913
0.008155
-0.007495
-0.001807
-0.022531
-0.005040
-0.016503
-0.009664
0.012448
-0.048399
0.007663
0.008131
-0.003892
0.000831
0.014046
-0.012703
-0.000628
0.001967
-0.010423
-0.003715
-0.060578
0.034206
-0.011716
-0.005259
0.006895
-0.005002
-0.010471
-0.006166
-0.000948
-0.004757
-0.001920
-0.005097
-0.008179
-0.001305
0.013331
-0.003675
0.019940
-0.000693
-0.015128
-0.026385
-0.000739
-0.009019
-0.004033
0.002307
-0.017952
-0.002608
-0.004856
-0.008837
0.002710
0.024125
0.003221
-0.002443
-0.011445
0.017373
-0.011797
0.021918
0.032080
-0.004541
0.017186
0.000000
0.006976
-0.009446
-0.037128
-0.001162
-0.006719
0.043228
-0.007170
0.000812
-0.002057
0.009639
0.000974
0.002186
0.004419
0.000012
-0.001486
0.104136
0.005295
0.014952
-0.000595
-0.009109
-0.008036
-0.026321
0.010179
-0.000794
0.141365
0.017312
-0.006939
-0.006336
-0.005657
-0.005502
-0.002198
-0.000808
-0.002063
0.001475
-0.002629
-0.002658
0.004978
-0.012492
-0.003425
0.001259
0.000000
-0.008259
-0.005517
-0.002782
0.002645
0.023933
-0.000084
-0.018265
-0.025936
0.002408
-0.004576
-0.000715
-0.003036
0.001807
0.002204
-0.002956
-0.006137
-0.003484
0.005392
-0.009026
-0.002833
-0.009807
-0.008644
0.005112
0.005747
0.002163
-0.022885
0.009364
-0.024631
-0.015696
0.006082
0.003907
-0.008064
-0.006027
0.031559
0.004981
0.001727
0.003178
-0.014715
-0.001723
0.001686
-0.000836
-0.029248
-0.004555
-0.014738
-0.014727
-0.013717
0.001959
-0.006757
0.010505
0.003430
-0.019657
0.002444
-0.007447
0.004869
0.000000
0.003741
0.000295
-0.008595
-0.000700
-0.002481
-0.008722
0.035976
-0.004031
0.014990
-0.007600
0.023990
0.005605
0.026047
-0.004048
0.011693
0.010698
0.004597
0.008306
0.001386
-0.010146
-0.004274
-0.003197
-0.001513
0.005306
-0.002354
0.001212
0.000708
-0.003413
-0.007806
0.000471
0.003771
-0.008336
-0.001454
-0.002882
0.000932
-0.002413
-0.008791
-0.007481
-0.007851
-0.010076
-0.006798
0.005239
0.013840
-0.000803
0.010604
-0.000057
-0.011128
0.003165
-0.015727
-0.003145
-0.003196
-0.029107
0.005018
-0.002774
-0.001142
-0.010134
0.017517
0.001543
-0.018388
-0.000252
-0.007894
0.007333
0.020091
0.004733
-0.012886
0.014002
-0.058259
-0.001197
-0.016647
0.049659
-0.014822
-0.010076
-0.004354
-0.006786
-0.002094
-0.000116
0.005667
-0.015201
-0.013718
0.019345
0.013928
-0.018791
-0.002560
0.003270
-0.011528
0.000446
0.003626
-0.021342
-0.020759
0.001933
0.002864
0.012452
-0.013896
-0.014370
-0.004606
-0.003109
-0.003283
-0.023459
-0.019561
-0.002414
-0.010916
-0.001230
0.009779
-0.017340
-0.021365
-0.008414
0.014094
-0.008346
-0.001649
0.032158
-0.005985
0.093379
0.008139
0.005128
0.059280
0.005293
-0.021468
-0.015999
-0.006159
0.001700
0.000008
-0.005090
0.001217
-0.015095
0.039527
0.010178
-0.008136
0.004206
0.005900
-0.003150
-0.011042
-0.008691
-0.002864
0.000599
-0.002566
-0.007936
-0.003919
0.025207
-0.002674
-0.016481
-0.002756
-0.009942
-0.008931
-0.009535
-0.007244
-0.023220
-0.009013
-0.003476
-0.014567
-0.002680
0.004070
0.063220
-0.026510
0.000016
-0.000114
-0.004914
-0.009782
0.005345
-0.006850
-0.004888
-0.008636
0.005829
-0.002584
-0.027184
0.007634
-0.003805
-0.018595
0.005853
0.012609
0.008098
-0.006980
0.032340
-0.018951
-0.007496
0.062990
0.016124
-0.011456
-0.007748
-0.016137
-0.005944
0.001436
-0.003498
-0.023286
-0.016093
-0.011341
0.001598
-0.003588
-0.013262
-0.008350
-0.013099
-0.015036
0.018003
-0.000528
0.020544
0.018400
-0.007564
0.005951
-0.001200
0.004239
-0.003748
-0.000087
0.017253
0.014666
-0.005313
-0.003812
-0.006989
0.015662
-0.005088
-0.000080
0.013753
-0.011208
-0.029405
-0.025922
-0.003585
0.000810
0.000681
-0.014202
0.011325
0.027132
0.005697
-0.013648
-0.006241
-0.019653
-0.003250
0.000035
0.014022
0.009797
0.004343
0.000578
-0.002840
-0.000386
-0.014173
-0.002711
0.049921
-0.009699
0.002514
-0.006182
-0.002143
-0.008481
0.001879
-0.000736
0.011457
-0.000392
-0.009562
-0.010559
-0.009738
0.007693
0.001110
0.018115
-0.007791
-0.000544
0.006647
-0.018408
-0.010242
0.000340
0.002299
0.010843
-0.002777
-0.027238
0.004183
0.002526
-0.005253
-0.000152
-0.001316
0.000418
-0.008623
-0.010201
-0.028221
0.004522
0.000325
-0.005095
-0.005132
-0.000186
0.003992
-0.005818
-0.002867
0.004419
0.034594
-0.003512
0.024858
0.003203
-0.013114
-0.000298
0.026773
-0.000910
0.000067
-0.003427
-0.000702
-0.079133
0.004563
-0.077744
-0.031414
-0.002282
-0.006161
-0.006291
-0.003859
-0.047572
0.009582
-0.000340
-0.002083
-0.019892
-0.017955
-0.043311
-0.010476
-0.004576
-0.002906
-0.028664
-0.008768
0.008069
-0.017311
-0.011098
0.006845
0.000000
-0.021792
-0.004398
0.000224
-0.004022
-0.008113
-0.002732
0.008097
-0.024007
-0.002985
0.003270
0.011286
-0.005039
-0.004743
-0.002852
0.007689
-0.003902
-0.000670
-0.000247
-0.094381
0.010546
0.004626
0.008889
0.004073
-0.002927
-0.009109
0.038913
0.016066
0.020575
0.053279
0.002354
0.000669
-0.017285
-0.002001
-0.001236
-0.004132
-0.005889
-0.009963
0.011276
0.003783
-0.003346
-0.005281
-0.008008
0.000462
-0.012605
0.001197
-0.005490
-0.006144
-0.003759
-0.002377
-0.003473
0.003196
-0.009613
0.001667
0.010795
-0.004488
-0.021242
-0.016575
0.000003
-0.002717
0.000830
-0.001166
-0.000495
0.005296
-0.017184
-0.009007
-0.005910
0.010969
0.005895
-0.009595
-0.018757
-0.014142
-0.005500
0.022822
-0.012375
0.006817
-0.008916
-0.010219
0.003909
-0.001861
-0.008766
-0.002489
-0.001312
-0.014020
-0.001801
0.000513
-0.003396
-0.002859
-0.003893
-0.020400
0.002966
0.000467
0.001369
0.000000
-0.000681
-0.017272
-0.008883
0.012599
-0.009473
0.000586
0.004097
-0.017611
-0.002010
-0.002526
0.008744
0.037364
-0.002049
-0.000619
0.003135
0.021223
-0.037231
-0.003975
0.006667
-0.007164
-0.003724
-0.002751
-0.005497
-0.011659
-0.011247
-0.005527
0.000348
-0.008636
-0.008818
-0.010730
-0.003349
-0.005042
-0.011228
-0.003457
-0.003249
0.003084
-0.017655
0.000201
-0.023308
0.002316
-0.007183
0.031396
-0.000810
-0.004756
0.001247
0.007363
-0.005632
-0.000586
0.002575
-0.008009
-0.011796
-0.003118
-0.008235
-0.007485
0.014015
0.030535
-0.027852
0.055239
0.013856
-0.014611
0.001971
-0.003430
-0.000134
0.004477
-0.015735
0.002930
-0.011692
-0.006923
-0.007409
-0.000175
-0.007005
-0.001449
-0.000918
-0.008404
-0.006420
0.003768
0.004321
0.007587
-0.018974
-0.007807
0.002617
-0.017507
0.004071
-0.002776
-0.003663
0.000048
0.076120
0.004657
0.013267
-0.008118
0.001959
0.002692
0.003498
0.031013
0.001611
0.001418
-0.007224
-0.026593
-0.000662
-0.003925
-0.006734
-0.018739
-0.005468
0.001876
-0.008381
-0.008341
-0.006718
-0.006339
-0.004181
0.002076
-0.006014
-0.019114
-0.005204
-0.025004
-0.003066
-0.005519
-0.006201
0.003637
0.007119
0.017867
-0.009991
0.004326
0.013323
-0.011878
-0.001710
-0.005330
-0.009360
-0.000201
0.005513
0.001745
-0.010008
-0.002258
-0.002646
-0.010401
-0.011297
-0.009272
0.066365
0.007173
-0.006370
-0.005140
0.014848
0.009192
-0.002081
-0.007795
0.004984
-0.019536
-0.000483
-0.005877
-0.011912
0.010444
0.008009
0.018984
-0.002485
0.044827
0.005422
-0.008028
-0.007886
0.010968
-0.011431
-0.001483
0.009917
0.000689
-0.023147
-0.002451
-0.003095
0.013647
0.026665
0.005887
-0.008666
0.007728
-0.001048
-0.007017
0.002161
-0.022984
-0.014228
0.004571
-0.002055
0.001681
-0.004005
-0.011802
0.020881
-0.000333
0.000673
-0.006797
-0.011416
-0.004084
-0.011285
-0.023152
-0.009820
-0.007031
-0.011621
-0.000177
-0.008986
-0.010636
0.016324
-0.006856
-0.009341
0.003223
-0.003045
-0.001802
-0.005789
0.018156
-0.014225
-0.002374
0.001300
0.015969
0.008097
0.000901
-0.001460
0.005509
0.007744
0.006156
-0.017245
-0.016271
-0.002145
0.004101
-0.003648
-0.007932
-0.001454
0.002016
-0.002351
-0.013099
-0.016754
-0.002765
-0.011220
0.001798
-0.015591
-0.005051
-0.014525
0.002570
-0.002721
0.045416
0.013635
0.004830
-0.002079
-0.024310
0.003456
-0.012105
-0.021309
-0.008146
-0.003589
-0.012483
-0.036435
0.024583
0.006290
-0.013020
0.035460
-0.003785
-0.018107
0.030896
-0.004838
0.004270
-0.007379
0.006074
-0.008998
-0.002581
-0.008173
-0.002893
-0.007855
-0.002764
-0.002722
-0.000983
0.007675
-0.008932
0.010606
-0.000402
-0.001175
-0.005288
0.002337
-0.004443
-0.005725
-0.007254
-0.003372
0.000072
-0.006120
-0.005636
0.086435
-0.018800
0.034017
-0.008793
-0.007054
-0.044171
-0.015780
-0.003301
-0.009373
-0.004359
-0.009085
-0.016642
0.003173
-0.077541
0.000207
-0.005518
-0.000119
0.009632
-0.009871
-0.002653
-0.009815
-0.001723
-0.002996
0.048284
0.011421
0.008843
0.017919
-0.018458
0.000999
0.002031
-0.007423
-0.006534
0.012955
-0.009209
-0.009804
-0.005716
-0.003721
0.015503
-0.000841
-0.003860
-0.007288
-0.008863
0.002037
-0.002185
-0.004173
-0.001777
0.012904
0.007859
0.012560
0.016610
-0.007403
-0.010018
-0.028784
0.042704
-0.002990
0.000000
-0.000058
-0.003484
-0.000980
-0.002011
0.003382
-0.003568
-0.007296
-0.007652
-0.011306
-0.010324
-0.005777
-0.005056
-0.009457
-0.005501
0.004989
0.027419
0.012342
0.000619
0.011075
0.002263
0.005480
-0.024439
0.006542
-0.008486
-0.008296
-0.004793
-0.008411
0.025169
0.003839
0.013122
-0.006136
-0.026557
0.017293
0.000000
0.045243
0.011505
-0.022776
0.285483
0.002969
-0.023880
-0.008066
-0.003235
-0.008072
0.000447
0.000000
-0.000422
-0.007179
0.028324
-0.006541
0.000165
-0.004703
0.126443
-0.013325
0.006847
0.000000
-0.002062
-0.016016
-0.001058
0.007815
-0.001669
-0.010150
0.001661
-0.017593
-0.001355
0.002418
-0.013347
0.000077
-0.001566
-0.003678
0.033445
-0.016032
-0.006151
0.019327
0.088390
0.077607
-0.001572
-0.011362
-0.004021
-0.004953
0.005114
-0.002596
-0.002358
-0.009662
0.001231
0.009229
-0.005951
-0.021016
-0.012290
-0.005129
0.006693
-0.009534
-0.015821
-0.003615
-0.022381
-0.004029
0.008982
-0.028012
-0.005806
0.002500
-0.017051
-0.012459
-0.001650
0.004459
0.008124
0.001542
-0.006869
0.001266
0.000448
-0.001054
-0.003022
-0.015044
-0.001465
-0.015643
-0.002415
0.000189
-0.011604
-0.003492
-0.000907
-0.000487
-0.001304
0.009189
0.002116
-0.013529
-0.011166
-0.007616
0.007398
-0.001497
-0.002397
-0.009133
0.008613
-0.000011
-0.004475
-0.003092
-0.015972
0.007301
-0.002033
-0.001309
-0.017230
0.001141
-0.009142
0.001728
-0.011530
0.000259
-0.005606
-0.016402
-0.013341
0.003522
-0.001230
-0.003503
-0.000968
-0.001190
0.001609
0.005833
-0.036149
-0.006124
0.002782
0.021643
0.002707
0.005036
-0.016011
-0.001111
-0.005025
-0.002620
-0.004938
-0.002051
-0.007188
-0.004481
-0.113829
-0.121043
-0.005998
-0.010149
0.000093
0.073041
-0.010779
0.003809
-0.006196
-0.007058
0.000265
-0.017173
0.002348
0.002860
-0.001238
0.013621
-0.002752
0.002273
-0.020290
0.002547
0.010909
0.007089
-0.003378
0.008484
-0.009987
-0.011830
-0.000958
-0.012241
-0.003587
-0.005143
0.002475
-0.000635
-0.004638
-0.005534
-0.002586
-0.004656
0.006118
-0.002141
-0.015661
-0.001067
-0.002622
-0.029276
0.005270
0.025672
0.000877
0.005930
-0.011316
-0.013705
0.012342
-0.010835
-0.000397
-0.000612
-0.007349
0.011628
0.017752
0.015383
-0.005323
0.001387
-0.008961
-0.007677
0.000607
-0.007972
-0.002733
-0.008879
-0.001183
0.001872
0.005886
-0.006648
-0.000028
-0.001588
-0.008156
-0.005988
-0.001389
-0.006437
-0.007301
-0.002386
-0.004358
-0.013182
-0.023527
0.003650
-0.000965
0.005478
0.009822
-0.011644
0.007432
-0.003778
0.002091
0.004165
0.003395
-0.004308
-0.007176
-0.011743
0.006842
0.002165
0.030286
0.000161
0.001302
0.007717
0.027420
0.003573
-0.002840
0.010573
0.006373
-0.002751
0.003827
-0.002589
-0.019432
0.003762
-0.002500
-0.011570
-0.006425
0.011302
-0.000433
-0.004657
-0.019039
-0.009212
-0.002583
-0.003941
-0.005857
0.001710
-0.005601
-0.000600
-0.001485
-0.012115
-0.002779
-0.004197
-0.002056
0.099202
-0.015982
0.010652
0.005368
-0.013981
0.002590
0.003253
-0.018829
0.002384
-0.010156
0.004339
-0.001252
0.039636
-0.008780
-0.002547
-0.006561
0.001237
0.004755
0.003034
-0.014483
-0.007747
-0.004046
-0.005465
0.002122
-0.017241
0.013858
-0.006332
-0.013957
0.014630
0.013880
-0.034129
-0.004391
0.026807
-0.010589
-0.010817
0.025398
-0.023023
0.135843
0.013800
0.005872
-0.001312
-0.003093
-0.007474
-0.004978
-0.001527
-0.013974
-0.003101
-0.006335
-0.012643
0.005418
-0.009949
0.022504
-0.004240
-0.005920
0.004153
-0.001045
-0.004622
0.001807
-0.014482
0.005250
0.001176
-0.005517
0.003851
-0.001145
-0.008892
0.001261
0.003444
0.003130
0.003037
-0.007748
-0.002822
-0.014089
-0.007618
0.017841
-0.005562
0.001350
-0.000298
0.008025
-0.033306
0.000140
0.007597
-0.007278
0.003856
-0.001322
-0.000698
-0.000950
0.001668
-0.001051
-0.021960
0.011274
0.004690
-0.003468
-0.006687
0.008861
0.019651
-0.002103
0.001577
0.002819
-0.024243
-0.003287
-0.001863
-0.003371
-0.005713
-0.000145
-0.002125
-0.006897
0.004264
-0.002105
-0.005289
-0.002372
-0.007088
-0.006643
-0.013681
-0.002370
-0.002029
0.003859
0.001624
0.002457
-0.003581
-0.001985
-0.002037
0.041802
-0.003013
-0.007886
-0.018229
-0.026101
0.001937
0.006741
-0.001674
-0.042405
-0.005810
-0.010615
-0.007929
-0.001179
0.026064
0.006057
0.002626
0.001595
-0.009460
0.018700
0.007959
0.001005
0.000425
0.009046
-0.033694
0.002606
-0.003792
-0.021394
0.017944
0.094722
-0.006016
-0.008183
-0.002800
0.003183
-0.038622
0.007845
-0.024305
-0.011063
-0.007094
-0.003642
-0.005513
-0.004689
-0.013385
0.010017
0.003780
0.003799
0.019393
-0.002739
0.012667
0.075225
0.135192
0.002357
-0.002610
-0.027011
-0.012099
-0.005419
-0.002156
0.000483
-0.012531
0.084230
0.012515
0.046376
-0.001073
-0.024449
-0.009185
-0.003462
0.000706
0.010745
0.004988
-0.004353
0.012691
0.008339
-0.005499
-0.027138
-0.006655
0.007953
-0.001998
0.000408
-0.012688
0.052485
0.015404
-0.010314
-0.021335
-0.013960
0.007962
0.005498
-0.011509
-0.002776
-0.004888
-0.006884
0.000567
0.001517
0.004223
0.001289
0.011202
-0.001142
0.000000
0.006948
-0.005274
-0.012321
-0.011409
-0.004979
-0.002538
-0.001072
-0.005337
0.031185
-0.006104
0.001582
-0.024630
0.001246
-0.003987
-0.025361
0.031159
-0.016036
0.027408
-0.005839
-0.002630
0.000447
0.005215
-0.001194
-0.003631
0.003506
0.002888
-0.023172
0.011146
0.004732
0.009113
0.001034
-0.003909
0.000670
-0.001468
-0.005224
-0.007220
-0.010142
0.000728
-0.004558
0.000478
-0.000878
-0.000456
0.000099
-0.004770
-0.003811
-0.016382
-0.002057
-0.020399
-0.016587
-0.004224
-0.019771
-0.005456
-0.002695
-0.008594
-0.005016
0.032139
0.010706
-0.011192
-0.000049
-0.001758
-0.001503
-0.000471
0.012511
-0.004862
0.010473
-0.001964
-0.010879
-0.028902
-0.032543
-0.025053
0.003597
-0.003042
0.090227
-0.022336
-0.007261
-0.006318
0.012319
-0.002870
0.006232
0.000240
-0.017477
-0.005464
-0.006559
-0.008305
0.005253
0.009705
-0.002411
-0.008295
-0.010895
-0.004470
-0.007490
0.007640
-0.008669
-0.030705
-0.001839
-0.009313
-0.011064
0.002925
-0.024382
-0.002144
0.000000
0.002571
0.002934
-0.010969
0.002634
0.010917
0.027004
0.000000
-0.006373
0.060327
0.001131
-0.008188
-0.000361
-0.006769
0.003803
-0.003696
0.001296
0.001369
-0.003710
-0.002191
-0.012825
-0.023743
-0.007298
0.005682
-0.006129
0.000895
-0.005481
0.004204
0.008408
0.009308
0.012137
-0.012756
0.017133
0.014731
-0.005155
-0.005401
0.009420
0.016428
0.000634
-0.000138
-0.002181
0.001910
-0.002620
-0.004095
0.008233
0.004282
0.031676
-0.008323
0.005938
-0.001934
-0.004340
-0.016510
-0.006874
-0.015903
0.021835
0.004940
-0.010996
-0.012264
-0.005963
0.065260
-0.000860
-0.004345
-0.013495
0.039305
0.000570
-0.010926
-0.009696
-0.002265
0.000873
-0.003117
-0.009055
-0.025125
0.008605
0.027875
-0.008967
0.018063
-0.003590
-0.012285
-0.004060
0.013754
-0.009408
0.003189
0.093201
-0.006263
0.001439
-0.002764
-0.010917
-0.004090
-0.004536
-0.007964
-0.003956
-0.042355
0.006686
-0.006247
-0.005416
0.000858
-0.000614
-0.004547
-0.009932
-0.004809
-0.004173
0.008377
0.012854
0.016907
0.020026
-0.015134
-0.002045
-0.007566
-0.006790
-0.004582
-0.000602
-0.007307
-0.000935
0.009428
0.029619
-0.001390
-0.004646
-0.022352
0.009881
-0.019311
0.001043
-0.009384
-0.022655
-0.001080
0.000000
0.000000
0.000000
0.000000
-0.016546
0.000465
0.006452
0.008214
-0.007681
0.006465
-0.008418
0.002893
0.021982
0.041866
0.021683
0.012572
-0.008769
-0.008649
-0.000836
-0.009368
-0.000902
-0.007976
-0.004864
-0.027797
0.020366
0.005811
-0.016583
0.005642
-0.014937
-0.011561
0.003240
0.001798
-0.015252
-0.013108
-0.001669
0.000466
0.001535
-0.000200
0.000182
-0.021483
0.001161
-0.008128
0.008042
0.002503
-0.010337
0.001357
-0.013000
-0.000788
-0.004187
0.005252
-0.002658
-0.008418
-0.007006
0.008820
-0.004257
-0.010869
0.003197
-0.027944
-0.043777
0.001740
-0.000375
-0.002082
-0.016984
0.023635
-0.009561
-0.005299
-0.007356
-0.002055
0.001451
0.002383
0.000141
0.006014
0.002978
-0.012984
-0.010426
-0.007116
-0.010860
0.000624
-0.006751
-0.011764
-0.014342
-0.001241
-0.002878
0.000912
0.002338
-0.000139
0.012418
-0.004698
-0.007099
-0.000452
-0.004059
-0.007550
-0.004260
0.007842
-0.006337
-0.001410
-0.009559
0.002386
0.006159
0.005976
-0.018453
-0.005569
-0.011331
-0.002317
-0.000222
-0.002689
-0.003179
0.000647
-0.009044
-0.005137
-0.003487
0.008933
-0.005457
0.069747
0.002330
-0.014353
0.001414
0.118204
-0.003764
0.000000
-0.001955
0.008837
-0.002212
0.000000
-0.006943
-0.030633
0.004118
-0.020037
0.000103
-0.012059
-0.000697
0.001634
-0.009149
0.002828
-0.008588
0.024053
-0.003460
0.007566
-0.040490
0.002326
-0.002164
-0.003449
-0.007021
-0.020386
-0.004451
-0.011650
-0.003980
-0.006283
-0.002722
-0.008307
-0.018855
-0.002008
0.002928
-0.003370
0.000983
-0.010186
-0.014128
-0.006388
-0.005704
-0.000645
-0.004387
-0.014902
-0.000326
-0.014953
-0.025124
-0.005563
0.005423
0.004313
-0.015243
0.005343
0.004341
-0.011576
0.002394
-0.006092
-0.000449
0.007347
-0.002312
0.013477
-0.009965
-0.012314
-0.000015
-0.002797
-0.004088
-0.009452
0.000139
0.000845
-0.027047
-0.001801
0.010892
-0.007279
0.036895
0.000148
-0.026167
0.011407
0.008077
0.003436
0.009015
0.127352
0.072227
-0.015665
-0.008263
0.018873
-0.002149
-0.004901
0.010821
-0.000187
0.000381
-0.000708
0.003930
-0.029646
-0.029149
-0.003660
0.004830
-0.009325
-0.002547
-0.005318
0.000960
0.008830
-0.001141
-0.010848
-0.018240
0.001537
0.002346
0.008935
-0.002801
-0.016624
-0.005166
-0.012527
-0.022381
0.002013
-0.016289
-0.006683
-0.004193
-0.001995
-0.022044
0.000832
-0.010906
-0.005832
-0.004297
0.015624
0.030085
0.041729
-0.005947
-0.009441
-0.007634
-0.004164
-0.002279
-0.004467
0.052585
0.000280
0.022421
-0.005601
-0.008080
-0.000820
-0.002852
-0.001599
-0.000790
0.002338
-0.005788
-0.007842
-0.000344
0.002684
-0.014786
0.016348
-0.007784
0.002179
-0.006890
0.006306
-0.006150
0.013680
0.020402
-0.012042
0.011474
0.001697
0.022661
0.056702
0.002150
-0.001633
0.003958
0.000000
0.007291
-0.018089
0.024302
-0.016678
0.024294
-0.025866
-0.021914
-0.017277
-0.000688
-0.003787
-0.003602
-0.013527
-0.012089
-0.013248
-0.001625
-0.006920
-0.013655
-0.003341
0.000000
0.003424
0.000060
0.001781
-0.007159
0.013187
0.015602
0.083854
-0.000221
-0.001338
0.013230
0.000865
-0.001761
-0.005959
-0.009875
0.020474
0.023420
-0.011907
0.008437
0.011070
-0.000266
-0.003015
0.027085
-0.023181
0.005407
0.004532
0.012733
-0.013896
-0.015438
0.008918
-0.005078
0.013843
0.005483
-0.004218
-0.016801
0.000000
-0.004118
0.002652
0.001334
-0.003378
-0.016741
-0.008077
-0.000791
0.001351
-0.007205
-0.031373
0.029060
-0.009570
0.005145
0.001769
0.012875
0.006478
0.002718
-0.001172
-0.007278
0.004690
0.000606
0.019417
0.003631
-0.003161
0.003010
0.002400
0.018885
-0.004036
0.006662
0.001033
-0.000960
-0.013366
0.024404
-0.001000
0.004605
-0.000831
-0.006508
0.004885
-0.003190
-0.004143
-0.020016
-0.004275
0.001594
0.009619
-0.023677
-0.011992
0.000919
-0.008727
-0.002310
0.013787
-0.031308
-0.003535
0.022294
0.000849
-0.015651
-0.022173
0.002110
-0.010782
-0.003132
-0.006793
0.006409
-0.008512
-0.038350
-0.004376
0.009010
-0.006061
0.040360
0.011269
-0.005035
-0.006458
0.000727
-0.005932
0.001443
-0.012837
-0.000833
0.037273
-0.000823
0.000430
0.019910
-0.017581
-0.002875
-0.010456
0.002415
0.004028
0.013314
-0.004486
-0.002210
-0.002066
0.002211
-0.000407
-0.012348
-0.014854
-0.000878
0.002332
-0.002094
-0.006063
-0.025551
0.000248
-0.014953
-0.002853
-0.012496
-0.006569
-0.002190
0.011321
-0.008599
-0.007444
0.007873
0.008152
-0.018335
-0.022330
-0.006059
0.012098
-0.011976
-0.000059
-0.027637
0.019579
0.008327
0.049941
0.010628
0.001012
-0.005161
-0.027593
0.001160
0.434013
-0.000093
-0.021568
-0.006099
0.017166
-0.000573
-0.000365
-0.017129
-0.008883
-0.004487
-0.000355
-0.001803
-0.004029
0.008410
-0.007200
-0.003301
-0.037779
-0.022948
-0.008221
-0.006695
-0.009263
0.000551
0.004287
-0.006782
-0.012635
-0.006430
0.012456
0.000000
-0.004378
-0.018789
-0.000802
-0.009265
0.002038
0.025165
-0.014127
-0.013773
-0.007266
-0.005183
-0.002185
0.002213
-0.001174
-0.005103
0.037988
-0.016929
-0.019965
-0.002943
-0.018135
-0.001724
0.004836
0.017037
-0.003083
0.001503
0.002897
-0.009410
0.001497
0.002329
-0.010958
0.040381
0.002020
-0.013277
0.060964
0.004940
-0.015128
-0.008239
-0.003707
-0.013854
-0.015433
-0.000955
-0.008400
-0.005312
0.000265
-0.002359
0.000133
-0.009578
-0.003050
-0.006950
0.082616
0.153806
0.013006
-0.005909
-0.009456
0.001572
0.001108
-0.000948
-0.003140
-0.008234
-0.007445
0.030793
0.008617
0.007387
-0.010609
-0.011823
0.001243
0.003107
-0.008098
-0.002006
-0.019642
-0.006510
0.060839
-0.018204
-0.006789
-0.002920
-0.004990
0.005242
0.004978
-0.010187
0.006557
0.014013
-0.013083
-0.041370
-0.013224
-0.007181
-0.029382
0.002940
-0.007073
0.016702
0.001600
-0.001008
-0.000273
0.024146
-0.001904
-0.000484
-0.003662
0.013932
0.005463
0.001338
0.007376
0.008613
0.000915
-0.005715
0.030235
0.001548
-0.009335
0.001227
-0.001603
0.015699
-0.007468
-0.017671
-0.007871
-0.012632
-0.007930
0.016165
-0.004120
-0.001249
0.000878
0.012590
0.006762
-0.000258
0.035729
-0.009658
-0.004975
-0.002073
-0.009508
0.005475
-0.006025
-0.013216
-0.008687
0.001294
-0.011008
-0.003806
-0.008841
-0.002979
0.010140
0.002614
0.004989
-0.009225
0.046422
-0.016188
0.003833
-0.011193
0.003316
-0.002830
0.004277
-0.001879
-0.002157
0.000079
-0.001769
-0.013288
-0.002456
0.012855
-0.002310
0.013278
-0.003882
-0.003086
-0.005496
-0.007535
-0.040349
-0.026807
-0.004462
0.004578
0.000365
-0.008459
-0.011581
-0.005979
-0.010213
0.003717
-0.029452
-0.004693
0.004165
0.003389
-0.010748
-0.000541
-0.005628
-0.035492
0.001724
0.010833
-0.002045
0.016082
-0.004435
-0.005144
0.005607
-0.003910
0.000891
-0.007028
0.000000
-0.015115
-0.036134
-0.013796
0.005559
0.002682
-0.010407
-0.019987
-0.003839
-0.005388
0.009523
-0.036994
0.005649
-0.001822
0.003247
-0.010518
0.000100
0.004470
-0.004438
-0.032408
-0.005332
-0.005801
0.016609
0.000826
0.006995
-0.004988
-0.000535
0.002077
0.005877
-0.009792
0.000201
-0.007755
0.005272
0.005064
0.001395
0.004360
-0.000272
-0.012181
-0.001700
-0.001383
-0.005609
0.007544
-0.005735
0.001632
-0.002529
-0.022832
-0.001172
0.001951
-0.005482
-0.008213
-0.007452
0.023876
0.101473
0.171679
0.007890
0.001404
0.030770
-0.014109
-0.004410
-0.001745
0.004929
-0.003201
-0.000344
-0.031498
0.034793
-0.012966
-0.001278
-0.001629
-0.004493
-0.001998
0.020807
-0.007137
0.030522
-0.007981
0.005687
0.009955
-0.004799
-0.001581
-0.010958
-0.000383
0.017390
0.002794
-0.009308
0.051197
0.024041
-0.013057
0.013480
0.000521
-0.007452
-0.015673
-0.003854
-0.013824
-0.003092
-0.008321
-0.005778
-0.008133
-0.006942
-0.018549
0.001113
-0.000660
-0.007939
-0.003914
-0.020530
0.019710
-0.007586
-0.000262
-0.000769
0.001721
0.000448
-0.009079
0.005940
0.012660
-0.014920
0.018116
0.002195
-0.000627
-0.008115
0.000855
0.010094
-0.011602
-0.001711
-0.004768
0.004036
-0.006347
0.000719
-0.000081
-0.010819
0.001001
0.002426
0.002443
-0.017378
-0.002329
0.006868
-0.003404
-0.004992
-0.003997
-0.015771
-0.011997
-0.005588
-0.005131
-0.010040
0.019952
-0.019818
-0.010759
-0.018153
-0.010870
-0.005200
-0.007277
0.071991
0.027449
-0.009157
0.014192
0.001173
0.004468
0.006327
0.024762
-0.006555
-0.000058
0.005112
0.000560
-0.014914
-0.000638
0.003958
-0.004682
0.057245
0.000600
0.001706
0.009219
-0.004543
-0.004719
0.008523
0.001678
0.001630
-0.006863
0.000261
-0.028928
-0.003626
0.004571
0.060521
-0.001879
-0.003462
-0.012040
-0.004433
0.017253
-0.015491
-0.008090
0.004008
-0.006754
-0.000281
-0.003458
-0.006434
-0.011288
-0.002892
0.000000
-0.011531
-0.003515
-0.000569
0.024591
0.002516
0.001985
-0.006733
-0.003465
-0.003031
-0.006110
-0.004363
-0.009614
-0.014174
0.052374
0.003949
0.004412
-0.008287
0.017548
-0.008737
0.019494
-0.002526
-0.005626
-0.008377
-0.007906
-0.004571
-0.016643
-0.007396
-0.004287
-0.024733
-0.001270
-0.017904
-0.006490
-0.003587
-0.005066
-0.006580
0.000342
-0.009628
-0.019381
0.007896
-0.009513
-0.009802
-0.047146
0.079972
-0.008621
0.000701
0.025809
-0.005186
0.000044
0.031438
-0.040991
-0.005684
0.012814
-0.008650
-0.004999
0.000736
-0.011924
-0.010785
-0.001971
0.004744
0.008418
0.008349
0.021080
-0.014293
0.005588
0.004592
0.000251
0.011805
-0.004147
-0.006674
-0.007690
-0.006182
-0.004996
0.004857
-0.022314
0.040854
0.016027
0.023171
0.009265
0.046891
-0.002844
-0.005199
0.001007
-0.002928
-0.004146
0.011650
0.008577
0.008491
-0.019677
-0.006702
-0.005050
-0.009100
0.005928
-0.004297
0.094791
-0.018502
-0.001666
-0.012513
0.010436
0.007969
-0.004755
0.049032
0.006013
0.000478
-0.001974
0.012247
0.034590
0.059586
-0.007787
0.039793
0.087379
0.066013
0.011179
0.000978
-0.006408
-0.001455
-0.016408
-0.011092
-0.004485
-0.001972
0.002237
0.012508
-0.005593
-0.014718
0.039928
0.001062
0.003581
0.021439
-0.013283
-0.008088
-0.001958
0.000992
0.000851
-0.023800
0.003991
-0.021894
-0.005640
-0.006524
0.039786
-0.014354
-0.000511
-0.009553
-0.017234
-0.001016
0.002659
-0.010386
0.130404
-0.000090
-0.012220
-0.003978
0.011412
0.003311
-0.006310
-0.000150
0.002461
-0.002711
-0.002064
-0.006264
-0.003450
-0.001278
0.005874
-0.002152
-0.002243
0.011152
-0.001711
-0.005022
0.001061
0.038378
-0.001955
-0.000568
0.011735
-0.008324
-0.002116
0.009035
-0.005808
0.000218
-0.013479
-0.003857
0.020086
-0.006542
0.005972
-0.019837
-0.001050
-0.025648
0.000782
-0.003191
-0.003106
-0.001809
-0.003570
0.005444
-0.001138
0.002941
-0.028060
0.001817
-0.006826
0.007069
0.001935
0.006027
-0.027611
-0.028813
-0.020185
-0.006426
0.001113
-0.019559
-0.005260
-0.002835
-0.014733
-0.002352
-0.011591
-0.001712
-0.003875
0.033562
0.001474
0.029822
-0.045410
0.031913
0.011109
0.047311
-0.001185
-0.045031
0.003475
0.008663
-0.005430
0.031821
-0.017021
0.007837
-0.010932
-0.001688
-0.002011
-0.004379
-0.006790
-0.020492
0.020040
-0.015692
-0.004458
-0.021872
-0.020597
0.004547
-0.002496
0.001105
-0.000806
0.000367
-0.002798
0.014424
-0.017000
0.005037
0.005403
-0.007178
0.002463
-0.011639
-0.000853
-0.002348
-0.006666
0.000867
0.029596
0.000530
-0.004137
-0.001551
-0.024861
-0.009183
-0.006557
0.013041
-0.020838
-0.057417
0.001479
0.003026
-0.023163
-0.003558
-0.000866
-0.005062
-0.003840
-0.010817
-0.003115
-0.010102
-0.006001
-0.000339
0.011366
-0.007110
-0.010721
-0.010486
-0.002538
-0.000101
0.003947
-0.004701
0.003168
-0.011834
-0.009916
-0.004694
0.002925
-0.003512
-0.009836
-0.004953
-0.000013
0.005393
-0.001390
-0.000021
-0.007757
-0.004532
0.005653
-0.008684
0.000712
0.020959
-0.017515
-0.002491
-0.011435
-0.006195
-0.003406
0.075837
-0.000814
-0.003086
0.002793
0.051805
0.030418
-0.007140
-0.000769
0.125890
-0.010102
-0.006381
-0.000552
-0.004973
-0.003709
-0.014476
0.004786
0.031674
-0.001376
-0.002866
0.000930
-0.002221
-0.004034
0.008325
-0.012278
-0.013132
-0.007738
-0.002193
-0.001955
-0.010079
-0.018521
0.014937
-0.005904
-0.003985
0.000764
-0.004683
-0.006901
-0.002745
-0.006096
0.007801
-0.006867
0.092382
0.011435
0.118808
0.015670
-0.000273
-0.001956
-0.019170
-0.006398
-0.048765
-0.003806
-0.053024
-0.011681
-0.017608
0.011912
0.001628
-0.002585
-0.015217
-0.004931
0.000476
0.036025
-0.004012
-0.001243
-0.005380
-0.009465
-0.019308
-0.007255
0.006544
-0.000458
-0.026752
-0.005235
-0.000565
-0.007322
0.002836
-0.053748
-0.008017
-0.015608
0.017599
0.010925
-0.012141
-0.007599
0.005182
0.047581
-0.024369
0.120167
0.121506
-0.003774
0.003936
0.014673
-0.006933
-0.002172
0.002487
0.009276
-0.002628
-0.005152
0.005280
-0.002000
-0.012743
0.003021
-0.016464
0.017210
0.009696
-0.000794
-0.006655
0.013780
-0.015696
-0.032641
0.003672
-0.002264
-0.023548
0.002543
0.008916
-0.003982
-0.003875
0.000828
-0.007106
-0.011553
-0.015071
0.011160
-0.006694
0.008569
0.004764
-0.008576
0.004405
-0.000690
-0.017029
-0.006390
-0.022876
-0.011689
-0.011135
0.004880
-0.006719
-0.010580
0.002234
0.001075
-0.001992
-0.000132
0.001445
-0.008108
-0.006375
-0.013304
0.001860
-0.001812
-0.003992
-0.020566
-0.012357
0.004753
0.007176
-0.006394
-0.007804
-0.009713
-0.005836
-0.011086
0.002769
0.024040
0.000299
-0.016947
-0.005361
-0.002803
-0.000875
-0.008607
0.003568
-0.007382
0.016986
0.003373
-0.005981
0.003224
0.027297
0.059071
0.035247
0.067235
0.002124
-0.018337
-0.004188
-0.006690
-0.020301
-0.001298
-0.009664
0.005289
-0.013726
-0.004283
0.002381
0.004543
0.012298
0.006975
0.016217
-0.002269
-0.003563
0.003990
-0.008949
-0.001572
0.018324
0.002553
0.008968
0.000701
0.332711
0.001193
0.041414
-0.001533
0.006817
-0.026520
0.011947
-0.002507
0.000000
-0.015306
0.004625
0.043610
0.010149
-0.012090
0.002576
0.027466
-0.011204
-0.004311
-0.005433
0.004835
-0.003834
-0.012301
0.016062
-0.019024
0.001839
-0.020042
0.042986
0.006728
-0.000793
0.018069
0.011396
-0.005352
0.001732
0.003631
-0.005439
-0.022724
0.009600
0.055273
-0.008926
-0.005444
0.023058
-0.000867
-0.020179
-0.003645
-0.006317
0.014138
0.004336
0.018206
0.003897
-0.011361
0.005682
-0.005181
-0.002329
-0.000567
-0.005165
-0.023003
-0.012346
-0.031289
-0.004899
0.014129
0.026520
0.006206
-0.010253
-0.011855
-0.011615
0.009928
0.006173
-0.004009
0.010791
-0.002445
-0.002325
-0.008387
0.000455
0.017248
-0.037869
-0.002111
0.061694
-0.003546
-0.003230
-0.008209
-0.004323
-0.041695
0.001211
-0.006111
-0.006715
-0.003040
-0.013490
-0.007409
-0.001558
-0.016391
-0.008857
-0.008666
-0.008020
-0.001413
0.001212
-0.006993
0.024638
0.016981
0.000793
-0.011555
0.100729
0.001389
-0.005181
0.000104
-0.005109
-0.006575
-0.020383
-0.017709
-0.001691
-0.009111
0.033687
0.003791
-0.003820
-0.003201
0.003775
-0.001443
0.006832
-0.000126
-0.004536
-0.007678
0.000765
0.000444
0.006480
0.001155
0.008284
0.011822
-0.000738
-0.017105
-0.008561
-0.000025
-0.009930
0.002319
-0.001202
0.017478
-0.011614
0.001807
0.002238
-0.005856
0.002925
0.002512
-0.001329
0.048571
-0.005135
-0.005355
-0.045786
-0.000107
-0.003267
-0.011191
0.000955
-0.004569
-0.008775
0.007526
-0.006002
-0.014212
-0.006396
0.016041
0.000796
-0.001401
-0.001915
-0.000114
0.000763
0.007408
-0.010263
-0.004396
0.019672
-0.003891
-0.029813
-0.004591
-0.014025
-0.000274
-0.000732
0.009728
0.026880
-0.003732
-0.000507
-0.001420
0.005409
0.000149
-0.016950
0.003523
0.001888
-0.006911
-0.011114
0.004881
0.008436
0.003071
-0.009234
-0.005028
-0.008233
0.001075
0.000195
0.005936
-0.028451
-0.013458
0.024323
-0.000681
-0.005291
-0.014683
-0.004375
-0.010825
0.059221
0.007387
-0.001359
0.002360
-0.003824
-0.004453
-0.014541
-0.012311
-0.012794
-0.030935
0.003089
0.004640
-0.004234
0.017587
0.012022
-0.005799
-0.000263
-0.006558
-0.016872
0.020554
-0.004117
-0.001740
-0.002270
-0.008778
0.006036
-0.007832
-0.008814
0.051272
0.014429
-0.004978
0.012051
-0.008952
0.007432
0.067790
0.024957
-0.016475
-0.008764
0.003523
0.002075
-0.002237
-0.003887
-0.038121
-0.011570
-0.008134
-0.025863
0.004547
0.000223
0.004902
-0.004016
-0.001390
-0.001017
0.046106
0.012123
0.006016
0.021179
-0.006404
-0.006823
-0.005681
-0.005091
0.003084
0.015048
0.001495
-0.015215
0.001688
-0.013448
0.001490
-0.002703
-0.035035
-0.014278
-0.006642
-0.009720
-0.018147
-0.017178
-0.002380
-0.004573
0.010639
-0.004688
0.056203
-0.002324
-0.006622
-0.002977
-0.003800
-0.005059
0.000955
-0.014645
-0.007073
-0.030020
-0.006963
0.011258
0.000100
0.000488
0.003800
0.003126
0.003741
-0.014563
-0.015147
-0.013962
-0.014133
-0.001922
0.016929
-0.004523
0.015851
-0.010694
-0.015487
-0.025740
0.006850
0.001922
-0.020954
-0.007311
0.012356
-0.001765
-0.003258
0.000591
-0.002085
-0.001475
-0.001582
-0.003916
-0.011742
-0.012249
-0.000526
0.007672
0.001690
0.000616
0.022119
-0.005762
0.000078
-0.005635
-0.010374
-0.012781
0.008835
-0.000825
0.005848
0.005741
0.003573
-0.015395
-0.003145
0.001329
-0.024007
0.027067
-0.000388
-0.010404
-0.001749
0.023513
-0.000237
0.000000
-0.003640
-0.002244
0.008898
-0.005966
0.001153
0.012143
-0.019651
-0.016769
-0.008425
-0.018659
-0.005913
-0.009222
0.008201
0.003429
0.000000
0.003761
-0.007561
0.018561
0.000000
0.042916
-0.003223
0.004591
-0.000640
-0.002323
0.005336
0.015118
-0.015973
0.005415
-0.004664
-0.009395
0.003989
-0.004655
-0.005092
-0.011021
-0.001685
-0.002776
0.000737
0.002748
0.012862
0.012724
-0.002871
0.019908
-0.017544
-0.000229
-0.054949
-0.002382
-0.011472
-0.010402
0.002621
-0.010834
-0.001981
0.026680
-0.008485
0.097487
0.014715
-0.018437
0.000187
-0.001205
0.000520
0.002193
-0.004898
-0.015333
-0.006930
-0.008917
-0.002496
0.002812
-0.008763
-0.004366
-0.003918
-0.002902
0.012410
0.023271
-0.002939
0.028363
0.018380
-0.004047
-0.002305
0.001374
0.004926
-0.005399
0.001337
0.023013
-0.015371
-0.001779
0.001267
-0.007139
-0.017523
-0.012786
0.026995
-0.000546
-0.005809
0.002615
-0.000605
-0.003692
-0.000719
0.017676
0.008841
-0.017696
0.000821
-0.001759
-0.005014
-0.011593
0.040009
-0.005820
0.000856
-0.000530
0.004601
-0.021549
-0.000543
0.006199
0.000943
-0.007691
0.006464
0.007183
-0.067141
0.007527
-0.015387
-0.003097
-0.010533
-0.004101
0.001580
-0.000035
-0.012473
0.005838
-0.010923
-0.005934
-0.004960
-0.005929
-0.003369
-0.040200
-0.008203
-0.000081
0.106271
-0.003595
0.002810
0.004201
-0.002522
-0.009826
-0.005436
-0.003259
-0.009144
-0.010401
0.004843
-0.000061
-0.006390
-0.009389
0.007948
-0.002612
0.001157
-0.009700
-0.014692
-0.011789
0.010464
0.000214
0.002869
-0.001830
-0.014045
-0.007129
-0.001344
-0.000389
-0.031782
0.023132
0.017112
0.002087
-0.008486
0.002361
-0.010590
0.000874
0.009976
0.002560
0.004613
-0.001683
-0.001714
-0.003134
-0.009058
0.025401
-0.007384
-0.003845
-0.008850
0.010611
-0.005854
0.003174
0.004606
-0.008055
-0.005582
-0.003293
0.027813
0.019468
-0.012600
0.001868
-0.000022
-0.009390
-0.006842
-0.007720
0.019602
0.034642
-0.002107
-0.004372
0.000490
-0.004980
-0.008489
-0.014721
-0.008274
-0.006175
0.003886
-0.005438
-0.005244
0.032548
-0.012828
-0.013074
-0.009642
-0.016132
-0.008832
-0.012765
-0.002008
-0.003266
0.001335
-0.009789
0.001826
-0.015786
0.003528
-0.000366
0.007350
0.034813
-0.001175
-0.019590
-0.016485
0.006839
-0.016485
-0.006517
-0.030463
-0.008558
-0.027849
0.109490
0.041665
0.040392
0.025754
-0.001434
-0.003617
0.004649
-0.011422
-0.027159
-0.007339
0.000997
-0.000957
0.000664
-0.012740
-0.002130
-0.023818
0.037393
0.000663
-0.010701
-0.015071
0.011025
0.009365
-0.011971
-0.003342
0.020967
-0.002960
-0.002062
-0.009638
-0.004247
-0.000875
0.000400
-0.007425
0.013923
-0.007201
-0.006652
-0.034859
-0.006332
-0.000626
-0.010539
-0.002463
-0.008420
0.004064
-0.012124
0.001270
-0.000311
0.010985
0.001543
-0.012870
-0.002203
-0.008691
0.004936
-0.004863
0.006100
-0.010243
-0.002327
0.000369
-0.011227
-0.013851
-0.026858
-0.008667
0.000716
0.002722
0.013457
-0.019585
0.007625
-0.009325
0.202430
-0.003547
0.006734
0.007305
-0.001050
0.006110
-0.001148
0.002653
-0.000261
-0.003087
0.006789
-0.007305
-0.001886
-0.004350
0.018133
-0.004434
-0.012298
-0.003593
0.000000
0.000000
0.000000
-0.001731
-0.012739
-0.019027
-0.007585
0.003745
-0.000429
-0.009563
-0.005135
0.009523
0.022801
0.001909
0.005416
-0.015238
-0.016760
-0.003556
-0.021040
0.002225
-0.009865
-0.005732
0.006378
-0.013371
-0.004523
-0.004895
-0.000023
0.000000
0.012936
-0.035673
-0.001164
0.000662
0.004432
0.007772
-0.001921
-0.002322
0.010889
-0.001782
-0.007264
0.000000
0.007124
0.027203
-0.021086
-0.011310
-0.002633
-0.009281
-0.002745
0.005824
0.018909
-0.006923
0.007873
0.007402
-0.010777
0.012222
-0.007957
-0.001969
-0.001912
-0.001378
-0.008288
-0.006715
0.003956
0.000939
0.022097
-0.001095
-0.007995
-0.001277
0.013259
0.041091
-0.006304
0.000730
-0.000004
0.000029
-0.004087
-0.001670
-0.013365
0.011506
-0.006552
-0.000593
0.000000
0.002012
0.000000
-0.015171
0.012983
-0.007758
0.004777
-0.013708
-0.006865
-0.002440
0.008140
-0.003805
0.025074
-0.001692
-0.005083
-0.001219
0.000000
0.019013
-0.011745
0.020002
-0.002953
0.009862
-0.014090
0.000183
0.000000
-0.014951
-0.002374
-0.009462
-0.005349
-0.012047
-0.002501
-0.006938
-0.022431
-0.007965
-0.012187
0.009249
-0.002209
-0.012253
-0.001751
-0.011923
-0.002055
-0.002615
-0.001761
-0.015968
-0.010664
0.003270
0.013045
0.067442
0.004979
0.000000
-0.001996
0.020369
-0.005463
-0.001536
-0.003117
-0.014521
-0.019256
-0.008512
-0.000663
0.003078
-0.005373
-0.003248
0.000860
-0.006991
-0.014879
-0.024763
-0.004300
0.000000
0.000000
0.000000
0.005460
-0.000324
0.007186
-0.009768
-0.000998
-0.022572
-0.007219
-0.020068
0.007937
-0.024272
-0.019207
-0.007679
0.001564
-0.004224
-0.008717
0.007074
0.009849
-0.006153
-0.010024
0.020154
-0.003951
0.006068
-0.001249
-0.000660
0.004970
0.017935
0.024010
-0.003169
-0.011656
0.016048
-0.005582
-0.007222
-0.004354
0.000033
-0.002441
-0.006135
-0.004171
-0.000098
-0.001957
-0.005967
-0.002093
0.029692
0.002631
-0.012330
-0.005950
-0.000393
-0.000812
-0.003862
-0.003551
-0.086386
-0.028825
0.036459
0.023758
0.048305
0.037071
-0.021059
-0.021964
-0.001477
-0.024568
-0.001417
-0.005455
-0.022695
0.019450
0.038823
-0.001512
0.091338
-0.001983
0.007472
-0.038520
-0.004615
0.000997
-0.007870
0.014615
0.004936
0.002091
-0.000033
0.032067
-0.008521
0.002660
0.020713
0.004670
-0.026894
0.049661
-0.071276
-0.006517
-0.038559
0.004279
0.002983
0.004048
-0.033351
0.017059
-0.007297
0.004878
0.007806
-0.017273
-0.004487
-0.005487
0.021915
0.017560
-0.009462
0.008804
-0.021048
-0.012815
-0.001989
-0.028097
0.032367
-0.024583
-0.010163
0.012986
-0.017219
0.030063
-0.014463
-0.009302
-0.006012
-0.010972
-0.030527
-0.009306
-0.017903
0.059828
0.014633
0.010017
-0.010184
-0.003243
-0.006851
-0.006621
0.009552
0.030596
-0.009377
-0.000606
-0.009689
-0.013281
-0.036699
-0.024719
-0.001123
0.002189
0.025692
0.069018
0.026086
0.041247
0.016185
0.005773
-0.005734
-0.009268
0.030759
-0.001898
-0.005806
-0.022146
0.002084
0.016879
-0.004091
-0.009065
0.023491
-0.014887
-0.016132
-0.008681
0.001884
-0.008841
-0.009551
-0.033174
-0.001119
-0.008753
-0.007144
0.007410
-0.006905
-0.010149
0.012309
-0.005845
-0.012306
-0.006988
0.036350
-0.020027
-0.010780
-0.011764
-0.000136
0.004946
-0.018624
-0.018108
-0.003996
-0.019575
0.003414
-0.008987
0.027206
0.015576
0.003315
-0.006497
0.002864
0.004026
-0.002918
-0.005044
-0.017956
-0.002559
-0.006688
-0.005128
-0.008941
0.019232
-0.013878
0.015791
-0.004227
0.014876
-0.007051
0.047394
-0.006996
0.002281
0.018985
-0.001003
0.042427
0.005868
-0.002221
-0.006850
-0.001970
-0.020393
0.003543
-0.002046
-0.009805
-0.010932
-0.004514
-0.000512
0.008046
-0.006351
0.012752
-0.025176
-0.030281
-0.010428
0.006725
-0.024460
-0.008112
0.000261
0.000895
-0.008881
0.005328
-0.000979
-0.003951
-0.015294
0.001578
0.023206
-0.001544
-0.012889
-0.000479
-0.006261
0.002117
0.005505
0.012698
-0.016881
0.005139
0.009735
0.012814
-0.024788
0.018668
-0.006119
0.033069
-0.010089
0.030958
-0.012457
-0.018339
0.014723
-0.022282
0.003721
0.012792
-0.003592
0.027788
-0.022772
0.017096
-0.036461
0.025833
-0.013657
0.002227
0.013391
-0.018244
-0.017570
0.017737
0.017634
-0.015728
0.016957
-0.002986
-0.007366
-0.009715
-0.008115
-0.010931
0.004211
0.000529
-0.006882
0.001207
0.032126
-0.004269
-0.006046
-0.007517
-0.006527
-0.006680
-0.001706
-0.008861
-0.000417
-0.017833
-0.002603
-0.007000
-0.010426
-0.015402
-0.015657
0.001354
0.006062
-0.011323
-0.019149
0.001588
-0.002859
0.013256
0.002261
0.001443
-0.009025
-0.000463
0.309881
-0.000656
0.012163
-0.023493
0.032240
-0.011244
0.009853
0.003148
0.001322
0.004094
0.006346
-0.002895
0.017355
0.022372
-0.011880
0.030352
-0.001443
-0.010860
0.002592
-0.012381
-0.029161
0.011543
-0.015130
0.031217
-0.003149
-0.003337
-0.007671
0.000145
-0.001445
-0.006623
-0.016375
-0.006460
-0.005486
0.012595
-0.007015
-0.015830
-0.021695
0.000863
-0.004975
0.017968
-0.029946
-0.029301
-0.021212
0.045662
0.000862
0.009768
0.018408
-0.008662
0.025513
-0.004104
-0.038494
-0.037860
0.052964
0.014662
0.015722
-0.050184
-0.005362
-0.018930
0.022458
-0.004399
0.005395
0.006474
0.030685
-0.007208
0.004344
