0.499233
0.036194
-0.009476
0.135312
-0.348761
-0.397046
0.024323
0.148359
0.258149
-0.373179
0.048884
0.276100
0.259487
0.079111
-0.025136
-0.104690
-0.486755
-0.824321
-0.033914
0.268009
0.346097
-0.286942
0.020825
0.134998
0.055287
0.071153
0.210556
-0.200619
-0.158676
-0.441471
-0.477898
-0.077931
-0.084163
0.160218
0.439904
-0.063444
-0.140834
-0.190338
0.108744
-0.131776
0.107852
-0.004078
0.167911
-0.016739
-0.304333
-0.001757
0.115768
0.235321
0.045249
0.073859
-0.079133
0.004680
0.510572
-0.410040
0.078521
0.586326
-0.082182
0.479345
-0.188157
-0.200832
-0.475033
0.079296
-0.073552
-0.275461
0.041545
0.012141
0.012659
0.334436
0.043556
-0.308715
-0.194881
-0.216407
-0.344391
-0.170729
-0.321360
-0.384437
0.124881
-0.105833
0.229489
-0.029390
-0.250027
0.101804
0.062672
-0.039784
0.247385
0.016796
0.107928
-0.387054
-0.255990
-0.267517
-0.293230
-0.234142
-0.459026
-0.258061
-0.183719
-0.235068
0.204754
0.104988
-0.210818
-0.451864
-0.148644
-0.109189
-0.235711
0.147467
0.357943
0.130451
-0.015367
-0.153362
-0.259074
-0.067166
-0.079024
-0.166580
-0.392452
-0.133820
-0.139457
-0.295960
-0.180471
0.041978
-0.016538
0.035644
-0.142772
-0.529856
0.136394
-0.069565
-0.069763
-0.014510
-0.649638
0.012956
-0.249949
-0.201393
-0.254730
0.006069
0.554525
0.299810
0.112000
-0.149458
-0.026226
-0.078804
0.490674
0.093657
-0.301664
0.013611
-0.010850
-0.151104
-0.144117
0.394528
-0.354914
-0.087100
-0.159671
-0.234162
-0.050034
0.366324
-0.111970
-0.154417
-0.359744
-0.298018
-0.087829
-0.034425
-0.008451
0.019617
0.070762
0.010262
-0.130814
0.042211
0.085893
-0.123916
-0.337685
0.020396
0.005098
-0.047282
-0.073009
-0.148426
-0.160730
-0.113124
-0.644304
-0.087686
0.575669
0.136563
0.443491
0.298081
-0.259810
0.357027
0.104479
0.502456
0.531943
0.540630
0.013538
-0.043871
0.159852
0.343517
-0.197647
-0.087227
-0.244442
0.087328
-0.109694
0.308223
-0.187962
-0.093621
-0.604898
-0.144273
-0.009997
-0.163729
-0.658690
-0.245524
-0.146393
0.276789
0.597139
-0.072311
0.017793
0.033134
0.040952
0.052459
0.052898
-0.036998
0.186970
-0.207010
0.164883
0.424135
0.032220
-0.289125
-0.366878
-0.322331
-0.204684
0.614512
-0.043494
0.170238
0.375289
-0.188869
0.046927
-0.080758
0.035360
0.048838
-0.037709
-0.162387
0.338771
-0.068696
-0.007222
0.281793
0.019034
0.125226
-0.113304
-0.475143
-0.077485
0.244588
0.431299
0.116072
-0.320357
-0.089648
0.148893
-0.076983
0.069705
-0.195392
-0.051644
0.003583
0.081583
0.235841
0.172183
-0.007236
0.188111
-0.208967
-0.005879
0.002815
0.156030
0.027270
-0.031806
0.022378
0.392933
-0.213143
-0.000216
-0.442535
0.061155
-0.285512
-0.031848
-0.015742
-0.060954
0.194997
0.018588
-0.328027
-0.229991
-0.456074
0.220072
-0.199184
-0.167923
-0.142921
-0.351552
-0.269968
-0.187602
0.070029
-0.188818
-0.027088
-0.187123
-0.071825
-0.022055
-0.023571
0.191806
0.207918
-0.112531
-0.283778
0.080676
-0.384637
-0.112661
-0.225821
-0.055137
-0.284458
-0.050874
0.096208
-0.206787
0.006129
-0.053226
0.065842
-0.079042
-0.142085
0.159583
-0.205252
0.054770
0.179990
0.190196
0.009036
0.303716
-0.075923
0.246969
-0.017178
-0.369870
0.183143
-0.027225
-0.374642
0.040704
0.138728
-0.133935
0.066029
-0.161614
-0.215482
0.366773
-0.030015
0.229465
-0.020820
-0.081065
-0.176893
-0.076033
0.432540
-0.368466
0.159137
-0.027363
0.399223
0.255190
-0.198994
-0.107021
-0.035637
-0.056835
0.134093
0.297187
-0.235324
-0.087981
0.220709
-0.206132
0.003303
0.044338
0.001503
0.176698
0.204589
0.146221
-0.028640
-0.142885
0.211033
0.441976
-0.034053
0.211457
0.208270
-0.169653
-0.130418
0.164280
0.058395
0.130722
0.062626
-0.641637
-0.090787
0.221512
-0.035366
0.323937
0.138664
0.430273
0.027905
-0.083402
-0.030865
0.432584
0.048372
0.058044
-0.339036
0.550838
-0.096471
0.540310
0.388086
-0.588409
0.153556
0.004088
0.020911
-0.032991
0.099896
-0.913188
0.034227
-0.172239
0.043401
-0.007005
0.249235
-0.330066
0.047839
-0.217269
0.118020
-0.228041
0.169324
-0.020310
0.073360
0.003860
0.163574
0.138739
0.116560
0.286299
0.375837
-0.397955
-0.057330
0.075763
0.770933
-0.211848
-0.046901
0.299812
-0.040416
-0.143718
0.075943
0.260728
0.175068
0.041593
0.277046
0.332273
-0.006405
0.009296
0.091679
0.032538
0.121628
-0.153547
0.538656
-0.227347
0.321342
0.004073
-0.237703
-0.052206
-0.097776
-0.042798
-0.196989
-0.108967
0.070485
0.034132
-0.087518
1.124124
0.078429
0.391852
0.489468
0.212554
0.250098
0.191475
0.166960
-0.036737
0.034253
-0.128515
-0.028582
-0.369173
0.034516
-0.167511
0.037219
-0.320372
0.070296
-0.183061
0.429982
-0.240132
-0.212038
0.020477
-0.122429
-0.039527
-0.134628
0.191778
0.027699
-0.026724
-0.200283
-0.019714
0.302916
-0.092057
-0.015427
-0.060387
-0.210971
-0.569028
-0.049173
-0.010375
0.041148
0.234112
-0.375545
0.098862
-0.148388
-0.034135
-0.011829
0.374368
-0.075427
0.214584
0.106458
0.168512
0.230239
-0.102963
0.180204
-0.448312
-0.571993
-0.104147
-0.179379
-0.061854
0.430812
0.095477
-0.318462
0.055555
0.139338
-0.394400
-0.218037
-0.680373
-0.023180
-0.138302
-0.180002
-0.376035
-0.028247
0.209934
0.186007
-0.152580
-0.063478
-0.690626
-0.019940
0.716468
-0.254948
0.400455
-0.172685
-0.228609
-0.202690
-0.108289
-0.091856
-0.330496
-0.036219
0.567606
0.004237
-0.019543
-0.533893
0.326922
0.071087
0.217394
-0.118821
-0.194067
0.321624
0.254003
0.010752
-0.376018
-0.282540
-0.269749
0.208207
-0.039345
-0.107765
-0.613407
-0.038147
-0.414616
0.557355
0.086227
-0.143164
0.422304
-0.298171
-0.240990
0.171551
0.539982
0.021298
0.065147
-0.023920
-0.168903
0.097275
0.061827
0.120573
0.077580
0.048170
0.141811
-0.211772
-0.066528
-0.155831
0.292052
0.252522
0.265661
-0.122239
0.132474
-0.010508
0.171986
-0.041841
0.103702
0.189053
0.501315
-0.100376
0.215939
0.037523
-0.509323
-0.079715
0.356300
-0.138576
0.018394
-0.130976
-0.081965
-0.024453
0.540682
0.201536
-0.314993
0.060049
0.204574
0.244325
0.170600
-0.057044
-0.038783
0.210967
-0.013733
-0.026965
-0.113259
-0.151681
-0.181135
-0.344357
-0.166653
-0.218249
0.237662
-0.258643
0.228987
-0.030438
0.624204
-0.180129
-0.157149
-0.134075
0.099488
0.000087
-0.038985
0.072687
-0.166238
-0.198722
0.807755
0.264765
-0.029569
-0.157216
0.347807
0.554467
0.522100
-0.021703
0.035343
0.035240
-0.318812
0.098590
-0.140629
0.118698
0.282209
0.074515
-0.128141
0.304422
0.052154
-0.177470
-0.745426
0.379120
0.010291
0.443732
0.123748
-0.486700
-0.081517
-0.002363
0.156563
0.057092
-0.457060
-0.127858
-0.448514
-0.174699
-0.155011
-0.255577
0.089631
-0.054065
-0.777834
-0.185143
-0.075331
0.073737
-0.025187
0.044943
-0.061362
0.239719
0.257899
-0.098537
-0.180696
0.180165
-0.021089
0.247652
0.204930
0.251126
-0.208610
-0.096301
0.091534
-0.435998
0.244053
-0.000828
-0.181832
0.063958
-0.071321
0.177353
0.534042
0.435968
-0.115522
-0.093474
0.491426
-0.104989
-0.187583
0.137083
0.027586
0.301511
0.112263
-0.214529
0.313906
0.099075
-0.002908
0.046273
0.039396
0.075748
-0.134170
-0.255018
-0.039207
-0.403910
-0.783277
-0.014739
0.236826
0.157461
-0.712895
-0.361239
-0.467085
-0.061719
0.139598
0.161305
0.360463
0.352985
0.139471
-0.012925
-0.123093
0.079490
0.195157
0.501560
0.390725
0.089398
-0.060453
-0.114045
0.090300
0.277145
0.096195
-0.152033
0.337497
-0.291523
-0.062680
-0.558391
0.115981
-0.000558
0.023051
-0.619052
0.068099
-0.158207
-0.176910
0.050823
0.084154
0.181390
-0.001920
-0.192960
0.291942
0.534577
0.028190
-0.102627
-0.140514
-0.131533
0.123677
0.165099
0.068343
-0.261044
-0.452652
-0.117635
-0.075474
-0.002897
-0.018348
-0.268815
-0.114364
-0.312251
-0.216892
-0.025698
-0.188028
-0.567527
0.363901
0.065178
-0.311339
0.220512
-0.806516
-0.274872
0.348216
0.338792
-0.192653
-0.080445
0.175610
-0.533702
0.033720
0.763462
-0.070184
-0.053361
0.091392
-0.113961
0.109913
-0.390149
0.277388
-0.307907
0.062081
-0.087631
0.241346
0.777585
-0.454873
-0.090099
0.071592
-0.430536
0.131896
-0.241059
-0.467108
0.030317
0.112143
0.005723
-0.005851
-0.177913
0.093180
-0.107539
1.070436
-0.093246
0.126887
-0.218253
0.079373
-0.305161
0.197713
-0.032474
-0.214844
0.092746
-0.116416
-0.007957
0.135312
-0.106860
-0.088508
0.176507
-0.089249
0.050345
-0.175812
0.101042
-0.221558
0.017611
0.327877
0.096668
0.167402
0.247045
0.172389
-0.138443
0.131443
0.050716
0.021679
0.035234
-0.110817
0.013952
0.285809
-0.045070
0.182119
-0.538859
0.063936
0.309264
-0.142693
0.082375
0.010804
-0.698026
0.097224
-0.227080
-0.242441
0.125170
0.128249
-0.130690
-0.140210
-0.308596
-0.079424
-0.306983
0.325191
-0.101875
-0.237889
0.135839
0.004603
-0.005830
-0.053614
-0.083038
-0.421645
-0.143489
-0.098798
-0.318295
0.562513
0.491262
0.415859
0.001564
0.129654
-0.068207
-0.527309
-0.045186
-0.240550
-0.157041
-0.002088
-0.198120
-0.172454
-0.205975
-0.264670
0.065036
-0.382364
-0.258047
-0.132552
-0.425275
0.303109
0.140481
0.123433
-0.168490
0.193514
0.597130
0.077870
0.138669
0.006798
0.237490
-0.060174
-0.539448
-0.320454
0.216394
-0.185318
-0.276393
-0.007237
-0.297024
0.021017
-0.173378
-0.052242
0.233796
0.000490
-0.159963
0.169051
-0.274303
-0.123598
0.031012
0.023882
-0.093274
0.032539
0.085822
0.005450
-0.241590
0.011254
0.269464
-0.248825
0.154233
0.025819
0.235693
-0.270159
0.250661
-0.034633
0.386479
-0.016736
-0.158367
0.099353
0.432715
-0.388024
0.122958
0.005663
0.066135
0.202030
-0.009890
0.288248
0.213881
0.392923
0.061477
0.054547
-0.331728
-0.256802
-0.257123
0.015148
0.178918
-0.264159
-0.076621
-0.026393
-0.052198
0.028935
-0.032398
-0.001394
0.219220
0.081859
0.054991
0.296883
-0.119125
-0.347809
0.180496
0.180670
0.032722
0.117636
-0.054008
0.146981
0.196932
0.035280
0.251066
-0.265264
0.154763
0.212071
0.105821
0.050452
0.081841
-0.045989
0.159325
0.064080
-0.248382
0.138501
-0.158768
0.003904
-0.124119
-0.228807
-0.039637
0.301210
-0.035882
-0.215053
0.307223
0.204485
0.105428
0.082241
0.157294
-0.147586
-0.095771
-0.032940
-0.080281
0.196252
0.171312
-0.060040
0.101332
-0.026456
0.112518
0.631975
-0.078023
-0.089691
-0.229365
-0.030068
0.132626
-0.241608
-0.012417
-0.094412
0.109878
-0.043469
0.256273
-0.154798
0.341580
-0.230231
-0.487588
0.074702
-0.119374
-0.210400
0.538074
-0.046919
-0.175523
0.090750
-0.333414
0.076769
-0.007326
0.217235
-0.051695
-0.056295
-0.166639
-0.082227
-0.359404
0.396478
0.009774
-0.149512
-0.185873
-0.247707
-0.139581
0.171589
0.193592
0.070967
-0.323593
-0.001699
-0.136016
0.090770
0.162299
-0.045708
-0.059894
0.024679
0.207807
0.227579
0.072633
-0.006433
0.119633
0.098435
0.424546
0.572571
0.200559
0.568483
0.032567
0.121416
-0.003240
0.064549
-0.261143
0.348494
-0.546312
-0.093497
0.125675
0.460760
0.473600
0.280435
0.597245
0.108990
0.106902
0.208269
0.201919
-0.144724
0.630660
-0.009832
0.839050
0.320268
0.529690
-0.168208
0.322535
0.125642
0.099263
0.102364
-0.058038
-0.055968
0.305684
-0.118078
0.229994
0.130667
0.278470
-0.225084
0.357148
0.123744
0.349446
-0.378093
0.082161
-0.051433
0.164845
0.028923
-0.030448
0.021473
0.397448
0.098522
0.131385
0.008161
0.109185
-0.318473
-0.173189
0.102957
-0.079486
-0.278199
-0.083315
-0.046671
0.438319
0.169865
0.082397
-0.035724
0.045266
-0.337383
-0.142034
-0.005964
-0.085793
0.114909
-0.414851
0.164661
-0.349780
0.215438
-0.040495
0.233089
-0.115091
0.148880
-0.164818
-0.108040
-0.367484
0.277743
0.281640
-0.076816
-0.031557
-0.023025
0.267853
-0.290012
-0.190722
-0.064687
0.000008
-0.181892
-0.147246
-0.021608
-0.195482
-0.138019
-0.303427
0.054068
0.154235
0.137842
0.531908
-0.224233
-0.158757
0.061703
0.350485
0.445619
0.167124
-0.149437
0.158226
0.020093
0.061874
-0.097075
0.359105
-0.141475
0.118924
0.276163
-0.745274
0.036514
-0.028638
-0.153196
-0.007128
-0.201727
0.064950
-0.293755
-0.294801
-0.048693
0.361832
0.284534
-0.027317
0.040142
0.260202
0.049418
-0.007417
0.235479
-0.001793
-0.199375
-0.033065
0.364790
-0.012004
-0.487622
0.172457
-0.444492
-0.320712
0.047378
-0.154748
-0.418303
-0.192406
0.451255
0.312243
-0.198660
-0.085938
-0.022307
0.174440
0.106362
-0.249848
0.197799
-0.325228
0.546476
-0.145944
-0.162459
-0.485705
0.007475
0.516575
-0.031232
-0.243705
0.010140
0.283627
-0.180443
0.023101
-0.133856
-0.177969
0.215866
0.654286
0.076596
0.459703
0.016267
0.086152
-0.353033
-0.046470
0.119376
0.092118
0.168478
-0.354827
0.017760
0.104481
0.080335
0.189269
0.218855
0.250043
0.105101
-0.037747
-0.296228
0.333871
0.540243
0.102454
-0.005671
-0.002821
-0.364744
0.187492
0.324724
0.023267
0.051730
0.314694
0.072853
0.001568
0.335787
0.364300
0.023915
0.282914
0.253212
-0.116170
0.276436
-0.488426
-0.124102
0.222094
-0.255766
-0.223585
0.121477
-0.088076
-0.144478
0.025143
0.029012
0.402962
0.123354
0.101899
0.436468
0.091495
0.138300
-0.227831
-0.031555
-0.100554
-0.026839
0.217109
-0.201215
0.026131
0.254362
0.003718
-0.186310
-0.155262
0.136562
-0.177074
-0.565935
-0.020530
-0.109532
0.108292
0.059019
0.173362
-0.182025
-0.101337
-0.336309
0.330526
0.115401
-0.399551
-0.296151
-0.137351
0.000176
0.129824
-0.263801
-0.042248
-0.766234
0.001863
0.121382
0.587316
-0.250048
-0.257191
0.321497
0.243102
-0.459411
0.218550
-0.087893
-0.104111
0.672015
0.226161
0.407254
-0.196249
-0.063300
-0.231228
0.089025
0.083794
0.349966
0.245552
0.183399
-0.071671
-0.360717
0.142733
-0.201192
-0.004370
-0.172172
-0.137456
0.127881
-0.211345
-0.001781
0.201809
0.041316
-0.196908
-0.366243
0.352990
-0.154223
0.153210
0.450842
-0.148996
-0.008079
-0.071568
0.147400
0.048037
0.163538
0.087887
-0.081152
-0.320334
-0.229460
-0.068968
-0.355755
-0.080722
0.043183
0.357874
0.544561
0.253099
0.030317
-0.184342
-0.192962
0.170261
-0.185823
-1.133612
0.238174
-0.320545
0.168842
0.151952
0.030068
0.074010
0.022780
-0.177936
0.264425
0.117670
-0.503677
0.756190
0.056228
-0.267321
0.265685
0.156739
0.200636
-0.003046
0.115990
0.166669
0.065174
-0.039858
-0.272461
-0.092510
-0.026777
-0.202601
-0.204236
0.086807
0.256746
0.403277
-0.364381
-0.420121
0.114828
-0.170901
0.254122
0.363620
0.267018
0.041583
0.095708
0.671628
-0.141006
-0.102088
0.121207
0.221171
-0.074482
0.185032
-0.065352
-0.019971
-0.172945
0.093160
0.301674
0.584518
0.149611
-0.033441
-0.012781
0.288850
0.078303
0.114641
0.468704
0.167633
-0.263032
0.033362
-0.058427
-0.191557
0.063020
-0.144241
-0.091731
-0.120492
0.295258
0.316657
0.422189
-0.225547
-0.239923
-0.257254
0.178392
-0.354756
0.105324
0.341168
-0.141346
-0.151972
0.116206
0.276811
-0.202228
0.206635
-0.420461
-0.347561
-0.833862
0.241161
-0.195843
-0.009640
0.312637
-0.284507
0.001789
-0.213770
0.134854
0.002069
0.102203
-0.105513
0.274224
-0.002718
-0.057854
0.479371
-0.511495
-0.317866
-0.879664
0.270052
0.486544
0.212943
0.463139
-0.053886
-0.472614
0.279253
-0.426993
-0.194543
0.022091
0.042276
-0.181566
-0.040024
-0.081623
-0.086291
0.011949
0.318913
0.017084
-0.051190
0.281350
-0.467096
-0.065393
-0.096546
-0.228081
0.092380
0.057665
-0.166127
0.007357
0.006167
0.157693
-0.370040
-0.071771
0.063422
-0.281358
-0.221603
0.063501
-0.345602
0.266132
-0.333578
0.253723
0.144500
0.200877
0.051515
-0.094615
-0.081751
0.249644
0.193583
-0.248894
0.231706
-0.106530
0.010560
-0.324885
0.041799
0.009733
0.175751
0.019532
-0.134668
0.143861
-0.604067
-0.083112
0.223745
0.158899
-0.145871
-0.045994
0.041759
0.053381
0.130704
-0.115053
-0.010134
0.019979
-0.059230
0.322110
0.119687
-0.086136
0.065183
0.108947
0.244298
-0.242904
-0.014467
-0.190863
0.202879
0.023058
-0.004542
-0.017112
-0.114783
0.045613
0.061308
0.030897
0.059197
0.017568
-0.213511
-0.085977
0.003646
0.316456
-0.071621
0.207078
-0.062425
-0.027048
-0.132626
0.028968
-0.043248
0.121564
-0.445653
-0.277050
0.185329
-0.438182
-0.071159
0.197783
-0.069923
0.123528
0.049957
-0.077949
-0.218427
-0.010072
0.267421
0.039427
0.783697
0.071528
-0.008935
-0.020596
0.206681
0.144892
-0.293893
-0.288853
0.084959
0.230653
1.036593
0.006025
-0.008941
0.043114
-0.546648
0.220162
-0.035997
-0.136759
-0.028961
-0.354826
0.105838
0.022820
0.313696
0.272966
-0.528863
-0.078944
0.187249
0.129630
-0.355141
0.196380
0.195775
-0.108158
-0.063184
0.008104
0.071523
-0.035100
-0.135107
0.188799
0.228080
0.008573
-0.341564
-0.250966
-0.237512
-0.328239
0.049542
-0.047736
0.138482
0.083576
-0.178565
-0.344188
-0.073339
-0.106961
0.025960
-0.145253
-0.051787
0.094110
-0.012969
-0.069177
-0.041812
-0.419513
-0.061741
0.116672
-0.024346
0.297156
-0.030049
-0.403133
0.162397
0.047304
0.082156
0.152438
-0.165269
0.112260
-0.090136
-0.207336
0.008200
0.031355
0.355677
-0.395220
0.220304
-0.025935
-0.000773
0.042585
-0.075558
0.025702
0.128538
-0.113032
-0.223709
0.022317
-0.233909
-0.097112
-0.006233
-0.227599
0.326922
0.179247
-0.033896
0.054807
-0.002294
-0.050460
0.165723
0.221961
-0.235481
0.161519
-0.004005
0.046417
0.197081
0.008473
0.198649
-0.061990
0.234647
-0.097757
0.138038
0.066031
-0.138986
-0.014878
-0.140784
0.308441
0.293609
-0.168351
-0.383747
-0.329224
-0.176075
-0.268709
0.034030
0.013108
0.639123
0.151407
-0.028598
-0.178246
-0.056585
0.065052
0.399842
-0.206823
0.265946
0.638856
0.177454
-0.600674
-0.120528
-0.046613
-0.005312
-0.311632
0.226913
0.418791
-0.921023
-0.129242
-0.303285
0.096640
-0.050857
0.116596
-0.177441
-0.264304
-0.044937
0.101171
-0.050375
0.149570
0.141428
-0.272404
-0.141165
-0.306317
0.000947
-0.340400
0.087490
-0.014063
-0.025014
-0.006760
0.312673
-0.235677
-0.178865
0.096748
-0.115691
-0.125313
-0.115118
-0.022335
-0.011413
0.065140
-0.202479
-0.091201
-0.307255
-0.188317
0.073957
0.416554
-0.149159
-0.224210
0.357925
0.100572
0.066841
-0.100724
-0.129181
0.230136
0.352276
-0.081566
-0.047730
-0.031265
-0.060079
0.242712
0.343602
0.396894
0.534274
-0.097578
0.489417
0.010909
0.213257
-0.024527
0.036828
-0.366292
-0.006990
-0.328341
-0.019950
-0.226665
-0.452905
0.050429
0.115216
-0.246412
-0.068122
0.602589
-0.119682
0.116059
0.157134
0.057936
0.003826
0.150184
0.062402
-0.114500
-0.082696
-0.108390
0.006638
0.183030
-0.268353
-0.069735
0.351611
0.298860
0.176196
-0.043743
0.069594
-0.114208
0.356316
-0.073667
0.395984
0.533004
0.249842
0.123350
0.003422
-0.388846
0.391699
0.330814
0.023890
-0.007265
-0.335976
0.056160
0.054052
-0.481600
0.062575
0.153172
-0.197806
-0.216981
0.005947
0.398542
-0.220421
-0.047010
-0.412390
0.068728
0.451138
0.154582
0.441504
0.115088
-0.868018
-0.034690
-0.191110
0.051375
0.085083
0.443577
-0.114323
-0.300949
-0.156084
-0.151020
0.248477
0.203666
0.012740
0.223371
-0.119589
0.035055
0.016077
-0.198986
0.064175
0.023070
-0.178132
0.034433
0.064742
-0.246303
0.404976
0.199553
0.099519
0.359355
-0.068830
0.043652
0.148803
-0.123549
-0.026514
0.126576
0.277015
0.124487
0.199272
-0.190359
0.590655
0.526915
0.301304
0.315013
-0.117972
-0.936935
0.066540
0.264657
0.103463
0.169693
0.530329
0.027990
0.085152
-0.145491
-0.196793
-0.330396
-0.310153
-0.028443
0.243243
0.217732
0.330117
-0.047321
-0.115192
0.206280
-0.028733
0.338329
-0.110109
0.189425
0.154781
-0.410908
0.151597
0.165286
0.726246
0.303016
-0.042904
-0.205894
-0.406907
-0.298340
-0.035674
0.153279
0.025621
0.458179
0.237674
-0.342343
-0.488455
0.184230
0.100908
0.366755
0.058005
0.580033
-0.321991
-0.412601
-0.078703
-0.071037
-0.259291
0.237783
-0.214008
-0.098847
-0.188613
0.065182
-0.080646
0.040814
-0.307581
0.193393
-0.375394
0.101927
-0.278837
-0.006120
-0.409685
-0.027692
-0.095026
0.172348
0.121302
0.493690
0.068698
0.716941
0.300992
0.131229
-0.419177
0.107751
0.281076
0.084083
0.276385
-0.077201
0.204724
0.161394
-0.024653
0.194264
0.102932
0.448549
0.220212
-0.177956
-0.109635
0.137466
-0.071941
0.045211
-0.050872
0.141743
-0.061255
0.056657
-0.133021
-0.006608
-0.054078
0.095298
-0.282231
0.322783
0.179469
0.334706
0.155064
0.010254
-0.244728
-0.425791
-0.030999
0.182082
0.083157
-0.279283
0.254636
0.278580
-0.304439
-0.182480
0.197214
-0.155470
-0.193166
0.076769
0.117017
-0.034687
-0.305057
-0.148899
0.378963
0.004147
0.499233
-0.017041
-0.087154
0.143202
-0.108854
-0.510207
-0.385334
-0.171015
-0.018584
0.264036
0.243379
0.027761
0.168034
0.242280
0.376486
0.069973
0.011913
0.016255
0.776319
0.190273
0.113205
-0.191890
0.132630
-0.215419
-0.282139
-0.163495
0.435727
-0.406674
-0.194747
0.174034
0.165148
0.114212
-0.003828
-0.022678
-0.166228
0.209768
0.453001
0.309721
0.548244
0.296881
0.175001
0.182644
-0.150737
-0.292081
-0.028096
-0.190401
-0.002551
0.149782
-0.367329
-0.229972
-0.171487
-0.074726
-0.098141
-0.167438
-0.067355
-0.030280
0.232210
-0.024945
-0.112546
-0.065172
-0.017074
-0.127418
-0.065882
0.017781
0.268762
0.368655
0.021272
0.253811
-0.031519
-0.078686
0.211082
-0.047535
-0.033521
-0.028787
0.091144
0.048801
-0.253358
0.118769
0.112189
-0.028309
-0.342447
0.336836
-0.405630
-0.184539
0.063642
0.092382
0.036238
0.048880
-0.244059
-0.402071
-0.277723
0.210456
-0.007674
-0.129900
0.051806
-0.025691
-0.326303
-0.277151
-0.480245
-0.230949
-0.336706
0.054393
0.231263
-0.144863
0.171452
-0.060124
-0.286583
0.656636
0.134792
0.169421
-0.056024
0.176592
0.754834
0.582537
0.148672
0.047460
0.028566
-0.034280
0.251617
-0.313679
-0.251126
-0.038677
0.043037
0.089009
0.158901
0.138123
-0.149196
-0.116300
-0.112539
-0.032355
-0.316095
-0.110249
0.250906
0.045344
0.188992
0.148154
0.037915
0.038814
0.420665
-0.276074
-0.255182
-0.114821
-0.110744
-0.260378
0.119161
0.031908
-0.261953
-0.668447
-0.112753
0.044839
0.098214
0.069132
0.050277
-0.660861
0.268524
-0.491720
-0.163481
-0.168405
-0.200553
0.135213
-0.749125
-0.217168
-0.254346
0.037759
0.174679
-0.238460
0.302325
-0.123253
-0.553694
0.352677
0.392806
-0.425553
0.014337
0.115466
0.298798
0.281569
0.149965
0.032185
-0.027921
-0.021925
0.028507
1.049639
0.164480
0.248759
-0.049262
-0.068164
-0.040714
-0.027787
-0.094183
0.237886
0.096164
0.293742
-0.109492
-0.222329
0.174409
-0.084889
0.381531
-0.222221
0.126542
0.096198
0.040199
0.077903
-0.119926
-0.226852
-0.246067
0.139701
0.010562
-0.351415
0.101591
0.114154
-0.344138
-0.171754
0.017405
-0.173726
-0.559002
-0.326192
0.120949
-0.190303
0.090289
0.117781
0.049139
0.247237
-0.090823
-0.313016
0.029113
-0.308895
-0.233043
0.099396
-0.117717
-0.003366
-0.355089
-0.092022
-0.256701
-0.110668
-0.226177
0.058553
0.027995
-0.347296
0.077405
0.128215
-0.043319
-0.044624
-0.002498
-0.279781
0.031249
-0.100365
0.337721
0.418096
-0.092104
0.056579
-0.053717
0.158334
-0.103311
0.464491
-0.321164
-0.178242
-0.248113
-0.183463
-0.131979
0.050642
-0.111314
-0.474391
0.539710
-0.575597
-0.025992
-0.085065
0.057125
0.458778
-0.096924
0.118099
0.006956
0.351502
0.019325
0.038633
-0.175860
-0.032500
-0.025010
-0.234346
0.045215
-0.037774
0.178794
-0.370115
0.193258
0.241280
-0.109003
0.221629
0.788698
-0.283294
0.180772
0.851326
-0.110988
0.079337
-0.073914
0.288907
0.106834
-0.480890
0.473505
0.369130
-0.102989
-0.740430
0.227157
0.270650
-0.003537
0.062791
0.222222
0.010034
0.259611
0.277656
0.353893
-0.043858
-0.112918
-0.032811
0.209998
0.317140
0.088331
-0.000336
0.012760
0.031423
-0.182103
-0.312537
-0.070010
-0.092760
-0.162302
-0.500227
0.062591
-0.092885
-0.200050
-0.022807
0.298915
0.265600
0.220048
0.019884
-0.335117
-0.030320
-0.304661
0.104915
0.016830
-0.152149
-0.074680
0.386173
-0.220576
-0.223044
0.300252
0.051858
0.005579
-0.350557
0.245195
-0.055870
0.281031
0.039672
0.100045
0.189873
0.014647
0.281880
0.167330
-0.120770
-0.089051
-0.021441
0.332006
0.401794
0.086978
0.162977
0.008556
-0.713720
-0.287747
-0.184041
0.047411
0.117467
-0.349688
0.063041
0.055340
0.113548
0.141568
-0.114914
0.246679
0.015689
0.124035
0.161275
0.077423
-0.180946
-0.413019
0.301565
-0.085896
-0.109196
0.132659
-0.103704
-0.423143
-0.236720
-0.010253
-0.066366
0.641204
0.547027
0.152196
0.038678
0.029184
0.060999
0.653354
0.158635
0.024668
-0.243524
0.420693
0.307811
0.336161
0.363441
0.167236
-0.028093
0.120657
0.090794
0.236140
-0.475036
-0.493263
-0.667724
-0.117241
0.058292
-0.501922
0.079698
-0.941809
-0.158322
0.404716
-0.106674
-0.169138
-0.011857
0.095365
-0.048089
-0.166090
0.298815
-0.209540
0.158720
-0.223543
-0.364953
-0.468788
-0.107111
0.382537
0.453946
0.585036
0.458418
0.542662
0.097902
-0.023659
0.045939
0.324343
0.047562
0.169933
-0.180727
-0.027021
0.093412
0.086803
-0.001388
-0.152277
-0.051861
-0.150115
-0.027049
-0.492543
-0.274836
0.048701
-0.215188
-0.101370
0.112371
-0.011525
0.127390
0.031705
-0.128465
0.094100
0.048718
0.051207
-0.100352
0.072374
0.037699
-0.204873
-0.088107
0.437908
0.422538
0.030103
0.691900
0.627591
-0.262840
0.545801
-0.306529
-0.119239
0.063019
-0.017325
0.499998
-0.401830
-0.022630
0.024354
-0.448896
-0.147146
0.678960
-0.057954
0.040615
-0.286063
-0.579459
-0.004298
-0.235110
0.095536
-0.123355
-0.263945
-0.137484
0.119949
-0.252426
-0.261488
0.203258
0.009246
-0.068302
0.083601
-0.032929
0.228402
0.110672
0.120739
-0.086515
0.144054
0.026521
0.218346
0.111731
0.368590
0.068836
0.139841
0.090485
-0.117902
0.068088
0.043396
0.237310
-0.187346
0.005926
-0.032891
0.032633
0.068817
-0.033750
0.503881
0.033542
0.013612
0.280439
-0.104019
-0.289138
0.119289
0.035430
-0.117293
-0.244600
-0.213448
-0.155086
-0.376154
-0.181190
-0.141575
0.250027
-0.124743
-0.224446
-0.301363
-0.301604
-0.249958
-0.062516
0.109722
0.204766
-0.217106
-0.018781
0.033041
0.189308
0.263712
0.120930
-0.086202
0.167201
0.082684
-0.171596
0.102585
-0.491262
-0.039755
-0.307856
0.288799
-0.235988
-0.223327
0.087358
-0.104838
-0.363969
0.055332
0.089654
0.315127
0.155990
-0.185625
-0.168575
0.153964
-0.538627
0.510625
0.131407
0.007583
0.134335
-0.191211
-0.100580
0.267837
-0.023010
-0.149072
-0.093876
0.039329
0.058029
0.311810
0.256759
-0.115504
-0.160476
-0.089674
0.083376
-0.185960
-0.200827
-0.122183
-0.570964
-0.409628
0.073740
0.684587
-0.060015
0.135704
0.134472
0.439964
-0.194415
-0.016657
0.201313
-0.217908
0.229676
0.050167
-0.298139
0.248226
0.354885
-0.048262
0.158054
0.062211
0.097460
0.135840
-0.499557
-0.177710
-0.210080
-0.128150
0.352581
0.357637
0.144128
-0.137118
0.291952
-0.182497
0.271072
-0.143496
0.342231
0.012164
-0.107901
-0.150128
-0.149023
-0.169267
-0.271703
-0.089914
-0.038221
0.185485
0.306069
-0.181335
0.118776
0.110152
0.013977
0.605367
0.028936
0.068513
-0.081958
0.086564
0.077485
-0.050119
0.033438
-0.032734
0.006984
0.028079
0.708701
0.250233
0.027789
-0.336488
0.133579
0.129749
-0.215309
0.128247
-0.045645
0.180869
-0.002651
0.199924
-0.283113
-0.053566
-0.331019
-0.183789
-0.167208
0.160308
-0.220328
-0.488938
-0.093902
0.002010
-0.034585
-0.014970
0.188282
0.335540
0.069929
0.143136
0.108460
-0.018770
0.077352
-0.168484
0.127100
-0.509157
0.279638
-0.197587
0.170259
0.112846
-0.519778
0.272101
0.076315
0.204305
-0.096287
-0.308505
-0.169453
-0.186766
0.119475
0.076037
-0.445545
-0.498304
-0.187254
0.016684
0.307946
0.077046
0.156902
-0.356926
0.001729
-0.212438
0.006708
0.324370
0.175607
0.103086
-0.228982
-0.090090
0.057406
-0.099385
-0.210969
-0.062059
-0.234045
-0.087905
0.087943
0.208730
0.118133
0.741268
0.021436
-0.175151
-0.334249
-0.351242
-0.410169
-0.116267
-0.429372
0.310578
-0.217930
0.268013
-0.172111
0.013641
-0.253227
0.325908
0.369371
0.232801
0.316810
0.067931
-0.117165
-0.064385
-0.182129
0.220775
0.024332
0.425887
0.112047
-0.145011
0.570622
-0.206230
0.132978
-0.159324
-0.015086
-0.192894
-0.118887
0.500970
-0.154049
-0.475973
0.708272
-0.524117
