0.046312
0.411207
-0.159619
-1.515616
-3.262817
-1.888287
-0.411550
0.572675
0.000000
0.964821
0.000000
2.071509
0.058406
0.621468
0.186715
-6.285778
0.000000
0.000000
0.862715
-0.169030
-1.444588
1.916390
0.055099
0.589562
0.608302
0.102274
0.696251
-9.079693
-4.449136
0.020288
-0.764409
-0.893050
0.000000
0.260230
1.089957
-0.921084
0.886751
2.506523
-0.062699
-0.013628
5.813439
0.295422
-1.784328
-1.521857
0.000000
0.000000
0.000000
0.357831
0.000000
0.253168
-2.307019
1.036571
1.016153
0.000000
-3.773335
1.872982
0.000000
2.700099
0.000000
0.000000
0.000000
0.000000
0.000000
0.000000
0.000000
0.000000
0.000000
-0.423819
-4.207049
-2.762922
-7.074700
0.389092
0.664466
-2.005649
3.361301
1.612936
-9.133189
0.000000
1.274131
0.000000
-0.199944
0.000000
0.329877
0.000000
-0.677957
6.289862
-0.474907
-8.901988
2.808418
-0.280589
0.000000
0.000000
0.000000
-2.939567
-0.006065
-0.947765
0.060588
3.760466
-2.155443
0.000000
0.000000
0.477099
1.190485
4.262041
0.000000
0.581548
0.628883
2.206467
-0.421154
0.643878
0.336714
1.637761
0.000000
0.000000
0.000000
-0.195252
0.000000
0.870191
0.093652
0.078965
-0.566258
2.347473
-0.005267
-0.474456
0.337804
-8.304063
3.832675
0.000000
-0.525031
4.059432
-0.046739
0.412343
0.000000
-1.931700
-1.868692
0.000000
0.034327
1.441140
-0.044978
0.248173
0.805248
-0.344273
3.396642
-1.619528
7.601655
0.000000
-0.994315
4.282791
-3.075448
0.000000
-0.274246
3.987244
1.683207
-8.218786
0.000000
1.768134
0.000000
-2.685885
1.040254
0.000000
0.000000
0.000000
5.626218
3.834975
0.000000
-3.215053
-0.175097
0.000000
-4.600929
-0.296077
-0.677647
1.102078
-0.929713
-5.309660
1.161558
-0.917130
-0.924017
-0.065563
-1.343814
0.245336
-0.351467
0.922475
0.272478
0.000000
0.000000
0.000000
0.603526
-2.506959
-0.707433
0.360039
-2.308754
1.775444
0.000000
0.000000
0.000000
0.000000
0.000000
0.000000
0.000000
0.000000
0.000000
0.000000
0.000000
0.000000
0.152064
6.791640
0.000000
-0.054340
-7.297006
0.324861
-1.210439
-0.519398
0.256726
0.000000
1.184964
-1.170178
-0.090503
0.201750
-2.254974
0.092041
2.652582
4.692237
1.320943
0.000000
0.000000
4.311924
0.094373
3.971653
-3.131381
0.000000
1.592628
-0.193704
-3.465721
0.232530
-0.386961
0.781589
1.904220
0.812887
0.221853
-0.125136
-0.372469
-0.507650
-0.277866
0.000000
0.000000
0.000000
-6.495245
6.505805
0.279638
0.072408
1.189936
4.995460
-0.227953
-1.021737
2.479235
0.453896
0.000000
0.000000
1.743933
0.000000
0.000000
0.000000
-0.573404
-2.332743
0.000000
0.000000
0.000000
2.764274
-1.278871
3.798877
0.000000
1.565295
-6.564154
2.177590
0.052098
-0.887175
0.000000
-0.690910
0.000000
-4.026036
0.000000
-2.232373
0.000000
1.340072
0.000000
-0.282032
0.000000
0.000000
0.729692
-3.029502
-4.181714
0.000000
0.000000
-11.014185
7.608443
-0.521551
-4.924449
-0.035713
0.000000
0.000000
3.808485
0.690310
0.405216
-5.919824
-0.188461
-2.365071
3.172174
0.000000
-0.487098
0.000000
-0.245315
-1.033361
4.814290
2.075307
0.144780
-0.227626
5.360589
0.009588
-0.333534
-0.407106
0.000000
0.000000
-2.173391
-0.914446
0.000000
1.592150
0.108492
1.001519
0.000000
0.024224
2.650738
-0.245316
0.000000
0.000000
-0.129203
0.000000
-0.356705
-3.020127
-2.480231
0.000000
1.881645
0.112671
1.273106
0.000000
0.928727
-0.762407
0.000000
1.050235
1.441140
-0.444816
0.000000
0.867175
-0.156470
-0.941354
0.627209
2.318871
-0.160929
1.182394
3.732427
0.283916
0.000000
-0.654477
0.000000
-0.710976
-1.396261
1.602741
0.000000
0.816701
0.528042
0.000000
-1.770371
-0.066325
-0.870728
-1.580205
0.837649
-1.388866
0.325096
-2.320391
0.000000
0.000000
0.000000
1.681069
-0.227953
0.000000
-2.969739
0.122013
0.604258
-1.983612
0.000000
0.000000
-0.999309
-0.149598
5.191467
1.725838
0.333730
0.000000
-0.313841
1.310927
0.096789
0.212869
0.820733
0.000000
0.000000
2.652582
-2.791977
0.000000
0.000000
0.000000
0.000000
0.484942
1.117391
-1.343814
0.000000
3.696274
-1.511635
-0.036641
-1.698347
0.000000
0.000000
3.408191
2.420059
-0.062367
0.832950
0.000000
1.572922
-0.618796
0.000000
0.179638
1.191713
-1.339035
-9.808283
-1.915376
0.000000
0.000000
-0.727472
0.000000
0.078574
-0.536415
0.000000
3.821315
0.298815
0.317428
4.642096
0.788550
0.000000
0.000000
0.000000
-0.716991
0.000000
-2.714481
0.412464
-0.660111
-0.380800
-0.842394
0.000000
3.235892
0.520706
5.066157
-0.568413
5.316265
0.000000
-0.182382
-1.895639
0.000000
0.000000
1.588570
-0.083005
-0.653200
0.000000
0.000000
0.000000
1.509595
0.000000
-0.720803
0.730951
-1.051865
4.605137
-1.083781
0.000000
0.256169
0.000000
-8.331961
0.000000
0.797042
0.810469
-1.327158
0.000000
0.000000
0.000000
0.000000
-0.242561
13.426324
0.789055
-3.211280
1.622233
3.186508
1.918959
0.000000
0.301338
1.510748
0.000000
0.080855
-2.112822
0.000000
-3.661022
0.616077
0.547253
2.286423
1.614839
1.980064
0.000000
0.000000
0.000000
0.000000
0.333718
-0.191027
0.000000
1.759569
-1.360816
0.000000
0.000000
1.648397
0.000000
5.320744
0.000000
-0.260993
0.000000
0.000000
0.000000
0.168847
0.000000
0.000000
0.619516
0.946918
0.000000
0.000000
0.000000
0.343129
1.410692
1.012977
-0.843828
-8.455693
0.496036
5.738282
0.000000
-2.825081
0.000000
5.051132
-5.470718
-0.330761
0.000000
0.000000
0.000000
0.000000
0.000000
0.202957
1.046862
0.008755
-0.447832
3.458121
-2.353562
0.762973
0.000000
-4.908146
0.000000
1.341362
0.000000
-0.352669
0.000000
0.000000
-0.015012
2.145391
0.449386
-0.060539
0.711411
-1.628796
-0.102420
0.507643
-2.697724
1.367376
-0.467544
-0.054340
3.777757
0.000000
0.000000
-1.628268
0.000000
0.764961
0.697374
-0.113618
-0.214216
-0.611448
1.945329
0.461250
-2.132512
0.000000
-1.559767
0.864762
-0.413583
1.593044
-4.887417
0.978086
0.641312
-7.700182
-0.127034
0.000000
0.000000
1.245995
-2.147663
0.000000
0.000000
0.130062
-1.404532
0.896560
0.000000
1.966040
0.000000
-0.133431
0.512212
0.000000
0.000000
0.000000
0.000000
-0.569661
1.852560
0.001536
-0.457655
-1.127614
0.000000
-6.718715
0.000157
0.000000
0.000000
0.000000
-1.205666
-0.924615
-1.557043
0.000000
-1.047634
0.000000
0.000000
0.000000
0.000000
-0.337134
2.170871
0.000000
0.000000
5.384231
0.000000
1.582936
0.000000
-0.228147
-2.966462
0.000000
0.000000
-1.654027
0.000000
0.000000
0.000000
0.000000
-2.061328
0.000000
5.115094
0.000000
0.000000
-5.508108
0.086105
0.000000
-0.130516
-0.818109
-19.462122
-0.200105
-0.130649
0.000000
1.027706
0.000000
-5.888678
-0.031925
-0.503910
3.312799
-5.761694
-5.018473
0.000000
0.000000
-1.248220
-6.474815
0.431315
-6.998490
0.000000
0.000000
-2.839019
-5.223822
0.000000
1.809402
-0.308572
0.807420
-1.861356
-4.162030
6.402517
-0.003822
0.106936
3.739058
0.005502
0.000000
0.000000
0.000000
0.000000
0.000000
0.485021
0.000000
0.000000
-3.380500
0.000000
-1.291574
0.000000
0.000000
0.000000
-2.176675
0.000000
0.878956
-2.725971
0.940998
-1.230823
0.000000
2.902536
-0.787239
-0.816294
0.000000
0.896523
0.000000
0.000000
8.567467
2.703620
-0.547266
-2.103308
0.000000
3.843887
0.000000
0.000000
2.485109
0.000000
0.000000
-1.423806
1.168501
-2.917177
0.000000
0.000000
14.316616
0.000000
-0.039544
0.000000
0.000000
7.065291
0.000000
-1.187838
-0.796015
0.000000
3.205490
0.000000
1.137258
1.136301
0.426478
-6.030112
0.000000
0.000000
0.000000
0.000000
1.245995
-0.304249
0.000000
0.000000
3.438090
-10.353963
4.010755
0.922568
2.002813
1.280365
0.000000
2.474281
0.000000
1.799500
-1.932572
0.000000
0.000000
-0.952914
0.000000
1.525822
6.241130
0.000000
0.000000
0.366790
0.000000
-0.139847
0.000000
0.000000
3.450860
-1.412445
-8.106424
-2.934849
0.000000
-0.036641
0.708358
3.590958
0.102429
1.145487
0.000000
0.000000
-0.374520
0.000000
-2.879595
0.000000
1.617654
0.000000
0.000000
-0.999524
0.000000
2.236242
0.746782
-0.506069
0.000000
0.000000
-3.311437
-3.010591
-2.426055
0.000000
-0.950529
0.000000
-1.271077
0.000000
-4.298563
0.000000
2.306664
1.550977
0.000000
1.021875
1.827299
0.000000
-0.509683
0.000000
-0.372068
0.000000
-2.336219
-1.654097
0.000000
0.000000
0.000000
0.000000
0.000000
-0.099793
0.000000
0.000000
0.000000
0.000000
0.000000
0.000000
0.000000
2.433875
3.777157
-3.995196
0.000000
-0.362285
0.580680
-1.792902
0.087805
-1.444122
0.000000
-0.227953
3.231802
3.458889
-0.143251
7.492898
0.000000
-1.384990
1.394582
-2.235250
-1.395058
-0.234301
0.000000
4.475722
2.934194
-4.883848
0.000000
0.000000
0.291932
2.102304
-1.849527
-2.777118
0.598275
1.199035
0.000000
0.000000
0.475175
-0.388870
-1.047641
0.000000
-0.773979
0.000000
0.000000
0.000000
0.000000
0.000000
0.000000
0.000000
0.000000
0.000000
0.000000
2.547774
0.000000
0.000000
-1.558732
0.000000
1.366676
-0.006443
0.000000
0.000000
4.931948
-0.193723
0.000000
0.000000
0.000000
-3.492490
2.324044
-0.090503
3.089823
1.649303
0.000000
0.000000
0.000000
0.000000
0.729692
0.000000
-0.054340
0.000000
-3.460600
-0.116377
0.000000
0.000000
0.000000
-0.257620
0.000000
-0.215187
0.000000
0.000000
9.983602
0.000000
1.280365
-0.893050
0.000000
0.255144
-0.015012
-2.355194
-0.018776
0.000000
-0.171664
-2.664437
0.000000
0.000000
3.401413
-2.995331
3.297742
0.922568
-0.342040
-0.157135
-1.767332
0.000000
0.000000
2.168149
0.670485
6.221446
0.000000
0.000000
2.578737
-0.299043
-0.066054
0.000000
0.000000
0.000000
6.697410
0.559158
0.000000
0.000000
-1.108025
9.739939
0.000000
0.000000
0.000000
-2.536683
0.000000
-2.087725
0.000000
-0.036564
0.000000
-3.197832
0.000000
0.000000
3.280415
-13.415924
4.269394
1.245995
-4.298563
4.737305
0.000000
5.274270
1.269224
0.920498
0.386484
0.960047
0.566588
0.000000
-1.187839
0.000000
0.026359
6.209726
1.039746
-1.444860
0.000000
0.000000
-0.769886
-2.918167
0.000000
4.189491
0.000000
-0.972638
-3.823712
0.000000
-2.106937
4.650506
2.779542
2.277562
0.000000
0.000000
0.000000
-0.311464
-2.535789
-0.882090
-0.326619
0.000000
1.039622
0.659247
0.725307
-0.040519
0.000000
-3.223875
0.989738
-0.534538
0.222650
0.000000
-2.447025
0.000000
-0.834635
-0.747237
0.247233
0.738689
-0.132692
0.000000
-1.239508
0.000000
0.003160
0.000000
-0.165695
0.598576
-1.682381
-4.316172
0.000000
-0.077205
0.000000
0.000000
1.602511
0.443437
1.890005
-2.597376
0.000000
0.968685
-11.721452
0.000000
0.677903
0.224115
1.558640
-0.739643
1.223558
1.526735
0.000000
0.673122
-4.524021
-0.215556
0.000000
-2.021850
-3.793341
0.000000
-0.587445
0.823413
0.309072
0.000000
0.000000
0.914888
-2.741562
0.806592
0.000000
0.000000
0.252070
0.115445
0.488706
-0.933817
0.000000
0.000000
1.688250
0.000000
0.000000
0.000000
0.000000
0.734140
0.000000
0.000000
-0.481872
1.926680
0.000000
0.613954
0.000000
0.000000
0.000000
-0.929298
0.000000
0.922568
-1.316953
0.000000
0.000000
0.000000
-0.278620
0.000000
-4.268280
1.455796
0.220688
0.252070
1.824400
-6.835438
-0.063943
0.000000
-5.068728
0.439676
1.730327
0.000000
-0.783145
0.302655
-1.570296
-1.470161
0.000000
0.000000
-3.381639
-2.161814
-3.411642
0.940184
-0.562631
-0.916259
0.000000
0.000000
2.716397
0.000000
0.000000
-0.396183
-7.929147
0.752914
0.000000
0.000000
0.000000
0.000000
-0.257620
0.000000
0.000000
-1.038803
0.000000
0.000000
0.000000
0.452488
-2.581397
2.506692
0.000000
0.000000
3.618586
-2.431042
1.007660
-0.654101
-0.443316
0.126022
0.000000
-1.259324
0.823907
0.000000
-0.476259
-4.669363
-0.159568
1.153214
-1.865868
0.262513
0.000000
0.000000
0.000000
0.243415
0.000000
-1.625764
-1.493324
-0.557968
0.498476
-2.008922
0.923037
0.000000
-13.967735
-0.647863
0.000000
1.439407
0.456194
-1.205294
-1.755652
3.621826
-0.344414
0.000000
2.761515
0.942000
0.700233
-0.075003
0.895934
-3.746309
-0.541826
1.998847
-1.177742
-3.017298
0.355516
-0.256150
-0.638919
-4.886092
3.438855
-0.673004
0.194265
4.677948
-2.678823
0.000000
2.345076
0.262398
0.870882
0.000000
0.000000
-0.627003
-1.758822
0.000000
2.055971
0.000000
-5.953768
-1.511635
0.000000
0.000000
0.000000
-4.470777
-2.460640
0.000000
0.000000
-0.389295
2.704650
-3.410451
0.000000
0.000000
2.393749
0.000000
-4.960180
-0.270230
0.637976
2.169248
0.000000
-3.204464
0.000000
0.000000
3.566750
0.000000
2.141898
-4.038126
0.000000
0.191117
0.000000
0.029820
0.000000
-8.674373
0.780267
-0.506069
0.000000
0.000000
-2.399541
0.000000
0.601938
2.882529
8.233753
4.197851
-2.107533
0.000000
0.000000
0.000000
0.000000
-0.245413
2.859137
0.118661
1.187381
0.000000
1.680536
0.000000
0.000000
0.000000
-0.434368
2.077462
0.000000
0.000000
0.000000
0.000000
-7.723732
0.000000
-0.348355
0.000000
-3.266520
0.000000
0.000000
-1.123633
0.000000
0.000000
1.033219
0.000000
1.682767
0.000000
0.000000
-0.470054
1.111783
2.886826
-1.470161
2.601429
0.000000
0.522121
1.279410
-1.532645
-6.566009
0.569920
0.000000
-0.378185
0.000000
0.292380
0.230192
0.000000
1.900596
-0.268783
0.000000
0.000000
0.000000
0.000000
0.450222
-0.342040
-0.781609
-4.615739
0.000000
0.000000
-0.199695
0.000000
0.000000
-0.502380
-8.345704
0.000000
0.932716
0.000000
0.000000
0.000000
2.055984
-0.092948
-0.434368
0.000000
3.946232
-0.432974
0.000000
0.675033
0.000000
0.000000
-0.267097
0.627709
1.329977
0.190298
-0.715386
-0.237682
0.291497
1.786793
-0.574410
10.231417
4.085325
0.971809
0.000000
-2.243403
0.390152
0.000000
3.085927
-2.994229
-1.528089
-1.168486
0.000000
2.673141
0.000000
-0.470967
0.266824
-1.100261
-0.520882
1.207770
-2.190502
-1.123633
0.000000
-2.505673
0.000000
-4.392935
0.000000
0.000000
0.206452
0.386749
0.000000
-0.934353
0.002417
-0.933757
2.680365
-1.377092
0.000000
1.177491
0.491448
0.000000
0.000000
-8.301899
2.234552
0.000000
1.435532
0.000000
-1.937851
0.000000
0.000000
0.261967
0.000000
-1.217874
-0.498396
0.000000
0.000000
3.537851
0.000000
-1.614094
0.007827
-1.630553
0.108512
2.342994
2.134960
-0.208825
-0.433969
5.734497
2.323268
-1.725002
-6.358726
1.924018
-5.796176
1.341819
0.000000
-1.128224
8.777629
0.118955
-0.162696
-0.133431
5.705417
5.006968
0.000000
1.681069
-0.930544
0.566966
-0.617119
-0.168500
-1.842405
0.916333
0.249760
-0.941508
-0.237682
4.043039
-0.729951
0.000000
-5.874044
0.672573
0.000000
0.941574
-0.813303
2.592380
0.000000
0.258900
0.000000
-1.129208
-2.318413
-0.066054
0.000000
0.000000
0.000000
0.000000
0.000000
6.312281
-9.026734
-0.874536
-1.727644
-0.802529
-1.464549
-0.070119
0.000000
-1.486157
2.308484
-0.729411
0.185231
0.086786
9.697560
-1.232056
2.767452
1.291486
0.000000
0.000000
-0.020293
-2.874038
-4.323736
0.000000
-2.252650
0.016200
1.262576
0.929484
-0.321701
0.000000
0.000000
-1.699967
0.000000
3.497647
-0.999524
0.000000
0.000000
0.000000
-0.595558
4.674491
-1.804131
0.000000
0.000000
-1.824253
3.280604
0.100659
0.655270
-2.383943
2.709311
-0.670299
0.039284
-0.147990
-0.128040
-2.878998
-3.024270
-0.562630
1.141258
-1.616215
-0.177031
0.000000
0.000000
-2.616475
0.000000
0.011025
1.639045
0.000000
-0.317402
-0.026209
-1.283432
0.000000
0.922568
0.087805
0.526456
0.000000
-0.192267
-1.381571
1.078052
0.516875
0.000000
1.337252
3.088543
2.244895
4.727879
0.000000
0.000000
-0.266804
-0.123333
-3.268832
-6.700585
0.455996
0.496373
-2.994229
0.000000
0.208761
1.142326
-0.854582
0.000000
0.030821
0.006549
0.000000
-0.245315
2.130367
-0.243423
0.414797
-0.307998
-2.613453
0.000000
0.000000
0.434933
-0.002265
0.000000
-1.718565
0.000000
1.531953
-9.702995
-0.308157
0.000000
0.301064
0.129584
1.367203
-0.783112
-0.114470
0.000000
2.083713
-0.969953
0.000000
-0.723179
-2.908724
0.000000
1.496238
-0.021296
0.000000
0.000000
-3.029552
0.000000
0.000000
0.000000
-0.268345
6.098848
-0.948529
-1.710457
-0.289113
1.280365
1.097801
-0.117742
-1.900790
0.000000
0.452488
0.000000
0.000000
1.586977
2.598503
-0.084325
0.515220
0.557136
0.000000
-0.759009
0.000000
-9.198675
0.346246
1.101984
3.321992
0.023830
-1.756241
-0.002304
0.043933
0.000000
-0.324282
1.130826
-1.127786
0.000000
0.000000
0.000000
0.000000
-0.036641
-4.064855
-0.771674
0.150364
1.333647
0.000000
1.084669
0.000000
-0.061842
-0.481872
3.650301
1.226884
-7.061847
2.685396
0.274724
1.062267
2.330777
-3.051896
-1.127786
-0.066689
0.000000
-17.528765
-1.613676
0.000000
-0.483519
0.607171
0.384070
0.309072
0.735373
-1.978145
0.088356
-5.153939
1.184964
0.000000
1.012977
4.789305
0.000000
1.526110
0.000000
1.814049
0.000000
0.000000
-0.819640
8.761861
-0.501770
0.000000
0.000000
4.676393
0.000000
-1.186516
1.614839
0.000000
5.755280
2.586104
-0.379633
3.511641
-1.778983
2.024236
2.077346
-1.444860
0.000000
-1.346616
2.013637
0.084602
-4.650661
-6.475117
7.144954
-3.607809
0.552070
-3.309043
3.085927
0.071668
-0.277959
-0.171803
-7.689124
0.810263
-9.195560
-1.943490
0.123457
2.707791
0.000000
-0.677880
-1.814265
0.000000
-0.973885
0.000000
17.296834
0.675033
1.075195
-5.794986
-0.032791
0.000000
0.417965
0.000000
0.000000
-1.483242
-1.528736
-0.127034
0.375224
0.643574
-0.103264
0.000000
0.950825
2.926589
0.000000
-2.448294
0.047389
1.532256
0.000000
8.564663
0.000000
0.274961
0.000000
-0.096683
-11.803868
0.252070
0.000000
0.000000
-0.147624
0.000000
-0.869700
-0.844242
0.000000
0.329064
-2.213093
0.000000
0.000000
0.050891
0.538792
-1.315240
1.656843
0.948398
2.772220
0.000000
1.833859
0.654725
0.000000
0.000000
-0.412936
-0.137913
0.067567
1.272140
-2.535789
1.256256
0.098013
0.000000
1.708058
-0.702137
0.362258
0.000000
-0.034342
-0.965383
0.000000
0.000000
0.000000
0.000000
0.000000
3.458640
0.000000
0.000000
1.759434
-0.824846
2.687280
0.271078
0.589261
-3.634134
-0.397963
0.025373
-1.296603
0.000000
0.000000
-1.259324
-0.099923
5.926375
2.431717
0.000000
3.877424
4.605621
8.939256
0.000000
-0.260332
0.000000
0.000000
2.344633
1.953962
-0.619836
-1.996230
7.356359
-0.339354
2.254691
0.754097
0.000000
-1.704583
-1.864955
2.687280
0.020035
0.000000
-2.550654
0.000000
-0.571831
-0.429401
1.045760
-0.748176
-3.981184
-11.186658
0.000000
-2.796689
0.000000
1.916260
0.212592
-1.205294
1.182233
0.338824
-0.436846
0.731979
1.617983
0.000000
4.543922
1.040755
-2.009223
3.617216
0.000000
0.601069
0.431296
-0.052281
0.000000
-0.181044
1.125487
-0.557628
-1.286508
-0.349266
-4.354734
0.000000
7.675584
-0.716226
9.341643
1.640818
0.000000
0.000000
-0.822765
0.000000
-0.461567
-0.133831
0.000000
0.000000
0.000000
0.000000
0.000000
-0.318132
-0.848736
-9.340570
-8.794400
4.129443
1.373779
0.000000
1.785528
-0.197692
0.414571
0.000000
0.000000
0.000000
-1.561971
0.000000
-3.627762
-0.040414
1.220728
0.549983
-0.708014
0.917660
-0.351561
1.007165
0.000000
-0.201545
0.000000
0.000000
4.404328
0.000000
0.000000
0.074116
0.827967
-1.861154
-0.666075
-0.397963
0.000000
0.000000
-0.057815
-0.022421
3.590300
2.934194
-0.794515
-0.352669
-0.506069
0.000000
0.000000
0.000000
-0.496164
6.209726
0.000000
-0.104339
3.923009
0.000000
0.000000
0.000000
-2.416507
-2.519937
0.000000
0.000000
0.000000
0.000000
-0.346877
-0.554900
0.000000
-2.318986
0.000000
-5.328690
0.000000
0.000000
-1.097336
0.931578
-1.919146
-0.479314
-0.348427
0.125849
0.000000
0.000000
-0.261633
0.337200
0.000000
0.000000
0.000000
-0.521933
-1.408666
-6.473743
0.000000
0.000000
0.013652
2.809564
0.365827
-1.658060
0.252070
-0.501551
-0.441889
1.351167
0.423173
0.000000
0.000000
0.000000
0.000000
0.000000
0.000000
-3.617741
2.624409
0.000000
-0.259353
2.677316
0.696649
-0.095698
3.578512
-5.333955
0.000000
-1.398554
-2.206462
-0.040149
0.000000
-0.416379
-1.451170
-0.010948
0.968685
-1.066499
-4.449032
-2.579383
0.722991
-0.457235
0.000000
0.000000
-4.501598
0.000000
0.000000
0.500742
-0.677957
-0.386107
0.000000
0.421718
-0.729411
0.000000
-4.759190
0.000000
0.000000
0.828554
-0.932060
1.340072
0.000000
0.000000
-4.360196
0.000000
-2.792696
1.585144
0.308703
-0.054217
0.000000
-0.107446
0.000000
-3.018957
-2.654152
2.658875
-8.337294
-0.091725
-1.259324
0.000000
0.000000
-1.740167
-2.014601
-3.251932
-1.991152
1.139142
0.177265
3.204293
-0.183320
2.299100
0.000000
-1.210150
5.524982
3.036803
-0.419283
3.294425
-0.617054
-0.433123
-1.356167
0.000000
0.731803
1.118090
0.000000
-4.642773
0.000000
-1.829517
-1.155173
-3.184138
2.172475
-0.877355
0.000000
-1.195156
0.000000
0.000000
0.000000
-7.829393
-3.931320
2.718643
0.909942
2.335439
0.309072
0.616077
-0.207749
2.773800
-2.140930
-1.221717
-0.248466
0.814519
-1.306468
-4.056548
1.367203
5.798267
-12.876072
-2.418373
-0.002265
0.000000
0.907666
3.595566
-0.652306
3.143338
-0.486064
0.000000
0.000000
-3.267780
0.000000
0.910534
-0.191299
0.000000
-4.147073
0.000000
7.212947
-0.052222
-1.445911
-0.597424
0.000000
-8.467326
-0.244129
0.000000
0.000000
0.000000
0.000000
0.000000
-4.048048
1.508065
0.000000
-7.499550
-0.275503
5.360065
0.000000
0.851490
-0.167694
1.490953
-0.615742
-0.457578
0.104492
0.000000
1.803215
0.000000
-2.522185
1.192090
0.000000
-1.199112
7.338312
-1.205294
8.061308
0.000000
-7.669687
-0.270045
0.000000
1.043213
-1.802539
-2.721810
0.000000
0.000000
2.122224
2.369911
-1.661332
0.000000
-0.759341
-2.006392
0.000000
3.526418
-0.379456
0.000000
2.685396
-2.282369
1.527544
-0.283786
-1.346727
0.000000
0.511608
0.000000
0.427087
-0.981779
0.000000
-0.663414
0.000000
0.000000
3.174258
4.545127
-0.691228
-3.715630
-3.204464
0.000000
0.000000
-2.486549
0.464922
-0.220638
0.000000
-0.694134
0.000000
-0.292053
1.445579
0.000000
-0.817459
-7.863904
-0.741796
-1.710221
0.116442
-3.277061
0.517772
-0.154836
-3.008278
2.859137
0.000000
0.000000
0.167423
-2.443052
0.497793
0.000000
0.527208
3.445406
-2.070923
1.224598
-1.824253
2.024282
0.000000
1.589677
0.000000
1.487433
-1.527439
0.000000
-0.452605
0.142989
-1.329629
15.011439
1.606295
0.000000
0.203718
0.569067
0.000000
1.249959
0.303857
0.000000
0.000000
0.000000
0.000000
-0.282304
0.000000
0.000000
-1.522036
-7.816177
-0.316847
-0.208160
-3.526467
-0.604652
0.752978
-3.704233
0.000000
0.000000
0.000000
0.000000
-0.431197
-0.485868
-6.842186
0.000000
-0.374166
0.000000
-0.026009
-0.064044
-3.840124
-0.203828
-0.369679
1.271292
-0.366599
1.427188
0.000000
0.503151
-4.986247
-2.215326
-0.127034
0.000000
-4.826232
-1.758822
0.000000
-0.916259
-1.272391
-0.369375
-1.426675
-1.033361
0.000000
0.028801
0.636888
4.054874
-1.329629
13.946857
1.007951
0.000000
0.000000
0.000000
-0.910196
0.000000
-0.554135
4.504705
0.232529
0.000000
0.897350
0.000000
0.000000
1.249959
0.643440
-1.944514
0.000000
1.016946
6.107036
-0.476657
-0.615651
-4.910053
0.167975
0.000000
0.000000
0.222650
0.042367
0.000000
0.000000
1.666164
0.470574
0.000000
0.000000
2.460771
-1.310451
0.000000
0.000000
0.000000
0.000000
-0.269526
-2.732083
-3.627630
0.959690
0.236251
0.000000
-0.274800
1.565070
0.000000
-0.853897
0.000000
0.696649
0.000000
0.000000
-2.199935
0.000000
0.000000
0.000000
0.914633
2.998102
0.000000
0.000000
4.406903
-3.445025
-6.462787
0.000000
3.568406
0.000000
-0.053462
-1.339075
0.172277
0.000000
1.385153
2.165613
0.000000
-0.340372
1.351247
0.000000
-3.007056
-2.452286
-1.742522
-8.142478
0.000000
0.000000
-0.006551
0.000000
-2.008922
0.000000
-1.230823
1.104046
1.718033
-1.231793
0.000000
-0.992972
-0.198356
0.000000
0.000000
3.333803
0.346852
0.000000
0.000000
-0.302297
0.000000
-6.373010
-0.261166
0.000000
0.296798
-5.422049
-0.240170
0.000000
0.000000
0.000000
0.000000
-2.349541
0.000000
0.000000
1.085861
0.000000
4.712950
0.000000
-2.249083
2.515489
1.603033
0.000000
-6.862033
0.252070
-0.296725
-1.246231
1.593652
0.000000
0.000000
-0.769422
0.000000
-0.324282
-0.185646
0.000000
-0.739422
0.037914
-3.124207
-0.520025
0.000000
0.000000
0.000000
0.309072
0.000000
1.062267
-0.624004
-0.624004
0.000000
-1.022514
0.000000
0.000000
13.671690
-1.874770
7.935921
0.000000
0.000000
0.000000
0.000000
3.710458
-3.417114
0.219455
0.000000
0.000000
-3.481033
-1.974975
0.000000
0.216663
-0.162733
-0.770734
0.443412
1.266392
0.323418
0.000000
-0.326133
-4.426318
0.000000
-0.067994
0.000000
0.000000
-0.306450
0.000000
-1.601633
0.000000
4.674491
2.956684
0.000000
-0.576360
-4.582029
0.000000
0.000000
-0.047435
-0.189209
-1.615218
0.281743
0.000000
0.000000
0.000000
0.000000
0.000000
-1.255724
0.000000
-0.443864
1.510373
2.510672
-2.002807
-0.677957
-0.999524
0.000000
-0.709995
0.182685
0.177870
-0.252241
0.000000
0.000000
0.000000
-0.744652
0.047273
2.784698
2.547774
-0.130876
0.000000
0.000000
0.202069
0.000000
-3.594327
-3.926740
0.000000
-2.561687
0.572586
-0.025779
0.585534
0.000000
0.000000
0.108492
-0.990745
0.000000
-0.521551
0.000000
-0.408301
0.281678
0.000000
1.647329
-0.241742
0.000000
0.000000
-7.354481
-0.481836
0.165567
4.998551
1.233703
2.981491
-0.547661
-0.923105
-10.343234
0.000000
-0.127034
-0.527510
-0.574174
0.000000
1.193838
0.000000
0.100380
-0.305366
-0.685317
-1.071257
-0.725641
2.567468
0.241230
0.223358
-0.299834
-0.397963
0.000000
7.017544
1.614908
-0.726168
-0.498020
0.696508
0.000000
-0.139539
1.934656
-0.645958
0.000000
0.000000
0.000000
-0.024862
0.000000
0.000000
-13.158137
-0.993494
-0.702314
1.658316
0.000000
3.674279
8.378701
0.692414
0.266394
1.369116
3.656440
0.000000
-1.297918
1.296498
0.000000
-0.335310
0.832471
0.870768
-4.985013
0.000000
0.000000
0.437470
0.000000
-0.075637
0.570689
0.000000
0.000000
-4.887417
-2.537496
0.000000
0.060968
-0.893050
1.915507
0.000000
0.000000
0.000000
-3.550009
-2.399541
0.000000
0.385290
-0.675446
0.000000
0.000000
0.446604
-3.673406
1.148459
0.959690
2.391080
1.586379
-0.310271
-0.048691
0.202680
0.000000
0.000000
-1.191546
0.071539
0.647195
0.979938
0.000000
-1.405831
6.879403
0.000000
0.000000
-0.632625
0.000000
1.711881
0.000000
0.076514
-1.220160
0.000000
-1.515118
-0.927555
0.000000
0.003913
2.919476
1.482393
0.000000
0.000000
-0.164014
-3.018771
0.168202
3.502157
-0.189057
-0.430342
-0.133782
2.654482
0.000000
0.000000
0.000000
1.740814
7.742571
1.071011
1.301784
0.000000
0.000000
-2.391604
-2.454668
2.239951
0.000000
-0.112433
-0.158757
-0.238680
2.920331
0.000000
1.076372
0.000000
0.705545
0.000000
8.227697
-0.394489
-4.616104
0.000000
0.000000
0.000000
0.000000
0.000000
0.000000
0.405216
-0.393925
2.419645
0.000000
0.000000
0.406582
0.000000
0.063407
0.000000
0.564292
0.000000
0.000000
2.656978
0.000000
0.025649
-0.497932
0.084889
-3.056087
0.071522
1.719693
0.000000
2.454985
-3.840124
0.437470
0.000000
2.075707
0.167123
0.000000
0.015811
-1.557813
2.130295
-0.758642
0.000000
0.000000
0.000000
0.000000
-4.723504
0.000000
0.000000
0.000000
-0.820921
1.661919
0.000000
0.462369
0.000000
0.231909
0.000000
-1.421016
2.411799
0.000000
0.027204
-0.769886
4.738321
-0.554900
-0.558434
-1.945821
0.811232
-1.656916
0.000000
0.000000
1.654714
0.000000
0.000000
0.000000
-1.127614
0.000000
0.000000
-0.263062
-0.029990
0.084327
-1.710221
0.000000
0.000000
-0.055703
0.000000
-0.253102
1.139026
0.000000
0.000000
3.104617
-0.336125
-0.434368
0.000000
-0.223610
-0.069749
3.189968
0.000000
0.000000
0.357212
2.667724
0.317428
0.000000
0.000000
-1.291574
0.000000
0.000000
0.000000
0.516778
0.000000
0.000000
-0.149962
0.125105
0.000000
0.000000
-0.439904
0.227441
0.925895
2.699096
-0.860422
-1.612806
0.000000
1.951220
0.000000
0.000000
0.000000
0.000000
-0.729411
-1.132765
0.000000
-0.216598
-0.150800
-0.158685
0.000000
-2.493155
0.000000
0.001883
0.000000
0.569374
-3.995196
0.000000
4.406903
0.650159
0.000000
-0.729839
-0.354236
0.181255
-1.912760
-1.260323
0.000000
0.000000
0.000000
3.808485
-1.506534
0.000000
0.065888
-0.227953
-7.597619
0.000000
1.884653
-4.061227
-0.307079
-1.302730
-5.738118
-0.173336
0.168552
1.637192
1.908580
0.737633
0.341931
0.737362
-3.256069
0.000000
1.602511
-7.733019
-0.996020
0.000000
-1.593597
1.341482
0.029030
2.996947
0.000000
0.018749
0.000000
2.010183
2.037744
-0.874181
0.657060
-1.738198
-0.256895
-1.020835
0.000000
0.000000
1.407018
0.000000
0.450222
3.867571
5.554434
0.000000
-0.551972
0.000000
0.000000
0.000000
-3.982563
-5.583237
0.000000
4.883503
-0.554900
-0.729411
0.222650
0.000000
-1.419840
-0.396982
-1.900790
0.000000
-3.043113
0.000000
3.145199
-2.700105
-2.108276
-1.011090
0.000000
-10.174519
-10.056629
0.000000
2.013637
0.367943
0.529478
0.000000
0.000000
0.000000
0.000000
-0.311098
-0.525814
-0.121687
-0.725819
0.001883
-2.012916
6.456535
-1.511371
0.000000
-1.054598
2.835675
0.000000
-6.335425
-0.541545
0.000000
-0.281583
0.000000
3.100020
-0.077857
0.000000
2.128937
0.190896
0.000000
0.000000
0.450222
-2.540168
0.000000
0.000000
0.000000
-0.636396
0.254783
0.000000
-2.012916
3.893945
0.443005
-0.724984
1.482393
-0.738544
-1.546122
3.763822
0.018262
0.000000
-3.000759
0.000000
-0.314179
2.923484
0.000000
0.000000
1.595353
2.073246
-0.471886
0.000000
0.000838
-1.707908
12.950741
0.000000
0.000000
0.964092
0.749157
0.000000
0.000000
0.000000
0.000000
-1.286086
0.000000
-0.996610
0.000000
-6.358726
0.000000
0.533857
-1.403266
-0.807037
-1.333822
0.000000
-0.089460
0.000000
0.000000
0.331411
0.000000
-0.626210
0.000000
-0.620108
1.305877
-0.508510
0.000000
0.754132
6.433260
-0.834321
-3.827574
-0.676614
0.000000
-3.939218
0.698818
-1.549377
0.000000
-1.217310
-0.819190
-0.854140
-1.096501
1.354840
-2.870800
-5.724783
0.000000
-1.988241
0.378506
-4.910053
0.000000
0.000000
1.102078
0.000000
0.000000
0.664553
0.386558
3.770397
3.830413
0.328807
0.000000
-0.661301
0.266267
0.000000
1.606727
1.350942
0.000000
0.000000
-0.002554
0.000000
0.338478
3.269718
0.184808
0.313047
0.487194
0.000000
0.105167
0.000000
-0.913890
0.000000
0.000000
0.177455
0.516778
0.000000
1.559888
-11.425320
1.522107
0.000000
-0.260332
3.680455
0.000000
-0.170935
0.087805
0.000000
0.000000
0.000000
4.246552
0.000000
0.000000
0.000000
0.000000
0.000000
-3.553578
8.808575
0.000000
0.000000
0.285108
-1.291145
1.137266
0.000000
-1.395634
0.000000
-3.382649
-0.572508
0.000000
0.959016
2.690952
0.000000
0.000000
0.000000
0.000000
0.435305
4.671395
0.000000
0.000000
-2.939567
0.000000
0.000000
0.000000
2.002813
0.000000
0.000000
-0.744582
0.000000
0.000000
-2.452286
0.000000
0.087805
0.139010
0.000000
0.000000
4.042545
0.922568
0.000000
0.000000
0.000000
4.177700
-0.352153
-4.360074
-3.793341
-3.081003
0.038585
-0.174601
0.000000
0.393965
7.327405
-0.160341
-1.470161
0.000000
0.000000
1.305599
0.000000
8.412182
0.137322
0.000000
1.915487
-0.190797
-4.749802
0.000000
0.000000
-0.521933
-1.405879
-0.352500
-1.699496
1.582936
0.302655
-2.849296
0.029539
-3.304393
2.499172
0.000000
0.000000
4.428361
0.000000
-2.537496
0.644278
0.000000
-0.570525
0.720977
0.000000
0.000000
-1.034375
0.313242
-0.210830
-2.059949
2.618923
-6.674327
1.144040
-1.310451
-1.022912
-1.159333
3.291114
0.885605
0.045905
0.000000
0.000000
-0.981779
0.235828
-6.320414
0.000000
-3.014059
4.023543
0.252070
0.000000
0.479553
6.248313
0.000000
5.949205
-3.193243
-1.731222
1.933922
3.335969
-1.516693
2.263800
2.274214
0.000000
0.000000
0.000000
2.369548
-1.619709
0.000000
2.773291
-0.001857
0.000000
0.000000
-1.224495
0.249753
-0.140761
0.575025
-1.903130
0.000000
-0.288154
1.442697
-2.696140
0.000000
2.426815
-2.747595
0.000000
-0.976789
-1.425096
0.000000
-0.979251
1.400826
10.687631
4.630603
0.000000
-13.931208
0.000000
-2.418373
-0.211335
0.155447
6.138107
1.239493
0.406718
0.000000
-2.358184
0.000000
0.787782
0.878956
0.600119
8.690117
5.146275
0.908402
-0.618083
-1.713175
0.000000
1.417278
-0.801145
-1.442016
2.210051
0.332748
-4.416646
0.841366
0.000000
0.093434
-0.572317
0.000000
-7.024563
2.764274
-4.820355
6.433260
0.720843
11.180546
-0.401643
-1.844197
0.000000
0.000000
-2.593893
0.000000
0.000000
2.482869
2.764274
-1.830781
-3.968593
1.340072
0.000000
-0.239807
-0.202567
0.091440
0.496672
-0.169495
3.657277
0.000000
0.201327
-0.946623
0.227274
0.000000
0.000000
-0.989019
0.000000
0.000000
0.000000
0.000000
0.000000
0.000000
-0.394152
1.350617
-2.224221
-0.333483
-0.882522
-1.192251
2.506692
0.000000
0.254942
-0.780050
0.000000
-1.764041
-1.545787
1.001824
0.000000
-0.989297
-0.715035
0.000000
3.741030
0.629354
0.000000
0.000000
-0.255771
0.000000
0.183901
3.140867
-3.044212
0.000000
1.918959
-0.533309
0.538792
-0.028301
0.000000
0.165956
6.094991
1.093589
0.000000
-6.707164
-0.301607
-0.159084
0.000000
-0.202606
-1.451773
0.000000
0.000000
0.000000
0.000000
2.704650
1.009321
-3.487759
-0.235890
-2.281943
0.000000
0.991462
-0.176452
-2.250358
0.000000
5.696049
-5.442774
-0.100756
-0.997060
-0.475740
0.000000
0.000000
-0.755736
-0.993494
-13.002860
0.807141
1.098794
-1.348960
0.381791
0.000000
-1.501695
-0.398310
-0.804306
0.000000
0.000000
-1.771974
0.074153
0.000000
0.000000
0.000000
1.219198
1.580531
-4.441994
0.000000
0.001883
0.000000
0.191792
0.460238
1.123370
-2.212536
0.216185
0.799498
-0.940976
0.000000
1.463712
0.000000
0.000000
0.000000
0.302655
-0.039183
0.000000
-7.063742
-1.109702
0.000000
-3.140475
3.280604
-3.535584
-1.524046
0.000000
-0.092815
0.828554
0.000000
1.243454
0.000000
-3.572734
0.908138
0.000000
-3.689366
-0.342823
1.264543
1.243210
0.000000
0.898179
0.239589
-2.005916
0.000000
0.000000
0.000000
0.407363
0.000000
1.781195
0.000000
-3.621094
-12.161194
0.000000
0.657465
-2.383753
0.000000
0.000000
-2.120630
-0.103199
-0.163022
-6.933756
0.000000
0.736490
0.000000
0.000000
0.647189
0.000000
-3.755415
-2.914483
0.000000
0.000000
-2.127601
4.369817
-4.439465
0.758817
0.000000
0.270208
0.000000
-0.156648
-4.226109
-0.286475
-0.980194
7.857312
-0.793071
-1.091990
0.000000
0.000000
0.672698
-2.071017
-4.600929
-1.556078
-0.610348
0.000000
0.000000
0.000000
-4.723504
0.000000
0.736490
-0.828948
0.000000
-4.634692
1.809665
0.082204
-0.874181
-0.143251
1.624225
-0.278405
-10.123417
1.961747
-1.688442
-3.623101
-0.227953
0.598503
0.000000
-0.559112
-1.424160
0.000000
0.000000
0.000000
-0.624004
0.382890
-5.244605
0.988919
-1.569902
-0.639520
0.000000
0.000000
-2.005916
-0.942860
-3.995196
0.674772
0.000000
-4.851764
2.474281
2.011326
0.000000
-1.123633
0.391891
0.992766
-1.325815
-3.600034
0.575829
-0.794732
6.193897
0.000000
-3.345440
0.000000
1.098081
0.000000
0.000000
0.000000
2.967622
-3.618780
-2.516733
5.726052
0.000000
0.000000
1.853963
2.291539
0.000000
4.674491
0.000000
0.351630
-3.343284
-0.315405
3.825073
0.000000
-0.089995
-2.663143
0.000000
0.000000
-1.484131
0.079967
9.306854
0.000000
-1.361240
0.000000
-2.994229
0.000000
0.000000
-1.771974
0.000000
0.096254
6.782657
0.000000
0.000000
0.000000
-2.048780
-0.125500
-0.361580
-2.054788
-0.777305
-3.101430
1.947464
0.000000
3.680455
0.000000
0.000000
-0.575576
0.000000
-5.626609
-2.572223
0.010756
1.201513
1.447152
0.000000
-1.690015
-0.124117
0.444040
0.731803
0.000000
0.131175
-6.658640
-3.435120
-6.961077
-2.443052
0.000000
0.000000
-1.341102
3.656366
0.821430
0.000000
0.000000
0.000000
-1.877334
-4.634996
0.000000
0.245425
0.000000
-3.851450
0.000000
1.661919
0.829123
-0.764127
0.000000
-0.012994
0.000000
0.000000
2.237198
0.000000
0.000000
1.020723
-0.287162
0.000000
0.439396
4.176406
-1.991679
0.317428
0.000000
0.000000
0.000000
0.000000
-0.729411
-2.312964
0.000000
0.000000
0.000000
0.954031
0.000000
-1.094021
2.700777
0.000000
0.045260
-0.106507
0.000000
-1.080218
0.189862
0.000000
-0.918057
-0.007882
-7.768551
0.926087
-1.617373
-1.483155
-8.289682
-1.436339
0.507664
-1.357384
-0.720803
1.325930
0.000000
0.894186
1.336529
0.000000
0.899015
0.402996
4.701492
0.000000
0.456267
-0.954482
0.000000
-0.151456
0.000000
0.000000
-2.077805
-1.439310
2.770515
0.866646
-0.050417
2.735858
0.000000
3.403314
0.000000
0.317428
0.000000
0.000000
0.000000
0.000000
0.212313
0.000000
-0.909363
0.000000
-0.445517
-1.127614
0.000000
-1.002300
-0.271867
3.502157
0.168589
0.012376
1.903912
0.000000
0.076482
0.303154
-1.716481
0.000000
0.000000
0.000000
-0.647775
-2.038211
-8.455693
-1.633718
0.000000
-2.389642
0.000000
-0.115687
0.000000
10.512603
0.000000
0.286458
0.000000
-1.635951
0.039147
1.595188
5.698116
0.892804
0.000000
0.000000
-3.716742
-0.853046
-3.781951
0.916033
-3.159545
0.000000
0.185322
0.000000
0.000000
0.000000
0.000000
0.000000
-0.261633
-0.597076
0.406761
0.268300
0.000000
0.309541
-6.638095
0.000000
2.213801
3.862977
-0.186715
4.745087
-0.575562
0.000000
-0.000256
-1.108025
0.000000
1.519047
-0.860342
0.000000
0.000000
0.000000
0.000000
2.808418
0.000000
0.000000
-5.501131
0.000000
2.110847
-0.257620
-2.122683
0.000000
-1.488252
-1.143836
-0.722573
2.683039
0.000000
0.000000
0.089128
2.437514
0.000000
-0.955243
1.823769
-8.826098
-0.754925
-0.089995
0.052088
1.728883
-1.942854
-0.625238
0.000000
0.248912
0.000000
0.000000
-0.167978
-5.510888
6.289707
0.571716
1.775679
-8.775978
-1.996236
-0.508846
-1.077897
1.096694
-0.424330
-1.123633
0.000000
0.000000
-2.315757
0.252070
1.333600
0.000000
0.000000
1.500684
1.394495
0.000000
0.000000
-0.877511
0.000000
-1.031207
0.000000
0.810469
0.706488
3.680455
-5.376164
0.000000
-1.109810
1.519047
1.278508
-0.299043
0.000000
1.932531
0.000000
1.654288
0.000000
-0.506336
0.000000
3.026516
0.671952
1.170520
-0.037832
-1.429574
0.000000
-2.346696
-0.520627
-3.996592
0.023026
0.267831
0.000000
-0.003822
-0.001019
-4.920324
-0.702333
1.146064
1.028084
-1.786087
-3.086814
0.000000
0.000000
0.000000
0.000000
0.400501
0.000000
0.000000
-1.290985
-0.257620
0.000000
-0.421042
0.000000
-0.590577
0.362923
-0.396982
0.871869
-2.850942
7.464618
7.158469
0.000000
-0.848976
0.000000
0.000000
-0.080637
2.171627
5.999995
-1.758822
0.659325
-4.527625
-3.631542
0.000000
0.000000
-0.075570
-3.058348
-1.618988
-0.116664
0.000000
0.429759
-0.100756
0.000000
0.000000
-1.135426
-2.310948
-0.817459
1.884284
0.973586
2.604138
1.680536
-1.415269
0.000000
0.000000
-1.045780
1.085861
0.000000
8.233753
0.000000
-1.981979
-3.869795
0.337056
0.361193
5.694150
0.000000
-3.029552
0.788407
0.000000
-2.611629
0.287679
0.000000
7.412655
5.051132
3.467346
-12.045526
9.381354
-0.352669
0.996640
0.525846
-1.212127
-0.057653
-0.943078
0.135383
0.000000
0.000000
0.100952
0.000000
5.146275
8.662814
0.955915
-5.071184
0.000000
-4.339077
0.006964
-0.478492
-0.277403
0.203553
3.987244
-0.045398
0.000000
0.000000
0.211165
0.000000
0.000000
0.000000
0.723230
-1.425572
-1.342644
0.302250
0.207303
-0.690857
-3.747079
1.729625
0.342990
0.864188
0.559400
0.000000
2.951411
0.000000
2.454078
2.256505
-0.922187
-0.436785
0.000000
0.035232
1.487433
5.264079
0.000000
0.158806
0.000000
0.010366
3.712107
0.000000
0.755968
0.615926
0.000000
2.902536
-0.554900
-1.246127
-3.562076
-0.833306
-0.297631
0.000000
2.948204
0.000000
0.000000
-0.035695
0.000000
-1.419662
-0.819459
-0.311891
2.928829
4.346794
1.631467
-3.936052
0.180725
0.000000
0.000000
2.050941
0.000000
0.000000
0.000000
-2.187747
0.000000
-1.059221
-7.525407
0.037697
0.172852
-11.965476
0.000000
0.034699
-0.587868
-1.008874
1.663406
-0.015692
0.000000
-5.113003
-1.733606
0.000000
0.828604
5.384231
-0.333777
0.109344
0.000000
0.000000
-1.026639
6.989040
1.158442
-4.048708
0.000000
0.679358
0.000000
-5.250455
-0.500880
1.311680
-1.996381
-0.821962
0.000000
2.369548
0.000000
-0.035885
0.000000
2.196958
0.000000
0.000000
0.957086
0.000000
-1.701241
-0.495277
0.000000
-3.494373
0.000000
0.000000
-0.621459
-0.553368
0.085626
0.000000
-0.011648
-0.447970
-1.527517
0.942590
0.000000
0.000000
0.020128
-0.354898
0.340750
-10.119553
0.000000
-0.552077
0.000000
1.441140
1.355169
0.028864
2.605345
0.000000
-0.679911
0.116355
0.988997
0.000000
0.066291
0.352214
-0.762678
1.150621
-0.791068
0.000000
3.589935
-0.098217
-0.316041
-5.796176
-1.328218
-2.383753
-0.022104
0.000000
0.000000
0.000000
0.000000
0.284550
0.162267
-2.055026
2.865473
11.064085
0.000000
0.923455
1.364889
0.000000
-2.728686
0.167273
4.117500
5.063981
0.000000
-2.451059
0.000000
0.000000
-2.481604
0.000000
0.000000
0.334564
-0.358500
2.435635
0.000000
0.327864
-1.606903
0.412942
0.263572
-0.319969
-2.357259
0.000000
2.779542
0.000000
0.000000
-3.773335
0.000000
3.732427
0.000000
0.000000
0.000000
0.000000
0.000000
0.000000
0.840530
0.000000
0.000000
0.000000
0.000000
0.506042
0.000000
0.000000
0.000000
0.000000
0.000000
0.000000
0.000000
0.000000
0.000000
0.000000
0.000000
0.000000
0.000000
0.000000
0.000000
-1.031207
-0.019362
0.357831
0.000000
0.000000
1.682155
0.000000
-0.090741
3.929742
0.000000
8.245745
1.566034
0.000000
0.000000
0.000000
0.000000
0.000000
0.000000
1.749858
0.000000
0.000000
-0.630329
0.000000
0.409970
0.000000
0.000000
0.000000
2.912624
0.000000
0.000000
0.000000
-0.934938
-0.692981
-0.854329
1.249959
-0.581374
0.000000
-2.996824
0.000000
0.000000
0.000000
0.000000
0.000000
0.000000
-2.075142
0.000000
2.313505
0.009009
0.000000
-3.570107
0.000000
0.000000
-2.014639
2.187137
0.589261
-1.121046
0.000000
0.000000
-1.094106
0.607171
-0.385171
0.206045
0.000000
0.000000
0.000000
0.000000
0.000000
0.000000
0.000000
0.000000
-3.581805
-3.715630
0.000000
-0.232274
0.000000
0.000000
0.000000
0.000000
-0.751627
