0.027980
0.035620
0.012972
0.043763
0.016714
0.098027
-0.105358
-0.020101
0.057061
-0.019022
-0.024199
-0.046880
-0.211891
-0.129585
-0.043810
-0.091225
0.127869
0.053406
0.097057
0.088375
0.037645
0.007477
-0.036903
-0.033782
-0.069096
-0.066575
0.012455
-0.053299
0.088391
0.089320
-0.054730
-0.018080
-0.026955
-0.039863
0.053473
0.029384
-0.000192
0.070328
-0.001957
-0.023664
0.012664
0.022133
-0.030159
-0.051439
-0.019847
-0.018584
-0.048209
-0.036315
-0.032879
0.037354
-0.035790
0.000477
-0.016564
-0.050884
0.012134
-0.019458
-0.006850
-0.025381
0.048524
-0.020448
-0.043873
0.018859
-0.053571
0.000220
0.011572
0.071973
-0.010384
0.013709
-0.002385
0.006334
-0.014138
0.016558
0.008322
0.054584
0.015279
0.011679
0.057551
0.003902
0.019571
-0.042303
-0.019714
-0.070193
0.004037
0.036537
-0.012831
-0.041979
-0.030402
0.010389
0.003678
-0.043832
-0.006603
-0.050221
-0.029404
0.018556
-0.030030
-0.031185
-0.023235
0.045255
0.006953
-0.031355
-0.034326
-0.019082
0.017435
0.024684
0.027276
-0.004442
0.015865
-0.022660
-0.007356
-0.008966
-0.006841
0.008652
0.006974
0.012765
-0.002001
-0.000748
0.010397
0.002079
-0.012471
0.007634
-0.027620
0.007745
0.003446
0.019046
0.004568
0.001284
0.001114
-0.027745
0.054913
0.005043
0.004785
0.003109
0.000623
-0.002785
0.057846
0.034266
-0.014510
0.015010
0.011027
-0.034610
0.007933
-0.006679
-0.155259
-0.057773
0.060066
0.005155
-0.052119
-0.033249
0.006719
-0.002238
-0.015468
0.037430
-0.032299
0.006895
0.041616
-0.022226
0.009713
0.007210
-0.003807
0.071205
-0.077769
-0.112031
-0.074418
0.239912
0.000000
0.000000
0.000000
-0.101053
-0.015096
-0.028132
-0.272308
0.000000
0.000000
0.000000
0.000000
0.000000
0.019965
0.005773
-0.017640
0.007036
-0.004110
0.044903
-0.032789
0.067968
0.046348
0.039910
-0.009406
-0.002527
0.002904
0.062927
-0.061508
-0.043757
-0.019912
0.014482
-0.007491
-0.031316
0.008046
-0.008156
-0.064498
-0.036823
-0.028376
-0.001739
-0.023779
-0.049866
-0.057710
-0.009712
-0.020598
0.790085
0.000000
0.000000
-0.115919
-0.029739
0.115979
-0.086990
0.007002
-0.056423
0.000000
0.000000
0.000000
0.000000
0.000000
0.000000
0.000000
0.000000
0.030054
0.048459
0.045485
-0.039658
0.074045
0.039383
0.029927
0.038529
0.031148
0.084547
0.012183
0.006471
0.061810
0.074075
0.192408
-0.006036
0.014108
0.046604
-0.014290
-0.063046
-0.043621
0.009735
0.069763
0.035020
-0.024007
0.037511
0.043712
0.023638
0.196206
0.014093
-0.010566
-0.031243
-0.009052
0.017601
-0.019600
0.040218
-0.018545
0.032840
0.082235
0.046340
0.011475
-0.001229
0.022807
0.015412
0.011152
0.067388
0.222862
0.060492
0.092355
0.006332
0.034530
0.089994
0.100810
0.059944
0.015463
0.027653
0.087106
0.018678
0.030118
0.073040
-0.014089
0.014655
-0.050268
0.007847
0.105469
-0.018172
-0.017958
0.017545
0.038345
-0.002956
0.011126
-0.011906
0.023446
-0.012889
0.022504
-0.010000
0.070111
0.147660
0.030028
-0.100376
0.045965
0.016383
-0.009384
0.374390
0.050850
-0.031857
-0.021729
-0.022679
0.060553
0.104474
0.007421
0.066241
0.177890
0.034025
0.038448
0.009936
0.082763
0.022466
0.084943
0.079096
0.045682
0.013269
0.097331
0.057311
-0.082493
0.081210
-0.064134
0.091665
0.044915
0.035415
0.027205
0.016855
0.002557
-0.014226
0.008421
0.060161
0.030425
0.027662
0.072194
0.022850
-0.020301
0.010272
-0.037510
0.014665
0.053495
0.029490
0.034859
-0.084654
-0.005420
-0.026505
0.010392
-0.004597
0.015364
0.034382
0.139562
0.010064
0.099215
0.032271
-0.220084
0.079974
0.073748
0.061025
0.058239
0.039401
-0.012314
0.070927
0.105368
0.108187
0.081260
-0.026285
0.092247
0.007649
0.000498
0.108310
0.016865
-0.009642
0.020127
0.043991
-0.032744
0.006580
0.011815
-0.043426
-0.015848
0.001027
0.103498
0.010912
-0.082252
0.149692
0.023002
0.082738
-0.074296
-0.007605
-0.019507
0.087989
0.047450
0.048774
0.046087
0.024661
0.184412
0.000000
-0.012935
-0.010453
0.047291
0.006538
0.099128
-0.038669
0.068285
0.093796
0.021396
-0.016880
0.092192
0.049234
0.035108
-0.002927
0.020787
0.015733
0.036781
0.045511
0.070775
-0.051691
-0.090424
-0.016725
-0.007581
-0.028386
0.068882
0.027005
-0.073165
-0.077355
-0.027491
0.022477
-0.022042
-0.024042
-0.031950
0.031640
0.017321
-0.005271
-0.002917
0.026211
0.000474
0.056092
0.068400
-0.073086
-0.002503
0.012830
0.073307
0.065051
-0.030337
0.044501
0.101090
0.051984
-0.027952
0.054103
0.054925
0.108164
0.021059
0.017761
-0.044602
-0.025442
0.050191
0.128037
-0.038532
0.099610
-0.031562
0.000517
0.060555
-0.005367
-0.029199
-0.006445
-0.062302
-0.051391
0.057792
-0.019660
0.012438
0.085564
0.003226
0.008694
0.002925
0.010067
0.006315
0.006816
0.072205
0.012602
0.109154
-0.024090
0.038737
0.002562
0.019111
-0.047433
0.069417
0.032474
0.064471
0.001212
-0.003393
-0.046166
-0.004448
0.049679
0.021243
-0.007426
0.056508
0.025204
0.165441
0.013484
0.005846
-0.019665
0.002023
-0.024761
-0.004631
-0.037798
0.076621
-0.018484
-0.008338
0.068282
-0.000763
-0.001708
-0.037228
0.045617
0.079348
-0.001845
0.073534
0.047558
0.076155
-0.050807
0.029018
-0.053500
-0.039060
0.026876
0.035749
-0.015939
0.050182
0.093358
0.054329
0.075396
0.039134
0.049102
0.014145
0.122541
0.046547
0.005401
0.025400
0.037118
-0.025313
0.022608
0.128735
0.002449
0.123953
-0.117657
0.005294
0.010905
0.021845
0.423105
0.181594
0.012869
0.100757
-0.000076
-0.043120
0.001787
-0.033345
0.036494
0.012376
-0.060565
0.052811
-0.055830
0.128397
-0.031462
-0.037987
0.068502
-0.040291
0.024424
-0.044067
0.079512
0.134753
0.098545
0.028332
-0.019035
0.025223
0.016358
-0.006921
-0.000219
0.002691
-0.105548
0.019194
0.017345
-0.016001
-0.081567
0.245153
-0.014500
0.061296
0.057529
0.056976
0.046351
-0.044976
0.041925
0.047882
0.049574
0.029830
0.062639
0.026292
0.016120
0.046343
0.001385
0.013807
-0.058990
0.046688
-0.000430
-0.015750
0.008265
0.035527
0.068834
0.003702
-0.006312
-0.040998
0.079325
0.090353
0.082275
0.040958
0.008181
-0.062994
0.263873
-0.009430
0.146078
-0.057715
-0.010122
-0.067325
-0.071772
0.075019
-0.027687
0.012476
0.052133
0.002942
0.047070
0.098585
-0.103007
0.125372
0.015891
0.127894
-0.017618
0.069646
-0.047466
-0.009268
-0.036437
0.021981
0.076370
-0.004039
-0.011014
0.036670
0.051728
0.050586
0.043207
0.081459
-0.019890
0.056870
-0.006800
0.004724
0.049622
-0.007400
-0.009717
-0.065543
0.000697
-0.000883
-0.006752
0.090398
0.036052
0.055815
0.050994
0.061695
-0.084902
-0.029952
0.069454
0.039960
0.042736
0.038553
-0.002436
-0.021619
0.035345
0.070744
0.016069
-0.028584
0.055516
0.058076
0.043131
0.096902
0.159218
-0.008044
0.009564
0.028967
0.105281
0.010510
-0.095759
0.061658
0.028418
0.043814
0.095219
0.015536
0.011679
-0.026392
0.121708
-0.051160
-0.044866
-0.024831
0.007377
0.015253
0.048293
0.020880
0.254337
0.022456
0.055327
-0.006436
-0.011410
-0.046518
0.047521
0.057188
-0.014229
0.000000
0.036532
0.040900
0.009662
-0.021155
0.034054
-0.051598
-0.004753
-0.076921
-0.018105
-0.095246
-0.016060
-0.012631
0.023317
0.036752
0.057069
0.094468
0.031006
0.071560
-0.504832
-0.002516
0.106308
0.042126
-0.093166
0.131469
0.130732
0.089604
-0.032609
-0.001644
0.028613
0.030565
0.018161
0.079172
0.004585
0.099700
-0.026070
-0.042510
0.033288
0.023022
0.049388
-0.047641
0.064357
0.113273
0.040809
0.052494
0.027265
-0.062387
0.017417
0.014411
-0.021609
-0.005223
-0.001179
0.022884
0.084700
-0.067078
0.014221
0.040109
-0.016827
-0.070009
0.030182
-0.004326
0.033839
-0.056285
-0.012026
0.011648
-0.031314
-0.014932
0.120093
0.079146
-0.008877
-0.051838
0.095631
0.029141
0.109693
0.079596
0.058500
0.008235
0.013215
0.112765
0.009201
-0.019422
-0.025455
0.025847
-0.004237
0.030645
-0.100090
0.028897
0.008957
0.093162
-0.070758
0.002896
-0.016450
0.084220
0.000000
0.161763
-0.013587
0.124746
0.088076
0.019313
-0.044328
0.027073
-0.002989
-0.007813
-0.030147
-0.016810
0.082734
0.033535
-0.013023
0.009856
-0.013087
0.063005
0.029086
-0.000811
0.093084
0.001843
0.054744
-0.027051
0.076172
0.011603
0.111780
0.063668
0.051642
0.059065
0.019994
-0.051620
0.015007
-0.007912
0.077328
0.032666
0.020783
0.137296
-0.029518
0.088091
0.049057
-0.019072
-0.131668
-0.003996
0.042202
0.024053
0.020306
0.008246
-0.016151
0.030145
0.053891
0.001127
0.063679
0.092232
0.118315
0.051176
0.015580
0.143487
0.003285
0.139194
0.020751
-0.056404
0.113180
0.032893
0.022225
0.040914
0.035571
-0.003008
-0.036591
-0.008100
-0.002108
-0.010193
0.000914
0.041104
-0.018622
0.077200
-0.023698
0.044943
0.113581
0.081980
0.014944
0.089465
0.109235
0.049721
0.114010
0.023051
0.120661
-0.057527
-0.033674
0.000729
-0.004630
0.060653
0.020902
0.063156
-0.040099
0.131150
0.042678
0.099396
0.035322
0.154724
0.052570
-0.019380
-0.006162
0.042069
0.061705
0.239634
0.077656
0.078530
0.082086
0.097654
0.051806
0.064102
0.032003
-0.009517
0.084605
0.007159
-0.011037
-0.001566
-0.012605
0.083099
0.091976
0.080824
0.119419
-0.024472
0.093538
0.002776
0.024434
-0.097134
0.069875
-0.022633
-0.103462
0.057171
0.051115
0.099944
0.134687
0.031695
0.171409
0.024468
-0.079290
0.032587
0.000048
0.075011
0.013864
0.065684
0.025566
0.008333
0.051976
0.037312
-0.053649
0.058746
-0.067755
0.035075
0.030611
-0.099050
0.079984
0.024119
0.088066
-0.008340
-0.040790
0.148103
0.004315
0.000573
0.326739
0.032660
0.042115
0.004560
0.025510
0.272406
0.123338
0.128088
-0.069736
0.077248
0.052122
0.090199
0.034984
0.030455
0.044533
0.026625
0.072588
-0.006788
0.035365
0.149118
0.080312
0.040598
0.027018
0.046343
-0.003780
0.091262
0.018678
0.014733
0.016665
0.070285
-0.039281
-0.042447
-0.123302
-0.037815
-0.017033
0.083053
0.074261
0.045341
0.054625
0.117489
0.059265
0.071939
0.026941
0.006015
0.058153
-0.030205
0.072046
0.077731
0.024824
0.006285
0.037142
-0.077513
0.043352
0.083460
0.013110
0.033526
0.052232
0.027963
0.058533
0.030079
0.044312
-0.034059
0.055330
0.136394
0.091875
-0.061125
0.003475
-0.059323
-0.025221
0.025798
0.010620
0.005828
-0.005034
0.005250
-0.028888
0.057562
0.002581
0.017591
-0.033457
0.003069
-0.017937
-0.039226
0.093484
-0.067403
0.038274
-0.012054
0.061446
0.108794
0.066345
-0.012015
0.057525
-0.005557
-0.006160
0.018856
-0.004424
-0.029160
0.018030
0.015905
-0.032589
0.021821
-0.019716
0.036752
0.051640
0.176115
0.042046
0.140784
-0.034899
0.120178
0.009067
0.089462
0.076537
0.076920
0.059405
0.045062
0.021291
0.024378
0.014649
0.086452
0.021140
-0.022301
-0.053796
0.080353
0.099707
0.008770
0.147432
0.062125
-0.067985
0.014687
-0.020404
0.027951
0.021846
0.034869
0.041560
0.010679
-0.024131
0.115436
0.049613
-0.005034
0.104277
0.019687
0.004657
0.049760
0.007930
-0.016679
0.016277
-0.041797
0.057752
0.015262
0.019654
0.199330
0.059982
-0.046935
0.036254
-0.089471
0.001436
-0.035872
-0.001632
0.148712
0.039485
0.121045
0.067007
-0.002878
0.072172
0.044645
-0.029255
-0.058037
-0.013001
-0.026033
0.004382
-0.044658
0.000000
0.046561
0.050788
0.013515
0.058590
0.015012
0.045915
-0.021819
-0.078550
0.051574
0.047541
0.026683
0.120985
0.009461
-0.022258
0.002903
-0.026245
0.020302
0.063837
0.018175
0.033616
-0.025773
0.067052
0.123073
0.040581
-0.014740
0.039141
0.101826
0.063358
0.035631
0.023972
0.041255
-0.028965
0.000539
0.000000
-0.030620
-0.071673
0.031884
-0.007723
0.019922
0.111841
0.023443
0.008739
0.031959
0.014860
0.000000
0.008322
-0.014074
0.001815
0.079668
0.034872
-0.026502
-0.004187
0.209605
-0.018458
0.000000
0.025770
0.023756
0.032928
-0.031291
0.081415
0.071361
0.027553
-0.046251
0.073296
0.021741
0.021237
0.106754
0.103189
0.008650
0.041664
0.055129
0.009540
0.086475
0.111201
0.116814
-0.010671
-0.043778
-0.024542
0.032648
0.212400
-0.084872
0.030707
0.020639
0.018542
0.008326
-0.022947
0.124182
0.094979
0.008145
0.023211
-0.001458
-0.010460
-0.023324
-0.052056
0.015313
-0.018822
0.032261
0.008696
0.009511
-0.016803
0.003935
-0.037077
-0.001243
-0.045239
-0.005635
0.043668
0.020190
0.007467
-0.089228
-0.027672
-0.037614
0.034521
0.014145
-0.046873
0.051094
0.060315
0.106085
0.111608
0.018057
0.050567
-0.075245
-0.022032
0.109346
0.039405
0.086013
0.040217
0.005451
0.124263
0.004647
0.152337
0.076500
0.034040
0.049105
0.045422
0.127698
-0.032166
-0.020102
0.060292
-0.020968
0.067845
0.046635
0.120876
0.010936
0.028852
0.070887
-0.024701
0.055711
-0.025747
0.019561
0.046228
-0.053244
0.016984
-0.033912
0.024088
0.123566
0.032224
0.076395
0.058259
0.085733
0.163987
0.112244
0.007643
0.083222
0.022463
0.103702
-0.026820
0.012132
0.004861
-0.011716
-0.012179
0.032797
0.033538
0.011357
0.089610
0.049337
0.112735
0.006447
0.070778
0.022339
0.044542
0.120372
0.079131
0.172467
0.204555
-0.001542
0.005178
-0.022645
0.075699
0.050106
0.054963
0.133901
0.009839
-0.058419
0.008274
0.047558
0.133211
0.054020
0.106436
0.086348
0.003855
-0.016774
0.008429
0.047066
0.086094
0.022083
-0.007375
0.006964
0.002593
0.207697
0.029603
0.048146
-0.029356
-0.043501
0.051325
0.023756
-0.064553
-0.033758
0.100067
0.021016
0.020934
0.004916
-0.176921
0.084921
-0.002104
-0.085197
0.047483
-0.033553
0.005588
-0.015232
0.037356
0.118809
0.033778
0.044900
-0.025385
0.008013
0.021663
0.017461
-0.032576
0.021541
0.007895
0.050966
0.095680
-0.020822
-0.007358
0.129356
0.093690
-0.000156
0.023423
0.095087
-0.018109
0.063676
-0.016548
0.032759
0.090035
0.057261
0.032549
0.103580
0.075728
0.133139
0.002466
0.149426
-0.050651
0.032616
-0.018569
0.068800
-0.006064
0.026789
0.035845
0.047726
-0.003632
0.047709
0.012325
0.036170
-0.042595
0.073571
0.047690
0.029300
-0.098458
0.131971
0.018978
-0.008422
-0.012007
0.079001
-0.000057
0.046791
-0.032461
0.016041
-0.035285
0.134791
0.083788
0.016676
-0.036500
0.060478
0.033974
0.085531
0.049956
-0.014729
0.050644
0.010947
0.045124
-0.002911
0.017848
0.029392
0.059903
0.071098
0.046147
-0.028789
0.003322
0.018837
0.012246
0.011872
-0.008526
-0.026842
0.123775
0.113049
0.065423
-0.033591
0.078477
0.008989
0.009866
0.047931
-0.048707
-0.013016
0.064183
0.055243
-0.010109
-0.044626
-0.025627
-0.026273
0.035359
0.018206
0.091175
0.035540
0.084127
0.154094
0.015624
-0.010149
0.033192
0.012267
0.032097
0.024792
-0.020423
0.085925
-0.039710
-0.066227
0.062270
0.033921
0.010473
0.029687
-0.059964
-0.067100
0.045566
-0.032966
-0.006791
0.084267
0.061161
0.073201
0.007461
0.093145
0.055670
0.057010
0.075774
0.005606
-0.040868
-0.006300
-0.066481
0.002192
-0.025073
-0.005011
-0.023216
-0.004265
0.074648
-0.004300
0.094382
0.028297
-0.054954
-0.038282
0.060974
-0.038391
0.088770
0.077795
0.128460
-0.095497
0.049919
0.048659
0.005465
0.005615
0.116016
0.033520
0.029762
0.014022
0.029517
0.128599
0.040050
0.035834
-0.019728
0.004989
0.004136
0.020658
0.043120
0.040866
0.117723
0.037882
0.006019
0.017925
0.005159
0.093525
0.053070
0.143228
0.031833
0.023578
0.068103
0.032099
-0.034496
-0.037793
-0.060644
-0.044282
-0.065292
-0.042075
-0.031176
0.003213
0.059156
0.080127
-0.069536
0.043428
-0.003364
0.000448
0.043771
0.046208
0.104317
0.017074
0.063998
-0.039226
0.028982
0.029103
0.030864
0.029905
0.018493
0.066948
0.066920
0.057344
0.078845
0.072236
0.044798
0.029697
0.041439
-0.007527
-0.021761
0.099856
-0.015866
-0.074459
0.103390
0.026090
0.030816
0.109794
0.086803
0.012678
0.061445
-0.095349
0.063827
-0.000065
0.037974
0.036689
0.041579
0.055753
0.105507
0.011570
0.005345
-0.010891
0.057214
0.097986
0.042401
-0.063613
0.129155
0.058005
0.026164
0.031155
0.022711
0.016066
0.121853
0.017853
0.021505
0.043136
-0.009508
0.007564
-0.009275
0.058847
0.133093
0.040627
0.019915
0.112872
-0.020488
0.051425
0.036828
0.032485
0.013969
0.050912
0.019524
0.040418
0.065273
0.055037
0.034647
0.080443
-0.023372
-0.018429
0.004984
-0.022905
0.096602
0.034560
0.019693
0.000000
-0.031129
0.032058
-0.035860
-0.012718
0.064864
0.028510
0.050622
0.035285
-0.003933
0.012284
0.038195
0.017832
0.023550
0.053813
0.031438
-0.018858
-0.001118
0.000136
-0.010111
-0.067103
0.119271
-0.015294
-0.002864
0.006838
-0.036060
0.059646
0.074374
0.011289
0.058862
0.025766
-0.005045
0.147238
0.068186
0.065772
-0.002653
0.023529
0.113107
0.030492
0.014532
0.032372
-0.036571
-0.002864
0.014850
-0.006698
-0.028690
0.039617
-0.045531
0.103020
0.083023
0.146454
0.096458
0.139694
-0.044131
0.047877
0.030475
-0.072235
0.040209
0.046979
0.051292
-0.015208
0.088965
-0.063031
0.019609
-0.000481
0.021128
0.042270
0.014530
0.071901
0.076523
0.048484
-0.030781
0.046720
0.168018
0.046101
-0.046314
0.061103
0.038506
0.005513
0.179838
0.000297
0.044771
0.113964
0.108241
0.033104
0.026458
-0.010286
0.008806
0.053508
0.082600
0.016892
0.033113
0.000593
0.047711
0.093592
0.104828
0.030499
0.037138
0.050960
0.084975
0.042592
0.000000
0.059226
-0.018922
0.006485
-0.004727
0.024004
0.045847
0.000000
-0.016560
0.025579
-0.011863
0.105001
0.059559
0.042614
0.052064
-0.007274
0.032298
0.019391
0.019583
-0.033215
-0.008362
0.059861
0.009294
0.030739
0.047895
0.023678
0.067685
0.017486
0.038690
0.005497
0.078718
-0.032626
0.025533
0.016801
0.030612
-0.018287
-0.019051
0.091262
0.019565
-0.029203
0.044668
-0.011389
0.024938
-0.006713
0.085819
-0.022636
0.048663
0.041207
0.020375
-0.001786
0.109781
0.046959
0.040820
-0.039285
0.059880
0.225676
-0.005040
-0.091490
0.026051
-0.022336
0.025415
0.060268
0.020906
-0.015902
-0.057653
-0.042147
0.093341
0.034083
0.019009
0.032158
0.163462
0.015975
0.170758
0.025070
0.013065
-0.018877
0.070317
-0.062274
0.058656
0.039428
0.046862
0.083540
0.035625
0.052543
0.041566
0.054448
-0.041222
0.003580
0.191209
0.045202
0.169746
0.049136
-0.062629
0.054783
0.004634
0.065399
-0.004650
-0.020645
0.004795
0.089920
-0.024580
-0.017134
-0.000554
0.004662
0.058725
0.018065
0.108981
0.013862
-0.058956
-0.088814
0.004167
0.035696
0.079597
0.001967
0.029307
0.053069
-0.064797
0.034795
0.162275
0.002754
0.055919
-0.047312
0.022137
0.038260
0.000000
0.000000
0.000000
0.000000
-0.003196
-0.022146
-0.034079
0.047514
0.000846
0.079367
-0.066281
0.100825
0.136171
0.083096
-0.037750
-0.060100
0.009369
0.083588
-0.020393
0.008896
0.028192
0.105502
0.064433
0.091688
0.057047
-0.014353
-0.017403
0.083413
0.016679
-0.095414
-0.086267
-0.001069
0.004410
-0.020547
-0.060197
0.021219
0.134203
0.012567
0.014393
0.162451
-0.002359
0.155483
0.080342
0.098121
0.145894
0.024982
0.255923
0.019732
-0.020896
0.023961
0.055593
-0.005933
0.109311
0.127464
0.089733
0.096283
0.020003
0.020239
-0.024204
-0.019002
0.006042
0.120259
0.154804
-0.021017
0.159136
0.124140
-0.043589
0.139458
0.115492
-0.009637
-0.018639
-0.005933
0.012365
0.186707
0.011901
0.088994
0.101083
0.022096
0.000484
0.010903
-0.121616
0.038191
-0.023508
0.076585
0.015750
0.097993
0.027512
0.111810
-0.055798
-0.007277
0.136254
-0.006783
0.081793
0.063133
0.004022
0.109298
-0.020802
0.005438
0.064732
-0.085697
0.029464
0.114847
-0.039489
0.069983
0.046408
-0.007385
0.032395
0.040485
-0.018258
0.018797
-0.017589
0.034419
-0.009981
0.004626
-0.000132
0.026547
-0.012611
0.049238
0.022904
0.000000
0.025705
0.069150
0.009459
0.000000
-0.004170
0.002536
0.055132
-0.040343
-0.047954
-0.003994
0.007131
-0.009990
0.015539
0.030522
0.120624
0.010314
0.087877
-0.027446
0.084175
-0.004211
0.044138
0.041947
0.051386
-0.004192
0.052316
0.064366
0.101423
0.037166
0.014943
0.038498
0.020675
-0.009567
0.087126
0.013015
0.012783
-0.009667
0.062612
0.014998
-0.002892
0.040129
-0.059568
-0.047788
-0.030575
-0.047856
0.023799
0.009792
-0.014244
-0.023816
-0.011909
-0.008713
0.070304
0.080228
-0.020345
-0.021339
-0.006708
0.025265
0.038296
-0.041086
0.049685
-0.073746
0.058890
-0.000142
-0.023894
0.049459
-0.032016
0.050011
0.013135
0.048713
-0.072436
0.010456
0.009015
0.050110
0.060667
-0.005841
-0.001039
-0.055599
0.108901
0.090309
0.020768
0.027000
0.054192
0.007964
0.014222
0.068277
-0.022378
0.011106
0.013148
0.061506
0.062450
0.054229
-0.056577
0.002554
0.042712
-0.017038
0.001159
0.004412
0.057458
-0.024667
0.033528
0.083926
0.125084
0.000910
0.006846
0.026469
0.057535
-0.012984
0.030952
0.083070
0.060538
0.020235
0.089587
0.008477
0.082856
0.011794
-0.030371
-0.004724
0.010430
0.022236
0.050793
0.014531
0.012270
0.055803
0.045121
0.051539
0.054879
-0.017487
0.063401
0.049971
-0.009049
0.011427
0.038389
-0.028378
0.004815
0.040153
0.080231
0.021767
0.064603
-0.002071
0.063472
-0.012485
-0.012860
0.056547
-0.004651
0.006639
-0.004823
-0.003173
0.003464
-0.010637
-0.025388
0.046220
0.013959
0.092333
0.138030
0.009044
-0.055064
-0.010081
-0.071142
0.086320
0.018255
0.000000
0.032084
-0.005355
0.045268
-0.009946
0.036079
-0.002790
-0.010024
-0.011151
0.004796
0.017491
0.114359
-0.042939
0.020578
0.018417
0.065652
0.054532
0.015070
0.023231
0.000000
0.064320
-0.036392
0.036191
0.039831
0.085364
-0.086091
0.099617
-0.012815
-0.072708
0.043713
0.088354
0.037952
-0.023203
-0.082196
0.013987
-0.022476
-0.018055
-0.012876
0.030899
0.038606
-0.021438
0.074927
-0.086484
-0.023805
0.001297
-0.022578
0.080932
0.096944
0.017035
0.033434
0.091890
0.057996
0.019716
-0.052696
0.000000
0.007871
-0.003553
-0.049672
-0.003428
-0.038819
-0.050023
0.023648
-0.005180
0.194737
-0.018096
0.008671
0.070017
0.083096
0.002448
-0.074979
0.031098
-0.002258
0.019892
0.079229
-0.017718
-0.021816
-0.023700
0.032520
-0.015390
-0.001629
0.079890
0.046721
-0.036646
-0.007755
0.090458
0.112791
0.114643
0.028251
0.076546
0.063851
0.181513
0.088716
0.004398
0.162376
0.032430
-0.044955
0.005407
-0.009299
0.043036
-0.001640
0.027287
-0.032848
-0.032170
-0.040871
-0.029152
-0.038277
0.024795
-0.007703
0.043509
0.037638
0.008239
0.002560
0.030155
0.011543
-0.023641
-0.009168
0.020349
0.061110
-0.018893
-0.013075
0.088739
0.082022
0.056891
-0.036770
0.012865
0.034245
0.020463
0.011532
0.033299
0.006798
-0.005270
0.004054
-0.020413
0.185600
-0.017776
0.048895
-0.005861
-0.009292
0.052819
0.100586
0.104668
0.014418
-0.081509
-0.034045
0.020075
0.003825
-0.020429
-0.015086
0.023962
0.053823
0.053239
0.115247
0.008209
0.003032
0.017451
0.058347
0.053116
-0.008667
-0.013299
0.077991
0.000795
-0.003994
-0.001729
0.040573
0.046844
0.093220
0.020818
-0.024115
-0.005220
-0.008711
-0.033324
-0.022132
0.023113
0.048495
0.043943
-0.024883
-0.026065
-0.000156
-0.023442
-0.014163
-0.019700
0.050314
0.049165
-0.041235
0.128377
0.082642
-0.008671
0.020425
0.007586
0.106790
-0.005059
0.021272
-0.105222
0.046974
-0.010569
0.004038
0.039528
0.029596
0.031533
-0.025759
0.125483
0.000408
0.084775
0.033889
0.018971
0.000000
0.017637
0.102958
0.014786
-0.075488
0.009759
0.000146
0.030944
-0.067519
0.041569
-0.040031
-0.021583
0.062836
0.015776
-0.026815
0.067885
-0.019779
-0.046084
-0.001756
0.015171
-0.045893
-0.020272
0.067796
-0.006691
-0.034631
-0.037769
-0.018593
0.038660
0.043432
0.006632
-0.054879
0.063576
-0.022496
-0.021811
0.010636
-0.012412
-0.011933
-0.035900
0.041860
0.032404
0.042709
-0.005449
-0.034401
0.026410
-0.011618
0.032354
0.098697
-0.048538
0.038781
0.096493
0.005126
0.066931
-0.057807
-0.027425
0.021294
0.050297
-0.013203
0.095375
-0.026974
0.004380
0.130546
-0.025580
0.000259
-0.006956
0.030059
-0.004815
0.059355
0.000295
0.043793
0.018759
0.049036
0.010049
0.030937
0.070693
0.002812
-0.011893
-0.015478
-0.010990
0.029163
0.052529
0.170632
0.011098
0.063354
-0.025784
-0.019580
-0.098608
0.016563
0.101440
-0.030344
0.052816
0.118498
0.021480
0.053517
0.021167
0.104802
0.048782
0.049680
0.044670
0.032081
0.007303
-0.042720
0.054149
0.003542
0.040706
0.038118
0.168464
-0.023480
0.057066
-0.019490
-0.047504
-0.042968
-0.011268
-0.010632
-0.029292
0.013407
0.020033
0.053643
0.002313
0.084199
-0.016338
0.024463
0.002479
-0.021942
0.044823
0.018190
0.002103
0.068640
-0.026776
0.010102
0.105712
0.018403
0.039352
-0.015104
-0.035267
0.008543
-0.091263
-0.016200
-0.014385
0.041971
0.112978
0.051760
0.000484
0.050132
0.088572
0.105831
-0.003890
0.102904
-0.018624
0.009931
-0.023175
0.073761
0.044485
0.005757
-0.004964
-0.008126
0.006758
-0.020995
0.047007
-0.050939
0.005189
-0.088893
-0.030567
0.032930
0.038160
0.075587
0.060848
0.002065
0.003302
0.029309
-0.006046
-0.000610
0.052471
0.027588
-0.000507
0.034376
0.085243
-0.065658
0.138502
0.079295
-0.009418
0.007848
0.099230
-0.066244
0.018837
-0.002255
-0.005470
0.004744
0.000000
0.035322
0.033354
0.027062
-0.064932
0.067284
0.128817
-0.058612
0.015055
0.066760
-0.081980
0.111655
-0.003948
-0.100565
-0.030908
-0.007935
-0.064414
0.048238
-0.020483
0.020638
-0.095983
0.025142
0.074524
-0.089981
-0.032175
-0.002399
0.072111
0.005362
-0.041164
0.023255
-0.051686
-0.071854
0.036614
0.163823
0.009046
-0.038400
-0.010114
0.081217
0.014965
-0.028440
-0.019934
-0.010938
0.039060
0.098611
-0.005420
0.009825
-0.013902
-0.035790
0.013235
-0.000290
0.078565
0.061880
0.023135
0.114114
0.112970
-0.034354
0.038533
0.006868
0.005140
0.070621
0.152270
0.142691
-0.019783
0.048173
-0.025171
-0.010060
-0.014723
0.070226
0.013732
0.076406
0.027306
-0.026912
-0.056983
0.029379
0.006368
0.043295
0.109907
0.021924
0.021591
0.010756
-0.008481
-0.108888
0.029173
0.008499
0.031725
0.005651
-0.015341
0.223377
0.051714
0.063867
0.014500
0.020397
0.045888
0.083663
-0.014457
-0.043729
-0.118011
-0.006740
0.024840
0.025613
-0.059157
0.035071
0.076079
-0.129682
0.011558
-0.027888
0.087776
0.051050
0.212841
0.043814
0.015712
0.049261
0.007520
-0.019769
0.057737
0.042339
0.077982
0.092477
0.039912
0.047704
0.017559
0.026671
0.009147
0.053751
0.024309
0.055623
0.086144
0.074691
0.016884
0.158965
-0.026242
0.095716
-0.001799
0.164602
0.118744
-0.005380
-0.033143
-0.001098
-0.000536
0.047102
-0.030078
0.063132
-0.004649
-0.020048
0.021988
0.127816
0.031910
0.135089
-0.028580
0.048338
0.030809
0.042841
-0.105253
0.027211
-0.034241
-0.015817
0.056410
-0.018099
0.054311
-0.021190
0.199082
0.002757
0.018364
-0.103201
0.039287
-0.017164
0.106035
0.136208
0.224952
-0.014426
0.096142
0.064530
0.054090
0.005269
0.012242
-0.017570
0.176980
0.046387
0.115528
0.056946
-0.010047
0.014446
-0.020534
0.017755
-0.028854
0.063051
0.066757
0.060681
0.039580
0.086169
-0.031622
0.018380
0.055505
0.028436
0.000000
-0.078855
0.043427
0.066327
0.096193
-0.035688
-0.023746
-0.005339
0.029585
0.066623
0.027100
0.018041
0.064747
0.004715
0.059084
0.004996
-0.027285
0.070635
-0.027868
0.007044
-0.020674
0.015427
0.013046
0.035594
0.025057
0.111174
0.004143
0.013950
0.132219
0.006122
-0.009103
-0.059087
0.060479
0.040706
0.044886
0.048488
-0.017748
0.007964
0.046972
-0.048464
0.092149
0.101244
-0.026506
0.076363
-0.009496
0.074768
-0.018608
0.101155
-0.008620
-0.011103
-0.069353
0.007155
-0.005158
-0.017544
0.049688
-0.011661
0.116554
0.018414
-0.000575
0.034825
0.192466
0.118095
0.045962
0.107196
0.058271
-0.056348
0.070002
0.019334
0.024312
0.072214
0.080982
0.168046
-0.005442
0.001516
0.001385
-0.009655
0.001797
0.051187
-0.008722
-0.108908
0.025855
-0.004165
0.064711
0.069403
0.057197
-0.027195
0.061893
-0.068838
0.048934
0.042656
0.068095
0.057872
-0.005218
0.094133
0.009355
0.057740
0.058716
0.032117
0.033413
0.009927
-0.028502
0.001006
0.043169
-0.015022
-0.010288
0.143255
-0.038344
0.048945
0.084998
-0.005567
0.137207
0.038867
0.026065
0.040301
0.038703
0.014994
-0.013485
0.018460
-0.014869
-0.009014
0.051922
0.049288
0.035550
-0.045363
-0.042731
-0.073148
0.081250
0.006990
0.022979
0.063577
0.027999
0.014356
0.045055
-0.054562
0.006074
-0.026377
0.052086
0.018413
0.003811
0.051020
0.208871
0.017142
0.041313
-0.012159
0.151435
0.072909
-0.006041
0.108828
-0.002344
-0.013701
-0.019327
-0.051084
-0.049792
-0.014742
0.032356
0.065669
0.059584
0.023711
0.022413
0.027904
0.045760
0.076403
-0.007975
0.023251
0.061950
0.074781
0.044059
-0.008767
0.020808
0.019433
0.071725
0.060758
0.109482
0.007002
-0.001139
0.037215
0.043456
-0.005055
-0.135650
0.002376
0.161115
0.015729
0.166019
0.040292
0.063006
0.017523
0.067741
0.172250
0.095524
0.105317
0.081691
0.025695
0.023379
0.071677
0.153405
0.144026
0.125586
0.046455
-0.033423
0.041339
0.052642
0.006664
0.017108
-0.010592
0.006770
0.084359
-0.041688
0.031352
-0.025376
0.181619
0.056306
-0.060163
-0.057368
0.088870
0.079088
0.056681
0.024643
0.006462
0.046320
-0.040420
0.025413
0.059264
0.007957
0.002704
-0.029681
0.075621
0.007351
0.012968
0.078095
-0.012116
0.014526
-0.006275
0.041412
0.030967
0.010907
0.068975
-0.004383
-0.057849
0.063161
-0.003234
0.008564
-0.011784
0.038191
0.015710
-0.035214
0.039848
0.081968
-0.065328
0.074935
0.074566
0.089220
0.180583
0.059755
0.040334
-0.024760
0.012860
-0.032718
0.123800
0.000700
-0.019902
0.015072
-0.016349
-0.039840
-0.018425
-0.013086
0.051109
0.036082
0.047686
-0.009403
-0.011075
-0.000487
0.013133
-0.025389
0.011552
0.082830
0.004893
-0.037133
0.011446
0.076892
0.017567
-0.003005
-0.106607
-0.024439
-0.010351
0.037400
0.046618
0.027192
0.024662
0.030198
0.052418
0.029337
0.084510
0.012323
0.124339
0.156323
0.041570
0.058455
0.053488
0.004485
0.106908
0.052056
0.057778
0.016184
0.025714
0.038229
0.024892
0.013556
0.022126
-0.013277
0.196050
-0.052894
-0.069452
-0.100663
0.026024
0.209283
-0.023221
0.223540
0.033265
0.052627
-0.052295
0.033164
-0.000480
0.024756
0.058656
-0.000223
0.050823
0.083029
0.061418
0.105099
0.041418
-0.037243
-0.071449
-0.029565
0.022365
0.078912
0.092086
0.095280
0.086588
0.019559
0.048990
-0.023052
-0.075226
0.033394
0.039868
-0.005642
0.038367
0.133712
0.076059
0.111063
0.114214
0.052840
0.041523
0.131441
-0.007580
-0.040447
0.089492
0.037601
0.008830
-0.037937
-0.053562
0.035467
0.012558
0.000841
-0.009020
0.127685
-0.113424
0.004630
-0.028440
0.006151
0.015626
0.026268
0.010725
0.044261
0.001378
0.082133
0.139726
0.015752
0.221725
0.128672
0.059325
0.010335
0.051702
-0.053412
0.027015
0.013794
0.095732
0.026740
-0.001846
0.032853
0.074598
0.035016
0.049016
0.001196
-0.032328
-0.036680
0.025843
0.014073
0.024733
-0.019138
-0.067662
-0.112339
0.082356
-0.001535
0.019196
0.101380
0.006190
0.044655
0.129263
0.078336
-0.042799
-0.008029
0.045495
0.048247
0.032202
0.026191
0.049054
0.054906
-0.001263
0.085266
0.085730
0.035446
0.020862
0.123843
0.007158
0.068984
0.025941
-0.022593
0.011676
0.010096
0.020224
0.186382
-0.031015
0.023518
-0.078674
0.009941
0.003305
0.010743
0.112629
-0.034054
-0.006810
0.059265
-0.042395
0.045923
0.124721
0.023914
0.058211
-0.031045
0.049408
-0.066897
0.005852
0.000460
-0.000071
0.007874
0.045715
0.065229
0.069948
-0.031606
0.007182
0.052284
-0.022418
-0.039698
-0.059845
-0.041490
0.127961
0.056483
0.018686
0.103892
0.046629
-0.017163
0.049409
-0.004026
0.054692
0.080027
0.012600
0.132603
0.066898
-0.001311
0.005019
0.057552
0.008966
-0.011775
0.043382
-0.020721
-0.011244
0.019137
-0.019770
-0.004730
0.033804
0.103674
-0.013478
0.025633
0.041434
0.058374
0.096006
0.083988
0.005672
0.025407
0.088277
0.009879
0.016547
-0.029777
0.069493
-0.024955
0.001803
0.074553
0.091625
0.004591
0.083918
0.018122
0.000000
0.050403
-0.008400
0.014864
-0.013208
0.023659
0.064728
0.045880
-0.024484
0.043033
0.171633
0.041657
0.049300
0.018518
0.025768
0.011071
0.126471
0.088234
0.081194
-0.014539
0.069077
-0.012446
-0.009560
-0.117480
-0.025507
-0.049275
0.006213
-0.015223
0.106374
0.068882
0.059820
0.004511
-0.002312
0.007981
0.146440
0.012997
0.021422
0.005304
0.051630
0.228665
0.033399
0.177054
-0.014132
0.110777
0.013092
-0.015719
0.071972
0.058133
0.052147
0.030747
0.029869
0.068683
0.045543
-0.017294
-0.017028
0.059274
0.067492
0.029693
0.088829
0.015185
0.028776
-0.014079
-0.014678
0.023840
0.012694
-0.025571
-0.074367
-0.059068
-0.081869
0.008572
0.022196
0.023532
0.053834
0.108802
0.038521
0.038180
0.003034
0.037910
0.032448
-0.034454
0.051122
0.109835
-0.019922
0.012096
-0.022041
-0.050916
0.019341
-0.052381
0.025799
-0.110224
-0.011931
-0.034866
0.003184
-0.027679
0.005106
0.072957
0.051562
0.019050
0.085846
-0.019922
-0.022536
-0.004348
-0.060738
-0.017520
0.038297
0.048866
0.038062
0.016011
-0.000227
0.044319
0.025334
0.005332
-0.004547
0.000895
0.002164
0.014425
0.168622
0.042740
-0.041568
0.064211
0.021488
-0.011770
0.123806
0.172935
0.205601
0.043012
-0.004737
0.011116
0.002570
0.027527
0.071866
0.044002
0.064979
0.292934
0.244438
0.064988
0.091568
0.054408
0.051416
0.071599
0.058152
0.015058
0.031347
-0.079156
-0.017920
0.021692
-0.042671
-0.009385
-0.106902
0.000744
-0.014012
-0.088669
0.077906
0.004885
0.020118
0.029431
0.009068
-0.000657
0.010362
-0.010239
0.057638
0.054527
0.039375
0.095916
0.055533
0.045598
0.037626
-0.000204
-0.056482
0.093294
0.109531
0.047594
0.025916
-0.031354
-0.017313
0.040958
0.092265
-0.028997
0.085365
0.005177
0.047654
0.004848
0.080603
0.113960
-0.000420
0.070495
0.042858
0.017839
0.130182
0.042521
0.021498
-0.072394
-0.002394
0.053537
0.027197
0.003100
-0.019864
0.061747
0.044604
0.070975
0.053955
0.012084
-0.032687
-0.054099
0.140128
0.043580
0.153461
0.057522
0.048906
0.030404
-0.007338
-0.099388
0.020206
0.028328
0.097191
-0.005139
0.005419
0.164850
0.191275
0.114885
0.055285
0.045458
0.061411
-0.001615
0.013479
0.022790
0.017137
0.031160
0.051974
0.066829
0.037379
0.129497
0.120155
0.003831
0.079368
-0.050076
0.109628
0.037467
0.048423
0.051985
-0.069371
0.049371
0.088199
0.020568
0.022655
-0.048484
0.023268
-0.050781
0.065059
0.064680
0.091615
0.042396
0.188128
0.041751
-0.001472
0.141191
0.260210
0.080745
-0.022929
-0.068729
0.054706
0.016412
0.055050
0.074342
-0.036059
0.008171
0.084365
-0.034848
0.080795
0.030573
-0.010640
0.049607
0.039088
-0.019300
-0.028993
-0.056297
0.028197
0.143093
0.061291
0.036848
0.046824
-0.012540
0.032951
0.040136
0.119882
0.096352
0.006148
0.001602
0.077373
-0.015841
-0.053862
0.003414
0.064333
0.061631
0.049588
0.043231
0.030970
0.005050
0.106101
0.079285
0.008586
0.083085
-0.028144
0.029873
0.077387
0.119432
-0.001254
0.098478
0.007834
0.015592
0.018610
-0.010389
0.212815
-0.040947
0.084618
-0.033361
0.083690
-0.005874
0.025757
-0.102792
0.023504
-0.058448
0.095960
-0.027533
0.040496
0.056278
-0.028568
-0.040523
0.002934
0.001219
-0.051752
-0.069845
0.028865
0.144421
0.008781
0.012275
0.000000
0.009645
0.016830
0.090862
0.101569
0.061746
0.052612
0.014729
-0.020045
0.100588
0.053276
0.076902
0.008160
0.030854
0.006803
0.000000
-0.036727
-0.027791
0.003609
0.000000
0.101142
-0.023183
0.062996
-0.005650
-0.015229
0.027080
0.006601
0.034182
-0.005281
-0.022101
0.041948
0.024474
-0.016438
-0.000557
0.102763
0.043326
0.042454
0.053629
0.047236
0.091418
-0.022685
-0.036978
-0.002904
0.059467
-0.105072
-0.020402
0.008000
0.129703
0.055226
-0.048792
-0.052751
-0.012406
0.021224
0.081895
-0.018747
0.112882
0.060243
0.036719
-0.014295
0.008232
-0.017847
-0.008430
-0.011580
0.071172
-0.088360
-0.033725
0.056167
-0.014360
-0.001436
-0.029477
0.111277
0.002684
0.120069
-0.010907
0.078929
0.049956
0.015072
0.068757
-0.000011
0.151387
-0.026398
-0.018788
-0.105023
0.072018
0.166432
0.050866
0.037041
-0.044407
-0.003282
0.048531
0.021147
-0.075235
-0.055956
0.068429
0.028412
0.102579
0.025993
0.013914
0.003636
-0.000641
0.056207
-0.062382
-0.069939
0.020858
0.031081
-0.000434
0.053782
-0.020342
-0.021362
0.082047
0.053906
-0.041218
0.049327
0.147574
0.292567
-0.023625
-0.042033
0.041378
0.013982
-0.068011
0.037418
-0.002502
0.014438
0.143456
0.025028
0.144365
0.047101
0.060524
-0.032442
-0.026415
0.058931
-0.006701
0.003763
-0.045755
0.022097
0.022182
0.020908
0.008874
0.049799
-0.106107
0.069107
0.040375
0.035479
0.001105
-0.095126
0.017238
0.044948
-0.019736
0.086242
-0.049211
-0.026442
-0.022180
-0.023312
-0.101606
-0.030908
0.012308
-0.004280
-0.053524
0.025265
-0.079081
-0.029094
0.079435
-0.018977
0.034698
0.043823
-0.044054
0.116477
0.004754
-0.020741
0.016904
-0.038370
-0.028573
0.061011
0.054590
-0.002465
0.024243
0.014986
0.008540
0.113352
-0.044875
0.025071
0.014530
0.039736
-0.159578
-0.054169
0.065290
-0.014365
-0.074385
-0.050158
-0.019694
-0.062197
0.054375
-0.007044
0.181199
0.025935
0.092075
-0.025775
-0.007749
-0.001259
-0.031539
-0.009850
0.003603
0.056859
-0.020354
0.017092
0.065697
0.025497
-0.040281
0.015930
0.034307
-0.032287
0.015006
0.012319
0.006092
-0.050560
-0.089250
0.006480
0.029632
-0.016546
-0.004330
0.076451
-0.004830
0.033222
-0.011123
-0.047615
0.049182
0.153359
0.083234
-0.024109
-0.028558
-0.004755
-0.015007
0.044890
-0.003147
0.060461
-0.049279
-0.022789
0.047570
-0.004668
0.016930
0.051358
-0.000027
0.044732
0.021630
0.027291
-0.017482
0.054585
0.152520
-0.004269
0.097257
0.062569
-0.002749
0.000829
0.009313
0.060365
0.025015
-0.016567
0.080464
-0.053855
0.067905
-0.015118
0.022679
0.038457
0.136569
0.039020
0.049962
-0.124953
-0.013518
-0.014085
-0.075487
0.052043
0.084139
-0.023202
0.045785
-0.013977
-0.050755
-0.015983
0.046769
0.028741
-0.019628
-0.001410
-0.030849
-0.046433
-0.007829
0.024522
-0.055565
-0.003549
0.062517
0.042856
0.036427
0.132973
0.043680
0.020523
-0.022029
-0.023575
0.008370
-0.004963
-0.134033
-0.024763
0.018508
0.005154
-0.018600
0.042879
0.015990
-0.012886
0.035642
0.113818
0.027482
0.087065
0.030649
0.027201
0.064582
-0.041545
0.010287
-0.002959
-0.002727
-0.014484
0.016562
0.000000
0.000000
0.000000
0.082663
0.068753
0.037426
0.058161
-0.002969
0.016004
0.007404
0.041771
0.012516
0.151502
0.006578
-0.066010
0.013158
-0.002257
0.054445
0.048142
0.014681
0.030289
0.084211
0.098004
0.047420
0.013888
0.072979
0.018124
0.000000
-0.021783
0.033991
-0.041810
-0.001651
0.051419
-0.143758
-0.010246
-0.059277
0.086509
0.064816
0.024032
0.000000
-0.044556
-0.040506
0.040154
-0.029955
-0.013998
0.023426
0.070615
0.017375
0.075562
0.106647
0.033063
0.094052
-0.003138
0.005593
0.030412
0.009496
0.097769
-0.031826
0.078441
0.020068
0.072010
-0.018379
-0.053363
0.082627
0.058370
0.059601
-0.026216
-0.020435
-0.017930
0.032121
0.042743
0.054210
-0.054124
-0.001028
-0.006763
0.045087
-0.002917
0.039184
0.000000
0.012526
0.000000
0.002957
0.047657
0.053842
0.017334
0.064940
0.011508
0.024900
-0.015632
0.026912
0.013312
0.037771
0.047660
0.008649
0.000000
0.052795
0.030959
-0.006912
0.073491
-0.000158
-0.027241
-0.036404
0.000000
-0.031532
0.009765
-0.010353
0.048391
0.082961
0.032631
0.031540
0.090776
0.061886
0.076035
0.158291
-0.008319
0.059082
-0.061387
-0.040690
-0.020806
0.006871
-0.010702
0.012290
-0.003006
-0.020808
0.020642
-0.029232
-0.018544
0.000000
0.001579
-0.055442
0.006049
0.011589
-0.027581
-0.009219
0.001292
-0.026593
0.028954
-0.012316
-0.014932
-0.000235
0.040674
0.012912
0.013578
-0.067230
-0.011218
0.000000
0.000000
0.000000
0.061256
0.005679
-0.022833
0.020572
0.049793
-0.008392
0.057769
0.000946
-0.067442
-0.082163
0.053624
0.043748
-0.018339
-0.180822
0.033043
-0.056648
-0.039233
-0.035378
-0.029233
-0.029861
0.037714
-0.040208
-0.013664
-0.045770
-0.049095
-0.069177
0.002246
-0.037342
-0.042989
0.125822
-0.066073
-0.090643
0.005737
-0.000435
-0.030397
-0.017360
0.050570
-0.003546
-0.029188
-0.031483
-0.009211
-0.014307
-0.000328
0.021009
0.014856
-0.022454
0.009328
-0.019919
-0.025388
0.050634
-0.049487
0.055819
0.029108
0.031373
-0.110064
-0.078327
0.001295
-0.017588
-0.017589
0.007852
-0.006618
-0.007537
0.007467
-0.002658
-0.007386
0.096125
0.006031
-0.004951
-0.013166
0.006357
-0.033106
-0.006689
-0.047096
-0.031930
-0.019792
0.007461
-0.003545
-0.031483
0.033017
0.012189
-0.035221
-0.040392
0.045956
-0.064488
-0.052392
-0.083488
-0.081045
-0.038034
0.018368
-0.071902
-0.031591
-0.005781
0.039648
0.023605
0.052834
-0.064649
0.044315
-0.020603
-0.020005
-0.005801
-0.034282
-0.029022
-0.000767
-0.022471
-0.010524
-0.031484
-0.018372
0.007496
-0.019113
0.002831
0.007133
-0.020807
-0.034151
-0.106178
-0.008976
-0.088933
-0.021039
0.018834
-0.083052
-0.038529
-0.035828
-0.031863
-0.023287
0.038992
-0.013265
-0.018953
0.018923
-0.013835
-0.028824
-0.009363
-0.056074
0.065310
-0.007790
-0.020972
-0.021024
0.004115
-0.039725
-0.098021
-0.013689
-0.053782
-0.058647
0.014108
-0.013944
-0.058355
-0.035917
-0.029721
0.022502
-0.044320
-0.002467
-0.042061
-0.033359
-0.035074
-0.045001
0.023882
-0.016592
-0.002243
-0.018638
-0.026309
-0.081901
-0.013034
-0.007212
-0.003355
-0.016640
-0.025413
0.019756
0.013194
0.010233
-0.024380
-0.044753
-0.007561
0.062117
0.023997
-0.047868
-0.014268
-0.006525
-0.015820
-0.054823
0.004364
-0.006358
0.003303
0.021158
0.001646
0.028823
0.040767
-0.034524
-0.032324
0.004860
-0.005633
-0.034626
0.001047
-0.040509
-0.105758
-0.059792
-0.039720
0.001501
-0.001173
-0.057403
-0.071325
0.030214
-0.006313
0.003466
-0.046510
-0.017920
-0.014117
-0.033625
0.001336
-0.013587
-0.013452
0.056173
0.056876
0.009109
-0.049211
0.035512
-0.036347
0.065912
-0.026425
-0.029182
-0.035972
-0.081407
-0.013466
-0.022790
-0.004755
-0.005056
-0.046059
-0.048686
-0.049620
-0.052934
-0.018334
-0.027982
-0.045395
0.002612
-0.026350
-0.056350
0.019030
0.055869
-0.005373
-0.060995
-0.060106
-0.112867
-0.013859
-0.012664
-0.008886
0.010635
-0.044592
0.006529
-0.010841
-0.030697
0.024668
-0.033538
-0.059713
-0.001830
0.016817
-0.029597
-0.007569
-0.017402
-0.021618
-0.022913
-0.025905
-0.010192
0.003849
-0.034797
-0.023416
-0.025513
-0.040353
-0.010543
-0.004773
-0.050024
0.046250
-0.014445
-0.006114
-0.003303
0.024517
0.015426
-0.006615
0.000942
0.010934
-0.014782
-0.017243
-0.027402
-0.075808
-0.071565
-0.066909
0.010379
-0.006150
-0.007219
-0.021088
-0.023309
-0.029689
-0.058674
-0.026242
0.022889
0.043558
-0.071383
-0.003416
0.018494
-0.035728
0.038349
-0.052081
-0.011271
-0.026991
-0.073511
0.003532
0.011030
-0.006564
-0.000494
-0.047442
0.024526
-0.026845
0.005839
0.008379
-0.052528
-0.061884
-0.110325
-0.020019
-0.016080
-0.014930
-0.008563
-0.069171
0.100474
-0.064354
-0.026101
-0.044871
0.004522
-0.009155
0.002217
-0.007969
0.016672
-0.035466
0.007689
0.018121
-0.051787
0.031885
-0.029876
-0.096932
-0.098900
-0.055025
-0.021236
-0.031399
-0.066184
-0.030791
-0.022674
-0.027076
-0.013135
-0.070208
0.097080
0.052986
0.037048
-0.025781
-0.006196
0.059838
-0.000042
0.082673
-0.015387
0.017792
-0.060983
-0.029092
0.000246
0.017749
0.042376
-0.033872
0.007844
-0.013154
0.010773
-0.079159
-0.028028
-0.028224
-0.010932
-0.058066
-0.019473
0.002285
0.007820
0.000736
0.027378
