-0.001135
-0.034228
0.135103
-0.085799
0.557587
0.268538
0.016658
0.092109
-0.147523
-0.044411
-1.028591
0.000000
-0.148490
0.736936
0.038061
0.012414
-0.666849
0.198552
-0.037282
-0.036634
0.000000
0.062115
-0.097689
-0.003828
0.000000
0.002976
1.001656
-0.055487
-0.362587
-0.163476
0.564066
-0.070025
-0.814351
-0.293372
0.278879
0.000000
-0.430143
0.074139
-0.001623
0.006546
-0.182141
0.455683
0.184506
-0.440565
-0.017827
0.192008
-0.058322
-0.093123
-0.169991
0.368192
0.145195
0.942890
-0.085394
-0.085394
0.039616
-0.338674
0.449261
0.010123
0.151774
-0.536789
0.242165
-0.208884
-0.444555
0.243542
0.400264
-0.432653
0.128011
0.565205
-0.312999
0.279442
0.344551
-0.114685
-0.000029
0.134224
0.012414
-0.303576
0.058278
0.370359
-0.210248
0.136705
0.136705
0.038061
0.000004
-0.062773
0.117102
0.223971
-0.378172
-0.232587
0.000065
0.095410
0.513123
0.000000
-0.393065
-0.194079
-0.074003
-0.406821
-0.303576
-0.132093
0.344456
-0.132093
-0.994158
-0.247298
-0.132093
0.058282
0.148923
0.197210
0.715091
0.370360
0.031260
-0.004457
-0.244850
-0.081587
-0.025261
0.000000
-0.237792
-0.237792
-0.325243
0.115081
0.000000
-0.037282
0.031770
-0.638441
0.009428
-0.227157
0.107484
-0.000029
0.002850
0.188045
-0.007370
-0.131437
-0.084636
-0.140835
-0.156037
-0.243164
0.090888
-0.620405
-0.059908
-0.013565
0.000000
-0.067737
-0.057403
-0.282883
-0.395108
-0.014909
-0.249130
0.018799
-0.156610
-0.062773
0.000000
-0.223245
-0.010059
0.082374
-0.116936
-0.116936
0.015672
-0.594964
0.426709
-0.247923
-0.028430
0.151401
-0.580366
-0.401401
0.297148
0.166690
0.074065
0.074740
-0.063700
-0.099488
0.001234
0.189911
-0.304399
-0.134318
-0.247923
-0.115231
-0.197181
-0.117168
0.000000
0.034144
-0.072712
-0.452940
0.103367
0.000106
0.368192
0.000000
-0.163476
0.130139
0.551666
0.000000
-0.016475
0.124150
0.128199
-0.183249
0.254657
-0.453436
-0.709563
0.000000
0.111022
0.010916
0.287461
0.007157
-0.070025
-0.070025
0.000713
0.007157
-0.089157
-0.318101
-0.726365
0.344456
0.022018
0.444577
-0.014363
0.642808
-0.014982
0.019602
-0.062773
0.174607
-0.066132
-0.080236
-0.080236
-0.094920
0.543167
-0.052505
0.000794
-0.171286
0.000000
-0.116936
-0.033667
-0.209215
0.116732
0.118280
0.072349
0.000000
-0.298735
-0.016739
0.256276
0.008284
0.031770
-0.015766
-0.041384
-0.028730
-0.148616
0.092931
-0.260377
0.246582
0.151401
0.105841
0.423715
-0.000428
-0.215123
0.198724
-0.145621
-1.062047
-0.100387
0.475503
0.031994
0.007994
-0.350222
0.195555
0.000000
-0.023771
0.689944
-0.182662
-0.003828
0.148200
-0.237765
0.154392
0.238140
-0.116124
-0.003828
0.352237
-0.027388
-0.636781
0.128199
0.134487
-0.145197
0.000000
-0.384444
0.151401
-0.541340
0.102592
-0.146111
-0.178119
-0.305611
0.130949
0.063024
0.078086
0.304439
0.342812
0.029865
-0.794336
0.189911
0.517919
0.006546
0.256276
0.182202
0.074740
0.102800
-0.020366
-0.246827
0.060707
0.000000
0.084366
-0.379523
-0.260418
-0.066046
0.127232
-0.114932
0.006084
-0.093123
0.167136
0.138082
-0.073409
0.151725
0.133203
-0.430666
-0.062103
-0.016965
0.126459
0.194416
0.000000
-0.072712
-0.184537
-0.350998
-0.052505
-0.153850
-0.083686
-0.033601
0.612073
-0.549826
-0.055612
0.269278
0.181661
-0.014363
0.384726
0.074740
0.000000
0.378890
-0.108959
0.189911
0.085540
-0.090515
0.151401
-0.104315
0.219050
-0.091081
0.662137
-0.312072
0.175312
-0.100846
-0.245552
0.226312
0.072354
0.151401
-0.072635
-0.074322
-0.336508
0.069319
0.074740
-0.100846
-0.599686
-0.017827
-0.350222
-0.088507
-0.100846
0.256276
-0.117168
-0.020366
0.117542
-1.020023
0.071971
-0.318220
0.226584
0.287904
-0.148221
-0.014909
0.012414
-0.014909
-0.117168
-0.452451
-0.239792
-0.332737
-0.131561
-0.019841
-0.350222
-0.072712
0.024736
0.117877
-0.017827
-0.027983
0.006864
-0.289009
-0.014909
0.053625
-0.028411
-0.184537
0.074139
0.179572
-0.283266
0.136705
0.682840
0.000000
-0.174155
-0.144428
0.000000
-0.019020
0.084533
-0.160618
0.046048
0.442565
0.000000
0.085182
0.229155
0.050159
-0.129201
-0.366216
0.211072
0.063959
-0.034069
0.035272
0.000000
-0.323875
-0.232757
0.004576
0.498678
-0.058420
-0.103223
0.149351
0.169310
0.047153
0.063959
0.149351
0.314380
0.090506
0.024150
-0.186629
-0.169629
0.001223
-0.193848
-0.131437
-0.080582
-0.090515
-0.127613
-0.045025
-0.031160
-0.146111
0.118099
0.176021
0.049438
0.122572
0.036534
0.100251
-0.051642
0.133599
-0.009061
0.088441
-0.261607
-0.348082
0.147720
0.231189
-0.037677
-0.108316
0.257897
0.074200
0.000000
0.081188
0.906902
0.034874
0.329977
0.091678
0.032754
-0.027718
0.023049
0.000000
0.214267
-0.155626
0.167581
-0.156945
-0.192154
0.690263
0.139056
-0.331702
-0.179682
-0.997618
-0.200538
-0.336090
-0.040089
-0.997458
0.272466
0.148199
0.515847
0.029744
0.027135
0.154194
0.000000
0.060829
0.048029
1.200010
-0.002150
-0.595397
0.172417
-0.036322
-0.204776
-0.008685
-0.166982
0.000000
-0.023212
-0.030023
0.154392
-0.243769
0.076605
0.005688
0.000000
-0.211511
0.019594
0.826742
-0.090515
0.245593
-0.186763
-0.361360
0.540931
-0.195387
-0.110306
0.339990
-0.151483
0.192117
0.422080
0.218131
0.227343
0.074276
0.000000
0.026550
0.060707
0.151858
-0.069410
0.109576
0.000000
0.272998
0.162616
-0.565253
0.000000
-0.013520
0.021190
-0.752816
-0.470636
0.155424
-0.178358
-0.101827
0.000000
-0.315386
-0.656302
-0.040261
-0.674487
-0.187895
0.322864
0.069693
-0.156176
-0.055175
0.288433
0.050143
0.394058
-0.049076
-0.208061
0.062257
0.289633
0.058896
0.000000
0.161484
-0.114685
-0.567591
-0.047925
-0.205650
-0.133190
0.027809
-0.116936
0.047214
0.124821
-0.216736
0.204644
0.382110
0.191002
-0.035631
0.018799
0.009310
0.670052
0.156711
0.005842
-0.136634
-0.163567
0.000000
0.003811
-0.449317
-0.263154
0.000000
0.231323
-0.185753
0.459056
-0.016739
0.180173
-0.212758
0.000000
0.000000
0.405497
0.513887
0.050003
-0.110449
-0.007203
-0.325354
-0.261607
0.091398
-1.202270
-0.163567
0.281345
-0.103787
0.000000
0.328895
-0.651944
-0.111182
-0.334052
-0.178014
-0.742922
0.148985
-0.431302
0.060829
0.474517
0.047226
0.377758
-0.319423
0.431603
-0.006691
-0.997531
-0.333860
-0.333860
-0.224242
-0.228834
-0.680460
0.285331
0.149311
0.243617
0.260267
-0.084617
0.120710
0.035053
0.042344
0.000000
-0.342304
-0.244799
0.164519
0.028273
-0.175614
-0.477510
-0.085448
0.191002
-0.885737
-0.469559
0.000000
0.113149
-0.193056
-0.088507
0.171509
-0.351759
0.160755
-0.216224
0.030881
-0.029807
-0.000199
-0.193848
-0.128406
-0.001669
0.115083
0.350575
-0.160819
-0.369941
-0.250698
-0.315386
0.173728
-0.160583
-0.165184
-0.480879
-0.146326
-0.774216
-0.132542
-0.080465
0.005842
0.133540
-0.022074
0.119500
-0.192925
0.000000
0.000000
0.826787
0.000000
-0.061898
0.148199
-0.325762
0.421258
-0.085448
-0.101422
0.224440
-0.444758
0.000000
-0.049734
-0.439671
0.051371
0.990221
-0.473316
-0.155430
0.088958
-0.014857
0.242589
-0.364993
-0.354679
0.124612
-0.113393
-0.085367
-0.068021
0.199451
0.050702
-0.688920
-0.006303
-0.145795
-0.176359
0.127823
-0.387165
0.185074
-0.070065
0.185224
0.108115
-0.285936
-0.254969
0.028607
-0.090080
0.000000
-0.147949
0.027809
-0.010435
0.035653
0.246666
0.215613
0.062636
-0.011122
-0.073095
-0.260192
0.357893
0.028607
0.765244
0.370958
-0.210735
-0.114129
-0.239261
0.213825
-0.109260
-0.084129
0.647536
-0.118184
-0.243851
-0.023212
0.230319
-0.021157
-0.191286
0.111796
-0.102485
0.110111
-0.117140
-0.161780
0.247175
-0.072635
-0.022251
-0.156610
0.147720
-0.149078
0.120710
0.120710
-0.149078
0.006336
0.156712
0.110994
-0.152832
0.225769
0.878959
0.000794
-0.344106
-0.067687
-0.031891
0.047793
0.161484
-0.067769
-0.254997
0.000000
0.163317
-0.001363
0.046249
0.003260
0.061046
0.498678
-0.146111
0.112365
-0.295592
0.476672
-0.204658
0.575082
0.498678
0.057849
-0.022843
-0.198743
-0.024974
-0.375309
0.186986
-0.088507
0.271548
-0.251888
0.349639
-0.033416
0.578720
0.124978
-0.476110
0.032694
-0.250306
-0.480520
-0.037638
-0.117140
-0.014367
0.506708
0.147967
-0.255194
0.601219
-0.013565
0.119456
-0.165184
-0.371781
0.389158
-0.082412
-0.137458
0.087789
-0.090515
-0.156610
0.180497
0.335140
-0.280051
0.185577
-0.439896
-0.149078
-0.237580
0.477515
0.092007
0.000000
0.061046
-0.245195
-0.350222
0.124880
0.113399
0.000005
0.406912
0.005842
-0.000641
0.352883
-0.155543
-0.148701
0.004890
0.230210
0.000000
0.676437
0.738722
-1.199425
0.104872
0.292835
-0.094336
0.129537
-0.966879
-0.108429
-0.312681
0.436794
0.075769
0.215472
0.190130
0.090888
0.135337
0.317684
-0.090689
-0.010435
-0.151701
-0.172491
-0.020366
-0.070024
-0.050976
-0.050211
0.000000
-0.119033
0.375541
0.098033
0.000000
-0.171809
0.086525
0.250824
0.227857
-0.104699
-0.016458
0.586186
0.037052
-0.021157
0.211118
-0.402476
-0.248083
-0.106248
-0.072999
-0.044411
-0.117140
0.000000
0.025056
-0.061731
0.272998
-0.204716
0.226244
-0.069410
0.246065
-0.013565
-0.174497
0.297361
0.000000
0.313346
-0.182017
0.200031
-0.224966
-0.025730
0.389739
0.000000
-0.350222
-0.363697
0.123648
0.000000
-0.104315
-0.282186
-0.166495
-0.557992
0.000000
-0.183541
0.155300
-0.032863
0.294960
-0.176262
0.000000
-0.040736
0.021190
-0.297915
-0.082412
0.003425
0.211609
-0.100846
0.000000
-0.353247
0.232492
0.032739
0.016188
-0.154949
0.231050
-0.610375
-0.027880
-0.347050
-0.512195
0.217891
-0.369776
-0.109442
0.000000
-0.178119
-0.103787
-0.179071
0.132854
-0.032947
0.043567
0.141642
-0.246941
0.028501
-0.556535
-0.151549
0.103558
-0.325946
-0.171809
0.561990
0.105778
-0.141336
0.706960
0.362680
0.000957
-0.004643
-0.156176
-0.094324
-0.128593
0.267118
-0.002800
-0.112078
0.746724
-0.637560
0.210162
-0.102924
-0.148207
0.077796
-0.258516
-0.080465
0.096508
1.077142
-0.469463
-0.639884
-0.225871
0.108801
0.305255
-0.053465
0.210640
0.567705
-0.050399
-0.312562
-0.644762
0.031193
-0.187795
0.417801
0.002328
0.146742
-0.477510
-0.203025
-0.148513
-0.190935
-0.108316
0.050423
-0.022843
-0.246595
0.057746
-0.246827
0.021917
0.000000
0.118142
-0.148490
0.209879
0.000000
0.147967
0.115526
0.255802
0.105117
0.110861
0.338529
-0.076950
0.084374
-0.228712
-0.004902
0.042981
-0.033601
0.013618
0.218917
0.045510
0.109457
-0.172491
-0.076769
-0.043461
-0.095713
-0.090386
-0.383903
-0.013010
0.255957
-0.143777
-0.461778
-0.224930
-0.050146
0.032041
0.397246
-0.148697
-0.094336
-0.043155
-0.090515
0.177465
-0.335233
-0.452396
0.315470
-0.094034
0.406477
0.115969
-0.242839
0.052097
-0.094034
0.095266
0.303480
0.349796
0.538841
0.058953
-0.146111
0.162868
0.102592
0.033859
-0.678943
0.021271
-0.249561
0.313247
-0.334052
-0.063700
-0.202733
-0.050211
0.550344
-0.317919
-0.203156
-0.203156
0.481777
0.318601
-0.050432
0.342812
-0.124045
-0.084761
0.600545
-0.084762
0.047687
-0.954447
-0.119710
-0.076016
-0.038845
-0.251685
-0.275159
0.815620
0.000000
0.238042
0.000599
-0.037638
0.230003
-0.027983
0.000713
-0.177550
0.457133
0.334636
-0.062103
-0.016739
0.037052
0.035272
0.445617
0.114373
-0.210248
0.480907
0.437838
0.048034
0.680263
0.045976
0.136664
0.000000
-0.140041
0.136591
0.122572
0.000000
-0.358299
0.218131
0.194053
0.137388
-0.999415
0.174679
-0.208342
-0.601363
-0.052629
0.215613
0.167111
0.576749
-0.133544
-0.126228
-0.389276
-0.324171
-0.220534
0.272466
0.174665
-0.208813
-0.091646
-0.085367
0.122572
-0.206216
-0.490762
0.165399
-0.151710
0.000000
0.015295
-0.434081
-0.175146
0.211118
-0.013565
-0.005724
0.058896
-0.153042
-0.002502
-0.156101
-0.102924
-0.266292
0.000000
-0.085448
0.035272
-0.247296
-0.092496
-0.311669
-0.070929
-0.119033
-0.190879
-0.058124
-0.129117
0.138200
-0.003828
-0.385467
0.283662
-0.004371
-0.164295
0.185981
-0.379010
0.244906
-0.021184
-0.116184
0.318817
0.000415
-0.565792
0.006203
-0.242478
0.219945
-0.148616
0.334636
0.154145
-0.468721
-0.229415
-0.251135
-0.626728
-0.171809
0.359359
-0.246672
0.202857
0.066906
-0.021157
-0.051288
0.091880
0.000000
0.330163
-0.128353
0.116166
0.131811
0.639983
-0.275159
0.086240
-0.069894
-0.035675
0.000000
-0.179596
-0.270213
-0.008367
-0.135167
-0.399115
-0.578959
0.257634
-0.309673
0.000005
-0.107157
0.263724
0.000000
-0.084534
-0.251979
-0.009017
0.000000
-0.090387
-0.307217
-0.038028
-0.302371
-0.105304
-0.103787
-0.430666
0.100037
0.110537
0.753784
0.096868
-0.026434
0.147967
0.040782
-0.149078
-0.207773
0.646906
-0.171274
-0.072712
0.167111
-0.173092
0.000000
-0.337630
-0.430666
0.196080
-0.209137
-0.100867
-0.360290
0.067043
-0.148490
-0.110873
-0.159747
-0.314556
-0.054108
-0.029387
-0.151466
0.122308
0.221285
0.025050
0.133712
-0.764318
0.051667
-0.105103
-0.209973
-0.013565
0.215472
0.231189
-0.147523
-0.090515
-0.150259
0.000000
0.273639
0.062636
0.105840
-0.028411
0.066488
0.000000
0.018534
0.359311
-0.305084
0.304852
0.264570
0.139231
-0.435938
-0.398630
0.156454
-0.099251
-0.162212
0.490351
0.074465
0.244510
-0.237402
0.174665
0.000000
-0.114685
-0.055970
0.089680
-0.104472
-0.102358
0.009480
-0.120881
0.204558
-0.084761
0.092576
0.002734
0.005487
-0.177697
0.141898
-0.028430
0.626826
0.000000
0.029865
0.009309
0.370958
-0.100037
-0.213375
0.104018
0.044510
-0.101422
-0.010703
0.078086
0.308150
0.211062
-0.133190
-0.153469
-0.008933
-0.400331
-0.064856
-0.765482
-0.191279
0.062327
-0.190371
0.059829
-0.410584
-0.055487
0.093883
-0.066132
0.287461
-0.076075
0.074361
-0.088543
0.437154
0.000000
-0.033601
-0.063883
0.022582
-0.147625
-0.236553
-0.470210
0.295557
0.097306
-0.090386
-0.411166
-0.224483
-0.183541
0.016188
0.000000
0.304812
1.403868
0.702206
-0.333597
-0.265277
0.456487
0.033961
0.033962
-0.076404
-0.124858
-0.056311
-0.843422
0.164519
0.220049
-0.017827
0.254173
-0.261068
0.102653
0.073062
0.919142
0.339344
0.028273
0.000000
0.103203
-0.970229
-0.171809
-0.103763
-0.342705
0.103203
0.102871
-0.429725
-0.014272
-0.193848
-0.064856
0.378890
0.185512
-0.101422
0.090888
-0.240596
0.101381
0.007154
0.000000
0.197731
-0.169443
-0.014036
-0.246595
-0.118184
-0.108248
0.126355
-0.213187
-0.235546
0.035272
0.188530
-0.346609
0.000000
-0.204851
0.404356
-0.162372
-0.400331
0.080373
-0.280051
0.430907
0.430907
-0.037628
-0.010435
-0.185421
0.151659
-0.395736
-0.049511
0.430907
-0.399877
0.458350
-0.014363
0.121761
0.000000
-0.108802
-0.163242
0.000000
0.000000
-0.283416
-0.047856
0.211576
0.000000
0.459113
-0.114932
0.245189
-0.244577
0.000000
-0.070929
0.130124
-0.163635
-0.176359
-0.056794
-0.012683
-0.174730
0.183691
-0.124186
0.047114
0.095928
-0.203156
-0.125692
-0.085448
-0.108959
0.035903
-0.299287
-0.774765
-0.434032
0.050143
1.119315
0.000000
0.032694
0.011226
-0.153850
-0.401671
0.001234
-0.174796
-0.108316
-0.217339
0.414351
0.035053
0.223432
-0.183541
0.008616
0.000000
-0.499907
0.126701
0.835119
-0.269043
-0.007907
-0.225303
-0.226573
-0.120022
0.000000
-0.234553
-0.163217
0.260267
0.115081
-0.996116
-0.005724
0.081955
0.049320
0.057375
0.000000
0.535690
0.124612
0.079056
-0.184537
-0.172426
-0.074134
0.237110
-0.018298
-0.100838
0.194416
0.080281
0.015822
-0.302616
-0.013520
0.270380
0.141898
0.047362
0.176039
0.051109
0.103662
-0.176359
-0.043654
-0.114790
0.000000
0.091492
0.088449
-0.163217
0.105117
-0.031160
0.420693
-0.143456
-0.069410
0.000000
0.000794
0.004027
0.079655
0.020664
-0.050965
0.040730
0.019410
0.213825
-0.063563
-0.199556
0.107212
0.912585
-0.052370
-0.002800
-0.475523
0.118610
0.000000
0.025050
0.063024
0.030787
0.120448
-0.101827
0.583514
-0.085367
0.506973
-0.209363
0.152494
0.282961
0.325768
0.123710
0.125888
-0.214717
-0.120881
0.166484
0.000000
0.424911
-0.172541
-0.177697
-0.424219
0.189338
-0.332737
-0.016739
-0.030212
0.000000
-0.625238
-0.205008
0.282702
0.282702
-0.423264
0.102871
0.218619
-0.335491
-0.012683
-0.177715
-0.073016
-0.460375
0.076569
0.002676
0.631819
0.385709
0.567705
0.000000
-0.017906
-0.997785
-0.066461
-0.538853
0.436415
-0.459645
-0.093059
0.161066
0.109445
-0.100387
-0.246827
0.369865
0.163699
-0.155876
0.130139
0.490507
0.161437
0.147108
0.165600
-0.090275
-0.024124
-0.101470
-0.110873
-0.628571
0.154860
-0.204776
0.392472
-0.152199
-0.016085
0.049581
-0.062773
0.411087
0.071971
-0.032863
-0.302105
0.000000
0.000000
0.121515
-0.038255
-0.063563
0.000000
0.000000
0.044524
-0.177697
0.124612
0.482704
0.000000
0.559771
0.379827
-0.668420
0.011903
0.904953
-0.019489
0.076991
0.069656
-0.163242
-0.054813
0.022750
-0.016046
0.756357
-0.066461
0.400264
-0.173662
0.026501
-0.001432
-0.410502
-0.249453
0.121047
0.101608
0.032754
0.035272
-0.172398
-0.181309
0.164140
-0.084905
0.277296
-0.378093
0.000000
-0.109884
1.038125
0.185512
0.072831
0.304560
-0.193645
-0.148012
-1.019449
-0.088547
-0.073820
0.151858
0.176931
-0.683792
-0.083685
0.420671
0.064191
-0.370932
0.032466
-0.066199
-0.183494
0.000000
-0.127613
0.000000
0.079333
0.000000
-0.095892
-0.014373
0.321855
0.595059
0.228776
-0.175835
0.005688
0.455988
0.292710
-0.056888
-0.307217
-0.009638
-0.146111
0.000000
0.216260
0.151858
0.005688
-0.063563
0.276665
0.080480
-0.147158
-0.004902
0.310225
-0.010955
-0.691382
0.214213
-0.163656
0.310269
0.172400
-0.136019
-0.351585
-0.173092
0.000000
-0.203754
-0.228020
-0.026182
0.780215
-0.102358
0.131174
0.460169
0.019027
0.143415
-0.276789
-0.746247
0.185224
0.142324
0.037899
-0.302371
-0.066199
0.185216
0.113540
-0.312072
-0.111883
0.082241
0.176039
-0.091696
0.065895
-0.221328
0.246065
-0.095299
-0.110365
-0.137769
0.074821
-0.013520
-0.305084
0.449798
-0.133375
0.000000
-0.050071
0.132569
-0.216566
0.439218
0.170425
-0.116124
-0.411352
0.225636
0.053850
-0.042070
-0.226651
-0.081587
0.000000
0.028607
-0.012683
0.000000
0.117408
0.100037
0.173479
0.005842
0.045422
-0.272439
0.376800
0.184668
0.000000
0.170597
-0.310661
-0.414222
-0.321790
0.237314
0.008020
-0.052505
0.247579
0.005688
-0.021869
0.040581
-0.366411
-0.162212
-0.373431
0.535707
0.423972
-0.444307
-0.197915
0.092244
0.079855
-0.265656
0.128199
-0.476088
0.016008
-0.098787
0.007154
-0.072999
-0.308188
-0.117910
-0.328674
0.161484
-0.181613
0.074363
-0.397340
0.062469
0.037746
-0.203156
0.062555
-0.067687
0.185309
-0.424076
-0.228049
-0.259780
-0.134230
-0.997674
0.214037
-0.137458
0.000453
-0.186041
-0.185354
-0.322470
0.096992
-0.414156
-0.759065
-0.063265
-0.392152
-0.049511
0.000000
0.112815
0.134224
-0.001242
-0.106227
0.375530
0.000000
-0.124186
-0.102358
0.222478
0.220334
0.055806
-0.193848
-0.525359
0.040218
0.243617
0.387511
0.222506
-0.049076
-0.367809
0.118142
0.555524
0.000000
0.074298
-0.062103
-0.097836
-0.215511
0.704355
-0.054813
0.000957
-0.017893
-0.014909
-0.127544
-0.453717
-0.214767
0.095471
0.000000
0.074018
0.070782
-0.200633
0.128366
-0.524455
0.054208
-0.143519
0.198428
0.353436
0.151658
0.404606
-0.744430
-0.116124
-0.130399
-0.195574
-0.030046
-0.217580
-0.103805
-0.498451
-0.066199
-0.230650
-0.069217
0.606556
0.153938
0.002832
-0.058211
0.000000
-0.063265
0.167581
-0.129924
0.288331
-0.055970
-0.076404
0.262546
-0.100387
0.213616
0.048569
-0.293372
0.168619
-0.438002
-0.229415
0.204976
0.074357
0.554055
0.249891
0.000000
-0.249130
0.114889
-0.505208
0.232550
0.048356
0.260597
0.152852
0.027504
-0.163217
-0.042579
-0.251979
-0.137458
-0.183249
-0.021962
-0.000428
0.000000
-0.035787
0.000828
-0.378548
0.088569
-0.450733
-0.112078
-0.230308
-0.230308
0.021190
0.074443
0.160324
-0.036619
0.021271
0.000000
0.018317
-0.157827
0.035316
-0.408805
-0.112215
0.049177
0.000000
0.223491
0.079811
0.131727
0.317902
-0.269043
-0.185158
-0.299958
0.000000
-0.240078
-0.105525
0.129537
0.015672
-0.371171
0.034321
-0.203473
-0.030024
-0.135671
-0.235546
0.199451
-0.013565
0.000000
-0.035072
-0.032863
0.114889
0.000000
0.196105
0.004908
0.133865
0.110861
0.043716
-0.098136
0.345900
0.000000
0.210522
0.000000
0.000000
0.123306
0.036457
0.185224
-0.026450
0.006864
-0.871467
0.227812
-0.642136
-0.246595
0.021490
0.000000
-0.240149
0.291038
-0.194526
-0.524601
0.000000
-0.060922
-0.487586
0.338776
-0.124858
-0.016046
-0.269043
0.105117
0.143415
0.093769
0.105117
0.104351
-0.055175
-0.085448
-0.095453
0.264558
-0.090855
0.014971
0.277877
0.316395
0.388176
-0.072999
0.000000
0.307963
0.203135
-0.488602
-0.370667
0.000000
-0.010696
0.357414
-0.204169
0.062469
0.096104
-0.351464
-0.027983
-0.539939
-0.157827
0.000000
0.176677
0.040484
-0.150374
-0.145795
0.047069
0.261066
-0.226651
-0.119033
-0.070171
-0.090515
-0.095453
0.400264
0.066906
-0.121474
0.004908
0.036457
0.604162
0.243785
-0.137458
-0.178879
0.335253
0.026092
-0.225260
-0.384989
-0.254904
-0.158288
0.103864
-0.059908
-0.099013
-0.009557
0.191950
0.274149
-0.120411
-0.296447
0.012557
-0.341584
-0.052505
-0.117140
0.195986
-0.193510
-0.225755
0.541474
-0.834678
-0.112078
0.316886
-0.032863
-0.268577
-0.411352
-0.162212
-0.163242
-0.053311
-0.088291
-0.646770
0.950867
0.000000
-0.096123
0.210565
0.165293
0.210565
0.000000
0.582074
0.487997
0.000000
-0.263470
0.035228
0.001234
-0.056888
-0.271870
-0.102924
0.111022
0.154860
0.168123
0.385709
0.143415
-0.059047
-0.021157
-0.001364
0.080480
0.312507
0.000000
0.000000
0.023049
0.132854
0.084533
-0.237765
-0.102358
0.095928
-0.090515
0.176547
0.000000
0.002375
-0.272439
0.089065
-0.104315
-0.390016
0.018317
0.462921
0.532269
0.842389
0.311548
0.157765
0.035262
0.025297
0.978942
0.177681
0.124867
0.293208
0.357542
-0.153994
-0.453651
-0.066199
0.612073
-0.333225
-0.050067
0.057375
-0.238787
-0.094707
0.343225
-0.047829
-0.174796
-0.947091
0.194738
0.304159
0.000713
0.163699
-0.054813
0.141898
0.248806
0.063959
-0.091646
0.016508
-0.120580
0.000000
0.084366
-0.846015
0.195038
0.039616
-0.253785
0.188530
-0.090515
0.709841
0.176719
-0.194664
0.063817
0.191903
-0.085394
0.029856
-0.125802
0.154827
0.457662
-0.275385
0.000000
-0.997721
0.485717
0.718623
0.463938
0.131576
0.000000
-0.401402
-0.038222
-0.909026
0.222342
0.143972
0.091678
0.227812
0.011903
-0.138971
0.000000
0.127823
-0.437032
0.061046
-0.112449
0.260991
-0.033865
0.048483
-0.987434
0.239280
-0.084617
-0.091537
-0.082941
-0.593855
-0.035072
0.136266
0.039616
0.141642
0.180497
0.011061
0.000000
-0.090483
-0.524274
-0.526864
0.199451
-0.148616
0.085316
0.095975
0.031770
0.123710
0.124612
-0.090483
0.224612
-0.213618
-0.071089
-0.157409
-0.506730
-0.124301
0.766914
0.437154
0.575762
-0.259840
0.033678
-0.661837
-0.094707
-0.486690
0.009387
0.103662
0.215613
0.105840
-0.148012
-0.373622
0.196241
0.485717
-0.017893
0.074361
0.000000
0.207244
0.060057
0.201833
-0.084235
-0.434458
0.559294
0.000000
0.061099
0.346719
0.038446
0.687377
-0.179265
0.000000
-0.156945
0.229784
0.084533
0.032077
0.195986
0.848818
-0.015019
-0.157033
-0.436980
0.065191
-0.535072
0.000000
-0.124396
-0.294366
0.123710
0.190399
-0.272810
-0.321199
-0.247923
0.000000
0.122095
0.472158
-1.018414
-0.792177
0.129212
0.124237
-0.506736
0.557584
0.123306
0.449798
0.074138
-0.565792
0.141258
-0.189103
0.186495
-0.249453
-0.124858
-0.052505
-0.130053
0.368425
0.191002
-0.191015
-0.314556
0.423930
0.258738
-0.491908
0.124978
-0.620405
-0.036446
-0.225260
-0.183541
-0.100846
0.167733
0.208171
-0.151122
-0.435938
-0.038028
-0.313571
0.000000
-0.458850
0.152928
0.000000
-0.201758
-0.181389
-1.011958
-0.558998
0.147720
-0.035072
-0.217396
0.139056
0.325471
-0.147158
-0.046002
0.190399
0.257897
-0.242906
-0.148616
0.161977
-0.105203
0.123306
0.385709
-0.174144
0.194072
0.000000
0.268538
0.633152
0.000000
0.186382
0.078969
0.074821
0.118809
0.000000
-0.055970
-0.442435
-0.214768
0.491709
0.109445
-0.076884
-0.329336
0.008251
0.587879
-0.241724
-0.262284
0.201726
-0.165103
0.510134
0.110861
-0.387949
-0.270330
-0.117768
-0.313571
-0.181960
0.000131
0.035272
-0.135166
0.422555
0.075590
0.466706
0.026387
0.166690
-0.031160
-0.348545
0.095976
0.571254
0.197214
0.000000
-0.010292
-0.011199
0.000000
-0.906614
0.229155
0.787699
-0.007925
-0.012832
0.088543
-0.091646
0.000000
0.222478
-0.085448
-0.266366
-0.090515
0.056252
0.042803
0.000000
0.397496
-0.309673
0.018799
-0.147359
0.182202
-0.164508
0.132094
-0.166792
0.286902
0.100037
-0.209069
0.101528
-0.565188
0.067320
-0.063506
-0.106875
0.180037
-0.005423
-0.467086
-0.173092
0.000000
0.083194
0.000000
0.079122
-0.109169
0.154890
-0.102535
-0.165554
0.000000
0.846198
0.044836
0.370958
-0.431002
-0.137823
-0.471468
0.018650
-0.291864
-0.045025
-0.032200
0.079790
0.143016
-0.108869
-0.096123
-0.005724
0.107484
0.104816
0.031994
0.216636
0.584435
0.128203
-0.577972
0.155256
-0.347027
-0.204169
0.026836
0.082374
-0.102358
0.102183
-1.084505
0.012985
-0.012832
0.620513
-0.304399
0.394426
0.020664
0.028501
-0.044411
-0.168969
0.051371
0.298548
-0.132950
-0.365188
-0.605074
0.075769
0.189911
0.385709
0.326173
-0.110449
0.061046
0.010916
-0.156577
-0.110499
-0.353247
0.062469
0.215613
-0.280030
0.227962
0.216331
-0.000309
-0.381999
0.145897
0.600583
-0.312938
-0.061535
-0.175212
-0.100867
-0.081913
-0.216324
0.107484
1.121280
-0.210248
-0.250583
-0.683490
0.327931
-0.241165
0.000000
-0.280051
-0.260418
-0.052905
-0.328503
-0.540738
-0.224762
-0.855240
0.220648
0.139297
0.111097
-0.008917
-0.174009
0.104018
0.261397
-0.042427
-0.383885
-0.702178
-0.309815
0.000000
0.027809
-0.163217
-0.170241
-0.302371
-0.031057
-0.108316
0.196121
0.139297
-0.101937
0.721252
0.308105
0.365462
-0.402592
0.110861
-0.177550
-0.294767
-0.288212
0.091621
0.021190
-0.084235
0.097358
0.447264
-0.051237
0.278854
0.263833
-0.778187
0.307602
0.151401
0.007154
-0.023181
-0.014473
-0.079030
-0.127757
0.482675
0.316886
0.096395
0.335140
0.000000
-0.539226
0.288082
0.280285
0.078086
0.000000
0.679948
-0.299228
-0.055175
0.085540
0.066001
-0.086328
0.040511
0.218131
0.000000
-0.268577
-0.097836
0.164519
-0.167663
0.242139
-0.216517
-0.028430
0.511027
-0.101422
-0.048933
0.000000
0.111097
-0.116124
0.031284
-0.137458
-0.578376
-0.052735
0.063210
0.406912
-0.330160
-0.213338
0.283283
-0.148012
-0.036446
0.021646
-0.035531
0.041165
-0.178950
0.099094
-0.215278
-0.147523
0.115081
0.000000
0.000000
0.327370
-0.157785
0.206144
0.000000
-0.539252
-0.194664
0.012414
-0.222227
-0.031160
0.186053
-0.143005
-0.164158
0.367845
0.011700
0.013618
0.146220
0.000000
-0.356813
0.000000
-0.727344
-0.160396
0.178778
0.400715
0.192181
-0.152199
-0.319515
0.032134
-0.420757
0.267118
0.231050
0.471763
0.335140
0.148223
0.019595
-0.032349
0.240272
0.066735
-0.161958
0.184057
0.395222
0.346719
0.000000
-0.035650
0.331789
0.036534
0.513150
-0.113366
0.105117
-0.174796
-0.079788
-0.090855
0.272466
-0.006050
-0.006691
-0.240861
-0.157785
0.531229
-0.007907
-0.017893
0.009425
0.232492
0.129531
0.363700
-0.036446
-0.252046
0.027809
0.211507
0.036957
-0.094707
-0.046148
-0.105203
0.267118
-0.011901
0.000000
0.000000
0.266472
0.129691
-0.013551
0.100037
-0.197181
0.505338
0.317622
0.044836
-0.246269
-0.104499
-0.368404
0.005487
0.114889
-0.050211
-0.265169
-0.127448
-0.545156
0.321362
-0.177550
0.515414
0.002888
-0.335340
-0.174730
-0.392944
0.000000
0.012985
-0.411008
-0.226651
0.798086
-0.177697
0.009921
-0.108189
0.500708
-0.384191
-0.047094
-0.051237
-0.062773
0.054414
-0.388870
0.014904
0.817677
-0.187795
-0.014670
0.038061
0.577838
1.510055
0.017816
-0.102358
-0.379153
-0.048820
-0.475590
0.000000
-0.166409
-0.075903
1.017261
0.005842
0.370958
0.040730
0.000000
0.550764
0.078682
-0.016475
0.082374
-0.130290
-0.334052
0.725246
-0.186208
0.176719
-0.069930
0.123710
-0.084129
-0.051048
0.420693
0.385709
-0.080582
-0.462397
-0.174868
-0.234018
-0.234018
0.115429
0.311858
0.016188
0.057192
-0.997323
0.164519
-0.113366
0.087684
0.369620
0.685565
-0.281923
0.123710
-0.072712
0.203836
0.090888
0.099723
0.069319
0.638595
-0.203650
-0.288160
0.036457
-0.498846
0.192181
-0.918135
-0.152138
0.209605
-0.099259
-0.176359
-0.118441
0.287904
0.286823
0.000000
-0.076404
0.000000
0.213031
0.334651
0.090888
-0.001416
0.413938
0.172275
0.000028
-0.347697
-0.127429
-0.127544
-0.213528
0.068216
0.000000
-0.021177
-0.126228
-0.049121
-0.028881
0.000000
-0.110776
0.398226
-0.276914
0.575762
-0.007203
0.326425
0.404910
-0.122815
-0.013551
-0.280969
0.606071
0.167581
0.271982
0.718623
0.000000
0.162316
0.118812
0.027135
-0.104472
-0.198243
-0.111182
-0.609836
-0.231440
0.000000
0.304159
0.156711
0.116166
0.017560
0.000000
-0.033601
-0.188050
0.129691
0.074355
0.117784
-0.006691
0.356913
-0.115673
0.135881
-0.143113
-0.101422
-0.137734
0.413404
0.374728
-0.251888
0.303874
0.134079
-0.030974
0.314083
0.009922
-0.171676
-0.318220
-0.212603
0.060810
0.260991
-0.014718
-0.185753
0.167111
-0.998078
-0.348545
-0.137912
0.204976
0.055085
0.557584
0.556471
0.142379
0.251440
0.442363
0.400264
-0.100326
0.170448
0.227812
-0.096141
0.148985
-0.233836
-0.439437
0.053868
-0.193991
0.003883
0.004318
-0.501642
-0.017535
-0.020691
-0.030212
0.269107
-0.440185
0.123306
0.006084
0.000000
-0.359059
1.136547
-0.355224
0.056119
-0.124045
0.072223
0.148199
0.292835
0.050139
0.229155
0.111796
0.084533
0.067969
0.466080
0.090004
0.610869
0.651049
0.000000
-0.238495
-0.223740
0.139811
-0.045025
-0.006050
0.148985
0.056252
-0.052505
0.312383
0.000000
-0.042107
0.434017
-0.119649
0.014904
0.163458
0.157506
-0.230988
-0.139546
-0.212154
0.154595
-0.556869
-0.204851
0.103095
-0.133190
-0.234481
-0.150259
-0.439896
0.363520
-0.027963
-0.274299
-0.127613
-0.251979
-0.598247
0.138803
0.136705
-0.118328
0.302092
0.012414
0.000000
0.304439
0.646623
-0.314556
-0.030212
0.000000
-0.250718
0.138997
0.229950
0.309770
-0.476944
0.000000
0.316627
0.307796
-0.177714
0.000000
-0.125015
-0.111489
0.323291
-0.050211
-0.052505
-0.318211
-0.389877
0.141642
-0.110873
-0.175420
-0.116448
0.000000
0.199710
0.062555
0.269011
-0.319552
0.184668
-0.021094
0.096868
-0.148207
-0.070171
-0.124858
-0.109260
-0.017224
-0.349952
-0.432507
-0.118328
-0.619667
0.035053
0.145426
0.190130
-0.824514
-0.274293
0.557584
0.546312
-0.769235
0.265660
0.140033
0.459002
0.139297
0.164519
0.185224
-0.316721
0.373253
0.063959
0.062555
0.128910
-0.341176
0.122387
0.320658
-0.165760
-0.036446
0.246666
-0.084129
0.115526
-0.044411
-0.406552
0.046823
-0.095453
0.323291
0.837932
-0.103787
0.000000
0.057856
-0.166092
0.005119
0.017788
-0.054260
-0.450733
-0.132093
0.088855
-0.038255
-0.102560
0.437154
0.086943
0.119500
-0.449317
-0.059047
0.079655
0.000957
-0.038255
0.133759
1.104723
-0.172156
-0.415145
0.357414
-0.260418
0.772051
0.615223
0.334629
-0.218467
0.105778
0.062555
0.027135
0.000000
-0.329614
0.000000
-0.288160
0.083351
-0.105304
0.027661
0.335162
0.000000
0.000000
-0.158604
-0.144536
0.021271
-0.577246
0.136705
-0.172426
-0.452940
0.344456
0.007154
0.646231
0.463493
-0.253325
0.561959
0.005842
-0.104005
0.013351
0.660054
-0.123979
0.373253
-0.019197
-0.201502
-0.126302
-0.103787
0.194066
0.016188
-0.069439
0.152928
-0.084761
0.376179
-0.008917
0.229155
0.191002
0.095975
-0.059616
-0.032863
-0.452009
0.285340
-0.315386
0.028439
0.000000
0.223432
-0.198743
-0.284725
-0.426479
0.000000
-0.426479
0.680578
-0.079788
-0.070025
-0.080465
-0.468675
-0.353247
0.093356
0.000000
0.346210
-0.100846
0.166690
0.287091
-0.001799
-0.424219
0.087793
-0.001825
0.302422
0.518417
-0.081494
-0.112195
0.097239
0.539252
0.166690
0.000000
0.128203
-0.312710
-0.571411
-0.857180
0.170088
0.237818
-0.116518
0.296817
0.062543
-0.778073
0.133710
0.408531
-0.934834
-0.230117
-0.330750
0.000000
0.197731
0.340366
0.128199
0.117440
-0.153042
-0.152199
-0.233510
0.109457
0.239801
0.232662
0.203315
-0.062539
0.094809
0.111097
0.128119
-0.186491
0.240926
0.173132
-0.127274
0.002976
-1.200056
-0.213646
-0.142532
-0.132230
-0.222528
0.033678
0.079655
-0.153042
-0.174730
0.859106
-0.324889
0.000000
0.527023
0.608036
0.269913
-0.049530
-0.007172
-0.325387
0.232425
0.433779
-0.016739
-0.293406
0.185981
0.204692
0.231050
-0.014718
0.000000
-0.015565
-0.392251
0.025050
-0.113366
-0.159267
-0.275818
0.296054
0.088433
-0.154190
-0.107141
0.002374
-0.276503
-0.444199
0.049422
-0.118193
0.243785
-0.246595
0.014722
0.110805
-0.050976
-0.062539
-0.021177
-0.492318
0.000000
-0.204393
-0.146952
0.885079
-0.518823
-0.055675
-0.238495
-0.076016
-0.023181
-0.006668
0.000000
0.812670
-0.030974
0.002328
-0.038255
0.128192
0.087546
-0.113366
0.499511
-0.228461
0.134766
-0.093059
0.240654
-0.444199
-0.090386
-0.148289
0.235133
0.215091
0.032754
-0.153850
-0.210199
0.190130
-0.632214
0.158275
-0.184537
-0.389276
0.080819
-0.973254
-0.429851
-0.153850
0.420951
-0.124858
-0.193580
0.386727
0.272722
0.085002
-0.444199
-0.013520
-0.170241
-0.250740
0.505338
0.323190
-0.007961
0.047114
-0.317919
0.116166
-0.126114
0.465162
0.370958
-0.023539
0.237033
0.099094
-0.172426
0.122877
-0.349102
0.000000
-0.167727
-0.085448
-0.114797
0.501455
-0.262051
-0.116518
-0.558780
0.602640
0.232492
0.166690
0.213616
-0.051205
-0.016085
0.204216
0.035262
-0.040909
0.151401
0.095833
0.501379
0.119500
-0.079700
-0.477510
-0.396569
-0.690239
0.031994
-0.388862
-0.127544
-0.393235
-0.066482
0.309004
-0.052505
1.161204
0.114408
0.246065
-0.113847
0.000000
-0.009081
0.267466
0.000000
-0.179932
0.000000
-0.162583
-0.055970
0.092141
-0.317369
0.449401
-0.685370
0.248588
-0.024124
-0.093443
0.036073
-0.091588
0.176515
0.731520
-0.018126
0.269278
-0.217396
-0.370516
0.139205
0.166690
0.279615
0.279513
-0.184537
-0.052505
-0.007667
-0.011353
-0.487586
-0.856698
-0.038038
-0.099251
-0.198974
0.433990
-0.186373
0.000000
0.169656
0.094809
0.248588
-0.085448
0.335875
0.269107
0.073067
-0.175212
0.218218
0.517919
-0.224532
-0.206457
0.262992
0.020529
0.029856
-0.577815
-0.093578
0.204976
0.382110
0.340726
0.305255
0.570950
-0.006050
-0.049076
0.000000
-0.074808
0.102183
0.006864
-0.148513
-0.072845
-0.094707
0.357405
0.000000
0.000000
-1.385751
-0.090855
0.043317
0.075769
0.000794
-0.153042
-0.270499
-0.160618
-0.994226
-0.147342
0.063024
0.138107
0.138107
0.060844
-0.069410
-0.048408
0.141614
-0.127757
0.100037
-0.097836
-0.251495
0.087156
-0.002473
0.031770
0.117872
-0.769704
0.205204
0.449855
0.109457
0.021190
-0.050067
-0.085448
-0.547186
-0.423733
-0.340568
-0.171809
0.236712
0.028501
-0.018587
0.344456
0.000000
0.248588
0.066289
0.010916
-0.309673
-0.021177
0.631746
0.062469
-0.342565
-0.245552
0.000000
-0.194124
-0.309673
-0.309673
0.109457
-0.000158
-0.016275
-0.621960
-0.063265
-0.452921
0.075557
0.075557
0.040266
-0.015695
0.129150
-0.135948
-0.217396
0.007154
-0.218221
-0.036446
-0.273203
0.746724
0.110135
-0.173662
-0.023212
0.018317
-0.127910
-0.029009
-0.173662
-0.694462
-0.111666
-0.160423
-0.214430
-0.285405
-0.153042
0.106349
-0.326178
0.000000
0.436324
-0.062539
-0.309673
-0.387040
-0.015260
0.181471
-0.094030
-0.013565
-0.181960
0.223432
0.000000
-0.038028
-0.209215
-0.184111
-0.217530
-0.204169
-1.173452
-0.012683
-0.030023
-0.273441
-0.013520
-0.063304
0.258571
0.000000
0.005842
0.000000
-0.050976
0.023823
-0.046056
0.562645
0.238140
-0.265169
0.090302
0.020529
-0.023142
0.000000
-0.382732
0.167410
0.132828
-0.005133
0.041165
-0.316106
0.150997
-0.025261
-0.014363
0.718313
0.047793
0.352909
0.222506
-0.616372
0.000000
-0.069930
0.005001
0.022775
-0.158288
0.084533
0.000000
-0.175835
-0.187795
0.000000
0.587707
0.041165
-0.101166
-0.054641
0.099229
-0.003865
-0.162809
-0.305412
0.370958
0.070164
0.600658
0.469174
-0.289112
-0.163311
-0.000711
-0.163974
-0.023061
-0.115643
-0.120580
-0.459939
0.457974
-0.337653
-0.156610
-0.267190
0.186986
-0.302205
0.048029
-0.054641
-0.314453
0.060193
0.069765
0.239366
0.000000
-0.169443
0.022541
-0.664872
-0.365612
0.000000
-0.251685
0.118229
0.010916
0.000000
0.228776
0.148238
0.751527
-0.024124
0.119500
-0.094707
-0.480956
0.009356
-0.227395
-0.350222
0.072566
0.031770
0.123306
-0.190441
0.376472
0.000000
0.029511
0.308405
0.039616
0.116893
-0.130402
0.129212
0.154392
-0.101937
-0.169443
-0.063563
0.086437
0.113540
0.019594
0.791764
0.175312
0.356352
0.261172
0.008616
-0.147949
-0.122329
0.000000
-0.276238
-0.805430
0.231189
0.000000
0.000000
0.210565
-0.137478
-0.145621
-0.401402
-0.761805
0.097716
0.139232
-0.228712
-0.214767
0.000000
0.111516
-0.055175
0.209879
-0.112078
0.302092
0.343314
-0.268577
-0.330909
-0.354499
-0.132093
-0.239944
0.035053
0.004908
0.000000
-0.112078
0.178201
-0.624833
0.086525
-0.656581
0.096508
-0.427829
-0.225100
-0.011474
0.246065
-0.012707
-0.997979
0.223709
0.306139
0.453764
0.227343
-0.254904
0.165119
0.090888
0.050423
-0.085448
-0.213271
-0.080582
-1.102062
-0.169043
-0.299113
-0.458850
-0.165103
0.030881
-0.223740
0.151374
-0.377939
0.259530
0.165293
0.000000
0.006084
0.225636
0.019595
-0.020366
0.185577
-0.280051
-0.505171
0.167157
-0.152199
0.036534
-0.272439
0.001011
-0.138303
0.173479
-0.084732
-0.166427
-0.167727
-0.124888
0.142324
0.170597
0.272586
-0.035675
-0.043155
0.196553
0.172476
-0.085088
0.142360
0.260182
0.074138
-0.019197
0.062543
-0.456090
-0.002800
-0.840068
0.086773
0.416910
0.000000
-0.042096
0.000000
-0.062103
-0.251979
-0.085448
0.269479
0.445460
-0.093123
0.624373
0.298280
-0.148207
0.002850
-0.125015
-0.066461
-0.135003
0.009425
0.163690
0.163690
0.000000
0.141898
-0.360163
0.000000
-0.002502
-1.194454
0.096508
-0.289552
0.447890
-0.127757
0.270076
0.287461
-0.453234
0.183078
0.536943
0.134766
0.186986
0.118142
-0.186373
0.000000
0.186359
0.354433
0.194416
-0.246672
-0.086384
-0.195574
0.128199
0.066906
-0.345301
1.148259
0.000000
0.025558
-0.092415
0.066001
0.814347
0.050423
0.124150
-0.063700
0.396972
-0.013565
-0.238495
-0.554617
-0.055175
0.196315
-0.147949
0.357414
0.079811
-0.140117
0.159803
0.075769
0.032205
-0.059143
-0.011206
-0.153421
0.049438
-0.089157
0.003350
-0.080582
0.000000
0.000000
-0.158818
0.003425
-0.131634
-0.249130
-0.246269
0.073921
0.000000
-0.192945
-0.192945
-0.139270
-0.255194
0.088393
-0.103787
-0.175212
0.000000
-0.175614
0.128199
0.003639
-0.428796
0.046249
-0.099259
0.000000
0.110135
0.294258
-0.572635
-0.269043
-0.402393
0.180665
0.009425
-0.090515
0.014662
-0.254579
0.180173
0.091492
0.103662
0.051667
-0.133190
-0.102560
-0.149747
-0.264432
-0.038423
-0.210248
0.024944
0.084556
0.000957
0.000957
0.016188
0.132877
0.574151
0.307796
-0.063700
0.325109
0.036586
0.426702
0.074138
-0.116862
0.353436
0.353436
0.177261
0.209879
0.209879
-0.332372
0.182202
-0.326027
0.073330
0.004908
-0.341650
0.054793
-0.093775
-0.079970
0.094892
-0.165760
-0.069930
-0.187795
-0.211420
0.326066
0.099916
-0.198743
-0.213271
-0.761589
0.548771
-0.100248
-0.326659
-0.369195
0.021262
-0.046148
-0.246595
0.718791
0.139056
0.139231
-0.253136
0.035272
0.173382
0.000000
-0.871019
0.546550
-0.182379
-0.041384
0.228776
0.203135
-0.035135
0.459621
-0.217958
-0.023181
0.012985
0.129691
-0.069894
-0.023212
0.085540
0.262763
0.088344
0.176819
0.130948
-0.002502
-0.093695
-0.085367
0.442329
0.000000
-0.237402
-0.108802
-0.084732
0.069319
0.000000
-0.173092
-0.487966
-0.275818
0.028109
-0.370327
1.115487
-0.003043
0.050272
-0.579100
0.084366
-0.033667
-0.234331
-0.100387
0.092589
0.304622
-0.493174
0.645570
-0.054813
0.385701
0.056781
-0.368180
0.108115
-0.347914
-0.906644
-0.031235
0.337844
0.000000
0.109457
0.270380
0.139416
0.056011
-0.251979
-0.143725
-0.208342
-0.050211
0.885079
-0.024124
-0.239088
0.185224
0.050143
-0.607800
0.087789
0.115526
-0.405042
0.425657
-0.093695
0.084414
-0.080582
-0.209950
-0.063563
0.134878
0.537073
0.144580
0.074465
0.040085
0.185339
0.036534
0.036645
-0.520527
0.397496
0.000000
-0.297706
0.317684
1.179679
-0.008933
0.085433
-0.241661
-0.241661
0.000000
0.259075
-0.038222
0.473493
0.021190
-0.037282
0.000000
0.541052
-0.047592
-0.166092
-0.567162
-0.097836
0.042975
0.018799
0.117931
-0.093378
-0.180644
-1.486221
0.028607
-0.242839
-0.761805
-0.155072
-0.091646
0.166496
-0.021157
0.035053
-0.092581
0.000000
-0.297029
0.000000
0.028607
0.028607
0.128203
-0.175835
0.050143
0.001011
-0.053274
-0.002744
0.008680
0.243542
-0.023142
0.161437
-0.314645
0.227045
0.004287
0.582523
-0.116154
-0.163635
-0.268842
-0.181400
-0.262122
-0.124153
-0.054379
0.658627
0.153578
-0.016739
0.167581
-0.013551
-0.012683
-0.003235
0.124978
-0.162325
-0.221568
-0.095071
0.000000
0.232679
0.129212
0.079790
-0.651459
0.006510
-0.355765
0.108091
0.000000
-0.130399
-0.507228
-0.495748
0.058752
0.160257
-0.093059
-0.147625
-0.627142
-0.055562
-0.145313
-0.238660
0.175312
0.310984
-0.172491
0.000000
-0.305103
-0.057974
-0.211018
0.167136
0.060844
0.368233
0.689944
-0.044629
0.134440
0.118142
0.111097
0.253252
0.379827
0.191002
-0.177714
0.162723
-0.204169
-0.094377
0.054241
0.556471
0.132888
0.000000
-0.072588
0.000000
-0.136214
-0.204851
0.041165
0.041165
0.041165
-0.197852
0.000000
-0.007105
-0.242206
-0.030974
0.039616
0.189911
-0.027837
-0.028430
-0.014036
0.036457
0.050653
0.302423
-0.162607
1.338416
0.084374
0.639186
0.224440
-0.751657
-0.780089
0.027291
0.238149
-0.082941
0.090888
-0.036446
-0.033601
0.173728
-0.085867
0.128199
-0.353247
0.349796
-0.993669
-0.228401
0.000000
-0.155789
0.000000
0.314834
0.015672
-0.389241
-0.239944
-0.017827
-0.002190
-0.239792
0.622305
-0.251802
0.164710
0.095127
-0.215435
-0.114192
-0.410067
-0.422738
-0.735980
0.031706
0.006864
0.517919
-0.027837
-0.518823
-0.090515
0.202857
0.021490
0.218218
0.093779
0.006203
-0.440079
-0.096921
0.289633
0.154992
0.148199
-0.112078
0.209879
0.105117
-0.150259
-0.025806
-0.001382
0.244510
-0.349339
0.043567
-0.590554
-0.190477
0.246769
-0.232148
0.021490
0.156050
0.538215
-0.011122
-0.213846
-0.154645
0.105778
-0.050211
0.138200
0.079655
-0.182379
0.167581
-0.252366
-0.362866
-0.177714
-0.251888
-0.285913
-0.063416
0.516045
-0.198743
0.173479
-0.801168
0.184668
-0.254682
0.062877
0.319629
0.149351
0.204976
-0.038222
0.000000
-0.088507
0.209552
-0.237402
0.363546
-0.204851
0.000295
-0.175212
-0.112137
-0.371171
0.004318
1.043989
-0.220899
0.319152
0.161763
-0.445847
-0.553403
-0.164291
-0.094336
0.048388
-0.158827
-1.151230
-0.143809
-0.317973
-0.045829
0.025056
-0.305135
0.080480
-0.124858
0.281678
-0.080236
-0.965283
0.000000
0.143415
-0.026182
-0.727193
-0.001259
-0.399115
0.326293
0.000000
0.528806
-0.181860
-0.256885
0.242589
-0.153994
-0.018869
-0.399115
0.110994
0.005688
0.118280
0.048034
-0.314157
0.000000
0.815620
-0.124416
-0.244920
-0.392516
0.228055
-0.038222
0.233804
-0.301408
-0.153892
-0.163656
-0.142695
-0.069930
0.588173
-0.090376
0.126355
-0.799319
0.134487
0.199400
0.131610
-0.266889
0.175086
0.187366
0.415478
-0.070025
-0.109169
0.203135
0.276156
-0.091081
-0.724815
0.000000
-0.565791
0.337844
0.136838
-0.230942
0.051667
-0.056184
0.732285
0.000000
-0.175614
-0.557146
0.326041
0.000000
0.163317
-0.082884
-0.095739
-0.008574
0.165399
-0.066095
0.430907
0.077849
-0.014718
0.215751
-0.055487
0.713585
0.442016
0.292879
0.190399
0.112910
-0.086976
0.358474
-0.054641
-0.185753
0.147612
0.086830
-0.088490
0.313829
-0.518259
-0.158604
-0.184111
0.442016
0.114889
0.012601
-0.388880
0.040930
-0.114345
-0.148490
-0.649423
0.000000
-0.090387
-0.010435
-0.426790
0.039721
0.468685
-0.255194
0.430907
-0.008917
0.220859
-0.462562
-0.001574
0.000000
-0.150259
0.121547
-0.252259
0.591591
-0.409236
-0.562104
0.038061
0.035650
0.038061
0.074740
-0.213188
-0.056572
0.017601
0.000000
0.209282
-0.054813
-0.072828
0.132573
-0.365537
0.313829
0.092244
-0.240861
-0.137194
0.004908
0.281345
0.262324
0.112910
0.262992
0.284817
0.000000
0.000000
0.158928
-0.496829
0.501455
-0.268325
-0.027521
0.222478
-0.063196
-0.023562
-0.157608
0.196080
-0.781969
0.672834
-0.117768
0.384340
0.000000
0.000794
0.557584
-0.456090
0.214213
-0.208813
0.000000
0.165956
0.037422
0.143114
0.085540
-0.386723
0.000000
0.271011
0.271548
-0.146952
-0.059606
-0.108802
-0.236683
0.343342
0.130894
0.051371
-0.302205
0.103662
0.025357
-0.183541
-0.153042
0.203135
-0.148207
-0.051205
0.191677
0.466424
-0.172426
0.000000
0.035053
-0.073641
0.277296
-0.918807
0.268538
-0.060543
0.078682
0.134224
0.176021
-0.126788
0.582523
0.185577
-0.095739
-0.284217
0.000000
0.000000
0.160135
-0.072999
0.000000
-0.284217
0.004908
0.325349
0.086525
0.232439
-0.319631
0.514117
0.258591
0.094892
-0.454219
0.004576
-0.000007
-0.348082
0.497641
-0.288160
-0.003828
-0.638441
-0.014373
0.538859
-0.127905
0.163690
-0.382371
0.012414
-0.260377
0.019594
0.028501
-0.130846
-0.045025
0.044836
-0.314207
0.326293
0.167111
0.587629
-0.239407
0.000000
0.126459
0.369865
0.272466
0.249833
0.000000
0.058896
-0.137176
0.157506
-0.416048
0.132854
-0.314556
-0.215974
-0.070025
0.199756
0.057849
0.000000
-0.147949
-0.034673
-0.302484
0.425540
0.129212
-0.080236
-0.272439
-0.147949
-0.093804
0.226595
-0.323024
-0.186922
0.021830
0.631819
0.218131
0.079667
-0.724815
-0.106248
0.128229
-0.098642
0.413471
0.000000
-0.945187
0.013618
-0.035072
-0.168969
-0.162325
0.223006
0.223006
-0.147523
-0.422336
0.017816
0.257781
-0.105596
0.069319
0.189338
-0.162607
-0.019628
-0.442061
0.034027
0.000000
-0.204232
0.102799
-0.049076
0.000000
0.009425
-0.275159
-0.610037
0.000000
-0.069410
0.117877
0.186495
-0.062103
0.079333
0.000000
-0.827055
-0.032863
0.000000
-0.246595
-0.014373
0.166690
0.374847
0.000000
0.103662
0.051667
0.243785
-0.337936
0.472158
-0.232550
0.073907
0.028607
-0.269595
0.194647
0.007186
-0.191924
0.000000
0.000000
0.508624
0.124978
0.166484
0.306458
0.373933
-0.056108
0.000000
0.231189
0.238042
0.377758
0.073481
0.369620
-0.311562
-0.248057
0.000000
0.338776
-0.182379
-0.226651
-0.024470
-0.182379
-0.335867
-0.189261
0.003247
0.124150
0.369707
0.244510
0.136862
-0.030974
-0.181860
0.104383
-0.313759
0.608123
-0.007091
-0.421054
0.012907
0.221496
0.035536
0.009309
0.190130
-0.038222
0.064223
0.284928
0.449414
-0.371308
-0.186208
-0.438002
0.001283
0.032694
-0.012707
0.164665
0.570044
-0.050071
0.381666
-0.165146
-0.202087
0.117877
-0.527420
-0.074621
-0.434081
-0.238660
-0.333597
0.749948
0.148985
-0.099388
0.321586
-0.155876
0.000000
0.138997
-0.391636
-0.148954
-0.079514
0.204558
-0.148513
-0.328557
-0.147949
0.236712
-0.148697
-0.175835
-0.175835
-0.066461
0.395029
0.000000
0.672014
-0.159181
0.000000
-0.134998
-0.217396
0.044088
0.040315
-0.271423
-0.205008
-0.435938
-0.247298
-0.268082
-0.869799
-0.135003
-0.100326
0.086240
-0.772235
0.288082
-0.011802
0.060707
-0.070065
-0.117140
0.224440
-0.819557
0.641129
0.094887
-0.261607
-0.069894
-0.330880
0.109457
-0.253021
-0.042427
-0.268577
0.000000
0.078086
-0.150882
-0.063770
-0.011807
-0.135003
0.167136
0.132854
0.057856
0.258591
-0.012501
0.077796
0.170597
0.107484
0.371060
-0.172426
-0.088413
-0.024124
-0.100048
-0.275049
-0.163476
0.173479
0.131727
0.521272
0.000000
-0.014367
0.170088
0.066289
0.000000
0.000000
-0.160618
-0.994962
-0.003248
-0.033971
-0.063563
-0.257233
-0.079788
-0.027837
0.001234
0.156334
-0.284583
-0.125053
-0.016632
-0.498846
0.134487
-0.130455
0.170875
0.008251
-0.003012
-0.269043
-0.002572
-0.206216
0.000000
0.103203
0.183477
-0.235394
0.166690
0.257843
0.090302
-0.085448
0.110836
0.079620
0.079174
-0.202102
-0.301078
0.445570
0.000000
0.233510
-0.099282
-0.197181
0.164710
-0.565253
0.443715
0.000000
0.141118
-0.109499
-1.207958
0.247200
0.124863
0.425989
0.370958
0.000000
-0.116124
-0.193492
0.000000
0.139056
0.186495
0.180497
0.374523
-0.140335
-0.517856
0.232679
-0.148599
0.454232
0.000000
-0.548674
-0.122558
0.001011
0.624379
-0.224532
0.110805
0.023969
0.033359
-0.187002
-0.076775
0.060948
-0.141336
0.085540
0.231189
-0.263660
0.295785
0.009860
-0.130399
0.791764
0.000000
0.418644
-0.240078
-0.221870
-0.387165
-0.387165
-0.163635
-0.020242
-0.038255
-0.141022
-0.062103
0.329268
-0.205643
-0.055158
0.000000
-0.228049
-0.112195
-0.231843
-0.233630
-0.320179
-0.351318
0.000000
-0.038028
0.062469
-0.038408
0.000000
0.143415
0.234187
-1.001438
-0.497898
0.073586
0.339458
0.069319
-0.237420
0.156551
-0.217442
-0.246269
-0.192471
0.914135
-0.185753
-0.090515
-0.272450
0.038696
0.449001
0.388609
-1.222982
-0.132950
0.102183
-0.102378
-0.127405
0.248588
-0.126788
0.040266
-0.125528
0.244690
1.312260
0.182202
0.119268
-0.096123
0.010500
-0.012683
-0.101422
0.087408
0.177499
0.292290
0.167410
0.108801
-0.154950
-0.008599
-0.306760
0.178653
-0.292858
-0.002744
-0.031981
0.003425
0.003425
-0.076950
0.368472
-0.217016
-0.562537
-0.009129
0.039598
0.051371
0.208171
0.066756
-0.028247
0.000000
-0.227157
0.137479
-0.028411
0.148985
0.026092
-0.227157
0.112318
-0.238871
-0.137483
-0.082884
0.024050
-0.211564
-0.498846
0.062469
0.056593
0.252682
-0.294586
-0.208929
0.270552
0.117542
0.065644
0.436706
-0.130399
-0.371171
-0.644686
0.010303
0.028898
0.193000
0.005688
-0.009129
0.028501
0.239846
0.354749
-0.033856
0.694240
0.225636
0.206235
0.234204
-0.164296
0.000000
0.197009
0.109445
0.075411
-0.062458
-0.062103
-0.038255
-0.090855
0.303621
0.000000
-0.348082
0.020664
0.183078
-0.138214
-0.213271
0.317684
-0.114685
-0.006050
0.269485
0.020529
-0.241192
-0.056572
-0.005744
-0.135466
0.027865
-0.005688
-0.133190
0.004318
-0.285844
0.154890
0.097716
-0.046148
0.000000
-0.137823
-0.101422
-0.285116
-0.271887
-0.117140
-0.080251
-0.417437
0.125804
-0.006691
-0.382364
-0.013874
0.436324
-0.006050
0.291814
0.227343
-0.084761
0.112642
-0.402393
0.123710
0.287904
0.042300
-0.052735
-0.399115
-0.003828
-0.399349
0.236798
0.379940
-0.179683
-0.051205
0.096868
0.287123
0.355077
-0.014373
0.160257
-0.253792
-0.021177
0.146533
0.766753
-0.105304
-0.227851
-0.338540
-0.105203
-0.713950
-0.371781
0.263724
-0.229606
-0.165541
-0.437854
0.025765
-0.030974
0.001011
0.109576
0.051667
0.000000
-0.163242
-0.351464
0.005487
-0.020237
-0.063123
-0.056572
0.000000
0.063959
0.148031
-0.095713
0.000131
-0.014407
-0.072635
-0.114685
-0.247298
-0.008933
-0.007370
-0.268577
-0.273086
-0.416098
-0.048408
-0.175212
0.013351
0.081188
-0.030212
-0.118193
0.000000
0.000000
-0.226651
0.089086
-0.084285
0.218131
0.340519
-0.168969
0.000000
-0.632789
0.033678
0.193250
-0.230182
0.107212
0.139297
0.047977
0.191457
-0.076016
-0.114790
-0.811658
0.000000
0.077935
0.047875
-0.266055
0.586673
-0.841350
0.143127
0.207182
-0.014250
-0.059143
-0.030024
-0.509587
0.129154
0.076807
0.046246
-0.291864
-0.017827
-0.174730
-0.094324
-0.127231
-0.147744
0.357284
0.122485
-0.055093
0.411738
-0.305084
0.021275
0.120871
0.597642
0.008251
-0.000428
0.068629
-0.024124
-0.060711
0.189911
0.149351
-0.050211
-0.085448
0.000131
0.218218
-0.208342
-0.208342
-0.240861
0.211507
0.270004
0.116207
-0.364171
-0.108189
-0.115159
0.041295
0.976262
-0.101937
-0.059212
-0.250306
0.466056
0.049571
0.012414
-0.185668
0.110861
0.081505
-0.169117
-0.312072
-0.150005
0.395712
-0.023181
-0.124186
0.000000
0.434560
0.343314
-0.177697
-0.112045
-0.341385
0.269107
-0.450733
-0.997858
-0.246595
0.636210
-0.539878
-0.051237
-0.154645
-0.035927
-0.106248
-0.451686
0.395222
-0.032863
-0.158823
-0.209363
-0.714364
0.238718
0.188530
0.058896
-0.090855
-0.214933
-0.240482
0.174665
0.154992
0.208211
0.079333
-0.000428
-0.088507
0.025357
-0.016475
-0.046865
-0.251979
-0.103805
-0.103805
-0.061731
-0.141098
0.230571
-0.302371
-0.320791
-0.014363
-0.490492
0.380427
-0.067769
0.223684
0.354433
0.000000
-0.070024
0.001253
-0.355224
0.231370
1.011156
-0.104363
0.179766
-1.002285
0.000000
0.029865
0.110805
-0.157827
-0.032947
0.082444
-0.323778
-0.046622
0.000000
0.271539
-0.716241
0.015907
0.169630
-0.063563
0.207216
-0.034747
0.050159
-0.127607
-0.064856
0.057746
-0.031389
0.000000
-0.261068
0.012414
0.482050
-0.032947
-0.355307
0.000000
-0.069930
-0.247296
0.000000
-0.324805
-0.179683
-0.131808
-0.308662
-0.238660
1.089537
-0.019489
0.190910
0.060707
0.901167
0.194820
-0.103805
0.172866
0.281343
-0.088507
-0.251888
-0.089397
0.495763
-0.165760
0.794877
-0.639646
0.052514
0.024848
0.083194
0.022582
-0.073016
0.000000
-0.070171
-0.111676
-0.007009
-0.197272
-0.134998
0.338618
0.215639
0.000000
0.060287
1.325113
-0.147625
-1.874158
0.019595
-0.410395
-0.229784
-0.137478
-0.250740
0.192117
-0.242016
0.203836
0.963414
0.370958
0.064925
-0.292446
0.335162
0.520018
-0.074322
-0.368383
0.328836
-0.062773
-0.034119
0.000000
0.011497
-0.434081
-0.607577
-0.243851
0.007318
0.060810
0.066906
0.012839
0.017816
-0.148616
1.002813
-0.067769
0.346324
0.175020
0.619125
0.025558
0.589919
-0.023212
-0.217988
-0.136522
-0.397117
0.234204
0.185512
-0.090515
0.161066
-0.125528
0.244329
-0.359386
0.000000
0.149351
-0.301553
0.028308
-0.193400
-0.082884
-0.024124
0.040730
0.210565
0.272998
0.027090
0.232679
0.000000
-0.304399
-0.090387
-0.368691
0.006214
0.228476
0.042300
-0.023212
0.376179
0.063016
-0.208813
-0.027718
0.283546
-0.783934
-0.241661
-0.104341
0.063024
-0.062349
-0.160618
0.400264
0.000000
0.169354
-0.350222
-0.333628
-0.103805
-0.013565
0.026092
0.004908
0.043979
-0.170663
-0.529994
0.000000
-0.669333
-0.067548
0.182553
-0.375759
0.696041
0.016658
0.161066
-0.230988
-0.143005
0.025914
0.215613
0.056252
0.352909
-0.163242
0.265616
-0.469473
0.000000
-0.420103
-0.266076
0.158283
-0.204796
-0.056888
-0.002800
0.083194
0.246769
0.127124
0.507088
-0.254107
-0.298010
-0.069077
0.901167
0.083194
0.434498
-0.063633
0.005842
-0.341830
-0.303420
-0.351585
-0.011789
-0.011828
-0.567148
0.000000
0.526970
0.125690
0.128199
0.009356
-0.261717
0.509559
-0.300733
0.192117
-0.221509
0.102183
0.050424
-0.103805
-0.214767
0.434498
0.541052
-0.237765
0.538859
-0.257233
0.463493
-0.066199
-0.275886
-0.082941
-0.116762
-0.066132
-0.288160
0.138200
-0.108189
-0.206890
-0.533650
0.270923
-0.015141
0.062115
-0.250740
0.447890
0.057199
-0.169043
-0.015260
-0.113366
-0.318220
-0.439836
0.292000
0.000000
0.088281
-0.874304
0.012839
0.045422
0.000000
0.000000
-0.157827
-0.229076
0.115081
-0.144963
0.082700
0.082700
-0.100846
-0.523445
0.246065
0.376179
-0.687621
0.163421
-0.041298
-0.170241
0.084333
0.647930
0.000000
0.334504
0.000000
0.075060
-0.067769
0.203135
0.000000
-0.116518
0.009356
-0.048635
-0.191279
0.297447
-1.397271
-0.359505
-0.442330
-0.162607
0.731887
-0.265169
0.000000
0.069765
-0.306979
0.244249
-0.089550
0.000000
0.035272
-0.067769
-0.142511
0.000000
-0.154645
0.369865
0.063210
-0.084235
0.189911
0.349494
0.434560
0.005842
-0.430404
0.433230
-0.064061
-0.400505
0.092244
0.270380
0.105117
0.000000
0.535130
0.063959
-0.013520
-0.013520
0.000000
-0.108189
-0.253517
0.000000
-0.183494
0.546039
-0.746409
0.291275
-0.938824
0.149351
-0.094707
-0.080582
0.240926
0.096004
-0.416019
-0.066199
-0.257777
-0.007370
-0.391818
-0.464279
-0.090386
-0.084761
-0.051205
0.000000
0.118229
0.113569
0.020529
0.241346
-0.571411
-0.169443
-0.222366
0.345356
-0.340495
-0.678943
-0.013350
-0.112265
-0.205669
0.001225
-0.330160
0.238198
-0.121193
0.331465
0.045799
-0.156176
-0.470453
0.259996
-0.489121
0.638050
-0.088413
0.166690
-0.031924
0.257634
0.270076
-0.104518
0.154473
0.042362
-0.250268
0.257548
0.223175
0.000000
0.539680
-0.166169
0.055806
0.090324
-0.031160
-0.038255
-0.237402
-0.446305
-0.083147
-0.224930
0.073062
-0.275159
-0.137837
0.152852
-0.108959
0.515641
-0.160696
-0.072798
-0.139280
0.305711
0.336300
-0.107430
0.714469
-0.226361
-0.524245
0.079056
0.273977
-0.565791
0.110861
-0.355224
0.000000
0.066522
0.457509
0.084366
0.091880
-0.317919
-0.145621
-0.085448
0.211119
0.281345
-0.219285
-0.014373
-0.007907
-0.030974
-0.204393
0.000000
-0.148207
0.132302
-0.150710
-0.059908
-0.298010
-0.035072
-0.299929
-0.008917
0.297756
0.011497
0.436706
0.658811
0.066677
0.180173
-0.361215
-0.153850
-0.023771
0.116456
0.000000
0.023969
-0.088507
-0.183541
0.000000
0.000000
-0.064061
0.123613
0.003893
0.564575
0.073067
0.088449
0.069587
-0.012458
-0.085448
0.112910
-0.267775
-0.226015
-0.141336
-0.318393
-0.249568
0.012839
0.046522
0.753961
0.000000
-0.060996
-0.565792
-0.104499
-0.193439
-0.280051
0.000000
0.374523
0.189911
-0.000711
-0.189763
-0.353485
0.000000
0.000000
-0.118193
-0.016739
-0.541340
-0.141164
-0.534530
0.647930
-0.029291
0.000000
0.114889
0.099916
-0.124858
0.035228
-0.348545
0.682840
-0.146111
-0.316648
0.040730
0.000000
0.046048
-0.036446
0.421064
0.005688
-0.177697
0.313829
0.121439
0.507621
0.225636
-0.080372
-0.146111
0.164519
-0.125039
0.060193
0.006203
0.514988
-0.083698
-0.405042
0.000000
-0.450895
-0.100326
0.008284
0.258571
-0.279852
0.614376
0.142700
-0.166169
-0.102358
-0.455659
-0.056572
-0.106276
-0.070929
0.056375
0.123710
0.009309
0.254025
0.000000
-0.172491
-0.439896
-0.085118
0.000000
0.238312
-0.080236
0.124612
0.262992
0.000000
-0.467388
-0.036446
0.128518
0.010399
-0.140482
0.001234
0.154890
-0.415944
0.210565
0.047833
0.024799
-0.166982
-0.029009
0.118610
-0.090515
-0.036446
-0.057813
0.084533
-0.302205
-0.115236
0.049813
0.484918
0.013618
0.000000
-0.021503
0.000000
0.151659
0.026263
-0.931117
-0.037755
-0.243851
-0.177714
0.213825
-0.688920
0.128536
0.046522
-0.214767
-0.251888
-0.017827
-0.318220
0.034577
0.055478
-0.055487
0.010604
-0.036446
0.302423
0.005487
-0.175614
0.000000
-0.108316
-0.100343
0.000000
-0.606346
0.104351
-0.017827
-0.013494
0.251310
-0.013358
-0.118227
-0.084732
0.038061
0.174665
-0.101422
0.000000
0.288372
0.349335
-0.204393
-0.104315
-0.194664
0.338529
-0.495344
-0.148954
-0.026182
0.120094
-0.120580
-1.910429
-0.178900
-0.018298
0.193037
0.087789
0.135072
0.577779
0.225636
0.124540
-0.332737
0.179572
0.016188
0.023969
-0.100078
0.176039
0.014545
0.176039
-0.215123
0.132327
-0.074038
-0.083159
0.127823
-0.064856
0.492619
-0.742922
0.046346
-0.237765
-0.104315
-0.179932
-0.536679
-0.095739
-0.033262
0.059766
0.000000
0.378890
0.083194
0.148590
0.190399
-0.055487
-0.226651
0.146434
-0.056572
0.161484
0.055806
-0.148513
-0.001521
0.483451
0.000000
-0.224532
-0.034240
-0.306427
-0.353247
0.000000
0.261652
0.531106
0.068629
0.068629
-0.212837
-0.064856
-0.424221
0.170088
0.077329
-0.324171
0.117096
0.156073
-0.159181
0.000000
0.136705
0.042975
0.705169
0.000000
0.049438
-0.060577
-0.358002
0.000000
0.114889
0.074065
-0.146326
-0.261068
0.747098
0.189154
-0.331777
-0.178119
0.215472
-0.521373
0.225636
-0.328234
-0.175212
-0.214717
-0.331777
-0.016739
0.000000
-0.101422
0.361139
0.338476
0.000000
-0.250740
0.102260
0.010916
0.000000
0.436324
-0.101422
0.074138
-0.230650
0.193250
-0.090855
-0.095453
0.133203
-0.493094
0.094809
0.226595
-0.185354
0.095975
-0.210093
0.010153
-0.135200
-0.467131
0.231323
-0.177697
-0.177697
0.000000
0.012985
0.032754
-0.323186
0.723615
-0.389276
-0.518259
0.561243
0.032918
0.140398
0.140398
0.293986
-0.805854
-0.090483
-0.090515
-0.440044
-0.402393
0.110805
-0.065567
-0.551554
0.271619
0.515906
-0.436196
0.342816
0.397246
0.066756
-0.017827
-0.927088
0.079655
0.057856
0.099916
-0.034134
0.315821
-0.147966
-0.080668
-0.369941
-0.191725
-0.085367
0.000000
0.173382
-0.530388
0.009387
-0.108561
-0.347614
-0.061731
-0.360163
0.352987
-0.126228
0.231323
0.016188
0.106543
0.315470
0.127944
-0.154940
0.320090
-0.488566
-0.120881
-0.141164
0.099094
-0.168112
0.154194
0.269107
0.000000
0.846198
0.023049
-0.555554
0.328986
-0.109260
0.000000
0.413377
-0.679161
-0.152166
-0.084617
0.090302
0.049260
0.481334
-0.192948
-0.118193
0.015519
-0.591303
-0.966726
0.000000
-0.510063
0.160568
0.545605
0.166484
1.075593
-0.057290
0.142907
0.166690
-0.315790
-0.009129
0.328986
0.192453
-0.010955
0.707529
-0.159181
-0.409604
-0.420501
0.005842
-0.051205
0.035509
-0.104752
-0.130915
-0.053274
0.000000
0.072177
-0.308935
-0.294867
-0.162268
-0.095049
0.005688
-0.095453
0.049405
0.214213
0.264527
0.014904
0.000000
0.000471
-0.160004
-0.174730
-0.232587
-0.361360
-0.187795
-0.423733
-0.146952
0.218897
0.117877
-0.141138
0.003425
0.259392
-0.095453
-0.313571
0.270380
0.425657
-0.330907
-0.018587
-0.026182
-0.112841
0.104123
-0.141056
-0.209243
0.630741
0.689944
-0.104883
-0.427825
-0.221480
-0.099725
-0.172740
0.084533
-0.018298
-0.487586
-0.076404
0.072831
0.055551
0.269278
0.000000
0.379827
-0.027983
-0.030974
-0.240149
-0.104341
-0.072664
0.000000
0.557584
0.190399
0.129691
0.000000
0.281964
0.448701
0.108027
0.116529
0.298192
0.000000
0.000000
0.053952
-0.726833
0.087789
0.085236
0.055909
0.126701
-0.112106
0.185577
-0.221328
-0.641368
-0.859968
-0.381067
-0.528271
0.133759
-0.275286
0.405497
0.133759
-0.066461
-0.115673
-0.239792
-0.239792
0.047069
-0.244920
0.079333
-0.101937
0.000000
0.036534
-0.109169
-0.599213
-0.042570
0.163458
-0.302371
0.506708
0.136266
0.434560
-0.415014
0.513563
-0.214649
-0.075334
0.066756
-0.013830
-0.403087
-0.124513
-0.271777
0.104351
-1.269246
0.012307
-0.147158
0.123272
0.328108
-0.127757
-0.091340
-0.125015
-0.203019
-0.523445
0.189154
0.189154
-0.263517
0.120463
0.005614
0.084366
0.267118
0.255802
0.039616
-0.476944
0.465961
-0.147625
0.084333
-0.098807
-0.163143
-0.132268
-0.379692
-0.006303
0.000000
0.060707
-0.157079
0.000000
0.010916
-0.138303
0.253477
0.137824
-0.083390
0.164140
-0.215146
0.288216
1.896678
0.047156
-0.403716
0.257188
0.000000
-0.127613
0.075060
-0.008574
0.277877
-0.228712
0.368192
-0.141056
-0.143005
0.005842
-0.041074
-0.277652
0.000000
-0.001306
-0.238902
0.161437
-0.073641
0.196758
0.136931
0.058896
-0.395480
-0.315629
0.183465
0.095975
0.000000
-0.063307
0.038061
0.000000
0.112912
0.653418
0.000000
0.497911
-0.171347
0.018799
0.342032
0.000000
0.000000
0.180315
-0.088413
-0.082884
-0.026434
-0.052635
-0.851858
-0.373534
-0.037570
0.131727
-0.013565
0.584380
0.414876
0.367141
0.276687
-0.183541
0.969214
-0.161080
0.000000
0.065895
0.229295
0.088080
0.266121
0.397246
0.009425
-0.275049
0.037880
0.000000
0.445457
0.352909
-0.023284
0.265203
0.142436
-0.027880
0.000000
-0.135002
-0.120580
0.066906
0.385709
0.074465
0.204558
-0.108189
-0.037541
-0.226015
-0.420603
-0.108561
0.313346
-0.141322
0.000000
-0.285995
-0.211885
0.021817
-0.331269
0.574374
0.151858
-0.238660
0.346106
-0.005355
0.223432
0.173115
0.090302
-0.171809
-0.062103
0.074138
0.090302
0.167111
-0.021184
-0.084761
0.231189
0.296427
0.296427
0.387607
-0.124045
-0.124045
-0.163242
0.171862
0.000000
-0.217881
-0.288727
-0.056888
-0.146925
0.000000
0.070264
-0.176359
0.000000
-0.003865
0.010086
0.211373
-0.029807
1.066689
0.198552
0.074138
-0.475994
0.000000
0.233246
0.279022
1.306460
-0.102435
0.134224
0.495763
-0.049161
0.859242
-0.237440
-0.247298
0.352858
-0.292985
0.164287
0.144312
-0.043072
0.130948
-0.261068
-0.128406
-0.431177
-0.022843
0.307567
-0.237413
0.103135
-0.043741
0.000000
-0.001658
-0.122815
0.209879
-0.498846
0.220859
0.000000
-0.114976
-0.186716
-0.633662
-0.251183
0.026880
0.313483
-0.240861
-0.449120
-0.148954
-0.470449
-0.117521
0.084876
0.118099
-0.026146
-0.163242
-0.023392
-0.016475
-0.023392
-0.572593
-0.063265
-0.224907
-0.017737
0.270380
0.000000
0.000000
-0.377459
0.095475
-0.396799
-0.169043
-0.079365
-0.086607
0.417514
-0.274473
-0.121037
-0.227157
-0.405517
0.000000
0.620513
0.036534
0.000000
0.118280
-0.202733
0.185224
-0.312681
1.122807
0.531379
0.019595
-0.255576
-0.007189
0.133710
-0.413811
-0.026182
-0.268577
0.201833
0.233292
-0.033224
-0.062773
-0.066132
-0.250619
-0.441943
0.352950
0.063959
-0.138303
-0.169443
0.000000
-0.185599
-0.452940
0.117542
-0.022843
0.057375
-0.137458
-0.145585
0.314834
0.202857
0.216636
-0.163217
0.068629
0.090302
0.096508
0.032754
0.000000
-0.221328
-0.003865
-1.136296
-0.106227
-0.396799
0.084366
0.148985
-0.319515
0.213239
0.003639
-0.153994
0.081188
-0.108316
-0.076016
-0.996309
0.000000
-0.081816
0.225636
0.060829
-0.086384
0.043243
-0.151078
0.451083
-0.001512
0.169479
-0.674196
0.295092
0.019583
-0.073095
0.057199
-0.093059
0.000000
-0.273821
-0.067337
0.000000
-0.652110
0.168729
-0.906644
0.191950
0.305287
0.204976
-0.370050
0.000000
-0.024124
0.000000
0.104381
0.164140
-0.042427
0.139205
-0.230988
0.100037
-0.064856
0.211119
0.000000
-0.166092
-0.194631
-0.080465
-0.165184
-0.100255
0.000000
-0.073095
0.244510
0.183328
0.170448
-0.141336
0.000000
-0.368591
-0.014473
0.136266
-0.102924
-0.382462
0.180072
0.001221
0.591016
-0.091906
-0.226015
0.465162
0.251758
0.007881
0.094809
-0.224532
-0.592434
0.027684
0.231706
0.284045
-0.095840
0.075557
-1.057523
-0.063883
-0.060996
-0.090855
-0.023142
0.188169
0.000000
0.594508
0.210565
0.095975
0.140581
0.506708
0.133024
0.000000
0.328814
-0.331463
0.125897
-0.002473
-0.666772
-0.049121
-0.111863
-0.089097
-0.261607
-0.094030
0.019027
-0.358394
-0.769320
0.288442
-0.204776
0.059330
-0.430666
0.077408
0.042975
-0.031160
0.271136
-0.082884
0.434490
-0.002502
0.172476
-0.013494
0.292835
-0.104499
0.091959
-0.147625
0.026434
-0.145621
-0.095299
0.249014
-0.295592
-0.205396
-0.547259
0.898350
-0.028411
-0.063883
0.110836
-0.035313
0.107484
-0.389276
0.004027
0.495763
0.124978
0.209528
-0.405517
0.067010
-0.183500
-0.508149
-0.090387
0.222478
-0.101788
0.000000
-0.221216
-0.143777
-0.202733
0.058399
-0.000428
-0.050705
0.316886
0.209879
0.164584
-0.013551
0.373253
-0.028411
0.316886
0.344606
-0.147523
-0.031160
0.159027
0.093894
-0.299287
0.357804
-0.611341
-0.267118
0.363546
0.000000
0.234325
-0.714382
-0.148289
0.239846
0.027809
-0.424221
-0.274596
-0.017893
0.077656
0.093779
-0.603390
-0.014718
0.141898
0.000000
-0.124045
0.018799
-0.062103
0.000000
-0.432560
0.151401
0.753784
-0.305084
-0.083147
0.472201
0.161066
-0.014363
0.060810
-0.178119
0.167136
-0.184111
-0.421054
-0.524601
-0.013494
-0.242416
-0.148490
-0.395108
-0.289888
0.060193
0.202494
-0.042107
-0.013494
-0.043461
-0.335867
0.037052
0.309752
0.342812
0.278879
0.000000
-0.193597
0.000000
0.020290
0.420693
0.062469
-0.008933
-0.050976
-0.157409
0.104018
0.097716
0.091492
-0.747296
-0.015695
0.375530
-0.054108
0.416248
-0.017244
-0.167727
-0.155520
-0.152148
-0.137823
-0.282175
0.185510
0.533850
0.298168
0.110658
0.344842
-0.355765
0.000000
0.164519
0.164519
0.105117
-0.008157
-0.102485
-0.286143
0.000000
0.000000
0.000000
-0.080532
-0.172024
0.752853
-0.204914
-0.530867
0.231050
0.042505
-0.242416
-0.088646
-0.796200
0.109445
0.001011
-0.040493
0.061821
-0.019581
0.096271
0.269666
-0.210248
0.000000
-0.183249
-0.439896
-0.023142
-0.183249
0.221940
-0.083147
-0.045499
0.000000
-0.254997
0.538859
-0.463360
-0.027880
-0.015260
-0.015260
-0.027880
0.121645
0.046048
-0.003881
-0.148616
-0.797491
0.000000
-0.070025
-0.315342
-0.090386
-0.543522
0.230003
0.207305
-0.769704
-0.240861
-0.148616
-0.003881
-0.260568
-0.118184
-0.126228
-0.312681
-0.183249
-0.240861
0.397751
-0.083147
0.000000
-0.162607
-0.169443
0.102871
0.397751
0.000000
-0.080465
-0.126228
-0.146952
-0.260568
0.130139
-0.260568
-0.073641
-0.060103
-0.148616
-0.599172
0.000000
0.000000
0.305228
-0.153037
-0.214717
-0.073641
-0.023142
0.414876
-0.003881
-0.183249
0.395468
0.028178
0.153578
-0.162325
0.199922
0.063016
-0.124858
-0.118193
0.145573
-0.027837
-0.198974
-0.390892
-0.197181
0.000000
-0.121474
-0.497249
-0.072712
-0.646519
-0.036739
0.000000
-0.174796
-0.012832
-0.090386
-0.046148
0.457133
-0.104315
-0.115643
0.000000
0.541030
-0.353485
-0.063700
0.134812
0.232679
0.097306
0.599869
0.074065
-0.238660
-0.023061
0.327370
-0.084761
-0.037541
-0.261607
0.000000
0.100037
-0.251888
0.633336
-0.203745
0.256276
0.238718
0.138200
0.000000
-0.322599
-0.090515
-0.381211
0.156050
0.354433
0.512592
-0.038412
-0.996097
-0.542571
-0.886032
-0.047772
-0.268413
-0.021184
0.000599
0.137388
0.118142
-0.023414
0.257634
-0.175009
0.826787
0.246065
-0.391818
0.246065
0.180738
-0.222275
0.514617
-0.642136
-0.240078
0.029827
-0.060996
-0.065369
0.078682
0.183532
0.079620
0.211072
-0.130256
0.009309
0.706151
0.013351
0.164519
0.737298
0.023007
-0.448248
-0.162607
-0.185741
0.540708
-0.698052
-0.066461
0.041445
0.272998
-0.046865
0.050451
-0.250618
-0.767690
-0.214717
-0.062773
-0.585094
0.167111
0.000000
0.423688
-0.057605
-0.487966
0.214213
-0.289652
-0.249991
0.330263
-0.204065
-0.290595
0.039412
-0.080236
-1.073087
-0.042717
-0.094707
0.467603
-0.237765
0.302422
0.000000
-0.497145
0.342812
0.258571
-0.017914
0.043716
-0.370667
0.091880
0.000000
0.000000
0.149351
0.000000
-0.009242
-0.088435
0.118280
-0.247345
0.157435
-0.091081
0.000000
-0.116862
0.193250
-0.130399
-0.192639
0.195943
-0.195713
-0.054813
0.263255
0.074397
0.084533
-0.383046
-0.061780
0.246831
0.246831
-0.268577
-0.074146
-0.769121
-0.366559
-0.217442
0.009356
-0.109169
-0.405448
0.165293
-0.066482
0.027809
-0.878668
-0.014363
-0.206439
-0.546721
0.000000
-0.076404
-0.198097
-0.409236
-0.029875
-0.467086
-0.044436
0.238312
-0.246595
-0.244577
-0.246595
-0.190625
-0.037810
-0.371929
-0.008933
0.170088
-0.376633
0.000000
-0.423733
0.551950
0.000000
0.236712
-0.036446
0.066906
-0.392516
0.517919
-0.125692
-1.006582
-0.269043
0.442765
-0.177714
0.347086
0.111761
0.000000
-0.032863
-0.287284
1.580429
-0.397117
-0.175009
0.038521
-0.088413
-0.062773
-0.295574
0.028273
-0.145585
-0.358299
-0.026182
0.281345
-0.059964
0.370590
-0.280145
0.270980
0.196758
-0.032196
-0.019489
-0.240596
0.035053
0.075483
0.062469
0.346898
-0.276682
0.000000
0.660499
-0.052505
-0.347197
0.000000
0.002086
0.085316
0.124612
0.287904
0.073067
-0.776274
-0.208816
-0.082412
0.324773
0.214182
0.466706
0.466706
0.042300
0.138997
0.297168
0.093412
-0.192639
0.002832
0.000000
-0.052505
0.335140
-0.014373
0.070619
-0.119346
-0.206216
0.024673
0.004027
0.270596
0.005527
-0.190441
-0.206079
-0.393065
-0.174730
-0.132345
0.037368
0.138997
0.000000
-0.110873
0.306458
0.412570
0.078086
0.261150
0.067323
0.045422
0.025056
-0.260568
0.010604
-0.220534
0.173479
-0.146326
-0.037628
-0.003828
0.012414
0.369864
-0.562363
0.046567
-0.064856
0.004287
0.002976
0.000000
0.106013
0.723615
0.337282
-0.151460
0.182882
0.000000
-0.023181
0.015435
0.117551
0.185577
0.083194
0.088862
0.078380
-0.168304
-0.043873
-0.186667
0.007157
0.007157
-0.109467
-0.117023
-0.461479
-0.077476
-0.016085
0.169479
-0.063123
0.167111
-0.201090
-0.025261
0.103203
-0.066621
-0.113366
0.103203
0.000000
0.577956
-0.719369
-0.016085
0.032162
-0.504189
0.060810
-0.458017
0.260991
0.154890
0.013197
0.000794
-0.004212
-0.186906
0.084374
0.183537
0.117096
-0.166169
-0.300868
0.152161
0.180173
-0.218498
-0.368486
-0.004902
0.062991
-0.177697
0.095266
0.064512
0.412508
-0.266794
-0.428796
-0.018238
-0.263144
-0.337685
-0.138303
-0.338207
0.094809
-0.027963
0.248588
0.288082
0.158942
-0.268589
0.205412
0.997416
-0.091128
-0.137912
0.109039
0.397592
-0.118227
-0.291864
-0.104341
-0.127398
0.000000
0.084524
0.176719
0.231323
0.000000
0.000000
0.688192
-0.443684
0.000000
-0.015695
-0.265874
-0.103787
0.332163
-0.042171
-0.086348
-0.018298
0.000000
-0.246269
-0.069930
0.964096
-0.300661
0.791156
-0.471468
0.614787
-0.084129
0.076569
0.038460
0.136705
0.000000
0.203135
-0.147342
0.510525
0.085316
0.287507
-0.027963
0.470958
-0.093453
-0.062773
-0.238871
-0.054641
-0.251979
0.282890
0.080192
0.036343
-0.062103
0.166484
0.072239
-0.084732
-0.412548
-0.189239
-0.137734
-0.137734
1.147100
0.080253
-0.062539
0.000000
-0.072664
0.028136
0.117877
-0.052675
0.337121
-0.133322
0.193689
-0.139561
0.169479
0.088884
0.431603
-0.317663
0.009309
-0.108802
-0.113431
0.180223
-0.278564
-0.315816
-0.080236
-0.269638
-0.308126
0.267118
-0.063700
0.449331
0.717482
-0.082884
0.000000
0.013733
0.023751
0.153673
-0.609276
-0.101422
-0.005724
-0.132103
-0.074322
0.471973
-0.164585
0.000000
0.338529
-0.050211
-0.042413
0.313829
0.021271
0.310674
-0.268588
0.340519
0.050423
-0.137458
-0.253600
0.451083
0.180497
0.000000
0.057849
-0.102485
-0.174796
0.284817
0.002986
-0.145621
-0.664580
-0.048537
0.258571
0.289630
0.000000
-0.103042
0.000000
0.216449
0.000000
-0.003183
-0.250740
0.000000
0.076605
-0.500056
-0.125692
-0.182379
0.000000
0.473800
0.042685
0.000000
0.302092
0.062543
0.026550
-0.038222
-0.491414
-0.014363
-0.145620
0.005041
-0.318447
0.594508
-0.100326
-0.330335
-0.299287
-0.035269
-0.014373
-0.030974
-0.248520
-0.009782
-0.781500
-0.192870
-0.393173
-0.067548
-0.593286
0.208061
0.031469
-1.043319
0.136705
0.012414
0.123625
0.696786
0.170597
0.112958
0.046267
0.094809
0.035228
-0.105304
0.196315
0.000000
-0.237792
-0.586841
-0.710158
0.000000
0.007154
-0.103787
-0.417681
-0.471342
-0.143777
-0.072712
0.473387
-0.212500
0.392888
-0.387165
-0.171809
-0.174796
-0.064061
0.696825
0.000000
0.028607
0.095975
0.000000
-0.034036
-0.016244
0.000000
-0.030974
0.000000
-0.174796
-0.938824
-0.281302
-0.130399
-0.413000
0.115526
0.150366
-0.066621
-0.282175
-0.192276
-0.040994
-0.120580
-0.302371
-0.049076
0.510969
0.009356
0.000000
0.035228
0.163699
-0.997720
0.395818
-0.439437
0.213081
0.211507
0.199451
0.199451
0.000000
0.182041
-0.343579
0.242231
-0.088957
-0.085814
-0.102535
0.099094
-0.243851
0.036534
-0.033601
0.026550
0.134261
0.445015
0.000000
-0.134230
0.084374
-0.146326
-0.162607
0.557909
-0.664920
0.011613
0.142397
-0.102185
-0.521171
0.043716
0.859113
-0.028411
0.000000
-0.420968
-0.009212
0.519535
0.080696
0.178940
-0.158604
0.108801
-0.373117
0.115384
-0.312018
0.644846
0.163139
-0.370416
-0.002502
-0.403738
-0.163656
0.281314
0.218129
-0.102264
0.594508
-0.172136
0.000000
0.011497
0.477207
0.237207
0.110861
0.217137
-0.273203
0.126636
0.854366
-0.318220
-0.404579
0.169479
-0.008367
-0.008367
0.192199
-0.666001
-0.027963
-0.996299
-0.032020
-0.442121
0.001397
-0.444199
0.094638
-0.001116
-0.022287
-0.038222
-0.353247
0.794877
0.165399
-0.506615
0.034165
0.328640
-0.197082
-0.043155
-0.226651
-0.211420
-0.529994
0.653305
0.198552
0.000000
0.180173
0.041086
-0.094034
0.000000
0.000000
0.028501
-0.158871
0.133203
0.183465
0.253027
-0.054108
-0.262037
-0.044225
-0.224678
0.909752
-0.639114
-0.273937
0.043317
-0.169811
-0.328503
-0.167114
0.062042
0.190399
0.428419
-0.125601
-0.319515
-0.268589
-0.188602
0.000000
-0.090483
-0.370810
-0.797491
0.123306
0.000000
-0.391246
-0.345301
-0.416079
-0.351464
0.270076
-0.093914
0.000000
-0.451888
0.010399
0.063016
0.258571
-0.112360
-0.146952
0.056481
0.174665
-0.278202
0.084864
0.068235
0.341985
0.000000
-0.167908
0.043317
-0.246941
-0.229576
0.021917
0.350202
0.338947
0.284424
0.105778
0.560007
-0.100867
0.446992
-0.079836
-0.981700
0.315470
-0.038222
-0.108189
-0.164158
0.000000
-0.053274
0.453611
-0.059155
-0.443274
-0.294911
0.090699
-0.274860
0.152088
-0.006691
-0.070024
0.036534
0.122572
0.148985
0.471763
0.139543
-0.154645
-0.100846
0.000000
0.303621
0.303621
0.291641
0.000000
0.260991
-0.342134
0.004908
0.266947
0.184705
0.322661
0.342812
-0.128451
0.082241
-0.135224
-0.209363
0.539764
0.029744
0.061364
-0.226015
0.234904
0.201647
-0.160819
-0.543630
0.143865
0.230194
-0.091646
-0.121894
-0.268387
0.377129
-0.421919
-0.093695
0.082374
0.243785
0.151659
-0.132093
-0.014473
-0.319591
-0.245552
-0.001712
0.622305
0.199756
-0.052423
1.014131
0.000000
0.126276
-0.216502
-0.005688
-0.138303
0.004287
-0.104341
-0.033339
0.076807
0.272587
-0.168969
0.233884
-0.196061
-0.019489
-0.214189
-0.420501
0.110624
0.192181
-0.723480
0.032466
0.302140
0.075347
0.270564
0.198428
0.000000
-0.121193
-0.009782
-0.080465
0.116040
-0.030844
0.373253
0.269560
-0.049511
-0.049511
-0.247923
-0.160004
-0.222366
0.132854
-0.287413
0.025056
-0.652361
0.203836
0.231050
0.092141
-0.154645
0.182202
0.367433
0.057375
-0.012501
0.133272
-0.049121
-0.294366
-0.009081
-0.467086
0.704131
0.306458
-0.181400
0.045711
1.318335
-0.159726
0.337690
-0.163656
0.209879
0.043567
0.146330
-0.264928
1.521579
0.153673
-0.090515
-0.081913
0.006084
0.216260
0.325406
-0.072847
-0.434081
0.179728
-0.350120
0.094809
-0.295154
0.352476
0.000000
0.266424
-0.008917
0.096951
-0.060513
-0.008917
0.043716
-0.116862
-0.090515
-0.509921
-0.106127
0.129762
0.027158
0.027190
-0.054066
0.467595
0.269091
0.316886
-0.253519
0.149663
-0.793132
-0.160819
0.036073
-0.226029
0.322180
-0.221509
-0.113179
-0.251360
-0.136778
0.083542
0.534040
0.824690
-0.164295
0.000000
-0.050067
-0.148490
0.338529
0.185512
0.000000
0.133219
0.335140
0.074065
0.259530
0.111097
0.218218
0.029744
-0.424219
0.060559
0.141898
0.272466
0.068629
-0.317919
0.005480
-0.314320
-0.119033
-0.063304
-0.072999
-0.240078
0.208171
0.116875
0.224002
-0.220534
0.116875
0.000000
-0.049573
0.023049
0.063959
-0.124045
-0.173092
0.013618
-0.085394
-0.131437
-0.085394
-0.173092
0.002850
-0.085448
0.000000
0.000000
0.017601
0.185224
0.185224
0.079174
-0.071089
-0.071089
-0.071089
-0.071089
-0.071089
-0.071089
-0.071089
-0.071089
-0.071089
-0.071089
-0.071089
-0.071089
-0.089157
-0.050067
-0.050067
-0.050067
-0.050067
-0.050067
-0.050067
-0.050067
-0.050067
-0.050067
-0.050067
-0.050067
-0.050067
-0.050067
-0.050067
-0.050067
-0.050067
-0.050067
-0.050067
-0.050067
-0.050067
-0.050067
-0.050067
-0.050067
-0.050067
-0.050067
0.086018
0.014971
0.529842
-0.132651
-0.050596
-0.082055
0.024749
0.231323
0.405109
0.184668
-0.168969
0.131727
-0.085394
0.123306
-0.204021
-0.070024
-0.360756
0.000000
-0.175009
0.124342
0.107484
-0.546830
-0.227157
-0.023142
-0.023142
0.119500
-0.174009
-0.126228
0.000000
-0.472437
0.063024
0.184668
-0.423733
0.881944
-0.137823
-0.285344
-0.423733
-0.013494
-0.232587
-0.051351
-0.237402
-0.347104
0.057199
-0.108561
-0.070025
-0.420603
-0.009081
-0.403098
0.077949
0.051667
-0.148627
0.107484
0.107484
0.058399
0.058399
0.058399
0.058399
0.058399
-0.131437
0.107484
-0.223740
-0.452451
0.000000
0.081188
0.000000
-0.055970
-0.055970
0.000000
0.000000
-0.070024
-0.001135
