-0.754162
-0.091560
0.153021
-0.111335
-0.110248
0.100777
-0.512206
0.324070
0.305630
-1.998890
0.392398
-2.812947
3.108097
-0.235482
-3.331473
-0.756963
-1.172564
0.439545
-0.516544
2.148184
-0.923180
-4.014322
-0.141584
4.252041
0.373166
0.218777
6.589894
0.585607
-9.479302
0.159920
-0.880464
0.448925
1.106900
1.239995
-0.042737
3.092421
0.137276
0.496971
1.252548
-0.976548
2.442656
-0.102831
-0.115746
0.565594
0.033023
-0.161330
-3.704752
0.576483
-0.475351
0.214222
0.994535
-0.507961
-1.230935
0.098619
-2.085130
-7.292914
1.308772
1.120419
0.579473
0.960840
0.390760
0.595496
0.430713
-1.213814
-0.043631
-0.034449
0.779987
0.430941
0.557006
0.092168
-0.810186
-0.458597
-0.575141
-0.909863
0.471552
-0.140509
0.789226
10.134097
1.591144
0.029190
-1.122142
-0.228580
1.278782
-0.699811
4.411708
7.379345
0.010308
-0.826090
-3.147424
-1.126808
-2.476329
-1.686348
0.310063
-0.294599
-0.039681
-0.719166
0.409747
-0.372784
0.499163
-0.606103
-0.080515
3.150235
0.396939
-0.144584
-0.031947
1.133530
0.131413
-0.202474
0.222597
-0.996347
0.755429
-0.857000
0.243924
-0.889162
-0.613256
-0.518518
-0.607513
-0.009112
0.481834
4.681118
-0.886720
-0.014353
0.074467
-1.992316
-0.489428
0.426699
0.595570
2.377992
3.478269
0.986864
-0.053837
0.329923
-1.593521
0.051335
-0.015693
-0.551996
-0.762949
-0.199425
-1.837246
-1.406969
-0.025084
-0.908010
-0.147665
0.128778
0.374889
-0.503353
0.254994
-0.332134
-0.260824
-0.117849
-0.252376
0.125303
-0.872630
-0.764067
-0.301776
0.193522
0.242596
-0.541422
-1.540672
-0.933595
0.854828
-0.438621
0.871369
4.679711
3.297111
-0.750442
1.386803
-0.018979
-1.544147
1.726232
0.729963
-0.158656
0.125015
0.601954
-0.214210
0.378899
-3.384502
0.272198
-0.221778
-1.514266
-0.008399
-1.359915
-5.833912
0.789002
2.767940
-0.398479
-0.498796
1.750012
0.205179
0.214860
-0.464106
-2.051402
-0.113603
-0.139666
-0.667940
-0.487845
4.560930
0.000000
-0.447261
-0.520061
-0.088339
0.315902
0.045186
-0.837339
-0.415853
1.125010
1.659641
0.094001
0.025314
0.402267
0.613316
-0.789182
0.462088
-0.045392
1.771911
0.408509
0.272871
-0.310525
0.765485
1.168309
0.432194
-6.124141
0.038019
-1.533880
0.271975
0.520896
0.478879
12.605798
-0.131491
1.089733
-0.095386
-0.429382
0.244850
-0.524253
0.687813
0.429087
1.305067
0.449850
-0.554127
0.109751
0.318192
1.935456
-0.763379
-1.177377
-0.564815
2.782034
1.115520
-3.378693
0.370760
1.401202
1.240789
-1.096185
0.138362
-0.842064
-0.724067
0.426467
0.509226
0.165095
-0.837098
-3.747092
0.150355
0.335628
1.812707
0.257335
1.040234
0.033631
0.437483
0.301665
-3.417635
-0.542785
0.649152
0.339491
-0.016898
0.716945
-3.219435
0.216922
0.814723
0.230761
0.229212
0.120314
-0.149571
0.942650
-0.575198
1.676721
0.117289
0.299178
-1.286708
0.285751
0.541915
-0.466300
0.205412
0.049130
-5.211820
0.812119
-1.337571
-0.158049
0.043011
0.162899
0.086753
-1.074331
0.515817
1.176988
0.541646
-2.739715
0.414622
0.137281
-0.007348
1.327129
0.067381
-0.118819
-0.848716
-0.174219
0.268156
0.667451
0.464471
0.447204
-0.692520
0.371008
-0.461977
3.669958
0.816717
0.021168
0.389726
-3.679700
-1.692983
-1.729934
0.534780
-1.959858
-0.743012
-0.041403
-0.452718
0.914027
0.370979
-0.151679
1.245391
0.327479
-2.710008
-0.097049
-1.377500
-0.608248
-0.046172
0.365453
1.154440
0.367776
0.763942
3.453791
-0.230657
0.018652
0.211661
0.573870
-6.802311
0.390653
-0.105554
-0.250982
2.906370
-1.580529
-1.083184
-1.666592
-0.221215
-1.735924
8.789475
1.089646
2.130082
-1.372083
-0.301909
-0.641966
1.999266
-0.162289
-0.875803
-3.057191
-0.187966
0.567856
-4.283579
0.018764
0.931925
5.436987
-1.709453
1.915823
-0.102958
2.773365
-1.039079
-1.305382
1.025675
0.550902
-0.360170
-0.475351
-0.441370
-0.017641
-0.028270
1.427183
0.001987
0.262211
-0.184200
2.031254
-0.418678
-1.759333
-0.137421
0.055140
-0.293482
-0.346696
0.167764
0.055251
0.000000
1.023419
-0.044750
-0.620973
-4.410095
-0.008739
-0.864428
-1.270667
0.464497
-2.608367
2.560166
0.094115
0.084166
-0.452775
-1.110093
-0.259652
0.174536
2.036688
0.037282
-0.346812
0.166907
0.278665
-0.408364
-0.361387
-0.264679
-0.249065
-0.205952
0.884545
1.461554
1.311301
0.025806
-7.171767
0.609625
-17.545789
0.158176
-1.671758
0.250546
-3.305519
-0.457820
-1.720667
-0.803036
-0.871084
-0.015834
0.394539
-1.653597
-0.652420
1.592295
-0.997498
-0.506522
0.494952
-1.953104
1.781914
0.182018
0.426712
0.877201
-1.037295
2.023196
0.193387
-1.265131
-5.250964
-0.153315
-1.664011
1.171837
1.333236
-2.026263
0.057298
2.696263
0.363586
-0.229707
0.329616
0.776807
0.419389
-0.731824
-0.300607
0.436846
-0.280747
0.516553
-0.229898
-0.107800
1.625237
0.134000
0.008421
-0.339566
-1.068431
-0.549705
-1.340915
-2.685936
0.150383
-0.242648
-1.732098
-0.667820
0.676382
0.692998
3.999052
-0.126163
-0.299698
-0.505100
-0.726519
-0.829771
-0.276701
-0.842812
-0.557682
0.673301
-0.866697
-0.640108
-0.170690
-0.631186
-0.237283
1.067177
0.324310
-0.728783
-0.892166
-1.173702
-2.194210
0.019387
-0.063064
-0.157330
1.750962
-0.245896
0.359797
-0.008475
0.399148
-0.121482
0.049609
2.485905
-0.037123
-2.841528
-0.205935
1.991403
-1.167879
-0.247825
0.500635
0.343812
0.811359
0.169800
-0.990489
0.838135
-2.613701
0.182662
0.091269
0.689841
-0.109548
1.252030
1.049067
-0.933399
-0.889281
-0.330475
-1.427369
0.192006
0.298282
0.128691
0.422261
1.092524
-1.431296
-0.223617
-0.052126
0.344443
0.122827
0.478854
0.229537
-0.356693
0.559967
-0.044097
-0.054202
0.229061
-1.460138
0.092722
-0.152400
-0.405727
0.276948
0.293313
-0.191270
2.366218
-0.338317
2.625241
-1.444833
0.217897
-0.605062
-0.189442
1.795249
-2.156064
0.637636
0.372248
1.261762
-1.013217
-0.963688
0.130752
-0.215034
6.346529
0.118931
-0.144866
2.166721
0.274635
-1.218393
-1.330402
2.206383
-1.886211
0.586328
-0.023545
0.181678
-0.091933
3.835026
-0.375081
0.514004
-1.240937
-0.652321
0.175109
-0.707329
-0.767235
0.033084
0.907569
-0.132415
-0.339381
-0.472501
-4.362634
0.533228
-0.324710
0.068649
0.151270
0.085472
-0.220265
0.491961
1.171151
3.623127
2.133571
0.060722
-0.604571
0.273783
-0.342573
1.184147
0.960387
-0.307412
-0.300690
-0.081115
0.126487
2.393694
-0.413682
1.223470
2.354594
0.687715
-0.344682
-0.949328
-9.929655
-0.353979
2.646777
-2.045125
-2.404617
-4.665616
0.837367
-0.015278
-0.553856
1.025829
-0.080114
-1.462712
1.963290
-1.880558
0.114443
0.197655
-0.299651
0.584673
-3.546493
2.581615
-0.099606
-0.861859
0.551675
-0.093474
-0.195859
0.063220
1.646156
0.206326
1.598794
0.692938
0.391491
-0.749828
-1.084575
1.108219
-1.504926
-1.803195
0.139771
-1.197395
0.015576
-0.776008
0.848694
-0.116614
0.677293
-0.031361
-0.437361
0.821569
2.291666
0.117208
0.349225
0.402788
-0.072071
-0.235309
-0.098029
-0.849468
-1.315359
1.048981
-0.621785
0.044188
-1.684144
-0.219396
-1.753430
-1.981589
-1.538540
-0.716569
-0.163150
0.507567
-0.453210
0.137178
-0.065177
0.039106
-0.154838
0.101704
0.681749
-0.046585
-0.678568
1.659211
1.061046
-0.936868
1.717214
0.977742
1.983408
-0.037363
2.250123
2.823322
-0.312752
-0.543016
-1.675007
-0.149911
0.483350
1.077820
0.067760
0.648672
0.834809
0.062642
-0.751730
-0.622891
-0.965869
-0.909560
-0.396969
0.229337
1.770045
-0.272741
-0.400552
1.325437
-1.871571
0.583512
0.500612
0.166494
0.707859
0.129635
0.095007
0.012591
-0.426085
-3.364965
2.490500
-2.604328
-1.353877
-0.122554
-0.622161
-6.016367
-0.598591
1.706019
1.343029
-1.763582
-2.958053
-0.033423
-1.848821
0.827100
2.961407
0.312758
-0.024072
0.273260
0.871073
0.218044
0.050043
-1.403128
0.384421
0.001733
-1.062769
1.096593
-0.179140
-0.028953
-1.008758
-1.442762
-0.335106
0.130496
1.935897
-0.081796
1.200614
-1.807941
0.457552
-0.308783
-0.722935
0.334143
-2.183693
-1.154537
-0.389603
-0.104282
-7.411953
-0.496175
-4.203088
2.706355
-0.389688
0.700073
-0.058110
-0.913466
0.489282
0.914165
0.262413
-3.078941
0.125186
0.015715
1.275904
-0.572407
0.072543
-1.278394
-1.366853
-2.133548
-4.200051
0.336578
12.787887
-0.035635
-0.489990
-1.587262
-0.832273
-0.966372
-2.608440
-0.325486
-1.397244
-2.368626
-0.085256
0.525176
-1.055687
0.157244
-0.912493
-0.352965
-2.312076
0.179821
-0.318210
0.763815
-0.371204
1.521249
-3.557414
0.050143
-0.618568
0.049730
3.154942
0.663320
2.507320
-3.867520
-0.373541
0.200374
0.328067
-2.871920
2.823922
0.234035
1.090816
-1.434822
-1.474791
2.263006
8.351033
-0.190556
-8.995741
0.068818
0.099804
-0.267105
0.006019
1.747049
-0.962091
0.752512
-2.526678
-1.952040
0.182491
-0.081673
-1.248288
-0.118452
0.382325
0.526132
6.323253
0.048140
-0.036620
1.272573
-0.285039
0.209394
0.495526
-1.498029
-11.398344
0.022060
-0.218522
-0.425529
-0.013698
2.875188
1.125139
-0.252567
-1.081532
0.211540
-1.876457
-0.945943
-1.407836
0.049131
-1.282407
-0.475351
-0.202143
0.147365
0.040498
0.691564
1.037424
-1.228496
-0.015545
0.086509
-0.637001
-0.559938
-0.151699
-0.369414
-0.943993
-0.735555
4.791692
-0.842514
-0.785671
0.445825
-0.546536
-1.882131
0.452151
0.586139
-0.710184
-0.147500
-0.041090
0.549786
-1.085419
0.416563
2.524078
-2.361692
-0.655947
-0.376656
-0.682956
0.543276
0.042946
-1.083039
-0.065467
-0.099021
-0.777562
-0.351971
-0.459931
-0.335463
-0.369477
-0.973937
0.319841
0.163090
-0.360081
-0.537786
-0.810293
-0.848000
1.573162
3.932576
1.157732
-0.656941
-3.777367
-0.717691
0.581115
0.274533
-0.481354
0.112405
-0.215883
-0.235149
-0.129822
2.557407
0.175509
-0.189269
0.213582
-0.160044
0.000000
-0.265988
2.116762
0.022920
0.096230
0.443545
4.170633
0.846172
0.058065
-0.817605
0.018098
0.574603
0.196673
-0.554202
-0.331088
-1.778197
-1.280019
-0.708331
0.510131
0.105303
0.603306
-0.601656
0.013657
0.423019
0.331215
-0.720130
-0.372846
-0.770866
-0.385566
0.398275
-2.602711
0.076627
0.314964
-0.280030
0.242272
-1.127922
-0.875802
0.144783
-0.222318
2.683690
-0.195139
0.344038
-1.303377
6.166330
-0.231911
-0.225222
-0.320343
0.307177
-0.550148
1.278759
-0.317778
-0.105913
0.044946
2.712718
0.357907
-0.130164
0.692262
-0.748130
1.734466
0.485359
-1.015387
4.671527
0.102785
-0.912297
-0.277857
0.989423
1.641573
-0.234639
0.120239
0.020613
-1.369552
0.603393
0.005044
0.314595
-8.306375
1.613280
0.179821
0.385139
-0.619944
-0.048887
1.795912
1.545790
3.092631
-0.254087
5.819291
-2.410619
3.452271
0.051036
-0.997908
2.086598
-0.976186
0.623390
-0.600131
-0.141912
-4.804533
-0.438580
-0.061342
-0.445949
4.946554
-0.007530
-0.984614
-0.487315
0.736136
1.439471
-2.568816
-1.566020
0.114828
-0.908561
-0.143016
2.121224
0.154386
0.829044
-1.356481
0.243590
-1.753192
-1.127174
0.410885
0.828262
0.850364
3.447165
0.490448
0.167659
0.008181
-0.460721
-0.208379
-0.091837
0.179423
-0.429649
-0.473834
-3.706949
0.136906
-0.196090
-0.199646
0.027900
-2.138946
-0.507496
-0.921250
-0.129284
-0.692853
-0.016430
-0.647082
-0.521406
-0.205501
-0.753666
-0.104897
-0.482888
-0.882718
-1.864462
1.828055
-0.304626
2.298653
-2.005988
10.647036
0.089389
-1.322724
0.023979
0.177291
1.535027
-1.513275
1.003227
-0.778461
1.075498
1.478109
-0.335510
-0.152339
-0.725328
-0.282616
0.461555
-0.057268
-0.094713
-0.589757
1.835178
-0.298734
-0.150097
-0.596546
-2.621942
0.533397
0.519751
0.245310
-0.271651
-0.585882
-0.416418
-3.227039
-0.352207
3.403430
-1.701346
-2.052652
-0.672602
3.246510
-1.044488
1.783580
0.751165
-0.867234
2.044376
-2.088324
-0.598633
-1.899200
-0.204669
0.054440
6.245329
0.180334
-0.307255
0.758946
-0.386897
4.859419
0.100085
0.540517
1.154567
-2.825277
0.039963
-1.501979
0.274543
-0.758819
-0.860658
0.264437
-1.146959
1.046013
-0.154308
0.254748
-0.112952
-0.075861
0.218784
-0.200080
-1.541956
0.180398
0.609967
-0.242854
-0.594702
-5.376543
0.235987
0.772681
-0.075829
-1.646894
0.206440
1.094794
0.295466
0.840079
-0.532796
-0.709463
0.289595
0.791413
-1.056175
0.012342
0.556383
3.238692
-0.191344
-3.472546
0.191549
-0.221012
-1.472629
0.105238
-0.606880
0.049046
-0.140891
0.030879
-0.159559
1.685564
0.214165
-0.186421
0.472420
-0.084185
-0.285715
-0.326005
0.834662
0.521090
0.335791
-0.071611
0.104409
0.058433
-0.672392
-0.379046
-0.957053
0.556090
0.458500
-1.775371
0.259812
-0.333073
-4.557146
3.155330
1.091501
-14.707303
0.939743
-1.273546
-3.002146
0.315671
-1.076410
0.421421
0.716060
-1.267034
0.070290
-0.215527
0.017906
0.643486
-4.227834
0.487283
-0.022165
3.480370
-1.497431
0.531250
-3.831260
-0.887257
1.441490
0.232874
0.421257
-0.494508
0.049302
1.369961
0.578762
-1.738868
0.339383
-1.399092
-0.543933
0.104942
0.014544
0.765691
0.158166
0.519151
-0.647385
0.824297
-1.890539
-0.517004
-0.312509
0.400354
-1.612111
0.281451
1.428019
-0.380272
-0.235839
-0.537279
-0.242464
-3.726411
-2.218868
0.050975
-1.004235
0.592181
-3.879419
-0.341969
-0.272210
-0.786852
0.106683
-0.066095
-0.168915
0.252063
-0.469472
-0.116017
0.562451
-0.118591
-0.501430
0.618361
0.141594
0.000000
2.373952
-0.119002
0.076678
2.321491
-0.143227
-0.914636
-0.152700
0.147041
0.006772
-0.527503
0.363300
-1.226743
-0.730460
-0.320711
0.051341
0.047384
-0.151079
-0.273934
-0.164017
0.900643
0.028070
-0.530442
-1.031608
-0.588935
0.192887
0.252621
1.025279
-0.030353
2.092561
-0.532570
-0.741844
0.300845
0.242526
-0.082376
0.219153
-0.055296
0.427682
-0.596462
0.082282
0.612985
0.276388
0.126685
-0.269563
0.380138
-0.866486
10.696653
-0.726460
2.158541
0.854505
-0.666736
-0.647393
0.119600
-1.135026
-0.856256
0.556533
-1.615679
2.110869
-1.776928
-4.236013
-2.012922
2.500340
0.364716
-5.708942
-1.584100
2.605017
0.947635
-0.636474
-0.031993
-0.515632
1.005847
-3.518145
0.174550
0.234168
0.684883
0.458463
0.035667
2.262693
0.302090
-0.661832
0.169100
-0.934491
0.489522
-0.761027
-2.488775
1.880163
-15.382348
-2.599214
0.752121
2.513942
-0.789381
-0.282041
-1.199222
0.005964
0.831288
0.261222
0.039956
-0.890843
0.158514
1.218627
2.470694
-1.156827
-0.391467
-0.193620
-0.842800
0.623862
-1.545507
0.003096
0.411533
-4.396054
-0.234740
1.388762
-1.304034
-1.147302
1.021660
-0.718220
-0.257051
-0.219773
-0.015551
-0.452748
0.610240
-0.576810
1.152994
0.861627
1.628170
-10.725655
-0.354740
-0.476676
-0.434648
0.220600
0.086365
-0.443063
1.144754
0.459785
0.351289
-0.743296
1.736872
0.454911
0.023338
0.506620
2.983588
-0.063830
-1.058907
-1.409790
0.806368
0.342972
0.748756
-1.023660
-1.464539
1.178740
-1.520035
-0.042215
-0.688907
0.530643
2.020219
0.121166
-1.460957
0.202298
0.159054
0.284369
-0.840385
-0.932284
0.833609
-1.982144
0.455659
-0.516421
2.866528
-0.257504
-0.716221
-10.271443
0.990211
0.144943
0.124119
0.359285
-0.442086
0.722120
-0.399050
0.359797
-0.235428
-0.336634
-2.651404
1.009326
1.250938
-0.319114
-1.847783
0.036473
-0.414021
-0.311418
0.683405
-1.318229
0.426585
1.604158
-0.788143
-0.509904
-1.088038
-0.006188
-1.461018
0.641613
0.653185
6.483667
-0.866391
0.417153
0.726627
-0.389722
2.442047
-0.503324
-1.172537
0.655701
0.051474
3.090644
-1.759954
-0.448185
0.646733
0.045079
-0.136017
0.301994
-1.260070
-1.144637
0.244096
0.060950
0.550365
0.076949
-2.002320
0.283701
-0.136397
0.778975
-0.641213
1.361832
1.933665
0.558782
-1.389586
1.957566
-0.874539
-0.436403
0.535344
1.093170
0.775311
-0.716572
-1.390494
5.635741
0.495488
0.303464
1.376687
1.034459
1.323582
0.050986
-0.753513
-0.453613
-7.551132
-1.196978
0.828912
1.355895
-2.256425
-0.270459
-0.593579
-0.141111
-4.321983
-5.680643
-0.823570
-0.344621
0.064250
0.056292
-0.457292
-0.702450
0.012329
-1.465379
-0.924529
0.207553
1.487412
1.803958
0.212227
-0.404218
-0.467421
-0.546710
0.612226
0.786121
-0.250933
0.308404
-0.195211
0.693090
0.287667
-0.597547
-0.133749
-0.888984
1.762215
0.406451
-0.388833
-1.321497
6.580825
-0.395590
0.446126
0.644048
-0.724736
0.769040
1.891923
0.024643
1.680086
0.541701
0.270611
0.785594
-0.082109
-0.789777
0.033143
1.348097
-0.902277
-0.280258
-0.711642
-0.851147
0.791213
-0.135157
0.234178
-0.279866
0.408678
0.765055
-0.860632
-0.698705
-0.076709
2.233759
2.045120
1.689709
0.811987
-0.188741
0.165818
0.007389
3.172169
0.017407
0.006779
-1.330561
-0.456159
0.403126
-0.544361
0.903865
0.872204
0.465432
-0.240604
-0.051583
0.077199
4.618796
0.685138
1.387898
0.446076
-0.255997
-0.818155
0.401781
2.474856
0.476046
-0.433555
0.642562
0.641963
-0.532987
0.778082
-2.811812
-0.939871
-1.518851
5.179536
-0.774022
2.315626
0.376028
-0.783965
1.310927
-1.201117
1.244210
1.411402
0.421004
-0.124440
-0.748411
0.471540
-1.508217
-2.530919
1.378701
-1.274525
-0.679773
0.443532
-0.982716
0.803154
-0.304579
0.869288
4.192288
0.291789
0.196168
0.110063
-0.788637
-0.005278
1.048034
0.138851
-0.797473
0.529189
1.369193
-0.520594
-1.225259
-0.535529
0.762950
0.370477
-0.747579
0.405254
3.500164
-2.412457
-0.456243
-0.046368
0.361865
0.659737
-0.881187
0.136385
0.297512
0.153519
0.419313
0.421009
-0.173223
0.279813
0.156450
0.297580
-1.722165
0.778074
0.832227
-0.323611
0.049131
0.578016
0.204308
-8.060920
-0.883160
0.195878
0.278445
0.401377
0.965183
-0.317832
1.502223
-1.477086
-0.799795
0.348427
0.594047
-2.252752
2.848487
0.506005
-2.015070
-0.429173
0.238066
0.673098
-0.117419
0.381229
1.337160
-2.662772
2.006181
-0.628255
1.640106
1.817055
0.105482
0.346969
0.221694
0.878025
1.270084
-1.385689
-0.043730
-1.778968
0.474829
-0.317632
-0.113361
0.587337
0.785990
0.264687
1.133450
-1.593107
0.177331
-0.301540
1.203066
2.650492
-4.852466
-2.771652
-0.537924
-1.707957
0.120391
-1.667138
0.113279
0.127834
1.316491
0.292128
1.723662
-1.317519
1.600235
0.226368
2.651923
-0.744360
-0.215875
1.236922
-2.674794
1.258472
-1.613235
2.611661
2.290093
1.156690
3.031715
-5.607328
-0.383279
-0.345097
0.568962
0.161389
0.002657
-0.297341
-0.258114
0.048388
0.466340
-0.117395
-0.403483
-0.270485
0.230580
0.727849
0.330048
-0.165141
0.833719
-1.179046
4.240107
0.059398
1.318126
-0.671759
1.271366
0.878089
0.972002
-0.035632
0.287303
0.078818
0.076328
-1.827386
1.455970
-0.431572
2.465512
0.000000
0.971181
-0.089986
-0.312900
-8.174298
-9.266231
-0.455607
0.273177
1.646118
0.597574
-0.021803
0.052375
-0.020764
-0.672175
-1.160811
-0.483462
-1.944122
-1.286968
0.120560
-0.400825
-0.363789
-0.594148
-0.669491
0.646884
-0.219916
2.209275
0.545907
1.975322
0.525060
-0.413897
-0.571520
0.817259
0.215762
2.246147
0.074039
-2.861098
0.324663
-2.883406
0.019752
-0.093167
-0.084436
0.111407
0.065177
0.986244
-0.335137
0.147321
-0.347528
-0.147326
-0.170207
-0.744678
-0.615133
0.154036
-0.921845
-0.669376
1.411530
1.100933
0.589448
3.440975
8.301023
-0.291432
0.031445
0.332642
0.294159
-1.044166
-0.287874
1.384608
-0.459023
-0.043391
-2.570791
0.105330
-0.142132
0.785454
0.632392
1.002038
0.280981
-2.516140
1.080283
0.108566
0.123157
3.442436
-0.658079
-0.072578
0.192275
-2.033118
-0.693330
0.040584
-0.109886
0.720180
-2.851480
-0.060548
-0.710955
-0.062331
-0.683952
0.077337
1.063812
5.352004
0.020257
-0.864319
1.862910
-0.687922
0.150566
0.308040
-1.132211
0.368063
-0.294936
0.452306
-0.401272
1.321335
-0.064839
-1.936102
-0.498142
1.905361
1.798481
0.607585
0.390859
0.063618
0.180564
2.470695
0.293782
-2.564728
0.134772
0.755976
-0.581224
3.982302
0.149705
-0.451415
-0.416223
0.836171
0.679263
2.653825
-1.037269
-1.199659
0.066224
-1.846277
-0.223744
-0.018115
1.131978
-0.026141
0.422842
-0.363039
0.343883
0.367626
0.378120
1.576129
0.733034
-1.812991
0.590616
2.187420
0.434945
0.281508
0.021523
-0.773426
-3.973978
-0.250831
-0.478876
-0.279354
-2.215578
-0.440964
0.841379
-0.068838
1.928890
0.949202
0.065145
-0.367665
0.843102
2.013932
-9.606704
-1.598766
0.203637
3.052054
9.714492
1.398334
0.599581
-0.315648
-0.150470
-0.615541
-0.315647
-0.252653
6.881137
0.480534
-0.431114
0.395705
-11.650831
-0.020938
11.345398
-0.541394
-2.232473
0.927647
-0.605087
0.789286
0.669278
0.675170
-1.641725
0.533924
4.759387
1.006132
0.187750
1.424788
-0.423660
-2.174657
-0.174812
-1.314855
-1.145908
-0.846354
-1.398310
1.662351
1.030167
1.235876
-0.810736
0.741142
-0.385058
1.061439
1.226583
-0.540542
0.600196
1.510890
-3.756436
-0.343540
0.509169
-0.609997
-1.319002
-0.704045
-1.139386
0.087035
0.870905
0.257145
-0.504683
-2.684940
-3.770891
0.028055
1.482885
-0.699522
0.083315
0.898279
-1.522298
-1.929349
1.322709
-2.909226
-0.650635
0.467014
-0.802045
-0.553194
1.019996
-0.655520
0.101657
-0.282136
2.531748
-0.745125
0.357559
1.320224
-0.310883
-0.407949
2.171147
-0.174784
-1.030781
0.898331
-0.377080
-0.258791
1.828966
-0.302567
0.094854
-2.592567
1.615426
0.997376
0.319987
0.045303
1.252116
0.578880
0.539110
-1.378974
-0.113875
-2.047475
-0.359939
-4.345729
0.146566
1.445562
-0.063689
0.127830
-0.990398
-0.696415
0.380970
0.154378
1.404475
-0.035121
-0.012462
-1.240577
-0.293917
0.154383
0.785039
0.333194
0.031835
0.232111
0.890992
0.029027
3.730260
2.219207
-0.500894
-1.142044
0.100806
0.760712
-0.752286
2.070126
-0.040792
5.618294
-0.571127
-0.394475
-0.242854
-0.931981
1.023608
-10.202013
0.920724
-4.656624
-1.161485
1.462975
-0.472625
-6.124141
-0.068849
0.071662
-0.096615
-0.374346
6.607081
1.067493
0.243822
-0.026770
1.790589
2.612923
0.017256
0.245091
-0.250983
-3.675643
-0.098570
0.156380
-0.030380
-1.011422
0.051550
-1.383540
0.021701
0.993768
-0.522406
-1.635724
-2.791549
-1.205705
-0.469583
0.602616
0.226223
0.498317
1.131911
1.799715
0.203020
0.001347
0.054126
-0.869975
0.394524
9.794920
0.664127
0.300187
-0.402342
-1.924356
0.415130
-1.018271
-0.394959
-2.573736
0.049396
1.333642
0.147731
-1.043886
0.268146
-0.354992
0.833071
2.852320
0.145816
-3.551988
-0.840945
1.420068
-0.251773
0.027116
0.009505
-0.828518
0.428968
0.364289
0.057222
3.869013
5.711822
-0.550716
1.597470
0.779174
-1.047721
-0.432631
-1.104867
0.590106
0.373754
-0.305763
-0.517946
0.647700
-0.170809
0.087010
0.109537
-0.638771
1.296696
-0.690471
0.190913
-0.141699
0.344685
0.111312
0.303797
0.444623
0.125944
-0.821371
-0.511332
0.663535
-1.373436
0.702628
0.525320
0.887771
0.564795
0.638734
-2.654037
1.056809
-0.927108
0.825217
0.175333
0.470532
-0.029929
0.759167
0.537006
1.000494
-0.608100
0.717914
0.680991
-0.727005
2.623587
0.781947
0.026385
-0.705347
0.510663
-0.892777
-0.290682
-0.088604
-0.219199
-3.225255
0.160688
0.001045
0.226539
0.640101
-0.461771
3.346138
-1.859830
0.258716
-0.554402
0.004189
11.370882
0.483361
-0.795137
-0.941609
-3.435350
0.029413
-0.803579
0.166211
0.619412
-0.512887
0.167506
0.188762
0.578945
-0.010513
-0.288400
1.225626
0.717183
-0.142856
-0.809183
-0.472669
0.098359
-1.659964
-0.580811
0.032773
0.200160
1.732423
0.164947
0.011790
-0.147544
-0.289066
-0.267740
-1.315225
-0.310105
-0.475036
-1.963367
0.909955
-0.648344
-0.252448
-0.794926
-0.290419
2.157914
-0.883414
0.140473
0.910639
0.569425
0.122185
0.930376
-4.736233
0.186095
0.202933
0.747721
-0.200891
-0.490016
-1.420875
0.413760
4.025361
-2.330832
0.659722
1.491527
0.162206
-0.475263
-0.821015
0.427150
-0.624484
0.032957
0.079138
-2.311906
-1.112452
-4.927005
1.649017
0.078882
-0.281065
5.825553
-1.481797
-0.227267
0.794124
-0.311497
0.496159
1.080817
1.206626
0.078878
-0.099737
0.226054
5.462631
-1.809010
-0.318140
1.849360
1.284715
1.743191
0.467394
0.437898
2.562890
0.165883
0.508233
8.777683
0.494142
0.389256
0.936366
-0.471436
2.572352
0.255257
0.639173
-0.549239
-0.552247
-1.128431
-0.202210
5.269884
0.286409
-0.961361
-4.642432
3.880035
-0.927139
0.341834
-0.583716
0.079056
0.033244
-0.318569
0.622251
-0.233438
0.253964
-0.434774
0.485901
0.205297
1.719477
-0.003683
-2.002867
-0.116556
-0.273172
0.013017
-0.336484
0.175197
-0.697864
-0.308836
-0.203628
-0.347373
0.773873
-2.123666
0.316204
0.146498
0.172545
-1.106582
-0.135518
-0.193784
0.821962
-0.505129
0.425498
-0.657364
0.090240
2.169642
-0.594536
-0.684284
0.762716
2.202305
-4.252036
-0.704283
2.475242
-2.823187
1.990074
-0.744107
-0.826963
-0.263330
0.518094
-0.019983
0.887856
-0.084755
0.830625
0.429203
1.022192
-0.352680
0.481354
0.494294
2.145237
-0.905087
0.118339
0.928868
3.642453
-1.548171
-0.141686
-0.042235
-8.049784
1.345893
-0.263615
1.620408
0.169478
0.525384
1.471647
-1.460827
0.905751
1.722954
0.263852
-3.382532
-0.225780
-0.401770
0.185102
-0.245272
-1.089879
0.131232
-0.047646
-0.129257
0.888315
0.431162
2.605388
0.466699
0.565047
0.690893
0.561632
-0.222869
-0.287889
-1.314285
1.734779
-0.341241
4.278602
-0.206800
0.474602
0.686068
-2.533777
1.369000
-2.278358
-0.436093
1.248240
-1.059332
0.000755
-0.430499
0.954417
-1.835779
-1.036452
-2.754296
0.350756
0.969077
1.120473
0.251412
-0.070076
0.709274
-1.648687
0.045821
-0.424513
0.122432
-1.245178
-0.558878
-0.226701
-0.730574
-0.556328
-2.141503
0.733917
-0.019135
-0.337331
-0.249186
-1.250113
1.028758
0.120083
0.377253
-2.406550
-0.521220
0.117169
0.978590
-0.755589
0.261169
-1.957698
-0.918475
-0.164565
0.272344
-5.449670
-1.416453
0.114133
-1.367113
-0.988647
0.141387
-0.096260
0.716918
-0.294297
0.919274
1.126650
0.293066
-3.289350
-0.106163
-1.359330
-0.374520
-0.497900
-1.209140
0.279594
-0.798393
1.502036
0.851744
-1.680905
-1.963523
-0.862559
0.432850
3.306858
-0.038608
0.067952
-1.056791
-0.391062
-0.760107
1.277781
0.120339
0.614173
-0.337225
0.205262
-2.908508
-0.592655
0.070580
-0.907378
-0.186126
2.177294
0.162970
-0.267697
-1.802465
-2.528876
-0.544259
-0.050137
0.458906
0.701832
0.877864
-0.243214
-0.041932
-3.548171
6.539765
0.020258
0.150710
0.055613
1.504593
-0.197311
1.241911
0.901541
-1.286307
0.480773
0.032581
1.181858
-5.869827
0.566305
-0.214690
0.267498
-0.709331
-0.064543
-0.085544
1.549861
1.040317
0.521276
-0.362698
0.386736
-0.050953
0.183210
0.087590
0.684765
-2.096752
0.851123
2.701339
-4.987311
-0.545693
3.417984
1.483577
0.812261
-0.292522
0.423185
-0.558683
-0.202859
1.167711
-0.081862
2.011909
0.066275
0.128829
1.246671
0.050319
0.013193
0.120155
-0.108172
-0.442787
0.078437
0.208158
1.518439
0.009404
1.047385
0.102733
-0.404732
0.214056
0.311280
-3.143397
0.457045
-0.620412
-0.436727
1.124996
1.239893
1.646645
0.209283
0.113389
-1.371858
-2.368493
2.305461
0.114022
0.131798
1.309871
-0.087590
-1.054214
-2.770367
-0.300977
-0.237519
0.021051
1.999834
0.743789
0.586862
-2.159186
0.242150
-0.934361
2.705640
2.459200
0.832089
1.861613
0.179871
0.387325
-0.255127
2.481757
-1.987727
0.667830
-0.771057
-0.352785
0.110558
0.198075
0.420154
-0.398766
-0.112590
-0.062555
1.119282
-0.170528
0.367590
0.518929
0.231890
-0.218632
0.255421
-0.477731
0.392314
1.135569
-0.158570
0.395325
-0.150791
-0.410420
0.377987
0.338396
-0.006107
0.015287
-0.706158
-0.524323
0.695766
0.113960
0.263372
0.294692
0.376998
8.459108
-3.063626
-1.905156
-0.009506
1.319391
1.218963
1.103141
-0.296861
0.686756
-0.238161
-0.411311
-0.001155
-0.032313
-0.246444
-4.400878
-1.242318
-0.750806
-2.103611
0.227985
-0.408986
1.658440
-0.292690
-0.320792
3.412513
-0.865237
-0.008475
0.461809
-1.760521
-1.425785
-0.741543
-2.539794
1.047509
-0.163442
0.202469
3.551993
0.652165
17.673183
-0.312633
0.193146
-3.500904
-0.255676
-0.322656
-0.572212
-0.648503
0.035074
-0.301399
0.034585
-1.569998
1.481874
-0.635418
-0.911057
-0.760073
0.149516
-0.639114
-0.694413
-0.279411
-0.563712
-0.729421
0.014131
-0.541290
-0.151936
-0.127426
-0.909954
0.093364
-0.430730
-0.761023
-0.102599
0.563600
-0.305021
-0.111137
0.846736
0.893021
0.631188
-0.971011
5.326686
-0.254567
0.689668
0.287257
-0.369837
-0.151668
0.838267
1.095604
0.448240
-1.092351
0.797041
2.040107
-0.756839
1.043330
0.236913
-0.364801
1.119122
-0.459247
0.012236
0.657358
0.011340
-0.387737
0.286704
-0.601025
0.162316
-3.629637
-0.170084
1.377032
0.303245
0.141365
-19.331124
0.687093
1.136961
8.080239
-5.146460
0.166978
-3.422411
0.250659
0.307900
0.291060
0.468626
0.498178
1.107375
0.179003
-0.104142
1.466629
1.237397
-0.177517
-0.958189
-0.179185
0.321035
-3.337977
-0.252173
-2.476643
0.684711
-1.254159
-2.603800
-2.380942
0.576311
1.330906
0.725931
0.588395
2.455575
1.412763
0.279988
0.085346
0.175683
-0.870452
-0.555782
0.310889
2.271247
-0.151779
0.456677
0.101036
1.549238
0.654624
-1.419916
0.136849
0.507135
-0.178881
-0.656671
-0.189255
0.256740
-0.074394
1.952345
-0.389325
-0.016009
0.185395
-0.438393
0.150278
-0.070257
-2.750014
-0.031852
0.419831
1.357457
1.007191
0.373543
0.224686
-0.296127
-3.334991
-1.602857
-0.727387
-0.950627
-4.833439
-0.266827
-0.453092
0.204559
-0.651020
3.453340
0.119508
-0.121676
1.156871
0.245781
-1.457491
-0.806676
-0.531762
-1.391128
1.633080
18.924995
0.422989
0.704029
-0.923583
-0.340442
0.995695
-0.289413
0.122643
-0.457678
-0.131717
0.260844
0.720557
0.566321
0.721403
-7.028898
2.025955
0.151524
1.585094
0.536457
-2.732606
0.628528
1.068919
0.151997
-0.788396
-0.684188
0.996061
-0.141429
0.140102
0.083198
-0.218574
0.216263
0.233843
0.071567
-0.298297
-0.652181
-1.674785
2.195242
-0.042475
-0.653977
0.323609
0.620838
-2.055307
0.165774
0.061437
0.527971
2.678572
-0.339123
0.841677
-0.384221
0.112695
0.382774
-0.480795
3.905607
-3.661787
-0.927711
-0.207662
-6.581860
-0.253349
1.139178
0.339492
-0.352376
0.414491
2.816424
-0.741682
-1.981395
-0.965996
-0.957671
-3.006901
-0.223994
0.110594
-0.809923
0.006475
4.561507
-0.495184
0.009668
-1.063316
-0.043865
-0.233780
-0.631631
1.966670
0.016735
-0.300275
-0.371223
-1.580267
-5.988699
-2.806692
-0.389426
-2.209492
0.391973
0.018944
0.494841
-0.043923
0.551684
0.541939
1.971494
0.055518
0.070097
-0.570663
-0.195941
0.177279
1.639621
0.001356
-0.263381
2.954532
1.144414
-0.757547
0.257774
-0.550518
-0.500722
-0.537726
-1.007817
0.182217
-0.125473
0.497452
-3.114147
-0.318345
0.012117
-0.167791
0.091563
0.229029
-4.768125
-0.851097
0.091123
1.052154
0.041902
0.366080
-0.164469
-1.870660
-0.089563
-0.445115
-0.157668
0.590709
-0.025906
2.259002
-2.212289
-4.060282
-0.055115
-0.084718
0.162227
0.714583
-0.177833
0.193691
-0.178959
0.044152
0.113403
0.246678
-3.479485
-3.073761
0.497056
-0.812501
-2.008611
-0.425003
-0.860946
0.308975
0.915302
0.644736
0.879224
-1.034316
-0.465965
0.108890
0.327700
-0.035148
-0.296373
-1.381170
-0.695883
-0.961425
-0.071236
1.303485
-0.753698
1.061647
-1.809732
-0.913550
0.250787
1.883709
-1.405833
0.671492
-0.026073
-3.409788
0.206347
-0.531420
1.976976
-0.133144
0.468273
0.384861
-2.225276
-0.264811
1.094014
-3.121097
1.893837
-0.716577
1.696184
0.801837
0.539842
-1.435740
2.361440
0.829846
-1.121397
-1.100551
0.540511
-3.333822
0.081906
1.683660
0.208406
-3.871174
-0.860332
1.100970
0.079235
-0.174093
0.566230
1.529647
0.545615
-0.460893
-5.562382
-1.093344
0.643007
2.959227
-0.262438
0.406601
0.000000
-2.315066
-0.208858
0.749520
0.183332
-2.660344
-0.667698
0.230717
0.236991
-0.656406
0.142352
-0.359436
2.326713
2.410966
-1.833659
2.492764
-0.218900
-0.049034
-0.109094
0.845373
0.185147
1.286458
-1.148877
-0.246874
0.505897
0.866055
-0.539403
-0.310602
0.373116
-1.598204
0.237412
-0.229061
-3.241416
-0.839620
2.352524
-0.098206
-0.012913
0.408058
-0.475036
-0.496858
1.561084
-0.562523
-0.998303
0.528800
0.958537
0.125668
-0.615407
-0.415349
-1.877605
-0.380716
-1.314096
-0.123793
-0.948961
0.498571
-0.996915
2.370203
-0.541310
-0.195148
-0.255506
0.501827
-0.947568
0.236628
2.084092
2.173746
0.317959
-0.487467
0.455671
1.264972
-0.154238
-0.861445
-0.220917
-1.890308
-0.119313
0.114961
-0.715539
-1.433993
-0.556397
-0.333455
-1.461257
-0.077364
0.001776
-0.304895
-0.173374
1.165551
0.423242
0.318497
-0.243811
-0.235186
2.789719
-3.761497
2.077489
-3.195289
-2.234841
1.652807
-0.180744
-1.413508
-0.408010
2.674575
-0.065507
1.250395
1.497713
-0.121179
3.038103
-0.675905
0.204235
1.460064
-4.298586
0.523371
1.982500
2.120128
-0.004937
-0.059008
4.315250
-0.088923
1.091856
0.668465
-2.222871
3.803010
0.845881
0.223476
8.358231
-0.164244
0.123096
0.019311
0.949729
0.751922
-1.431200
-0.376031
-0.277319
-0.273902
0.362541
3.670511
-0.431105
1.188794
-0.937295
1.778419
0.008092
-0.679718
-1.791522
0.449168
0.326391
-1.398198
-0.512740
0.031133
-0.319886
0.121939
-0.267297
-1.498884
-1.013402
-3.220394
0.361361
-1.290009
-2.053883
0.172925
-0.231145
0.354949
0.081685
0.100604
-2.018377
3.621039
-0.743337
-0.198025
-1.394049
0.145893
-0.242297
1.528704
0.269807
0.732110
-1.248849
0.758297
1.356042
0.300790
0.357727
-2.338756
-0.250159
-1.075842
0.669350
-1.943921
-0.329057
-0.143709
0.530763
0.194149
3.022199
0.316480
0.220082
1.806306
1.162862
0.249575
-1.755829
-1.385239
0.324611
-3.526192
2.868436
0.000000
-0.065735
-0.394674
-0.478603
7.314925
-1.123486
-0.278052
0.056060
-0.482144
0.102223
0.291809
0.435672
-0.208454
-0.004431
-0.488928
-3.420711
-0.592023
-0.340642
-2.413538
1.010589
0.413310
-0.192778
-0.744975
1.058470
0.001886
-0.006588
-0.738586
0.139214
0.737261
0.356514
0.731111
-0.275019
1.309702
0.507933
1.971786
-2.013199
2.011087
-2.128593
-0.111852
-5.877605
0.048915
0.775165
1.007612
2.845351
-0.075588
-2.712186
-0.461049
7.683291
-0.519180
0.187860
-0.097752
1.871700
0.217538
-1.745869
0.521598
0.798458
-0.397114
-0.736456
-3.925829
-0.029336
-6.291943
0.214298
-0.202705
-6.050144
0.038636
-1.271459
1.157136
-0.801037
1.011780
-0.568457
-0.675444
-0.664007
0.422137
1.255658
-0.997444
0.059800
-2.071751
0.121023
0.802065
-0.179788
-0.057014
0.004828
-0.330665
-2.379171
-0.039976
0.956243
-0.108285
-1.650177
-1.000316
-1.460725
6.651248
1.938024
0.060576
0.278978
0.140163
-1.031487
-0.264332
-0.309393
-1.265016
-0.139892
-0.273168
0.247596
-3.428769
-0.402967
-0.065867
-0.635966
-0.148334
-1.803962
-0.443034
0.762590
-0.812328
0.144866
0.147972
0.800875
-0.765531
-0.689973
0.466127
-1.283335
1.591300
-0.309777
-0.032952
-1.857736
1.752880
-0.767835
-0.324995
0.164018
-0.593579
-0.588327
1.879814
0.687302
1.936852
-0.188508
-0.424283
-2.416503
-0.410152
0.173118
2.624255
-0.350749
-0.662650
0.066994
-2.088210
-1.790297
0.186224
1.792035
1.971078
0.428614
-1.329036
-2.961385
4.924327
-0.461631
0.402166
-0.076493
0.002106
-0.125498
-2.127040
-1.008643
1.346363
-0.196714
0.950561
-1.140049
0.748844
-0.153325
9.687565
0.419410
0.993697
-1.071954
-0.044499
-1.548171
0.050919
-0.203237
0.118023
-1.869522
-0.204891
-1.692709
-1.732098
0.191330
3.092130
0.191855
-5.993410
1.134119
-0.430265
0.100642
0.803023
-0.215723
0.385907
0.478975
-0.566232
-0.166725
-1.301415
-0.375727
0.648148
-0.870852
-14.280815
-0.601415
0.488899
-0.507001
-0.290525
0.563924
-2.255233
0.635828
-0.067704
0.254657
0.097754
-0.057261
0.248875
0.371712
-0.585111
-1.232252
-0.324570
-0.890902
1.111274
-1.712400
3.982858
-1.215504
0.289653
3.075198
-3.561726
3.292162
0.494355
2.302582
0.794556
-1.213074
-0.118998
1.054080
-1.130569
-0.084880
-1.074629
-0.969511
-0.338943
0.636423
-0.583405
0.575347
-0.120458
0.550171
-1.295467
-1.511431
0.116527
0.167034
-0.257871
-0.303215
0.233963
-1.166787
0.015262
1.192602
1.615885
1.222715
-9.789346
0.344264
0.645346
0.297629
-3.988217
-0.395114
-0.185141
-0.041519
0.161901
-0.250702
-0.820961
-0.040214
-0.465725
2.663695
0.805610
0.754958
-0.114276
0.205535
0.575956
2.852320
1.437339
-0.026165
-3.617506
-0.021280
0.873018
0.257995
-0.019945
-1.044741
1.584694
0.416788
-0.556450
4.737229
-0.369379
0.215710
-0.831959
-1.316508
2.197224
0.668768
0.004201
0.516743
0.165052
-0.059833
0.361434
-1.739329
-1.146507
1.355883
0.409337
-0.027835
0.099633
-0.205689
-2.028068
0.878112
-0.111465
-2.394701
-0.847437
0.106169
0.592580
-0.209333
0.021025
-0.153087
-0.194749
-0.175746
-0.416831
1.738416
-1.431961
0.526766
1.618308
-2.561542
-2.394913
-1.525368
-0.296961
1.030491
0.214708
2.320680
0.272697
3.007794
3.390079
-1.181477
-13.559203
2.346942
-2.206153
-0.701630
-3.004394
-1.637864
0.757877
0.997546
0.488219
0.264944
0.128708
2.562487
-0.027527
0.186633
0.544795
-0.683429
-0.090585
1.668337
0.243134
0.484473
0.486145
-0.131254
-0.447998
0.243134
-0.113363
0.063096
0.368699
0.293627
-0.171393
0.469936
0.013094
2.036792
-7.040736
-0.585849
0.147573
0.023552
0.027900
-0.740812
0.798756
-0.021022
-1.081406
0.940455
0.072608
1.944077
-0.166454
1.024460
-0.238784
0.923399
-0.238153
0.305270
4.363953
-0.573683
0.684711
-0.821240
-0.786943
0.300576
-0.908972
0.491641
2.939203
-1.093515
-0.439287
0.018128
1.551230
-1.166509
0.312005
0.107251
0.032265
0.653390
-13.948664
0.794144
4.293920
3.716317
1.605012
-1.208971
-1.673280
0.929553
0.078701
-0.218850
-0.384148
-2.825338
-0.732163
-0.836162
0.351220
-0.682821
1.151319
-0.577433
-0.248741
0.145785
-9.392036
2.740438
-0.649919
-0.974290
-0.152972
1.173336
0.330873
-0.258485
0.578181
0.064328
1.021792
-0.063847
-0.462826
-1.970414
0.762564
2.276598
0.339643
-0.990568
-0.776465
0.444638
0.838120
-0.057487
-0.068501
-0.873479
0.880516
-9.997275
2.064046
0.249677
-0.240854
-0.087558
-0.870244
-0.803349
0.896900
-0.885998
0.074836
-1.765798
-0.257887
1.008152
1.409887
0.164270
0.317011
0.578137
0.565716
0.355710
2.179680
-0.770818
0.317327
-0.699675
0.767925
-3.344139
-3.837795
0.191553
0.240766
-0.091131
1.095359
-0.322454
-0.543651
-0.192978
0.234223
0.263825
0.334795
-0.363481
0.012825
0.106520
0.402372
0.796110
-0.928146
-0.237295
2.370567
-0.084757
0.028775
0.942403
-1.761425
-1.298121
2.090838
-0.485908
-2.493686
0.426942
-1.569211
1.001479
-0.100918
0.761619
-0.252711
10.616680
-0.777651
0.581091
0.084178
-0.105231
0.109307
1.023097
10.588400
0.922629
-0.511413
-0.684490
7.439696
0.628795
-0.182045
0.780793
1.320915
-4.810131
0.384755
0.354341
-0.867467
-0.664528
0.321701
1.056771
-0.281488
-0.222899
0.109224
1.739109
1.290957
-0.088397
-0.290964
0.426439
-0.842174
-0.099080
-0.126184
-0.392047
0.922629
-0.056208
-0.163523
0.496546
-0.251686
-0.128062
0.188343
-0.487654
0.518396
0.618016
-1.054026
-2.178132
-0.828307
-0.631269
-3.559198
0.228109
0.865486
-0.445236
0.123072
-2.673218
-0.429217
0.577425
-0.322718
-0.081015
-1.033040
-0.707572
1.275552
2.055837
1.196740
1.753577
-0.033625
-1.420271
-0.621924
-0.297018
0.137676
-0.028630
-3.212451
0.982923
0.104186
1.211932
4.781162
-0.166732
0.252311
0.088345
1.038189
-3.819606
1.038765
0.473685
0.225262
-1.739077
-2.128307
-1.373656
2.973165
0.606599
0.130712
-0.428171
-0.008505
0.476381
0.193920
-1.610032
-1.177792
-13.270116
0.761814
1.804678
1.828908
-0.215288
2.347929
-0.313452
-0.081673
0.230104
-0.027444
-3.459070
2.029467
-0.561607
-0.473142
-1.183983
0.731940
-0.540656
0.088884
0.435617
-0.234988
-0.054387
-0.331298
-0.765309
-0.209244
-0.008632
-0.147629
0.137934
-2.663715
-0.315150
-0.900821
0.404616
0.658842
0.098392
4.953160
-0.447780
-5.255423
-0.240722
1.262028
0.174066
0.036781
-1.453214
-0.616181
-1.638776
0.523067
0.433662
0.654683
-0.428741
0.491230
-0.377333
-0.259519
-0.395507
-0.472314
1.184164
0.578904
-0.345558
-0.204357
0.888717
-1.867675
0.556086
0.283051
0.224368
0.742667
-1.979543
0.609355
0.302466
-1.685826
-3.315850
-1.578214
-1.476069
-1.879979
-2.417770
-1.232394
4.049831
1.005108
0.049398
-0.072072
0.840467
1.492136
-0.116335
-0.495760
-0.947901
-0.630243
-0.509037
0.197377
0.213365
-1.763973
0.699898
-0.267194
-0.398555
-1.043629
-0.446828
-1.395813
-0.709188
0.489489
-0.037930
-0.023764
-0.053309
0.563902
-2.037982
-1.763364
0.155995
3.237343
0.133647
3.428402
0.745535
-0.024238
-0.734073
-1.499998
-0.556971
1.528630
2.476281
-2.644203
-0.394891
-0.410232
0.314688
0.109580
-0.340209
0.227262
-0.346056
1.644727
-0.177512
-5.016864
-0.536975
-0.129064
-0.095770
0.042246
0.197471
-0.176541
0.303119
0.091858
0.357383
1.659403
0.042872
-0.323154
0.635643
-1.541712
1.513054
1.155485
-4.082754
0.079765
-0.783026
-0.158844
0.413760
-0.866657
-3.567643
-0.822084
1.037416
1.347466
-0.517408
0.522998
0.362415
-2.561372
-3.955180
-2.011476
-0.594657
-0.540852
-0.541778
0.398691
-0.516165
2.832629
0.672854
-0.021353
0.307430
0.530719
0.294732
-0.102249
-0.104418
-1.367983
0.170893
-1.448435
0.017162
-0.148857
0.522840
-0.615960
0.284385
0.361651
-0.224233
-0.009768
1.486379
-2.375644
-0.245573
-0.224295
-0.268969
-8.984123
-2.422846
-0.275700
-0.171881
-0.708217
0.711407
5.462631
0.281406
-0.175655
0.605769
-0.516364
0.259247
-0.224042
-0.520038
0.187164
-0.275450
0.000638
0.343213
1.922871
0.451210
-0.877345
-0.474281
-0.905076
1.178660
0.131374
0.000000
-3.269532
0.120416
-0.273519
-0.170021
-1.527029
1.254744
1.176599
0.058455
-0.226024
0.854655
-1.516772
-0.220532
0.859416
-0.659614
0.475968
1.385858
-0.295395
-0.981041
-0.265980
1.351826
-0.238963
-0.143381
0.652244
0.063712
-1.203390
-6.312744
0.748844
-6.337248
1.049737
0.753652
-0.554421
-0.658186
0.826355
-0.200194
-0.038856
-0.294634
0.451647
8.951372
0.000000
0.363825
0.351879
-0.744849
-0.249106
-0.605903
-0.688516
-3.670975
-0.038545
-0.309855
1.295759
-0.159200
0.193920
0.831682
1.604848
1.661563
-0.987927
0.243768
0.201380
-0.401572
2.267949
-0.008670
-0.533854
-0.074569
6.078278
1.951470
-0.053075
-1.791768
-0.666294
-2.427006
4.532912
0.548073
-0.848014
0.993924
-0.433359
4.390253
-1.554089
-1.425123
1.312592
-0.912173
0.069122
-0.399221
-0.825145
1.567375
-0.019723
0.911727
-0.193408
-0.338645
-1.244943
0.009475
0.225331
0.854054
0.076609
-0.803422
-2.389405
0.045693
-1.525065
0.179821
-0.090506
-0.735919
-0.150124
-0.792774
-1.269775
5.190480
0.294006
0.754137
0.934167
1.059895
1.563311
0.832589
0.169108
-0.448748
1.694346
0.135547
-0.043944
1.442579
-2.327718
-1.457788
0.260769
0.089542
1.075774
1.986160
-0.914192
1.623678
2.755523
1.210698
2.509644
2.891359
0.249792
1.041117
-0.499193
1.208387
0.030788
-2.489067
4.955199
-0.163287
-0.290067
0.376946
-0.324781
-2.182168
0.001127
0.366158
0.339075
0.199649
-0.309727
-0.118846
-0.969681
-0.029781
-0.199315
0.386024
0.058601
6.096645
-2.650871
0.020468
0.286436
1.085303
-0.563156
-1.434218
-1.518775
1.413085
1.952861
0.721139
0.029356
-2.810805
1.348089
-0.688985
0.733117
-0.281043
-1.423212
1.319936
0.141727
-3.390051
-0.452286
0.717102
0.275655
-2.004589
2.498183
2.905904
-1.158295
-0.918093
-3.306991
0.361787
0.541290
-0.035026
-0.104080
1.521163
-0.447327
0.963908
0.228940
0.760289
-2.186798
-0.255910
0.720092
0.549523
-1.295153
-0.899471
-0.109976
-3.346888
-0.008851
0.651054
1.784700
0.535886
-1.742179
1.534663
-0.507210
0.073837
-1.878525
-0.108546
0.111249
0.040056
1.929546
-0.069648
0.787045
-1.528990
0.108441
0.121236
0.070521
0.540258
-0.087661
0.638773
-0.166073
0.062496
-0.228386
-0.387958
0.060158
0.637498
0.588094
-0.039452
0.410484
0.801265
4.403889
-0.787569
1.373360
-0.855794
0.622149
0.291645
-0.880344
0.419313
-0.434360
0.989800
0.140828
-0.365021
-0.461760
0.105143
1.026164
0.729127
1.170521
-0.453523
-3.342788
-0.298754
-0.070442
-0.232287
0.219364
0.358675
0.318830
0.033574
-0.527950
-0.819519
1.498329
1.113736
0.114795
-0.049632
-0.020367
0.066252
0.521020
-2.711611
-0.014976
0.679207
-0.291006
-0.040920
0.116708
0.456794
-2.988293
-1.220264
-0.697602
-9.812501
0.610414
0.254775
0.483373
-0.950800
0.059972
0.117768
0.829513
-0.681537
0.502067
0.043721
0.974184
0.285031
-3.317010
0.125399
0.188482
0.137357
-1.001783
-0.857827
-0.289936
-0.952241
-0.181653
0.787602
-3.233029
-0.505527
-0.958353
-0.176791
0.006384
-3.650827
-0.741844
-2.188686
-1.165572
-1.258020
-0.358820
0.286670
-0.182522
0.391673
-1.574261
-0.076239
-0.057852
1.165509
-0.311947
-1.833454
2.295355
0.782866
-0.086723
1.130750
1.262420
-0.363221
-2.096165
1.417143
-1.196116
-0.173312
4.473273
-4.399474
-1.973715
-0.450618
-0.073836
-0.648890
-2.506394
1.375818
13.190396
-0.212006
1.403434
0.909442
0.698174
-0.220896
-0.483938
0.974110
1.309468
-0.905327
-2.496349
0.239497
-0.044572
0.614777
-0.705799
1.713849
0.225433
0.926292
-0.070185
1.098015
-0.188717
0.250077
1.009678
0.438379
-0.485492
-0.759966
0.659396
-0.094891
0.919126
-2.556092
0.466014
4.550267
-0.157449
0.067997
0.404844
0.122684
-2.004650
0.188114
-0.221830
-3.349276
-0.175833
0.020518
-0.188055
-1.396635
0.739903
0.695868
1.326956
0.341460
0.282207
-0.043655
-0.092626
-0.415555
-2.780390
0.102809
1.267315
-0.672007
1.912637
0.251256
-3.825548
0.130082
0.274582
4.353772
0.124465
-1.173209
3.951667
-0.226336
3.156761
-0.120180
2.783127
-0.496523
1.456227
0.245595
-1.573738
-0.303032
-0.718287
0.819302
1.078422
-0.643664
-1.551344
0.390046
1.022647
1.297393
-2.495833
-1.573712
-0.069212
-0.864032
1.704832
0.456611
1.260390
-0.010720
-0.973876
5.535063
0.067806
-0.119450
0.752478
0.551288
0.681201
-4.558765
-0.012956
-0.381515
0.011462
0.202012
-0.542335
-0.879766
0.062327
0.443455
-0.119187
0.035822
0.051633
-0.401727
0.037336
-0.885371
6.721824
1.976368
2.879717
0.237024
0.717700
-0.586006
0.462631
0.135099
-0.826518
0.429602
-1.999210
0.904370
-0.097022
-0.058968
0.675226
-2.666863
-0.077732
1.489138
-0.465513
0.141266
0.461658
-0.924286
-0.068719
0.849403
-0.648758
0.168868
0.544276
0.264751
-1.023336
-2.136997
3.735700
-0.925846
1.145290
5.035119
0.312921
6.102283
0.626338
0.921358
-0.151954
0.446920
-0.927886
1.197116
2.371428
1.308969
-0.063055
0.203655
-0.951333
-1.711515
-0.473959
0.181733
2.681664
0.239715
1.261599
1.394311
0.717390
0.767207
0.058644
-1.006432
-2.655768
-0.122588
-0.432358
0.000077
0.978602
-0.191037
0.157328
-0.162183
-0.052899
1.332942
-0.404500
-0.719423
0.516445
0.488680
0.767171
-1.182565
-0.077054
-0.466569
-1.006817
-0.660621
-0.396823
-0.945759
-0.039581
-1.442689
0.115311
-0.667957
-0.851016
-0.751919
1.886235
3.453990
1.464315
-0.534971
-0.488771
-0.012294
2.351193
0.746735
2.137973
-1.660079
0.105482
0.282961
1.234088
2.153816
4.836363
1.569495
1.523002
0.760777
-0.665401
-3.195289
-1.237421
-0.058526
-1.171026
0.666147
0.079355
0.074776
0.441619
-0.454294
1.762571
-1.143504
-0.576009
-0.968424
0.034343
0.037652
0.297329
-1.376840
-0.297194
2.451489
1.936043
1.853443
0.346947
-0.442241
-0.257834
-0.237893
0.035708
-4.864318
0.369376
-0.113144
0.838132
1.462009
-0.186112
1.708175
-2.845379
0.263334
5.883818
-0.488201
1.611408
1.261292
0.722762
0.334211
0.081116
-0.088359
-0.754759
0.858725
0.941274
1.423170
-0.274636
-1.931714
-0.036973
1.502795
0.632269
0.031379
0.264918
-0.586321
0.398659
0.257192
0.388896
3.615235
0.260921
0.954245
-0.461712
0.489988
0.994112
0.732904
-0.332097
0.129788
0.641049
0.107469
0.182776
0.667236
-1.939627
-0.070157
0.332956
2.398673
2.749538
-1.432890
-0.218693
0.018463
0.308963
-0.324763
-2.713215
0.029397
-1.086673
0.258235
-0.105787
-1.068495
-4.032586
-0.633601
0.335637
0.250593
-2.880896
0.077706
-0.248025
0.368820
-0.642830
-1.019694
0.643547
1.418534
-0.082054
-0.265444
-1.733273
-0.832069
0.348426
0.892245
1.359398
0.486730
0.183856
1.188249
2.087346
0.228024
-0.228295
0.044095
0.125766
0.039538
1.556806
0.000000
0.132230
0.464852
1.516633
0.938330
-0.867381
-0.102659
-0.152501
-0.262796
0.496604
-1.317798
0.621546
0.258624
-1.138303
-0.754418
8.076844
0.346084
0.060804
0.663750
-0.010530
0.211731
0.240932
-0.139781
1.257700
0.207794
0.918005
0.625098
-0.935223
1.360176
1.776481
0.081763
0.010076
-0.991751
0.585719
-0.301633
-0.224927
0.073983
-2.414605
-0.725754
-2.693412
-0.380769
-0.798501
-0.801176
-0.131859
0.309854
-1.266735
0.349629
0.534681
-1.300274
-2.206013
0.041326
-0.362296
0.450903
0.910822
1.387066
-0.215063
-0.092724
0.452672
-0.710148
-0.244637
3.651074
-1.112145
0.898402
0.424771
-0.181025
-0.745828
0.126516
-0.075816
0.061723
0.239186
9.683627
-1.249504
-1.029430
1.076534
-1.272650
-0.413130
0.034448
0.187274
-0.367863
0.894330
0.562709
-2.796364
-0.223816
-0.191620
-1.359683
0.151420
1.039471
-0.033839
0.249842
0.045435
-1.821910
-0.934939
-0.253257
-0.656104
0.204424
-0.693499
-2.929835
1.947306
0.264453
-0.152071
-0.383957
-0.726986
0.350276
1.522033
-0.188237
-0.430747
-0.445977
0.140631
0.489451
-0.481473
0.104604
-0.730111
-0.222889
0.073823
1.980334
0.754501
-0.312876
-0.369885
-0.796706
-0.460077
-0.641828
-0.136013
-0.135263
-0.246280
0.264162
-0.286553
-1.818605
0.108734
1.043512
-0.518179
-0.048269
1.012165
-0.153535
-0.076496
0.826584
0.108591
-0.426484
0.248283
0.059216
1.263282
-3.707814
-0.014596
-0.384059
-0.076496
2.427874
1.531986
0.668221
-1.881402
-0.794938
1.247084
-0.158098
0.526989
0.130440
0.545054
1.418367
-1.052408
0.519865
-0.058865
-1.062024
-0.955823
0.453728
-0.628727
0.042085
-0.452809
0.862684
-1.317961
0.113318
-0.047861
2.449928
0.650832
-0.682699
-0.557378
-0.773437
-0.368908
1.153855
0.124843
-1.635482
-1.944985
0.715357
-3.375550
0.433903
-0.267232
-0.045535
-0.506044
0.071844
0.078300
-1.542948
-0.538028
-0.175534
-1.441405
0.094351
0.649268
-0.756112
0.134725
1.718635
-0.951402
-0.578863
1.001479
-0.524326
0.452764
-2.621908
-2.756436
-0.957193
1.093046
0.928241
0.358380
-0.815493
-0.624516
-0.493164
0.842963
-0.221334
-0.086536
1.053745
-9.700339
-0.763792
1.150249
-0.651980
1.133191
-0.717765
1.306738
-0.051700
-0.409668
0.923058
-3.968924
0.487017
5.082802
-0.693857
-0.350551
0.613315
-0.301331
1.422822
0.279232
3.949278
-1.897026
-0.590599
-0.923808
-0.003411
0.258080
-0.099279
1.055775
0.926272
0.577254
0.429531
0.408571
-2.464995
-0.020616
-0.028549
0.063601
1.336749
-0.327822
-0.752964
-0.878445
-0.299232
0.458035
0.253422
-0.336341
0.495383
0.561382
-0.103748
0.089248
1.616168
0.743558
-0.271050
3.544938
6.661132
-2.134659
-0.220976
-0.517950
0.593675
-0.159503
0.044266
0.205955
0.630069
-3.987566
-0.238850
-0.044874
0.038668
0.878469
0.946642
-0.213914
-1.817798
0.631537
0.141108
-0.030077
1.886685
-0.108532
-2.288862
2.260543
1.091979
0.710559
2.385369
-0.261862
-0.641425
0.671350
-0.328799
0.164747
0.154497
0.129956
0.504163
0.078589
-1.518404
-0.945261
0.529308
0.001411
0.247256
0.117822
-3.054921
-0.907005
-0.282053
0.853866
0.528772
0.078549
0.795653
-0.531554
1.016597
-0.359747
-0.289375
0.839035
0.158482
-4.042108
0.000000
-0.519833
-1.116348
0.129712
1.016465
0.305148
4.119526
1.118354
1.145224
0.098013
-0.215944
0.731432
-1.447897
0.790483
0.289374
-0.462070
0.517147
-0.596640
0.433306
0.954560
0.067984
0.348319
0.785970
-0.624587
1.237864
1.041903
0.087294
0.308052
0.287495
0.386201
-0.019895
-0.807150
-0.842122
0.308965
4.087620
1.104628
0.753985
-0.429981
1.818516
-0.108571
-1.866678
0.482427
-2.021878
-0.034475
0.603020
0.419207
0.490971
-6.351176
0.262146
-13.229571
0.017540
0.494119
1.163372
0.075118
-0.222480
-0.022349
-2.358401
0.196428
-2.478748
-0.199520
-0.707954
-0.448233
-0.514366
13.024206
17.928155
-0.351373
-1.365223
0.131892
-1.804899
-0.342315
0.383665
0.115194
0.254777
-0.282923
3.366883
-1.923584
0.104376
-0.621900
0.197298
-0.461140
0.265459
-1.445187
0.343152
-0.185726
-18.428257
-1.290163
0.458568
-0.218916
5.444315
-0.865909
0.462890
-3.301217
-0.150670
0.394268
-0.550467
0.394432
-0.155748
-0.863308
1.209766
0.180374
1.273907
-0.114163
-1.568073
1.003305
-0.118244
0.011446
-0.572528
0.602651
-0.288236
0.249895
0.303480
-0.602197
-0.160410
0.478406
-0.804418
-0.006268
1.769912
-0.692733
0.471885
0.829444
-2.045294
-1.314045
-0.302401
-0.201221
1.841894
0.650140
-0.185518
-0.024084
-0.045618
-0.279062
0.557115
-0.062924
0.252309
0.156439
-0.726272
0.222947
1.929361
-0.388073
0.000000
-0.750815
0.564013
2.178629
2.234725
1.387534
-1.480798
-0.155193
1.837601
1.608466
0.938141
0.019136
0.046128
-0.158307
-1.277479
3.249551
-6.515893
2.101822
0.208393
0.347719
-0.322998
0.189903
1.413125
-2.041455
-11.667032
0.098810
-0.789652
1.441448
2.335891
-1.169013
1.396807
1.293865
-0.020397
-0.249685
1.163648
0.054609
0.513142
-2.878263
-0.066234
-1.721990
-0.554718
1.191123
-0.024155
-0.546860
1.469179
0.584623
1.118851
0.149875
-0.022639
0.156011
-0.691956
2.165898
0.367778
-0.066905
-1.109283
0.006485
-0.006923
0.679685
2.200741
-0.960945
0.559245
-1.511175
0.233703
1.455947
-0.269237
-0.454814
0.133878
-0.438470
-0.949379
0.360651
-0.466021
0.332742
-1.228219
-0.488688
-0.965244
-0.170876
0.012863
-0.510028
-2.393941
-0.187159
0.122985
-0.546867
0.238800
-0.625689
5.123899
-0.018536
-3.966346
-0.134883
0.094564
0.797384
-0.927746
0.724912
-0.534225
0.318713
0.632347
-1.358612
1.374834
-0.418092
-0.903616
-0.242049
-1.453742
0.517444
-0.328241
-1.103847
-0.176576
0.378467
-0.217909
-0.932305
0.061734
-1.000470
-1.723306
-0.699331
-1.080601
0.264691
3.920619
-1.159881
-1.522596
-4.001396
0.004728
0.035229
-0.995492
8.678910
1.124012
-1.107682
2.320680
2.451373
-1.763502
1.802171
0.051850
1.795874
-0.036297
0.289598
0.677570
-0.079846
-0.431166
-0.124342
1.259978
1.688344
0.577406
0.323707
-0.077794
3.227235
7.339887
-0.781030
-0.599969
-0.248269
-0.413891
-0.224534
-0.030647
-1.358480
0.480354
-2.002445
-0.269237
-0.498637
0.349545
-0.480055
0.630319
-4.366007
2.128709
-0.569083
2.128063
-0.147489
-0.450735
0.032728
1.638532
-0.338747
0.753499
0.617788
-0.201701
1.361305
-1.370971
0.167954
-0.747300
0.402308
0.187007
1.594835
-2.277554
-1.671313
1.691906
-0.167173
-0.186316
-0.544772
-1.040319
0.573603
0.300231
0.232099
3.761184
-0.209198
-1.426380
-1.452374
-15.345098
3.341201
-2.962649
-0.327481
0.261782
2.008697
-0.056162
-1.921528
-0.314549
0.020481
-1.541605
1.123110
-0.198719
-0.603987
0.967463
1.358028
1.467192
1.295187
-2.268651
-0.505338
0.332636
1.444533
0.204961
-1.448847
-0.480101
3.656984
1.263585
1.943169
0.010358
0.478758
-0.252220
1.196276
0.250765
1.061660
-0.080661
0.358137
3.411669
-1.380940
0.756106
1.539569
0.519884
-3.928117
-1.330774
0.869883
-0.684752
-0.302299
0.626722
0.351694
-0.349178
5.817546
2.474351
-0.990693
-0.085421
0.647735
0.421263
0.154872
3.633428
-0.127824
-1.565270
-0.044923
-3.076897
-0.545388
0.038685
0.369043
0.788761
0.438658
0.333104
0.312067
-2.580840
-0.297152
-0.800462
0.570891
0.264806
-0.478126
0.228896
-0.078115
0.915058
0.072396
-1.366640
0.989023
1.182641
0.607857
1.552829
-0.176478
3.092462
1.288746
-0.320792
-0.468421
-0.212292
0.110810
0.437742
0.398888
0.491152
-0.105326
-0.201738
0.444865
-2.353442
-0.006290
0.548484
0.232411
0.071777
1.135713
-3.763111
0.066908
-0.155339
0.819631
0.640471
0.730749
-0.047103
1.062786
-0.263796
4.682301
-1.271207
0.891615
9.796774
1.281304
0.588789
0.795456
-3.462428
-1.586951
1.007656
-2.273116
1.268483
0.077776
-0.069353
-0.090628
1.260073
-0.045589
-0.828798
1.760710
0.559190
0.083414
-1.180678
-1.398886
-0.300918
0.190991
-0.578495
4.716256
0.638362
-0.376166
1.229127
-1.205932
0.710100
-0.181080
-7.439077
0.191160
-0.013680
0.536351
-1.993687
-0.016710
-1.892598
-0.445425
-1.030364
-0.753189
0.571664
2.013335
-0.377123
-0.224671
0.734592
-0.314335
-1.812207
-2.402766
0.084097
0.853936
-1.162955
0.691448
-0.328468
0.724480
0.272439
-0.664527
-1.335859
-0.148834
-0.340042
-0.473392
1.859170
1.635228
1.624448
-0.709769
1.163333
1.014809
0.327288
-0.728305
0.007597
2.162781
-0.660007
0.912828
-0.128336
1.454236
0.630986
-0.508917
2.322727
-0.436181
0.285733
-2.540101
-3.920480
0.140029
1.372585
-0.246951
-0.453323
1.663956
6.464312
-1.239308
1.226450
-2.144502
2.125183
-1.303228
1.267857
-1.223735
1.361724
0.518206
-0.094104
-0.282740
0.031137
-0.408887
0.106820
1.443347
-0.084559
-0.354197
-1.581577
-0.238620
0.314410
0.715700
0.942860
-1.421400
-1.308028
1.565182
1.019256
-0.039612
0.126203
-0.452485
-1.252856
-5.964640
-0.170370
-2.462873
-3.521603
0.152621
-1.254118
8.218883
-1.096346
1.056034
1.646982
-2.646737
0.036348
1.825291
-0.002829
-0.225142
-1.019512
1.085402
2.359122
0.190343
-2.460628
1.644923
-0.587163
0.519109
0.423445
0.138826
0.312093
-10.698698
0.631350
-0.099089
1.926336
-0.386728
1.423642
0.154131
-0.926821
-0.752459
-0.618875
0.815571
-0.395695
-0.160467
-0.565944
-3.162649
-0.351908
-0.176036
1.219673
0.042483
0.116572
0.270588
1.555609
0.902077
0.096513
0.171250
4.959675
0.114612
1.604520
-1.874593
-1.404543
-0.064143
1.425604
-0.215258
-0.737953
0.660388
-0.813220
-0.032841
0.432918
-0.046180
-0.858336
-2.878773
0.007636
0.229540
1.304760
-0.618875
-0.154588
0.023629
-0.466430
-1.288267
0.275274
1.205832
-1.965620
0.525741
0.613601
-1.195554
0.098304
0.239921
-1.112193
0.943261
0.255652
2.516223
0.844939
-0.275253
2.669243
-8.464568
-0.061897
-0.614936
-1.248154
-0.943960
0.251705
0.381688
0.725766
-1.484951
0.364759
0.277374
8.191557
-0.683957
0.244980
0.349541
-0.338901
0.236247
-0.305510
-5.386260
-1.627245
0.408507
-0.623496
1.145651
1.075647
0.482146
0.149122
-0.334510
0.657906
0.269887
0.624290
4.608756
-0.633804
1.378192
2.160206
0.198321
-0.619825
2.610677
3.805097
-0.814836
0.055947
0.397907
0.348063
-0.578238
-0.275471
0.482147
0.035190
-1.020795
-2.789216
-0.352058
-0.474177
-1.486292
0.180306
0.185533
-1.554623
0.868596
0.097706
-2.972720
-2.804836
-0.418404
0.351415
-0.417101
-0.243831
1.747459
-0.132663
0.725616
0.385176
-0.081570
-0.094663
-0.468777
0.366608
-0.475825
2.974825
0.115027
4.406603
-1.184936
-0.656923
-2.518992
0.186182
0.475775
-1.261485
-1.260962
-3.777762
-2.098919
-0.582320
0.000000
1.667360
-1.307947
-0.097522
-0.775799
1.281025
4.052363
-0.223198
5.239976
0.792480
-0.174096
-0.350761
-0.055838
-3.728882
-1.249634
-1.422802
-0.441286
0.613518
0.079138
-1.431112
0.158640
-4.196188
8.439532
0.286757
-1.476771
-0.993926
0.000000
0.311356
-0.077221
0.200318
-0.073041
0.393872
4.974188
0.100846
0.049281
0.773138
-0.289760
-2.232893
-1.978256
-0.017594
-0.037577
2.175883
0.056071
1.015203
-1.123015
-0.262263
-1.223792
0.539364
-0.534568
0.324941
0.574518
0.276436
-0.559459
5.711180
-13.533847
0.310884
-0.816655
-0.017918
0.279072
1.255938
0.004079
-2.169175
0.175553
-2.387876
-0.091611
-0.747703
1.283206
-1.890038
-1.612745
1.356479
0.397670
0.692211
0.005338
0.020000
-0.883208
1.957246
-0.987721
0.429342
0.307153
1.072276
-0.874603
-0.453455
-0.215076
0.511170
-0.559097
-0.545526
-0.013449
-0.302867
0.663758
-0.015587
0.535742
0.847054
-0.129766
-0.179022
1.571617
0.000911
-0.650534
0.927581
1.176790
1.492482
0.900838
-0.230057
-0.557443
2.792540
-2.277982
0.206938
-0.817802
0.359871
-0.253972
-2.568373
0.134052
0.117761
-5.347628
1.859792
-0.273629
-3.944901
0.210702
-0.522961
0.206010
0.487908
0.253441
2.904092
-0.866272
-0.673238
1.256535
-1.270291
0.649548
0.713540
-0.018786
-0.466871
-0.084374
1.346480
0.603576
-0.149623
0.109624
-2.931951
-0.939788
0.971647
-0.275197
-0.420285
0.244140
-1.179882
-0.891458
-1.708820
-0.036722
-0.814607
0.314029
-0.156077
-0.253483
-0.577580
0.558132
9.990009
1.350636
-0.723914
-1.628023
0.068581
-0.119221
-0.163707
0.766197
0.888633
0.850668
0.746796
-1.318780
0.133434
0.892130
-0.088579
0.024156
-0.064341
0.973712
-0.540579
-3.883076
1.534505
2.623880
-0.117836
5.462631
-0.238067
-0.347453
-0.032812
-0.675696
-0.760481
-0.354061
0.262797
-0.620069
-0.628188
-0.522152
-0.721208
1.316623
-0.160991
1.411384
0.572092
1.216834
2.041537
0.150564
0.112829
0.555364
-1.087210
-2.229043
-0.378413
-0.127809
0.349757
-1.171885
-0.173881
-0.092347
-0.019069
0.118877
-1.253038
-4.956612
1.192310
0.767996
0.278337
0.470134
-2.800948
-1.976000
-0.770727
0.772100
0.057808
-0.286638
-0.661094
0.388560
0.147414
3.084913
0.954399
0.161193
-1.044287
0.695852
-0.209418
1.265816
-0.576774
-0.100013
0.747482
-1.782323
0.195717
-1.632054
-0.289479
-0.296953
-0.584615
0.969641
-0.011835
-0.711792
-0.220299
-1.680719
-1.127353
-1.725835
0.873265
-1.860598
0.828262
0.803738
1.411062
1.257763
0.587242
0.139063
0.604321
-1.465577
-0.039615
-0.325821
-0.369185
1.019278
1.180896
-0.207932
-0.146005
-0.833162
-2.930817
0.324438
4.741163
-1.810837
-0.912650
-0.672580
2.709371
0.010815
0.552493
-0.277962
-0.354396
0.021676
0.860172
-2.072520
-8.997441
0.261464
0.220842
0.719925
-0.298308
-0.435111
-0.377553
3.152464
0.597875
-0.096143
-0.076070
0.543410
2.479611
-0.338166
-0.430287
0.002768
-0.557533
-0.309791
1.772552
-1.440651
-0.433761
-0.515470
-1.472997
-0.162418
-4.140075
1.275313
0.044190
-0.166274
-0.697699
-0.389674
-0.480191
-0.366398
0.108896
-0.120518
-0.860652
-0.776144
0.790217
0.834519
1.226583
-1.076366
-0.428813
0.597820
-1.020230
-1.163507
-2.259875
0.411145
0.149272
-1.659189
0.278745
-0.157752
0.118949
0.561742
-0.124842
0.149896
-4.796796
-0.230658
0.535656
-3.596091
1.619326
-2.935189
-0.804406
-0.546217
0.174055
-3.094292
-0.377372
1.191507
0.421864
0.051920
-0.294082
-0.335710
-0.595188
0.429820
-0.346053
0.037703
0.884313
-0.090469
2.095724
0.411895
1.025769
0.177068
1.129055
-0.642949
0.340306
-0.417160
0.526199
0.528749
2.170834
0.940675
-0.460717
-0.130846
0.206354
-0.363422
-0.535273
0.292600
-6.952173
0.791652
0.529069
-2.195994
0.000416
1.049733
-0.478016
0.185781
-0.169435
1.256633
0.503282
-8.057914
1.130235
-0.892281
0.824176
-0.667158
-0.501732
-0.953531
0.362483
2.834703
-0.155597
2.268834
0.395107
0.303776
-0.313392
-0.440766
-0.177617
-0.002900
-0.847671
-0.224363
0.199345
-1.300156
0.767013
0.000000
-1.059086
5.727645
-2.964804
-0.307738
0.385331
-0.008625
-0.769952
0.847394
0.311720
-0.439218
-0.735518
-1.880751
-0.077080
2.291171
-0.267200
1.087629
0.399996
-0.312915
2.249089
2.251913
0.093398
-0.172166
0.520421
0.282968
-0.491982
-1.494463
-1.712403
0.011514
-0.245869
-0.552312
0.247458
-1.141450
-0.434282
-0.636613
0.209734
0.221532
0.678434
-0.548576
0.000000
0.641213
-0.073287
0.419049
1.370203
0.205451
-2.311554
0.449339
0.198633
-0.450925
-0.334494
-2.984812
-1.251793
2.762785
1.233674
-1.080470
-1.584012
2.151972
0.857921
-0.259049
-0.440355
-2.267416
0.658925
-2.301066
0.020657
-4.891204
-1.375200
-0.226024
1.275871
-0.517711
-0.267378
0.204798
0.289844
0.261337
0.001898
-0.573550
0.129491
-1.127072
-0.644308
-0.183500
-0.583890
-0.092803
1.390021
-1.587549
-0.088504
-0.424366
0.159235
0.084311
0.000000
-1.104512
0.252819
0.079794
0.085850
0.134315
-0.565412
0.319685
-1.299298
-5.418313
-0.614523
-0.119583
-0.732821
0.370121
0.130581
-0.468804
1.015322
0.215798
-0.126437
-0.996420
0.284439
-1.122041
-6.348850
0.663224
0.611174
3.866197
0.080718
-0.879785
-0.344117
1.652153
0.229121
0.262017
0.243488
-1.454412
0.021975
0.504627
-0.331047
-3.617334
0.135354
1.243747
-0.271943
-0.056743
1.406984
-0.349105
-0.619071
-1.561393
0.713387
-0.537729
0.571873
0.099369
1.362526
-0.987570
-0.107651
0.255624
0.155765
-1.625677
0.000000
0.449276
-0.281014
-0.015948
-0.368634
-0.415372
-0.044968
-0.115404
-1.125734
-0.662981
-0.578668
0.190152
-0.360828
0.325894
-0.142155
0.181424
0.034204
3.171260
-0.949006
0.428337
-0.007305
0.618753
-1.137346
0.277806
0.587792
0.954341
-0.931389
1.291186
1.198563
0.335702
0.113939
0.269623
-0.012143
0.087323
1.012343
5.731256
0.299524
0.016688
0.109872
0.124935
1.197184
0.123627
-1.382936
0.156158
-0.312982
0.221518
-1.302003
1.422390
0.350746
1.258041
-0.131207
-0.407839
-0.851876
0.171704
0.114125
0.333183
1.184071
1.401605
1.629860
0.208712
-0.560147
0.504905
1.272274
-0.035438
1.150323
1.080231
-0.418220
0.318159
0.132091
-2.056996
-0.424468
-1.881048
0.111781
0.000000
1.050176
-1.227647
0.925703
-0.038613
-0.098467
-1.032725
1.161455
1.767325
-0.023749
-0.347526
3.085353
-0.284166
-1.034229
-0.781772
-0.242606
-0.195498
-1.931320
-0.290505
-0.719614
0.948838
0.399209
0.054261
0.534067
-0.619255
-0.770548
0.479692
-2.184456
-1.012228
-0.213352
0.258385
0.139978
0.178040
0.745925
-1.461440
-4.264434
0.398544
0.730156
0.397433
4.758512
0.032522
-0.315543
-0.312419
0.097314
-0.191009
-0.233185
-5.603925
0.434778
-0.916687
1.703850
-0.234373
-0.414714
-0.338138
0.041693
0.633455
-0.123610
3.090832
0.288318
-2.652612
0.093708
-0.774089
0.575131
-0.238247
-2.147721
-1.090798
0.011810
0.689115
-0.070745
-3.758462
-2.066774
1.001978
-3.258815
-2.350760
0.231981
-0.713889
1.457233
0.502015
20.779158
-3.930872
-7.736802
-0.033441
0.279249
-0.158478
-0.102970
0.444267
0.870106
-0.393840
-1.116192
-0.114158
-0.535320
-0.811505
0.872670
-0.371987
0.847440
0.179821
-0.467874
-0.788457
-1.509779
3.924710
0.049301
-0.522044
0.286071
-0.066058
-0.549807
-0.257047
-2.221943
0.731938
-0.599555
0.533108
-0.308232
-1.109703
-0.181798
1.350123
-0.597329
-0.018417
-0.496560
0.777966
-3.735696
3.526963
0.229683
1.439716
-3.349946
1.055892
-0.214266
0.611516
-0.202481
-1.344539
-0.093624
-0.828960
-0.121351
0.299805
-2.035074
-9.545731
-1.059632
-0.342305
3.043636
0.927579
-0.026675
0.353987
-5.512778
1.361397
0.043009
0.689669
-0.055869
0.412659
1.673036
-2.520626
-0.120074
-0.379022
0.448497
-1.031751
0.306609
0.056917
14.557473
-1.360978
1.001493
6.252818
-0.212957
2.423323
3.206872
2.341219
-2.615221
0.770954
0.045073
1.086960
-2.011547
-0.685654
-0.444273
-0.389139
-0.786474
0.253660
0.718140
-0.202947
-0.059354
-0.219803
0.260847
2.754255
-2.432456
0.288172
0.153693
0.216699
0.427363
-0.409447
0.060166
1.200982
-0.063227
0.254288
-0.989478
0.678766
-0.061191
0.350787
-0.084224
0.304346
2.809149
1.211908
-0.297353
0.078464
0.423434
-14.216566
-0.281039
-0.087644
-0.972048
-0.022233
-0.277793
0.139872
-0.165539
-1.315048
-0.122017
0.420322
-0.420937
0.454972
1.401764
-0.167221
0.209778
0.795965
-0.177418
0.892054
-0.275403
-0.638214
0.250074
-0.541357
-0.230472
0.022047
0.041997
1.391216
-2.159239
-1.150243
-2.117466
0.223843
-0.476286
3.115709
-0.675319
0.338302
0.160407
-1.056315
0.868017
0.695353
0.478565
-1.405564
-0.652996
-0.381302
0.115893
-0.154560
-0.216160
-0.071519
-0.942052
-0.213626
0.094276
5.818396
-3.766512
-2.857359
4.512557
0.369407
-1.086921
0.433458
-0.307151
-0.428778
-1.011444
1.891369
-0.459077
0.513508
-3.074189
1.201958
0.803933
0.270208
0.012515
4.302078
0.233134
-1.139301
-0.244993
-0.740537
0.065069
-0.230116
-0.385514
0.686549
-0.389951
-0.429498
-1.330222
0.652226
0.559030
0.039493
0.132262
0.668576
-1.590170
-0.016011
0.694500
-0.360018
0.082959
-0.465308
0.957771
-1.384686
-1.158918
-0.325310
0.161237
0.675072
-0.219826
0.102785
0.087358
2.988300
-1.873087
-1.199438
0.181696
-1.900383
0.146839
-0.861877
-0.837707
2.120685
-0.025194
0.302476
1.016390
-0.098138
-0.908816
-0.133519
-2.591901
1.838625
2.916827
-0.791659
0.245236
0.118864
-1.213311
2.161578
-0.449195
-0.321596
0.528333
-0.687455
0.047425
-0.441873
-0.666894
0.376571
-0.786042
-0.252971
-0.046991
-0.056964
-5.169894
2.298948
-1.568766
1.178212
0.174104
0.626471
0.389861
3.489939
-2.712236
-0.489654
0.250960
-0.134756
2.545863
1.485556
0.637552
3.085312
-3.015554
-0.669995
0.016651
0.629239
0.386969
1.252357
-0.000735
0.322390
-6.143914
-1.675047
-1.204876
-0.484738
0.530739
0.473353
-0.032803
1.666017
-1.340869
0.365622
-0.765348
-4.059375
0.265824
0.128631
2.174176
0.987196
0.038263
-1.022482
1.287824
1.077457
-0.111262
0.220939
0.534232
0.237401
-0.333115
0.300192
0.610115
0.711592
-0.151469
0.822413
0.689436
1.725868
-0.028997
-3.254545
-0.540072
7.532484
0.996449
-0.505265
-2.297945
-1.522569
0.045789
1.146185
-0.578259
0.194452
-0.012404
-0.785880
-2.780738
0.476796
0.021864
0.195580
0.249425
0.550442
-0.035115
1.804457
1.557563
-0.189536
1.273829
-0.009747
-0.199202
0.506725
0.596744
-0.110539
0.338198
5.349190
-0.732096
0.741028
1.307254
-0.284454
0.207268
0.258977
-0.713377
-0.600919
-0.195210
-2.196058
0.110549
-0.231574
-0.027439
-0.129849
-0.240889
0.438255
-0.263427
0.349244
-0.440680
-0.003347
0.173035
0.594405
0.579089
-0.500138
0.360191
2.232938
-1.584626
-1.498472
0.418852
-0.304539
3.037872
0.553097
0.392500
-1.782082
-0.056292
-1.022514
0.251486
0.195953
-0.104011
0.598845
-0.477387
0.428377
-0.440126
-0.811090
2.459351
-0.311252
0.056943
-0.085288
-0.154704
2.772214
0.173693
-2.005452
-0.034372
0.565069
0.635458
2.229919
2.844175
0.552552
-1.226370
-0.227440
-1.033592
-2.996583
-0.471865
1.781804
-0.279813
0.405427
4.174294
-0.330631
-0.958517
4.659879
0.762546
0.774946
-0.113510
1.105475
-0.235809
0.023264
0.348388
1.320193
-0.025213
0.611419
-0.475509
1.312017
0.106789
0.105482
0.363455
0.473042
2.050933
-0.056719
-0.111793
-2.087045
1.698982
0.664916
-0.209993
3.080981
1.120277
-3.360837
-1.824643
-1.099133
-2.410174
-0.622331
0.666021
-0.774755
0.015122
-0.189802
1.726804
-1.101537
-1.027236
-1.511250
-0.915637
-0.512516
-2.256925
-0.118722
-0.281449
0.520410
-0.080054
0.398298
-2.196733
-0.611478
0.918219
-2.731932
-0.212819
-1.383810
0.137873
-0.262434
0.105391
1.748657
-0.283837
-0.238599
-1.842740
-0.430146
-0.267398
-0.269949
-0.519002
0.201588
-0.313219
-0.561483
0.142500
0.213480
0.198823
-2.174886
0.594514
-2.087961
0.509966
0.139101
-0.277289
1.256361
-0.140047
-0.281563
1.285196
5.182037
0.457592
-0.872823
-0.287222
1.243201
0.465951
0.653729
-0.092698
-1.533076
-0.405686
-0.914057
-1.488158
-1.477070
-2.331652
-0.082225
0.026007
0.535679
-0.227748
-2.115402
0.646884
1.772794
-0.235887
0.497705
0.756576
-5.236982
-1.504202
1.330926
-1.374000
0.952853
-0.118327
-0.095840
0.122667
0.062172
0.305029
-0.392976
-1.486083
-0.756124
1.558989
-0.252570
0.249796
0.342185
-0.669852
-0.781193
-0.038969
-0.307229
-0.359415
-0.470039
-0.361023
1.263164
-0.698408
0.710562
1.602029
-1.295629
0.076028
-3.339791
0.199234
-0.063527
-0.514066
0.459183
-0.321952
-0.101968
-0.149466
-1.154458
-1.091695
-0.253053
-0.244309
0.017139
1.008580
-0.453284
-0.254223
0.017139
0.283550
-1.598766
0.193539
3.038598
1.020142
1.216091
0.795582
3.431918
-2.208132
0.482440
4.475665
0.032000
-0.848538
-0.040463
-0.569652
-6.032280
-0.639674
-3.843161
0.248922
0.562282
0.108213
-0.140606
-2.350728
1.030509
-0.570581
0.055078
0.058016
1.966062
-0.974921
1.372194
-0.116645
-2.665236
-1.454597
-2.333901
0.472934
-1.246530
0.289391
1.101175
2.389645
-0.314432
0.504033
8.187668
-4.126232
-0.313250
2.679991
-3.152845
-0.921304
-0.581611
3.389939
-5.921999
2.066963
0.263888
0.746463
-6.953435
1.489987
-0.042469
-0.376826
-0.885981
0.076662
0.485359
-4.392895
0.255956
1.061707
-1.380833
-0.915317
0.158895
1.062696
-0.246539
0.140829
-6.533086
0.547159
-1.280899
-1.779810
-7.623456
-0.871702
2.237404
0.787577
1.268488
0.025275
1.702486
0.336730
-0.475251
-0.962644
0.191744
-0.103809
-0.307040
-0.046610
0.553101
-0.047690
-0.496386
1.029317
-2.596222
0.669906
0.041175
0.308882
-0.901176
-0.904454
-0.733335
0.842280
0.942323
0.006938
4.045353
0.623670
-0.505750
-0.316945
-0.960670
-0.620365
0.175315
-0.393909
-0.734261
0.028409
0.387986
-0.010044
0.333453
-0.635593
-0.241692
0.011194
-2.078249
-0.398072
1.364938
-0.023537
0.164606
-0.605165
-0.246455
1.399382
0.819041
4.793575
-0.109923
0.626747
1.283547
-2.653440
-0.508145
0.778578
1.190436
0.218782
-0.431618
-0.209281
0.907845
0.001010
-2.287440
4.938261
-1.478604
0.152249
0.484327
0.114442
-0.409897
0.139231
-1.549660
-0.112732
3.221273
0.100466
0.854124
-0.615886
0.161392
-0.182782
-0.088318
0.186519
-0.934799
-4.209031
0.066957
0.417286
1.101531
0.052108
0.139730
-0.136142
-0.050348
1.070098
0.052435
0.149452
-1.013909
1.173134
0.039320
-0.186944
-0.058405
0.098111
-5.248204
-0.376826
0.501446
2.274460
0.050574
-0.306248
-0.077227
-0.568620
-0.691230
-0.513481
0.214908
1.880732
0.151324
0.228509
-0.719062
-0.060902
-0.600368
-0.095999
0.928687
0.435896
0.694604
2.853844
0.204421
2.067177
0.303216
1.219737
-1.263414
0.804639
-1.605087
0.161278
-0.781507
0.547296
-0.568022
-0.295621
-0.082780
0.911128
-0.632274
-0.020898
0.416286
0.610511
-0.400239
-0.664729
1.891094
-0.507911
-0.289993
-0.268235
0.319847
1.073470
0.082316
0.022113
1.126998
0.970575
0.644226
-0.169066
-0.689189
-0.843076
0.166456
0.294480
-0.389422
0.482427
-0.127134
-0.050420
0.302120
-0.582665
0.389112
-0.228832
-0.699218
0.301835
-2.116783
0.497574
3.760377
1.325689
1.303857
-0.836191
-1.204383
-0.204556
-0.528774
-0.059966
-0.670196
-4.450901
-0.059561
-0.634097
0.598470
-0.320657
-0.555311
0.963150
0.065157
-0.867103
-0.456562
-2.334937
0.346845
0.928494
-1.776013
-2.604009
-0.138098
0.265982
-0.418493
2.028369
2.056572
-0.307543
0.103840
-0.016088
-1.031685
1.326263
-0.083110
-1.000535
1.379514
-0.318682
3.162619
-0.278199
0.772028
4.312477
0.126219
-0.155107
-0.288479
-1.096663
0.602216
0.531729
0.100298
0.491031
-0.534941
2.441864
0.571134
1.611469
0.789824
2.263405
-1.223611
1.771466
-1.096692
0.260340
-0.889616
0.044003
-0.416961
-1.393360
-0.697681
-0.156841
-0.228718
-0.201891
-0.006844
0.015220
0.079712
0.084903
-0.414159
0.231417
0.042646
-0.687901
-1.823094
0.409808
-0.167548
-0.187528
-0.068914
-0.475351
0.505132
1.062781
-0.014235
0.000000
0.354747
3.308685
-0.543133
-0.050095
-0.770188
-0.090916
-0.034245
-1.035169
2.840603
-0.710814
-1.024020
-0.245869
-0.241172
-0.204238
-0.183710
0.773975
0.728965
1.314867
1.888709
1.234218
0.414079
1.282637
8.549919
0.052593
0.065927
0.321815
-1.057922
1.036619
0.038441
0.549475
-0.213287
-0.384818
0.182914
0.822315
0.484508
0.538097
0.442712
0.015151
-0.070743
-0.193037
0.273557
-1.073487
2.617860
0.219600
1.198468
0.622079
-1.935575
0.585780
-0.276691
0.000000
0.615999
-0.188065
-0.181461
1.137828
1.735132
-2.167902
2.513550
-0.796168
0.508273
0.216758
0.855817
0.369509
-4.107361
2.563941
-0.663535
0.399655
0.518990
0.684498
-0.472925
0.828355
-6.287847
0.348575
-1.583333
-1.088654
-0.367373
-1.562125
0.704820
1.645217
-0.808790
10.201089
3.802727
2.767940
0.100030
3.732716
-0.020638
-1.259971
-1.490393
0.729302
-0.589645
4.855029
0.672461
0.653295
-2.106923
5.269827
-0.810632
-0.810632
-0.051696
-3.229220
0.459972
15.839373
0.297036
0.923841
-0.450842
1.255286
-1.870308
0.632706
0.385338
-2.568061
-5.509479
-0.129276
0.307335
0.307335
-0.150435
-0.150435
-0.793184
-0.793184
1.542009
0.162559
0.463817
0.253662
0.253662
0.162559
0.332642
0.257192
-0.053970
0.332642
0.163023
-2.730478
0.563512
-0.216993
0.309850
0.420215
-0.311627
0.254126
-0.220059
0.329112
-2.712160
1.712017
-0.506230
0.932469
-0.143052
1.503621
-0.810632
3.988492
0.150025
0.318907
0.557956
0.074504
0.892314
-0.637983
0.099025
-0.188934
2.330876
0.273300
-1.279332
0.685173
-0.785975
0.106920
0.001440
-1.758546
-0.421348
0.066772
1.010163
-4.266310
-0.100249
-0.402056
0.227746
0.857796
2.246065
1.449220
-0.494612
-2.814922
-0.107068
-0.936905
-0.457348
-3.911193
-0.339798
-1.799263
0.026701
-0.478027
0.385596
1.257468
6.854054
0.437689
0.173631
-1.026487
-4.022087
1.001479
-0.239661
-2.466126
0.542617
-5.310901
4.442407
0.590975
0.384247
2.164645
1.134807
-0.436311
0.016760
-1.076435
1.123249
1.769973
0.913361
0.637609
-0.414656
0.692502
1.767210
-1.290038
0.392474
-0.361831
2.467895
0.467589
0.284522
-0.314558
1.141364
0.007058
1.665730
-1.106738
0.697546
-1.679940
0.057627
1.707271
0.237605
-1.842053
-0.043361
-1.092488
0.010302
-0.376790
1.308316
0.070252
-0.337341
1.646758
-0.934400
1.186078
0.550090
-0.478117
-0.015754
0.498894
-0.058752
-0.037433
0.494711
1.809926
-0.602498
0.851116
3.365117
0.495193
-1.108488
-0.936617
-0.647326
-0.094013
-3.156381
0.386716
0.002808
0.428608
0.387182
-0.015842
0.418948
0.368835
-0.308472
-0.103664
-0.529164
-2.249164
-1.219859
0.494981
0.024063
0.068558
0.487333
-0.330070
4.798198
-0.844574
-1.354462
1.920074
-0.481415
0.139125
0.825956
0.512607
0.067702
0.648148
-7.068126
0.094862
0.713150
0.941082
-3.029797
-0.188330
-1.118495
1.120353
-0.851450
0.833612
-0.586743
0.297390
0.076633
-0.167776
-0.123787
0.327945
1.097003
-7.360124
-10.989077
1.075801
-5.076917
-0.927588
0.604168
0.822514
-7.799205
-9.619183
0.106481
1.179055
0.538971
0.333401
0.907807
0.683494
0.483815
0.183856
1.057190
0.076464
-1.968052
0.085944
-0.014229
-0.113337
0.587830
-6.114054
0.732721
1.868992
-0.225599
-0.039649
1.590293
0.240370
-1.921536
-0.964508
-0.663535
-0.404686
0.847553
3.607123
0.554859
-3.314225
-0.351373
0.033093
0.223337
-0.516829
-0.227049
-0.000894
-0.363038
-2.156529
-0.826542
-0.693258
-0.798239
1.455018
-0.777649
0.774311
-1.359369
-2.108334
-0.498620
-0.246918
-1.367244
-0.221413
-4.126990
4.810463
7.520672
-0.076080
-11.435890
-7.150747
-0.433142
-0.471951
-0.147398
-0.436534
7.078970
0.410143
1.262624
-0.271565
-0.128465
6.978264
-5.481503
0.930450
1.582430
0.907764
-9.896651
8.423086
3.769031
1.148498
-3.684211
3.262633
-5.470168
0.117632
1.379160
0.840574
0.298224
2.089451
0.960150
0.411177
-6.091388
-0.609070
0.280012
3.024637
1.207881
7.314390
-0.286973
2.919901
-15.114955
10.817422
0.060244
0.216823
5.901190
0.512686
-1.558057
-1.246309
-9.737255
0.784997
-0.073497
0.298705
-0.253221
-7.161560
-1.793055
-14.444614
-4.744179
-0.020645
14.370398
0.683895
7.208838
3.512680
0.009962
-1.919914
5.444308
-9.160098
-1.919914
0.041499
-9.749396
0.431402
0.431402
-0.114390
0.297036
0.297036
0.297036
0.297036
-0.386995
-0.055946
-14.402185
0.684020
5.269827
-1.784322
0.265813
0.087741
-0.842622
0.130284
0.369011
0.405380
-1.730980
-0.572427
-0.239228
0.104757
0.117386
-3.212394
0.491833
4.762745
-1.615390
-0.122287
-0.821722
0.445312
0.467177
-0.251925
-0.399768
0.088353
0.575414
0.530021
0.058892
-1.464882
0.493441
-0.114383
2.366098
-2.034123
-0.265334
-3.470684
1.725288
-1.883518
1.653935
-0.477232
0.246800
-0.258962
2.081275
0.513098
0.336811
-2.648547
-0.105172
0.746539
-4.842443
1.472506
0.215612
-0.503310
-1.027876
1.314977
-0.669675
-0.475351
0.204636
0.005749
0.209352
0.434113
-15.045496
0.194597
0.632518
-0.411895
-2.253220
0.784180
-0.795297
-0.102143
-5.693811
-0.787853
2.299094
-1.101468
0.106041
-1.077097
0.407578
-0.348055
0.027631
2.021978
1.074285
0.547281
0.749597
-0.711392
0.593839
-0.036293
0.698981
0.970278
-2.910585
-4.452805
-0.129783
-0.722962
-1.312681
0.218154
2.184287
-0.450460
-0.898000
0.101602
0.981477
-1.412784
-1.321022
-0.976078
0.187542
0.485905
0.395659
-2.662878
8.706381
-0.108954
0.378676
0.295692
-0.222889
1.673463
0.000000
-1.198383
-0.854031
0.159584
-1.675458
1.127083
0.287353
6.434206
0.740158
-0.790286
0.620792
0.524984
0.155558
1.943346
0.929969
1.121354
-0.178703
-0.430576
-0.757736
0.798048
-2.899992
1.472278
1.379546
-2.852467
2.683527
1.577082
0.511691
-0.068046
0.791925
-1.196195
0.367731
1.481645
-0.116024
-2.581599
-0.579603
-0.000654
-0.624695
0.543187
8.982871
-0.668068
0.693079
-0.011106
-0.124878
0.144284
-0.726540
-9.806354
1.039553
-0.337596
5.563972
-8.925853
0.515642
-2.027638
-1.641209
0.411885
-0.931045
-0.497448
1.407352
0.019544
-0.916249
-0.749141
-0.168062
-0.544952
1.554801
0.041733
-1.238537
-0.229850
-0.828956
2.096954
1.453123
0.364609
0.407106
-1.614239
0.649937
-0.182295
-0.605483
-0.062692
-0.312584
0.228227
-1.069956
1.551954
-0.055218
0.626428
-0.656013
-0.125555
-0.911127
1.179087
0.900922
0.393375
0.794589
0.196116
-0.228998
3.746374
0.182397
1.642276
-1.953053
1.201818
-0.022229
-0.234044
-1.301474
0.683405
0.355183
-0.698895
-2.048929
-0.298617
0.111757
-1.025267
-0.841988
0.756819
0.054849
1.125547
-0.135261
-1.935879
1.214133
0.027127
0.919132
-1.099850
0.436437
-1.133503
0.067080
-2.929583
-1.456871
-0.026046
-1.127514
-0.121873
0.493289
0.213188
-0.587565
-0.823936
-1.089117
0.304657
-0.186139
-0.253718
0.062865
-0.096457
0.156377
0.470520
0.089538
-1.875302
-0.176171
0.094728
0.097936
-0.775497
0.047909
2.866210
0.475718
-1.838889
5.056004
-0.273884
0.197275
0.115703
-0.078759
-2.818443
0.076356
-0.774048
0.133280
-2.709611
1.469809
2.512807
0.172312
0.030009
0.056577
-0.914752
-0.122575
0.027297
-2.212212
2.292695
-0.889167
-2.600526
-0.355745
-0.064948
0.932326
-0.889138
-0.407465
-0.396364
0.281360
-0.223554
0.355023
0.496262
-2.109536
2.908499
0.071513
-5.673312
0.327478
-0.369147
7.678181
2.723912
1.568727
0.284370
0.647520
-0.064081
-0.073477
-1.016307
0.192153
-4.978961
5.673193
1.084838
-0.122619
0.632767
-0.290941
-0.618743
1.747328
-0.614683
-0.646265
1.492407
0.518401
0.326133
-0.493556
-0.606763
0.773384
-4.483772
-2.191093
0.081921
0.383754
1.913858
0.136379
-3.366645
-0.075550
-2.286667
0.708221
0.174815
-2.316516
-0.806982
-1.914088
0.854415
0.691518
-2.572390
0.011816
0.010740
0.598917
0.746220
-0.298055
2.482086
2.140731
0.334230
0.503731
-0.172126
0.172033
-0.114532
1.796989
0.439799
0.641836
-0.220647
-0.096712
-0.024339
-0.506485
-1.005537
1.653407
0.397331
-0.413024
0.932639
-0.534592
-2.679700
0.371023
0.352321
0.228181
2.365014
-15.032024
0.323832
0.516700
2.564958
-0.268370
3.559543
0.200377
-0.009827
-0.685539
3.464903
0.385311
-2.361390
-0.310411
0.684711
0.853263
-0.778941
-1.251174
0.177974
0.542952
0.098678
-1.866075
-0.731184
-0.759267
2.119761
-3.285784
3.143687
-0.073856
-0.476446
0.364910
-0.193883
-0.078107
0.467198
0.647994
-1.445593
0.722435
-0.823936
0.102699
-0.231758
-0.182281
0.451131
-0.555061
3.928182
-0.056940
-0.092405
-0.576089
0.024804
-0.306832
0.181351
0.139391
0.110914
-0.279038
0.216080
-0.086699
-0.136371
1.420156
-2.709736
0.446500
0.603574
1.903168
0.445893
0.211169
0.891384
-0.268708
0.037623
1.019328
-0.737374
0.511271
0.321217
-0.633698
-0.445402
-0.187914
2.264786
-0.670328
0.651522
1.020886
0.714690
-1.640538
-0.337517
-0.432207
-0.601908
0.717647
0.114204
-0.816360
-2.509718
0.212233
-0.460993
0.535473
1.120462
-2.548087
0.473062
0.175964
-1.433508
0.197296
-8.562691
0.411239
-0.263587
-8.735739
1.246129
-0.273794
1.159944
-0.130177
-0.316805
-0.100622
0.558531
-9.542294
-2.324600
1.867208
-0.824478
0.902978
0.247790
-1.362720
0.846186
-1.219343
1.741865
0.066637
0.647579
-2.348128
-0.150682
2.592788
7.946639
0.085819
0.167773
-2.309961
0.379154
-3.753542
-0.223559
1.938572
2.062546
-0.377996
0.805914
-0.908190
-0.171797
-0.082169
-0.507507
0.632518
-0.788579
0.330520
0.135056
-0.973463
-0.948836
0.284623
-1.202129
-0.328665
-0.615660
-0.691219
-0.583735
-0.806082
0.048901
-1.439004
-0.085459
-0.818750
-0.771357
0.312924
0.326448
-0.017505
0.398128
0.268157
-2.017564
0.478110
-3.035465
-0.627162
0.477678
0.010266
3.188862
0.295692
0.319256
1.244471
0.846271
1.462184
0.831406
0.386345
-0.325906
0.624428
0.379923
0.446509
0.999481
-0.672346
-2.246509
-0.066860
-0.560436
4.034237
-0.271736
1.154229
-2.021817
0.046470
0.524279
1.696116
0.681561
0.471179
-0.097099
0.129238
1.034969
0.839921
-1.731596
-0.974781
0.008032
-4.025638
-0.227365
0.664009
