0.006460
0.000000
0.000000
0.000000
0.000000
0.000000
0.000000
0.000000
0.000000
0.000000
0.000000
0.000000
0.000000
0.000000
0.000000
0.000000
0.000000
0.000000
0.000000
0.000000
0.000000
0.000000
0.000000
0.000000
0.000000
0.000000
0.000000
0.018071
0.000000
0.000679
0.000000
0.003133
0.007522
0.032449
-0.028206
-0.007424
0.000000
0.000000
0.000000
0.000000
0.023517
0.014871
0.000000
0.000000
0.000000
0.000000
0.000000
0.000000
0.000000
0.000000
0.000000
0.000000
0.000000
0.000000
0.000000
0.000000
0.000000
0.000000
0.000000
0.000000
0.000000
0.000000
0.000000
0.000000
0.000000
0.000000
0.000000
0.000000
0.000000
0.000000
0.000000
0.000000
0.000000
0.000000
0.000000
0.000735
0.039138
0.000000
0.000000
-0.000134
0.000000
0.000000
0.000000
0.000000
0.000000
0.000000
0.000000
0.000000
0.000000
0.000000
0.000000
0.000000
0.000000
0.000000
0.000000
0.000000
0.000000
0.000000
0.000000
0.000000
0.000000
0.000000
0.000000
0.000000
0.000000
0.000000
0.000000
0.000000
0.000000
0.000000
0.000000
0.000000
0.000000
0.000000
0.000000
0.050337
0.000000
0.000000
0.000000
0.000000
0.000000
0.000000
0.000000
0.000000
0.000000
0.000000
0.000000
0.013861
0.014733
0.025898
-0.000255
0.000000
0.000000
0.000000
0.000000
0.000000
0.000000
0.000000
-0.023930
-0.019330
0.016780
-0.024639
0.086957
0.127780
0.000000
0.000000
0.000000
0.002561
0.000000
0.000000
0.000000
0.000000
0.000000
0.000000
0.000000
0.000000
0.000000
0.000000
0.000000
0.000000
0.000000
0.000000
0.000000
0.000000
0.000000
0.000000
0.000000
0.000000
0.000000
0.000000
0.000000
0.000000
0.000000
0.000000
0.000000
0.000000
0.000000
0.000000
0.000000
0.000000
0.000000
0.000000
0.000000
0.000000
0.000000
0.000000
0.000000
0.000000
0.000000
0.000000
0.000000
0.000000
0.000000
0.000000
0.000000
0.000000
0.000000
0.000000
0.000000
0.000000
0.000000
0.000000
0.000000
0.000000
0.000000
0.000000
0.000000
0.000000
0.000000
0.000000
0.000000
0.000000
0.000000
0.000000
0.000000
0.000000
0.000000
0.000000
0.000000
0.000000
0.000000
0.000000
0.000000
0.000000
0.000000
0.000000
0.000000
0.000000
0.000000
0.000000
0.000000
0.000000
0.000000
0.000000
0.000000
0.000000
0.000000
0.000000
0.000000
0.000000
0.000000
0.000000
0.000000
0.000000
0.000000
0.000000
0.000000
0.000000
0.000000
0.000000
0.000000
0.000000
0.000000
0.000000
0.000000
0.000000
0.000000
0.000000
0.000000
0.000000
0.000000
0.000000
0.000000
0.000000
0.000000
0.000000
0.000000
0.000000
0.000000
0.000000
0.000000
0.000000
0.000000
0.000000
0.000000
0.000000
0.000000
0.000000
0.000000
0.000000
0.000000
0.000000
0.000000
0.000000
0.000000
0.000000
0.000000
0.000000
0.000000
0.000000
0.000000
0.000000
0.000000
0.000000
0.000000
0.000000
0.000000
0.000000
0.000000
0.000000
0.000000
0.000000
0.000000
0.000000
0.000000
0.000000
0.000000
0.000000
0.000000
0.000000
0.000000
0.000000
0.000000
0.000000
0.000000
0.000000
0.000000
0.000000
0.000000
0.000000
0.000000
0.000000
0.000000
0.000000
0.000000
0.000000
0.000000
0.000000
0.000000
0.000000
0.000000
0.000000
0.000000
0.000000
0.000000
0.000000
0.000000
0.000000
0.000000
0.000000
0.000000
0.000000
0.000000
0.000000
0.000000
0.000000
0.000000
0.000000
0.000000
0.000000
0.000000
0.000000
0.000000
0.000000
0.000000
0.000000
0.000000
0.000000
0.000000
0.000000
0.000000
0.000000
0.000000
0.000000
0.000000
0.000000
0.000000
0.000000
0.000000
0.000000
0.000000
0.000000
0.000000
0.000000
0.000000
0.000000
0.000000
0.000000
0.000000
0.000000
0.000000
0.000000
0.000000
0.000000
0.000000
0.000000
0.000000
0.000000
0.000000
0.000000
0.000000
0.000000
0.000000
0.000000
0.000000
0.000000
0.000000
0.000000
0.000000
0.000000
0.000000
0.000000
0.000000
0.000000
0.000000
0.000000
0.000000
0.000000
0.000000
0.000000
0.000000
0.000000
0.000000
0.000000
0.000000
0.000000
0.000000
0.000000
0.000000
0.000000
0.000000
0.000000
0.000000
0.000000
0.000000
0.000000
0.000000
0.000000
0.000000
0.000000
0.000000
0.000000
0.000000
0.000000
0.000000
0.000000
0.000000
0.000000
0.000000
0.000000
0.000000
0.000000
0.000000
0.000000
0.000000
0.000000
0.000000
0.000000
0.000000
0.000000
0.000000
0.000000
0.000000
0.000000
0.000000
0.000000
0.000000
0.000000
0.000000
0.000000
0.000000
0.000000
0.000000
0.000000
0.000000
0.000000
0.000000
0.000000
0.000000
0.000000
0.000000
0.000000
0.000000
0.000000
0.000000
0.000000
0.000000
0.000000
0.000000
0.000000
0.000000
0.000000
0.000000
0.000000
0.000000
0.000000
0.000000
0.000000
0.000000
0.000000
0.000000
0.000000
0.000000
0.000000
0.000000
0.000000
0.000000
0.000000
0.000000
0.000000
0.000000
0.000000
0.000000
0.000000
0.000000
0.000000
0.000000
0.000000
0.000000
0.000000
0.000000
0.000000
0.000000
0.000000
0.000000
0.000000
0.000000
0.000000
0.000000
0.000000
0.000000
0.000000
0.000000
0.000000
0.000000
0.000000
0.000000
0.000000
0.000000
0.000000
0.000000
0.000000
0.000000
0.000000
0.000000
0.000000
0.000000
0.000000
0.000000
0.000000
0.000000
0.000000
0.000000
0.000000
0.000000
0.000000
0.000000
0.000000
0.000000
0.000000
0.000000
0.000000
0.000000
0.000000
0.000000
0.000000
0.000000
0.000000
0.000000
0.000000
0.000000
0.000000
0.000000
0.000000
0.000000
0.000000
0.000000
0.000000
0.000000
0.000000
0.000000
0.000000
0.000000
0.000000
0.000000
0.000000
0.000000
0.000000
0.000000
0.000000
0.000000
0.000000
0.000000
0.000000
0.000000
0.000000
0.000000
0.000000
0.000000
0.000000
0.000000
0.000000
0.000000
0.000000
0.000000
0.000000
0.000000
0.000000
0.000000
0.000000
0.000000
0.000000
0.000000
0.000000
0.000000
0.000000
0.000000
0.000000
0.000000
0.000000
0.000000
0.000000
0.000000
-0.040156
-0.018436
-0.004262
0.000000
0.000000
0.000000
0.000000
0.000000
0.000000
0.000000
0.000000
0.000000
0.000000
0.000000
0.000000
0.000000
0.000000
0.000000
0.000000
0.000000
0.000000
0.000000
0.000000
0.000000
0.000000
0.000000
0.000000
0.000000
0.000000
0.000000
0.000000
0.000000
0.000000
0.000000
0.000000
0.000000
0.000000
0.000000
0.000000
0.000000
0.000000
0.000000
0.000000
0.000000
0.000000
0.000000
0.000000
0.000000
0.000000
0.000000
0.000000
0.000000
0.000000
0.000000
0.000000
0.000000
0.000000
0.000000
0.000000
0.000000
0.000000
0.000000
0.000000
0.000000
0.000000
0.000000
0.000000
0.000000
0.000000
-0.020818
0.036533
0.008654
0.003618
0.000000
0.000000
0.000000
0.000000
0.000000
0.000000
0.000000
0.000000
0.000000
0.000000
0.000000
0.000000
0.000000
0.000000
0.000000
0.000000
0.000000
0.000000
0.000000
0.000000
0.000000
0.000000
0.000000
0.000000
0.000000
0.000000
0.000000
0.000000
0.000000
0.000000
0.000000
0.000000
0.000000
0.000000
0.000000
0.000000
0.000000
0.000000
0.000000
0.000000
0.000000
0.000000
0.000000
0.000000
0.000000
0.000000
0.000000
0.000000
0.000000
0.000000
0.000000
0.000000
0.000000
0.000000
0.000000
0.000000
0.000000
0.000000
0.000000
0.000000
0.000000
0.000000
0.000000
0.000000
0.000000
0.000000
0.000000
0.000000
0.000000
0.000000
0.000000
0.000000
0.000000
0.000000
0.000000
0.000000
0.000000
0.000000
0.000000
0.000000
0.000000
0.000000
0.000000
0.000000
0.000000
0.000000
0.000000
0.000000
0.000000
0.000000
0.000000
0.000000
0.000000
0.000000
0.000000
0.000000
0.000000
0.000000
0.000000
0.000000
0.000000
0.000000
0.000000
0.000000
0.000000
0.000000
0.000000
0.000000
0.000000
0.000000
0.000000
0.000000
0.000000
0.000000
0.000000
0.000000
0.000000
0.000000
0.000000
0.000000
0.000000
0.000000
0.000000
0.000000
0.000000
0.000000
0.000000
0.000000
0.000000
0.000000
0.000000
0.000000
0.000000
0.000000
0.000000
0.000000
0.000000
0.000000
0.000000
0.000000
0.000000
0.000000
0.000000
0.000000
0.000000
0.000000
0.000000
0.000000
0.000000
0.000000
0.000000
0.000000
0.000000
0.000000
0.000000
0.000000
0.000000
0.000000
0.000000
0.000000
0.000000
0.000000
0.000000
0.000000
0.000000
0.000000
0.000000
0.000000
0.000000
0.000000
0.000000
0.000000
0.000000
0.000000
0.000000
0.000000
0.000000
0.000000
0.000000
0.000000
0.000000
0.000000
0.000000
0.000000
0.000000
0.000000
0.000000
0.000000
0.000000
0.000000
0.000000
0.000000
0.000000
0.000000
0.000000
0.000000
0.000000
0.000000
0.000000
0.000000
0.000000
0.000000
0.000000
0.000000
0.000000
0.000000
0.000000
0.000000
0.000000
0.000000
0.000000
0.000000
0.000000
0.000000
0.000000
0.000000
0.000000
0.000000
0.000000
0.000000
0.000000
0.000000
0.000000
0.000000
0.000000
0.000000
0.000000
0.000000
0.000000
0.000000
0.000000
0.000000
0.000000
0.000000
0.000000
0.000000
0.000000
0.000000
0.000000
0.000000
0.000000
0.000000
0.000000
0.000000
0.000000
0.000000
0.000000
0.000000
0.000000
0.000000
0.000000
0.000000
0.000000
0.000000
0.000000
0.000000
0.000000
0.000000
0.000000
0.000000
0.000000
0.000000
0.000000
0.000000
0.000000
0.000000
0.000000
0.000000
0.000000
0.000000
0.000000
0.000000
0.000000
0.000000
0.000000
0.000000
0.000000
0.000000
0.000000
0.000000
0.000000
0.000000
0.000000
0.000000
0.000000
0.000000
0.000000
0.000000
0.000000
0.000000
0.000000
0.000000
0.000000
0.000000
0.000000
0.000000
0.000000
0.000000
0.000000
0.000000
0.000000
0.000000
0.000000
0.000000
0.000000
0.000000
0.000000
0.000000
0.000000
0.000000
0.000000
0.000000
0.000000
0.000000
0.000000
0.000000
0.000000
0.000000
0.000000
0.000000
0.000000
0.000000
0.000000
0.000000
0.000000
0.000000
0.000000
0.000000
0.000000
0.000000
0.000000
0.000000
0.000000
0.000000
0.000000
0.000000
0.000000
0.000000
0.000000
0.000000
0.000000
0.000000
0.000000
0.000000
0.000000
0.000000
0.000000
0.000000
0.000000
0.000000
0.000000
0.000000
0.000000
0.000000
0.000000
0.000000
0.000000
0.000000
0.000000
0.000000
0.000000
0.000000
0.000000
0.000000
0.000000
0.000000
0.000000
0.000000
0.000000
0.000000
0.000000
0.000000
0.000000
0.000000
0.000000
0.000000
0.000000
0.000000
0.000000
0.000000
0.000000
0.000000
0.000000
0.000000
0.000000
0.000000
0.000000
0.000000
0.000000
0.000000
0.000000
0.000000
0.000000
0.000000
0.000000
0.000000
0.000000
0.000000
0.000000
0.000000
0.000000
0.000000
0.000000
0.000000
0.000000
0.000000
0.000000
0.000000
0.000000
0.000000
0.000000
0.000000
0.000000
0.000000
0.000000
0.000000
0.000000
0.000000
0.000000
0.000000
0.000000
0.000000
0.000000
0.000000
0.000000
0.000000
0.000000
0.000000
0.000000
0.000000
0.000000
0.000000
0.000000
0.000000
0.000000
0.000000
0.000000
0.000000
0.000000
0.000000
0.000000
0.000000
0.000000
0.000000
0.000000
0.000000
0.000000
0.000000
0.000000
0.000000
0.000000
0.000000
0.000000
0.000000
0.000000
0.000000
0.000000
0.000000
0.000000
0.000000
0.000000
0.000000
0.000000
0.000000
0.000000
0.000000
0.003825
0.000000
-0.014516
0.018210
0.006100
0.014552
-0.007408
0.000000
0.000000
-0.003458
0.000000
0.000000
0.000000
0.000000
0.000000
-0.008306
-0.008782
-0.004040
-0.006280
-0.000364
-0.026553
0.027379
0.000000
0.000000
0.000000
0.000000
0.000000
0.000000
0.000000
0.000000
0.000000
0.000000
0.000000
0.000000
0.000000
0.000000
0.000000
0.000000
0.000000
0.000000
0.000000
0.000000
0.000000
0.000000
0.000000
0.000000
0.000000
0.000000
0.000000
0.000000
0.000000
0.000000
0.000000
0.000000
0.000000
0.000000
0.000000
0.000000
0.000000
0.000000
0.000000
0.000000
0.000000
0.000000
0.000000
0.000000
0.000000
0.000000
0.000000
0.000000
0.000000
0.000000
0.000000
0.000000
0.000000
0.000000
0.000000
0.000000
0.000000
0.000000
0.000000
0.000000
0.000000
0.000000
0.000000
0.000000
0.000000
0.000000
0.000000
0.000000
0.000000
0.000000
0.000000
0.054558
0.029409
0.000000
0.000000
0.000000
0.000000
0.000000
0.000000
-0.001880
-0.045090
0.010973
0.000973
0.005099
0.009166
-0.013148
-0.006649
-0.029249
-0.025858
0.005005
-0.007717
-0.021927
-0.004650
-0.006627
-0.003743
0.000000
0.000000
0.000000
0.000000
0.000000
0.000000
0.000000
-0.011460
0.000000
0.000000
0.000000
0.000000
-0.026866
0.000000
-0.009070
0.000000
0.000000
0.000000
0.000000
-0.018155
0.000000
0.000000
0.000000
0.000000
-0.000727
0.000000
0.000000
0.000000
-0.017911
0.000000
-0.060274
-0.013652
0.000000
0.000000
0.000000
0.000000
-0.013568
0.000000
0.000000
0.000000
0.000000
-0.000627
0.000000
0.000000
0.000000
0.000000
0.112072
0.000000
0.000000
0.000000
0.000000
0.000000
0.000000
0.000000
0.000000
0.017779
0.000000
0.000000
0.000000
0.037913
0.043814
0.030092
-0.001188
-0.026208
0.000839
0.125057
0.003449
-0.004908
0.000000
0.000000
0.000000
0.000000
0.000000
0.000000
0.009326
0.000000
0.000000
0.000000
0.000000
0.000000
-0.026296
0.024870
-0.015224
-0.022771
-0.004816
-0.010845
-0.004382
-0.005903
-0.009442
-0.011777
0.005981
0.005566
0.001041
0.000000
-0.008758
0.000000
-0.006815
0.000000
-0.003695
0.001355
-0.001980
0.000000
0.026941
0.000000
0.000000
0.000000
0.000000
0.000000
0.000000
0.031005
0.000000
0.000000
0.000000
0.011726
0.000000
0.000000
0.000000
0.019648
0.000000
0.000000
0.000000
-0.005776
0.000000
0.000000
0.000000
0.022477
0.000000
-0.004646
0.038453
0.012194
0.000000
0.000000
-0.025700
0.000000
-0.005892
-0.010071
-0.019710
-0.026246
-0.005455
0.000000
0.000000
0.000000
0.000000
0.000000
-0.015871
0.000000
0.012394
0.000000
0.019763
0.042693
0.009862
-0.013259
0.012100
-0.035356
0.003978
-0.009174
0.000000
0.000000
0.000000
0.000000
0.000000
0.000000
0.000000
-0.017761
-0.016177
-0.004595
-0.013789
-0.007992
-0.005482
0.000000
0.000000
0.000000
0.000000
0.000000
-0.017655
-0.028546
-0.008033
0.000000
0.000000
0.003291
0.005304
-0.009416
0.000000
0.000000
0.000000
0.000000
0.004488
0.023803
-0.014955
0.000000
0.000000
0.000000
-0.003623
-0.013711
0.000000
0.000000
0.000000
0.000000
-0.011744
0.000000
0.000000
-0.004536
-0.008913
0.000000
0.000000
0.000000
0.000000
0.036814
0.021005
0.004896
0.000000
0.000000
0.000000
0.000000
0.000000
0.000000
0.000000
0.000000
0.000000
0.000000
0.000000
0.000000
0.000000
0.000000
0.000000
0.000000
0.000000
0.000000
0.000000
0.000000
0.000000
0.000000
0.000000
0.000000
0.000000
0.000000
0.000000
0.000000
0.000000
0.000000
0.000000
0.000000
0.000000
0.000000
0.000000
0.000000
0.000000
0.006486
0.000859
-0.013816
0.000000
0.000000
0.000000
0.000000
0.000000
0.000000
0.000000
0.000000
0.000000
0.000000
0.000000
0.000000
0.000000
0.000000
0.000000
0.000000
0.000000
0.000000
0.000000
0.000000
0.000000
0.000000
0.000000
0.000000
0.000000
0.000000
0.000000
0.000000
0.000000
0.000000
0.000000
0.000000
0.000000
0.000000
0.000000
0.000000
0.000000
0.000000
0.000000
0.000000
0.000000
0.000000
0.000000
0.000000
0.000000
0.000000
0.000000
0.000000
0.000000
0.000000
0.000000
0.000000
0.000000
0.000000
0.000000
0.000000
0.000000
0.000000
0.000000
-0.018548
0.038611
0.015986
0.000000
0.000000
0.000000
0.000000
-0.018341
-0.022977
0.005951
0.000000
0.000000
0.000000
0.000000
0.000000
0.000000
0.000000
0.000000
0.087925
0.010611
0.000000
0.000000
0.000000
0.000000
0.000000
0.000000
0.000000
0.000000
0.000000
0.000000
0.000000
0.000000
0.082050
-0.036171
-0.005336
0.055719
0.112615
-0.023755
0.000000
0.000000
0.000000
0.000000
0.000000
-0.075426
0.000000
0.000000
0.000000
0.000000
0.000000
0.000000
0.000000
0.000000
0.000000
0.000000
0.000000
0.000000
0.000000
0.000000
0.000000
0.000000
-0.001991
0.000000
0.000000
0.000000
0.000000
0.000000
0.000000
0.000000
0.000000
0.000000
0.000000
0.000000
0.000000
0.000000
0.000000
0.000000
0.000000
0.000000
0.000000
0.000000
0.000000
0.000000
0.000000
0.000000
0.000000
0.000000
0.000000
0.000000
0.000000
0.000000
0.000000
0.000000
0.000000
0.000000
0.000000
0.000000
0.000000
0.000000
0.000000
0.000000
0.000000
0.000000
0.000000
0.000000
0.000000
0.000000
0.000000
0.000000
0.000000
0.000000
0.000000
0.000000
0.000000
0.000000
0.000000
0.000000
0.000000
0.000000
0.000000
0.000000
0.000000
0.000000
0.000000
0.000000
0.000000
0.000000
0.000000
0.000000
0.000000
0.000000
0.000000
0.000000
0.000000
0.000000
0.000000
0.000000
0.000000
0.000000
0.000000
0.000000
0.000000
0.000000
0.000000
0.000000
0.000000
0.000000
0.000000
0.000000
0.000000
0.000000
0.000000
0.000000
0.000000
0.000000
0.000000
0.000000
0.000000
0.000000
0.000000
0.000000
0.000000
0.000000
0.000000
0.000000
0.000000
0.000000
0.000000
0.000000
0.000000
0.000000
0.000000
0.000000
0.000000
0.000000
0.000000
0.000000
0.000000
0.002893
-0.015336
0.000000
-0.007291
0.000000
0.000000
0.000000
0.000000
0.000000
0.000000
0.000000
0.031427
0.000000
0.035288
0.042903
-0.013043
0.002104
0.284034
-0.042367
-0.006594
0.000000
0.005462
0.057209
0.000000
0.000000
0.000000
0.000000
0.000000
0.000000
0.000000
0.000000
0.000000
0.016472
-0.002668
0.012808
0.092895
0.083583
-0.003826
0.009543
0.000000
-0.008467
-0.037530
0.006191
-0.002188
-0.007520
0.000000
0.000000
-0.005154
-0.022382
0.000000
0.000000
0.000000
-0.003848
0.004815
0.000000
0.011518
0.098401
0.033240
-0.023018
0.000000
0.000000
0.000000
0.000170
0.000000
0.000000
-0.004546
0.000000
0.023061
-0.023702
-0.019309
0.003829
-0.013574
0.090477
0.110196
-0.026419
-0.013319
0.008472
0.000000
-0.000760
-0.006370
-0.000186
-0.012079
-0.013843
-0.012920
0.005149
0.008995
0.000000
0.000000
0.000000
0.043686
-0.007711
-0.013770
-0.016348
0.000000
-0.005521
-0.015683
0.000000
0.000000
-0.038165
0.000000
-0.015230
-0.012138
-0.006296
-0.003844
-0.012707
0.000000
0.009544
-0.011192
0.017639
-0.002409
0.000000
-0.022723
0.000000
-0.027320
0.051718
-0.015098
0.019410
0.084056
-0.027235
-0.001931
-0.013655
0.000000
-0.016223
0.009259
0.000000
0.034790
-0.013463
-0.014572
-0.016058
-0.009954
0.041920
0.034358
-0.014499
-0.006130
0.000000
0.000000
0.000000
0.000000
0.000000
0.000000
0.000000
0.000000
0.000000
0.000000
0.000000
0.000000
0.000000
0.000000
0.000000
0.000000
0.000000
0.000000
0.000000
0.000000
0.000000
0.000000
0.000000
0.000000
0.000000
0.000000
0.000000
0.000000
0.000000
0.000000
0.007672
-0.031571
-0.009540
-0.012240
0.000000
0.005539
0.000000
0.000000
0.071927
0.000940
-0.023452
-0.013841
-0.002016
0.000000
0.000000
0.000000
0.000000
0.040253
-0.003997
-0.006532
0.000000
0.000000
0.000000
-0.018050
0.000000
0.000305
0.000000
0.000000
0.010003
-0.008222
0.000000
0.000000
0.000000
0.000000
-0.004918
0.000000
0.000000
0.000000
0.000000
0.000000
0.000000
0.000000
0.000000
-0.014395
0.008372
0.000000
-0.008257
0.023098
0.000000
0.000000
-0.015234
0.009409
-0.008965
0.009032
0.000000
0.000000
0.000000
0.000000
0.000341
0.000000
0.000000
-0.015058
-0.015977
-0.003735
-0.005525
-0.018321
-0.019277
0.000000
-0.007175
-0.000701
0.000000
0.000000
0.000000
0.000000
0.000000
0.006491
-0.006685
0.000000
0.000000
-0.016260
-0.006440
0.001498
0.000000
0.000000
0.000000
0.000000
0.000000
0.000000
0.000000
0.000000
0.000000
0.000000
0.000000
0.000000
0.000000
0.000000
0.000000
0.000000
0.000000
0.000000
0.000000
0.000000
0.000000
0.000000
0.000000
0.000000
0.000000
0.000000
0.000000
0.000000
0.000000
0.000000
0.000000
0.000000
0.000000
0.000000
0.000000
0.000000
0.000000
0.000000
0.000000
0.000000
0.000000
0.000000
0.000000
0.000000
0.000000
0.000000
0.000000
0.000000
0.000000
0.000000
0.000000
0.000000
0.000000
0.000000
0.000000
0.000000
0.000000
0.000000
0.000000
0.000000
0.000000
0.000000
0.000000
0.000000
0.000000
0.000000
0.000000
0.000000
0.000000
0.000000
0.000000
0.000000
0.000000
0.000000
0.000000
0.000000
0.000000
0.000000
0.000000
0.000000
0.000000
0.000000
0.000000
0.000000
0.000000
0.000000
0.000000
0.000000
0.000000
0.000000
0.000000
0.000000
0.000000
0.000000
0.000000
0.000000
0.000000
0.000000
0.000000
0.000000
0.000000
0.000000
0.000000
0.000000
0.000000
0.000000
0.000000
0.000000
0.000000
0.000000
0.000000
0.000000
0.000000
0.000000
0.000000
0.000000
0.000000
0.000000
0.000000
0.000000
0.000000
0.000000
0.000000
0.000000
0.000000
0.000000
0.000000
0.000000
0.000000
0.000000
0.000000
0.000000
0.000000
0.000000
0.000000
0.000000
0.000000
0.000000
-0.016147
-0.028536
0.033524
0.018845
-0.011324
0.008718
-0.013994
0.000000
0.000000
0.000000
-0.005505
0.000000
0.000000
0.000000
0.085132
-0.036345
0.040660
0.000000
0.000000
-0.012578
-0.006118
-0.007919
-0.014597
0.020384
0.000000
-0.026945
0.050967
0.028738
0.030802
-0.022950
0.001352
0.000000
0.000000
-0.053496
0.020898
-0.021537
0.011428
-0.023388
-0.026847
0.007160
0.010014
0.000000
-0.016510
0.050040
0.016361
-0.020696
0.001998
-0.008978
0.002424
-0.009273
-0.004171
0.000000
0.000000
0.000000
0.000000
0.000000
0.000000
0.000000
0.000000
0.000000
0.000000
0.000000
0.000000
0.000000
0.000000
0.000000
0.000000
0.000000
0.000000
0.000000
0.007808
0.000000
-0.005589
0.000000
-0.027449
-0.015302
0.003061
-0.012656
0.001068
0.000000
-0.019493
0.000000
0.000000
0.000000
-0.031956
0.074986
0.000000
0.000000
0.000000
0.000000
0.000000
0.019657
0.026584
0.000000
0.000000
0.000000
0.000000
0.000000
0.000000
0.000000
0.006952
0.003011
-0.001033
0.000000
0.000000
0.000000
0.000000
0.000000
-0.004436
0.000000
0.000000
0.000000
0.000000
0.000000
0.000000
0.000000
0.000000
0.000000
0.000000
0.000000
0.000000
0.000000
0.000000
0.019378
0.004653
0.000000
0.000000
0.000000
-0.008566
0.029895
0.032271
-0.011096
-0.035327
-0.003449
0.000000
-0.016523
-0.011446
-0.001847
0.000000
-0.010661
-0.026324
-0.013446
0.002792
0.000000
0.000000
0.000000
0.000000
0.000000
0.000000
0.000000
0.000000
0.000000
0.000000
0.000000
0.000000
0.000000
0.000000
0.000000
0.000000
0.000000
0.000000
0.000000
0.000000
0.000000
0.000000
0.000000
0.012932
-0.006360
0.000000
0.000000
-0.005607
0.006223
-0.000583
-0.010072
0.008628
0.031508
-0.013197
-0.010772
0.000000
0.000000
-0.054096
-0.014716
-0.003260
0.000000
-0.027594
0.003862
-0.019767
0.000000
-0.008898
-0.006057
0.000000
0.000000
0.000000
0.000000
0.000000
0.000000
-0.012180
0.007389
0.001640
-0.010279
-0.009938
0.000000
0.000000
0.000000
-0.009356
-0.022952
-0.012919
0.006058
0.000000
0.000000
-0.034145
0.000000
0.000000
0.000000
-0.012928
-0.007693
0.000000
-0.004883
0.000000
-0.034450
-0.006165
-0.053349
-0.000883
0.000000
0.000000
0.000000
0.000000
-0.004573
0.037451
-0.048019
0.024537
-0.007869
0.000000
0.000000
0.000000
0.000000
0.000000
-0.000423
-0.012147
-0.001696
0.092079
-0.027335
-0.017763
-0.008529
-0.021090
-0.024309
-0.015004
0.003267
-0.015402
-0.015671
0.000000
0.000000
-0.020935
0.006370
-0.004193
-0.009221
-0.010819
-0.001105
-0.009681
-0.004532
0.000000
0.000000
0.000000
-0.001404
0.000000
0.000000
0.016167
0.014846
-0.003976
0.000000
0.000000
0.000000
0.008175
-0.010125
-0.000939
-0.008196
0.002950
0.000000
-0.008324
0.048327
-0.011838
0.007300
-0.044042
0.010124
0.000000
0.000000
0.000000
0.000000
0.000000
0.000000
0.000000
0.000000
0.000000
0.000000
0.000000
0.000000
0.000000
0.000000
0.000000
0.000000
-0.000745
0.000000
0.043179
-0.009680
0.002867
-0.003927
-0.011544
-0.009049
0.023134
0.000000
-0.003687
0.000000
-0.007823
0.000000
0.005291
0.000000
-0.008951
-0.006825
-0.011409
0.010178
0.000000
-0.002976
0.000000
0.000000
0.000000
-0.020868
-0.011025
0.000000
0.007891
0.001981
-0.011329
0.000000
0.001440
0.000000
0.000000
-0.001261
0.000000
0.000000
-0.002443
0.000000
0.000000
0.000000
-0.010333
0.000000
0.041996
-0.000047
-0.012181
-0.022946
0.005000
0.004737
0.001754
0.000000
0.000000
0.000000
0.000000
0.000881
-0.002472
0.000000
0.000000
0.000000
0.005959
0.016240
-0.025355
0.260845
-0.012645
0.003850
0.002205
0.000000
0.000000
0.000000
-0.005723
-0.025945
-0.010216
-0.011355
-0.016259
0.030352
-0.008808
-0.008194
-0.004481
0.016571
-0.002976
-0.021962
-0.022807
0.193184
0.000329
0.000000
0.000000
0.000000
0.000000
-0.005155
-0.021888
0.077045
0.006941
-0.003670
-0.016952
-0.001641
0.000000
-0.033185
0.000020
-0.004972
-0.010008
0.000000
0.000000
0.000486
0.001765
-0.007618
-0.020733
0.035659
0.084778
0.030464
0.000000
-0.013841
0.000000
0.000000
0.000000
-0.004796
0.017656
-0.026270
0.000000
0.000000
0.014063
-0.011876
-0.016967
-0.002392
0.000000
0.012554
-0.017720
0.052400
-0.022946
-0.019343
-0.031975
-0.010006
0.000000
-0.010530
0.000000
-0.025804
0.000000
-0.018736
0.000000
0.000000
0.000000
0.004197
0.025348
-0.007495
0.016067
-0.000274
0.000000
0.000000
0.000000
0.000000
0.000000
0.000000
0.000000
0.000000
-0.024764
-0.015881
0.000000
0.034152
-0.000088
0.128419
-0.033335
-0.022785
-0.019049
-0.006017
0.000796
-0.010096
-0.016439
0.006998
0.000000
0.000000
0.002845
-0.010386
0.000000
0.000000
0.013521
-0.003305
0.003109
-0.000551
-0.015645
0.064213
-0.004396
-0.023219
-0.010728
-0.010798
-0.016584
0.004440
0.000000
-0.002522
-0.013636
-0.014935
-0.010761
-0.021835
0.001149
-0.012644
0.033918
-0.006475
0.000000
-0.003826
-0.005933
0.010743
0.023589
0.008577
-0.013184
-0.041199
-0.026183
-0.010988
-0.005697
-0.018893
-0.023181
-0.013780
0.000000
-0.026229
-0.030469
-0.020752
0.006834
0.010726
-0.015595
0.090602
-0.005022
0.013025
0.008604
-0.009175
0.030502
0.000000
0.000000
-0.000829
0.018915
0.000000
0.045723
-0.006181
-0.017862
0.003280
-0.002116
0.035515
-0.018345
0.043539
-0.008234
-0.012249
-0.003235
0.000000
0.000000
0.000000
0.000000
0.000000
0.000000
0.000000
0.000000
0.000000
0.002733
0.000000
-0.009360
-0.000771
0.000000
0.000000
0.000000
0.000000
0.000000
0.000000
0.000000
0.000000
0.000000
-0.003052
0.034478
-0.024249
0.002403
-0.001447
0.007077
0.000000
0.000000
0.000000
0.000000
0.000000
0.000000
0.000000
0.000000
0.000000
0.008092
-0.020205
0.000000
0.000000
0.000000
0.000000
-0.005074
0.000000
0.042748
0.010689
-0.016847
0.004838
-0.007913
0.000000
-0.002053
0.000000
0.000000
0.000000
0.000000
-0.010788
-0.059451
-0.031886
-0.005867
0.145328
0.015494
0.018366
0.004378
-0.006130
0.000293
-0.001181
0.002401
0.000000
0.000000
0.000000
0.000000
0.000000
0.000000
0.000000
0.000000
0.000000
0.000000
0.000000
0.000000
-0.016531
0.024771
0.018938
0.000000
-0.001104
-0.018548
-0.001648
-0.015458
-0.001612
0.001472
0.014329
-0.017337
0.002723
0.003633
-0.002693
-0.000720
-0.006684
0.000000
0.000000
0.000000
0.000000
0.000000
-0.007989
-0.026855
0.000000
0.000262
-0.013910
-0.006683
-0.006599
-0.006426
0.000689
0.000000
-0.006754
-0.009106
-0.013810
0.013917
0.005965
0.000000
0.000000
0.003847
0.000000
0.016104
-0.012447
0.000000
0.003059
0.000000
0.000000
0.000000
-0.013101
-0.009694
-0.004404
0.038515
-0.023119
-0.008526
-0.002001
0.002814
0.002367
0.000000
0.000000
0.000000
0.008915
-0.003328
0.002505
-0.006201
0.000000
0.000000
0.000000
0.000000
-0.003215
-0.005221
0.001772
-0.015948
-0.015356
-0.016228
-0.026512
-0.002042
0.000000
-0.001604
0.010364
0.000078
-0.000874
0.000000
0.000000
0.000000
-0.030497
-0.012664
0.028571
0.000000
-0.005776
0.000000
0.000000
0.000000
-0.039514
-0.011879
0.000000
-0.005989
0.050980
0.009996
-0.015346
-0.011827
-0.001477
-0.015787
-0.008738
-0.006989
0.036929
-0.000422
0.000000
0.000000
0.000000
0.000000
0.000000
0.000000
0.000000
0.000000
0.000000
0.000000
0.000000
-0.005421
-0.008572
-0.029391
-0.004752
0.000000
-0.022719
0.006389
-0.010549
-0.004542
0.000000
0.000000
0.064626
-0.000735
0.001148
0.022280
-0.007480
0.000000
0.000000
0.002155
-0.015412
0.000000
0.000000
0.000000
0.000000
-0.009955
-0.011502
0.040422
0.006047
-0.020234
-0.006469
-0.007632
-0.012014
0.010358
-0.001778
0.000000
0.000000
0.000000
0.000000
-0.004858
0.000000
0.000000
0.000000
0.000000
0.004703
0.072093
-0.008647
0.005947
0.000000
0.000000
-0.004211
0.015565
0.000591
-0.007711
0.006840
-0.003543
0.000000
0.000000
0.000000
-0.024885
-0.029471
-0.012539
0.000000
0.000000
0.000000
0.000000
0.000000
-0.001705
-0.001336
0.000000
-0.002797
-0.026570
-0.011656
0.010644
0.014715
-0.005409
-0.005106
0.014081
0.000000
0.000000
-0.011316
0.000884
-0.005510
0.013441
-0.020812
0.037665
-0.038668
-0.011097
-0.010842
-0.009911
0.000000
-0.006455
0.000000
0.000000
0.000000
0.000000
0.000000
0.000000
0.000000
0.000000
0.000000
0.001557
0.000000
0.000000
0.000000
0.000000
0.000000
0.000000
0.000000
-0.006392
-0.005241
0.003994
-0.018849
-0.005526
-0.011909
0.000000
0.000000
0.000000
0.000000
-0.010192
0.001515
-0.036542
-0.018155
-0.025312
-0.004175
0.000000
0.000000
0.000000
0.000000
0.000000
-0.015430
-0.004142
-0.014010
0.001950
-0.023660
0.004750
-0.021232
0.000000
0.000000
0.000000
0.000000
0.000000
0.000000
0.000000
0.000000
0.000000
0.000000
0.000000
0.000000
0.000000
0.000000
0.008897
0.006687
0.000000
0.000000
-0.008747
0.000000
0.015477
0.000841
0.014056
-0.015703
-0.012528
0.000000
-0.016567
0.000000
0.014323
0.000000
-0.022541
0.021977
0.002465
0.010943
-0.009780
-0.001153
0.008058
0.000000
-0.001367
-0.007277
0.000000
-0.012758
-0.010573
-0.006110
0.012772
0.010556
0.000000
-0.000101
0.000000
0.000000
0.000000
0.000000
-0.001081
0.006599
-0.001835
0.000000
0.000000
0.000000
0.000672
-0.005258
-0.001644
-0.003287
-0.016151
-0.043615
-0.017603
-0.004467
0.000000
-0.010274
-0.005452
0.000000
0.007868
-0.014193
-0.071533
-0.007466
-0.020578
-0.009441
-0.009794
-0.010458
0.011311
-0.001342
0.000000
-0.008268
-0.001620
-0.001800
-0.006355
0.002535
0.000000
0.006327
-0.026978
-0.004401
0.000000
0.000000
0.009457
0.041493
-0.006396
-0.000105
0.004024
-0.006267
0.000000
0.000000
-0.003914
0.005628
-0.013581
0.000000
0.000000
0.000000
-0.025676
0.073086
0.000000
-0.007064
-0.016088
-0.013644
0.047908
0.001618
0.000000
-0.011767
0.000000
-0.019083
0.000000
0.023803
0.000466
0.001097
0.010501
0.012486
-0.017899
-0.008118
0.064978
-0.008355
-0.014386
0.011683
0.018671
0.034032
-0.018438
-0.012054
0.000000
0.000000
-0.000006
-0.012305
0.000664
-0.007516
-0.007238
-0.008132
-0.002223
0.000000
0.000000
0.000000
0.000000
-0.008106
0.000000
0.000000
0.052257
-0.004761
-0.010408
-0.004146
0.014582
-0.014685
-0.011283
0.001831
0.025484
-0.006075
-0.009132
-0.023481
-0.014444
0.001004
0.000000
-0.031002
-0.023634
-0.007737
-0.037988
-0.004295
0.000000
0.002265
-0.024115
-0.008417
-0.010760
-0.004630
0.000000
0.000000
-0.000374
-0.026050
0.000000
0.000000
0.000000
-0.050607
0.011683
-0.005469
-0.036072
-0.013596
0.002728
0.000000
0.022258
0.008623
0.009235
-0.011958
0.000000
0.011025
-0.035868
0.094163
0.107762
-0.020928
-0.011917
0.013125
0.019403
-0.000441
-0.007083
-0.012133
0.000000
0.000000
-0.023047
-0.033609
0.000000
-0.006281
0.004292
0.013432
-0.008367
0.000000
0.007487
0.001917
0.000000
-0.012498
0.001843
0.051042
-0.009091
0.012588
-0.004071
-0.016728
0.000000
-0.009746
0.000000
0.000000
-0.000666
-0.005311
0.000000
0.000000
0.000000
0.000000
0.000000
0.000000
0.113789
-0.009922
0.000000
-0.008727
0.003730
0.000000
-0.017845
0.021802
0.036356
-0.006678
0.000000
0.000000
-0.018629
0.000000
0.000000
0.006881
-0.004463
-0.000488
0.004512
0.037878
0.038327
0.041463
-0.001922
-0.013629
0.074338
0.003932
0.000000
0.000000
0.000000
0.000000
0.000000
0.008046
-0.009198
0.003544
-0.001941
0.000000
0.000000
0.000000
0.000000
0.000000
0.000000
0.000000
0.000000
0.000000
0.000000
0.000000
0.001225
-0.035467
0.006990
-0.004367
0.000000
0.000000
0.008062
0.020267
-0.017278
-0.023115
0.017232
-0.006061
0.026508
0.005539
-0.008312
-0.000552
0.000000
0.000000
-0.021673
0.045406
-0.005329
-0.000245
0.076621
-0.004862
0.000000
0.004084
-0.013378
-0.001378
0.006333
-0.022596
-0.007692
0.053419
-0.025561
-0.016101
0.004909
0.004161
0.022211
-0.011544
-0.008035
0.000000
-0.019165
0.030029
0.005221
-0.017756
-0.035640
-0.029648
-0.006383
-0.011800
-0.008462
0.000000
0.000000
0.000000
0.000000
0.000119
0.000000
-0.001862
0.000000
0.000000
0.000000
0.000000
0.000000
0.007729
-0.002868
-0.012073
-0.002363
-0.007713
0.009427
-0.046495
-0.014277
0.000832
-0.024259
-0.002383
-0.011715
0.000000
0.000000
-0.002389
-0.004337
0.000000
0.000000
0.000000
0.042569
0.045766
-0.004140
0.000000
-0.040049
0.009850
-0.025647
0.051885
-0.011050
0.000000
-0.009627
0.000000
0.000000
0.011000
-0.013635
-0.007354
0.006584
-0.009959
0.016419
-0.002189
0.000000
0.000000
0.021725
-0.029017
0.003450
-0.000073
-0.000881
-0.012820
-0.006259
0.000000
0.000000
0.000000
0.000000
0.000000
0.000000
0.000000
-0.029304
0.001960
-0.001326
-0.008183
0.067439
-0.001658
-0.011958
-0.008697
0.014318
0.002742
0.003031
0.000000
-0.023672
0.004458
-0.004695
-0.008361
0.028258
-0.014347
0.000000
0.000000
0.013737
0.000000
0.000000
0.080670
-0.017053
-0.003193
0.000000
0.000000
0.000000
0.000000
0.000000
0.000000
0.000000
0.000000
0.000000
0.000000
0.000000
0.000000
0.000000
0.011982
0.000207
-0.009169
-0.004243
0.000000
0.000000
-0.009794
0.000000
0.000000
0.000000
0.000000
0.000000
0.000000
-0.008284
0.000000
0.000000
0.000000
-0.010619
0.000000
0.000000
-0.025220
0.000000
-0.011010
-0.008166
-0.023189
-0.011324
0.000000
0.000000
0.000000
0.000000
0.000000
0.000000
0.000000
0.000000
0.000000
0.000000
0.000000
0.000000
0.000000
0.000000
0.000000
0.000000
0.001724
0.000000
-0.006633
0.021897
0.011876
-0.023328
-0.023234
-0.067763
-0.002996
-0.008493
-0.007893
0.000000
0.000000
0.000000
-0.008167
0.002387
-0.014163
0.000000
-0.021746
0.101809
-0.012596
-0.020495
0.154567
0.040654
-0.000411
0.000000
0.000000
-0.006523
0.000000
0.000000
0.018590
-0.002944
0.000000
0.000000
-0.028912
0.006211
0.000000
0.000000
-0.027053
0.002444
-0.009689
0.028759
0.006457
0.006644
-0.021058
0.035864
0.076046
-0.012773
-0.002469
-0.023299
-0.001929
0.005465
0.000000
-0.006024
-0.006352
-0.022110
-0.024648
-0.002213
0.001819
0.038814
0.024079
-0.007393
0.000000
0.000000
-0.006030
0.000000
0.000000
-0.022172
-0.006937
-0.019603
-0.022879
-0.010622
0.000000
-0.007902
-0.015245
-0.011825
-0.014196
-0.009560
0.007078
0.000000
0.063435
-0.030745
-0.006769
0.006599
-0.019722
0.003895
-0.000313
0.008067
-0.025003
0.000000
-0.005835
0.065816
-0.011456
0.000000
0.000000
0.000000
0.000000
0.000000
0.000000
0.000000
-0.002982
-0.006054
-0.024611
-0.025943
-0.002372
-0.000345
-0.008045
-0.002236
0.000000
0.000000
0.000000
-0.000175
-0.003964
0.000000
0.000000
-0.010520
-0.008291
0.015223
-0.013106
-0.006803
-0.008347
-0.004149
-0.019152
0.013621
-0.000826
0.000000
-0.000348
-0.013538
0.000000
0.000000
0.012605
0.009204
0.000000
0.000000
0.010807
-0.008454
0.002174
0.003302
0.110588
0.007632
-0.018061
-0.007198
-0.005658
-0.001572
0.006946
-0.004236
-0.000229
-0.001196
-0.029136
-0.003851
0.000000
0.000000
-0.003752
0.005718
0.000000
-0.103353
0.000000
-0.099487
0.000000
0.013137
-0.003815
0.006860
0.214832
-0.022718
-0.025720
0.000000
-0.001092
-0.003065
0.000000
0.000000
0.000000
-0.014602
0.010009
0.032901
0.000000
-0.000672
0.022472
0.000000
0.000000
0.005790
0.000000
0.018192
-0.018562
0.000000
0.073152
-0.027797
-0.033075
-0.001935
0.000000
0.000000
0.003623
0.000000
0.000000
0.000000
0.000000
0.047753
-0.007879
0.000000
0.000000
0.000000
-0.009985
-0.008833
-0.001928
0.000000
-0.003417
-0.030732
0.023228
-0.029738
-0.007273
-0.003613
-0.007842
-0.022571
-0.011189
0.045209
-0.002091
-0.028568
0.003666
0.004539
0.002881
0.013127
-0.003554
0.006492
0.000000
0.027394
-0.008619
0.000000
0.000000
0.000000
-0.006548
-0.012785
0.000000
0.001027
-0.039879
-0.027120
0.000000
-0.009600
-0.000501
-0.011586
0.000000
0.000307
-0.010677
0.000000
0.000000
0.000000
0.002561
0.000000
0.000000
0.007406
0.000000
0.000000
-0.008783
-0.007729
0.000000
-0.004653
0.000000
-0.005877
0.000000
0.000000
0.000000
0.000000
0.000000
0.000000
-0.001068
-0.020543
-0.019198
0.000000
0.001400
-0.002287
-0.014637
0.000218
-0.003848
0.021438
0.003097
-0.002086
-0.000640
0.000000
-0.020972
0.005860
0.032833
0.054264
-0.005893
0.000000
0.000000
-0.017904
0.004449
-0.000132
0.000000
0.000000
-0.004921
-0.011269
0.011549
-0.008007
-0.023056
0.003242
-0.003813
0.000000
0.000000
0.000000
0.000000
0.051325
-0.023632
0.001257
0.045532
0.012869
0.047978
-0.006355
0.031712
0.000000
-0.020816
0.029342
-0.018737
0.000000
0.000000
0.000000
0.000000
-0.003868
-0.012993
-0.016250
-0.023351
0.026860
-0.013063
-0.043488
0.004249
-0.011141
0.000000
0.000000
-0.006894
-0.003296
-0.002669
-0.019623
-0.005142
-0.015104
-0.002449
0.000207
-0.000744
-0.007345
0.000000
0.000000
0.000000
0.000000
0.000000
0.000000
0.000000
0.000000
0.000000
0.000000
0.000000
0.000000
0.000000
-0.018835
-0.002603
0.000000
0.000000
0.000000
0.000000
0.000000
0.000000
0.000000
0.000000
0.000000
0.000000
-0.000315
0.000000
0.000000
0.099542
-0.039795
-0.017277
0.005170
0.000000
0.008435
0.001722
-0.005073
-0.014973
0.000000
0.000000
0.000000
0.017520
0.094972
-0.000017
0.000000
0.000000
0.000000
0.000000
0.000000
0.000000
0.000000
0.000000
0.000000
0.000000
0.005485
-0.004845
-0.016641
0.000000
0.110006
-0.012711
-0.003369
-0.011868
-0.036738
0.044543
-0.005981
-0.001697
0.038838
0.010686
0.000000
0.007617
0.000000
0.000000
0.000000
0.004719
0.000608
-0.011717
0.007247
0.009214
-0.002341
0.042915
-0.025645
-0.007324
0.000000
0.000000
-0.013172
-0.004023
-0.019817
0.090961
-0.001421
-0.000130
-0.018310
0.000000
0.007235
0.012102
0.000000
0.004137
0.000000
0.026404
-0.002617
0.000000
-0.008819
0.000000
-0.018505
0.009268
0.044061
-0.008689
0.004376
0.003757
0.000000
0.000000
0.000000
0.000000
0.000000
0.000000
0.000000
0.000000
0.012757
-0.023375
-0.000132
-0.006966
-0.024303
0.005977
-0.006591
0.000000
0.000000
0.024425
0.005065
-0.006159
0.000000
-0.011907
-0.004640
0.000000
0.000000
0.000000
0.000000
0.014659
-0.005688
0.032445
0.000000
0.008549
-0.029705
-0.008728
0.000000
0.015176
-0.011535
-0.018837
-0.014985
-0.023938
-0.021291
0.009073
0.000000
-0.006677
0.000000
0.034061
0.000000
0.003760
-0.008411
0.000000
0.000000
0.000000
0.000000
0.000000
0.000000
0.000000
0.000000
0.000000
0.000000
0.000000
0.000000
0.000000
0.000000
0.000000
0.000000
0.000000
0.000000
0.000000
0.000000
0.000000
0.000000
0.000000
0.012664
-0.041409
0.000000
-0.003474
0.000000
0.000000
0.000000
0.000000
0.000000
-0.015717
0.045921
-0.002137
0.001460
0.000000
0.000000
0.000000
0.000000
0.006117
0.000000
0.000000
0.005118
-0.031694
-0.049659
-0.003050
0.000000
0.000000
0.000000
0.000000
0.000000
0.000000
0.000000
-0.000469
0.000000
0.000000
0.000000
0.000000
0.000000
0.000000
0.000000
0.000000
0.000000
0.000000
0.000000
0.000000
0.000000
0.000000
0.000000
0.000000
0.000000
0.000000
0.000000
0.000000
0.000000
0.000000
0.000000
0.000000
0.000000
0.000000
0.000000
0.000000
0.000000
0.000000
0.000000
0.000000
0.000000
0.000000
0.000000
0.000000
0.000000
0.000000
0.000000
0.000000
0.000000
0.000000
0.000000
0.000000
0.000000
0.000000
-0.006276
-0.044375
-0.018326
-0.005491
-0.017244
0.000000
-0.013891
0.036582
0.008437
0.000000
-0.001768
0.000000
0.004564
0.011634
-0.002829
0.003635
-0.010173
-0.005268
0.000000
0.000000
-0.013624
0.000000
0.000000
0.000000
0.000000
0.000000
0.000000
0.000000
0.000000
-0.009763
-0.015818
0.125409
-0.016575
0.005205
0.006175
0.000000
0.000000
0.000000
0.000000
-0.001706
0.020633
0.000000
-0.003351
-0.020129
-0.032692
-0.039544
-0.000579
0.000000
0.000000
0.028359
-0.002126
0.000000
0.000000
0.000000
0.000000
0.004816
0.000000
0.000000
0.000000
0.000000
-0.013467
-0.009657
0.019757
0.002144
0.000000
0.117423
0.007079
0.000000
0.000000
0.000000
0.000000
0.000000
0.000000
0.006674
0.000000
-0.010086
0.007307
0.000000
0.000000
0.000000
0.000000
0.000000
-0.015808
-0.022058
0.000000
0.000000
0.075040
-0.012940
0.327408
-0.009391
0.000000
-0.000889
-0.012375
0.000000
-0.008511
-0.003227
-0.019894
-0.043964
-0.003054
0.000000
0.000000
-0.002889
0.000000
0.000000
0.000000
0.000000
0.000000
0.018015
0.000146
0.000000
0.000000
0.000000
0.000000
0.000000
-0.001360
0.000000
0.000000
-0.016759
-0.002894
-0.002622
0.000000
0.004300
-0.023884
0.016323
-0.008462
0.104408
0.066465
0.003452
0.000000
0.000000
0.021741
-0.033278
0.023935
0.104812
0.015115
-0.002864
-0.031285
-0.002503
-0.011349
0.000000
0.000000
-0.005105
-0.002040
-0.020326
-0.001575
0.000000
0.000000
0.000000
0.000000
0.000000
0.000000
0.000000
0.000000
0.006745
-0.011783
-0.053849
0.045669
0.155961
-0.010082
0.003784
-0.015283
-0.001469
0.000000
0.000000
0.000000
0.000000
0.000000
0.000000
0.000000
-0.000049
0.049818
0.000000
0.000000
-0.007621
0.000000
0.000000
0.000000
0.000000
-0.046649
-0.016076
-0.008470
0.010506
-0.205429
0.000000
-0.031409
-0.006093
0.007032
-0.006246
-0.024160
0.001935
-0.010410
0.000000
0.000000
0.000000
-0.013547
0.000000
0.000000
0.003768
0.000000
0.004107
-0.004572
0.000000
0.000000
0.000000
0.000000
0.000000
0.000000
0.000000
0.000000
0.000000
0.000000
0.000000
0.000000
0.000000
0.000000
0.000000
0.023145
-0.036732
0.027597
-0.002816
0.000000
0.000000
-0.005605
0.004840
-0.005684
0.000000
-0.003284
0.000000
0.018459
0.006481
0.152976
0.000000
0.000000
0.000000
-0.002436
0.000000
0.000000
0.000000
0.000000
0.000000
0.000000
0.000000
0.000000
0.000000
-0.018667
-0.004871
0.005595
-0.006316
0.028107
-0.010785
-0.009290
0.000000
-0.012890
-0.002260
-0.034218
-0.002940
0.000000
0.000000
0.002180
0.000000
-0.011937
0.000000
0.000000
0.000000
-0.002676
0.000000
-0.002509
0.000000
0.000000
0.000000
-0.006911
-0.014629
-0.007312
0.011158
0.000026
-0.004105
0.004264
0.000000
0.004112
-0.021753
0.000000
0.000000
0.000000
-0.030946
-0.008907
-0.002197
0.000000
0.000000
-0.008547
-0.009018
-0.005456
-0.000289
0.008024
0.000000
-0.007939
-0.006602
-0.008370
0.000000
0.000000
0.000000
0.045847
-0.009991
-0.001506
-0.001231
0.000765
-0.000102
0.000000
-0.003868
0.038281
-0.003466
-0.009599
-0.007710
0.000000
0.017920
-0.007395
0.009107
0.000000
0.039072
0.007575
0.000000
0.000000
0.000000
0.000000
-0.028140
-0.011677
0.005003
0.000000
-0.020577
-0.012892
-0.006073
0.000000
-0.009919
-0.013592
-0.002976
0.035759
0.000000
-0.011547
-0.021465
0.020042
-0.004044
0.022242
-0.006064
-0.003906
-0.060753
0.026718
0.012715
0.016373
-0.021923
-0.014923
-0.006912
0.000000
0.001868
0.000000
-0.007620
0.000000
0.000000
0.000000
0.005409
0.000000
0.000000
0.000000
0.000000
0.000000
-0.012700
-0.003901
0.006802
-0.020739
0.014098
0.000000
-0.017588
-0.005223
0.000000
0.000000
0.000000
0.000000
0.008356
0.000000
0.001478
0.026220
-0.004507
0.000000
0.000000
0.000000
0.000000
0.000000
0.000000
0.000000
0.000000
0.000000
0.002359
0.000000
0.000000
-0.024616
-0.003746
-0.008829
0.046145
0.000000
0.000000
0.000000
0.000000
0.010222
0.000000
0.000000
0.075545
0.020127
-0.012639
0.004076
0.000000
0.000000
0.000000
0.000000
0.000000
0.005377
0.000417
-0.009703
-0.029882
-0.008778
0.000000
0.000000
0.000000
0.000000
0.000000
-0.018604
-0.018292
-0.020184
0.045543
0.023545
0.058325
0.018174
0.000000
0.000000
-0.016134
0.000000
0.000000
0.000000
0.000000
0.000000
0.000000
0.000000
-0.005918
0.000000
0.000000
0.000000
-0.016216
0.066056
0.000000
0.018687
0.000000
0.000000
0.000000
0.000000
0.000000
0.000000
0.000000
0.000000
0.000000
0.000000
0.000000
0.006435
0.009942
-0.012606
0.007566
0.000000
0.000000
-0.010513
0.015337
0.000000
0.000000
0.000000
0.000000
0.000000
-0.006468
0.000000
0.000000
0.000000
0.000000
0.002807
-0.016597
0.040354
0.032416
-0.010045
0.005933
0.000000
0.015659
-0.006052
0.044191
0.000000
-0.009238
-0.011384
0.000000
0.000000
0.000000
0.000000
0.000000
-0.039464
0.013851
-0.053685
-0.005327
-0.017710
-0.003180
-0.029227
-0.005510
0.000000
0.000000
-0.009255
0.000000
0.000000
0.020074
-0.010485
0.004832
-0.011434
0.000000
-0.018688
-0.012522
-0.007001
0.027113
-0.002725
-0.016711
-0.017785
-0.002872
0.000000
0.000000
0.000000
0.000000
0.000000
0.000681
-0.010444
-0.018438
-0.041697
0.005804
-0.007864
0.014465
-0.016612
-0.005530
0.000000
0.000000
-0.007334
0.000000
0.000000
0.025225
-0.001715
0.027637
-0.020742
-0.011323
-0.005777
0.004228
0.001237
-0.004200
0.000000
0.000000
0.000000
0.000000
-0.004015
0.000000
-0.018420
0.012471
0.016378
0.067979
0.024180
-0.056915
0.005022
-0.014916
-0.010571
0.000000
-0.007827
0.000000
0.000000
0.000000
-0.003374
-0.015588
-0.012576
0.022995
0.000000
0.000000
0.000000
0.000000
0.000000
0.000000
0.000000
0.000000
0.000000
0.000000
0.000000
0.000000
0.000000
0.000000
0.000000
0.000000
0.000000
0.000000
0.000000
0.000000
0.000000
0.000000
0.000000
0.000000
0.000000
0.000000
0.000000
0.000000
0.000000
0.000000
0.000000
0.000000
0.000000
0.025417
0.000000
0.000000
0.000000
0.000000
0.000000
0.000000
0.000000
0.000000
0.000000
0.000000
0.000000
0.000000
0.000000
0.000000
0.000000
0.000000
0.000000
0.000000
0.000000
0.000000
0.000000
-0.010628
-0.011368
-0.036802
0.000000
0.000000
0.000000
0.003100
0.000000
0.000000
-0.006378
0.000000
0.000000
0.000000
-0.010486
0.010206
-0.014109
-0.001300
-0.017317
0.027793
0.000000
0.026888
-0.040102
-0.030723
-0.012208
0.011929
0.003201
0.000000
0.000000
0.000000
0.000000
0.000000
0.000000
0.000000
0.000000
0.000000
0.000000
0.000000
0.000000
0.000000
0.000000
0.000000
0.000000
-0.002585
0.001516
0.000000
0.000000
0.000000
0.000000
0.000000
0.000000
0.000000
0.000000
0.000000
0.000000
0.000000
0.000000
0.000000
0.000000
0.000000
0.000000
0.000000
0.000000
0.000000
0.000000
0.000000
0.000000
0.000000
0.000000
0.000000
0.000000
0.000000
0.000000
0.000000
0.000000
0.000000
0.000000
0.000000
0.000000
0.000000
0.000000
0.000000
0.000000
0.000000
0.000000
0.000000
0.000000
0.000000
0.000000
0.000000
0.000000
0.000000
0.000000
0.000000
0.000000
0.000000
0.000000
0.000000
0.000000
0.000000
0.000000
0.000000
0.000000
0.000000
0.000000
0.000000
0.000000
0.000000
0.000000
0.000000
0.000000
0.000000
0.000000
0.000000
0.000000
0.000000
0.000000
0.000000
0.000000
0.000000
0.000000
0.000000
0.000000
0.000000
0.000000
0.000000
0.000000
0.000000
0.000000
0.000000
0.000000
0.000000
0.000000
0.000000
0.000000
0.000000
0.000000
0.000000
0.000000
0.000000
0.000000
0.000000
0.000000
0.000000
0.000000
0.000000
0.000000
0.000000
0.000000
0.000000
0.000000
0.000000
0.000000
0.000000
0.000000
0.000000
0.000000
0.000000
0.000000
0.000000
0.000000
0.000000
0.000000
0.000000
0.000000
0.000000
0.000000
0.000000
0.000000
0.000000
0.000000
0.000000
0.000000
0.000000
0.000000
0.000000
0.000000
0.000000
0.000000
0.000000
0.000000
0.000000
0.000000
0.000000
0.000000
0.000000
0.000000
0.000000
0.000000
0.036250
0.000000
0.243378
0.037081
0.000188
-0.001927
-0.002926
-0.020212
0.062638
0.063612
-0.002177
0.000000
0.000000
0.000000
0.000000
0.000000
0.000000
0.000000
0.000000
0.000000
0.000000
0.000000
0.000000
0.000000
0.000000
-0.013061
0.000000
0.000000
0.000000
0.000000
0.000000
0.000000
0.000000
0.014138
0.004873
-0.000592
0.051514
-0.003660
0.015227
0.000000
0.013132
0.000000
0.000000
0.000000
-0.023199
0.003019
-0.012705
-0.043666
-0.031906
-0.035998
-0.022714
-0.024184
0.002379
-0.009932
-0.001665
-0.019052
0.002490
0.028611
0.003550
-0.002615
0.000000
0.000000
0.000000
0.000000
0.000000
0.000000
0.000000
0.000000
0.000000
0.000000
0.000000
0.000000
0.000000
0.000000
0.000000
0.000000
0.000000
0.000000
0.000000
0.000000
0.000000
0.000000
0.000000
0.000000
0.000000
0.000000
0.000000
0.000000
0.000000
0.000000
0.000000
0.000000
0.000000
0.000000
0.000000
0.000000
0.000000
0.000000
0.000000
0.000000
0.000000
0.000000
0.000000
0.000000
0.000000
0.000000
0.000000
0.000000
0.000000
0.000000
0.000000
0.000000
0.000000
0.000000
0.000000
0.000000
0.000000
-0.003922
0.000000
0.002051
0.008892
-0.013532
0.005158
-0.006659
0.002320
-0.019759
-0.006857
0.010598
-0.007768
-0.003174
-0.007484
0.015953
0.008231
-0.007759
0.000000
-0.025414
0.186294
0.002983
0.023105
0.000000
-0.001876
0.000000
0.003754
-0.025976
-0.017117
-0.004324
0.004395
-0.001332
-0.011803
-0.042513
0.003321
0.000000
-0.021075
-0.037846
0.031719
0.033903
-0.008580
-0.009899
-0.009133
-0.016545
0.000000
-0.011581
-0.021754
0.000000
0.000000
0.000000
0.000000
-0.019976
0.000000
0.000000
0.000000
0.000000
0.000000
0.000000
0.000000
0.000000
0.000000
-0.030925
0.000049
0.007712
-0.006016
0.000000
0.009748
0.003236
-0.011099
-0.034230
-0.015647
-0.032784
-0.000273
-0.025576
-0.001433
0.000000
-0.036479
0.033317
0.000000
-0.013382
-0.019862
0.006247
0.002704
0.000000
-0.001704
-0.000782
0.000000
0.000000
-0.014579
0.009548
0.001499
0.000000
-0.010790
-0.003120
0.000000
-0.019410
0.001075
-0.020520
-0.003171
-0.004266
-0.011252
0.005817
0.000000
0.000000
0.000000
0.000000
0.000000
0.000000
0.000000
0.000000
0.000000
0.000000
0.000000
0.000000
0.000000
0.000000
0.000000
0.000000
0.000000
0.000000
0.000000
0.000000
0.000000
0.000000
0.000000
0.000000
0.000000
0.000000
0.000000
0.000000
0.000000
0.000000
0.000000
0.000000
0.000000
0.000000
0.000000
0.000000
0.000000
0.000000
0.000000
0.000000
0.000000
0.000000
0.000000
0.000000
0.000000
0.000000
0.000000
0.000000
0.000000
0.000000
0.000000
0.000000
0.000000
0.000000
0.000000
0.000000
0.000000
-0.003716
-0.003226
0.000000
0.012347
-0.020790
0.000000
-0.004348
0.000000
0.000000
0.000000
0.000000
0.000000
0.000000
0.000000
0.000000
0.000000
0.000000
0.000000
0.000000
0.000000
0.000000
0.000000
0.000000
0.000000
0.000000
0.000000
0.000000
0.000000
0.000000
0.000000
0.000000
-0.016858
-0.005613
0.010825
-0.022707
-0.001816
0.000000
-0.009481
0.000000
0.017096
0.000000
-0.001847
-0.008705
-0.007814
-0.014995
-0.012154
-0.009304
0.027407
-0.002298
-0.003651
-0.022090
0.032425
0.019562
-0.003731
-0.016909
0.000000
0.000000
0.000000
-0.002052
-0.004737
0.000000
0.000000
0.000000
0.000000
0.000000
0.000000
0.000000
-0.014977
-0.008603
-0.025804
-0.009895
0.000000
0.000000
-0.021433
-0.007877
-0.003345
0.001392
-0.000656
0.000000
0.000000
0.000000
0.043023
-0.007513
-0.006608
-0.007734
0.007459
0.013318
-0.025970
-0.013275
0.010792
-0.010124
-0.008547
0.000000
0.000000
-0.002943
-0.005877
-0.002307
0.000000
-0.011399
0.020694
-0.030011
-0.011800
-0.000283
0.001069
0.000000
0.000000
0.004944
0.000000
0.000000
0.000000
0.000000
0.000000
0.000000
0.000000
0.000000
0.000000
0.000000
0.000000
0.000000
0.000000
0.000000
0.000000
0.000000
0.000000
0.000000
0.000000
0.000000
-0.005087
0.000000
0.000000
-0.002759
0.000000
0.000880
0.000000
0.000000
0.001517
0.000000
-0.007655
-0.024500
-0.009799
0.000000
0.000000
0.000000
0.037804
-0.011923
0.020283
0.013266
0.003040
-0.040102
-0.007244
-0.024375
-0.014547
-0.002126
0.000000
0.000000
0.000000
0.117256
0.000000
-0.010195
0.126139
0.007504
0.000000
0.000000
0.034160
-0.003001
0.022579
0.006922
0.000000
-0.007686
-0.000935
0.091193
-0.019406
-0.018312
-0.004415
-0.019102
0.004584
0.000000
0.000000
0.000000
0.000000
0.000000
0.000000
0.000000
0.000000
0.021703
-0.003297
0.006123
0.000000
-0.001743
-0.005509
-0.029798
-0.003500
0.002573
-0.015322
0.000000
0.000000
-0.003110
0.000000
0.000000
-0.011205
0.006501
-0.004425
-0.007663
-0.004435
-0.027197
0.000000
0.020680
0.000000
-0.006955
-0.009185
-0.000566
-0.003208
-0.007817
0.023890
-0.027579
-0.011299
-0.007982
-0.040721
-0.001627
0.000000
0.015387
-0.007127
-0.010326
0.003645
0.000000
0.008345
0.002412
0.007881
-0.022438
0.000000
0.000000
0.022239
-0.055706
-0.012861
-0.011882
0.000000
0.000000
0.000000
0.000000
0.000000
-0.019951
0.000000
0.000000
-0.026420
0.006181
0.016574
-0.012140
0.001926
0.000000
0.000000
0.000000
0.000000
0.004893
0.000037
0.000000
0.000506
-0.010427
-0.021925
-0.003371
0.000000
0.000000
-0.027875
-0.000314
0.000000
0.000000
0.003000
0.000000
0.000000
0.000000
-0.002611
0.012588
-0.001181
0.116963
-0.011283
-0.003342
0.102401
0.002868
-0.025671
-0.016370
0.000890
0.030902
0.027280
0.009020
-0.017566
-0.006284
0.000000
0.000000
0.000000
0.000000
0.000000
0.000000
0.000000
0.011996
0.002236
-0.009469
-0.011071
-0.007780
-0.018816
-0.005801
0.000000
0.000000
0.025178
0.008243
0.014129
-0.000705
0.003351
-0.005238
-0.016838
0.000548
-0.007478
0.000000
0.000000
0.000000
0.000000
0.000000
0.000000
0.000000
0.000000
0.000000
0.000000
0.000000
0.000000
0.000000
0.000000
0.000000
0.000000
0.000000
0.000000
0.000000
0.000000
0.000000
0.000000
0.000000
0.000000
0.000000
0.000000
0.000000
-0.005325
0.000000
-0.005756
0.000000
-0.006144
-0.022257
0.010833
0.065720
0.005003
0.000000
0.000000
0.000000
0.000000
0.000000
0.000000
0.000000
0.000000
0.000000
0.025164
0.085944
0.046457
0.000000
0.063029
-0.000766
-0.013988
-0.000334
-0.016995
0.017046
-0.011003
0.016753
0.000000
-0.012617
0.000000
0.000000
0.000000
-0.025972
0.099464
-0.000119
0.030993
-0.020569
0.000000
0.013132
-0.002256
0.000000
-0.011255
0.034896
0.009210
-0.011900
0.033647
-0.019575
0.020878
0.000000
0.000000
0.000671
0.000000
0.000000
0.000000
0.000000
0.000000
0.000000
0.000000
0.000000
0.000000
0.000000
0.000000
0.000000
0.000000
0.000000
0.000000
0.000000
0.000000
-0.002207
0.000159
0.000000
0.000000
0.000000
0.000000
0.001315
0.000000
0.000506
0.000000
0.000000
0.000000
0.000000
0.000000
0.000000
0.000000
0.000000
0.000000
0.000000
0.000000
0.000000
0.000000
0.000000
0.004359
-0.001831
0.000000
-0.019262
0.000000
-0.002240
-0.000877
-0.011520
-0.000501
0.000000
0.000000
0.000000
-0.017494
-0.011706
-0.017233
0.007514
0.008316
-0.000681
0.000000
0.000000
0.000000
0.000000
-0.005276
-0.019233
0.000000
0.000002
0.000000
0.000000
0.000000
-0.032000
-0.011634
0.000000
-0.003920
0.000000
-0.020533
0.106275
-0.028157
-0.018708
0.000000
0.064511
0.000000
0.000000
0.067771
0.000000
-0.030454
0.001391
-0.011949
-0.004152
0.003064
0.000000
0.000000
0.000000
0.000000
0.000000
0.000000
0.000000
0.000000
0.000000
0.000000
0.000000
0.000000
0.000000
0.000000
0.000000
0.000000
0.000000
0.000000
0.000000
0.000000
0.000000
0.000000
0.000000
0.000000
0.000000
0.000000
0.000000
0.000000
0.000000
0.000000
0.000000
0.000000
0.000000
0.000000
-0.022456
0.010493
0.007178
0.000000
0.000000
0.000000
0.000000
0.000000
0.000000
0.000000
0.000000
0.000000
0.000000
0.015652
0.004921
0.000000
0.000000
-0.002005
0.004131
0.000000
0.000000
-0.000652
-0.008791
0.017992
-0.009724
-0.001601
-0.013647
-0.019731
0.031673
0.019127
-0.005801
-0.024439
0.000000
-0.002932
0.000109
0.000000
0.000000
0.000000
0.000000
-0.002784
0.004636
-0.002014
-0.020755
0.001379
0.000000
0.000000
-0.003652
-0.022345
-0.003608
0.000000
-0.019390
-0.009836
-0.020375
0.060670
-0.009955
0.050626
-0.002234
-0.011541
0.003965
0.000000
0.000000
0.000000
0.000000
-0.003674
0.000000
0.000000
0.000000
0.000000
0.000000
0.000000
0.000000
0.000000
0.000000
0.000000
0.000000
0.000000
0.000000
-0.016378
0.000000
0.000000
0.000000
-0.004786
0.000000
0.000000
-0.013364
0.000000
-0.002409
0.000000
0.000000
0.000000
0.000000
0.083594
-0.012065
-0.000971
0.000000
0.000000
0.000000
0.000000
0.041320
-0.004586
-0.005584
0.000000
0.000000
-0.013641
0.000000
0.000000
0.000000
0.000000
0.000000
0.000000
-0.003324
-0.009250
-0.054263
-0.040885
-0.006223
0.003003
0.000000
0.009522
-0.003169
-0.007972
-0.010589
-0.005379
-0.015392
-0.010476
-0.005687
0.000000
-0.004662
0.000000
0.000000
0.000000
0.000000
0.004259
0.011946
-0.007813
0.000000
0.000000
0.000000
0.000000
0.000000
0.000000
0.000000
0.007427
0.000000
-0.020228
-0.043839
0.012665
-0.008889
0.003439
-0.011214
-0.002456
-0.004947
-0.006927
-0.003886
0.000000
-0.009003
-0.001829
0.005093
0.002182
0.000000
-0.004708
-0.004172
0.016667
0.013929
0.028719
0.000000
0.000000
0.059015
0.001850
-0.008091
-0.013754
-0.021894
0.007769
0.000000
0.000000
0.000000
0.000000
0.000000
0.000000
0.000000
0.000000
0.000000
0.000000
0.000000
0.000000
0.000000
0.000000
0.000000
0.000000
0.000000
0.000000
0.000000
0.000000
0.000000
0.000000
0.000000
0.000000
0.000000
0.000000
0.000000
0.000000
0.000000
0.000000
0.000000
0.000000
0.003380
0.016310
0.004279
-0.008849
-0.015378
0.008276
-0.006787
-0.000138
0.000000
0.000000
0.000000
-0.003782
-0.009773
-0.023656
-0.015854
-0.008248
-0.008311
-0.020470
-0.008963
-0.006196
-0.005454
0.000000
0.000000
0.000000
0.000000
0.000000
-0.003659
-0.016743
0.000329
-0.011741
-0.034435
-0.015731
0.023032
0.000000
-0.004436
0.011068
0.000000
-0.014633
-0.012110
0.000000
-0.023021
0.004262
-0.018593
0.019228
-0.015442
-0.009547
-0.009733
-0.007400
-0.019498
0.014917
-0.000735
-0.028965
-0.023831
-0.003563
0.036186
0.002685
-0.001317
-0.012533
0.037480
0.008835
0.000000
-0.000655
0.000000
0.011885
0.068938
0.002247
-0.023015
-0.008011
0.123886
-0.038175
-0.013207
0.013028
-0.016130
0.000000
0.000000
0.003858
-0.004006
0.002028
0.000000
0.016730
-0.009350
0.064657
0.013519
-0.006165
-0.007836
-0.002885
0.031507
-0.019160
0.027784
-0.030276
-0.008548
0.043913
-0.007312
0.000000
0.000000
0.000000
0.009594
-0.010584
-0.004289
-0.013149
0.023679
-0.013916
0.003884
-0.001424
-0.003237
0.010817
-0.013916
0.000750
0.039240
0.000000
0.000000
0.000000
-0.012937
0.006813
-0.008804
-0.002038
0.000000
0.000000
0.000000
0.000000
0.000000
0.000000
0.000000
0.000000
0.000000
0.000000
0.000000
-0.019313
-0.017559
-0.026430
0.004625
0.000000
0.000000
0.000000
-0.019216
-0.009533
0.010814
-0.009658
0.000000
0.000000
0.090573
-0.006028
-0.015276
-0.024110
-0.005767
-0.005516
0.000000
0.000000
0.000000
0.000000
0.000000
0.000000
-0.002157
-0.022940
0.007204
0.007850
0.000000
0.000000
0.089774
-0.005908
0.000000
0.000000
0.000000
0.000000
0.000000
0.000000
0.000000
0.000000
0.000000
0.000000
0.000000
0.008309
-0.010216
-0.000818
-0.004360
0.000000
0.002975
0.007024
-0.026090
-0.000270
-0.004488
0.039248
0.053413
-0.011194
-0.007867
-0.003446
0.009992
0.011708
-0.016761
0.000000
0.000000
0.000000
0.013042
-0.013367
0.000000
-0.028923
0.000000
-0.007970
0.000000
-0.021259
-0.017586
-0.015452
-0.034045
0.009388
0.000000
0.000000
0.000000
0.057616
0.000000
0.008618
0.012658
-0.004425
-0.002764
-0.011412
0.000000
0.000000
0.000000
0.000000
0.000000
0.000000
0.000000
0.000000
0.000000
0.000000
0.000000
0.000000
0.000000
0.000000
0.000000
0.000000
0.005302
0.000000
0.000000
-0.008323
0.000000
0.000000
0.000000
-0.000199
0.012974
-0.030332
0.000000
0.003739
0.000000
0.000000
0.000000
0.000000
0.000000
0.000000
0.000000
0.000000
0.000000
0.000000
0.000000
0.000000
0.000000
0.000000
0.000000
0.000000
0.000000
0.000000
0.000000
0.000000
0.000000
0.000000
0.000000
0.000000
0.000000
0.000000
0.000000
0.000000
0.000000
0.000000
0.000000
0.000000
0.000000
0.000000
0.000000
0.000000
0.000000
0.000000
0.000000
0.000000
0.000000
0.000000
0.000000
0.000000
0.000000
0.000000
0.000000
0.000000
0.000000
0.000000
0.000000
0.000000
0.000000
0.000000
0.000000
0.000000
0.000000
0.000000
0.000000
0.000000
0.000000
0.000000
0.000000
0.000000
0.000000
0.000000
0.000000
-0.009316
0.000000
-0.005391
0.012001
-0.013123
0.024561
0.000000
-0.017417
-0.016729
-0.010843
-0.010370
0.000000
0.000000
0.032044
0.000353
-0.006189
-0.018996
0.015844
-0.020107
-0.015586
0.081559
-0.007875
-0.003469
-0.011111
0.003458
0.000000
0.000000
0.000212
-0.012617
0.000000
0.000000
0.000000
-0.008437
-0.000598
-0.011471
0.000000
-0.005448
0.010540
0.021196
-0.016098
-0.000956
-0.018764
0.000000
0.000000
0.000000
-0.000959
0.000000
0.000000
0.000000
0.000000
0.000000
0.000000
0.000000
0.000000
0.012386
0.010087
0.000000
0.019897
-0.003590
0.000000
0.000000
0.027636
0.003068
-0.015227
0.000051
0.000000
-0.011408
0.000336
0.001896
0.000000
0.000000
0.000000
0.000000
-0.006638
0.000000
0.000000
0.000000
0.000000
0.000000
0.000000
0.000000
0.000000
0.000000
0.000000
0.000000
0.000000
0.000000
0.000000
-0.009889
0.001626
0.000000
0.000000
0.000000
0.000000
0.000000
0.000000
0.015772
0.000932
0.002796
0.019732
-0.011599
-0.030812
0.001549
0.003050
0.000000
0.006806
-0.039308
-0.015644
-0.003804
0.000000
-0.001374
-0.009552
0.008142
-0.020384
-0.029362
0.002737
0.000000
0.000000
0.000000
0.000000
-0.002720
-0.016256
0.010839
0.000000
0.000000
0.000000
0.021770
-0.014151
0.020994
-0.013144
0.003994
0.007600
-0.007212
0.000000
0.003216
0.004732
-0.000572
0.005043
0.000000
0.000000
0.000000
0.000000
0.000000
0.000000
0.000000
0.000000
0.000000
0.000000
0.000000
0.000000
0.000000
0.000000
0.000000
0.000000
0.000000
0.000000
0.007474
0.000000
0.000000
0.000000
0.000000
-0.052650
-0.029077
0.031473
-0.018021
-0.017228
-0.006368
-0.010841
0.000000
0.000000
0.000000
0.000000
0.000000
-0.000128
-0.000819
-0.008347
-0.005786
0.000000
0.000000
-0.012224
0.013748
0.000000
-0.003893
-0.011483
0.000000
-0.007511
0.000000
-0.012762
-0.008431
0.008943
0.000000
0.000000
0.004730
-0.010256
0.001906
-0.020100
0.000000
0.030677
0.102523
0.040870
0.369456
0.019740
-0.009364
0.002622
0.000000
0.000000
0.000000
0.000000
0.000000
0.000000
0.000000
0.000000
0.000000
0.000000
0.000000
0.000000
0.000000
0.000000
0.000000
0.000000
0.000000
0.000000
0.000000
0.000000
0.000000
0.000000
0.000000
0.000000
0.000000
0.000000
0.000000
0.000000
0.000000
0.000000
0.000000
0.000000
0.000000
0.000000
0.000000
0.000000
0.000000
0.000000
0.000000
0.000000
0.000000
0.000000
0.000000
0.000000
0.000000
0.000000
0.000000
0.000000
0.000000
0.000000
0.000000
0.000000
0.000000
0.000000
0.000000
0.000000
0.000000
0.000000
0.000000
0.000000
0.000000
0.000000
0.000000
0.000000
0.000000
0.000000
0.000000
0.000000
0.000000
0.000000
0.000000
0.000000
0.000000
0.000000
0.000000
0.000000
0.000000
0.000000
0.000000
0.000000
0.000000
0.000000
0.000000
0.000000
-0.019839
0.000000
-0.054569
-0.002396
-0.013789
-0.008710
0.008186
0.000000
-0.008403
-0.027476
0.000000
0.000000
0.000000
0.000000
0.000000
0.000000
0.000000
0.000000
0.000000
0.000000
0.000000
0.000000
0.000000
0.000000
0.000000
0.000000
0.000000
0.000000
0.080813
0.003427
-0.000740
0.000000
0.000000
-0.005863
0.000000
0.000000
-0.000764
0.002583
-0.009856
0.000504
0.001614
0.000000
0.000000
0.000000
0.027337
0.003414
-0.001572
0.000000
-0.000104
0.000000
0.000000
0.000000
0.000000
0.000000
0.000000
0.000000
0.000000
0.000000
0.000000
0.000000
0.000000
0.000000
0.000000
0.000000
0.000000
0.000000
0.000000
0.000000
0.000000
0.000000
0.000000
0.000000
0.000000
0.000000
0.000000
0.000000
0.000000
0.000000
-0.018570
-0.009159
0.000000
0.000000
0.000000
0.000000
0.000000
0.000000
0.000000
0.000000
0.000000
0.000000
0.000000
0.000000
0.050707
-0.011352
0.000000
0.041111
0.000000
0.000000
0.000000
0.000000
0.026514
-0.003907
0.002671
0.008857
-0.019201
0.000397
-0.015368
0.000000
0.000000
0.000000
0.000000
0.000000
0.000000
0.000000
0.000000
0.000000
-0.005640
-0.001289
-0.039337
-0.031095
-0.018487
-0.002687
-0.000718
0.000000
0.000000
-0.000706
-0.011278
0.000000
-0.014833
-0.001696
-0.018611
0.000000
-0.009631
-0.002957
0.006354
-0.019780
0.009658
0.005881
-0.012239
-0.028172
0.010324
0.026250
-0.036614
-0.010909
0.000000
0.000000
-0.001883
0.000000
0.000000
0.000890
-0.001096
0.000000
0.000000
0.000000
0.000000
0.000000
0.000000
0.000000
-0.001223
-0.008403
0.000000
0.000000
0.000000
0.000000
0.000000
0.000000
0.000000
0.000000
0.000000
0.000000
0.000000
0.000000
0.000000
0.000000
0.000000
0.000000
0.000000
0.000000
-0.020992
-0.007073
0.000000
0.000000
-0.028841
-0.027355
0.034817
0.008798
0.000000
-0.008381
0.122140
-0.003138
0.000000
0.000000
0.000000
0.003422
0.000000
0.000000
-0.008293
0.000000
0.000000
0.000000
0.000000
0.000000
0.000000
-0.009595
-0.042568
-0.015159
0.000000
0.000888
0.000000
-0.022485
-0.021399
-0.003000
-0.004800
0.000000
0.000000
0.000000
0.000000
-0.018750
-0.005323
-0.057733
-0.037572
0.005416
-0.013959
0.002213
-0.024635
-0.008014
-0.012468
0.034305
-0.020270
-0.006236
-0.001255
0.001233
0.024362
0.001986
0.012198
-0.004908
0.000000
0.000000
0.000000
0.000000
0.000000
-0.020310
-0.004532
-0.015219
0.015895
0.009452
-0.022119
-0.002172
0.000000
0.000000
0.004442
0.000000
0.020656
-0.005019
-0.010153
0.000000
0.000000
-0.006904
0.020630
-0.008241
-0.007740
-0.016030
0.000000
-0.008633
-0.019773
0.032663
-0.049658
-0.016960
-0.008986
0.000000
0.000000
0.000000
-0.011071
0.008452
-0.005959
0.000000
0.005950
-0.006693
0.000000
0.000000
0.000000
0.000000
0.000000
0.000000
0.000000
0.000000
0.000000
-0.015168
-0.000559
-0.004523
0.006139
-0.008529
0.008312
-0.008298
0.000000
0.000000
0.000000
0.019170
0.000000
0.000000
-0.016225
0.008219
-0.046611
-0.014171
-0.005838
-0.009323
0.004608
0.000000
0.000000
0.009535
-0.014090
0.000000
0.000000
-0.002356
-0.021604
0.001768
0.011409
-0.013956
0.000000
0.000000
0.000000
0.007373
-0.000624
-0.005093
-0.003825
-0.008652
-0.027433
-0.001873
0.000000
0.000000
0.000000
0.000000
0.000000
-0.019795
0.000000
0.000000
0.067412
-0.024941
-0.021130
-0.012482
-0.034091
-0.000527
-0.016967
-0.012581
0.012209
-0.003725
-0.069353
-0.015815
0.049065
-0.007355
0.000000
-0.015710
-0.005093
-0.021677
-0.024785
0.047288
-0.023986
0.007438
-0.007076
0.003138
0.000000
0.000000
0.000000
-0.015435
-0.014489
0.014150
-0.009606
0.001082
-0.002800
0.021746
0.052251
-0.003136
-0.010456
0.000000
0.000000
0.000000
0.015767
-0.014134
0.000000
0.000000
0.000000
0.000000
-0.006954
0.011250
0.033634
0.014630
0.000000
0.054005
0.105006
-0.016976
0.045462
0.008775
-0.023305
-0.003203
0.000000
-0.012522
0.004779
-0.004746
0.000000
0.000000
-0.032581
-0.011317
0.009998
0.001690
-0.040660
-0.008180
-0.008112
-0.010417
0.000000
0.000000
-0.028224
-0.013817
0.000000
0.000000
0.000000
0.028861
-0.020131
-0.020125
0.000000
-0.033343
-0.004600
0.339524
0.001363
-0.004503
-0.011474
0.000000
-0.024215
0.042015
0.000000
0.056664
0.000000
-0.031380
0.065213
0.100065
-0.006383
-0.009013
-0.020907
-0.013845
-0.007610
0.000000
-0.014286
0.000000
-0.022600
0.025871
-0.024785
-0.009891
-0.005796
0.004523
0.011165
0.031261
-0.004406
0.012076
-0.016107
0.000000
-0.008290
0.008846
0.055856
-0.019573
0.030982
-0.009393
-0.003958
0.000000
0.000000
0.000000
0.000000
-0.002680
0.011076
0.000000
0.007832
-0.012040
-0.002960
0.000024
-0.001000
0.025476
0.007888
-0.001638
-0.010529
0.014513
0.021774
-0.002300
0.000000
0.000000
0.039540
0.030318
0.000000
-0.006798
-0.003294
0.017752
0.014350
-0.010200
0.000000
0.000000
0.000000
0.000000
0.000000
0.000000
0.000000
-0.018051
-0.002668
-0.005642
-0.007291
-0.006734
0.000000
0.000000
0.000000
0.000162
0.005130
0.000000
0.000000
0.002069
-0.004038
0.000000
0.000000
0.137345
-0.015375
0.000000
0.005059
0.000000
-0.017344
0.000000
-0.011038
-0.005538
-0.009010
0.005471
0.004667
0.000000
0.005406
-0.032916
0.007522
-0.019946
0.033668
0.007557
0.010353
0.017278
0.005087
0.022726
0.015524
0.020980
0.008281
0.005826
-0.008998
0.000000
0.000000
0.000000
0.000000
0.000000
0.000000
0.000000
0.000000
0.000000
0.000000
-0.034271
-0.012129
0.000000
0.000000
0.000000
0.008335
-0.012954
0.000000
0.000473
-0.006627
-0.010477
-0.014089
-0.016821
0.001613
0.000000
-0.034175
-0.034606
-0.020385
0.014048
-0.007374
0.000000
0.000000
0.000000
-0.015141
-0.002965
-0.019241
0.005776
0.000000
-0.006937
-0.042863
-0.036291
0.092454
0.045709
-0.020028
0.000661
-0.014985
-0.017256
-0.011245
0.000000
-0.004667
-0.048121
0.006293
-0.009848
0.016845
-0.028549
0.006409
0.000000
0.000000
-0.000206
0.006945
0.000000
0.000000
-0.001305
0.026446
-0.015638
-0.001404
-0.024622
-0.022011
-0.004756
-0.041507
-0.009131
-0.025170
-0.003220
0.000000
0.000000
0.000000
0.000000
0.000000
0.000000
0.000000
0.000000
-0.017006
0.002404
0.038029
0.005949
-0.010939
0.000000
-0.015182
0.033140
-0.028464
-0.004578
-0.008648
0.000000
0.000000
0.023814
0.007149
0.015971
-0.021104
0.000000
0.007739
0.004451
-0.010763
0.000000
-0.002763
0.050809
-0.015575
0.000000
0.001419
0.074162
0.021021
-0.032625
-0.013126
0.000000
0.009376
-0.011306
0.000000
-0.011738
0.000000
0.000000
0.016515
0.000000
0.015568
0.000000
0.000000
0.011394
0.000000
0.000000
0.000000
0.000000
0.000000
0.000000
-0.018424
-0.006049
-0.004163
0.000000
0.002292
-0.005176
-0.000374
0.000000
0.002276
-0.008682
-0.037943
-0.026854
-0.012634
0.003366
-0.000249
-0.023064
0.000000
-0.002001
-0.013176
-0.033544
-0.002882
-0.003548
0.024022
0.000000
-0.009805
-0.013895
-0.032887
-0.003102
-0.001372
-0.012662
-0.007762
-0.001875
-0.025238
-0.007394
0.000000
0.002375
-0.007050
0.019304
0.010327
0.014444
-0.009101
0.019694
-0.011671
0.006835
0.027909
-0.014544
-0.011708
0.000000
0.000000
-0.018393
-0.001023
0.005500
-0.000717
0.003958
-0.002312
-0.000261
0.000000
-0.007784
0.000000
-0.009970
-0.009713
-0.001373
-0.017334
0.000000
-0.014800
-0.013249
-0.005453
-0.004353
-0.013987
-0.003777
0.000000
0.000000
0.000000
0.000000
-0.022577
-0.015857
-0.011836
-0.010083
-0.007467
-0.001866
-0.003768
0.033309
-0.007110
0.120283
0.051200
0.000000
0.030801
0.002091
-0.014463
0.000000
-0.003168
-0.015213
0.007071
0.006239
-0.020604
0.004379
0.005624
0.001171
0.002143
0.000000
0.000000
-0.002381
0.000000
0.000000
-0.020400
0.020547
0.002727
0.047835
-0.011826
0.016606
-0.000795
-0.012585
-0.022511
-0.006237
0.000000
0.000000
0.000000
0.065072
-0.005916
-0.052051
0.016342
-0.050237
0.047264
0.018864
-0.029812
0.000000
0.000000
-0.022051
0.017279
0.001805
-0.010627
0.009416
-0.023482
-0.000599
0.099943
0.097095
0.000000
0.120008
0.000000
0.044517
0.037095
0.018401
0.000764
0.000000
-0.001618
0.000000
0.000000
-0.017262
0.000000
-0.001960
-0.008597
0.002550
0.000000
0.000000
-0.006466
-0.031691
0.049134
-0.009830
-0.053477
0.010592
-0.009594
-0.021192
-0.006149
0.025025
0.001815
0.000000
0.000000
0.005894
0.011902
-0.030417
0.003202
0.000591
0.000000
0.000000
0.000000
-0.018931
0.088720
0.017807
-0.020775
0.022182
-0.017641
-0.020995
0.002328
-0.026610
-0.014045
0.000000
-0.010937
0.000000
0.000000
0.027690
-0.015474
0.010881
-0.014762
-0.037601
-0.039453
-0.014702
0.000000
0.000000
0.000000
0.000000
0.000000
0.000000
0.000000
0.031289
0.000968
0.000579
0.000000
0.000000
0.000000
0.000000
0.000000
0.002304
-0.079279
0.000000
0.000000
-0.006758
0.000000
0.000000
0.000000
-0.007921
0.002294
0.000000
0.042410
-0.000052
0.007152
-0.003715
0.005968
-0.025292
0.001185
0.033989
-0.004867
-0.005168
0.024921
0.000000
-0.008574
-0.007462
-0.001994
-0.013061
-0.028790
-0.011888
-0.023494
-0.010977
0.001772
0.000000
0.000000
0.000000
-0.018977
-0.013622
-0.002091
-0.002763
-0.011458
0.012313
0.000000
0.002706
0.000000
-0.001718
-0.017320
-0.014524
0.005047
0.064859
0.000000
-0.008109
0.000000
-0.011609
0.008631
0.000000
0.000000
-0.000716
-0.001830
0.041612
-0.001092
-0.017583
0.006438
0.000394
-0.013734
0.024744
-0.008601
-0.004064
-0.000995
0.000000
0.000000
0.000000
-0.003356
0.000000
0.000000
0.000000
0.000000
0.000000
-0.003234
0.000000
-0.010305
0.050619
0.041185
0.155262
0.014162
0.201113
-0.013079
0.003466
0.000113
0.087673
-0.004170
0.073275
0.000000
0.000000
0.000000
0.000000
-0.013165
0.007060
-0.035616
-0.003849
0.024357
0.000000
-0.004674
0.001994
-0.017606
-0.004699
-0.007792
-0.014288
-0.003520
0.000000
0.001448
0.011659
0.000000
0.010860
0.000000
0.044121
0.000000
-0.014338
-0.001174
-0.018222
-0.023502
0.036769
0.000000
0.011343
-0.004602
-0.017386
0.000000
-0.007492
0.043294
-0.012171
0.007541
-0.007154
0.019905
-0.003486
-0.026801
-0.005568
0.000000
0.000000
0.000000
0.000000
0.000000
-0.017425
0.011016
0.000000
0.000000
0.075589
-0.004547
0.000000
0.015900
0.000377
-0.015865
-0.001436
0.022172
-0.006256
-0.015932
0.006459
-0.011285
-0.030430
0.095262
0.030747
-0.003107
0.000000
0.000000
0.000000
0.000000
-0.015788
0.022709
-0.005813
0.000000
-0.019560
-0.033373
0.013467
-0.002203
-0.011611
0.000000
0.000000
-0.008621
0.000000
0.000000
0.000000
0.000000
0.000000
0.005850
0.036438
0.002486
0.000000
0.000000
0.000000
-0.003951
-0.004288
0.000000
-0.000901
0.000000
0.000000
0.000000
0.000000
-0.018650
0.006961
-0.013800
-0.005287
0.101123
-0.004992
-0.005765
0.000000
0.000000
-0.010789
-0.002330
0.006291
0.000603
-0.013369
-0.005387
0.000495
0.000000
0.000000
0.000000
-0.036224
0.042968
0.000000
0.000000
-0.030608
-0.015796
-0.012417
0.012916
0.176907
0.000000
0.000000
-0.015350
-0.010514
0.000000
0.000000
0.000000
0.000000
0.000000
-0.005200
0.000000
-0.010280
-0.013271
0.000000
0.000000
0.000000
0.020930
-0.003778
0.000000
0.000000
0.000000
0.000000
-0.018084
0.118387
-0.009599
-0.010373
0.000000
0.000000
-0.020866
-0.013936
-0.018136
0.000000
0.000000
0.000000
-0.023297
-0.012209
0.000000
-0.009802
0.000000
0.000000
-0.003654
0.000000
0.004129
-0.013852
-0.002770
-0.046380
-0.018099
-0.014005
0.010939
-0.002644
0.000000
0.000000
-0.026638
-0.006639
0.005307
0.000000
0.000000
0.001051
0.000000
-0.017692
0.000000
0.001047
0.000000
-0.016319
-0.013139
0.005155
-0.023152
-0.016121
0.000000
0.000000
-0.015740
-0.009835
-0.002900
-0.030545
0.000000
0.002433
0.001792
0.000000
0.000000
0.000000
0.000000
0.000000
0.000000
0.000000
0.000000
0.000000
0.034749
-0.026754
0.001296
-0.008812
-0.005804
0.001643
-0.009153
-0.007120
-0.014673
-0.000419
0.000000
0.008101
0.000000
0.000000
0.005001
-0.015001
0.008848
0.026672
0.098584
-0.006846
0.000000
0.025600
-0.009087
-0.010412
0.000000
-0.005235
0.007081
-0.009227
0.012270
0.027187
0.001764
-0.005511
-0.000420
0.000000
0.000000
0.000000
0.000000
0.018743
0.000000
0.007400
0.023482
-0.001793
0.000000
0.000000
0.000000
0.000000
-0.025604
-0.002217
-0.019990
-0.003245
-0.001240
-0.001199
-0.025760
-0.015026
-0.001590
-0.022851
-0.006441
0.000000
-0.000584
-0.007138
0.009810
0.015844
-0.029691
-0.012938
0.000000
0.000000
-0.016233
0.000018
0.000000
-0.014676
0.027022
-0.021281
-0.003564
-0.005152
0.000707
0.000000
-0.011792
-0.061846
0.000656
0.000000
0.000000
0.006402
0.121976
-0.010454
0.010616
0.006599
-0.011292
0.008699
0.000000
0.003076
0.000000
-0.005624
-0.011563
0.006856
-0.005050
-0.003810
0.000000
0.000000
0.000000
0.000000
0.000000
0.000000
0.000000
0.000000
0.000000
0.000346
0.000000
-0.026409
-0.008094
0.016468
-0.006533
-0.026236
0.044225
0.000000
0.000000
-0.010834
-0.002786
-0.031794
-0.016106
-0.013604
0.147514
-0.062075
0.010817
0.000000
0.000000
0.000000
-0.041426
-0.001467
-0.003445
0.000000
0.000000
-0.003920
0.004658
-0.013973
0.004399
-0.021202
0.018792
0.006869
-0.012823
0.005152
-0.026890
-0.014952
-0.020561
-0.015167
-0.017106
0.005938
-0.011806
-0.024270
-0.012320
-0.004652
-0.020965
0.001997
-0.012505
0.000000
0.000000
0.000000
0.000762
-0.010738
-0.009318
0.000000
-0.003129
-0.023252
-0.017996
0.008218
0.013237
-0.012199
0.000000
0.000000
-0.050241
0.004348
0.000449
0.023553
-0.009168
-0.025404
-0.013969
0.006351
-0.021685
0.004783
0.003018
-0.004107
0.000000
0.000000
0.024255
-0.042420
-0.010945
0.122503
-0.001707
0.000000
0.000000
0.000000
0.000000
0.032877
0.000000
-0.000912
0.006310
-0.002659
-0.035823
0.047778
0.000000
0.000000
0.000000
-0.018352
0.000000
0.048383
0.002780
-0.031049
0.018678
0.019079
-0.014029
0.011789
0.026348
-0.019099
-0.017614
0.014663
0.000545
0.032261
0.002121
-0.001006
0.000000
0.000000
0.000000
0.000000
0.000000
0.000000
0.006888
-0.018898
-0.005598
0.000000
0.000000
-0.049795
-0.008993
-0.004842
0.000000
0.000000
-0.032406
-0.009084
0.016193
-0.020665
0.005244
0.000567
0.000000
0.000000
0.000000
0.000000
0.000000
-0.031626
-0.033784
0.006224
-0.024101
0.000000
0.000000
-0.022290
0.002209
-0.007479
-0.002974
-0.012883
-0.035802
-0.015282
-0.011883
-0.025301
0.019823
0.000652
0.000000
0.000000
0.000000
0.000000
0.000000
-0.019194
0.002336
0.003422
0.000000
0.000000
0.000000
0.000000
-0.008490
0.000000
0.021512
-0.002710
0.000000
-0.003747
0.000000
0.000000
0.000000
0.000000
0.000000
0.000000
0.000000
0.000000
0.000000
0.000000
0.000000
0.000000
0.000000
0.000000
0.000000
0.000000
0.000000
0.000000
-0.010378
-0.005299
0.000000
0.000000
0.000000
0.000000
0.000000
0.000000
0.000000
0.000000
0.000000
0.000000
0.000000
0.000000
0.000000
0.000000
0.000000
0.000000
0.000000
0.000000
0.000000
0.000000
0.000000
0.000000
0.000000
0.000000
0.000000
0.000000
0.000000
0.000000
0.000000
0.000000
0.000000
0.000000
0.000000
0.000000
0.000000
0.000000
0.000000
0.000000
0.000000
0.000000
0.000000
0.000000
0.000000
0.000000
0.000000
0.000000
0.000000
0.000000
0.000000
0.000000
0.000000
0.000000
0.000000
0.000000
0.000000
0.000000
0.000000
0.000000
0.000000
0.000000
0.000000
0.000000
0.000000
0.000000
0.000000
0.000000
0.000000
0.000000
0.000000
0.000000
0.000000
0.000000
0.000000
0.000000
0.000000
0.000000
0.000000
0.000000
0.000000
0.000000
0.000000
0.000000
0.000000
0.000000
0.000000
0.000000
0.000000
0.000000
0.000000
0.000000
0.000000
0.000000
0.000000
0.000000
0.000000
0.000000
0.000000
0.000000
0.000000
0.000000
0.000000
0.000000
0.000000
0.000000
0.000000
0.000000
0.000000
0.000000
0.000000
0.000000
0.000000
0.000000
0.000000
0.000000
0.000000
0.000000
0.000000
0.000000
0.000000
0.000000
0.000000
0.000000
0.000000
0.000000
0.000000
0.000000
0.000000
0.000000
0.000000
0.000000
0.000000
0.000000
0.000000
0.000000
0.000000
0.000000
0.000000
0.000000
0.000000
0.000000
0.000000
0.000000
0.000000
0.000000
0.000000
0.000000
0.000000
-0.004815
0.003659
0.004129
0.030190
0.000000
-0.025615
-0.009916
0.000000
0.000000
-0.009244
-0.002210
0.000000
-0.019867
-0.004694
0.000000
0.000000
0.000000
0.000000
0.000000
0.000000
0.000000
-0.008497
0.000000
-0.010297
0.000000
0.049627
0.000000
0.000000
0.000000
0.000000
0.000000
0.000000
-0.008194
0.000000
0.009266
0.000000
0.000000
0.000000
0.000000
0.000000
0.000000
0.000000
0.000000
-0.004249
0.000000
0.000000
0.000000
0.000000
-0.003899
0.000000
0.000000
0.014479
0.026209
-0.017398
0.005760
0.000000
0.000000
0.000000
0.000000
0.000000
0.000000
0.000000
0.000000
0.000000
0.000000
0.000000
0.000000
0.000000
0.000000
0.000000
-0.022766
0.011504
-0.005430
0.000000
-0.016129
0.009367
-0.013521
0.000000
0.000000
0.000000
0.000000
0.000000
0.002690
-0.005540
-0.003441
0.000438
0.000000
0.000000
0.000000
0.001493
0.000000
-0.023704
-0.022428
0.002063
-0.021125
-0.010967
-0.015944
0.053067
-0.009500
-0.024075
-0.010562
-0.005055
0.000000
0.000000
0.000000
0.000000
0.000000
0.000000
0.000000
0.000000
0.000000
0.043347
0.000000
-0.049399
-0.064193
0.000000
0.000000
0.000000
-0.006887
0.000000
0.012608
0.000000
0.017563
-0.002967
0.000000
0.000000
0.000000
0.000000
0.000000
0.000000
0.000000
0.000000
0.000000
0.000000
0.000000
0.000000
0.000000
0.000000
0.000000
0.000000
0.000000
0.000000
0.000000
0.000000
0.000000
0.000000
0.000000
0.000000
0.000000
0.000000
0.000000
0.000000
0.000000
0.000000
0.000000
0.000000
0.000000
0.000000
0.000000
0.000000
0.000000
0.000000
0.000000
0.000000
0.000000
0.000000
0.000000
0.000000
0.000000
0.000000
0.000000
0.000000
0.000000
0.000000
0.000000
0.000000
0.000000
0.000000
0.000000
0.000000
0.000000
0.000000
0.000000
0.000000
0.000000
0.000000
0.000000
0.000000
0.000000
0.000000
0.000000
0.000000
0.000000
0.000000
0.000000
0.000000
0.000000
0.000000
0.000000
0.000000
0.000000
0.000000
0.000000
0.000000
0.000000
0.000000
0.000000
0.000000
0.000000
0.000000
0.000000
0.000000
0.000000
0.000000
0.000000
0.000000
0.000000
0.000000
0.000000
0.000000
0.000000
0.000000
0.000000
0.000000
0.000000
0.000000
0.000000
0.000000
0.000000
0.000000
0.000000
0.000000
0.000000
0.000000
-0.004655
0.000000
0.000000
0.000000
0.011139
-0.008735
-0.002966
0.000000
-0.018583
0.011768
0.000173
0.016421
0.003273
0.000000
0.000000
0.000000
0.000000
0.000000
0.024256
-0.009750
0.003308
-0.021129
-0.047092
0.041676
-0.001968
0.028696
0.003874
-0.017319
-0.013611
-0.010180
-0.030338
-0.009707
0.000000
0.000000
0.000000
0.005789
-0.002315
-0.011143
0.002086
0.000000
0.000000
0.000000
-0.025956
-0.001152
0.004711
0.004840
-0.008949
-0.012820
0.000000
0.000000
-0.001916
0.000000
0.000000
0.186643
-0.013760
0.030433
-0.007061
0.021133
-0.023081
0.074935
-0.010937
0.000000
0.000000
0.000000
-0.000980
0.000000
0.000000
-0.013614
0.000000
0.007783
-0.023294
-0.016177
0.007396
-0.008310
-0.008797
-0.029131
0.006911
0.003149
-0.009783
-0.008017
-0.010752
0.044667
-0.001744
0.012572
-0.019404
0.000000
0.000000
-0.012023
-0.006446
-0.004331
0.000000
0.000000
0.002038
0.000000
-0.002359
0.000000
0.000000
0.000000
0.000000
0.000000
0.000000
0.000000
0.000000
-0.000856
-0.009545
0.108294
0.000000
0.000000
-0.081680
-0.011140
0.000000
-0.023736
-0.013878
-0.010042
0.000000
0.000000
0.000000
0.000000
-0.031621
-0.024935
0.000000
0.000000
0.000000
0.000000
0.000000
0.002228
-0.034655
0.000000
-0.009603
0.000000
0.000000
0.000000
0.000000
0.000000
0.000000
0.000000
0.000000
-0.007225
-0.021747
-0.020652
-0.009934
-0.027771
0.000000
0.000000
0.000000
0.000000
0.000000
0.008912
0.000000
0.000000
0.000000
0.000000
0.000000
0.000000
0.000000
0.000000
0.000000
0.000000
0.000000
0.000000
0.000000
0.000000
0.000000
0.000000
0.000000
0.000000
0.000000
0.000000
0.000952
0.000000
0.000000
0.006840
0.000000
-0.038056
-0.031657
-0.010867
0.000000
-0.042162
0.000000
-0.018192
-0.003822
0.000000
0.000000
0.000000
0.000000
0.000000
-0.014503
-0.013713
-0.003383
-0.016148
0.001843
-0.014205
-0.009681
0.004160
-0.023397
-0.005188
0.015054
-0.013515
-0.008196
-0.017278
-0.029820
-0.002126
0.007145
0.047143
0.000000
-0.040836
-0.019102
0.001288
0.019742
-0.006783
-0.009101
-0.010024
0.000000
0.000443
-0.010420
0.014028
-0.004356
0.000000
0.000000
0.000000
0.000000
-0.013528
-0.002736
-0.011578
-0.008245
0.006225
0.000000
0.000000
0.000000
0.000000
0.000000
0.000000
0.000000
0.000000
0.000000
0.000000
-0.010277
-0.015034
-0.010721
0.000000
0.000000
0.024616
-0.011017
0.015549
-0.015848
-0.000795
0.000000
0.000000
0.000000
0.000000
0.000000
0.000000
0.000000
0.000000
0.000000
0.000000
0.000000
0.000000
0.000000
0.000000
0.000000
0.000000
0.000000
-0.002894
0.000000
-0.009502
-0.009412
-0.003727
0.000466
0.000000
-0.002624
0.000000
0.037466
-0.041060
0.009628
0.002120
0.115232
-0.006297
-0.014557
-0.020280
-0.014340
-0.001671
0.011748
0.000000
0.000000
-0.006646
-0.004939
0.004347
-0.001878
-0.006891
-0.002550
0.001841
0.000000
0.044142
-0.014284
-0.002897
-0.013450
-0.008778
-0.035595
0.007743
0.024227
0.009425
0.000000
0.000000
-0.003957
0.000000
0.000000
0.002559
-0.005617
0.003354
-0.016300
0.000000
-0.009200
0.000000
-0.002970
-0.002874
0.000000
0.000000
0.000000
0.000000
0.000000
-0.050554
-0.008574
-0.015867
0.000000
0.000000
0.000000
-0.031086
-0.012626
0.000000
0.000000
0.000000
0.000000
0.000000
0.000000
0.000000
0.000000
-0.009399
-0.004820
0.001345
0.001378
0.006371
0.010669
0.046830
-0.007440
-0.020764
0.041629
0.005291
0.000000
0.000000
0.000000
0.000000
0.000000
-0.019496
0.037092
-0.001622
0.007709
0.005450
0.000000
0.000000
-0.011610
-0.006119
0.000841
0.000000
-0.010396
-0.002404
-0.013160
0.000000
-0.008600
-0.038072
0.000000
0.000000
0.000000
-0.021586
0.000000
0.000000
0.000000
-0.012019
-0.007169
-0.004681
0.000000
-0.005739
0.000000
-0.019135
0.014891
0.007406
0.000000
-0.014310
-0.001102
-0.018545
-0.012591
0.000000
-0.008761
0.003343
0.000000
0.000000
0.000000
0.000000
0.000000
0.002055
0.013644
0.000000
0.009466
-0.007443
0.245518
-0.002388
-0.002191
0.016022
-0.016644
0.000000
0.000000
-0.000176
0.000000
-0.003982
0.015333
0.000000
0.000000
0.000000
-0.011665
0.001127
-0.006189
0.001582
-0.008038
0.000000
0.000000
0.000000
0.000000
-0.019703
0.018435
0.000000
-0.001023
0.000000
0.000000
0.000000
0.000000
0.000000
0.000000
0.000000
0.000000
0.000000
0.000000
0.000000
0.000000
0.000000
0.000000
0.000000
0.000000
0.000000
0.000000
0.000000
0.000000
0.000000
0.000000
0.000000
0.000000
-0.002790
0.009010
-0.036269
0.005235
-0.007000
0.000000
0.000000
0.000000
0.008831
0.000000
0.000000
-0.057916
-0.002096
0.028546
0.026393
0.007492
-0.009317
-0.030183
0.002495
-0.017841
0.110027
-0.000438
0.000000
0.000000
0.000000
-0.002855
0.000000
0.000000
0.000000
0.000000
-0.002552
-0.020690
-0.019885
-0.009272
-0.000882
-0.002813
0.000000
0.000000
0.000000
0.000000
0.000000
0.000000
0.000000
0.000000
0.000000
0.000000
0.000000
0.000000
0.000000
0.000000
0.000000
0.000000
-0.008925
-0.024043
-0.001069
0.000000
0.000000
0.000000
0.000000
0.000000
0.000000
0.003274
0.000000
0.000000
0.000000
0.000000
-0.017322
-0.022276
-0.003388
0.000000
0.004524
0.013815
0.000861
-0.004004
0.000000
0.000000
0.000000
0.000000
0.000000
0.000000
0.000000
0.000000
0.000000
0.000000
0.000000
0.000000
0.000000
0.000000
0.002083
-0.013017
-0.026607
-0.021461
-0.032738
0.001799
-0.000876
0.000000
0.000000
0.000000
0.000000
0.000000
0.000000
0.000000
0.000000
0.000000
0.000000
-0.004551
-0.013716
-0.018870
0.010102
0.000000
0.000000
0.000000
0.000000
0.000000
0.015114
-0.005754
-0.010600
0.000000
-0.016600
0.022225
-0.004773
0.000000
0.000000
-0.010977
0.044639
-0.012743
0.023452
-0.009530
-0.008345
-0.013739
-0.004198
0.040247
-0.013887
0.083373
-0.000820
0.000000
0.000000
0.000000
0.000000
0.000000
0.000000
0.000000
0.000000
0.000000
0.000000
0.000000
0.000000
0.000000
0.000000
0.000000
0.000000
0.000000
0.000000
0.000000
0.000000
0.000000
-0.003457
-0.000532
-0.061977
0.022768
-0.007980
0.060476
-0.001639
0.000000
0.000000
0.005765
0.000000
0.000000
0.000000
-0.004625
0.000000
-0.027708
0.004197
-0.017673
-0.008126
-0.019375
0.000000
0.000000
-0.019768
0.000000
0.000865
0.000000
0.000000
0.000000
0.000000
0.000000
0.000000
0.000000
0.000000
0.007057
-0.003146
0.000000
0.001938
0.000000
0.000000
0.000000
0.000000
0.000000
-0.005325
0.004698
-0.000166
0.000000
0.000000
0.000000
0.000000
0.000000
0.000000
0.000000
0.000000
0.000000
0.000000
0.000000
0.000000
0.002473
-0.011299
0.000000
-0.011162
-0.012955
0.007762
-0.008076
0.026740
0.000000
0.000000
-0.010033
-0.004038
-0.035369
0.001758
0.000000
0.000000
0.016354
0.000000
0.000000
-0.001957
0.000000
0.000000
0.000000
0.000000
0.000000
0.000000
0.000000
0.000000
0.000000
0.000000
-0.004223
-0.017964
-0.014138
0.000000
0.000000
0.005669
-0.006339
-0.006469
-0.009100
-0.014702
-0.011913
0.003242
0.000000
0.000000
0.000000
0.000000
0.000000
0.000000
0.000000
0.000000
0.000000
0.000000
0.000000
0.000000
0.000000
0.000000
0.000000
0.000000
0.005155
-0.016605
0.000000
-0.022775
-0.011867
0.243867
0.008896
0.000000
0.000000
0.000000
0.000000
-0.004984
0.018970
0.000000
0.000000
0.002010
-0.022406
0.000000
-0.010976
0.000000
0.000000
-0.008390
0.000000
0.000000
0.000000
0.000000
0.000000
0.000000
0.000000
0.000000
0.000000
0.068546
-0.033328
0.000000
-0.008002
-0.005835
0.003075
-0.005857
0.000000
-0.004505
0.000049
0.000000
0.000000
0.015479
0.001344
0.000000
0.000000
0.000000
0.000000
0.000000
0.000000
0.000000
0.000000
0.000000
0.000000
0.000000
0.000000
0.000000
0.000000
0.000000
0.000000
0.000000
0.000000
0.000000
0.000000
0.000000
0.000000
0.000000
0.000000
0.000000
0.000000
0.000000
0.000000
0.000000
0.000000
0.000000
0.000000
0.000000
0.000000
0.000000
0.000000
0.000000
0.000000
0.000000
0.000000
0.000000
0.000000
0.000000
0.000000
0.000000
0.000000
0.000000
0.000000
0.000000
0.000000
0.000000
0.000000
0.000000
0.000000
0.000000
0.001774
0.000000
0.000278
0.000000
0.000000
0.000000
0.000000
0.000000
0.000000
0.000000
0.000000
0.000000
0.000000
0.000000
0.000000
0.000000
0.000000
0.000000
0.000000
0.000000
-0.023741
-0.009776
0.000000
0.000000
0.001955
-0.031334
0.000000
0.000000
0.000000
-0.024229
0.000000
0.000000
0.000000
0.000000
0.000000
0.000000
0.000000
0.000000
0.000000
0.000000
0.000000
-0.014992
0.000000
0.000000
0.000000
-0.060088
-0.039992
0.000000
-0.032241
0.000000
0.005682
0.036122
0.009803
0.001735
0.077789
-0.042776
0.007339
0.000000
0.000000
0.000000
0.000000
0.000000
0.000000
0.000000
0.000000
0.000000
0.000000
0.000000
0.000000
0.000000
0.000000
0.000000
0.000000
0.000000
0.000000
0.000000
0.000000
0.000000
0.000000
0.000000
0.000000
0.000000
0.000000
0.000000
0.000000
0.000000
0.000000
0.000000
0.000000
0.000000
0.000000
0.000000
0.000000
0.000000
0.000000
0.000000
0.000000
0.000000
0.000000
0.000000
0.000000
0.000000
0.000000
0.000000
0.009527
-0.044476
0.017342
0.029634
0.000000
0.000000
0.000000
0.000000
0.043124
0.005844
-0.028306
0.055329
0.086007
-0.013791
0.054499
0.000000
0.000000
0.000000
0.000000
-0.017584
-0.037929
-0.038738
0.103433
0.001268
-0.021426
-0.108745
-0.013708
-0.017419
0.006648
-0.012440
-0.008432
0.039328
-0.004693
-0.007615
0.009094
0.000049
-0.011969
-0.003955
0.004704
0.008250
-0.011287
-0.000830
-0.009058
-0.009469
-0.022821
0.006395
-0.015100
-0.020313
0.079652
0.072648
-0.039776
0.017996
-0.016107
-0.014310
0.005340
0.000000
0.000000
0.000000
0.000000
0.000000
0.000000
0.000000
0.000000
0.000000
0.000000
-0.007696
0.005110
0.002460
-0.011042
-0.009946
0.032709
-0.031762
0.001613
0.000000
0.000000
0.035764
-0.028509
0.048771
0.001476
0.117424
0.124688
-0.039840
-0.003974
0.035837
-0.013692
-0.004944
-0.018900
0.022393
0.045381
0.004900
-0.037177
-0.005068
0.005760
-0.035121
-0.007617
-0.008325
-0.005287
-0.007692
-0.009726
-0.029854
0.010842
0.002645
-0.017079
0.001229
0.014514
0.022037
-0.018850
-0.004337
0.057499
0.171687
-0.005801
0.008969
-0.006991
-0.003921
0.000000
0.000000
-0.020893
0.003271
-0.015812
0.019194
0.006226
-0.048851
0.000000
0.000000
-0.025349
0.000692
0.015019
-0.013338
-0.014532
-0.020447
-0.024328
0.010412
-0.017298
-0.025884
-0.050272
0.000000
0.000000
0.000000
0.034055
-0.066599
0.000000
0.002692
-0.031637
-0.014086
-0.028109
-0.017382
-0.004307
-0.043637
-0.027250
-0.024989
0.112564
-0.024655
0.014018
0.020975
-0.026588
0.019690
-0.031126
-0.008457
0.001332
0.017936
0.011894
0.050119
-0.021990
-0.012841
-0.018939
0.010741
-0.009049
-0.014806
-0.003109
0.005729
-0.001299
-0.027199
0.016226
0.032916
0.017826
0.000024
-0.010197
0.203661
0.029833
-0.004125
-0.003543
-0.008262
-0.017441
0.025331
-0.014825
-0.009435
-0.026713
0.000762
-0.019428
-0.009225
-0.009641
0.002228
0.076225
0.015019
-0.020094
-0.007047
0.009851
-0.015610
-0.010585
-0.001537
-0.050833
0.007937
0.025676
-0.016657
-0.006992
0.023374
-0.007546
-0.003576
0.000131
0.005256
0.001401
-0.024079
-0.002327
-0.003762
-0.006910
0.010442
0.027167
-0.012938
-0.021910
0.003804
-0.005255
-0.019951
0.019964
-0.038988
-0.024952
-0.028075
-0.036835
0.002959
-0.021054
0.005627
0.006470
0.018703
-0.020007
-0.012547
0.009099
-0.007023
-0.026862
0.009106
0.019722
0.001499
