0.004953
0.007120
0.003737
-0.005708
0.000213
-0.023489
0.007906
0.033601
-0.010835
-0.005653
0.000816
-0.004734
-0.004938
0.007886
0.017500
0.001495
0.000780
-0.005180
0.005384
0.006253
-0.003252
-0.015225
-0.005881
-0.006628
-0.005761
0.002358
-0.004801
-0.015714
-0.000800
0.080660
0.004827
-0.000477
-0.011838
0.045909
0.062724
-0.022504
-0.002968
0.011292
0.012610
0.000871
0.005096
-0.010266
0.011104
-0.004435
-0.004155
-0.002952
0.000852
-0.002666
0.008587
-0.001558
-0.001414
-0.003218
-0.017336
-0.016891
0.028308
-0.002731
-0.017670
-0.009523
-0.012364
-0.008171
-0.002878
0.003714
-0.015229
0.007712
-0.002558
-0.015756
0.003507
-0.035248
0.022090
0.025890
0.014237
0.000309
0.010913
0.002571
-0.003916
-0.006357
-0.002486
-0.006812
-0.001966
0.009726
0.000917
-0.000483
-0.004281
0.006071
-0.004563
-0.001735
-0.002731
-0.001121
-0.003742
0.075070
-0.000757
0.001281
0.004418
0.020976
-0.006165
0.001725
0.122034
-0.009954
0.052893
-0.007589
-0.000534
0.003737
0.004812
-0.025108
-0.003565
-0.000071
-0.020369
0.027966
-0.004225
0.000183
0.001451
-0.009323
-0.001999
0.004030
0.006258
-0.005900
0.001614
0.001974
-0.007230
-0.000543
0.000361
-0.006834
-0.001637
0.015075
-0.005366
0.001960
0.002401
-0.000209
-0.012304
-0.014040
-0.009729
-0.016924
-0.010789
-0.001970
0.002815
-0.023983
0.032916
-0.000198
-0.009261
-0.021691
-0.009059
-0.007497
0.030522
-0.022506
-0.007536
-0.043374
-0.002777
-0.020190
-0.004128
-0.007925
-0.000576
0.001430
-0.015163
0.009766
-0.002821
-0.004524
0.000010
-0.007415
0.015618
0.021705
-0.026998
0.002333
-0.012504
-0.004644
-0.030674
-0.000269
-0.046564
-0.017841
0.012530
-0.010325
-0.000378
-0.006719
-0.001482
-0.010974
-0.000455
-0.021422
0.039729
-0.013644
-0.003624
0.015091
-0.032994
0.010401
0.001323
-0.000026
0.000000
0.000000
0.000000
-0.009138
0.018634
0.002495
0.026047
-0.010334
0.028084
-0.000249
-0.009921
0.000000
0.000000
0.000000
0.000000
0.000000
0.000000
-0.034463
0.000000
0.000000
-0.002585
0.000740
-0.026412
-0.029787
-0.001217
-0.001702
-0.027347
-0.015378
0.015202
-0.017119
0.001020
0.009109
0.015199
-0.011138
-0.019381
-0.055796
-0.000748
-0.000160
-0.293119
-0.003689
-0.005841
-0.015176
-0.010408
-0.018566
-0.013941
-0.009704
-0.021321
-0.019849
0.010143
0.040329
-0.007665
-0.023022
-0.017859
-0.014046
-0.059580
-0.001326
0.053487
0.025545
0.046933
0.014538
-0.002573
-0.006276
-0.016962
-0.011774
0.204492
0.003998
-0.045108
-0.007978
0.012406
-0.019010
0.005241
-0.014484
0.016524
-0.003671
-0.023681
-0.004007
0.008278
-0.003112
-0.051204
-0.003398
-0.012420
-0.050076
-0.010938
-0.003180
-0.010945
-0.011825
0.000191
-0.006483
-0.003669
-0.010373
-0.003428
-0.009257
0.010179
-0.025103
-0.001174
0.043516
-0.024198
-0.016342
-0.022792
-0.021538
0.000000
-0.003159
-0.008345
0.005392
-0.005124
-0.011426
-0.009096
-0.006174
-0.047942
-0.001304
-0.000312
-0.018796
-0.009499
-0.003693
0.000168
-0.007349
-0.002782
0.011470
0.022698
-0.007201
-0.012799
-0.008948
-0.005846
-0.011344
-0.019095
0.001179
0.012444
-0.009970
-0.017266
-0.008161
-0.016318
-0.003448
0.000156
0.001477
0.004909
0.077558
0.004963
0.046347
-0.013627
-0.020674
-0.001725
-0.009541
0.000000
-0.002725
0.006599
0.005454
-0.016845
-0.005072
-0.001877
-0.006793
-0.016663
-0.005093
0.004980
0.005122
0.005011
-0.020400
0.018049
-0.000022
-0.003495
0.001316
0.010938
0.027444
-0.013926
-0.018509
0.045788
0.000003
-0.010902
-0.008988
-0.012854
-0.016085
-0.012526
0.018470
0.020063
-0.005584
-0.006012
0.164115
0.004930
-0.009334
-0.015885
0.009497
-0.016428
-0.023569
-0.033216
0.010341
-0.037454
0.005103
0.008993
-0.017303
-0.017224
-0.034440
0.017219
0.020133
-0.006279
-0.019645
-0.002323
-0.018931
-0.015605
-0.010202
-0.003164
0.002376
-0.010124
0.000000
0.018050
0.001241
-0.012197
-0.005585
-0.013499
0.005971
-0.013869
0.003082
-0.023450
-0.005509
0.001441
-0.015319
-0.007875
-0.000833
-0.006913
0.019735
-0.008049
-0.015500
0.015921
0.030296
0.013318
0.003954
0.009336
0.006558
0.013701
-0.011223
-0.001970
-0.007263
-0.000575
-0.020391
-0.012825
-0.017675
0.020752
0.003311
0.002024
0.002387
-0.001111
-0.005086
-0.011627
-0.010367
-0.008840
0.003960
0.000367
-0.012563
0.004042
0.001468
-0.002599
-0.007541
-0.013299
-0.009865
0.004076
-0.004455
-0.016605
0.001057
0.059957
0.072768
-0.010632
0.002240
-0.008730
0.021322
-0.017334
-0.007332
-0.011343
-0.030844
-0.001473
0.011687
-0.009549
0.008949
-0.005323
0.006707
-0.003177
-0.016573
0.003236
-0.010966
-0.003885
-0.001130
-0.014234
-0.000082
-0.015395
0.003948
-0.017743
-0.009983
-0.016724
-0.000647
-0.012527
-0.011920
-0.023794
-0.006717
0.026521
-0.004112
-0.000772
0.014966
-0.002104
-0.011380
-0.000233
-0.005648
0.019361
-0.010685
-0.004851
-0.002108
-0.017802
0.002855
-0.008881
-0.003105
-0.009360
0.155978
-0.034760
-0.005772
0.073881
0.002839
-0.003282
-0.026202
-0.002750
-0.000064
-0.013055
0.016979
-0.011568
-0.005831
-0.010251
-0.007996
-0.018856
0.001866
-0.011207
0.040244
-0.004996
-0.013471
-0.029415
0.006037
-0.023202
0.019754
-0.002075
0.000501
-0.003826
0.006069
-0.002653
-0.018089
0.007747
0.013298
0.027613
-0.006863
-0.008775
-0.043823
-0.003708
-0.004629
-0.003452
-0.044526
0.010485
0.010357
-0.037502
-0.002863
-0.008895
-0.043956
-0.052551
-0.008116
0.001984
0.013603
-0.008895
-0.016264
-0.027740
-0.001970
0.028939
-0.005026
-0.009081
0.168893
-0.006817
-0.000161
0.010886
-0.019294
0.004392
0.009159
-0.022683
-0.025988
-0.010429
-0.017466
-0.011662
-0.003645
-0.013420
-0.018900
-0.045206
-0.005724
-0.003330
0.088964
-0.005571
-0.014388
-0.003769
-0.000541
0.056468
0.016786
0.010321
-0.006078
-0.010561
-0.026555
0.003272
-0.006849
0.004818
0.002062
-0.010739
0.084460
0.016561
0.001303
-0.012249
0.004941
-0.011837
0.134053
-0.021307
-0.000758
-0.011675
0.002637
0.005172
0.004702
-0.012188
0.008894
-0.007321
-0.011968
-0.000144
0.019109
0.051383
-0.002872
0.002394
-0.003119
-0.038893
0.057551
-0.000712
-0.008255
0.009528
-0.015361
-0.009741
0.006286
0.044021
-0.011183
-0.016094
-0.009702
-0.015102
-0.017012
0.019251
-0.009817
0.001373
-0.019172
0.034211
-0.017305
-0.005112
-0.005295
0.012403
-0.005057
-0.004013
-0.003830
-0.005270
-0.053056
0.045179
-0.028945
0.049532
-0.006939
0.006842
0.008825
-0.027008
0.012131
-0.020765
-0.026994
-0.007575
0.002533
0.015567
-0.022129
-0.006281
0.011894
-0.023277
0.008150
-0.010095
0.005127
-0.012074
-0.019872
-0.021022
-0.013647
-0.005965
-0.006359
-0.005686
-0.019319
0.002239
-0.016436
0.009414
-0.003404
-0.003089
-0.015932
-0.019545
-0.020745
-0.019216
-0.011482
-0.008892
0.005243
0.016804
-0.018794
-0.021644
0.013851
0.006666
-0.001864
-0.003724
-0.014636
-0.014584
-0.002696
0.172117
0.005425
-0.012953
0.010962
-0.002904
-0.019895
-0.000100
0.002868
0.001476
-0.023286
0.007335
0.000000
-0.006116
0.002680
-0.006362
-0.023673
-0.023594
-0.000514
-0.006958
-0.007114
-0.001655
0.119943
0.007199
-0.002215
0.000999
0.033947
0.020682
-0.012650
-0.011462
-0.021565
-0.021303
-0.004564
0.000000
-0.013602
0.021757
-0.007798
-0.002544
-0.013607
-0.005130
0.000517
0.008726
-0.007947
0.057476
-0.007492
-0.010753
-0.009817
0.010054
-0.010751
-0.007695
0.000269
-0.009658
0.000167
-0.016404
-0.004031
-0.006971
-0.029046
-0.015132
-0.007005
0.005518
-0.017913
0.018602
-0.012971
0.021881
-0.008762
0.002226
-0.002876
-0.005442
-0.012597
-0.005739
0.001369
-0.008437
0.005741
-0.046325
-0.034188
0.007493
0.007926
0.004360
-0.004709
-0.017562
-0.007733
-0.017218
-0.001530
-0.007914
0.002785
-0.010604
-0.011308
0.032133
0.001889
0.001851
-0.004319
-0.010616
-0.012204
0.000529
-0.000014
0.005129
0.039613
0.035085
-0.005394
-0.024551
-0.004900
0.016334
0.003545
-0.005480
-0.010308
-0.008585
-0.025601
0.003120
0.018979
0.005009
0.004187
-0.018217
-0.012376
-0.016626
-0.011253
-0.003693
0.004432
-0.017698
-0.004117
0.022942
-0.001831
0.023636
-0.012595
-0.011201
-0.005921
-0.017343
-0.012705
0.000000
-0.012360
-0.015406
-0.039913
0.014183
-0.012121
-0.021384
-0.009663
-0.002412
-0.040105
0.001905
-0.003263
0.001905
0.076263
-0.002750
0.007207
0.002966
-0.019720
-0.015575
-0.016784
0.002573
-0.006174
-0.004370
-0.005169
0.001792
-0.002649
-0.006394
-0.013439
-0.016201
-0.007718
-0.002749
-0.000614
0.010533
-0.012398
0.000136
-0.002888
-0.003504
-0.008131
-0.017379
0.017067
-0.035747
-0.022321
-0.012805
0.022845
-0.015077
0.026159
0.001676
-0.002290
0.012539
0.005458
-0.015634
0.014312
-0.003104
-0.006944
0.000931
-0.020338
0.027087
-0.000729
0.064040
0.003226
-0.019795
-0.003601
-0.006398
-0.002206
-0.009654
-0.005729
-0.000518
-0.008791
-0.020072
0.008606
0.000573
0.046679
0.076398
-0.010711
-0.015375
-0.020749
-0.005706
0.009437
0.017678
0.005957
0.024906
-0.023657
-0.003550
-0.004855
-0.010075
-0.001828
-0.010557
-0.003228
-0.003097
0.000559
-0.000628
0.006436
0.008638
0.002197
-0.010262
-0.009061
-0.001646
-0.011562
-0.002386
-0.010802
-0.003852
-0.008175
0.013856
-0.000473
-0.012938
-0.014108
0.001577
-0.012783
-0.009573
-0.016671
-0.020820
-0.006755
0.000173
-0.030107
-0.009211
0.027432
-0.029919
0.004945
0.041159
-0.009512
0.026270
0.031058
-0.007119
-0.001370
0.001160
0.006975
-0.006905
-0.013019
0.017206
-0.003397
-0.003645
-0.024670
-0.018556
0.012505
-0.033432
-0.015012
-0.025432
0.010229
-0.008496
-0.026860
-0.004353
-0.019376
0.060111
-0.004274
-0.023123
0.010368
-0.006891
0.046199
0.030841
0.013042
-0.010129
0.015387
0.000000
0.000990
0.012889
-0.012529
-0.024416
-0.002629
-0.005353
0.000767
0.039254
0.001587
-0.000724
-0.023021
0.051153
0.001532
-0.031537
-0.017220
-0.010927
-0.007034
0.014305
-0.000254
-0.000383
0.004579
-0.006704
-0.039413
0.027476
0.014847
-0.023947
-0.014752
-0.000426
-0.021548
-0.005902
-0.005299
0.014467
-0.005150
-0.002157
0.015819
-0.001342
-0.009617
0.068126
-0.007760
0.042822
-0.007324
-0.000892
-0.004147
-0.035279
-0.022445
0.017006
-0.019710
-0.009066
0.008399
-0.007627
0.000726
-0.007163
-0.007821
0.001531
0.026156
0.015644
0.020995
-0.002436
-0.040727
0.004423
-0.013106
-0.008888
-0.013170
-0.000349
-0.007596
0.004589
-0.003805
0.039867
-0.027349
-0.000936
-0.004501
-0.004358
-0.000289
0.000910
0.003409
0.043332
-0.012867
-0.004395
-0.032614
-0.023161
-0.013872
0.013933
-0.029099
-0.021046
-0.023683
0.023040
0.004795
-0.049209
-0.017641
0.003073
-0.014443
-0.025431
-0.011146
-0.008428
0.006667
0.013562
-0.001770
0.000348
-0.000819
-0.011134
-0.003998
-0.007784
0.022586
0.012673
-0.015677
-0.023841
-0.012741
-0.004936
0.055817
-0.004009
-0.005300
0.037017
0.009661
-0.007723
0.004350
-0.016792
-0.013144
0.037817
-0.007429
-0.011912
0.017668
-0.022554
0.011196
0.001962
-0.006966
0.008571
0.033138
-0.020624
-0.000307
-0.007382
-0.030938
-0.035078
-0.007617
0.000058
0.000303
0.006641
-0.027814
-0.008449
-0.006831
-0.008994
-0.012249
-0.008699
0.004059
-0.007462
-0.020658
-0.000074
0.006337
-0.040272
-0.001740
-0.011739
0.005233
0.002041
0.000116
-0.006270
-0.005945
-0.020059
-0.003383
0.005496
0.003598
0.003970
-0.005939
-0.007118
-0.009545
-0.012704
0.174377
-0.011188
0.000000
-0.006902
0.008536
0.010521
-0.004355
-0.014410
-0.007822
-0.017173
-0.013958
-0.011308
0.002804
0.003896
0.004227
0.020057
0.008883
0.028792
-0.010336
-0.007573
0.008833
-0.051981
0.012577
0.022049
-0.014046
0.009330
-0.018171
-0.007177
-0.019071
-0.007985
-0.024172
-0.006576
-0.007004
0.001361
-0.007364
-0.001253
-0.019572
-0.047874
-0.011488
0.013603
-0.015905
-0.014972
0.006373
-0.024706
0.001839
0.025474
-0.007632
0.000000
0.011761
-0.013704
-0.001263
-0.002354
0.012864
-0.011729
0.019286
-0.018469
-0.041214
-0.005735
0.000971
0.000000
0.006298
0.005388
0.012897
-0.001541
-0.019888
-0.013101
-0.003832
-0.013540
-0.003726
-0.006709
-0.002938
0.052872
0.010834
-0.022217
-0.023238
-0.000535
-0.022411
0.004096
-0.006795
0.001616
0.002665
-0.008813
-0.010644
-0.007922
-0.020430
0.011641
-0.005740
0.011804
-0.015880
-0.027478
-0.001001
0.012931
-0.015312
-0.013176
0.014453
-0.029012
-0.040655
-0.014243
0.012717
-0.004800
0.016307
-0.016018
-0.011036
0.000170
0.028055
0.027183
0.001248
0.022038
-0.010262
-0.026345
0.001064
-0.016679
0.005501
-0.013229
-0.008851
0.000064
-0.010566
-0.006359
0.001379
0.047183
0.006516
-0.023652
-0.031582
-0.015073
0.042103
0.019119
0.013810
0.009741
0.030374
-0.047338
0.006886
0.001584
0.010079
-0.009393
-0.008448
0.016167
-0.024083
0.025359
-0.010914
0.062043
-0.014956
0.006728
-0.002359
-0.003955
-0.005462
-0.009655
-0.002175
-0.000978
0.020768
-0.017964
0.015649
0.002719
-0.003163
-0.005892
-0.013833
-0.013122
0.001906
-0.024714
-0.000045
-0.014842
0.004365
-0.006976
-0.000356
0.001455
-0.010387
-0.016700
0.035425
0.015138
0.007776
-0.001350
-0.018545
-0.021241
-0.010554
-0.014751
0.006332
-0.003291
0.005744
0.015293
-0.001563
-0.004813
-0.039777
-0.048222
-0.015338
0.000208
-0.016252
-0.007101
0.015025
-0.010827
-0.006624
0.075890
-0.005525
-0.002658
-0.016596
-0.004781
-0.001011
-0.008531
0.023187
-0.013241
-0.001015
-0.011682
0.007723
-0.023791
-0.009855
0.003421
0.020270
-0.002541
-0.007835
-0.017067
-0.007837
-0.010250
-0.023714
-0.019910
-0.000884
-0.014833
-0.010241
0.104965
-0.016652
-0.003775
-0.006713
-0.005110
0.014807
0.007912
-0.003472
0.002825
-0.007967
-0.012093
-0.003621
0.004998
-0.005051
-0.002978
-0.019278
-0.003516
-0.004531
-0.016665
-0.003480
-0.009429
-0.017842
0.005408
-0.005279
0.002830
-0.000502
-0.003215
-0.002228
0.003692
0.056406
0.012106
-0.028788
0.005903
-0.022891
0.031613
-0.005008
0.015575
-0.002764
-0.005713
0.052407
0.054703
0.008296
-0.006736
-0.017030
-0.025031
0.105070
0.000560
-0.023579
-0.000016
-0.011937
0.008755
-0.001874
-0.004294
0.008156
-0.006672
-0.004184
-0.007004
-0.005902
0.020869
-0.002846
0.008136
0.002414
-0.003645
0.003499
-0.013669
0.074889
-0.018445
-0.005115
-0.014427
0.003766
-0.007998
-0.024700
-0.004629
-0.036376
-0.020834
0.013251
0.003664
0.005211
0.000032
-0.016021
0.053910
-0.005904
-0.005541
-0.013798
-0.006245
-0.000113
-0.004272
-0.000543
-0.004074
-0.002291
-0.004848
-0.000408
-0.006860
0.003831
-0.002116
0.008533
0.032275
-0.006886
0.023411
0.001592
-0.004720
-0.015044
-0.015543
0.013553
-0.002937
-0.000594
-0.009109
0.016830
0.002300
-0.007169
0.002784
-0.021077
-0.015285
0.006487
-0.001143
-0.007456
0.016922
-0.013135
-0.020860
0.006269
0.044771
-0.005847
0.007197
-0.009285
-0.022525
-0.036694
0.009628
-0.004780
0.043388
-0.010296
0.005649
-0.000692
-0.001825
0.013314
0.026270
-0.030021
-0.007647
0.006624
0.000443
-0.002320
-0.005193
0.010592
-0.015745
-0.020869
-0.016111
0.039113
-0.002643
-0.006080
0.026137
-0.006298
-0.000838
-0.002846
0.000070
-0.008249
-0.000135
0.030057
0.028797
0.003743
0.011637
-0.008572
-0.002806
-0.006671
-0.001606
0.003156
0.075921
-0.015132
0.000045
0.017551
-0.010073
-0.002439
-0.010157
0.010936
0.008777
0.003788
0.003059
-0.007682
-0.006353
0.006816
0.032969
-0.013753
0.027541
-0.018224
0.002219
-0.000599
-0.014402
0.002327
-0.002956
-0.001072
-0.041889
-0.001535
0.006558
0.004154
-0.012319
-0.002431
0.003662
0.005741
-0.001349
-0.010529
0.023787
-0.002445
-0.006962
-0.026073
0.000071
-0.016082
0.020977
0.000481
0.004217
-0.007965
-0.011972
-0.001950
-0.013801
-0.003136
-0.026602
-0.008058
0.005533
-0.029439
-0.008935
0.000091
0.004055
-0.015016
0.003504
-0.032622
-0.010973
0.009130
0.000429
-0.002104
-0.009230
-0.012212
0.008734
0.004019
-0.002488
-0.003999
-0.010441
0.011089
0.041202
-0.016829
0.004842
0.001206
0.007284
-0.008841
-0.000084
-0.002824
-0.003347
-0.004208
-0.008108
-0.012941
-0.035617
0.007908
-0.009119
0.003849
0.000152
-0.043263
0.023275
0.031321
-0.019460
0.051396
-0.007188
-0.003201
0.002437
0.028206
-0.000781
-0.031399
-0.010980
-0.014705
0.004705
-0.006186
-0.013980
-0.005188
-0.021228
-0.024692
0.007242
-0.025012
-0.004570
-0.030054
-0.007221
-0.009456
-0.009530
-0.000441
-0.021144
0.023406
-0.005936
-0.013364
-0.009212
-0.017375
-0.006093
0.299241
0.021597
-0.006608
0.048565
-0.012147
0.001061
0.031948
-0.022747
-0.014514
-0.010197
-0.011641
0.007481
-0.006077
0.003777
0.003351
-0.015488
0.013672
0.012690
-0.000967
-0.010011
-0.003351
-0.021395
-0.008093
-0.001180
0.034629
-0.005069
-0.002762
0.056053
-0.013889
0.001989
0.002298
-0.000965
-0.005545
0.056968
0.001697
-0.014952
-0.010047
0.031362
-0.001896
-0.010333
-0.004586
-0.006182
-0.050990
0.001034
-0.010279
0.002406
-0.003074
-0.006087
0.000000
0.045429
0.018078
0.003121
-0.007526
-0.006164
-0.033090
0.002551
-0.014512
-0.011181
-0.012976
0.009371
0.022194
-0.008319
0.000543
-0.003479
-0.030739
0.011344
0.032220
-0.007688
-0.009892
-0.004344
-0.003051
0.003868
-0.002042
-0.015100
-0.004351
-0.010687
-0.006702
-0.010947
-0.030122
-0.008545
-0.016763
0.014691
0.003913
-0.009687
0.045684
-0.000497
0.002946
0.002576
-0.002038
-0.008988
0.006974
-0.004330
0.002061
0.012369
0.002517
0.002947
-0.002855
0.041499
-0.007249
-0.015088
-0.008235
-0.000699
-0.014647
-0.005519
0.001610
0.005302
-0.032868
-0.014721
0.008195
-0.018517
-0.022678
0.021688
-0.003475
0.014243
0.032635
0.021486
0.018079
-0.009157
-0.006883
0.002267
0.045873
0.005304
0.007249
-0.026752
0.004302
0.025666
0.002744
0.006904
-0.000014
-0.012377
0.002062
-0.010278
-0.018412
0.005967
-0.012094
-0.026575
0.006766
-0.003055
-0.006901
-0.010418
-0.006671
0.006659
0.040009
-0.020602
-0.007462
0.014423
0.019087
-0.000399
-0.038751
-0.021855
-0.018596
0.005733
0.011481
0.027030
0.001692
-0.004053
0.000000
-0.002555
0.010100
-0.020982
0.159205
-0.004699
0.000000
-0.009462
-0.035071
0.002627
0.001233
0.001820
-0.013506
-0.007259
-0.001373
-0.006259
0.026415
-0.021230
0.006223
-0.001607
-0.010924
-0.017190
0.011416
0.007158
-0.014304
-0.020996
0.011999
0.008046
0.024607
0.005054
0.000509
0.000000
-0.014210
0.015982
-0.009132
0.000042
-0.029903
-0.002402
-0.004319
-0.001862
-0.007318
-0.005101
-0.003038
0.004488
-0.074411
-0.007931
-0.013349
-0.011634
-0.046312
-0.019000
-0.010591
-0.023035
0.011133
0.011850
-0.005348
-0.006503
-0.015711
-0.013441
0.007639
0.007546
0.001826
0.006503
0.051057
0.013054
-0.007292
0.011492
-0.009032
-0.000309
-0.006778
-0.000719
-0.012120
-0.016453
-0.001916
-0.008396
0.022350
-0.013888
-0.006654
-0.021264
-0.001326
0.023079
-0.016543
0.003299
-0.001126
0.004729
-0.019124
0.011140
0.000576
-0.020340
-0.007884
-0.013506
0.038130
-0.000916
-0.012526
-0.009903
-0.011763
0.003341
-0.011101
-0.022908
-0.028128
-0.002646
0.109427
-0.000646
0.044756
0.118442
-0.003869
-0.000134
-0.017467
0.003010
-0.006396
-0.009745
0.033454
-0.025670
-0.004821
-0.010822
-0.014084
-0.009618
0.010886
-0.005034
0.008290
-0.005067
0.006116
-0.004917
-0.006163
-0.017034
0.011494
-0.069655
0.000242
-0.007648
0.001058
-0.005695
0.003908
0.061147
0.007509
0.000000
0.000000
0.000000
0.000000
-0.020431
0.004016
-0.002585
-0.011151
-0.015300
0.007128
0.023061
-0.016245
-0.071385
-0.023594
0.008759
0.012967
-0.006731
-0.013009
-0.015080
-0.007846
-0.003944
-0.010681
0.003661
-0.001814
0.001496
-0.000534
0.136780
-0.004911
0.016263
0.021709
0.011856
-0.000783
-0.011155
-0.002272
-0.019800
-0.004685
-0.010719
-0.005799
-0.006524
0.001725
0.012251
0.010419
-0.004073
-0.020132
-0.002348
-0.025819
0.002482
-0.006445
-0.014910
-0.007300
-0.004608
0.009556
0.008448
-0.011958
-0.010628
-0.000370
-0.015488
0.064667
-0.026732
-0.018446
0.017860
-0.013814
0.007536
0.007422
-0.011864
0.076506
0.025338
-0.007820
0.001704
0.009299
0.000621
-0.009204
-0.022922
-0.010152
-0.016320
-0.020329
-0.014158
-0.031503
-0.014513
-0.002607
-0.005803
-0.003647
-0.005141
-0.011692
-0.009606
-0.009841
-0.006047
-0.001303
0.017119
0.022906
0.008734
-0.004170
0.047448
-0.007073
0.010200
-0.006996
-0.002108
-0.006498
-0.005973
0.000226
0.005086
-0.002582
0.044746
0.034422
-0.005554
-0.004609
-0.004124
0.001027
-0.003509
-0.009209
0.015430
0.010515
-0.005991
-0.027436
0.015387
-0.003680
0.001427
-0.012587
0.004504
0.000000
-0.005534
-0.004997
-0.004519
0.000000
0.006203
0.012238
0.000431
-0.040738
-0.019759
-0.001907
-0.007492
0.124475
-0.011583
-0.009079
-0.031401
-0.007127
-0.006251
0.017961
-0.005362
-0.004268
0.001752
0.006613
-0.010463
0.001821
-0.000348
0.011031
-0.005333
-0.006385
-0.014777
0.013812
-0.005164
0.060534
0.001188
-0.041501
-0.014684
0.000753
0.000747
-0.009303
-0.027959
-0.009234
0.041677
-0.004500
-0.002490
-0.051471
-0.022431
-0.014625
-0.010199
0.006338
-0.011438
-0.025384
-0.043304
-0.003187
-0.013080
-0.013001
0.001993
-0.004241
-0.000442
-0.023198
-0.018734
-0.020119
-0.002230
-0.003271
0.008868
-0.013533
-0.003568
-0.001460
-0.002932
-0.006782
0.002507
-0.000629
-0.001682
0.015924
-0.016740
-0.016753
-0.000250
-0.002663
-0.002284
-0.003236
0.060965
0.007455
-0.015103
-0.000285
0.024306
-0.028432
-0.000197
-0.004852
0.006750
-0.007454
-0.013701
0.020774
-0.003100
0.009871
-0.011531
0.057704
-0.001003
-0.029391
0.003062
0.008009
0.000339
0.018830
-0.014817
0.007209
0.006442
0.020957
-0.003869
0.006831
0.006743
0.004682
-0.012276
-0.020222
-0.014749
0.001794
-0.004650
-0.003826
0.011360
-0.003741
0.045590
-0.005198
-0.002394
-0.003165
-0.004382
-0.013096
0.003903
0.013889
-0.040002
-0.014440
-0.010731
-0.013944
-0.010891
0.001745
0.007712
0.003499
-0.013483
0.003169
-0.020159
-0.007848
-0.015364
0.012574
-0.002042
-0.005732
-0.013996
0.020821
-0.004373
-0.011560
-0.002473
-0.007040
0.003784
-0.011845
0.010395
-0.011755
-0.011175
-0.005493
0.003340
0.002231
-0.005143
-0.023052
-0.016284
0.003824
-0.002044
-0.004360
0.003417
-0.008952
-0.009754
-0.002982
0.004325
-0.008778
0.008109
-0.004707
0.009013
0.001917
0.020018
-0.020487
0.005168
-0.006770
0.131956
-0.009254
-0.005337
0.002105
0.000000
-0.006550
-0.002100
-0.007213
0.002273
-0.003501
0.001158
-0.012336
0.019539
0.009776
-0.019269
-0.018066
-0.004789
0.005672
-0.009925
-0.019363
0.004599
-0.004853
0.000000
0.003100
-0.002862
-0.003489
-0.008031
-0.009910
0.005668
-0.017175
0.020877
0.008191
0.001203
0.051903
-0.015779
-0.009368
-0.008987
-0.015215
-0.016129
-0.002715
0.006143
0.042260
-0.001465
0.077542
-0.022074
-0.009617
0.065364
-0.033526
-0.012289
-0.043669
-0.032305
0.040429
-0.024034
-0.010227
-0.005039
-0.014358
0.020670
-0.001177
0.000000
-0.002235
-0.002364
0.002928
0.000843
-0.019437
-0.004047
-0.007494
-0.017397
-0.006605
-0.012756
-0.021127
0.028294
-0.007657
-0.014163
-0.003042
0.007223
0.024412
-0.012530
0.010173
-0.021078
-0.009770
-0.002129
-0.013678
-0.004442
-0.028348
-0.006103
-0.024611
0.031404
0.028106
0.003913
-0.016253
0.001448
-0.022869
0.016308
0.001094
0.014862
0.005027
-0.003188
0.020597
0.013377
-0.008005
0.027506
-0.003989
0.000000
0.000872
-0.011106
-0.007626
-0.008214
-0.001338
0.009500
-0.004118
-0.002620
-0.032014
0.006119
0.003349
-0.001493
-0.002028
-0.034738
-0.003116
-0.003927
-0.012565
-0.002457
0.055433
-0.007148
0.006857
0.030630
0.004908
-0.001440
0.008085
0.002643
-0.005393
-0.018149
-0.002381
-0.001097
0.010241
0.014022
-0.002439
-0.002146
-0.006419
0.000573
0.011935
0.011370
-0.011325
-0.016596
-0.001484
0.106668
-0.007400
0.003019
0.000000
-0.005477
-0.003783
-0.005086
-0.008959
-0.007931
-0.012490
0.011600
-0.012110
-0.023667
-0.008744
0.003312
-0.006397
0.033344
-0.042923
-0.009141
0.002309
-0.005546
-0.015003
-0.011033
0.003331
0.012756
-0.022444
0.002140
-0.022148
0.011777
-0.007373
0.006160
-0.012316
0.002090
0.003809
0.002559
0.009989
-0.004631
0.005895
0.036387
0.003004
-0.016806
-0.014906
-0.013034
0.015321
-0.007401
-0.027022
-0.002038
0.004784
0.008618
-0.001013
0.001372
-0.010680
-0.004504
0.005766
-0.003128
-0.007251
-0.010530
0.012223
-0.011104
0.000170
-0.006327
-0.007418
-0.000691
-0.005485
-0.008874
-0.009766
0.002556
-0.003993
-0.006687
-0.013995
-0.015364
-0.029763
-0.002936
-0.005263
0.011931
-0.001449
-0.024923
0.013163
0.021019
0.000000
-0.027425
-0.013224
-0.004160
-0.029141
-0.004532
-0.022044
-0.015374
-0.014439
0.029632
0.013075
-0.001550
-0.001222
-0.014229
-0.017439
-0.012016
-0.004084
-0.011158
-0.002645
-0.004661
-0.001380
-0.010337
-0.002636
0.003536
-0.029883
0.002340
-0.003933
-0.001333
-0.001318
0.001147
-0.012844
0.000455
-0.012527
-0.001647
-0.008299
-0.003840
-0.004804
0.022434
-0.008904
0.000632
-0.010019
-0.007202
0.005520
0.014334
-0.011031
-0.004896
-0.007821
-0.012571
-0.023813
-0.012727
-0.000608
-0.023195
-0.039237
-0.006175
-0.003954
-0.010610
0.005124
-0.009595
-0.008168
-0.023585
-0.025628
-0.036319
-0.005748
0.010969
-0.000507
-0.015386
0.026717
0.015736
0.103018
0.066501
0.131849
0.004642
-0.002145
-0.014614
-0.013493
-0.009170
-0.004938
-0.038710
-0.012630
-0.021077
-0.009485
0.017420
0.062198
-0.014734
0.010193
0.000599
-0.034976
-0.031146
0.000533
0.007624
-0.009572
-0.011117
0.002550
0.014974
-0.011997
-0.000424
-0.011215
-0.006868
-0.013957
-0.014523
0.030427
-0.007789
0.015789
-0.011372
0.001436
-0.011945
0.005278
-0.013378
-0.019329
0.013189
0.051008
0.004970
-0.023345
-0.015893
-0.019291
-0.008507
0.002830
-0.008755
0.000484
-0.001253
-0.014739
-0.009101
0.019304
0.000582
-0.009718
-0.007215
-0.001905
-0.007492
0.006890
-0.006890
-0.003346
-0.015732
0.001500
0.008259
0.002239
-0.012277
-0.031668
-0.007037
-0.009856
0.000173
0.001738
0.000000
-0.004398
-0.002810
-0.035414
0.201337
0.008797
0.000000
-0.009853
0.005742
-0.019789
-0.008914
-0.009132
0.004049
0.040878
-0.003630
0.011035
-0.002271
0.128099
0.006763
0.022193
-0.007853
-0.005573
-0.014117
-0.000549
-0.008812
-0.018329
0.002727
-0.005276
-0.020830
-0.004645
-0.021083
0.008312
-0.001703
0.000546
0.039748
-0.010961
-0.005629
-0.015018
0.000752
0.008656
0.038564
-0.001210
-0.024865
0.009659
-0.010398
-0.017376
-0.018284
-0.000265
-0.009536
-0.009340
0.008485
-0.036117
-0.008702
-0.020235
-0.012647
-0.008499
-0.002146
-0.001580
0.011517
-0.000639
0.027571
-0.012190
0.003370
-0.026588
0.009475
0.054308
-0.007121
-0.016720
0.006163
-0.005819
0.013062
-0.003738
-0.009401
0.004750
-0.032228
0.010790
0.001840
0.002835
-0.002585
-0.034524
-0.002078
-0.003038
-0.021163
-0.013999
0.011530
-0.004461
0.004216
-0.016086
-0.007335
-0.009232
-0.001109
-0.000538
0.007450
0.007155
0.002356
0.009189
-0.068930
0.005090
0.007299
-0.007357
-0.015206
0.013466
0.006951
-0.005997
-0.004298
-0.005222
-0.009941
0.002775
-0.000894
0.007231
-0.004923
0.004838
-0.002788
-0.011535
-0.003162
0.021505
-0.000904
-0.013650
0.005818
0.042654
-0.002385
-0.005755
0.108111
-0.001256
-0.003029
-0.008977
-0.002389
0.012613
0.002581
0.024953
-0.002419
0.026613
-0.029800
-0.007727
-0.022659
-0.012538
0.005576
-0.000226
0.002327
0.040239
-0.012314
-0.016180
-0.053437
-0.040359
0.025669
0.010328
0.014670
-0.001999
-0.018425
-0.006165
0.010898
-0.013424
-0.006211
0.000011
-0.008769
0.010317
0.022862
-0.016612
0.001578
-0.021850
-0.008626
0.045673
0.014981
0.002156
-0.019916
-0.008365
-0.035653
0.000503
0.005480
0.000328
-0.011658
-0.010947
-0.017333
-0.009927
-0.011638
0.000412
-0.000983
-0.031897
-0.004897
0.023977
-0.004695
-0.023102
-0.004237
-0.005585
-0.007787
-0.000002
-0.007175
-0.024151
-0.036823
0.000078
0.008483
0.007767
0.011184
-0.008001
-0.006630
0.004974
-0.011356
0.000807
0.006008
-0.008986
0.002532
-0.001920
-0.006816
0.000631
-0.007327
-0.023192
0.004986
0.330137
0.015878
-0.010816
0.012492
0.003630
-0.015506
-0.021267
-0.002734
0.005780
0.019465
-0.005790
-0.000971
0.058371
-0.010671
-0.000475
-0.008326
-0.011121
-0.005731
-0.002160
0.005569
0.004502
0.034081
0.016518
-0.014744
-0.018537
0.073245
-0.003537
-0.005720
0.000000
-0.010142
-0.007707
-0.006062
-0.006599
0.021203
-0.006588
0.044625
0.032443
0.015045
-0.016697
-0.011483
0.004638
-0.013894
-0.009043
0.002067
0.003337
-0.002573
0.019675
0.000898
0.003458
0.024001
-0.012914
-0.018574
-0.006562
-0.002780
0.003711
-0.007824
-0.019613
0.005194
0.006474
-0.036711
-0.012828
0.011045
0.012142
0.002976
-0.011486
0.010586
-0.011030
-0.008748
0.029057
0.013629
0.015541
-0.011678
-0.025727
0.003580
-0.016625
0.009648
-0.050188
0.003995
0.182145
0.015334
0.052362
-0.029991
0.021426
-0.021822
0.052374
-0.021671
-0.019656
-0.017320
-0.020106
-0.010946
-0.011602
0.003313
0.000682
-0.003665
-0.014694
0.021226
-0.008466
0.118935
-0.001359
-0.001498
-0.008340
0.012370
-0.002778
-0.021830
-0.009772
-0.022690
-0.003512
-0.021374
-0.010040
-0.011318
0.010699
-0.001904
-0.003205
-0.005409
0.024863
0.012550
-0.009664
-0.008734
-0.030759
0.015276
0.007343
-0.025964
-0.019405
0.002040
0.011354
-0.024980
-0.023096
0.000587
0.006651
-0.001419
-0.000763
-0.000446
0.000084
-0.002780
-0.005687
0.014942
-0.045349
0.028255
-0.002727
-0.001097
0.000048
0.021059
-0.009583
0.001170
-0.003986
-0.005295
-0.006749
-0.013026
0.000435
-0.005852
0.019994
-0.011641
0.001141
-0.002456
-0.011418
0.008191
0.001471
-0.026528
0.026534
0.014442
-0.013753
-0.008270
0.003715
-0.010471
-0.014524
-0.002497
-0.027940
0.009667
0.021246
-0.020570
0.033154
-0.004460
-0.023492
-0.001130
0.013101
0.025571
0.006481
-0.014681
-0.010855
0.003861
-0.003090
0.036254
-0.022995
0.010527
-0.033375
0.040645
0.001549
-0.008298
0.005789
-0.018313
-0.008166
0.041597
0.000687
-0.009643
-0.007465
0.007034
-0.028933
-0.001115
-0.028163
-0.026657
-0.005289
0.004149
0.072735
0.002493
-0.006440
-0.008816
-0.025534
0.010355
0.008960
0.018125
-0.005077
-0.019063
-0.006891
-0.020571
-0.000996
0.023862
-0.003199
-0.004474
-0.004112
0.002940
-0.003624
-0.003423
0.011101
-0.000163
-0.003487
-0.004817
-0.001409
-0.011738
-0.005774
-0.007625
-0.028282
-0.021835
0.004604
-0.008934
-0.010765
-0.031652
0.008012
-0.003831
0.053160
0.023745
-0.009643
0.010425
0.030012
0.015164
-0.007608
-0.002101
-0.018008
0.005734
-0.012088
0.156445
-0.011557
0.034086
0.057904
0.000725
-0.002950
0.022347
0.012617
-0.000690
-0.012179
-0.019690
0.000299
-0.002677
-0.016795
0.002830
-0.006394
-0.002311
-0.027066
0.006239
0.025290
-0.000971
-0.008180
-0.005505
0.001007
-0.022639
-0.012538
-0.005830
-0.017659
-0.009975
-0.021525
0.010316
-0.002589
-0.015376
-0.048082
-0.002184
-0.006269
-0.015256
-0.005874
0.021945
0.031573
-0.013261
-0.008102
0.074636
-0.018981
0.012532
-0.012437
-0.015475
-0.010562
-0.007717
-0.017732
0.005825
-0.013979
-0.010120
-0.032356
-0.015838
-0.002432
-0.014141
-0.007943
-0.000097
0.036279
-0.041604
-0.003148
-0.013728
-0.022653
-0.013698
-0.003296
-0.009015
-0.015933
-0.015483
0.122007
0.028251
0.007801
-0.013279
-0.008449
-0.034852
-0.025004
-0.021055
-0.022397
-0.017684
-0.009655
0.004301
0.001051
-0.007386
-0.006768
0.012569
0.041852
0.011688
-0.016253
0.070664
-0.009951
-0.031853
-0.010917
-0.026887
0.028240
0.004264
-0.015868
-0.006548
-0.016068
0.034026
0.013181
-0.009559
-0.031631
-0.023471
-0.002931
-0.008846
-0.005869
0.007741
-0.013337
-0.008451
0.000172
-0.006502
0.008351
-0.008260
0.002467
-0.006857
0.006219
-0.019720
-0.013975
-0.019430
-0.020069
-0.017444
-0.004661
0.016214
-0.014352
0.033321
0.042373
-0.013600
0.081480
-0.004309
-0.010083
-0.028327
-0.040444
-0.065637
-0.022114
0.043392
0.006857
-0.008126
-0.023678
-0.006031
0.009105
-0.013156
-0.020745
0.032402
0.150092
-0.003761
-0.008962
-0.008026
-0.011137
-0.002189
-0.002563
-0.006691
-0.023232
0.011710
0.007812
0.009787
0.023086
0.011852
0.031518
-0.002696
-0.005048
0.000073
-0.009152
-0.010009
0.010832
-0.002730
-0.053052
0.046263
0.019561
-0.001176
-0.000937
0.018196
-0.001955
-0.008977
-0.014087
0.009201
-0.023335
-0.006335
0.001373
0.000532
-0.026378
-0.001028
-0.014553
-0.015903
0.032350
-0.002921
-0.012156
-0.008370
-0.003858
0.006537
-0.008716
-0.002682
-0.008324
0.017575
-0.009232
-0.022022
0.034180
0.027517
0.008957
-0.017822
-0.020662
-0.013126
-0.017435
0.026296
-0.035217
-0.003710
0.007776
-0.004875
-0.023109
0.006963
-0.011427
-0.014183
0.138418
-0.007067
-0.004379
0.017529
-0.014390
0.005657
0.013804
-0.011290
0.001114
-0.015295
0.021322
0.039083
-0.018531
0.002954
0.061604
-0.002359
-0.018466
-0.007873
-0.008754
0.035062
0.027710
-0.028137
-0.001577
0.017782
0.014412
0.001514
0.003183
0.003631
-0.001120
0.018252
-0.005355
-0.009915
0.004743
-0.008792
-0.017881
0.016355
0.009604
-0.011255
-0.005641
0.004208
-0.004562
0.039788
-0.003362
0.009003
-0.002508
-0.017480
-0.000996
-0.008361
-0.008555
-0.018102
-0.012215
-0.040843
-0.001047
0.011742
-0.011911
-0.022275
-0.020205
0.001486
0.006693
-0.002783
-0.005334
-0.008357
-0.005776
-0.015791
0.006584
-0.019944
-0.005695
-0.005827
-0.006022
-0.003656
0.358266
0.095872
0.109387
0.017587
-0.005749
0.002681
0.009186
-0.044188
0.006479
-0.023528
-0.007757
0.000000
-0.010029
-0.056489
-0.029956
-0.026276
0.141373
-0.028576
0.020717
0.033975
0.007625
0.094057
0.024017
0.003721
-0.016293
0.002015
-0.008002
0.034917
0.020731
-0.004880
-0.004614
0.048437
0.001512
0.004267
-0.018831
0.012959
-0.007812
-0.044432
-0.003194
-0.004866
-0.011980
-0.002087
-0.009725
0.008358
-0.025090
-0.023965
0.008293
-0.003692
0.005284
-0.001578
-0.010289
-0.004291
-0.017806
-0.011742
-0.003195
-0.007858
-0.008299
-0.002858
-0.015395
0.014472
0.055610
0.204996
-0.016356
-0.005486
0.008516
0.000717
-0.014784
0.004350
-0.009593
-0.023764
0.034139
-0.011244
-0.021864
0.004692
-0.001597
-0.020058
-0.003270
0.017387
0.037913
-0.014093
0.003897
0.049521
-0.002990
-0.010210
-0.006127
-0.016737
-0.021215
-0.006130
0.024217
0.019417
0.003665
-0.018304
0.032036
0.005969
-0.007239
-0.010839
0.016361
-0.025668
-0.003404
-0.014696
0.002799
-0.001317
0.000726
-0.006387
0.001383
-0.028121
-0.012069
-0.006484
0.192056
-0.005909
0.002453
-0.007229
-0.010701
0.012583
-0.017045
-0.009296
0.010463
-0.002207
-0.008322
0.007458
-0.016809
-0.002759
0.005974
0.093920
0.007173
0.005096
-0.029638
-0.009186
-0.013258
-0.003485
0.007990
-0.003532
-0.002886
-0.004353
0.010089
-0.003890
-0.006789
-0.025882
-0.017284
0.000549
-0.006898
-0.002991
0.022744
0.009549
-0.003441
-0.001887
-0.008475
-0.005019
0.049344
-0.001197
0.001513
-0.014799
-0.004190
-0.007330
-0.002813
-0.006225
-0.009528
-0.012049
-0.005429
-0.005855
-0.007591
-0.013608
0.026408
0.008952
-0.013570
-0.010853
-0.018145
0.000243
-0.018160
-0.005598
-0.006850
0.003009
0.004137
-0.015919
-0.009171
-0.000913
-0.019759
-0.003850
0.003465
-0.009807
-0.009468
-0.013317
-0.010565
0.006722
-0.002507
-0.002825
0.028225
0.462035
-0.027723
0.260097
0.000401
-0.004004
0.042469
-0.024833
-0.002543
-0.014561
-0.002139
-0.001627
-0.005131
-0.014856
-0.004848
-0.002896
0.017459
-0.008344
-0.009993
0.005125
-0.039959
0.015669
-0.008068
-0.020840
-0.011844
0.043832
0.003702
0.331636
0.006853
0.018348
-0.017701
-0.012445
-0.003689
-0.013369
0.027302
-0.010386
0.006622
-0.014072
-0.002399
0.008852
0.058815
-0.001787
-0.005862
0.003597
-0.013158
0.003802
-0.004537
-0.000181
-0.007353
-0.006957
-0.000898
0.023918
-0.002843
-0.000944
-0.001755
0.020757
0.041655
-0.003346
-0.002186
-0.005083
0.041333
-0.015097
-0.016514
-0.013063
-0.004900
-0.019446
0.014253
-0.010648
-0.008503
-0.009732
-0.030698
-0.045781
0.015114
-0.011427
-0.036417
-0.001147
-0.001049
-0.010438
0.003445
0.003197
0.000156
-0.011647
0.002141
-0.021746
-0.021265
-0.031085
-0.010439
0.015142
-0.008494
0.005607
0.003288
-0.013713
-0.008885
0.002117
-0.016966
0.007713
-0.002132
0.003278
-0.001208
-0.009651
-0.029400
-0.010536
0.000354
-0.024465
-0.005367
0.016780
-0.009258
0.002069
-0.009065
-0.010416
0.004402
-0.015911
-0.015061
0.002321
-0.014720
-0.004100
-0.002844
-0.015719
0.002249
0.005750
-0.009820
-0.011606
-0.018865
-0.012194
-0.013108
-0.005835
-0.013693
-0.002086
0.002622
-0.021352
0.010946
0.043244
-0.012568
-0.016449
0.018184
-0.043076
0.004082
-0.014579
-0.003682
-0.000053
-0.008358
-0.003822
-0.013639
-0.001824
0.000588
-0.005031
-0.016941
-0.010959
-0.006375
-0.034389
0.001546
-0.008243
-0.006672
-0.015977
-0.013875
-0.009705
-0.010383
-0.001081
0.022592
-0.004975
-0.012603
-0.001855
-0.000760
0.000647
-0.004873
-0.001373
0.011057
-0.001200
-0.009534
-0.001638
-0.002965
-0.002782
-0.002108
-0.013543
-0.010482
-0.001796
-0.001933
-0.006522
-0.007334
-0.001448
-0.009220
-0.004387
0.002350
-0.003979
0.003933
-0.013689
-0.006131
0.131902
-0.025999
-0.000068
0.044420
0.016759
-0.003081
0.005839
-0.010374
-0.010983
-0.018436
-0.006320
-0.001888
-0.005306
-0.013289
-0.013161
0.000603
-0.013803
-0.001819
0.009141
-0.003791
-0.011215
-0.001460
-0.004808
-0.006522
-0.004579
0.008521
0.005868
-0.009792
-0.001437
0.006477
0.000000
-0.004203
-0.003601
-0.014199
-0.009710
-0.013384
-0.005773
-0.000848
-0.013098
0.001670
-0.010253
-0.011228
0.023366
0.000000
-0.001707
-0.008533
-0.009519
-0.005265
0.000000
-0.008376
-0.000741
-0.006141
-0.008515
0.034386
0.001870
-0.034984
-0.001900
-0.044052
0.006656
0.001963
0.013912
-0.006958
-0.005496
-0.003005
0.031995
-0.006105
-0.001455
-0.006954
-0.008549
-0.008607
0.010270
0.025601
0.003453
-0.022726
0.025345
-0.024102
-0.040691
0.005732
0.034253
-0.001268
-0.012785
0.002550
0.000809
0.011015
0.000990
-0.006456
-0.020042
0.149940
-0.013835
0.001269
-0.010903
0.000000
-0.002404
0.015183
-0.004522
0.002988
-0.013928
-0.014291
-0.043826
0.050466
0.002475
0.001101
-0.014137
-0.004285
0.002138
0.011611
0.003134
-0.016665
-0.013876
-0.016608
0.007944
-0.046526
0.007333
-0.003887
-0.011517
0.000663
-0.008384
-0.008441
-0.007585
-0.085158
-0.015251
-0.008036
0.004155
-0.013196
-0.005257
-0.000677
-0.010298
-0.005224
-0.004351
0.005692
-0.003992
-0.022510
-0.002488
-0.013392
-0.003904
0.033506
0.008876
-0.001848
0.112560
-0.026434
-0.017501
-0.011982
-0.018872
0.012881
0.003393
0.000840
-0.014026
-0.005457
-0.009337
-0.014928
0.004902
-0.005206
-0.000091
-0.003745
-0.010972
0.011718
0.020949
0.007950
-0.003130
-0.003909
-0.000120
0.010321
-0.014476
-0.002572
-0.011622
0.019519
-0.004320
0.009331
-0.010467
-0.015472
-0.010853
0.002849
-0.010904
-0.025191
0.006314
-0.006660
-0.018188
-0.015946
0.006777
-0.002144
-0.018053
0.010901
0.003616
-0.000293
-0.008559
-0.020373
-0.024591
-0.000523
0.003322
-0.000333
0.010395
-0.002125
-0.015860
0.022216
-0.001311
-0.024696
0.000506
0.046614
-0.013425
-0.006958
-0.004331
-0.006228
-0.001135
0.005584
0.000972
-0.004273
0.030532
-0.001391
0.015625
-0.022899
-0.014784
-0.014908
-0.000485
0.116701
0.094139
-0.003422
-0.009016
-0.013085
0.052325
-0.025030
0.002544
-0.000561
0.074056
-0.008113
-0.007354
-0.012520
0.084573
-0.009453
-0.006521
-0.011112
-0.010425
0.015820
-0.008418
0.005242
-0.025197
-0.006060
0.019301
0.004171
-0.016388
-0.008961
0.034998
-0.005947
-0.019128
0.006545
-0.018950
-0.019578
-0.007789
-0.019883
-0.014941
-0.004910
0.003473
0.008086
0.001783
-0.019039
-0.017721
0.010183
-0.003852
0.004437
0.010004
-0.013926
-0.002632
0.039442
-0.025216
0.035033
-0.031636
0.008041
-0.002697
-0.001316
-0.014214
-0.011003
-0.019821
-0.000101
0.028374
-0.013332
0.065013
0.000266
0.022960
0.005741
0.016284
0.006421
0.020744
0.002368
0.013819
-0.004008
-0.020438
-0.001073
0.000192
-0.004379
0.000010
-0.011771
-0.002064
0.009239
-0.011768
-0.016827
-0.007266
-0.011850
0.002788
0.004982
-0.003789
0.016135
-0.013794
0.005183
-0.005956
0.008979
-0.012123
-0.014578
-0.010650
0.003011
-0.004879
0.009490
0.004468
0.002059
0.019462
0.030856
0.003734
-0.005022
-0.027830
0.075757
-0.019763
-0.241738
-0.000879
0.012531
0.000000
-0.009988
-0.013810
0.053539
0.080591
0.095631
-0.016192
-0.013436
-0.006157
-0.002034
0.004534
-0.004839
0.000000
0.000000
0.000000
-0.005650
-0.001206
-0.001054
0.052622
-0.010425
0.002257
0.002493
0.007925
0.067989
-0.020558
0.006863
0.084595
0.019129
-0.013339
-0.014940
0.002706
-0.003759
0.000476
-0.011216
0.015117
0.005093
-0.006592
0.011486
-0.003190
-0.000527
-0.002559
-0.010034
0.000000
-0.012720
-0.010184
0.005110
0.063337
0.005665
-0.011048
-0.019481
-0.003041
-0.007540
0.004586
0.012884
0.005913
0.000000
0.014219
0.005280
-0.023869
0.002461
-0.013757
-0.022931
0.003145
0.005151
0.028225
0.009474
-0.013388
0.003102
-0.005905
-0.013699
0.075805
-0.021986
-0.019072
-0.026030
-0.010002
-0.007964
-0.017882
-0.006490
-0.001546
-0.018312
0.012318
-0.014772
-0.011754
-0.000300
0.006999
-0.030214
-0.013320
0.001611
-0.004290
-0.000250
0.013701
-0.047532
-0.004431
0.040929
0.000000
0.011352
0.000000
-0.037427
-0.005044
0.032156
-0.005003
-0.021047
0.001263
-0.011230
0.001353
0.000332
0.012902
0.001271
-0.001221
0.016381
-0.013117
-0.001260
0.000000
0.005720
-0.018795
-0.002735
-0.009144
-0.062483
0.006037
-0.007837
-0.011212
0.004005
0.000000
-0.040282
-0.029067
0.047244
0.001837
-0.004599
-0.001980
0.017011
-0.005845
-0.028564
-0.005624
-0.009773
0.054149
-0.005922
0.009245
-0.011573
-0.029519
-0.012788
0.006566
-0.042485
0.354816
-0.004207
0.000000
-0.008351
0.014600
0.000795
-0.007470
0.003013
0.010288
0.003539
-0.003422
-0.011070
-0.010130
0.037483
-0.010407
-0.003203
0.028730
-0.014387
-0.004633
-0.011325
-0.021842
0.114152
-0.007944
0.000402
-0.002967
0.000000
0.000000
0.000000
0.000000
-0.003219
0.009344
0.025143
-0.006494
-0.001210
-0.003466
-0.037716
-0.010005
0.028592
-0.021615
-0.018704
-0.018164
-0.002850
-0.004900
-0.004871
-0.002070
-0.010554
0.025689
-0.011359
-0.008689
-0.003824
-0.001105
-0.008472
0.002699
-0.004595
-0.001418
0.002185
-0.006891
-0.004319
-0.006318
0.011845
-0.025969
0.000943
0.000476
-0.022166
0.018313
-0.012687
0.010115
-0.015033
-0.008782
-0.018566
0.348330
-0.005925
-0.002632
-0.000196
0.001037
-0.005489
-0.000328
-0.007589
0.003407
0.000951
-0.003878
-0.000417
0.003593
-0.007436
0.021037
-0.004757
-0.004237
0.002389
-0.003096
-0.016388
0.000753
0.009734
0.010059
-0.001463
0.002610
-0.004227
-0.003125
-0.008165
-0.012807
0.001685
-0.002052
0.009707
-0.011758
-0.004125
-0.003541
-0.002971
0.021147
-0.001123
-0.005616
-0.005185
-0.002796
-0.012610
-0.009309
-0.009328
0.012122
0.002089
-0.003528
0.008808
-0.008442
-0.003099
-0.019714
-0.008124
-0.015255
-0.010366
-0.001335
0.011572
-0.006647
-0.000278
-0.014632
-0.005815
-0.004719
0.001285
0.001587
0.004956
