0.005546
0.000000
0.000000
0.006665
-0.002398
-0.013486
0.001263
0.000000
0.000000
0.000000
0.000000
0.000000
0.000000
0.000000
0.002500
-0.008670
0.012994
0.000000
0.000000
0.004227
0.000000
0.000000
0.000000
0.000000
0.000000
0.000000
0.000000
0.000000
-0.012297
0.011539
-0.008280
0.006560
0.008422
0.000000
0.023748
0.000000
0.000000
0.000000
0.000000
0.000000
0.000000
0.000000
0.000000
0.000000
0.000000
0.000000
0.000000
0.000000
0.000000
0.000000
0.000000
0.000000
0.000000
0.000000
0.000000
0.000000
0.000000
0.000000
0.000000
0.000000
0.000000
0.000000
0.000000
0.000000
0.000000
0.000000
0.000000
0.000000
0.000000
0.000000
-0.000202
0.000000
0.000000
0.000000
-0.003991
0.003858
0.000000
0.000000
0.000000
0.000000
0.000000
0.000000
0.000000
0.000000
0.000000
0.000000
0.000000
0.000000
0.000000
0.000000
0.000000
0.000000
0.000000
0.000000
0.000000
0.000000
0.000000
0.000000
0.000000
0.000000
0.000000
0.000000
0.000000
0.000000
0.000000
0.000000
0.000000
0.000000
0.000000
0.000000
0.000000
0.000000
0.000000
0.000000
0.000000
0.000000
0.000000
0.000000
0.000000
0.000000
0.000000
0.000000
0.000000
0.000000
0.000000
0.000000
0.000000
0.003862
0.003397
-0.001645
0.003207
-0.005640
-0.000042
0.000000
0.000000
0.000000
0.000000
0.000000
0.000000
0.000000
0.000000
0.000000
0.000000
0.000000
0.000000
0.000000
0.000000
0.001686
-0.015005
-0.007746
-0.003951
-0.002914
0.000000
-0.000191
-0.003905
-0.007597
-0.004416
-0.007891
-0.009911
-0.007419
-0.018878
0.000000
0.000000
-0.016222
0.021013
0.098110
-0.007192
-0.000257
-0.006797
-0.009148
-0.008154
-0.007655
-0.007642
-0.002938
-0.001860
0.001032
0.006663
0.009948
0.009713
0.009308
0.006061
-0.032500
0.099339
0.000000
0.009009
0.056221
0.000000
-0.008132
0.014068
-0.018966
-0.000703
-0.004538
-0.002103
-0.014480
0.000000
0.000000
0.000000
0.000000
0.000000
0.000000
0.002990
-0.002284
0.000000
0.000000
0.000000
0.000000
0.000000
0.000000
0.000000
0.000000
0.000000
0.000000
0.015613
0.001873
-0.003669
-0.003946
0.000000
0.000000
0.007418
0.000000
0.000000
0.000000
0.000000
0.000000
-0.000738
-0.005277
0.000000
0.000000
0.000000
0.059332
-0.016777
0.057312
0.014108
-0.002838
0.006437
0.075257
0.001934
0.005666
-0.001448
-0.011670
0.010604
0.000000
0.005186
-0.000588
0.000000
0.000000
0.005114
0.009420
0.000000
0.017531
0.000104
0.006939
0.002666
0.000000
0.004082
0.058994
-0.016511
-0.020661
-0.006853
-0.005674
0.003119
0.000000
0.000000
0.000000
0.000000
0.000000
0.000000
0.000000
0.000000
0.056537
0.000000
0.019988
-0.019361
-0.001124
-0.001473
0.000000
-0.009912
-0.002193
-0.002860
-0.003917
0.000000
0.000000
0.000000
0.000000
0.000000
-0.007372
0.020565
-0.003347
-0.010499
0.000000
0.007925
0.000000
0.000000
-0.011541
-0.003855
0.000000
-0.001014
0.012358
0.019298
0.006353
0.000057
0.004567
0.000000
0.000000
0.000000
0.000000
-0.003607
0.050486
0.007004
0.000000
0.000000
-0.017716
0.008334
-0.006221
-0.017409
0.040074
-0.017649
0.027125
-0.009340
-0.001612
0.007092
-0.011359
-0.013913
-0.003063
-0.010151
0.000000
0.000000
0.041406
-0.007835
0.007069
0.000094
-0.015180
-0.002157
-0.038477
0.002665
0.028897
0.008495
0.000000
0.067656
-0.006196
0.004158
0.002960
-0.009188
-0.016255
-0.006953
-0.006951
0.002892
-0.016487
-0.010370
0.000000
0.013720
0.033093
0.030340
0.077628
0.015776
0.031250
0.000797
0.022454
0.004125
-0.003495
0.000000
0.005039
-0.002239
0.247446
0.123056
0.001754
-0.015827
-0.010432
-0.018800
-0.013690
0.010846
0.000000
-0.002623
0.000000
-0.014364
-0.000782
0.000000
0.000000
-0.014607
0.000000
0.000000
0.000752
-0.002347
0.009795
0.000000
0.003359
0.000000
0.042254
0.020223
-0.018497
0.003184
0.003810
0.021839
0.365184
0.041222
-0.001652
-0.018041
-0.007577
-0.002262
0.000000
-0.004444
-0.013094
0.003362
-0.006197
0.004137
0.000000
0.025814
-0.010745
0.004494
0.054504
0.015543
-0.023479
0.037842
0.000000
-0.023035
-0.010349
-0.030902
0.000000
-0.004430
-0.015317
-0.000855
0.000000
0.000000
-0.009944
0.000000
-0.008743
0.047682
-0.008428
0.002094
-0.002747
0.000000
-0.006940
-0.006817
-0.008320
-0.011844
-0.026842
0.009032
0.007685
-0.008534
-0.001498
0.000000
0.100506
0.013809
-0.005146
-0.014670
0.040406
-0.013075
-0.009481
0.001757
-0.008000
0.000000
-0.009104
-0.020068
0.004526
-0.017550
-0.007060
0.000000
-0.016581
-0.095658
0.000000
0.000000
-0.055943
-0.007424
-0.011356
-0.013362
0.153593
0.000716
-0.002663
-0.014096
-0.015298
0.000000
-0.006239
0.012635
0.021802
-0.006941
0.008660
-0.017016
-0.017235
-0.011644
-0.010337
0.006922
0.000000
-0.001483
-0.010924
-0.017099
-0.006102
0.000000
0.000000
0.000000
0.026129
-0.002439
0.000000
0.381706
0.005892
0.017968
0.000000
-0.001349
-0.008039
-0.011905
-0.020593
-0.032629
-0.019370
-0.004922
0.002735
-0.000495
-0.003696
-0.020276
0.025442
0.000139
0.000385
0.070278
0.003598
-0.008412
0.000077
-0.006420
-0.002536
0.000000
-0.012550
-0.011566
-0.002886
-0.007723
-0.013392
-0.016844
-0.006910
-0.018079
0.004622
-0.010231
0.010787
0.000000
0.000000
0.022045
-0.001346
-0.008217
-0.013991
-0.005168
-0.003139
-0.016136
0.023158
-0.014373
0.002225
-0.002635
-0.007553
-0.011540
0.009207
-0.015886
0.002141
-0.004794
0.008151
0.011332
-0.001859
0.000000
0.008682
0.000000
0.000000
0.000000
0.017979
-0.020180
0.002565
-0.117530
0.000000
0.000000
0.000000
0.017337
-0.007692
-0.000173
0.019076
-0.023673
-0.014847
-0.015275
-0.006395
-0.020481
0.015234
0.018839
-0.000678
-0.010088
-0.008902
0.000000
0.000000
0.034388
0.001410
-0.001584
-0.001511
0.000000
0.000000
0.000000
0.000000
0.000000
0.000000
0.012511
0.008631
-0.006613
-0.008093
0.000000
-0.005939
-0.004197
-0.001439
0.077042
-0.016866
-0.013027
-0.008281
0.000000
-0.005470
0.031020
0.000588
0.025123
0.001063
0.010648
-0.020465
-0.001218
0.000000
-0.016792
0.000000
-0.011966
-0.029289
0.030754
-0.012894
-0.012490
-0.004152
0.101332
0.052552
-0.007795
-0.008468
-0.010909
-0.013134
0.000000
-0.010280
-0.044231
-0.004385
-0.002850
-0.013194
-0.101312
0.022180
-0.006578
-0.009275
0.005390
-0.010085
-0.000736
-0.038866
-0.004085
0.023635
0.024919
-0.004619
-0.001668
-0.002784
-0.017496
0.000000
-0.012047
-0.023609
0.000000
0.000000
0.000000
0.000000
0.000000
0.000000
0.000000
-0.019498
0.010518
0.021252
-0.000946
-0.015174
-0.001235
-0.002980
0.052580
0.000000
0.000000
0.000000
0.000000
-0.010108
0.000000
0.000000
0.000000
-0.007677
-0.003975
-0.016500
0.000000
-0.015984
0.000000
0.000000
0.000000
0.000000
-0.027684
-0.012851
0.046426
0.047158
-0.001037
0.004463
-0.010717
0.000000
0.008800
0.009659
-0.012818
-0.003864
-0.015354
-0.005475
0.000000
0.000000
0.000000
0.000000
0.000000
0.000000
-0.002441
0.000000
0.000000
0.000000
-0.009866
0.019143
-0.030333
0.000000
0.000000
0.000000
0.000000
0.000609
0.000000
0.000000
0.000000
0.000000
0.000000
0.000000
0.000000
0.000000
0.000000
0.000000
0.000000
0.000000
0.000000
0.000000
0.000000
0.000000
0.000000
0.000000
0.000000
0.000000
0.000000
0.000000
0.000000
-0.003093
0.000000
0.003261
0.000000
0.000000
0.000000
0.004292
-0.006500
0.000000
0.000000
0.000000
0.005136
-0.007229
-0.001647
-0.009544
-0.006543
0.005227
0.000000
-0.000101
0.000000
0.000000
0.000000
0.000000
-0.004507
0.000000
-0.025199
-0.008093
-0.008810
-0.011209
-0.007912
-0.008769
0.000000
0.000000
0.000000
0.000000
0.000000
0.000000
-0.012622
0.000000
0.000000
0.000000
-0.016952
-0.002923
0.011570
0.015916
-0.017566
-0.003620
0.030294
0.003985
0.073187
-0.004022
0.000000
0.000000
0.017200
0.005994
-0.003939
0.044058
0.073030
0.009687
-0.022460
-0.005098
-0.003531
-0.007253
-0.021999
-0.011844
-0.008614
0.005886
-0.001428
0.069770
-0.008530
0.016165
-0.015898
-0.010367
0.013224
-0.005015
-0.013625
0.000000
0.056827
0.002976
0.000000
0.000000
0.000000
0.007719
-0.010351
-0.009455
0.000000
0.000000
-0.007431
-0.004256
-0.010461
0.001410
-0.010451
0.000000
-0.000231
0.000000
0.006261
0.000000
-0.026483
-0.009879
0.009777
-0.002784
-0.001892
-0.023105
0.000000
-0.009045
-0.012466
0.004194
-0.006569
0.003977
0.000000
0.000000
0.000000
0.024269
0.000000
0.000000
0.000000
0.030157
0.035248
0.015050
0.000000
0.013179
-0.011455
-0.000836
-0.012003
-0.002221
-0.006163
0.016376
-0.010195
0.004954
-0.037375
-0.174729
-0.034885
-0.011279
0.014245
0.012028
-0.015392
0.015110
0.079135
0.000000
-0.019048
0.011630
-0.009279
0.000528
0.000000
0.000000
0.000000
0.000000
0.000188
0.013354
0.003291
-0.013094
-0.018865
0.000000
-0.012274
-0.010750
0.011562
-0.009141
-0.016263
0.021317
0.044315
-0.019347
0.020369
-0.014533
-0.015623
-0.001614
0.000000
0.000000
0.000000
-0.141113
-0.007762
-0.007007
0.000000
0.004016
-0.005604
-0.312485
0.000000
0.000000
-0.013344
-0.007751
-0.001505
-0.011307
-0.004605
0.000000
0.000000
-0.015538
-0.003052
0.010489
0.000000
0.000000
0.000000
0.000000
0.000000
-0.010205
-0.007371
-0.012796
0.000000
-0.016341
0.034935
0.033174
0.033709
-0.016447
-0.007004
-0.008943
0.012681
0.032560
0.000000
-0.015559
-0.001034
-0.000495
0.000000
0.003898
-0.004286
-0.012367
-0.015773
-0.013602
-0.006248
0.004935
-0.000411
-0.010335
0.000000
-0.010576
-0.003250
0.000000
-0.013987
-0.005739
-0.013056
0.178363
-0.010261
-0.004682
-0.004257
0.028012
0.000000
0.000000
0.000000
0.000000
0.000000
0.000000
0.000000
0.000000
0.000000
0.000000
0.000000
0.005829
-0.020989
0.000000
0.000000
0.001569
0.000807
0.013647
-0.005488
0.000000
0.000000
0.000000
0.000000
-0.005698
-0.001815
0.000000
-0.006096
-0.007616
-0.005971
-0.026727
0.004282
0.000000
0.000000
0.000000
0.000000
-0.010632
0.021747
0.004295
-0.027697
-0.010106
-0.001971
-0.006459
-0.011682
0.000000
0.000000
0.000000
0.000154
0.008987
0.000000
-0.022415
0.003801
0.000000
0.001137
-0.015994
-0.006568
-0.013442
0.023989
-0.014390
-0.005092
0.024818
-0.001124
0.018301
-0.004141
-0.006413
0.000000
-0.017508
-0.004283
-0.007533
-0.017425
0.001804
0.000000
-0.006152
-0.003283
-0.016592
-0.015794
-0.013423
0.005295
-0.005939
-0.005228
0.002083
-0.010120
-0.009425
0.000000
0.009930
-0.010211
-0.002129
-0.011541
-0.019975
-0.009007
-0.011443
-0.013902
0.014798
0.000000
0.005822
-0.012004
-0.000625
-0.004307
0.005021
0.026875
-0.014126
-0.010812
0.020199
-0.002225
-0.000549
0.139359
-0.011582
-0.015641
0.009653
-0.000643
-0.011940
-0.012939
0.017091
0.005853
0.003426
0.000000
-0.012678
0.010637
-0.007394
0.003190
0.083496
0.035003
-0.027172
-0.000797
0.000000
0.014599
-0.002871
0.045399
0.000121
0.031158
-0.010075
-0.008569
0.021518
0.063771
-0.006605
-0.015725
-0.002387
-0.009806
0.065115
0.104624
-0.006660
-0.014512
0.010665
0.099835
0.026411
0.000000
-0.010062
0.001426
-0.011706
-0.008400
-0.001136
-0.002443
0.000000
0.001190
0.006347
0.038126
-0.017747
-0.003749
-0.001146
-0.002710
-0.011267
0.008760
-0.002468
-0.027021
-0.013946
-0.015816
-0.020526
-0.014768
-0.002764
0.013497
0.000000
0.000000
0.000000
0.000000
0.000000
0.000000
0.000000
-0.000606
0.010447
-0.010853
0.005158
-0.001053
0.007002
-0.007903
-0.009787
0.021975
0.239302
0.012879
-0.003561
0.000000
-0.003124
0.000000
0.002550
0.059712
0.000581
0.000000
-0.009291
-0.015969
-0.003523
-0.009851
0.004016
-0.002978
0.046508
-0.024867
-0.001306
-0.004507
-0.012396
0.002228
-0.013904
-0.006841
0.057400
0.013615
-0.014621
0.000000
0.000000
-0.018342
-0.011180
0.002109
0.000210
-0.006497
0.078145
0.002733
-0.011327
-0.016569
-0.010440
-0.016254
-0.005964
-0.001400
0.013014
0.018792
-0.018794
-0.005076
-0.018035
-0.013839
0.001543
0.047169
-0.006196
0.006538
0.065226
-0.003391
-0.004132
-0.010839
0.107689
0.000000
-0.013243
0.007399
-0.023656
0.024977
-0.001470
-0.002639
-0.005746
0.000000
-0.015740
0.000000
0.000000
0.000000
0.000000
0.000000
0.000000
0.000000
-0.005650
-0.010916
-0.000984
-0.012447
-0.001388
-0.007256
0.000000
0.000000
-0.000258
-0.000128
0.000000
-0.004482
-0.001415
0.000000
-0.016564
-0.012433
0.141729
-0.011616
-0.000840
0.001009
0.000000
-0.006632
0.020708
0.000000
0.000000
0.000000
0.000000
0.000000
0.000000
0.000000
0.000000
0.000000
0.000000
0.000000
0.000000
0.000000
-0.012183
-0.010588
-0.001193
-0.019293
-0.008585
-0.024877
-0.001718
-0.011840
-0.008130
-0.014827
-0.031847
0.016186
0.038195
0.007204
0.003393
-0.003551
0.002265
-0.009739
0.026468
0.000000
0.008055
0.000000
-0.008913
0.009814
0.000000
0.000000
0.000000
0.001380
0.000000
0.000000
0.000000
0.000000
0.001485
0.000000
0.127507
0.008320
-0.019231
0.000000
0.000000
-0.009797
-0.000211
-0.019005
-0.022230
0.000000
-0.003972
-0.011804
-0.008076
-0.010795
-0.013205
-0.008493
-0.004170
-0.012461
-0.017591
0.000000
-0.002560
-0.011014
0.000000
-0.012680
0.008100
0.000000
0.000000
0.000000
-0.013574
0.039328
-0.003093
0.000000
0.009653
-0.008090
0.000000
0.002981
-0.004237
-0.007357
-0.006794
-0.011762
0.000000
0.000000
-0.012110
-0.025348
-0.008908
-0.006877
-0.028389
0.000000
-0.012657
-0.015964
-0.007111
0.000000
0.000000
0.000000
-0.004715
0.003276
-0.004056
-0.002818
-0.022439
0.012911
0.000000
-0.002299
0.507649
0.000000
-0.001416
0.000000
0.063180
0.004683
-0.009044
0.000000
0.000000
0.000000
-0.001522
0.023251
0.006052
-0.002346
0.002362
0.073848
0.061118
-0.005206
0.000000
-0.001327
-0.017828
-0.011824
0.024418
0.000000
0.000000
-0.011253
0.001372
0.000000
0.019816
-0.005931
-0.002614
0.007583
0.000000
-0.024084
0.000000
-0.001285
0.004224
-0.016235
-0.006499
0.000000
0.000000
0.000000
0.000000
0.000000
0.000000
0.000000
0.026807
0.020258
-0.015204
-0.002921
0.000000
0.000000
0.000000
-0.015119
0.000298
0.000000
0.000000
0.000000
0.000000
0.000000
0.000000
0.000000
0.000000
0.000000
0.000000
0.000000
-0.006350
0.001913
-0.009610
0.000000
0.000000
0.000000
-0.017564
-0.014064
-0.006008
0.000000
0.000000
-0.001291
-0.008558
0.017221
0.000000
0.000000
0.004528
-0.015044
0.009363
0.002298
0.011563
0.045029
0.043751
0.016926
-0.014756
0.000000
0.000000
0.000000
0.000000
-0.010814
-0.009847
-0.007608
-0.060029
-0.011512
-0.005698
0.008907
0.027655
0.005732
0.008679
0.002388
0.024560
0.004169
0.017752
-0.002576
0.042059
0.052134
0.082881
0.025558
-0.007787
-0.001251
-0.000350
0.011910
-0.001486
-0.013374
-0.009644
0.011930
0.013761
-0.008093
0.027375
0.043195
0.015991
