0.022849
0.022959
-0.079352
-0.058315
0.345517
0.112981
0.874545
-0.152595
0.150259
0.263269
-0.040579
0.213602
-0.102879
0.016494
0.573277
-0.060684
0.191987
-0.246288
0.028121
-0.154027
0.171819
0.375420
0.078552
0.018661
-0.086713
0.228746
0.013235
-0.212804
1.252693
-0.007394
0.080287
-0.033556
0.178818
0.527456
0.217051
0.664514
-0.073203
-0.064213
-0.173757
-0.166203
0.145204
-1.259724
-1.354750
0.427098
0.233509
0.300818
0.234409
-1.265927
0.841440
-0.681422
0.277501
0.010235
0.429804
-1.634186
-0.584650
1.098593
-0.096599
0.000000
0.000000
0.000000
0.291279
0.859014
0.118454
-0.021007
-0.005852
-0.325641
-0.225099
-0.361300
0.039871
0.168790
0.464485
0.170867
0.341613
0.306004
-0.056034
0.000000
0.101520
0.384930
0.017875
0.262228
-0.473706
-0.971830
0.021432
0.613509
0.000000
-0.639774
-0.028401
1.502149
-0.956659
-0.576884
-0.444601
0.396602
-1.000082
0.431158
-0.491633
0.139441
0.000000
0.846107
0.000000
0.000000
0.250046
0.000000
0.247399
0.000000
0.195017
0.000000
0.242116
0.160555
0.278111
0.106385
0.341968
0.239138
-0.163324
-0.294265
0.002547
0.000000
0.188825
0.257455
0.575348
0.394715
0.465372
0.850997
0.209442
0.489286
0.575651
-0.443191
0.141767
0.000000
-0.012917
-0.721068
-0.694799
-0.449983
-0.208487
-0.292279
0.155561
-1.487251
-0.112825
0.232651
0.667260
0.000000
-1.238125
-0.256271
-0.002791
0.000000
0.000000
0.000000
0.000000
0.000000
-1.915010
-0.034537
0.000000
-0.193348
0.000000
0.000000
1.076602
0.259055
0.183332
1.460151
0.302348
-0.275115
0.022965
-0.048065
-0.356818
-0.290441
0.772384
0.729652
0.251619
-0.041260
0.169293
-0.040433
0.248796
0.101765
0.000000
0.000000
0.000000
0.097650
-0.085199
0.733330
0.173928
0.333446
0.307170
-1.909392
0.000000
0.000000
0.000000
0.000000
0.000000
0.000000
0.000000
0.000000
0.000000
0.000000
0.007863
-0.740237
-0.048440
0.138297
0.142278
-0.506582
2.206935
1.758121
0.264260
0.355800
-0.065864
-1.199808
0.135396
1.331203
0.364375
0.051568
0.454741
0.169570
1.471504
-0.691046
-0.281585
-0.331018
0.063826
0.232033
0.279161
-0.688640
-0.345903
-0.242778
0.095721
-0.296257
-0.263615
-0.088057
-0.495139
-0.402177
-0.146611
-3.579025
-0.099828
0.300536
0.000000
-0.063772
-0.011585
-0.093492
1.285413
0.552657
-0.984299
0.551656
0.018865
-1.216839
0.000000
0.000000
0.000000
-0.071255
0.394024
0.000000
-1.024509
0.353658
0.000000
-0.222319
0.105404
3.498393
-0.201801
-0.146690
-0.613831
0.060907
-0.656783
0.064801
0.000000
-1.259336
0.136368
0.512597
0.000000
0.035112
0.000000
0.350622
0.000000
-0.550949
-0.575568
0.000000
-0.732997
1.014911
-0.113845
-0.202888
-0.154464
0.000000
-0.167937
0.172018
0.295415
1.058358
0.075607
0.000000
-0.354360
0.690785
-0.238137
-0.354288
0.052698
0.177124
-0.626167
-0.083782
0.301079
0.115085
1.845986
0.000000
0.000000
-0.607731
0.082030
-0.024118
0.000000
-0.181543
0.488023
-0.210726
0.357111
-0.480832
-0.294005
0.000000
0.152749
0.194672
-0.026520
-0.260459
0.122537
0.439163
-0.654270
-1.374806
0.328656
0.074314
-4.011660
-0.451952
0.016031
0.000000
-0.098478
0.592787
0.000000
0.278555
1.506924
-0.318859
1.115219
-0.109196
-0.203540
-0.338977
0.496995
-0.005695
0.225138
-0.381046
0.000000
-0.241076
0.253778
1.359603
-0.098276
0.098604
-0.221163
-0.245578
0.055399
-0.118515
-0.121050
-0.148612
-0.118637
0.000000
0.318425
0.243834
0.000000
0.386455
-0.833450
0.082478
0.000000
1.276289
-1.689253
0.047545
-0.115475
0.159390
0.000000
-0.103517
-0.865369
2.128571
0.212410
0.262857
-0.812367
0.372777
-0.268272
0.219921
0.342974
0.174443
-0.103400
0.058260
0.085892
0.277664
-0.121141
-0.089629
-0.421751
0.028349
-1.544187
0.000000
0.000000
0.000000
-0.372216
0.000000
-0.078086
0.000000
-0.400054
-0.595446
0.463150
-0.994608
0.000000
0.095087
-0.316036
0.270289
-0.432276
-1.090647
0.130651
0.000000
0.713978
0.000000
0.762830
0.000000
-0.052543
-0.732541
-0.372788
0.039056
0.174254
-0.550912
-0.017786
-0.152913
-0.932449
0.084468
0.000000
0.276643
-0.055509
-0.060780
-0.411993
0.244436
-0.141146
0.470577
-1.824666
0.105489
0.372591
0.008785
-0.379387
0.376155
-0.022730
0.997794
-0.426172
0.000000
0.209605
-0.261823
0.159515
-2.757790
-0.675432
-0.429715
-0.006566
-0.067311
-0.297403
0.000000
0.074586
0.000000
-0.105785
0.000000
0.786417
0.000000
-0.727084
-0.169823
0.110746
0.122720
-0.221686
0.178630
0.659824
0.167818
0.209026
0.000000
-0.067375
-0.142736
0.607037
-0.046504
-0.223153
0.124381
-0.129651
0.113924
0.196912
-1.223248
0.396065
-0.487453
-0.273516
0.179612
0.115038
-0.653749
0.786899
-0.078156
0.567080
0.054279
0.096100
0.332678
-0.344174
-0.501890
-0.330857
0.013278
-0.176541
0.085044
-0.869176
1.093160
0.351470
-0.528218
-0.084588
0.000000
0.710192
-0.203164
0.087756
-0.364525
0.376462
0.446755
-0.470680
-0.008311
-0.439325
-0.237366
0.092692
0.693262
0.227658
-1.231822
-1.667164
-1.183037
0.851429
-0.252232
0.000000
0.271719
0.263593
-0.602898
-0.649017
0.206958
-0.525350
-0.941213
1.121692
-0.089734
0.183460
0.146508
0.721331
-0.675903
0.254877
-0.021727
-0.093957
-0.966314
0.000000
0.000000
0.238434
0.133033
0.852870
-1.197536
1.480731
-0.447884
0.027090
0.490671
-0.060733
0.183488
-0.432782
0.153675
-0.121299
-0.224784
-0.886915
0.081109
-0.254334
0.000000
0.319406
0.011055
-0.454919
-1.535085
-0.284079
-0.338811
-0.254725
0.131853
0.560806
0.258357
0.249771
-0.220289
0.001027
0.725719
-0.514910
-0.455261
0.220385
0.059105
0.602269
0.000000
-0.186580
-0.740439
0.000000
0.544034
0.000000
0.068482
0.447907
-0.244703
-0.672562
-0.030724
2.010907
0.000000
0.101375
0.244969
0.000000
-0.203481
-0.225987
-0.721537
0.341090
-0.292910
0.000000
0.039237
1.162585
0.575966
0.042857
-0.197163
0.155304
0.387567
-0.398115
0.000000
0.000000
2.818736
0.573247
0.606503
-1.889407
-0.198948
-0.301755
1.290087
0.321073
0.680084
0.918106
0.004817
-0.287247
0.166867
0.000000
-0.700778
-0.593134
0.197118
0.000000
0.000000
0.000000
-0.231396
0.451645
-1.105588
0.302386
0.551906
-0.316281
0.022543
0.594774
-0.074232
1.177769
-0.157542
-0.112928
-0.542467
0.000000
0.058313
-3.472184
0.362120
-0.004442
-0.194140
-0.336456
-0.370211
-0.022252
0.026264
-0.021075
0.000000
-0.349538
-0.193936
-0.047317
-0.043714
0.323823
-0.018565
0.387345
0.235861
-0.136874
0.241332
0.287387
0.388456
1.195512
1.050829
-0.216310
0.029973
0.000000
0.000000
0.377402
0.359654
-0.400267
1.124197
-0.176230
-0.192052
0.000000
-0.226012
0.260136
0.066804
-0.140277
-0.948221
0.273012
-0.093645
0.004437
0.000000
-0.188452
-0.427193
-1.273755
1.593717
-0.016500
0.648020
0.292983
0.150285
0.057233
-0.094249
0.021205
0.101588
0.337279
-0.124777
0.435374
0.106488
0.156514
-1.299486
0.095630
0.000000
0.000000
-0.038955
0.000000
-0.218170
0.000000
0.427983
-0.029360
1.224716
0.000000
1.157694
0.000000
0.000000
-0.334843
0.000000
0.000000
-0.557546
0.027145
0.608022
0.627624
0.659337
0.074635
0.230311
0.307453
0.000000
-0.063104
-0.219833
0.000000
1.178682
0.000000
-0.042730
0.723291
-0.016806
-0.095289
0.000000
0.000000
-1.060548
0.135904
0.000000
0.000000
0.146739
0.182555
-0.148356
0.398752
0.000000
0.000000
-0.737937
-0.208215
0.214718
0.000000
0.007532
-0.519511
-0.524068
0.320056
0.026992
-0.045475
-0.158993
-0.706404
-0.438412
-0.057706
-0.081069
0.000000
0.275804
-0.508472
-2.919057
0.000000
2.002193
0.000000
0.486689
-0.540626
0.488916
-1.629960
0.000000
-0.015604
-0.802096
0.031290
0.000000
0.705681
0.000000
0.166866
-0.384247
0.502243
0.594320
0.451780
-1.116572
0.011253
-0.181847
0.100521
-0.143206
0.281595
0.160815
-0.212229
-1.062186
0.000000
-1.223782
-2.300157
-0.085995
-0.352465
-0.138802
0.430799
-1.740115
-0.409512
0.000000
-0.245353
0.152407
0.260424
-0.667456
0.000000
0.000000
0.000000
0.000000
-0.152018
-0.720852
0.135560
-0.267013
-0.027238
0.566549
-0.099087
-0.140206
0.075706
0.194514
0.508811
-0.229695
0.530049
0.000000
-2.027776
0.243647
0.234885
0.000000
0.350010
-0.569758
-1.425382
0.032676
-0.317511
-3.870133
0.000000
0.000000
0.119977
0.000000
0.000000
0.085545
-0.513063
-1.556428
-0.441144
0.896693
-0.331323
-1.881214
-0.693601
0.000000
0.676484
-0.286027
-0.500857
-1.097676
0.000000
0.000000
-0.334806
0.000000
0.549676
-0.434323
-0.062049
0.000000
0.000000
-0.321473
0.000000
-0.309301
0.000000
0.499020
-0.165345
-0.645591
0.383844
0.175326
-1.406413
0.000000
-0.752090
-0.139267
0.000000
0.237445
-2.018433
0.278030
0.106926
-1.468534
0.112390
0.578416
0.012914
0.000000
-2.043737
0.000000
1.162621
-0.820987
0.000000
0.136982
0.140844
-1.487397
-0.122717
0.000000
0.000000
0.413974
2.295757
0.000000
0.053523
-0.150517
0.019731
0.185980
-0.223149
0.000000
-0.947618
0.000000
0.000000
-1.345793
-0.679248
-0.581699
-0.347985
-0.394475
0.074376
-0.107770
-0.660414
0.252536
0.330615
0.758050
0.931718
0.782194
-1.550757
-0.230881
-0.169303
0.257117
0.165419
-0.409136
0.091394
0.000000
0.871596
-0.162588
0.679709
0.360933
-1.215118
0.235544
0.552756
-1.071588
-0.304048
-1.047663
0.000000
0.481066
0.000000
0.000000
-0.392075
0.041469
1.056902
-0.145201
0.383889
0.124313
0.571428
0.149966
-3.205989
0.124205
0.000000
0.583817
-0.072297
0.230193
-0.191181
-0.325001
0.000000
0.000000
0.000000
0.026138
0.270339
-0.077823
0.123911
-0.079387
-0.209857
0.636244
0.000000
0.027009
0.309068
0.481060
0.259559
-0.859672
0.191901
0.000000
0.237807
0.369100
-1.529120
-0.500272
-0.304649
-0.217509
-0.138923
0.889319
-0.480165
0.000000
-0.972236
-0.245652
-0.362058
0.000000
-0.310390
0.245152
-0.017840
0.632494
-0.794204
0.012170
-1.205728
0.164645
0.000000
-0.325834
0.000000
-0.313514
0.423565
0.000000
0.197746
0.000000
0.458033
-0.665129
-0.348608
-0.294320
0.000000
0.121213
-0.521504
0.691221
0.000000
0.232314
0.478258
0.000000
-0.309791
0.411046
-0.470999
0.000000
-0.128957
0.000000
-0.254297
-0.150141
0.572051
0.000000
0.000000
0.000000
-0.473976
0.815197
0.750878
0.830618
0.180698
0.015181
0.000000
0.000000
1.155575
0.025130
-3.981345
-0.255570
0.000000
-0.414844
0.000000
0.106276
0.000000
0.000000
0.468096
0.697193
1.806017
0.312330
-0.464060
-0.081644
0.187249
0.000000
-0.430934
0.725750
-0.138416
0.731461
-0.219872
0.067537
1.246396
0.076240
0.000000
0.000000
0.000000
-0.411586
-2.339968
-0.395204
0.073374
-0.238624
0.000000
0.045056
0.334824
1.006085
-0.440350
-0.020966
-1.016524
0.052061
0.000000
-0.001343
-0.101370
-1.354604
0.230869
-0.109225
-0.469655
-0.357743
-0.041636
0.000000
0.093656
0.084581
-0.118830
0.000000
-0.838118
-0.135305
-0.097211
0.000000
-0.105000
0.236811
-0.090868
0.000000
0.476563
0.000000
0.000000
-0.102598
-0.202183
-0.130358
-0.159758
0.608734
0.368635
-0.306696
1.137115
0.092893
0.467523
0.113845
0.896460
-0.151995
0.176592
0.244455
-0.623453
0.075482
-0.032057
0.364911
0.019730
1.102102
0.756300
-0.015098
-0.753130
1.799925
0.238563
0.573452
0.257130
0.802944
-0.976739
0.000000
-0.198819
0.093981
0.365320
0.000000
-0.744104
1.863948
0.045840
-0.074884
-1.459546
-0.033476
0.000000
-0.220582
-0.054300
0.202273
0.313825
-0.304010
0.145285
-1.103066
-0.936155
0.146543
-0.388199
-0.320039
0.797949
-0.980190
-0.441411
0.012435
-0.488809
0.084402
0.000000
0.012465
1.822431
0.000000
2.958715
0.000000
0.590545
-0.297755
0.522092
-0.078800
-0.281646
0.038201
0.000000
0.000000
-0.228583
-2.084803
0.000000
-0.008825
0.000000
-0.115982
-0.377584
-0.119168
0.000000
1.974426
0.000000
0.000000
-0.159727
0.447194
0.005012
-0.404004
0.231109
0.000000
0.000000
-0.892166
-0.828004
-0.920427
0.285612
2.262303
-1.544187
0.000000
0.000000
0.356059
2.760091
0.101937
0.531833
-0.890949
-0.795807
-0.310534
0.000000
-0.175804
-1.134249
0.268528
-1.961894
-0.231013
0.000000
-0.127821
0.496490
0.623149
0.451631
-0.111654
-0.005940
-0.277204
-0.140555
-0.512963
0.000000
-0.274208
0.223808
-0.075625
-0.479995
-0.107949
0.250157
-0.461103
-0.501178
-0.648538
0.184883
0.000000
-0.757183
-0.022755
-0.570868
-0.648538
0.000000
0.000000
-0.571160
0.284364
-0.301559
0.000000
-0.148476
-0.275646
0.000000
-0.901177
0.000000
0.689171
1.491994
1.475111
-0.231185
-0.198552
0.607049
-0.111936
-0.825755
0.000000
-0.102190
0.518502
-0.251947
0.158748
-0.070772
-0.147679
-0.364966
-0.216261
-0.240155
0.322633
0.158983
0.247146
-0.643342
0.847485
0.155843
0.000000
0.506660
0.020974
0.000000
-1.600479
0.000000
0.801862
0.364788
-0.142384
-0.257655
-1.573982
0.407295
-1.695631
0.000000
0.000000
0.089685
-0.269377
-0.048673
0.145521
-0.905471
0.765924
-0.026863
0.000000
0.069563
-0.020613
-0.509201
-0.015594
0.180160
1.311439
0.160487
-0.011916
0.000000
0.000000
0.118351
-0.754552
0.000000
0.000000
0.000000
0.354353
2.541476
-0.442121
0.242158
0.000000
0.843074
-0.077087
0.283418
-0.247241
0.000000
-1.557556
0.010730
0.009926
-0.213942
-0.466382
0.316010
-0.596702
-0.257638
-0.085955
0.139412
0.532179
0.030773
-0.255937
-0.499461
-0.055271
0.051087
-0.028521
-0.047339
-0.065630
-0.367689
0.415185
0.174603
0.572872
-0.512693
-0.410017
-0.075053
-0.015243
0.259002
0.649395
-0.106626
0.060092
0.867293
0.578607
-0.456939
-0.166263
0.000000
-0.575405
-0.025394
-0.186319
0.000000
-0.086959
0.196774
0.450346
-0.021601
2.690280
-0.279043
0.093865
0.463525
0.199523
-1.908491
-0.100310
0.000000
-0.231526
-0.092087
-0.835873
0.364375
0.174671
-0.148669
-0.135137
-0.177104
0.274184
-0.892631
0.232408
0.000000
0.000000
0.059264
0.423961
-0.268947
0.199749
0.110958
-0.201454
0.000000
0.115062
0.055335
0.082398
0.000000
-0.928685
-0.059484
0.168946
0.568012
-0.669188
0.542812
-0.354316
-0.238242
0.515128
0.000000
2.759914
0.358367
-0.174319
0.025967
-0.470029
0.003174
-0.206093
0.013187
0.139171
-0.181266
-0.316975
-0.104365
-0.063875
0.596793
0.449345
0.376489
0.080916
-0.311258
-0.112190
0.159078
0.117372
1.149699
0.210538
0.000000
0.138318
0.050021
0.053588
0.096916
-0.646455
-0.667276
-0.365958
0.662544
0.041064
0.000000
-1.969396
-0.589164
-1.383625
0.783064
0.257882
0.403568
-0.272320
-0.033501
-0.115132
-0.296654
-0.040911
0.189773
0.000000
0.109504
0.278702
0.332616
0.002337
0.084353
-0.633986
0.121416
-0.024453
0.139315
-0.174862
-0.399004
-0.556146
0.051849
0.000000
-0.094599
0.460527
0.338426
-0.045498
-0.247628
0.088887
-0.195568
0.651079
-0.094630
-0.140761
0.152978
-0.914914
0.053583
0.380731
0.421317
0.507046
0.704938
0.040184
0.572436
0.000000
1.030806
-0.206511
0.693636
-0.343552
0.285644
-0.189128
0.247819
0.236960
-1.140017
2.088118
-0.214728
0.000000
0.256229
0.000000
-0.281043
0.389074
0.107918
0.194145
-0.346002
0.425509
0.090473
-0.396540
0.230846
0.533390
-0.185635
0.063403
0.255496
0.039947
-0.062021
-0.167249
0.547040
-0.446928
-0.244941
-1.815411
1.915819
-0.538145
0.111459
0.020151
-0.015982
0.825899
-0.259830
-0.571456
-0.134450
0.000000
-0.200528
-0.539963
0.337864
0.006263
-0.432707
-0.009407
0.975120
1.436873
-0.533160
-0.084808
0.540988
-0.072146
-0.062390
-0.624797
0.320565
0.000000
-0.102208
0.257617
-0.502654
0.207926
0.158247
0.000000
0.020831
0.754789
0.198795
0.027541
-0.383263
0.660635
0.107473
-0.745100
-0.632515
-0.798733
0.141814
-0.308931
0.062769
-0.007340
0.000000
-0.109563
-0.237548
-1.416043
-0.053870
0.013323
1.075980
-0.971704
0.000000
0.498782
0.963251
-0.134078
-0.227286
-0.487322
-0.649447
0.897068
0.208508
1.465282
0.587803
0.000000
0.237987
0.026618
0.104088
0.025053
-0.694862
-0.440682
0.000000
-1.344011
-0.034893
0.069994
-0.205472
0.019919
-0.901286
0.047692
-0.193745
-0.218635
-0.956594
0.358844
0.703357
-0.131311
0.237819
-0.295219
-0.452774
0.793911
0.321921
-0.092180
-1.127248
0.298458
1.086606
-0.152888
0.178706
0.262326
0.515981
-0.000227
-0.255844
-0.164238
0.879584
-0.818724
1.363101
0.317394
-0.116508
0.365067
0.059489
0.134707
0.000000
0.294936
0.000000
-0.757640
0.056392
0.000000
0.233887
0.082622
-0.611685
-0.753941
0.189077
0.388190
-0.923288
0.244767
0.066830
0.220873
-0.050250
0.000000
0.051991
0.119973
0.133469
0.286963
0.078398
-0.038559
-0.685729
-0.072834
-0.031594
-0.229161
0.219458
0.063386
-0.180911
0.126256
0.000000
0.162086
0.048287
0.000000
0.582203
-0.250486
0.000000
-0.116824
-0.204458
0.800112
-0.064129
0.137616
-1.247798
-1.191104
0.304911
0.233513
-0.699994
0.000000
-2.002117
0.112037
-0.233493
-0.074692
-0.075928
0.336185
-0.432001
0.095461
-0.064632
0.318102
0.000000
-0.243521
-0.363042
-0.227587
-0.370051
-0.138278
0.000000
0.000000
-0.244382
0.200063
-0.516447
-0.163705
-0.150356
0.541078
0.000000
-0.375083
0.355546
2.520603
1.259772
-0.297039
-0.302955
-0.111149
0.011274
-0.380113
0.381141
1.452752
0.000000
0.101203
0.190170
-0.189603
0.053993
-0.308284
-0.225142
0.139645
0.124536
0.000000
0.044401
-0.032852
-3.011104
-4.232323
-1.415002
0.107379
0.152806
-0.005753
0.245632
0.000000
-0.733879
0.045500
0.070009
-0.573885
0.451780
-0.189332
0.000000
1.175125
-0.153959
-0.353814
-0.281490
0.676687
0.228148
0.580991
-0.203707
0.000000
-0.126140
0.000000
0.000000
0.000000
0.000000
0.445449
0.105437
0.058569
-1.197641
-0.977526
0.207101
-0.829130
0.232078
-0.051788
0.053350
0.196640
-0.147092
0.938483
-0.593134
-0.422861
0.090269
0.337348
0.459507
0.089017
-0.191533
-0.569749
0.525399
-0.034699
0.028681
-1.595961
-0.565470
0.149155
-0.868601
-0.809103
0.041028
0.000000
0.458875
-0.109054
0.000000
-0.044717
0.160393
0.070522
0.062973
0.000000
0.000000
0.000000
0.104180
-0.153236
0.167459
-0.218195
0.000000
0.166576
0.083580
1.174214
-0.393140
0.000000
-0.373178
-1.588163
0.214457
-0.506896
-0.018824
-0.077866
0.488728
-0.139351
0.000000
0.416542
-0.031258
-0.103679
0.000000
0.214001
-0.156921
0.012845
-0.220317
-0.816199
0.062380
0.169076
0.978105
0.438020
-0.454597
0.090836
-0.226178
0.067767
0.000000
0.000000
0.000000
0.000000
0.000000
-0.803157
2.457217
-0.473945
-0.757021
-0.407113
-0.143406
-0.465992
-0.037457
-1.134775
0.657605
0.373113
-0.284104
-0.048806
-1.003632
0.000000
0.000000
0.000000
-1.555639
-0.727415
-1.099914
0.000000
0.262878
-0.201777
-0.113624
-0.036146
-0.608154
0.000000
0.399204
0.188975
0.000000
0.525760
0.027019
-1.065497
-0.001013
0.000000
0.238693
-0.448426
0.266954
0.411339
-1.197927
-0.471329
-0.209996
0.617516
0.196857
-0.393758
-0.374764
0.018969
-0.477727
1.447540
1.043115
-0.642698
-0.219051
0.000000
-1.496570
0.493111
-0.028477
-0.626591
-0.763650
-0.490564
0.000000
-0.050504
0.013982
-0.218960
0.470588
0.230062
0.000000
0.124355
0.000000
-0.088693
0.201368
-0.246825
-0.288631
-0.910915
0.000000
-0.930705
0.218982
-1.096896
0.000000
-0.034944
-0.253441
-0.169847
-0.971286
-0.867502
0.093495
-0.234234
-0.239419
-1.021373
0.160393
-1.169332
-0.027278
0.584060
-0.397975
0.330031
0.000000
-0.580502
0.041522
0.120586
0.486486
0.268514
-0.079240
-0.308619
-0.275183
0.422294
-0.259348
0.323536
1.175129
-0.238882
0.118374
0.377583
0.294024
-0.131111
0.739651
-0.232823
-0.719750
0.000000
0.000000
0.000000
0.050433
-1.106936
0.110872
0.109310
-0.288171
0.747355
-0.521364
0.000000
0.000000
0.723390
0.000565
-0.133602
0.000000
3.322095
0.000000
-0.051716
0.029251
0.098583
-0.201115
-2.493125
-1.071603
0.039427
-0.987908
-1.894550
0.251465
0.065857
-1.031474
-0.144022
-0.415245
-0.143856
-0.388013
-0.558736
-0.132799
-0.166225
-0.255442
-0.381313
-0.268454
0.000000
-0.332775
0.000000
0.318012
-0.355643
0.185709
-0.830395
0.226101
-0.007701
-0.527617
0.625603
-0.144637
0.000000
-0.197456
0.000000
-0.614407
-0.008384
-0.553961
0.000000
-0.045291
0.253416
-0.244449
0.297582
0.742667
-0.079340
-0.042889
0.000000
0.278825
0.063398
-0.688998
0.020166
-0.368719
0.003399
-0.602367
0.000000
0.115628
0.000000
-0.330041
-1.036546
0.186014
-0.153694
0.000000
0.351227
-0.228070
0.759252
1.686205
0.108719
2.097609
0.000000
-0.586633
-0.500696
-0.147462
0.110988
0.000000
-0.649593
-0.169818
0.270720
0.042608
-0.029416
0.488249
0.088054
0.371303
1.362250
0.000000
0.638254
-0.072063
1.413652
-0.234718
0.438026
-0.769025
-0.026039
-0.709952
0.643398
0.064952
-0.262429
-0.535594
0.000000
0.495542
-0.037313
1.313664
0.134747
0.047165
0.850017
0.000000
0.029799
1.541590
0.000000
-0.026122
-0.056105
-2.064392
-0.397194
0.200045
0.000000
0.010055
0.000000
0.106918
0.389712
0.165152
-0.074405
-0.298487
0.019624
0.183006
-0.042789
-0.262878
-0.210907
0.078473
0.244055
-0.161797
-1.189584
-0.378982
0.132219
0.387726
0.157506
-0.034495
-0.009383
0.174725
-0.738603
2.059289
0.000000
-0.167933
0.106175
-0.147876
-0.232958
-0.086967
0.057082
-0.434286
0.806394
0.424586
-0.770237
0.512941
-0.927561
0.293243
-0.645698
-0.509231
-0.046576
-0.141756
-0.109609
1.221100
0.311997
0.046724
0.000000
-0.240835
-0.266454
0.769954
-0.606157
-0.393011
0.114773
-0.256006
-0.092672
0.000000
-2.147048
-0.489654
-0.183515
-0.174309
-0.347561
-0.028577
-0.171273
-0.041519
0.161577
-0.175666
-0.106446
0.661883
0.000000
-0.725744
0.000000
0.000000
-0.006932
-0.400250
0.084427
0.000000
-0.244572
1.235600
-0.708815
0.000000
0.653594
-0.641223
0.000000
-1.164646
-0.031487
-1.161837
-0.656689
0.203451
0.043567
-0.289825
-1.284915
-0.832250
-0.971264
0.121487
0.189954
-0.410146
-0.100433
-0.730129
0.052491
-0.403629
-0.847136
0.501467
0.247959
-0.041486
-0.613359
-2.958307
-0.432312
0.446857
-0.002431
-0.127670
0.513475
0.420493
-0.370502
-0.152006
-4.917144
0.533770
0.118782
-1.137005
0.000000
0.898537
-0.584936
0.086607
0.480001
0.513450
0.000000
0.079907
0.369474
0.167157
-0.149306
-0.042477
-0.688915
0.085891
0.000000
-0.127466
-0.314472
0.007770
0.018757
0.065909
0.510991
-0.023781
-0.526138
-0.968343
1.846903
0.000000
-0.064188
-0.305399
0.000000
0.000000
-0.053187
-0.512329
0.074262
-0.344257
0.551592
0.000000
-0.593232
-0.096809
0.065599
0.202822
-0.815093
0.512898
-0.056964
0.118716
0.000000
0.146398
-0.094871
0.099040
-0.366235
0.047686
-0.134924
-0.683523
0.000000
-1.011390
2.826754
-0.698180
0.122055
0.396985
0.000000
0.015391
1.213847
-0.612785
-1.143384
0.000000
0.063632
0.045608
0.376465
-0.012732
0.000000
-0.671855
-0.143695
-0.392153
-0.485365
0.211254
0.000000
-0.240591
-0.274249
0.000000
-0.294801
-0.124806
0.395414
0.291877
1.212766
-0.186777
-0.651936
0.528872
-1.818844
0.042115
0.000000
0.164340
0.000000
-0.383600
0.296159
0.023578
0.000000
1.222061
0.000000
0.089084
-0.117464
0.021128
-0.822473
0.000000
0.196996
0.000000
0.474900
-0.780485
0.371383
0.283698
0.140678
-0.627566
-0.804515
0.000000
-0.096722
-0.104401
0.277516
0.012498
0.929458
0.130179
0.000000
0.000000
0.000000
-0.128966
-0.117326
-0.080244
0.079746
0.497183
-0.726192
0.000000
-0.118519
-0.600766
0.182824
0.000000
0.120795
-0.021474
-0.020276
0.133862
1.428241
0.000000
-0.083716
-0.109616
0.439163
0.000000
0.055991
-0.690978
0.700369
-1.221525
-1.284915
-0.628109
0.036684
-0.230000
0.204761
0.882473
-1.357613
0.145926
-0.051088
-0.628802
-0.184638
-0.056649
-0.473159
0.150662
-0.678307
0.000000
0.139502
-0.306768
0.426334
-0.566353
0.000000
0.183909
0.100036
0.059096
0.025874
-0.172969
0.016833
0.055113
0.110239
-0.567766
-0.284679
-0.194265
0.000000
0.412165
0.065937
-0.267246
0.000000
0.477464
-0.636258
0.603379
0.141025
0.660690
-0.017716
0.414187
-0.091762
-0.136358
-0.174697
-0.046504
0.952596
0.333100
0.269207
0.000000
-0.123509
1.115799
-0.316161
-0.277194
-0.309148
1.531805
0.413904
-0.714141
0.214931
0.380726
-0.618075
-0.438565
0.036525
-0.113104
1.107339
0.000000
2.346521
0.000000
0.302046
0.099433
-0.272275
0.014146
-0.033202
0.000000
0.217259
0.310772
-0.343082
0.000000
-0.092003
-0.371666
0.000000
0.000000
-0.055902
-1.172132
-0.170860
0.653594
-0.008368
0.389112
0.302723
0.296989
-0.415531
-0.043914
-0.119336
-0.598762
1.576103
-0.172243
-0.157777
-0.644169
-1.349283
-0.137442
0.600608
1.772691
-0.009214
0.388241
0.000000
-0.018086
0.190348
0.283638
-0.390540
-0.061693
-0.219318
0.164911
-0.060212
0.221107
0.086948
-0.306351
0.031849
-0.125108
-0.139902
-0.103064
0.000000
0.000000
-0.230320
0.106308
-0.411679
-0.106411
-0.284918
1.053062
0.000000
-0.573885
-2.022532
-1.378442
-0.006074
0.351925
-0.273141
-0.087948
-0.973756
0.108350
0.161669
3.058615
0.000000
-3.402608
0.126212
-0.370938
0.232615
-0.188784
0.231600
0.579010
-0.062637
0.205846
0.000000
0.039390
0.114059
0.080574
0.320544
-0.138730
0.000000
0.117333
-0.198900
-0.917419
-0.186424
0.009855
-0.087678
0.104333
-0.356442
0.000000
-0.147859
-1.267714
0.040846
1.130684
-1.361351
-0.181510
0.147670
0.315812
0.210099
-0.802645
2.191331
0.000000
0.009088
0.178300
2.362289
-1.405181
-0.088974
0.704475
-0.978005
-0.104872
0.325101
0.000000
0.076179
0.391025
2.097476
0.192161
0.157054
0.174723
-1.050136
0.105991
-0.043776
0.120401
-0.374615
-0.348751
-0.458620
-0.058784
-0.059891
-0.268886
-0.400250
-1.987442
0.526710
0.000000
0.272994
0.029863
-0.110171
0.517201
-0.044901
-0.007965
-0.294716
0.210912
0.000000
0.000000
0.000000
0.000000
0.007311
0.000000
-1.192708
0.242160
0.498782
-0.321555
2.187639
0.000000
0.345091
-1.050895
-0.161948
-0.460589
-0.524677
0.000000
0.116740
-0.140500
0.201728
0.298036
-0.230210
0.468472
-0.084577
0.160393
-1.390401
1.399899
0.000000
0.000000
-1.082603
-0.609118
-0.693070
0.622710
0.226100
0.210182
0.094924
-0.068766
0.125253
0.138197
0.000000
-1.202410
-0.927561
-0.215404
2.000364
0.174671
0.066563
0.578939
0.040516
-0.389010
0.110428
-0.359576
0.736064
0.917257
-0.215495
-0.267181
0.000000
0.004815
0.264926
-0.094609
-0.243650
1.564623
-0.384888
0.000000
-0.214088
-0.630113
1.453825
-0.042845
-0.630407
0.501948
0.131147
0.218548
-0.298405
0.000000
-0.117148
-0.157091
0.081401
-0.149496
0.228490
0.035985
0.079041
-0.234737
0.117642
0.075295
0.261897
-0.201938
0.008906
-0.545351
0.085480
0.120089
-0.116505
-0.992115
0.063971
0.183389
-0.334782
0.367343
-0.458273
0.148030
-0.827053
0.646254
0.241327
0.671733
0.043816
0.000000
0.358066
-0.075607
-0.108754
0.009880
0.070783
-0.283161
-0.227999
-0.166138
-0.048584
-0.455261
0.995073
0.087825
-0.562864
0.355849
-0.549072
-0.081035
-0.303362
0.000000
-0.654343
-0.807407
0.356052
0.604096
-1.299019
0.847075
-0.222398
-0.364418
0.507841
-0.570464
-0.437706
-0.032670
-0.016939
0.220389
0.000000
0.196217
0.375498
-0.072402
-0.094322
1.362844
0.158312
0.075358
0.787704
-1.130961
0.000000
-0.305474
-0.031349
-0.161120
0.311188
0.646411
-0.554569
-1.202549
0.022401
0.262873
-0.333227
-0.117162
-0.202060
-0.110450
-1.243374
0.349342
-0.161552
0.000000
1.048299
-0.046381
-0.179175
1.694943
-2.005941
-0.815075
0.000000
0.428899
1.150027
-0.142069
0.837995
0.069198
0.045915
-0.455518
-0.232680
0.059421
-0.128498
-0.080017
0.579724
0.061701
0.000000
-1.705820
0.120930
0.000000
0.061090
0.123980
-0.554675
-0.756231
-0.539564
0.000000
-0.385063
-0.866478
0.000000
0.000000
0.373961
0.000000
-0.327509
-0.829733
-1.050655
0.623149
-0.091949
0.086469
-0.528218
-0.164008
-0.062520
-0.379740
-0.068001
0.217948
0.185370
-0.169709
0.403521
0.290112
0.865982
-0.642551
-0.205652
0.326540
0.362221
0.000000
-0.787428
-0.208093
0.000000
-0.087855
-0.666387
-0.017784
0.104090
0.200192
-0.267845
0.484066
0.715529
-0.917653
0.771196
-0.184343
-1.244026
0.081452
0.457189
-0.844563
0.058426
-1.290305
0.000000
-0.355229
0.000000
-7.862751
-0.391539
0.000000
0.000000
0.018647
0.526367
-3.161779
-0.313779
-0.216297
-0.446730
-0.181619
-0.106658
0.000000
0.398661
-0.131621
0.647166
1.668713
0.119534
0.192568
-0.211725
-0.070242
-0.339097
0.013315
-0.110407
0.259886
-0.180246
0.000000
0.106881
-0.234723
0.000000
-0.716781
-1.870672
1.004574
0.406161
0.222543
0.680678
0.000000
-0.327149
-0.206536
-0.162077
0.000000
0.044209
1.845986
0.000000
-0.455793
-2.254128
0.000000
-1.867052
-0.274690
0.169479
-0.093956
0.150695
1.422134
-0.331305
-0.212517
0.827032
-0.601031
0.000000
-0.258797
0.269230
0.000000
-0.679473
1.072442
1.493873
1.075069
0.153953
0.059761
0.638711
0.609071
0.682268
0.000000
0.000000
-0.578761
-0.067521
-1.827260
0.000000
0.721146
-0.254263
0.623149
0.544987
-1.966061
0.000000
0.000000
0.382568
-0.032978
-0.903040
-0.203510
-0.438197
-0.040355
0.113246
-0.405778
-0.515895
-0.159165
-0.037993
0.621144
0.412038
-0.430872
0.329766
-2.391092
1.234572
0.174618
-0.115167
-0.700532
-0.008060
-0.120584
-0.058911
0.000000
-0.086366
1.215612
-0.781032
-0.381225
0.171543
0.398330
0.000000
0.550436
-0.367288
0.818233
-0.121050
0.128940
0.000000
0.242622
-0.058819
-0.501178
0.561617
-0.194369
0.000000
-0.734620
-0.001481
0.738689
-0.039025
-0.117129
0.796508
-0.427928
0.465356
-0.075477
0.362861
0.551421
-0.242867
1.040224
0.000000
-0.472352
0.077625
-0.946749
-0.370170
0.329819
0.214986
0.576100
0.747708
1.034801
-0.467376
-1.502052
-1.173440
-0.206536
-0.005314
-0.103082
0.000000
0.637865
0.460240
0.189910
-0.796641
0.000000
-0.266817
-0.101792
0.479703
0.000000
0.000000
-0.161352
0.000000
0.450400
0.070986
0.572810
-0.388116
-0.671684
-0.066185
-0.688229
-0.552096
-0.090982
-0.088635
0.161364
-0.136228
3.313287
-0.516048
-0.064269
0.549588
0.663591
-0.334483
0.421124
-0.303140
-0.432212
-0.058731
-0.288073
0.115591
-0.012573
1.073633
-0.365279
0.590900
0.528428
-0.811827
-0.038917
-0.336792
0.257149
0.898341
-0.584891
1.168281
-0.014796
-0.357116
0.000000
-0.811316
-0.387225
0.080596
-0.411019
-0.148171
0.407004
-0.074360
0.698323
-0.055860
0.532528
-0.172126
1.477939
1.350934
0.995536
0.000000
0.000000
0.596436
-0.058489
0.212180
0.774746
-0.173337
-0.096582
0.700349
0.000000
-0.131448
0.009124
0.157831
0.658863
0.000000
-0.346640
-0.080568
-0.127136
-0.190768
-0.156573
0.005706
-0.165231
0.074685
0.000000
0.000000
-0.111916
0.447949
0.129020
0.157637
-0.404981
-0.387401
0.004539
1.934379
0.041479
0.295972
-0.120532
-0.068142
-0.083330
0.000000
0.000000
-0.088867
-0.026955
0.844728
0.765625
0.039722
0.000000
0.000000
1.124962
2.670578
-0.013445
-0.034907
0.207048
0.061255
-0.589617
-0.282742
-0.394030
0.073302
0.870635
-0.007621
0.921895
-0.166641
1.297680
-0.214402
0.000000
0.073927
0.323781
-0.229213
-0.101323
0.313195
0.210916
-0.643683
0.006889
1.263537
-0.182126
0.157978
0.262481
0.077991
0.242787
-0.283634
-0.510825
-0.089619
-0.338897
-0.064497
-0.070382
-0.485940
0.258722
-0.014585
0.584240
-0.969548
-0.109900
-0.020408
-0.072848
-0.816192
-0.514565
0.244964
0.000000
-1.744150
0.000000
-0.248000
1.562972
-0.110912
0.000000
4.578283
-2.134037
0.133453
-0.484223
0.254616
0.014765
-0.072383
0.252961
-0.202714
0.007595
0.511827
-0.946908
-0.339277
0.312507
-0.082220
-0.075144
0.000000
-0.507116
-0.347503
0.000000
0.809649
-0.333546
0.182157
0.157551
0.000000
-0.237485
-0.377584
0.000000
-0.226998
-0.666734
0.345445
0.941769
0.000000
0.261693
-1.867782
0.231109
-0.722526
0.380623
0.000000
0.000000
0.000000
-0.357602
0.416871
0.494926
-1.440132
0.193917
1.187657
0.537920
-0.039807
0.503359
-0.100230
0.244589
0.000000
-0.254334
0.000000
0.273676
0.000000
2.776550
0.186048
0.000000
-0.834156
-0.849932
0.351335
-0.159889
0.370434
0.000000
-0.602376
-0.260030
-0.241606
-0.498017
0.257423
0.000000
0.000000
-0.424058
0.689620
3.865387
-0.212131
-0.070343
0.172162
0.362884
-1.207141
0.859143
-0.200994
-0.568838
-0.056687
0.299239
0.709025
0.775689
-0.214169
-0.495389
-0.366440
1.637368
0.653724
0.081844
-0.178577
0.699842
0.000000
0.000000
0.013148
-1.717715
0.320228
-0.201315
0.676871
0.000000
0.505147
-0.763140
-0.869168
-0.392920
0.223072
0.000000
-0.061518
1.783909
-0.512571
-0.427015
-0.081916
-0.124574
0.453806
0.078990
0.249477
-0.001380
-0.767672
0.281003
-0.181324
-0.223788
1.382373
0.571698
0.000000
0.223285
-0.083609
0.463326
-0.508472
-1.824643
0.000000
0.100221
-0.085519
0.149520
-0.251994
-0.242906
0.161669
-1.159546
-0.501714
0.602453
-0.249196
-0.019728
0.000000
0.809179
0.000000
0.000000
0.000000
-0.037209
-0.072116
0.801579
0.396655
-0.272244
-0.199481
0.407777
-0.227017
-0.167519
0.293784
-0.320875
-0.176007
0.000000
0.000000
-0.160322
0.499348
-0.233911
0.000000
0.000000
0.000000
0.266582
0.000000
0.133893
0.000000
0.000000
-0.099882
0.000000
-2.734545
-0.484843
-0.064336
0.071067
0.165503
0.237249
0.353601
-0.026470
-0.143064
0.063311
-0.124685
0.370033
0.389378
0.000000
0.000000
-0.470333
-0.452361
0.163209
-0.085540
-0.349328
0.814891
-0.384143
0.409631
-0.175043
-0.301565
-0.884914
0.000000
-0.078025
-0.025530
0.632099
0.843038
0.113968
0.547207
0.000000
7.534026
0.000000
-0.501178
0.271184
0.046484
-0.383945
0.365534
-1.783890
0.032189
0.618817
-0.340719
0.129307
-0.742264
1.673259
0.348800
0.000000
-0.199685
-0.040938
-0.597578
0.140351
-0.228203
0.000000
0.012666
-0.066564
0.000000
0.377460
-0.074082
-1.187949
-1.808861
0.131948
0.121675
-0.112920
-0.082012
0.000000
0.486393
-0.631958
-0.212131
0.000000
-0.515620
-0.031435
-0.152447
0.000000
0.139136
0.101218
0.062488
-0.119428
0.568746
-0.041473
-0.552655
0.047421
0.036071
0.048023
0.000000
0.272158
-0.068571
-0.146135
0.023038
0.193518
-0.416099
-0.394933
0.000000
0.290599
0.018561
0.000000
0.000000
-0.375982
0.080635
0.795433
1.244353
0.079538
0.420109
0.119673
0.235184
-0.251144
-0.430826
0.143589
0.000000
-0.616607
-0.571038
-0.024899
-0.044608
0.000000
0.275049
-0.377584
-0.238343
0.313623
0.691484
0.000000
-0.099972
-0.194934
-0.378652
0.000000
-0.130995
0.225242
-0.017916
-0.175758
0.262606
0.142692
0.000000
-0.238242
0.145023
-0.382246
0.156720
1.027533
0.090896
0.000000
0.384584
-0.552101
0.389004
0.000000
0.000000
-0.404214
0.411712
-0.330046
0.435155
-0.135396
-0.133667
-0.005989
0.000000
-0.210850
0.150072
-0.386258
-0.250966
-0.424321
-0.455427
0.569695
-0.496252
0.000000
0.596458
1.093010
-0.531839
-0.591726
-0.212875
-0.724934
-0.203998
-1.008481
0.497610
-0.069975
0.269292
-0.075782
-0.128661
-0.155905
-0.338054
0.824088
-0.155637
-0.179347
0.034279
-0.040388
0.000000
0.000000
0.000000
0.104740
0.203925
-0.241223
-1.071986
-0.264003
0.149304
0.349494
-0.146751
0.175056
0.600036
0.514886
-0.208503
0.000000
0.208317
0.221304
-0.336558
0.125745
-0.304899
0.997649
-0.392716
-0.344455
0.473405
-0.177301
-0.200800
0.000000
0.000000
0.201081
1.569569
0.000000
-0.170546
0.354491
-0.099918
-0.275188
-0.032189
0.000000
-0.563965
0.689615
1.664575
-0.619866
0.000000
0.000000
-0.081431
0.594552
0.000000
0.872793
-0.543331
-0.287871
0.000000
0.000000
-0.291528
-3.475404
-0.072494
0.000000
-0.341675
0.084226
-0.184759
-0.139351
0.201567
0.343233
0.274387
-0.214088
0.074905
-0.181137
-0.036708
0.000000
-0.386071
-0.054173
0.260746
0.000000
-0.353903
-0.004946
-0.687407
0.108107
0.523793
0.180241
0.000000
0.000000
0.000000
0.178105
0.165259
0.659494
1.474115
-0.103751
0.000000
-1.084888
0.284140
0.179902
0.000000
-0.147191
-0.148185
0.088137
-0.906481
0.023679
0.018060
0.595203
0.293889
-0.046912
-0.321451
-0.047990
0.211701
-0.140160
-0.462474
0.460437
0.000000
-0.714224
-0.116931
-0.028560
0.499748
-0.262088
0.047072
0.678286
-0.178866
0.216913
0.828193
0.000000
-0.089128
0.000000
-0.524716
0.091569
-0.069057
0.377664
0.000000
0.079746
0.030302
-0.259924
0.381210
0.163565
0.000000
0.280827
1.610821
-0.946920
-0.025088
1.793156
-0.030050
-0.313229
-0.042198
0.000000
0.061166
0.148288
0.461731
0.000000
-0.157243
-0.655181
-0.399943
0.000000
0.273020
0.084387
-0.091080
-0.023158
-0.298071
0.075447
-0.125800
0.026731
0.132302
-0.085552
0.299787
-0.018849
0.000000
0.686189
-0.048470
0.893073
0.000000
0.327446
-0.254058
-0.450582
-0.467119
0.482585
-0.396195
0.002799
-0.781032
0.081090
-0.238417
0.000000
0.000000
0.000000
0.000000
-0.115781
-0.385009
0.555353
-0.096422
0.000000
0.376503
-0.360862
-0.568870
0.208917
0.121609
-0.397963
-0.362068
0.597837
0.068348
-0.016826
-0.377137
0.160386
-0.362708
2.566528
0.000000
0.148323
0.000000
-0.056124
2.517422
-0.092239
0.043500
0.000000
-0.598398
-0.345237
0.203187
-0.033066
0.013295
-0.078769
0.000000
0.077501
0.000000
0.000000
-0.244015
0.000000
-0.149066
-0.095203
0.579576
0.053252
0.461229
0.119423
-0.406392
0.000000
0.135348
0.320970
0.000000
0.366509
0.229218
-0.132520
-0.297345
-0.790984
-0.100029
-0.736569
-0.700959
0.688472
0.000000
0.412683
-0.438916
0.314616
-0.085216
-1.740628
-0.161515
0.155561
-0.172703
0.222476
0.299044
-0.053037
0.050799
0.000000
0.013664
0.000000
1.602824
0.337308
0.661906
0.477375
0.000000
0.440038
-0.035847
1.063694
0.127455
0.059060
0.576145
0.023981
0.000000
0.515608
0.022792
0.000000
-0.287957
-0.666970
0.458534
-0.104886
0.000000
0.546248
0.000000
0.245213
-0.157621
-0.023631
0.053659
0.231389
-0.472084
0.440106
-0.042434
-0.248370
0.000000
0.000000
0.000000
-0.775389
-0.137868
0.001057
-0.072773
-0.307253
0.000000
-0.696108
-0.190865
-0.335745
0.000000
0.031965
-0.320381
0.630090
0.000000
2.664849
-0.394054
0.194263
-0.199076
0.026787
0.000000
-0.054441
0.429901
-0.129064
-0.359512
-0.572144
0.550981
-0.693917
1.058831
-0.008537
0.000000
0.000000
0.000000
-0.004254
-0.135121
0.251751
-0.387187
-0.220583
-0.513115
-0.136831
0.318739
0.071752
-0.267955
-0.757183
-0.339584
0.462231
0.000000
0.261431
-0.688045
0.253903
-0.804173
-0.172587
0.356520
0.868393
0.178743
1.441258
-0.697564
-0.681422
0.167632
0.049839
0.000000
0.016721
0.000000
0.000000
0.000000
0.000000
0.000000
1.218606
0.000000
0.000000
0.000000
0.000000
-0.283864
0.000000
0.000000
0.000000
0.000000
0.000000
0.000000
0.000000
0.000000
0.000000
0.000000
-0.201259
0.674629
-0.201259
-0.201259
-0.201259
0.000000
0.669970
0.283150
-0.136263
0.125249
-0.007693
-0.096780
-0.211122
0.256122
0.304131
0.143814
0.009411
0.000000
0.064039
0.613801
-1.149267
0.301810
1.992027
0.409750
0.162318
1.342889
0.890286
0.151533
0.600032
-0.378346
0.365825
-0.243865
0.081107
-0.199848
0.426551
-2.491321
0.082928
-1.041846
0.769324
0.156414
0.108127
1.014796
0.457037
-0.734606
0.083122
0.298798
0.276323
0.260324
0.559419
0.376639
0.000000
-1.297938
-0.089364
-0.022774
0.667369
0.000000
0.413130
-0.095887
0.699437
0.100120
0.124755
0.421354
-0.022717
-0.378563
0.601313
0.204157
-0.148409
-0.383376
0.337508
0.464982
-0.223763
0.327952
-0.469802
-0.131107
-0.089977
0.000000
-0.075127
-0.016349
-0.442990
0.000000
0.292597
0.268982
0.141258
-0.398895
0.000070
0.241171
0.970449
0.086154
0.446348
0.000000
0.713240
0.522877
0.367776
0.564016
-0.555651
-0.306448
0.456716
0.000000
0.000000
0.000000
4.395809
-0.041894
0.012845
0.126542
-1.136308
-0.757883
-0.184321
0.166071
-0.233817
0.134442
-0.316312
-0.298592
-0.349176
-0.303279
-0.430802
-0.235666
-1.758124
-1.074840
-1.045175
0.235555
0.023160
0.119673
0.336666
-0.709765
0.524222
1.030465
0.255439
0.000000
0.836922
-0.144198
0.391311
-0.082845
0.000000
-2.198368
0.000000
-2.170415
0.182491
0.167147
-0.154703
-0.227061
0.000000
0.129258
0.255469
0.548077
0.000000
-0.396540
0.432710
-0.774589
0.000000
-0.093396
0.108722
-0.673075
0.323385
0.411608
0.000000
-0.576649
-1.759232
-0.469133
0.528311
0.640671
0.247949
-0.447038
-0.004053
0.344331
-0.122769
-0.353941
0.003416
0.219465
-0.281200
0.000000
-0.366155
0.000000
0.304147
0.917208
0.000000
-0.203406
-0.212429
0.154649
-0.352049
0.427443
-0.221172
0.802236
0.019088
0.064406
0.041176
0.000684
0.034780
3.698807
-0.220050
0.308075
0.346219
0.111213
-0.010096
0.000617
-0.269470
0.388473
0.204138
-0.287734
0.138070
0.951269
0.474889
1.427742
0.147251
0.140051
-1.006993
-0.134537
-0.009110
-0.521470
-1.080659
0.241294
0.185864
-0.144996
0.000000
-0.249687
0.276224
0.125164
0.482385
-0.770625
-0.443027
-0.368750
-0.508384
-0.084127
-0.076515
0.071570
0.089709
0.163166
-0.968176
-0.068337
-0.202492
-0.243285
0.056074
-0.175435
-0.501637
0.006853
-0.118942
1.798929
0.000000
0.000000
-0.175634
-0.088030
0.000000
0.300761
0.225851
0.381492
-0.027831
0.000000
0.347064
-0.783193
0.377416
0.117855
0.010538
0.812730
-0.009480
-0.340330
-0.769025
-0.202336
0.202325
0.704400
0.000000
-0.177366
