0.004510
0.000000
0.000000
0.000000
0.000000
0.000000
0.000000
0.000000
0.000000
0.000000
0.000000
0.000000
0.000000
0.000000
0.000000
0.000000
0.000000
0.000000
0.000000
0.000000
0.000000
0.000000
0.000000
0.000000
0.000000
0.000000
0.000000
0.000000
0.000000
0.000000
0.000000
0.000000
0.000000
0.000533
0.000000
0.000000
0.001815
0.000000
-0.009918
0.002203
0.044336
0.052105
-0.093172
0.039873
0.000000
0.000000
0.000000
0.000000
0.000000
0.000000
0.000000
0.000000
0.000000
0.000000
0.000000
0.000000
0.000000
0.000000
0.000000
0.000000
0.000000
0.000000
0.000000
0.000000
0.000000
0.000000
0.000000
0.000000
0.000000
0.000000
0.000000
0.000000
0.000000
0.000000
0.000000
0.000000
0.035671
-0.032608
-0.000179
-0.030288
0.044165
0.000000
0.005457
0.000000
0.000000
0.000000
0.000000
0.000000
0.000000
0.000000
0.000000
0.000000
0.000000
0.000000
0.000000
0.000000
0.000000
0.000000
0.000000
0.000000
0.000000
0.000000
0.000000
0.000000
0.000000
0.000000
0.000000
0.000000
0.000000
0.000000
-0.025698
0.000000
0.000000
0.000408
0.045849
0.000000
0.000000
0.000000
0.000000
0.000000
0.000000
0.294170
0.017671
0.002140
0.029564
-0.024524
0.000000
0.000000
0.000000
0.000000
0.000000
0.000000
0.000000
-0.093155
-0.042559
0.010580
-0.043925
0.158905
0.180667
0.000000
0.004871
0.000000
0.000000
0.000000
0.000000
0.000000
0.000000
0.000000
0.000000
0.000000
0.000000
0.000000
0.000000
0.000000
0.000000
0.000000
0.000000
0.000000
0.000000
0.000000
0.000000
0.000000
0.000000
0.000000
0.000000
0.000000
0.000000
0.000000
0.000000
0.000000
0.000000
0.000000
0.000000
0.000000
0.000000
0.000000
0.000000
0.000000
0.000000
0.000000
0.000000
0.000000
0.000000
0.000000
0.000000
0.000000
0.000000
0.000000
0.000000
0.000000
0.000000
0.000000
0.000000
0.000000
0.000000
0.000000
0.000000
0.000000
0.000000
0.000000
0.000000
0.000000
0.000000
0.000000
0.000000
0.000000
0.000000
0.000000
0.000000
0.000000
0.000000
0.000000
0.000000
0.000000
0.000000
0.000000
0.000000
0.000000
0.000000
0.000000
0.000000
0.000000
0.000000
0.000000
0.000000
0.000000
0.000000
0.000000
0.000000
0.000000
0.000000
0.000000
0.000000
0.000000
0.000000
0.000000
0.000000
0.000000
0.000000
0.000000
0.000000
0.000000
0.000000
0.000000
0.000000
0.000000
0.000000
0.000000
0.000000
0.000000
0.000000
0.000000
0.000000
0.000000
0.000000
0.000000
0.000000
0.000000
0.000000
0.000000
0.000000
0.000000
0.000000
0.000000
0.000000
0.000000
0.000000
0.000000
0.000000
0.000000
0.000000
0.000000
0.000000
0.000000
0.000000
0.000000
0.000000
0.000000
0.000000
0.000000
0.000000
0.000000
0.000000
0.000000
0.000000
0.000000
0.000000
0.000000
0.000000
0.000000
0.000000
0.000000
0.000000
0.000000
0.000000
0.000000
0.000000
0.000000
0.000000
0.000000
0.000000
0.000000
0.000000
0.000000
0.000000
0.000000
0.000000
0.000000
0.000000
0.000000
0.000000
0.000000
0.000000
0.000000
0.000000
0.000000
0.000000
0.000000
0.000000
0.000000
0.000000
0.000000
0.000000
0.000000
0.000000
0.000000
0.000000
0.000000
0.000000
0.000000
0.000000
0.000000
0.000000
0.000000
0.000000
0.000000
0.000000
0.000000
0.000000
0.000000
0.000000
0.000000
0.000000
0.000000
0.000000
0.000000
0.000000
0.000000
0.000000
0.000000
0.000000
0.000000
0.000000
0.000000
0.000000
0.000000
0.000000
0.000000
0.000000
0.000000
0.000000
0.000000
0.000000
0.000000
0.000000
0.000000
0.000000
0.000000
0.000000
0.000000
0.000000
0.000000
0.000000
0.000000
0.000000
0.000000
0.000000
0.000000
0.000000
0.000000
0.000000
0.000000
0.000000
0.000000
0.000000
0.000000
0.000000
0.000000
0.000000
0.000000
0.000000
0.000000
0.000000
0.000000
0.000000
0.000000
0.000000
0.000000
0.000000
0.000000
0.000000
0.000000
0.000000
0.000000
0.000000
0.000000
0.000000
0.000000
0.000000
0.000000
0.000000
0.000000
0.000000
0.000000
0.000000
0.000000
0.000000
0.000000
0.000000
0.000000
0.000000
0.000000
0.000000
0.000000
0.000000
0.000000
0.000000
0.000000
0.000000
0.000000
0.000000
0.000000
0.000000
0.000000
0.000000
0.000000
0.000000
0.000000
0.000000
0.000000
0.000000
0.000000
0.000000
0.000000
0.000000
0.000000
0.000000
0.000000
0.000000
0.000000
0.000000
0.000000
0.000000
0.000000
0.000000
0.000000
0.000000
0.000000
0.000000
0.000000
0.000000
0.000000
0.000000
0.000000
0.000000
0.000000
0.000000
0.000000
0.000000
0.000000
0.000000
0.000000
0.000000
0.000000
0.000000
0.000000
0.000000
0.000000
0.000000
0.000000
0.000000
0.000000
0.000000
0.000000
0.000000
0.000000
0.000000
0.000000
0.000000
0.000000
0.000000
0.000000
0.000000
0.000000
0.000000
0.000000
0.000000
0.000000
0.000000
0.000000
0.000000
0.000000
0.000000
0.000000
0.000000
0.000000
0.000000
0.000000
0.000000
0.000000
0.000000
0.000000
0.000000
0.000000
0.000000
0.000000
0.000000
0.000000
0.000000
0.000000
0.000000
0.000000
0.000000
0.000000
0.000000
0.000000
0.000000
0.000000
0.000000
0.000000
0.000000
0.000000
0.000000
0.000000
0.000000
0.000000
0.000000
0.000000
0.000000
0.000000
0.000000
0.000000
0.000000
0.000000
0.000000
0.000000
0.000000
0.000000
0.000000
0.000000
0.000000
0.000000
0.000000
0.000000
0.000000
0.000000
0.000000
0.000000
0.000000
0.000000
0.000000
0.000000
0.000000
0.000000
0.000000
0.000000
0.000000
0.000000
0.000000
0.000000
0.000000
0.000000
0.000000
0.000000
0.000000
0.000000
0.000000
0.000000
0.000000
0.000000
0.000000
0.000000
0.000000
0.000000
0.000000
0.000000
0.000000
0.000000
0.000000
0.000000
0.000000
0.000000
0.000000
0.000000
0.000000
0.000000
0.000000
0.000000
0.000000
0.000000
0.000000
0.000000
0.000000
0.000000
0.000000
0.000000
0.000000
0.000000
0.000000
0.000000
0.000000
0.000000
0.000000
0.000000
0.000000
0.000000
0.000000
0.000000
0.000000
0.000000
0.000000
0.000000
0.000000
0.000000
0.000000
0.000000
0.000000
0.000000
0.000000
0.000000
0.000000
0.000000
0.000000
0.000000
0.000000
0.000000
0.000000
0.000000
0.000000
0.000000
0.000000
0.000000
0.000000
0.000000
0.000000
0.000000
0.000000
0.000000
0.000000
0.000000
0.000000
0.000000
0.000000
0.000000
0.000000
0.000000
0.000000
0.000000
0.000000
0.000000
0.000000
0.000000
0.000000
0.000000
0.000000
0.000000
0.000000
0.000000
0.000000
0.000000
0.000000
0.000000
0.000000
0.000000
0.000000
0.000000
0.000000
0.000000
0.000000
0.000000
0.000000
0.000000
0.000000
0.000000
0.000000
0.000000
0.000000
0.000000
0.000000
0.000000
0.000000
0.000000
0.000000
0.000000
0.000000
0.000000
0.000000
0.000000
0.000000
0.000000
0.000000
0.000000
0.000000
0.000000
0.000000
0.000000
0.000000
0.000000
0.000000
0.055006
-0.135944
0.022408
0.039858
0.001978
0.000000
0.000000
0.000000
0.000000
0.000000
0.000000
0.000000
0.000000
0.000000
0.000000
0.000000
0.000000
0.000000
0.000000
0.000000
0.000000
0.000000
0.000000
0.000000
0.000000
0.000000
0.000000
0.000000
0.000000
0.000000
0.000000
0.000000
0.000000
0.000000
0.000000
0.000000
0.000000
0.000000
0.000000
0.000000
0.000000
0.000000
0.000000
0.000000
0.000000
0.000000
0.000000
0.000000
0.000000
0.000000
0.000000
0.000000
0.000000
0.000000
0.000000
0.000000
0.000000
0.000000
0.000000
0.000000
0.000000
0.000000
0.000000
0.000000
0.000000
0.000000
0.000000
0.000000
0.000000
0.000000
0.000000
0.000000
0.000000
0.000000
0.000000
0.000000
0.000000
0.000000
-0.035864
-0.043958
-0.170801
0.004437
0.000000
0.000000
0.000000
0.000000
0.000000
0.000000
0.000000
0.000000
0.000000
0.000000
0.000000
0.000000
0.000000
0.000000
0.000000
0.000000
0.000000
0.000000
0.000000
0.000000
0.000000
0.000000
0.000000
0.000000
0.000000
0.000000
0.000000
0.000000
0.000000
0.000000
0.000000
0.000000
0.000000
0.000000
0.000000
0.000000
0.000000
0.000000
0.000000
0.000000
0.000000
0.000000
0.000000
0.000000
0.000000
0.000000
0.000000
0.000000
0.000000
0.000000
0.000000
0.000000
0.000000
0.000000
0.000000
0.000000
0.000000
0.000000
0.000000
0.000000
0.000000
0.000000
0.000000
0.000000
0.000000
0.000000
0.000000
0.000000
0.000000
0.000000
0.000000
0.000000
0.000000
0.000000
0.000000
0.000000
0.000000
0.000000
0.000000
0.000000
0.000000
0.000000
0.000000
0.000000
0.000000
0.000000
0.000000
0.000000
0.000000
0.000000
0.000000
0.000000
0.000000
0.000000
0.000000
0.000000
0.000000
0.000000
0.000000
0.000000
0.000000
0.000000
0.000000
0.000000
0.000000
0.000000
0.000000
0.000000
0.000000
0.000000
0.000000
0.000000
0.000000
0.000000
0.000000
0.000000
0.000000
0.000000
0.000000
0.000000
0.000000
0.000000
0.000000
0.000000
0.000000
0.000000
0.000000
0.000000
0.000000
0.000000
0.000000
0.000000
0.000000
0.000000
0.000000
0.000000
0.000000
0.000000
0.000000
0.000000
0.000000
0.000000
0.000000
0.000000
0.000000
0.000000
0.000000
0.000000
0.000000
0.000000
0.000000
0.000000
0.000000
0.000000
0.000000
0.000000
0.000000
0.000000
0.000000
0.000000
0.000000
0.000000
0.000000
0.000000
0.000000
0.000000
0.000000
0.000000
0.000000
0.000000
0.000000
0.000000
0.000000
0.000000
0.000000
0.000000
0.000000
0.000000
0.000000
0.000000
0.000000
0.000000
0.000000
0.000000
0.000000
0.000000
0.000000
0.000000
0.000000
0.000000
0.000000
0.000000
0.000000
0.000000
0.000000
0.000000
0.000000
0.000000
0.000000
0.000000
0.000000
0.000000
0.000000
0.000000
0.000000
0.000000
0.000000
0.000000
0.000000
0.000000
0.000000
0.000000
0.000000
0.000000
0.000000
0.000000
0.000000
0.000000
0.000000
0.000000
0.000000
0.000000
0.000000
0.000000
0.000000
0.000000
0.000000
0.000000
0.000000
0.000000
0.000000
0.000000
0.000000
0.000000
0.000000
0.000000
0.000000
0.000000
0.000000
0.000000
0.000000
0.000000
0.000000
0.000000
0.000000
0.000000
0.000000
0.000000
0.000000
0.000000
0.000000
0.000000
0.000000
0.000000
0.000000
0.000000
0.000000
0.000000
0.000000
0.000000
0.000000
0.000000
0.000000
0.000000
0.000000
0.000000
0.000000
0.000000
0.000000
0.000000
0.000000
0.000000
0.000000
0.000000
0.000000
0.000000
0.000000
0.000000
0.000000
0.000000
0.000000
0.000000
0.000000
0.000000
0.000000
0.000000
0.000000
0.000000
0.000000
0.000000
0.000000
0.000000
0.000000
0.000000
0.000000
0.000000
0.000000
0.000000
0.000000
0.000000
0.000000
0.000000
0.000000
0.000000
0.000000
0.000000
0.000000
0.000000
0.000000
0.000000
0.000000
0.000000
0.000000
0.000000
0.000000
0.000000
0.000000
0.000000
0.000000
0.000000
0.000000
0.000000
0.000000
0.000000
0.000000
0.000000
0.000000
0.000000
0.000000
0.000000
0.000000
0.000000
0.000000
0.000000
0.000000
0.000000
0.000000
0.000000
0.000000
0.000000
0.000000
0.000000
0.000000
0.000000
0.000000
0.000000
0.000000
0.000000
0.000000
0.000000
0.000000
0.000000
0.000000
0.000000
0.000000
0.000000
0.000000
0.000000
0.000000
0.000000
0.000000
0.000000
0.000000
0.000000
0.000000
0.000000
0.000000
0.000000
0.000000
0.000000
0.000000
0.000000
0.000000
0.000000
0.000000
0.000000
0.000000
0.000000
0.000000
0.000000
0.000000
0.000000
0.000000
0.000000
0.000000
0.000000
0.000000
0.000000
0.000000
0.000000
0.000000
0.000000
0.000000
0.000000
0.000000
0.000000
0.000000
0.000000
0.000000
0.000000
0.000000
0.000000
0.000000
0.000000
0.000000
0.000000
0.000000
0.000000
0.000000
0.000000
0.000000
0.000000
0.000000
0.000000
0.000000
0.000000
0.000000
0.000000
0.000000
0.000000
0.000000
0.000000
0.000000
0.000000
0.000000
0.000000
0.000000
0.000000
0.000000
0.000000
0.000000
0.000000
0.000000
0.000000
0.000000
0.000000
0.000000
0.000000
0.000000
0.000000
0.000000
0.000000
0.000000
0.000000
0.000000
0.000000
0.000000
0.000000
0.000000
0.000000
0.000000
0.000000
0.000000
0.000000
0.000000
0.000000
0.000000
0.000000
0.000000
0.000000
0.000000
0.000000
0.000000
0.000000
0.000000
0.000000
0.000000
0.000000
0.000000
0.000000
0.000000
0.000000
0.000000
0.000000
0.000000
0.000000
0.000000
0.000000
0.000000
0.000000
0.000000
0.000000
0.000000
0.000000
0.000000
0.000000
0.000000
0.000000
0.000000
0.000000
0.000000
0.000000
0.000000
0.000000
0.000000
0.000000
0.000000
0.000000
0.000000
0.000000
0.000000
0.000000
0.000000
0.000000
0.000000
0.000000
0.000000
0.000000
0.000000
0.000000
0.000000
0.000000
0.000000
0.000000
0.000000
0.000000
0.000000
0.000000
0.000000
0.000000
0.000000
0.000000
0.000000
0.000000
0.000000
0.000000
0.000000
0.000000
0.000000
0.000000
0.000000
0.000000
0.000000
0.000000
0.000000
0.000000
0.000000
0.000000
0.000000
0.000000
0.000000
0.078215
0.119163
-0.110309
0.020920
-0.038798
-0.004428
0.000000
0.000000
0.000000
-0.014555
0.018498
0.000000
0.000000
0.000000
0.000000
0.000000
0.000000
0.000000
0.000000
0.000000
0.000000
0.000000
0.000000
-0.062369
0.001922
0.000000
-0.005884
0.008497
0.011707
-0.011909
0.040360
-0.047976
0.000966
-0.062445
0.027351
0.000000
0.000000
0.000000
0.000000
0.000000
0.000000
0.000000
0.000000
0.000000
0.000000
0.000000
0.000000
0.000000
0.000000
0.000000
0.000000
0.000000
0.000000
0.000000
0.000000
0.000000
0.000000
0.000000
0.000000
0.000000
0.000000
0.000000
0.000000
0.000000
0.000000
0.000000
0.000000
0.000000
0.000000
0.000000
0.000000
0.000000
0.000000
0.000000
0.000000
0.000000
0.000000
0.000000
0.000000
0.000000
0.000000
0.000000
0.000000
0.000000
0.000000
0.000000
0.000000
0.000000
0.000000
0.000000
0.000000
0.000000
0.000000
0.000000
0.000000
0.000000
0.000000
0.000000
0.077046
-0.004254
0.000000
0.000000
-0.029051
-0.001274
-0.021414
0.000000
0.000000
0.000000
0.000000
-0.059413
0.032588
0.005003
-0.004711
-0.021875
-0.056932
-0.064611
-0.002576
0.002582
-0.062199
-0.049767
-0.023552
0.000000
0.000000
0.000000
0.000000
0.000000
0.000000
0.000000
0.001393
0.000000
0.000000
0.000000
0.000000
0.000000
-0.052677
0.000000
0.067413
-0.015071
0.000000
0.000000
0.000000
0.000000
-0.021011
0.000000
0.000000
0.000000
0.000000
-0.005774
0.000000
0.000000
0.000000
0.000000
0.000000
0.000000
-0.011963
0.000000
0.000000
0.000000
0.000000
0.000000
0.000000
0.000000
-0.073961
0.000000
-0.006220
0.000000
0.000000
0.000000
0.000000
0.000000
-0.006727
0.000000
0.000000
0.000000
0.000000
0.000000
-0.080809
-0.005646
0.000000
0.000000
0.000000
0.000000
0.000000
0.153267
0.000000
0.000000
0.000000
0.000000
0.000000
0.000000
0.000000
0.015758
0.000000
0.000000
0.000000
0.000000
0.000000
-0.034615
-0.014320
-0.077488
-0.038401
-0.122001
0.004595
-0.019198
-0.006019
0.031909
-0.050092
-0.060296
0.004725
0.000000
0.000000
0.000000
0.000000
0.000000
0.000000
0.000000
0.000000
-0.006240
0.000000
0.000000
0.000000
0.000000
0.000000
0.000000
0.000000
-0.079711
0.030919
0.032771
0.043958
-0.016063
0.010762
-0.001303
-0.019010
0.009977
0.000000
-0.011138
0.000000
-0.023306
0.000000
-0.029440
0.000000
0.002986
0.001634
-0.021199
0.000000
0.000000
0.000000
0.000000
0.000000
-0.124070
0.069972
0.000000
0.000000
0.000000
0.000000
-0.019152
0.000000
0.000000
0.000000
-0.023758
0.000000
0.000000
0.000000
-0.020198
0.000000
0.000000
0.000000
0.019850
0.000000
-0.041553
0.000724
-0.045875
0.000000
0.000000
0.031454
0.005378
0.000000
0.000000
0.000000
0.000000
0.000000
-0.033672
0.000000
0.011337
0.000000
-0.211432
-0.036582
0.018614
0.003316
0.037693
-0.011523
0.002838
0.000000
-0.015798
0.009915
-0.026539
0.000000
0.000000
0.000000
0.000000
0.000000
0.000000
0.000000
-0.039492
-0.004572
-0.005565
0.002964
-0.012848
0.000000
0.000000
0.000000
0.000000
0.000000
-0.021160
-0.127725
0.049654
-0.041904
0.000000
0.005782
-0.024172
0.000000
0.000000
0.000000
0.000000
-0.070296
-0.131003
-0.009926
0.000000
0.000000
0.000000
-0.106588
0.005708
0.000000
0.000000
0.000000
0.000000
0.008370
0.000000
-0.020139
0.025147
0.000000
0.000000
0.000000
0.000000
0.028986
0.000000
0.084851
-0.030211
0.014436
0.024682
0.005656
0.000000
0.000000
0.000000
0.000000
0.000000
0.000000
0.000000
0.000000
0.000000
0.000000
0.000000
0.000000
0.000000
0.000000
0.000000
0.000000
0.000000
0.000000
0.000000
0.000000
0.000000
0.000000
0.000000
0.000000
0.000000
0.000000
0.000000
0.000000
0.000000
0.000000
0.000000
0.000000
0.000000
0.000000
0.000000
0.000000
0.000000
0.000000
0.019323
-0.021449
0.000000
0.000000
-0.022601
0.023242
-0.049193
0.000000
0.000000
0.000000
0.000000
0.000000
0.000000
0.000000
0.000000
0.000000
0.000000
0.000000
0.000000
0.000000
0.000000
0.000000
0.000000
0.000000
0.000000
0.000000
0.000000
0.000000
0.000000
0.000000
0.000000
0.000000
0.000000
0.000000
0.000000
0.000000
0.000000
0.000000
0.000000
0.000000
0.000000
0.000000
0.000000
0.000000
0.000000
0.000000
0.000000
0.000000
0.000000
0.000000
0.000000
0.000000
0.000000
-0.045956
-0.016778
-0.002547
0.000000
0.000000
0.000000
0.000000
0.000000
0.000000
0.028407
0.036160
-0.009406
0.000000
0.000000
-0.054739
0.010783
0.000000
0.000000
0.000000
0.000000
0.000000
0.000000
0.000000
0.000000
-0.044080
0.024898
-0.009858
0.016522
0.000000
0.000000
0.000000
0.000000
0.000000
0.000000
0.000000
0.000000
0.000000
0.000000
0.000000
0.000000
0.000000
0.000000
0.072774
-0.035446
0.000000
0.000000
0.041471
0.037937
-0.060977
0.000000
0.000000
0.004465
0.000000
-0.053255
0.000000
0.000000
0.000000
0.000000
0.000000
0.000000
0.000000
-0.078625
0.000000
0.000000
0.302558
0.002142
0.000000
0.000000
0.000000
0.000000
0.000000
0.000000
0.000000
0.000000
0.000000
0.000000
0.000000
0.000000
0.000000
0.000000
0.000000
0.000000
0.000000
0.000000
0.000000
0.000000
0.000000
0.000000
0.000000
0.000000
0.000000
0.000000
0.000000
0.000000
0.000000
0.000000
0.000000
0.000000
0.000000
0.000000
0.000000
0.000000
0.000000
0.000000
0.000000
0.000000
0.000000
0.000000
0.000000
0.000000
0.000000
0.000000
0.000000
0.000000
0.000000
0.000000
0.000000
0.000000
0.000000
0.000000
0.000000
0.000000
0.000000
0.000000
0.000000
0.000000
0.000000
0.000000
0.000000
0.000000
0.000000
0.000000
0.000000
0.000000
0.000000
0.000000
0.000000
0.000000
0.000000
0.000000
0.000000
0.000000
0.000000
0.000000
0.000000
0.000000
0.000000
0.000000
0.000000
0.000000
0.000000
0.000000
0.000000
0.000000
0.000000
0.000000
0.000000
0.000000
0.000000
0.000000
0.000000
0.000000
0.000000
0.000000
0.000000
0.000000
0.000000
0.000000
0.000000
0.000000
0.000000
0.000000
0.000000
0.000000
0.000000
0.000000
0.000000
0.000000
0.000000
0.000000
0.000000
0.000000
0.000000
0.000000
0.000000
0.000000
0.000000
0.000000
0.000000
0.000000
0.000000
0.000000
0.000000
0.000000
0.000000
0.000000
0.000000
0.000000
0.000000
0.000000
0.000000
0.000000
0.000000
0.000000
0.000000
0.000000
0.000000
0.000000
0.000000
0.000000
0.000000
0.000000
0.000000
0.000000
0.000000
0.000000
0.000000
0.043832
0.011749
-0.036097
0.000000
-0.009710
0.000000
0.000000
0.000000
0.000000
0.000000
0.000000
0.000000
0.000000
0.000000
0.000000
0.000000
0.000000
0.000000
-0.053839
0.000000
-0.011456
-0.076617
0.150925
-0.037451
0.181034
0.039365
-0.010260
0.000000
-0.016095
0.068600
0.000000
0.000000
0.000000
0.000000
0.000000
0.000000
-0.293782
0.016150
-0.021923
0.040399
-0.021932
0.000000
0.033338
0.000000
-0.032710
-0.006649
-0.051157
-0.057329
-0.028344
0.000000
0.000000
0.042441
-0.020889
0.000000
0.000000
0.000000
-0.024327
0.000000
0.000000
0.000000
-0.062189
0.067796
0.088951
0.013493
0.017617
0.000000
0.000000
-0.022403
0.000000
0.000000
0.013022
0.000000
-0.078137
0.069109
-0.087019
-0.034517
-0.132352
-0.004812
0.181450
0.030075
0.474137
0.001864
-0.027179
0.000000
-0.024071
0.000000
-0.038836
0.002425
-0.017771
0.013514
0.030855
0.000784
0.000000
0.000000
0.000000
0.046556
0.022777
-0.012820
-0.078868
0.000000
-0.051367
-0.004693
0.000000
0.000000
0.004841
0.000000
0.000000
-0.027325
0.021045
0.031209
0.001719
0.000000
-0.018775
-0.027684
0.005392
0.000000
-0.005044
0.000000
0.016689
0.066646
0.039366
0.023005
-0.045130
0.025076
-0.045314
0.000000
0.005421
0.006158
0.000000
0.029221
-0.068428
0.017577
-0.012839
0.000778
0.002567
-0.054277
-0.038310
0.000000
0.001698
0.000000
0.000000
0.000000
0.000000
0.000000
0.000000
0.000000
0.000000
0.000000
0.000000
0.000000
0.000000
0.000000
0.000000
0.000000
0.000000
0.000000
0.000000
0.000000
0.000000
0.000000
0.000000
0.000000
0.000000
0.000000
0.000000
0.000000
0.000000
0.000000
0.000000
0.000000
0.000000
0.000000
0.000000
0.000000
0.000000
0.004407
0.038440
0.064589
0.022687
0.025747
0.000000
-0.000121
0.000000
0.000000
0.000000
0.320321
-0.035351
-0.061717
-0.000378
0.000173
0.000000
0.000000
0.000000
0.000000
0.121253
-0.016162
0.000000
0.000000
-0.076157
-0.005441
0.000000
0.000000
-0.012257
0.001574
0.000000
0.000000
0.000000
0.000000
0.000000
-0.000763
0.000000
0.000000
0.000000
0.000000
0.000000
0.000000
0.000000
0.000000
0.000000
0.000000
0.000000
0.000000
0.000000
0.000000
0.028480
-0.008277
0.000000
0.037604
0.000000
0.001646
0.143935
0.000000
-0.008130
-0.005784
-0.051559
-0.005121
0.000000
0.000000
0.000000
0.013805
0.000000
0.000000
0.033060
0.019748
0.000000
-0.002484
-0.031327
0.027281
0.000000
0.169816
0.000000
0.000000
0.000000
0.013419
0.000000
0.000000
0.000000
0.000000
0.000000
0.000000
0.000000
0.000000
0.000000
0.011920
-0.006881
0.000000
0.000000
-0.016215
-0.002423
0.003965
0.000000
0.000000
0.000000
0.000000
0.000000
0.000000
0.000000
0.000000
0.000000
0.000000
0.000000
0.000000
0.000000
0.000000
0.000000
0.000000
0.000000
0.000000
0.000000
0.000000
0.000000
0.000000
0.000000
0.000000
0.000000
0.000000
0.000000
0.000000
0.000000
0.000000
0.000000
0.000000
0.000000
0.000000
0.000000
0.000000
0.000000
0.000000
0.000000
0.000000
0.000000
0.000000
0.000000
0.000000
0.000000
0.000000
0.000000
0.000000
0.000000
0.000000
0.000000
0.000000
0.000000
0.000000
0.000000
0.000000
0.000000
0.000000
0.000000
0.000000
0.000000
0.000000
0.000000
0.000000
0.000000
0.000000
0.000000
0.000000
0.000000
0.000000
0.000000
0.000000
0.000000
0.000000
0.000000
0.000000
0.000000
0.000000
0.000000
0.000000
0.000000
0.000000
0.000000
0.000000
0.000000
0.000000
0.000000
0.000000
0.000000
0.000000
0.000000
0.000000
0.000000
0.000000
0.000000
0.000000
0.000000
0.000000
0.000000
0.000000
0.000000
0.000000
0.000000
0.000000
0.000000
0.000000
0.000000
0.000000
0.000000
0.000000
0.000000
0.000000
0.000000
0.000000
0.000000
0.000000
0.000000
0.000000
0.000000
0.000000
0.000000
0.000000
0.000000
0.000000
0.000000
0.000000
0.000000
0.000000
0.000000
0.000000
0.000000
0.000000
0.000000
0.000000
0.000000
0.000000
0.000000
0.000000
0.000000
0.000000
0.000000
0.000000
0.000000
0.000000
0.000000
0.000000
0.000000
0.000000
0.000000
0.000000
0.000000
0.000000
0.000000
0.000000
0.000000
0.000000
0.000000
0.000000
0.000000
0.000000
0.000000
0.000000
0.000000
0.000000
0.000000
0.000000
0.000000
0.000000
0.000000
0.000000
0.000000
0.000000
0.000000
0.000000
0.000000
0.000000
0.000000
0.000000
0.000000
0.000000
0.000000
0.000000
0.000000
0.000000
-0.012142
0.162098
-0.082585
-0.016329
-0.008432
-0.007417
0.022702
0.000000
0.000000
0.000000
-0.033123
0.000000
0.000000
0.013905
0.012012
0.089914
0.000000
-0.093811
0.048063
0.010508
-0.036437
-0.072597
0.104720
0.014986
0.000000
-0.024754
0.034855
-0.011003
-0.032970
-0.016950
0.016180
0.000000
0.000000
0.004182
-0.005131
-0.060227
-0.018464
0.036823
0.000491
-0.010331
0.026123
0.000000
0.030896
-0.011163
-0.025387
-0.011213
0.025283
-0.008892
0.201003
0.002123
-0.008558
-0.051754
-0.000971
0.000000
0.000000
0.000000
0.000000
0.000000
0.000000
0.000000
0.000000
0.000000
0.000000
0.000000
0.000000
0.000000
0.000000
0.000000
0.000000
0.000000
0.000000
0.000000
0.000000
0.000000
0.000000
0.000000
0.000000
0.025298
0.000000
0.001871
0.000000
0.007070
0.000000
-0.093311
-0.041436
-0.005245
-0.021414
-0.016647
0.030839
0.000000
0.000000
0.000000
0.000000
0.020481
0.036055
0.000000
0.000000
0.000000
0.000000
0.000000
0.000000
0.004394
0.099504
-0.007305
0.000000
0.000000
0.000000
0.000000
0.000000
0.000000
0.000000
-0.035980
-0.044876
0.088741
0.000000
0.000000
0.000000
-0.002894
0.000000
0.000000
0.000000
0.000000
0.000000
0.000000
0.000000
0.000000
0.000000
0.000000
0.000000
0.000000
0.000000
0.000000
0.000000
0.000000
-0.036283
-0.025584
0.033975
0.000000
0.000000
0.000000
0.000000
0.000000
-0.007068
0.156585
0.000000
-0.036437
-0.022565
0.039603
-0.009221
0.043583
0.007586
0.000000
-0.246802
-0.067876
-0.003335
0.000000
0.000000
0.000000
0.000000
0.000000
0.000000
0.000000
0.000000
0.000000
0.000000
0.000000
0.000000
0.000000
0.000000
0.000000
0.000000
0.000000
0.000000
0.000000
0.000000
0.000000
0.000000
0.000000
0.000000
0.000000
0.000000
0.000000
0.000000
0.000000
0.000000
0.000000
0.000000
0.095156
0.007948
0.000000
0.000000
-0.006267
0.004800
-0.009621
0.070815
0.006191
0.145083
-0.016706
0.040734
-0.026787
-0.026077
0.000000
0.293346
0.141257
0.006157
0.000000
-0.027460
-0.015878
0.016694
0.000000
0.000000
-0.002094
-0.007473
0.000000
0.000000
0.000000
0.000000
0.000000
0.000000
0.050404
0.036725
-0.067603
0.013501
-0.049960
0.000000
0.000000
0.000000
-0.008821
-0.049169
-0.158208
-0.030067
-0.031098
0.000000
0.000000
-0.053053
0.000000
0.000000
0.000000
-0.014607
0.001525
0.000000
0.000000
0.028342
0.000000
-0.033214
0.043484
0.007822
0.000694
0.000000
0.000000
0.028042
0.183391
-0.011448
0.021564
0.000000
0.000000
0.000000
-0.013813
0.000000
0.000000
0.000000
0.000000
0.000000
0.000000
-0.027722
0.024070
0.013039
0.048841
0.045047
0.224014
0.000000
-0.001707
-0.023554
0.020405
0.000000
0.000000
-0.042611
-0.055813
-0.056866
0.000000
0.000000
0.000000
-0.007737
0.000000
0.000000
-0.040094
0.000000
0.000000
-0.002213
0.010874
0.006732
-0.029502
0.000000
0.024230
-0.022297
-0.052439
0.014969
-0.014672
-0.009571
0.000000
0.000000
0.000000
0.000000
0.000000
0.000000
-0.000140
0.000000
0.000000
0.000000
0.000000
-0.107252
0.093977
0.000065
0.000000
0.000000
0.000000
0.000000
0.000000
0.000000
0.024352
0.011312
0.049349
-0.004271
-0.007017
0.000000
-0.027640
-0.218069
-0.060964
-0.097723
0.032141
0.012917
0.000000
0.000000
0.000000
0.000000
0.000000
0.000000
0.000000
0.000000
0.000000
0.000000
0.000000
0.000000
0.000000
0.000000
0.000000
0.000000
0.000000
0.000000
0.000000
0.000000
0.000000
0.000000
0.000000
0.000000
0.000000
0.000000
0.000000
0.000000
0.000000
-0.017992
0.000000
0.000000
0.069128
-0.006963
0.060641
-0.024597
-0.115812
0.029661
0.032888
0.000000
0.000000
0.000000
-0.014778
0.000000
0.000000
0.074955
-0.002332
0.000000
0.000000
0.000000
0.000000
0.000000
0.012680
0.000000
-0.108830
0.030885
0.005413
0.005833
0.002020
0.000000
0.000000
0.036072
0.000000
0.000000
0.000000
-0.008680
-0.061253
0.000000
0.000000
-0.025442
-0.014995
-0.003991
0.001219
0.003763
0.000000
0.003465
0.000000
0.000000
0.000000
0.015126
0.018396
0.000000
0.000000
-0.031199
0.000000
0.000000
0.000000
-0.004176
0.031713
0.046056
-0.144343
-0.006907
-0.001357
-0.030034
0.000000
-0.005790
-0.025316
-0.040839
-0.046625
-0.011761
0.000000
0.000000
0.000000
0.000000
0.000000
0.000000
0.000000
0.000000
0.022826
-0.008518
-0.062365
0.011921
0.000000
0.000000
0.000000
0.000000
0.000000
0.000000
-0.010845
-0.010348
0.012668
0.131041
-0.014198
0.024686
0.030689
0.000000
0.000000
0.000000
-0.002802
-0.008982
-0.134774
-0.040738
0.020052
-0.007831
-0.009484
0.008748
-0.025250
0.008051
0.062155
0.106687
-0.072190
-0.068267
0.129444
-0.043882
0.000000
0.000000
0.000000
0.000000
0.020967
0.000000
0.000000
-0.048785
0.070592
-0.020133
0.030331
0.024475
-0.023568
0.000000
-0.127381
-0.021960
-0.015000
0.000000
0.000000
0.000000
0.020121
0.054446
-0.007986
0.054367
0.020220
0.000000
0.000000
-0.046183
0.000000
0.000000
-0.023394
-0.074142
0.062324
0.000000
0.000000
0.021043
0.093890
0.041441
0.029887
0.022835
-0.021680
0.000000
-0.022288
0.011888
0.046575
-0.008300
0.029361
-0.021932
0.000000
0.000000
-0.037646
0.000000
-0.109779
0.000000
-0.028947
0.000000
0.000000
0.000000
-0.048060
-0.019162
0.002947
0.021272
-0.036186
0.000817
0.000000
0.000000
0.000000
0.000000
0.000000
0.000000
0.000000
0.000000
-0.028093
0.001269
-0.049637
0.177071
0.002799
0.046774
-0.012226
-0.000862
0.050902
-0.000299
0.012356
0.015823
-0.007596
0.000000
0.000000
0.005843
0.004794
0.000000
0.000000
0.000000
-0.040268
-0.022799
-0.039220
0.041266
-0.051142
-0.007237
-0.049251
0.015644
0.031813
0.005953
0.082048
0.019401
0.000000
-0.081550
-0.003934
0.022025
-0.027272
-0.017206
0.115767
-0.025655
0.022388
0.018415
0.000000
0.017439
0.000000
-0.085694
-0.019521
-0.015661
-0.013261
-0.078316
0.002201
-0.040988
0.001094
-0.016375
0.024612
-0.024387
-0.017273
0.000000
0.000000
-0.021932
0.024051
0.033144
-0.057591
-0.003968
0.057340
-0.160384
-0.057591
-0.025583
0.003503
0.000000
0.000000
0.055147
0.008873
0.000000
0.009246
0.000000
0.022646
0.013710
-0.008328
0.018836
0.010236
-0.009838
-0.028665
-0.022444
0.019058
0.009342
-0.013474
0.000000
0.000000
0.000000
0.000000
0.000000
0.000000
-0.004708
0.000000
0.127479
-0.016224
0.000000
0.000000
0.000000
0.000000
0.000000
0.000000
0.000000
0.000000
0.000000
0.000000
0.000000
0.000000
0.000000
0.000000
0.000000
0.022514
0.103612
-0.022343
0.023212
0.070698
0.064199
0.006862
0.000000
0.000000
0.000000
0.000000
0.000000
0.000000
0.000000
0.000000
0.000000
0.000000
0.000000
0.000000
0.000000
0.000000
0.016403
-0.036337
0.000000
0.000000
0.000000
0.000000
0.000000
0.000000
0.021577
0.000000
-0.055765
0.082920
-0.074008
0.109347
0.114887
-0.007411
-0.006171
0.000000
0.006480
0.000000
0.000000
0.000000
0.000000
-0.033980
-0.034463
0.019423
-0.003552
0.134392
-0.029759
-0.069084
-0.037567
0.000000
0.041500
-0.045333
0.017557
-0.013477
0.019144
0.000000
0.000000
0.000000
0.000000
0.000000
0.000000
0.000000
0.000000
0.000000
0.000000
0.000000
0.000000
0.000000
0.000000
0.000000
0.000000
0.000000
0.000000
0.000000
0.000000
-0.041378
-0.138645
0.011529
0.000000
-0.069856
-0.090161
-0.046995
-0.021185
-0.004916
0.042179
-0.037889
0.016427
0.021244
0.027538
-0.007156
0.004599
0.000000
0.000000
0.000000
0.000000
0.000000
-0.029022
-0.018161
-0.036382
-0.044123
0.029051
-0.001339
0.000000
-0.034486
0.040858
0.000000
0.000000
-0.033989
-0.040062
0.009117
0.064688
-0.030610
0.028272
0.000000
0.000000
-0.033221
0.000000
-0.038880
0.017598
0.038511
0.000000
0.000000
0.000000
0.013082
-0.012596
-0.041291
-0.010665
0.019038
0.011042
-0.071391
-0.028415
-0.000281
0.000000
0.000000
0.000000
0.046420
0.057458
0.014082
-0.049731
0.000000
0.000000
0.000000
0.000000
0.217690
0.033457
-0.042090
-0.075765
-0.060805
-0.009378
-0.094932
-0.004578
-0.003914
0.000000
-0.071764
-0.008024
0.000000
-0.048690
-0.017321
0.000000
0.000000
0.000000
0.000000
0.000000
0.006991
0.001328
-0.025381
0.000000
-0.013084
-0.003636
-0.009157
0.000000
-0.080703
0.034231
0.123056
0.030622
0.039921
0.081334
-0.002584
-0.002263
-0.063032
-0.014163
0.106635
-0.051775
-0.000516
0.000000
0.000000
0.000000
0.000000
0.000000
0.000000
0.000000
0.000000
0.000000
0.000000
0.002057
-0.028607
-0.015514
-0.083671
0.000000
-0.032978
-0.139024
-0.055118
0.014750
0.008622
0.000000
0.000000
-0.030663
-0.021163
-0.022209
0.109166
-0.018981
0.000000
0.000000
0.000000
-0.015182
-0.011954
0.000000
0.000000
0.000000
0.000000
-0.017600
-0.027999
0.023183
-0.065765
-0.002312
-0.000881
0.000000
-0.010667
0.007243
0.042872
0.005390
-0.003023
0.000000
0.000000
0.000000
0.000000
0.000000
0.000000
-0.010526
0.000000
0.000000
0.000000
0.000000
-0.026454
-0.040841
0.013376
0.000000
0.000000
0.000000
0.000000
0.001189
-0.091759
-0.034916
-0.031641
0.028337
-0.011364
0.001127
0.000000
0.000000
0.000000
-0.059360
-0.072971
-0.011506
0.000000
0.000000
0.000000
0.000000
0.000000
0.000000
0.002374
0.053843
-0.036944
0.080820
0.019179
-0.067107
-0.008260
0.011285
-0.011625
0.000646
-0.056383
-0.016269
0.032614
0.000000
-0.054657
0.027543
-0.023316
-0.012398
-0.070315
-0.036837
-0.014691
-0.035452
0.012674
0.012445
0.000000
-0.005991
-0.020550
0.000000
0.000000
0.000000
0.000000
0.000000
0.000000
0.000000
-0.002948
0.000000
0.000000
0.000000
0.000000
-0.008415
-0.004478
-0.031861
0.000000
-0.011631
-0.014493
-0.000717
0.000000
0.000000
0.000000
0.000000
-0.010199
-0.003843
0.064329
0.000000
0.015893
0.009831
-0.008008
0.000000
0.000000
0.000000
0.000000
0.000000
0.000000
0.000000
-0.027678
-0.010226
-0.081477
-0.014777
-0.011928
-0.017995
-0.018031
-0.012886
0.000000
0.000000
0.000000
0.000000
0.000000
0.000000
0.000000
0.000000
0.000000
0.000000
0.000000
0.000000
0.000000
0.000000
0.000000
0.000000
-0.009324
-0.019448
0.000000
0.000000
-0.017093
0.000000
0.000000
0.000770
0.084246
0.000000
0.041849
-0.077062
0.059533
0.000000
0.031643
0.000000
0.032674
0.000000
-0.067190
-0.071894
-0.068135
-0.056429
-0.016835
0.008275
0.073055
-0.046593
0.000000
-0.187459
-0.010229
-0.008657
0.008946
-0.021223
-0.004237
0.000000
0.011876
0.000000
0.000000
0.000000
0.000000
0.001622
0.002056
0.015415
0.000000
0.000000
0.000000
0.000000
-0.013966
0.064408
0.017975
-0.033585
0.007812
0.009235
-0.023360
-0.008755
0.000000
0.035545
-0.005622
0.000000
0.074836
0.008994
-0.243775
-0.054026
0.014841
0.026297
0.086405
-0.046721
-0.138153
-0.168175
-0.030089
0.000000
-0.032245
0.188330
-0.017755
-0.007755
0.039312
0.000000
0.000000
-0.008103
0.009361
0.000000
0.000000
-0.010447
0.109881
-0.114703
-0.011449
0.019053
0.000000
0.000000
0.012948
0.000086
0.000240
0.000000
0.000000
0.000000
-0.006293
0.036152
-0.045145
-0.023740
0.007154
-0.005183
0.163041
-0.019232
-0.021531
0.000000
0.000000
0.104648
-0.019027
0.002789
0.000000
-0.016201
0.000000
0.000000
-0.067438
-0.030123
0.029117
0.020403
0.023377
0.007695
-0.010413
0.090643
-0.160796
-0.018174
-0.026600
-0.010212
0.004096
0.000000
0.000000
-0.025712
-0.065110
0.014034
0.042588
0.005124
-0.007496
0.000000
0.000000
0.000000
0.000000
0.021110
0.000000
0.000000
0.133417
-0.022100
0.025746
-0.006365
0.068371
-0.064640
-0.009135
-0.018936
0.273417
0.009870
-0.028699
-0.034993
-0.026436
0.000000
0.146158
-0.051025
-0.005448
0.000000
0.000000
-0.124819
-0.018156
0.000000
0.007648
0.000000
-0.115148
0.033028
-0.046245
-0.014572
0.000000
0.000000
0.000000
-0.018568
-0.043354
0.000000
0.000000
-0.007267
-0.058445
-0.068252
0.011612
-0.045987
0.000000
-0.027095
0.043694
0.051398
-0.030088
0.000000
-0.039946
-0.045443
0.101703
-0.033456
-0.063340
0.017657
-0.070011
0.043103
0.036701
-0.000054
-0.018550
0.000000
0.000000
-0.026971
0.030288
-0.040450
-0.033938
-0.018297
0.002743
0.009212
0.000000
-0.016590
0.011876
0.000000
-0.047444
0.029981
0.064200
-0.007445
-0.039267
-0.053113
0.071419
0.000000
-0.022093
0.000000
0.000000
-0.002906
-0.003207
0.000000
0.000000
0.000000
0.000000
0.000000
0.000000
-0.008747
-0.067823
0.000000
-0.033310
0.027309
0.000000
0.000000
-0.075300
0.028886
-0.022645
-0.017796
0.000000
0.000000
0.008242
0.000000
0.000000
0.000000
0.016996
0.000000
-0.007582
-0.032808
0.023056
0.001744
-0.029953
-0.041434
0.068661
0.020157
0.002928
0.000000
0.000000
0.000000
0.000000
0.000000
-0.060269
0.315431
-0.059828
0.018656
-0.005556
0.000000
0.000000
0.000000
0.000000
0.000000
0.000000
0.000000
0.000000
0.000000
0.000000
0.000000
0.000000
0.000000
0.014881
-0.023449
0.000000
-0.014885
0.000000
0.000000
0.000000
0.000000
0.013059
-0.052770
0.000000
0.050352
-0.002564
-0.080210
0.074655
-0.011652
-0.000267
-0.083016
-0.040280
0.037091
-0.076037
-0.036046
0.000000
0.000000
-0.025791
-0.004515
-0.042925
-0.027985
0.072708
-0.018432
0.000000
-0.017912
-0.049711
0.050710
0.038162
-0.031920
0.054484
0.007626
0.000000
0.048382
-0.005160
0.057973
0.002018
0.000000
-0.002826
0.005064
0.023549
0.072506
-0.014757
-0.004809
0.000000
0.000000
0.000000
0.000000
-0.014919
0.000000
0.004214
0.000000
0.000000
0.000000
0.000000
0.000000
0.000000
-0.031495
0.021998
-0.006273
-0.036580
-0.018413
0.071126
-0.057605
-0.005627
0.014934
0.002044
-0.006573
0.037640
-0.029876
0.000000
0.000000
-0.033053
-0.015453
0.000000
0.000000
0.000000
0.150179
0.418536
-0.012703
0.000000
-0.020926
-0.022789
-0.004182
-0.020216
0.026973
0.011682
0.000000
-0.024293
0.000000
0.000000
0.000621
0.042833
-0.019994
0.001312
-0.013011
-0.049712
0.000000
0.000365
-0.050611
-0.000899
0.000000
0.000000
0.006430
-0.029166
0.012845
-0.008878
0.039188
-0.002477
-0.018444
0.000000
-0.021811
-0.007003
0.000000
0.000000
0.000000
0.000000
0.000000
0.000000
0.000000
-0.080913
0.099990
0.043757
-0.013270
-0.013794
-0.004684
0.020385
0.026064
0.004619
-0.004966
0.080663
-0.109501
0.030038
0.044814
0.114035
-0.009433
0.000000
0.000000
0.000000
0.000000
0.076531
0.000000
-0.002583
-0.011669
0.000000
0.000000
0.000000
0.000000
0.000000
0.000000
0.000000
0.000000
0.000000
0.000000
0.000000
0.000000
0.000000
0.000000
0.000000
0.000000
0.000000
0.000000
0.000000
0.000000
-0.067190
0.000000
0.046801
0.012162
0.017373
0.000000
0.000000
0.000000
-0.004924
0.052154
0.000000
0.000000
0.000000
0.000000
0.000000
-0.053161
0.000000
0.000000
0.082416
-0.012858
0.000000
0.000000
0.023853
-0.034670
0.040948
-0.007828
0.003300
0.000000
0.000000
0.000000
0.000000
0.000000
0.000000
0.000000
0.000000
0.000000
0.000000
0.000000
0.000000
0.000000
0.000000
0.000000
0.000000
0.000000
0.000000
0.063016
0.036034
0.000000
0.000000
0.046524
0.032776
-0.017995
-0.024267
-0.040654
-0.015134
0.081879
-0.004797
-0.019728
0.000000
0.000000
0.000000
0.000000
-0.072994
0.037468
-0.017625
0.000000
0.275238
-0.017771
0.006417
0.055369
-0.016642
-0.008130
0.000000
0.000000
0.000000
0.000000
0.000000
-0.056432
0.011468
0.000000
0.000000
-0.006432
-0.006357
0.000000
0.000000
0.000000
0.000000
0.000000
0.058121
0.031338
0.013402
-0.063563
0.000000
0.000000
-0.025038
-0.054568
-0.029730
-0.059051
0.010003
-0.006849
-0.009377
0.045908
0.005760
0.021562
-0.013049
0.000000
-0.012898
0.447073
0.036294
-0.043110
0.055825
-0.022262
0.000000
0.050180
0.014412
-0.021782
-0.058860
-0.001908
-0.033718
-0.000738
-0.105670
0.018082
0.015220
0.000000
0.000000
-0.014997
0.000000
0.000000
-0.002991
0.050130
0.025652
0.013216
0.001404
0.000000
0.010757
-0.006290
0.000000
0.000000
0.000000
0.000000
0.004072
0.000000
0.177347
-0.034069
0.000000
-0.007627
0.000000
0.000000
-0.007210
0.127612
-0.075753
-0.050705
0.001758
0.023504
-0.022847
-0.027901
-0.041179
0.002344
-0.071564
-0.007839
0.000000
0.000000
0.000000
0.000000
0.000000
0.000000
0.000000
0.000000
-0.014279
-0.029958
-0.007451
0.020274
0.042375
-0.104958
-0.016650
0.000000
0.000000
0.000000
0.030339
-0.015635
0.000000
0.000000
-0.051011
0.007112
0.007786
0.027415
-0.012220
-0.013235
0.010128
0.004158
0.049819
0.015627
0.014774
0.000000
0.000000
-0.016033
-0.034564
0.000000
0.000000
0.049671
-0.014083
-0.054487
0.000250
-0.003338
-0.093724
-0.096673
-0.076601
0.017839
0.011415
-0.017023
-0.116485
-0.067761
-0.075949
0.118355
-0.011037
0.000000
0.000000
-0.001921
-0.006457
0.000000
0.000000
0.000000
-0.059142
-0.118582
0.000000
-0.211621
0.000000
0.000000
-0.031972
0.003554
-0.046395
-0.051595
0.000000
-0.014128
0.020374
-0.028702
0.000000
0.000000
0.000000
0.018743
0.007806
-0.022027
0.032133
-0.004885
0.000000
0.000000
0.028991
0.000000
0.000000
-0.048849
-0.008995
0.000000
0.000000
-0.056772
0.000000
0.005291
-0.088817
-0.100598
-0.030252
0.000000
0.000000
-0.010114
0.000000
0.000000
0.000000
0.000000
0.012225
0.002937
0.000000
0.000000
-0.022577
0.046288
-0.032417
0.000000
0.124921
-0.035536
-0.036292
0.027988
0.001432
-0.089603
0.006304
-0.032575
-0.002828
0.006536
0.013787
0.015050
0.025190
-0.007069
0.012602
0.008276
0.000000
0.011148
-0.020041
0.000000
0.002732
0.000000
0.000000
0.000000
0.036753
0.000000
0.007288
0.044697
0.000000
0.001165
0.011331
0.000000
0.000000
0.007261
-0.005102
0.002100
0.000000
0.000000
-0.028018
0.000000
0.000000
-0.023726
0.000000
0.000000
0.000000
0.001993
0.000000
0.000000
-0.033696
0.000000
0.000000
0.000000
0.000000
-0.014857
0.022412
0.000000
0.006368
0.000000
0.000000
-0.003912
0.000000
0.000000
0.000000
0.000000
0.000000
0.000000
0.000000
0.000000
0.000000
0.000000
0.000000
0.000000
-0.009618
-0.039511
-0.019043
0.000000
0.002697
-0.050892
-0.015166
0.068569
0.023614
-0.054383
-0.010147
-0.005634
-0.004959
0.015947
-0.010811
0.000000
-0.007552
0.037238
-0.034755
-0.028401
0.035587
0.000000
0.000000
0.000397
-0.030438
-0.012885
0.000000
0.000000
-0.060977
0.022081
-0.097031
0.046153
0.039947
0.000000
-0.001577
-0.028976
0.003910
0.000000
0.000000
0.000000
0.000000
-0.028561
-0.027702
0.000000
0.017106
0.010204
0.075199
0.015746
-0.002874
0.000000
0.000000
-0.015766
0.000000
-0.037543
0.011415
0.000000
-0.016322
0.000000
0.000000
0.000000
0.000000
-0.024737
-0.042735
-0.075606
-0.112503
-0.025475
0.009236
0.007513
-0.004775
0.000000
0.000000
0.000000
-0.039639
-0.027692
0.017974
-0.020313
0.000000
0.000000
-0.008176
0.020183
-0.131443
-0.043412
-0.016798
-0.007186
-0.020179
0.000000
0.000000
0.000000
0.000000
0.000000
0.000000
0.000000
0.000000
0.000000
0.000000
0.000000
0.000000
0.000000
0.000000
0.000000
0.038797
-0.002579
0.000000
0.000000
0.000000
0.000000
0.000000
0.000000
0.000000
0.000000
0.000000
0.000000
-0.016607
0.000000
0.000000
-0.061039
0.020839
0.097135
-0.116618
0.002504
0.000000
-0.026558
0.009934
-0.021994
-0.015102
0.000000
0.000000
0.000000
0.000000
0.007668
0.031368
0.000000
-0.119629
-0.045312
-0.020917
0.000000
0.000000
0.000000
0.000000
0.000000
0.000000
0.000000
0.000000
0.000000
0.000000
0.000000
0.029305
0.049210
0.000000
0.031880
0.000000
0.000000
-0.040716
0.001226
0.000000
-0.000488
0.027087
0.095390
-0.054863
0.007674
-0.003142
-0.048053
0.045124
0.002565
0.000000
0.026465
0.000000
0.000000
0.000000
-0.057089
-0.033708
0.282607
0.077609
0.018098
-0.032795
0.016235
0.013170
0.140743
0.044614
0.000000
0.000000
0.012081
-0.016563
-0.033453
-0.083081
-0.006781
-0.034129
-0.044284
0.022598
0.000000
-0.037185
0.000000
0.000000
0.034878
-0.012873
0.000000
-0.000031
0.273257
-0.007724
-0.045541
0.000000
0.018834
0.000000
-0.022423
0.044696
0.002236
0.024660
-0.018067
0.005333
0.000000
0.000000
0.000000
0.000000
0.000000
0.000000
0.000000
-0.022840
-0.010138
0.000000
-0.044423
-0.002621
-0.035183
0.005836
-0.043859
0.000000
0.002012
0.000000
0.000000
0.000000
-0.035183
-0.011908
0.034892
0.000000
-0.023264
0.027447
0.000000
0.000000
0.000000
0.001754
-0.076805
-0.040523
0.000000
-0.088971
0.071797
-0.006735
0.000000
-0.012329
0.017134
0.001014
-0.014364
-0.009744
0.070289
-0.015024
0.000000
-0.028227
-0.026069
0.000000
-0.014473
0.000000
0.016878
0.000000
0.070002
-0.032378
0.005084
0.000000
0.000000
0.000000
0.000000
0.000000
0.000000
0.000000
0.000000
0.000000
0.000000
0.000000
0.000000
0.000000
0.000000
0.000000
0.000000
0.000000
0.000000
0.000000
0.000000
0.000000
0.000000
0.000000
0.000000
0.000000
0.000000
0.000000
0.000000
0.000000
0.000000
0.000000
0.000000
0.000000
0.000000
0.000000
0.000000
0.000000
0.027936
-0.033530
0.000000
0.000000
0.001891
0.000000
0.000000
0.000000
0.000000
0.000000
0.000000
0.000000
-0.004014
0.005149
-0.038040
-0.005155
-0.000225
0.000000
0.000000
0.000000
0.000000
0.000000
0.000000
0.070092
0.000000
0.000000
-0.059034
-0.012090
-0.004490
-0.024224
0.000000
0.000000
0.000000
0.000000
0.000000
0.000000
0.000000
0.000000
0.007320
0.000000
0.000000
0.000000
0.000000
0.000000
0.000000
0.000000
0.000000
0.000000
0.000000
0.000000
0.000000
0.000000
0.000000
0.000000
0.000000
0.000000
0.000000
0.000000
0.000000
0.000000
0.000000
0.000000
0.000000
0.000000
0.000000
0.000000
0.000000
0.000000
0.000000
0.000000
0.000000
0.000000
0.000000
0.000000
0.000000
0.000000
0.000000
0.000000
0.000000
0.000000
0.000000
0.000000
0.000000
0.000000
0.000000
0.000000
0.000000
0.000000
0.000000
0.000000
0.000000
0.000000
0.000000
0.000000
0.000000
0.000000
0.007338
-0.068688
-0.011008
-0.034335
0.012246
0.000000
0.000000
0.015497
-0.129611
0.060082
-0.046411
0.012794
-0.070507
-0.011452
0.008163
0.031587
0.000000
-0.008937
0.014357
-0.006007
0.009820
0.000000
0.000000
-0.007934
0.000000
0.000000
0.000000
0.000000
0.000000
0.000000
0.000000
0.000000
0.011843
-0.027316
-0.012208
-0.035316
-0.011994
0.018763
0.018206
0.002252
0.000000
0.008975
0.000000
0.000000
0.000000
0.000000
-0.063153
0.035212
0.000000
-0.016911
-0.036673
0.009148
0.000000
0.040961
0.009214
0.000000
0.000000
0.000000
0.000000
0.084246
0.000000
0.009788
0.000000
0.000000
0.000000
0.000000
0.000000
0.000000
0.000000
-0.023461
0.016903
0.000000
0.000000
0.000000
0.000000
0.000000
0.000000
0.000000
0.000363
0.000000
0.030426
-0.006383
-0.020383
-0.007612
0.000000
0.000000
0.114170
-0.018941
0.016412
0.000000
0.000000
0.000000
0.000000
0.000000
0.000000
-0.023762
0.000000
0.000000
0.109173
0.009630
0.000000
0.000000
0.000000
0.000000
0.000000
-0.025684
-0.069556
0.000000
0.000000
-0.042980
0.421011
0.119242
0.004835
0.000000
-0.083676
-0.005046
0.021704
0.000000
-0.006166
0.000000
0.067604
-0.041098
-0.024330
-0.057295
-0.031425
0.000000
0.000000
0.000000
0.017277
0.000000
0.000000
0.000000
0.000000
-0.012672
0.003159
0.000000
0.000000
0.000000
-0.011667
0.000000
-0.110935
-0.072672
-0.054379
0.011682
0.000000
-0.047154
-0.041662
-0.003062
-0.032477
0.215400
0.103337
0.004115
0.000000
0.000000
0.201007
0.019435
0.113345
0.009681
0.162291
-0.029658
-0.021024
-0.057141
-0.081536
0.000369
0.001948
0.121023
-0.008554
0.000000
0.000000
0.000000
0.000000
0.000000
0.000000
0.000000
0.000000
0.000000
0.000000
0.000000
0.000000
-0.003051
-0.044040
-0.017234
0.037067
0.019312
-0.022053
0.000000
0.065907
0.044925
-0.035044
0.006032
0.000000
0.000000
0.000000
0.000000
0.000000
0.000000
0.000000
0.000000
0.000000
0.000000
-0.017102
0.002182
0.000000
0.000000
-0.013430
0.000000
0.000000
0.000000
0.000000
0.000000
0.000000
0.011385
0.034028
0.000000
0.014140
-0.053739
0.000000
0.006545
0.069645
-0.008200
0.025399
0.002624
-0.118921
-0.016895
-0.016560
0.000000
0.000000
0.000000
0.000000
0.004466
0.000000
0.000000
0.036736
0.000000
0.005330
0.000000
0.000000
0.000000
0.000000
0.000000
0.000000
0.000000
0.000000
0.000000
0.000000
0.000000
0.000000
0.000000
0.000000
0.000000
0.000000
0.000000
0.000000
0.000000
0.000000
0.700315
0.004382
-0.005413
0.000000
-0.005726
0.000000
0.000000
0.000000
-0.009054
-0.015087
-0.004037
0.000000
0.000000
-0.000924
0.000000
-0.162789
-0.029668
-0.007246
0.000000
0.004755
0.000000
0.000000
0.000000
0.001896
0.000000
0.000000
0.000000
0.000000
0.000000
0.000000
0.000000
0.000000
0.000000
0.000000
0.000000
-0.077705
-0.036116
-0.034789
-0.068032
-0.040417
0.008246
-0.011036
0.000000
0.000000
0.000000
-0.035403
-0.025800
0.024240
-0.007862
0.000000
0.000000
0.000000
-0.003458
0.000000
0.000000
0.000000
0.032050
0.001003
0.000000
0.000000
0.000000
0.000000
0.018007
0.000000
-0.006735
-0.022723
-0.052134
-0.024682
0.000758
-0.010548
-0.028593
0.000000
0.000000
0.000000
0.000000
0.171902
-0.036035
0.004338
0.000000
0.000000
-0.023102
-0.000902
-0.046431
0.138115
0.019755
-0.006359
0.000000
0.032288
-0.039594
0.049067
0.002077
0.000000
0.000000
0.000000
-0.072318
0.026596
0.000000
-0.020988
-0.009767
-0.062596
-0.042583
0.000000
0.019220
-0.029968
-0.019092
-0.020076
0.000000
0.000000
0.029006
0.000000
-0.001762
0.003884
0.101448
-0.030980
0.000000
0.000000
-0.040141
0.016362
0.000000
0.000000
0.000000
0.000000
0.000000
0.013580
-0.052955
-0.028096
-0.011337
0.000000
-0.053573
0.015415
-0.014382
0.000000
-0.115938
-0.020444
0.000000
0.000000
0.000000
-0.089383
0.002917
0.000000
0.023041
0.000000
0.025278
-0.043448
-0.017283
-0.011442
-0.049739
-0.022823
0.005636
-0.066328
-0.048958
0.000000
0.030087
0.000000
-0.001598
0.000000
0.019108
0.239872
-0.015339
0.000000
0.000000
0.000000
-0.031643
0.057085
0.000000
0.000000
-0.011542
0.000000
0.000000
-0.013126
0.000000
0.000000
0.000000
-0.002287
0.000000
0.000000
0.000000
0.000000
0.000000
0.047066
-0.017823
-0.091571
0.000000
-0.053505
-0.025539
0.000000
0.000000
-0.006604
-0.007961
0.000000
0.000000
0.000000
0.000000
0.000000
-0.008169
0.003788
0.000000
0.000000
-0.008333
-0.058785
0.134934
-0.069846
-0.018361
-0.008087
0.000000
0.000000
0.000000
0.000000
0.000000
0.000000
0.000000
0.000000
0.000000
0.000000
0.000000
0.000000
0.000000
0.000000
0.000000
0.044761
0.000000
0.000000
0.008236
-0.047269
0.052333
0.000950
0.003166
0.000000
0.000000
0.000000
-0.014212
0.000000
0.000000
0.000000
0.007900
0.006642
0.000000
0.000000
0.000000
0.000000
0.000000
0.015358
-0.007025
-0.019013
0.042860
0.024243
-0.067099
0.005448
0.000000
0.000000
0.000000
0.000000
0.000000
-0.010307
-0.021835
-0.034295
-0.070213
-0.003518
0.025412
-0.035899
-0.035526
0.010542
-0.012192
0.000000
-0.022591
0.000000
0.000000
0.000000
0.004896
0.000000
0.000000
0.000000
-0.001863
-0.020663
0.000000
0.000000
0.017242
0.000000
0.000000
0.000000
0.000000
0.000000
0.000000
0.000000
0.000000
0.000000
0.000000
0.000000
0.000000
0.000000
0.000000
-0.077846
-0.041818
-0.039287
0.019206
0.000000
-0.003365
0.000000
0.000000
0.000000
0.000000
0.000000
0.000000
0.000000
-0.066370
-0.010187
0.000000
0.000000
0.000000
0.000000
0.000000
0.000000
0.022341
-0.036527
0.021464
-0.021406
-0.009550
-0.071143
0.000000
-0.037604
-0.049457
-0.008056
0.000000
0.000000
0.023851
0.005039
0.000000
0.000000
0.000000
-0.017154
-0.008511
-0.025516
0.000000
0.000000
0.034116
0.026316
0.053553
-0.004506
-0.016636
0.005643
-0.010448
0.000000
0.000000
-0.002108
0.000000
0.000000
0.018139
-0.029177
-0.050266
-0.010725
-0.041539
0.000000
0.000000
-0.030736
0.005859
-0.003447
0.093362
0.106465
0.014523
0.009136
-0.091551
-0.052567
0.003501
0.000000
0.000000
0.000000
0.000000
0.000000
0.000000
0.028470
-0.022675
-0.051765
0.034352
-0.006099
-0.013809
0.005764
-0.044159
-0.090766
-0.020148
0.000000
0.000000
0.004310
0.000000
0.000000
-0.024314
-0.008008
-0.049514
0.000000
0.059323
-0.061537
0.000000
0.025499
0.055586
-0.039237
-0.000039
0.086871
-0.015128
0.000000
0.000000
0.000000
0.005612
0.165342
-0.001431
-0.035277
0.069624
0.000000
0.000000
0.007327
-0.022146
-0.021409
-0.000037
0.000000
0.001253
-0.006165
0.000000
-0.023302
0.000000
0.000000
0.000000
0.000000
-0.046396
-0.033000
-0.022770
-0.009435
0.057604
0.000000
0.000000
0.000000
0.000000
0.000000
0.000000
0.000000
0.000000
0.000000
0.000000
0.000000
0.000000
0.000000
0.000000
0.000000
0.000000
0.000000
0.000000
0.000000
0.000000
0.000000
0.000000
0.000000
0.000000
0.000000
0.000000
0.000000
0.000000
0.000000
0.000000
0.000000
0.000000
0.064414
0.000000
0.000000
0.000000
0.000000
0.000000
0.000000
0.000000
0.000000
0.004540
-0.076073
0.008010
0.000000
0.000000
-0.032814
-0.024694
0.000000
0.000000
0.000000
-0.006422
0.145031
-0.031637
0.018695
-0.081565
0.000000
-0.158024
-0.011609
-0.038147
-0.033962
0.000000
-0.010333
0.000000
0.005558
-0.119731
0.016718
0.000000
0.000000
0.000000
0.000000
0.000000
0.000000
0.000000
0.000000
0.000000
0.000000
0.000000
0.000000
0.000000
0.000000
-0.014849
0.222677
0.003005
0.000000
0.000000
0.000000
0.000000
0.000000
0.000000
0.000000
0.000000
0.000000
0.000000
0.000000
0.000000
0.000000
0.000000
0.000000
0.000000
0.000000
0.000000
0.000000
0.000000
0.000000
0.000000
0.000000
0.000000
0.000000
0.000000
0.000000
0.000000
0.000000
0.000000
0.000000
0.000000
0.000000
0.000000
0.000000
0.000000
0.000000
0.000000
0.000000
0.000000
0.000000
0.000000
0.000000
0.000000
0.000000
0.000000
0.000000
0.000000
0.000000
0.000000
0.000000
0.000000
0.000000
0.000000
0.000000
0.000000
0.000000
0.000000
0.000000
0.000000
0.000000
0.000000
0.000000
0.000000
0.000000
0.000000
0.000000
0.000000
0.000000
0.000000
0.000000
0.000000
0.000000
0.000000
0.000000
0.000000
0.000000
0.000000
0.000000
0.000000
0.000000
0.000000
0.000000
0.000000
0.000000
0.000000
0.000000
0.000000
0.000000
0.000000
0.000000
0.000000
0.000000
0.000000
0.000000
0.000000
0.000000
0.000000
0.000000
0.000000
0.000000
0.000000
0.000000
0.000000
0.000000
0.000000
0.000000
0.000000
0.000000
0.000000
0.000000
0.000000
0.000000
0.000000
0.000000
0.000000
0.000000
0.000000
0.000000
0.000000
0.000000
0.000000
0.000000
0.000000
0.000000
0.000000
0.000000
0.000000
0.000000
0.000000
0.000000
0.000000
0.000000
0.000000
0.000000
0.000000
0.000000
0.000000
0.000000
0.000000
0.000000
0.000000
0.000000
0.000000
0.000000
0.000000
0.000000
0.000000
0.000000
0.000000
0.000000
0.000000
0.000000
0.000000
0.000000
0.000000
0.000000
0.000000
0.000000
0.000000
0.000000
0.000000
0.000000
0.000000
0.000000
0.000000
0.000000
0.000000
0.000000
0.000000
0.000000
0.000000
0.000000
0.000000
0.000000
0.000000
0.000000
0.000000
0.000000
0.000000
0.000000
0.000000
0.000000
0.000000
0.000000
0.000000
0.000000
0.000000
0.000000
0.000000
0.000000
0.000000
0.000000
0.011131
0.000000
-0.055964
-0.049267
-0.016634
0.020836
0.000000
0.000000
-0.125071
0.019433
0.040510
0.022307
0.000000
0.000000
0.000000
0.000000
0.000000
0.000000
0.000000
0.000000
0.000000
0.000000
0.000000
0.000000
0.000000
0.000000
0.000000
0.000000
0.000000
0.000000
0.000000
0.000000
0.000000
-0.026539
0.000000
0.000000
0.000000
0.000000
0.000000
0.000000
-0.089214
-0.037477
-0.000187
0.009096
0.015248
0.000000
0.000000
-0.002365
-0.071913
0.000000
-0.002661
0.000000
0.000000
0.000000
0.000000
0.000000
0.000000
0.000000
-0.001598
-0.021355
0.043604
-0.007151
0.016234
-0.197888
-0.021328
-0.059080
0.037399
-0.030121
0.007234
0.010500
-0.015968
-0.039889
-0.001804
0.000000
0.000000
0.000000
0.000000
0.000000
0.000000
0.000000
0.000000
0.000000
0.000000
0.000000
0.000000
0.000000
0.000000
0.000000
0.000000
0.000000
0.000000
0.000000
0.000000
0.000000
0.000000
0.000000
0.000000
0.000000
0.000000
0.000000
0.000000
0.000000
0.000000
0.000000
0.000000
0.000000
0.000000
0.000000
0.000000
0.000000
0.000000
0.000000
0.000000
0.000000
0.000000
0.000000
0.000000
0.000000
0.000000
0.000000
0.000000
0.000000
0.000000
0.000000
0.000000
0.000000
0.000000
0.000000
0.000000
0.000000
0.000000
0.000000
0.000000
0.000000
0.000000
0.000000
0.000000
0.000000
0.000000
0.000000
0.000000
0.000000
0.000000
0.000000
0.000000
0.000000
0.000000
0.000000
0.000000
0.000000
0.000000
0.000000
0.005175
0.000000
0.017973
-0.029406
0.004099
-0.122098
0.013087
-0.042153
0.019708
-0.001542
-0.029762
-0.043938
0.001684
-0.043352
0.017287
0.026661
-0.002114
-0.001447
0.000000
0.023120
-0.058431
-0.024359
0.000000
0.000000
0.000000
-0.013607
0.000000
-0.051714
0.000000
-0.025220
0.067494
-0.010839
-0.007036
-0.004941
0.005356
0.027853
0.032406
0.009316
0.000000
0.001078
-0.008116
-0.048191
0.014377
-0.043522
0.028450
0.008101
-0.027558
0.000000
0.023745
-0.028641
0.000000
0.000000
-0.029920
0.000000
0.000000
0.000000
0.000000
0.000000
0.000000
0.000000
0.000000
0.000000
0.000000
-0.011351
0.000000
0.044759
-0.012233
-0.019773
0.000000
0.000000
-0.018879
-0.088533
0.004831
-0.007262
0.058804
0.190737
-0.016823
-0.025314
0.055800
0.000000
0.047094
-0.025760
0.003894
0.000000
-0.010396
-0.018327
0.022949
0.000000
0.000000
-0.073499
0.043771
0.000000
0.000000
-0.045813
-0.030592
0.013748
-0.003317
0.002877
0.000000
-0.014821
0.221449
-0.075343
-0.055653
0.091478
-0.033187
-0.010280
-0.027373
-0.009792
0.000000
0.000000
0.000000
0.000000
0.000000
0.000000
0.000000
0.000000
0.000000
0.000000
0.000000
0.000000
0.000000
0.000000
0.000000
0.000000
0.000000
0.000000
0.000000
0.000000
0.000000
0.000000
0.000000
0.000000
0.000000
0.000000
0.000000
0.000000
0.000000
0.000000
0.000000
0.000000
0.000000
0.000000
0.000000
0.000000
0.000000
0.000000
0.000000
0.000000
0.000000
0.000000
0.000000
0.000000
0.000000
0.000000
0.000000
0.000000
0.000000
0.000000
0.000000
0.000000
0.000000
0.000000
0.000000
0.000000
0.000000
0.000000
0.000000
0.000000
0.000000
0.000000
0.000000
0.000000
0.000000
0.000000
0.000000
0.000000
0.000000
0.000000
0.000000
0.000000
0.000000
0.000000
0.000000
0.000000
0.000000
0.000000
0.000000
0.054838
-0.022784
0.000000
-0.092662
-0.057941
0.063430
0.000000
-0.001091
0.000000
0.000000
0.000000
0.000000
0.000000
0.000000
0.000000
0.000000
0.000000
0.000000
0.000000
0.000000
0.000000
0.000000
0.000000
0.000000
0.000000
0.000000
0.000000
0.000000
0.000000
0.000000
0.000000
0.000000
0.000000
0.000000
0.000000
0.000000
0.000000
0.000000
0.000000
0.000000
0.000000
0.000000
0.000000
0.000000
0.000000
0.000000
0.000000
-0.021685
-0.017114
-0.002204
0.000000
0.000000
0.000000
0.163163
-0.050355
0.000000
0.164527
0.001550
0.000000
-0.013653
0.000000
0.000000
-0.004758
-0.044274
0.011468
0.011876
0.001213
-0.077659
-0.027792
0.037023
-0.083732
0.094090
-0.027308
0.045720
0.024734
0.065350
-0.006647
-0.084743
-0.023105
0.092689
0.000000
0.000000
0.000000
-0.065060
0.003180
-0.012157
0.000000
0.000000
0.000000
0.000000
0.000000
0.000000
0.000000
0.058425
-0.018416
0.000000
-0.041216
0.012188
-0.034859
0.000000
-0.016773
-0.006251
0.007094
0.086059
0.009191
0.006960
0.000000
0.000000
0.000000
-0.016271
0.092525
-0.019214
-0.062590
0.043028
-0.026754
-0.006190
0.002174
-0.229055
-0.001440
-0.024882
0.000000
0.000000
-0.006343
-0.018613
-0.066881
0.000000
-0.005563
0.000000
-0.097544
-0.000843
0.071212
-0.010024
0.000000
0.000000
-0.001314
0.000000
0.000000
0.046754
0.011989
0.000000
0.000000
0.000000
0.000000
0.000000
0.000000
0.000000
0.000000
0.000000
0.000000
0.000000
0.000000
0.000000
0.000000
0.000000
0.000000
0.000000
0.000000
0.000000
0.000000
0.000000
0.000000
0.000000
0.000000
0.000000
0.000000
0.000000
0.000000
0.000000
0.000000
0.011169
0.000000
-0.026172
0.000000
0.037879
-0.005882
0.000000
0.000000
0.000000
0.047912
0.000000
0.070616
-0.028051
-0.042015
-0.078236
-0.043565
-0.016768
0.000000
0.000000
0.000000
0.000000
0.000000
0.000000
0.037725
0.083492
-0.031625
-0.004869
-0.090979
-0.010914
0.053179
0.003106
0.000000
-0.054638
-0.000442
0.000000
-0.013873
0.000000
0.000000
0.000000
0.082323
0.000000
0.000000
-0.001513
-0.037931
-0.048074
0.000000
0.146924
0.013683
-0.001287
0.000000
0.006210
0.000000
0.000000
0.016500
-0.015707
-0.040090
0.021074
-0.051587
0.051001
-0.086437
-0.132496
-0.024948
-0.064078
0.013825
0.000000
0.000000
0.000000
0.000000
0.000000
0.000000
0.000000
0.000000
0.000000
0.000000
0.000000
0.000000
0.000000
0.000000
0.000000
0.000000
-0.009696
-0.032058
0.023432
0.000000
0.051797
-0.091110
-0.051847
-0.006261
0.000000
0.000000
0.000000
-0.000367
0.000000
0.000000
-0.025735
0.032063
0.007831
0.199886
-0.031796
0.000000
0.000000
-0.003263
0.000000
0.007425
-0.016411
0.028295
-0.007127
0.009972
0.094631
-0.012902
0.113726
-0.024765
0.001114
0.038620
-0.030425
0.043534
0.000000
-0.001495
0.000000
0.022221
-0.096430
0.027146
0.000000
0.029025
0.002483
-0.018983
-0.022687
0.000000
0.000000
0.000000
0.000000
-0.024134
-0.042900
-0.031202
-0.011856
-0.006335
0.000000
0.000000
0.000000
0.000000
0.007718
0.000000
-0.038605
-0.084411
0.021957
-0.026284
0.024848
0.000000
0.000000
0.000000
0.000000
0.024732
0.026931
0.000000
0.017992
0.005750
-0.001304
0.000000
0.171127
-0.030787
0.000000
0.000000
0.000000
0.000000
0.000000
-0.005153
-0.020203
0.000000
-0.009276
0.000000
0.000000
0.000000
0.029356
-0.020564
-0.029553
-0.027423
-0.005668
0.045472
0.082043
-0.002814
-0.016395
-0.030277
-0.090491
0.069340
0.030505
0.000000
0.000000
0.007835
-0.002116
0.000000
0.000000
0.000000
0.000000
0.000000
0.000000
0.000000
0.072350
0.144761
0.018525
0.014953
-0.034610
-0.040601
0.077473
-0.044898
-0.020528
-0.014519
-0.041378
0.004867
-0.013407
-0.002653
0.000843
0.021141
-0.001042
0.000000
0.000000
0.000000
0.000000
0.000000
0.000000
0.000000
0.000000
0.000000
0.000000
0.000000
0.000000
0.000000
0.000000
0.000000
0.000000
0.000000
0.000000
0.000000
0.000000
0.000000
0.000000
0.000000
0.000000
0.000000
0.000000
0.000000
0.000000
0.000000
0.000000
0.000000
0.000000
0.000000
0.000000
0.000000
0.000000
0.000000
0.000000
0.000000
0.000000
0.000000
0.000000
0.000000
0.000000
0.000000
0.000000
0.000292
0.016547
0.008166
0.000000
-0.026858
-0.020319
0.008753
0.123023
0.026009
-0.005102
0.000000
0.000000
0.000000
0.000000
0.000000
0.000000
0.000000
0.000000
0.000000
0.000000
0.000000
0.000000
0.000000
0.000000
0.000000
0.045918
0.000000
-0.016248
-0.064500
-0.025615
0.044949
-0.025620
-0.019067
0.008112
0.163952
0.000000
-0.001918
0.000000
0.146190
0.142448
0.026953
-0.061179
-0.025693
0.000000
-0.055207
-0.025893
0.000000
0.000000
0.087435
-0.012557
-0.001468
-0.027834
0.000000
0.000000
0.000000
-0.000543
0.000000
0.000000
0.000000
0.000000
0.000000
0.000000
0.000000
0.000000
0.000000
0.000000
0.000000
0.000000
0.000000
0.000000
0.000000
0.000000
0.000000
0.000000
0.000000
0.000000
0.000000
0.000000
0.000000
0.000000
0.000000
0.000000
0.000000
0.000000
0.000000
0.000000
-0.020833
-0.032837
0.000000
0.000000
0.000000
-0.007974
0.000000
0.000000
0.014420
0.000000
0.000000
0.000000
0.000000
0.000000
0.000000
0.000000
0.000000
0.000000
0.000000
0.000000
0.000000
0.000000
0.000000
0.000000
0.000000
-0.024239
0.029671
0.000000
0.008971
0.000000
0.007653
-0.060131
0.018804
0.000000
0.000000
0.000000
-0.020486
0.015562
0.043650
0.001245
0.092727
-0.013492
0.000000
0.000000
0.000000
-0.014152
-0.011248
0.000000
0.000000
0.000000
0.000000
0.111972
0.000000
0.000000
0.000000
0.000000
0.000000
0.000000
-0.014031
-0.006206
0.000000
0.000000
0.012156
0.000000
-0.031983
0.210258
0.003954
0.043194
0.003932
0.000000
-0.001884
0.000000
0.000000
0.088825
0.000000
0.058704
0.041547
-0.048431
-0.024492
-0.061975
-0.006861
0.077991
-0.011438
0.000000
0.000000
0.000000
0.000000
0.000000
0.000000
0.000000
0.000000
0.000000
0.000000
0.000000
0.000000
0.000000
0.000000
0.000000
0.000000
0.000000
0.000000
0.000000
0.000000
0.000000
0.000000
0.000000
0.000000
0.000000
0.000000
0.000000
0.000000
0.000000
0.000000
0.000000
0.000000
0.000000
0.000000
0.000000
0.000000
0.000000
0.000000
0.000000
0.000000
0.000000
0.000000
0.000000
0.000000
0.000000
0.000000
0.000000
0.000000
0.000000
0.000000
0.000000
0.003512
-0.014567
0.003757
0.000000
0.000000
0.000000
0.000000
0.000000
0.000000
0.000000
0.000000
0.000000
0.000000
0.000000
0.000000
-0.085180
0.064715
0.000000
0.000000
0.000000
-0.039757
0.000000
-0.012210
0.000000
0.000000
0.000000
-0.022376
-0.042566
-0.041810
-0.044754
-0.034599
-0.021877
0.097350
-0.130640
0.080302
0.038551
0.080793
0.000000
-0.016040
-0.072641
0.027322
-0.008245
0.000000
0.000000
0.005317
-0.070929
0.118835
-0.045592
-0.019930
0.000000
0.000000
0.000000
-0.011627
-0.039402
0.029278
-0.014424
0.000000
0.024071
0.000000
-0.038959
-0.045283
-0.018881
0.072238
0.074831
0.027975
-0.048165
0.018613
-0.035504
0.014645
0.000000
0.000000
0.000000
0.027387
0.000000
-0.016396
0.000000
0.000000
0.000000
0.000000
0.000000
0.000000
0.000000
0.000000
0.000000
0.000000
0.000000
0.000000
0.000000
0.000000
0.000000
-0.027345
0.000000
0.000000
0.000000
-0.025711
0.000000
0.000000
0.000000
0.008378
0.000000
0.025146
0.000000
0.000000
0.039877
-0.024376
0.004134
0.000000
0.000000
0.000000
0.000000
0.000000
0.000000
-0.001720
-0.009846
0.010668
0.000000
0.000000
0.000000
-0.014240
0.000000
0.000000
0.000000
0.000000
0.000000
0.000000
0.001591
0.000000
-0.012085
-0.071464
-0.009608
-0.028667
0.016734
-0.011205
0.000000
0.013480
-0.007842
-0.038765
-0.084902
0.022049
0.038474
-0.020552
-0.033555
-0.033017
0.009417
0.000000
0.000000
-0.009110
0.000000
0.000000
0.000000
0.000000
0.000000
0.000000
0.000000
-0.025320
0.009886
0.018754
0.000000
0.000000
0.000000
0.000000
0.000000
0.000000
0.000000
0.000000
-0.064902
0.054873
0.000000
0.045690
-0.039641
-0.053516
-0.023952
0.044463
0.030578
-0.001613
-0.063601
0.045053
0.036639
0.000000
-0.002927
0.007445
0.107647
0.076246
-0.010576
-0.001582
0.000000
0.000000
-0.015070
-0.003394
-0.014921
0.002412
-0.009789
0.000000
0.000000
0.036961
0.013414
0.037868
-0.024101
-0.036802
-0.002073
0.000000
0.000000
0.000000
0.000000
0.000000
0.000000
0.000000
0.000000
0.000000
0.000000
0.000000
0.000000
0.000000
0.000000
0.000000
0.000000
0.000000
0.000000
0.000000
0.000000
0.000000
0.000000
0.000000
0.000000
0.000000
0.000000
0.000000
0.000000
0.000000
0.000000
0.000000
0.000000
0.000000
0.000000
0.000000
0.000000
0.000000
0.000000
0.000000
0.000000
0.000000
0.000000
0.000000
0.000000
0.000000
0.000000
0.000000
0.000000
0.000000
0.000000
0.000000
0.025416
-0.057837
0.001635
-0.077122
0.000000
0.000000
0.068628
-0.031499
0.011473
0.004118
0.004949
0.000000
0.000000
0.000000
0.000000
0.000000
-0.001342
-0.005684
-0.005445
-0.016234
0.025065
0.000000
-0.029317
0.000000
0.050121
0.001421
0.000513
0.000000
0.000000
0.000000
0.000000
0.000000
0.037371
-0.004133
0.021454
-0.066074
-0.034617
0.000000
-0.011330
0.000000
0.009579
0.001855
0.000000
0.042975
-0.088114
-0.010994
0.005804
-0.001385
-0.007789
0.017916
0.045118
-0.005108
-0.002351
0.023560
-0.027592
-0.012744
0.005800
0.000000
-0.003499
-0.019997
0.003844
-0.001638
0.059179
0.034062
0.000000
-0.032140
0.000000
-0.069213
0.095496
0.000000
0.029297
0.022627
0.041421
-0.117058
0.018506
0.010630
-0.026387
0.018028
0.035179
0.002061
0.000000
0.000000
0.000000
-0.054719
-0.006342
0.021008
0.000000
0.000000
-0.006095
-0.002465
0.004675
-0.010114
0.005209
0.002836
-0.116294
-0.015240
-0.043041
0.042779
0.165411
-0.058757
-0.024673
0.000000
0.011753
-0.010195
0.000000
0.000000
0.000000
0.020030
-0.018713
0.025824
0.012304
0.088714
0.001619
-0.020273
-0.040415
-0.048237
0.068596
0.091058
-0.087823
0.014514
0.035998
0.000000
0.000000
0.000000
-0.093562
0.218441
-0.021325
-0.009285
0.000000
0.000000
0.000000
0.000000
0.000000
0.000000
0.000000
0.000000
0.000000
0.000000
-0.005411
0.000000
-0.001726
-0.068334
-0.020348
0.000000
0.000000
0.000000
0.000000
-0.117356
0.010719
-0.086931
-0.012686
0.000000
0.000000
0.038474
0.057698
-0.050208
-0.013415
0.064238
0.073883
0.003778
0.000000
0.000000
0.000000
0.000000
0.000000
0.000000
0.000000
0.000000
-0.015212
0.016487
-0.063330
0.000387
0.000000
0.000000
0.000000
0.000000
0.000000
0.000000
0.050541
-0.017667
0.000000
0.000000
0.000000
0.000000
0.000000
0.000000
0.000000
0.000000
0.000000
0.000000
-0.019125
-0.023441
0.025510
-0.025550
0.000000
0.036987
-0.004384
0.009461
0.043199
-0.004242
0.000000
-0.062609
-0.019911
-0.032788
0.000000
-0.009354
0.001510
0.007963
0.000000
-0.007267
0.000000
0.000000
0.000000
-0.021515
-0.033533
0.000000
-0.028239
0.000000
-0.038801
0.000000
-0.035501
-0.171606
0.012308
0.016179
0.000000
0.000000
0.000000
0.000000
0.000000
0.000000
0.007701
0.000000
0.003462
-0.021578
0.022459
-0.080377
-0.007297
0.000000
0.000000
0.000000
0.000000
0.000000
0.000000
0.000000
0.000000
0.000000
0.000000
0.000000
0.000000
0.000000
0.000000
0.000000
0.000000
0.000000
0.000000
0.000000
0.000000
0.000000
0.000000
0.000000
-0.072168
-0.022110
-0.016772
0.000000
0.000000
0.000000
-0.047055
0.021970
0.054080
0.000000
0.009658
0.001156
0.000000
0.000000
0.000000
0.000000
0.000000
0.000000
0.000000
0.000000
0.000000
0.000000
0.000000
0.000000
0.000000
0.000000
0.000000
0.000000
0.000000
0.000000
0.000000
0.000000
0.000000
0.000000
0.000000
0.000000
0.000000
0.000000
0.000000
0.000000
0.000000
0.000000
0.000000
0.000000
0.000000
0.000000
0.000000
0.000000
0.000000
0.000000
0.000000
0.000000
0.000000
0.000000
0.000000
0.000000
0.000000
0.000000
0.000000
0.000000
0.000000
0.000000
0.000000
0.000000
0.000000
0.000000
0.000000
0.000000
0.000000
0.000000
0.000000
0.000000
0.000000
0.000000
0.000000
0.000000
0.000000
0.000000
0.000000
0.000000
0.000000
0.000000
0.000000
0.000000
0.000000
0.000000
0.000000
0.000000
0.000000
0.000000
0.000000
0.000000
0.000000
0.000000
0.000000
0.001302
0.000000
0.000000
-0.021077
-0.053312
-0.040057
-0.001841
0.000000
0.000000
-0.004385
-0.094595
0.096349
-0.006481
0.000000
0.000000
0.000000
0.000000
-0.029377
0.005996
0.003415
-0.026712
-0.035110
0.020205
0.000000
0.013040
-0.032561
-0.021755
0.000000
0.000000
-0.004071
0.097000
0.000000
0.000000
-0.030059
0.026977
0.024946
0.000000
0.019220
-0.037083
-0.004368
-0.023876
0.006623
-0.008473
0.000000
0.000000
0.000000
0.019586
-0.007311
0.000000
0.000000
0.000000
0.000000
0.000000
0.000000
0.007937
-0.021879
0.000000
-0.042290
0.012618
0.000000
0.000000
-0.056848
0.223433
-0.032211
-0.017447
0.000000
-0.011670
-0.008455
-0.029519
-0.001450
0.000000
0.000000
0.000000
0.000000
0.000000
0.000000
0.000000
0.000000
0.015858
0.000000
0.000000
0.000000
0.000000
0.000000
0.000000
0.000000
0.000000
0.000000
0.000000
0.000000
0.000000
0.000000
0.000000
-0.011430
-0.018318
0.000000
0.000000
0.000000
0.000000
0.000000
0.000000
-0.026225
0.011059
-0.004063
-0.017331
0.006738
0.014132
-0.027091
0.000000
0.000000
-0.042533
0.020511
-0.015611
-0.013054
-0.007139
0.000000
0.000000
-0.043313
-0.146251
-0.050025
-0.021839
0.011818
0.000000
0.000000
0.000000
0.000000
0.000000
0.000000
0.000000
0.000000
0.000000
0.063763
-0.020995
-0.021322
0.000000
0.000000
0.000000
-0.006359
-0.015494
0.314248
-0.056751
-0.044581
-0.002515
0.000000
-0.097211
-0.022366
-0.001471
-0.055162
0.005965
0.000000
0.000000
0.000000
0.000000
0.000000
0.000000
0.000000
0.000000
0.000000
0.000000
0.000000
0.000000
0.000000
0.000000
0.000000
0.000000
0.000000
0.000000
0.000000
0.000000
0.000000
0.000000
0.000000
0.000000
0.001737
0.000000
0.000000
0.000000
0.000000
0.049826
0.000000
-0.045504
-0.026505
-0.019735
-0.019812
-0.004339
0.000000
0.000000
0.000000
0.000000
0.000000
0.000000
0.000000
0.023813
-0.016273
0.033957
-0.012765
0.000000
0.000000
0.018041
0.000000
-0.033503
0.000000
0.000000
-0.003224
-0.003722
0.000000
-0.000205
0.000000
0.012708
-0.038568
-0.002442
0.000000
0.000000
0.000000
0.013026
-0.033545
-0.038578
0.053063
0.026296
0.000000
0.000000
-0.053449
0.212110
0.004483
0.663172
-0.032065
-0.080316
0.173622
0.008495
0.000000
0.000000
0.000000
0.000000
0.000000
0.000000
0.000000
0.000000
0.000000
0.000000
0.000000
0.000000
0.000000
0.000000
0.000000
0.000000
0.000000
0.000000
0.000000
0.000000
0.000000
0.000000
0.000000
0.000000
0.000000
0.000000
0.000000
0.000000
0.000000
0.000000
0.000000
0.000000
0.000000
0.000000
0.000000
0.000000
0.000000
0.000000
0.000000
0.000000
0.000000
0.000000
0.000000
0.000000
0.000000
0.000000
0.000000
0.000000
0.000000
0.000000
0.000000
0.000000
0.000000
0.000000
0.000000
0.000000
0.000000
0.000000
0.000000
0.000000
0.000000
0.000000
0.000000
0.000000
0.000000
0.000000
0.000000
0.000000
0.000000
0.000000
0.000000
0.000000
0.000000
0.000000
0.000000
0.000000
0.000000
0.000000
0.000000
0.000000
0.000000
0.000000
0.000000
0.000000
0.000000
0.000000
0.000000
0.000000
0.000000
0.000000
0.000000
0.000000
0.000000
0.000000
0.000000
0.000000
0.000000
0.000000
0.036495
0.000000
0.000000
-0.053027
0.036047
-0.017419
0.001619
0.000000
0.034382
-0.037375
0.000000
0.000000
0.000000
0.000000
0.000000
0.000000
0.000000
0.000000
0.000000
0.000000
0.000000
0.000000
0.000000
0.000000
-0.046733
0.082973
-0.005666
0.000000
0.000000
0.000000
0.000000
0.003285
0.000000
0.000000
0.000000
0.012422
0.094407
-0.055641
-0.046281
-0.009708
0.000000
0.000000
0.000000
0.059606
0.029024
0.005178
0.086040
-0.003625
0.000000
0.000000
0.000000
0.000000
0.000000
0.000000
0.000000
0.000000
0.000000
0.000000
0.000000
0.000000
0.000000
0.000000
0.000000
0.000000
0.000000
0.000000
0.000000
0.000000
0.000000
0.000000
0.000000
0.000000
0.000000
0.000000
0.000000
0.000000
0.000000
0.000000
0.000000
0.000000
0.000000
0.000000
0.000000
-0.010016
-0.023112
0.000000
0.000000
0.000000
0.000000
0.000000
0.000000
0.000000
0.000000
0.000000
0.000000
0.000000
0.000000
0.000000
0.000000
0.000000
0.000000
0.000000
0.000000
0.000000
0.000000
-0.000673
-0.006020
0.000000
0.000000
0.037044
0.000000
0.000000
0.000000
0.000000
0.000000
0.000000
0.000000
0.072440
0.037767
-0.005513
0.029121
-0.002773
-0.051354
0.000000
0.012293
0.000000
0.000000
0.000000
0.000000
0.000000
-0.004808
-0.047903
0.006465
0.061863
-0.049208
-0.032952
0.010723
0.000000
0.000000
0.000000
0.000000
0.000000
0.000000
0.000000
0.135867
0.024224
0.000000
0.000000
-0.046037
0.006013
0.002866
0.002764
-0.009570
0.010027
0.003610
-0.004508
-0.003571
0.008529
0.000000
0.021235
-0.052503
0.017308
-0.088410
0.553974
0.036558
0.000000
0.000000
0.000000
0.000000
-0.025130
0.000000
0.000000
-0.008395
-0.009024
0.000000
0.000000
0.000000
0.000000
0.000000
0.000000
0.000000
0.000000
-0.031071
-0.007677
0.000000
0.000000
0.000000
0.000000
0.000000
0.000000
0.000000
0.000000
0.000000
0.000000
0.000000
0.000000
0.000000
0.000000
0.000000
0.000000
0.000000
0.000000
0.020548
0.027049
0.000000
0.000000
-0.023449
0.000000
0.004294
-0.015103
0.000000
0.000000
-0.008811
-0.149356
-0.020025
0.000000
0.000000
0.000000
0.006660
0.000000
0.000000
0.002586
0.000000
0.000000
0.000000
0.000000
0.000000
0.000000
-0.086332
0.025754
0.000000
-0.107089
0.000000
-0.053916
-0.041938
-0.012635
0.005909
0.000000
0.000000
0.000000
0.000000
-0.044308
-0.059558
-0.085581
-0.038955
-0.026264
-0.006934
0.044585
0.104971
-0.001115
-0.002995
-0.010107
-0.081220
-0.078017
0.000289
0.000000
-0.055759
-0.055233
-0.067614
-0.006391
-0.029254
-0.048937
-0.021661
0.000000
0.000000
0.000000
0.000000
0.000000
-0.059303
-0.109830
-0.024540
-0.001157
0.041428
-0.012075
0.000000
-0.297614
-0.056990
-0.008103
0.000000
0.000000
0.000000
0.000000
-0.001990
0.000000
-0.010749
0.009205
0.000000
-0.007879
0.000000
0.000000
0.000000
-0.016846
-0.003873
-0.026480
-0.006440
0.031053
-0.019315
-0.015632
0.049533
0.016971
0.000000
0.000000
-0.037958
-0.035666
0.000000
0.013778
0.003297
0.000000
0.000000
0.000000
0.000000
0.000000
0.000000
0.000000
0.000000
0.000000
0.000000
0.000000
-0.023877
0.054854
0.000000
0.000000
-0.042760
0.031205
-0.047058
-0.020118
0.012627
0.070969
-0.021206
-0.004387
0.000000
0.000000
0.000000
0.000000
-0.029996
0.018432
0.000000
0.026846
0.026051
-0.062325
0.012392
0.000173
-0.002188
-0.032829
0.000000
0.000000
0.003150
0.006942
0.000000
0.026714
0.028166
-0.022888
0.033349
0.018458
0.000000
0.000000
0.000000
-0.020017
0.001594
-0.039295
-0.012105
0.009527
0.056144
-0.117966
-0.018767
0.000000
0.000000
0.000000
0.000000
0.000000
-0.013242
0.000000
0.000000
0.000000
0.025669
0.000000
0.000537
-0.031819
-0.062900
-0.003135
0.033280
0.026520
0.056973
0.244686
-0.132836
0.040569
-0.019846
0.021853
-0.102144
0.062461
0.076694
0.000000
-0.003068
-0.012081
0.051953
0.208569
0.172735
-0.029862
-0.013031
0.000000
0.000000
-0.003105
0.000000
0.000000
0.000000
0.000000
0.071637
-0.008011
0.017825
0.030145
-0.056057
0.000000
-0.095885
0.038945
-0.031297
0.009038
-0.007847
0.000000
0.000000
0.000000
0.000000
0.000000
-0.051317
0.008140
0.000000
0.000000
0.000000
0.000000
-0.103352
-0.004643
-0.009599
-0.016726
0.000000
0.319575
0.024971
-0.049469
0.004258
-0.086272
-0.012391
0.000000
0.000000
0.045076
-0.027236
-0.097628
-0.032853
0.000000
0.030241
-0.035105
0.001649
0.000000
0.000000
-0.013355
0.000000
0.000000
0.000000
0.065624
0.012245
-0.008033
0.000000
0.053678
0.031756
0.232502
0.025047
0.004228
-0.056410
0.040154
0.010986
0.009130
0.000000
0.086004
0.000000
0.165806
-0.026268
0.028437
0.075887
0.000000
0.000000
0.000000
0.000000
-0.049601
0.008047
0.000000
-0.024087
0.000000
0.003963
0.072517
-0.010392
0.000000
-0.015579
0.004401
0.005222
0.000217
0.015333
-0.011350
-0.003775
0.044903
0.000000
0.013816
-0.037587
0.000000
0.020380
0.000276
-0.023476
0.000000
-0.030436
-0.019533
0.000000
0.000000
0.003718
0.000944
-0.021330
0.000000
0.029533
0.340095
-0.032091
0.024314
0.000313
-0.064562
0.030651
0.000000
-0.015642
0.008587
-0.005676
0.158982
0.041036
0.000000
0.037001
-0.044225
0.000000
-0.017638
0.012346
0.022101
0.038918
-0.043753
-0.010924
0.000000
0.000000
0.000000
0.000000
0.000000
0.000000
0.000000
-0.026722
0.019535
-0.005833
0.002417
0.000000
0.050053
-0.011359
0.000000
0.000000
0.000000
0.027081
0.039897
-0.006706
0.000000
0.000000
0.053862
0.059276
0.000000
0.000000
-0.001474
-0.069863
0.000000
-0.018619
0.000000
-0.014110
0.000000
-0.022214
-0.010757
0.034246
-0.000728
-0.040568
0.000000
0.022887
-0.001876
-0.008974
-0.028085
-0.032100
0.000000
0.081294
0.006045
0.021709
0.021794
-0.002249
0.006988
0.045002
-0.009970
-0.024646
-0.009249
0.000000
0.000000
0.000000
0.000000
0.000000
0.000000
0.000000
0.000000
0.000000
-0.011708
-0.038192
0.000166
0.000000
0.000000
0.024485
-0.060772
0.000000
-0.011653
-0.006192
0.105694
-0.180162
0.033155
0.005965
0.016471
0.000000
0.053158
0.049959
-0.003674
-0.043319
0.015764
-0.009202
0.000000
0.000000
0.029700
-0.025234
-0.071241
-0.007372
-0.053451
0.000000
0.026550
0.000000
0.013453
-0.026927
-0.056382
0.029054
-0.040530
-0.040045
-0.043254
-0.022366
0.000000
0.017326
0.070485
0.006310
0.049415
-0.008542
0.019881
0.000000
0.000000
-0.001129
0.000000
0.000000
0.022537
0.000000
0.000000
0.000000
0.016181
0.015724
0.000000
-0.032331
0.000049
0.080469
0.000000
-0.022392
-0.027680
0.149055
-0.003621
-0.073270
-0.029660
0.000000
0.000000
0.000000
0.000000
0.000000
0.000000
0.032060
-0.060887
-0.005719
0.035504
-0.000881
0.000000
0.000000
0.026718
0.000321
0.004431
0.016078
0.000000
0.000000
0.000000
0.085135
0.016894
0.030315
0.000000
0.054274
-0.042570
0.000000
-0.049469
0.000000
0.000000
0.012191
0.129245
-0.004255
0.047044
0.000000
0.016639
0.070664
0.024102
-0.070188
-0.024416
0.000000
-0.030506
0.044641
-0.053516
0.000000
-0.004850
0.000000
0.000000
0.006356
0.000000
-0.045140
0.000000
0.000000
-0.017332
0.000000
0.000000
0.000000
0.000000
0.000000
0.000000
0.000000
0.000000
0.017389
-0.009019
0.000000
0.000000
0.002784
0.024496
0.000000
-0.027672
0.000000
-0.021398
0.008403
0.000000
-0.011125
-0.026009
0.048161
0.038989
-0.091992
0.032531
-0.001734
-0.002295
-0.005136
-0.032781
0.000000
0.028649
0.043237
0.000670
-0.059754
0.041514
0.006094
0.000000
-0.004061
0.047869
-0.017988
0.004846
-0.013809
-0.014557
0.010551
-0.016583
-0.008862
0.034411
-0.051040
0.000000
-0.008337
0.013366
0.000000
0.040631
0.018212
-0.006828
-0.039125
-0.003146
0.006206
0.058514
0.053107
-0.045316
0.029823
-0.020397
-0.100889
0.008149
0.000000
0.000000
-0.021613
-0.000135
0.026727
0.038474
0.007686
0.002305
0.000000
-0.009110
0.000000
-0.006032
-0.000964
-0.053516
-0.097994
-0.024732
0.000000
0.008649
-0.002467
0.008442
-0.004215
0.002420
0.000000
0.000000
0.000000
-0.026166
-0.041691
0.029330
-0.000306
-0.010827
-0.020014
0.226111
0.154210
-0.001786
0.000000
0.000000
-0.049597
-0.037466
0.010394
0.000000
0.007043
0.087423
0.001633
0.009996
-0.025712
-0.018310
0.061368
-0.035430
0.001114
0.000000
0.000000
0.000000
0.020462
-0.000031
-0.028534
-0.041537
0.097554
0.034903
0.074539
0.001398
0.000000
-0.037504
-0.050296
0.000000
0.000000
0.000000
0.000000
-0.044066
-0.009421
-0.053512
0.037029
0.000000
-0.088255
-0.022918
-0.001065
0.000000
0.000000
-0.053356
-0.106627
-0.079342
-0.029208
-0.047732
0.225295
0.039502
-0.048193
0.072080
0.130059
0.017523
0.059886
-0.032737
-0.034141
0.004631
0.000000
0.000000
0.005968
0.000000
-0.008860
-0.058274
-0.007095
-0.005062
0.000000
0.000000
-0.017619
-0.030820
-0.037984
-0.012508
-0.049380
0.024950
-0.064604
0.018699
0.021574
0.033132
0.010395
0.000000
0.000000
0.022680
-0.002476
-0.001174
0.062494
0.000000
0.000000
-0.027078
0.000000
0.000000
0.000000
0.007429
-0.083517
0.001063
-0.025921
0.274280
-0.129364
0.037215
-0.011464
0.002368
-0.014394
0.000000
0.000000
0.001751
0.011469
0.066449
0.006406
0.000000
0.000000
0.000000
0.000000
0.000000
-0.020912
-0.019822
0.004811
-0.021576
0.044610
0.004039
0.000773
0.000000
0.000000
0.000000
0.000000
0.000000
0.000000
0.014074
0.025718
0.000000
0.000000
-0.046777
0.000000
0.000000
0.000000
-0.031042
-0.010927
0.000000
-0.064436
-0.008466
-0.017905
0.088340
-0.033621
0.007533
0.006335
0.006910
0.004500
-0.003031
0.003106
0.000000
-0.041620
-0.020748
-0.020482
-0.039207
0.000000
0.043955
0.062560
-0.022508
0.016036
0.013500
0.000000
0.000000
0.000000
0.000000
0.000000
0.000000
0.000000
0.000000
-0.067968
-0.011041
0.142376
0.028742
-0.049463
-0.048500
-0.027701
-0.011922
0.000000
0.108829
0.002175
0.000000
-0.065745
-0.087161
0.037008
-0.004643
0.111525
0.000000
-0.049218
0.123318
-0.009246
0.000000
0.000000
0.000000
0.000000
0.032089
0.000000
0.000000
0.042452
0.000000
-0.000567
-0.013263
-0.015983
-0.009757
0.077242
0.040331
-0.012985
0.021451
0.039828
-0.060630
0.018482
-0.005190
0.000000
0.000000
0.000000
-0.011632
0.000000
0.000000
0.000000
0.000000
0.000000
0.005440
0.000000
0.007517
-0.046098
-0.022639
-0.066035
0.103551
0.200515
0.240768
-0.003971
-0.077247
-0.077299
-0.017032
0.100271
0.043353
-0.008219
0.049490
0.000000
0.000000
-0.215208
0.000000
0.000000
0.000000
0.000000
-0.015138
0.060142
-0.071322
0.020122
0.044912
0.019607
0.000000
-0.018260
-0.002506
0.000000
-0.025382
0.102804
-0.026307
-0.008073
0.000000
-0.135260
0.016431
0.000000
0.000000
-0.050428
-0.022980
-0.030699
0.000000
-0.002200
0.000000
0.000000
-0.029774
-0.173812
0.000000
-0.010621
-0.177897
0.003276
-0.015379
-0.039725
-0.034810
0.000000
0.000000
0.014669
0.009361
0.009247
-0.047711
0.004863
-0.003299
0.085543
-0.034157
-0.003986
0.000000
0.000000
-0.014915
-0.046543
-0.000870
-0.029112
0.000000
0.000000
-0.016707
0.000000
0.000000
0.000000
0.000000
0.000000
0.000000
0.000000
0.005000
0.000000
0.012028
0.000000
0.000000
0.000000
0.000000
0.000000
-0.036570
0.005681
0.000000
0.000000
-0.054634
-0.035912
-0.021529
0.000000
0.000000
0.019470
-0.007923
-0.005266
-0.022375
0.007923
-0.010019
0.066386
0.012001
-0.029068
-0.010334
0.009032
-0.092581
-0.030155
0.018139
0.013031
-0.016518
-0.008293
-0.040374
-0.009314
0.000000
0.000000
-0.060100
0.255728
0.012591
0.018892
0.000000
0.000000
0.000000
0.000000
0.000000
-0.043955
0.000000
-0.011673
0.000000
0.000000
0.012939
-0.000233
-0.041741
-0.001476
0.005402
0.000000
0.008878
0.000000
0.000000
0.148187
-0.019274
0.015514
-0.026082
-0.001691
0.000000
0.000000
0.000000
0.000000
0.000000
0.000000
0.000000
0.030738
0.025838
-0.010850
0.000000
0.000000
0.000000
0.000000
0.000000
0.000186
0.000000
0.000000
0.000000
0.000000
0.000000
0.000000
-0.006336
-0.032817
-0.044652
-0.037706
-0.032565
0.000000
0.000000
0.024324
-0.069127
0.020398
-0.075779
0.013039
0.006878
0.000000
0.000000
0.000000
0.025234
-0.002791
0.000000
0.000000
0.000000
-0.051150
0.007944
-0.027310
0.000000
0.000000
0.002805
0.000000
0.000000
0.000000
0.156805
0.000000
0.000000
0.000000
0.000000
0.016123
0.002610
0.003692
0.000000
0.000000
0.000000
0.000000
0.000000
-0.027736
0.000000
-0.025170
0.004829
0.000000
0.000000
0.000000
0.000197
-0.026764
0.000000
0.000000
0.000000
0.000000
0.016985
-0.010109
0.000000
0.000000
-0.042010
-0.018569
-0.003756
0.000000
0.000000
-0.004142
-0.008452
-0.035472
0.000000
0.000000
0.000000
-0.004940
0.048059
0.000000
0.011468
0.000000
0.000000
0.000215
0.000000
0.000000
-0.013207
-0.035605
-0.004541
0.003447
0.014504
-0.065400
-0.002348
0.017318
0.026978
0.000000
0.000000
-0.014640
0.088072
-0.022904
-0.017141
0.000000
0.000000
0.222354
0.017162
0.000000
0.013313
0.000000
-0.025639
0.000000
0.011841
-0.028569
-0.032602
-0.002595
0.046548
0.000000
0.000000
0.046610
-0.031015
0.000000
-0.020719
-0.007130
-0.052335
0.000000
-0.017524
-0.012341
0.000000
0.000000
0.000000
0.000000
0.000000
0.000000
0.000000
0.000000
0.000000
0.000000
0.004699
0.025670
-0.021364
0.009886
0.000332
0.018145
0.008356
0.006628
0.017210
0.000000
-0.012263
0.000000
0.000000
-0.040243
-0.003678
0.017305
0.021668
0.000000
-0.007586
-0.025689
-0.053360
0.000000
0.012441
-0.041065
-0.018114
0.020094
0.017757
-0.019045
0.017409
0.010793
0.005007
0.000000
0.000000
0.000000
0.000000
0.000000
-0.047633
-0.013135
0.004247
-0.000239
0.000000
0.000000
0.000000
0.000000
0.000000
0.000000
-0.032778
0.002748
0.001123
0.021608
-0.003002
0.005407
-0.104239
-0.029744
-0.017854
0.015918
0.004648
0.017235
-0.009424
0.000000
0.194548
0.019219
0.000000
0.000000
0.068384
0.003011
0.000000
-0.128826
-0.092818
0.057395
-0.008481
-0.039222
-0.016174
0.000000
-0.035304
-0.021274
-0.040225
-0.026668
0.021251
-0.047026
0.000000
-0.015445
0.000000
0.029117
-0.041981
-0.006972
0.000000
-0.038009
0.000000
-0.019140
0.000000
0.000000
-0.008349
-0.015601
0.014611
0.000000
-0.000629
0.000000
0.000000
0.000000
0.000000
0.000000
0.000000
0.000000
0.000000
0.000000
0.000000
0.000000
0.023098
0.000000
-0.023069
-0.060768
0.054784
0.028274
-0.007431
0.051988
0.000000
0.000000
-0.006598
0.004971
0.000000
-0.003500
-0.022822
-0.092850
0.193822
0.015886
0.000000
0.012215
0.000000
-0.007190
-0.009273
0.000000
0.000000
-0.036529
-0.015693
0.000000
0.000000
0.157774
-0.007479
0.149115
-0.069590
0.022469
0.020066
-0.040274
-0.004201
0.076863
-0.005532
-0.028933
0.064789
0.032813
0.019380
0.010427
-0.017243
-0.024481
-0.020435
-0.008739
0.000000
-0.029002
0.016191
-0.033859
-0.026366
0.000000
0.008403
0.028880
0.023235
-0.072443
0.009838
-0.093409
0.008442
0.000000
0.041145
-0.050225
0.050107
-0.052112
-0.051519
-0.053886
0.061555
-0.094652
0.040100
0.002065
0.101501
-0.046624
-0.001189
-0.048632
-0.009252
-0.031983
-0.024658
-0.018690
0.000000
0.000000
0.016616
-0.021837
-0.064184
-0.010183
0.000249
0.000000
0.000000
0.000000
0.000000
-0.012604
0.000000
0.000000
0.000000
0.000000
-0.045694
0.007689
-0.009847
-0.024712
-0.027415
-0.050590
0.023410
0.000000
0.000000
0.000000
0.044250
0.000000
0.000000
0.059410
-0.025550
-0.058891
-0.038610
-0.035622
-0.023820
0.093713
-0.039445
0.000000
-0.059184
0.061727
-0.017008
0.013489
0.085627
0.000000
-0.069556
-0.029327
0.000000
0.021286
0.000000
-0.042335
0.018329
0.000000
0.000000
0.000000
0.000000
-0.039559
-0.019870
-0.012343
0.000000
0.000000
0.000000
0.000000
-0.028444
0.000000
0.006140
-0.071306
0.000000
-0.040836
-0.153330
0.006438
-0.052136
0.003390
-0.094104
-0.032187
0.029470
-0.006974
0.000000
0.000000
0.000000
0.002925
-0.083795
0.112468
-0.032487
0.000000
-0.015634
0.000000
0.000000
0.000000
-0.036527
0.030321
0.025332
0.064575
0.016592
0.019953
0.000000
0.000000
0.032504
-0.025207
0.103299
-0.023379
-0.019830
-0.012438
-0.023173
0.023943
0.044617
0.000000
-0.002914
-0.000259
0.006108
0.000000
0.000000
0.000000
0.000000
0.000000
-0.021884
0.016808
-0.005234
0.000000
0.000000
0.000000
0.000000
0.000000
-0.031003
0.000000
0.016203
0.000000
-0.036722
0.000000
0.007049
0.000000
0.000000
0.000000
0.000000
0.000000
0.000000
0.000000
0.000000
0.000000
0.000000
0.000000
0.000000
0.000000
0.000000
0.000000
0.000000
0.000000
0.000000
0.000000
0.000000
0.000000
0.000000
0.000000
0.000000
0.019746
0.000000
-0.003093
0.000000
0.000000
0.000000
0.000000
0.000000
0.000000
0.000000
0.000000
0.000000
0.000000
0.000000
0.000000
0.000000
0.000000
0.000000
0.000000
0.000000
0.000000
0.000000
0.000000
0.000000
0.000000
0.000000
0.000000
0.000000
0.000000
0.000000
0.000000
0.000000
0.000000
0.000000
0.000000
0.000000
0.000000
0.000000
0.000000
0.000000
0.000000
0.000000
0.000000
0.000000
0.000000
0.000000
0.000000
0.000000
0.000000
0.000000
0.000000
0.000000
0.000000
0.000000
0.000000
0.000000
0.000000
0.000000
0.000000
0.000000
0.000000
0.000000
0.000000
0.000000
0.000000
0.000000
0.000000
0.000000
0.000000
0.000000
0.000000
0.000000
0.000000
0.000000
0.000000
0.000000
0.000000
0.000000
0.000000
0.000000
0.000000
0.000000
0.000000
0.000000
0.000000
0.000000
0.000000
0.000000
0.000000
0.000000
0.000000
0.000000
0.000000
0.000000
0.000000
0.000000
0.000000
0.000000
0.000000
0.000000
0.000000
0.000000
0.000000
0.000000
0.000000
0.000000
0.000000
0.000000
0.000000
0.000000
0.000000
0.000000
0.000000
0.000000
0.000000
0.000000
0.000000
0.000000
0.000000
0.000000
0.000000
0.000000
0.000000
0.000000
0.000000
0.000000
0.000000
0.000000
0.000000
0.000000
0.000000
0.000000
0.000000
0.000000
0.000000
0.000000
0.000000
0.000000
0.000000
0.000000
0.000000
0.000000
0.000000
0.000000
0.000000
0.000000
0.000000
0.000000
0.000000
0.000000
0.000000
0.000000
0.000000
0.000000
0.000000
0.000000
0.000000
0.000000
0.000000
0.000000
0.000000
0.000000
0.000000
0.000000
0.000000
0.000000
0.000000
0.000000
0.000000
0.000000
0.000000
0.000000
0.000000
0.000000
0.000000
0.000000
0.000000
0.000000
0.000000
0.000000
0.000000
0.000000
0.000000
0.000000
0.000000
0.000000
0.000000
0.000000
0.000000
0.000000
0.000000
0.000000
0.000000
-0.042207
0.004467
-0.008208
-0.012199
0.000000
0.036894
0.000000
0.000000
0.000000
0.008082
-0.006165
0.000000
0.000000
-0.040234
0.000000
-0.041758
0.009189
0.000000
0.000000
0.000000
0.000000
0.000000
0.000000
0.000000
0.000000
0.001761
0.010755
-0.004083
0.000000
0.032189
0.000000
0.000000
0.000000
0.000000
0.000000
0.000000
0.000000
0.000000
-0.001805
0.000000
0.002428
0.000000
0.000000
0.000000
0.000000
0.000000
0.000000
0.000000
0.000000
0.000000
0.000000
0.000000
0.000000
0.010302
0.000000
0.000000
0.000000
0.000000
0.000000
0.000000
-0.006230
0.000000
0.000000
-0.037895
0.000000
0.044649
-0.038246
0.003567
0.000000
0.000000
0.000000
0.000000
0.000000
0.000000
0.000000
0.000000
0.000000
0.000000
0.000000
0.000000
0.021758
0.012617
0.024145
0.000000
0.000000
0.000000
0.000000
0.000000
-0.009379
0.002410
-0.006146
0.000000
0.000000
-0.005148
0.043177
-0.021651
0.007112
0.000000
0.000000
0.000000
0.000000
0.000000
0.070149
0.000000
-0.021631
-0.000316
-0.004723
0.077893
-0.006638
-0.050086
-0.042294
-0.055543
0.033782
-0.092152
-0.027305
0.021284
-0.008743
0.000000
-0.010999
-0.000521
0.000000
0.000000
0.000000
0.000000
0.000000
0.000000
0.000000
0.000000
0.000000
0.000000
0.032897
0.000000
0.000000
0.059498
-0.042159
0.000000
-0.045569
0.000000
-0.034089
0.003353
0.009942
0.000000
0.000000
0.000000
0.000000
0.000000
0.000000
0.000000
0.000000
0.000000
0.000000
0.000000
0.000000
0.000000
0.000000
0.000000
0.000000
0.000000
0.000000
0.000000
0.000000
0.000000
0.000000
0.000000
0.000000
0.000000
0.000000
0.000000
0.000000
0.000000
0.000000
0.000000
0.000000
0.000000
0.000000
0.000000
0.000000
0.000000
0.000000
0.000000
0.000000
0.000000
0.000000
0.000000
0.000000
0.000000
0.000000
0.000000
0.000000
0.000000
0.000000
0.000000
0.000000
0.000000
0.000000
0.000000
0.000000
0.000000
0.000000
0.000000
0.000000
0.000000
0.000000
0.000000
0.000000
0.000000
0.000000
0.000000
0.000000
0.000000
0.000000
0.000000
0.000000
0.000000
0.000000
0.000000
0.000000
0.000000
0.000000
0.000000
0.000000
0.000000
0.000000
0.000000
0.000000
0.000000
0.000000
0.000000
0.000000
0.000000
0.000000
0.000000
0.000000
0.000000
0.000000
0.000000
0.000000
0.000000
0.000000
0.000000
0.000000
0.000000
0.000000
0.000000
0.000000
0.000000
0.000000
0.000000
0.000000
0.000000
0.000000
0.000000
0.000000
0.000000
0.000000
0.000000
0.000000
0.000000
0.000000
0.000000
0.000000
0.000000
0.000000
0.000000
0.000000
0.000000
0.000000
0.000000
0.000000
0.000000
0.000000
0.000000
0.000000
0.000000
0.000000
0.000000
0.000000
0.000000
0.000000
0.000000
0.000000
0.000000
0.000000
0.002824
0.000000
0.000000
0.000000
0.000000
-0.018837
-0.066576
-0.035967
0.000000
0.019932
0.000000
0.024814
-0.030577
0.000000
0.052452
0.010482
-0.007062
0.000000
0.000000
0.000000
0.000000
0.000000
0.000000
0.000000
-0.022666
-0.025584
0.005602
0.019449
0.042811
-0.002024
0.225035
-0.028008
-0.000599
0.009807
-0.002531
0.040761
-0.039308
0.000000
0.011005
0.050048
0.000000
-0.023137
0.003835
-0.158261
-0.038320
-0.007346
0.024206
-0.011199
-0.106336
-0.006393
-0.004904
0.010069
-0.026369
0.000000
0.000000
-0.044520
0.000000
0.000000
-0.036208
0.021391
-0.035662
0.097107
0.008166
0.000000
0.000000
0.000000
0.007830
0.000000
0.000000
-0.016856
0.000000
-0.033368
-0.028033
-0.051739
-0.050234
-0.087185
0.046348
-0.005692
-0.027738
0.069642
-0.059583
0.088110
0.011701
-0.018115
-0.012829
-0.051771
0.002242
0.000000
0.000000
-0.031771
0.005268
0.014745
-0.024246
0.000000
0.000000
-0.016928
0.000000
-0.003325
0.004206
0.000000
0.000000
0.000000
0.000000
0.000000
0.000000
0.000000
0.000000
-0.010071
-0.051279
0.025105
0.097812
0.000000
0.000000
0.000000
0.000000
0.007661
0.028894
-0.010333
0.117174
0.010486
-0.011710
0.000000
0.000000
0.000000
0.000000
0.034552
0.007840
0.000000
0.000000
0.000000
0.000000
0.000000
0.044011
-0.049005
0.018211
0.000000
-0.035622
0.003492
0.000000
0.000000
0.000000
0.000000
0.000000
0.000000
0.000000
0.000000
0.000000
-0.000104
-0.116438
0.024183
-0.055977
0.018964
0.000000
0.000000
0.000000
0.020079
0.000000
0.000000
0.000000
0.000000
0.000000
0.000000
0.000000
0.000000
0.000000
0.000000
0.000000
0.000000
0.000000
0.000000
0.000000
0.000000
0.000000
0.000000
0.000000
0.000000
-0.013127
0.000000
0.000000
0.000000
-0.014964
0.000000
0.064888
-0.010347
0.000000
-0.045901
0.000000
0.063735
-0.015211
0.000000
0.000000
0.000000
0.000000
-0.069819
0.046160
-0.097091
-0.060260
0.030854
-0.109186
-0.003275
-0.001242
-0.081381
-0.026959
0.013804
0.018629
-0.018700
-0.003329
-0.024566
-0.045410
0.044665
0.000000
0.101332
-0.048180
0.010925
-0.019802
-0.036646
0.010899
-0.145373
0.043225
0.000000
0.010057
0.010350
-0.008067
-0.007666
0.000000
0.000000
0.000000
-0.019705
0.041437
0.000000
0.043366
0.000000
-0.003854
0.000000
0.000000
0.000000
0.000000
0.000000
0.000000
0.000000
0.000000
0.000000
0.000000
0.000000
0.027983
-0.046776
-0.012545
0.000000
0.000000
-0.011214
0.174822
-0.020108
-0.018126
-0.003741
0.000000
0.000000
0.000000
0.000000
0.000000
0.000000
0.000000
0.000000
0.000000
0.000000
0.000000
0.000000
0.000000
0.007707
0.000000
0.027188
-0.081168
0.025911
0.037129
0.000000
0.000000
0.050743
0.000000
-0.091947
0.032129
-0.056559
0.294376
0.023053
-0.024451
0.033042
-0.043180
-0.028899
0.000000
0.000000
0.035862
-0.059580
0.027916
0.013268
-0.085502
0.075136
-0.017131
0.037718
0.000000
-0.149874
0.129855
-0.008574
-0.020463
-0.055809
-0.047054
0.056392
-0.049993
0.028235
-0.040415
-0.011707
0.000000
0.000000
-0.022206
0.044818
0.069331
-0.041172
-0.085142
0.000000
-0.000424
0.000000
0.000000
-0.027213
0.000000
0.000000
0.000000
0.000000
0.000000
-0.027160
0.046266
0.000000
0.000000
-0.021956
-0.012277
-0.006709
0.000000
0.000000
0.000000
0.000000
0.000000
0.040997
-0.023064
-0.040241
0.000000
-0.005001
-0.065307
-0.039198
0.017679
-0.047883
0.019491
0.001234
0.030571
-0.018209
-0.006983
0.000000
0.000000
0.000000
0.000000
0.000000
-0.003677
-0.004873
-0.032722
0.067065
-0.003537
0.017357
-0.028727
0.000000
-0.020965
-0.000602
0.000000
-0.101445
0.023595
0.000000
-0.002520
0.000000
0.000000
-0.010860
0.005391
0.000000
0.032495
0.000000
-0.018480
0.000000
-0.002980
0.005013
-0.009557
0.000000
0.010704
-0.035395
0.123785
-0.024983
0.000000
0.000000
0.046160
0.002428
0.000000
0.000000
0.000000
0.000000
0.000000
0.000000
0.000000
0.000000
0.000000
-0.036502
0.000000
-0.030500
0.050758
0.000000
0.031494
-0.015096
0.092107
-0.033986
0.011559
0.027674
-0.014308
0.000000
0.000000
0.000000
-0.017197
0.000000
0.000000
0.044250
-0.820098
0.021480
0.000000
0.000000
0.000000
0.000000
0.006654
0.021523
0.004254
0.014478
0.005299
0.000000
0.000000
0.000000
0.000000
0.000000
0.000000
0.000000
0.000000
-0.003315
-0.018485
0.000000
-0.002827
0.000000
0.000000
0.000000
0.000000
0.000000
0.000000
0.000000
0.000000
0.000000
0.000000
0.000000
0.000000
0.000000
0.000000
0.000000
0.000000
0.000000
0.000000
0.000000
0.000000
0.000000
0.000000
0.000000
0.000000
0.000000
0.000000
0.000000
0.027319
0.007119
0.053103
0.000000
0.059507
-0.011561
0.000000
0.000000
0.000000
0.000000
0.003671
0.000000
0.000000
0.071193
0.034732
-0.021537
0.030468
0.044577
-0.102540
-0.033500
0.045583
0.000000
0.073575
0.000000
-0.035152
-0.036134
0.000000
0.000000
0.000000
-0.016161
0.000000
0.000000
0.000000
0.000000
-0.048617
-0.039204
-0.011752
0.005790
0.000000
0.014020
-0.002215
0.000000
0.000000
0.000000
0.000000
0.000000
0.000000
0.000000
0.000000
0.000000
0.000000
0.000000
0.000000
0.000000
0.000000
0.000000
0.000000
0.000000
0.000000
0.000000
0.000000
0.000000
0.000000
0.013167
0.000000
0.027450
-0.001221
0.000000
0.000000
0.000000
0.000000
0.000000
0.000000
0.000000
0.000000
0.000000
0.056683
-0.029091
0.000000
0.000000
0.000000
0.000000
0.046617
0.020242
-0.021569
0.000000
-0.017282
-0.010419
0.019246
-0.010303
0.000000
0.000000
0.000000
0.000000
0.000000
0.000000
0.000000
0.000000
0.000000
0.000000
0.000000
0.000000
0.000000
0.000000
0.000000
0.000000
0.000000
0.000000
0.000000
0.004974
0.032958
0.013632
-0.017686
0.000000
0.009391
-0.025906
-0.000849
0.000000
0.000000
0.000000
0.000000
0.000000
0.000000
0.000000
0.000000
0.000000
0.000000
0.000000
-0.002627
-0.025699
0.065644
-0.032910
0.000000
0.000000
0.000000
0.000000
0.000000
0.000000
0.000000
0.000000
0.000000
0.000000
0.000000
-0.066136
0.017266
0.038278
0.000000
0.008071
0.011611
0.000000
-0.015871
0.000000
0.000000
0.000000
-0.001807
0.008989
0.051871
0.041769
-0.012184
-0.010536
-0.013996
0.025260
0.005829
0.000000
0.000000
-0.034532
-0.002492
0.000000
0.000000
0.000000
0.000000
0.000000
0.000000
0.000000
0.000000
0.000000
0.000000
0.000000
0.000000
0.000000
0.000000
0.000000
0.000000
0.000000
0.000000
0.000000
0.000000
0.000000
0.000000
0.000000
0.000000
0.000000
0.000000
0.000000
0.000000
0.000000
0.000000
0.000000
0.000000
0.000000
0.000000
0.006423
-0.000725
0.000000
-0.100621
0.216463
-0.011998
0.000000
0.000000
0.000000
0.059407
0.000000
0.000000
0.000000
-0.018691
0.000000
-0.047321
0.005927
-0.012412
0.210810
-0.018896
-0.034487
0.000000
0.000000
-0.000135
0.000000
0.000000
-0.015700
0.000000
0.000000
0.000000
0.000000
0.000000
0.000000
0.000000
0.000000
0.000000
0.006393
-0.031860
0.000000
-0.014435
0.000000
0.000000
0.000000
0.000000
0.000000
0.000000
0.000000
-0.035169
-0.023021
-0.003714
0.000000
0.000000
0.000000
0.000000
0.000000
0.000000
0.000000
0.000000
0.000000
0.000000
0.000000
0.000000
-0.024579
-0.012298
0.000000
-0.025813
0.000000
-0.037795
-0.012103
0.000000
0.032694
-0.003401
0.000000
-0.027089
0.000000
0.000000
0.000000
-0.000590
-0.010330
-0.013799
0.000000
0.010235
0.000000
0.000000
0.000000
0.003450
0.000000
0.000000
0.000000
0.000000
0.000000
0.000000
0.000000
0.000000
0.000000
0.000000
-0.010081
-0.002096
-0.001309
0.000000
0.000000
-0.056573
-0.015121
0.000000
-0.021379
-0.024625
0.005619
0.000000
0.000000
0.000000
0.000000
0.000000
0.000000
0.000000
0.009808
0.000000
-0.043223
0.169618
-0.034800
-0.022682
-0.165293
0.236232
0.017584
0.000000
0.000000
0.000000
-0.012433
-0.011236
0.000000
0.000000
0.014646
0.069257
0.053794
0.000000
0.002012
-0.040937
0.000000
0.000966
0.000000
0.000000
0.000000
-0.026441
0.000000
0.000000
0.000000
0.000000
0.000000
0.000000
0.000000
0.000000
0.000000
0.000000
0.000000
0.000000
0.188911
-0.025239
0.000000
-0.015121
-0.008677
-0.016829
-0.020758
0.000000
-0.006572
0.532989
-0.022848
0.000000
0.000000
0.043487
0.000816
0.000000
0.000000
0.000000
0.000000
0.000000
0.000000
0.000000
0.000000
0.000000
0.000000
0.000000
0.000000
0.000000
0.000000
0.000000
0.000000
0.000000
0.000000
0.000000
0.000000
0.000000
0.000000
0.000000
0.000000
0.000000
0.000000
0.000000
0.000000
0.000000
0.000000
0.000000
0.000000
0.000000
0.000000
0.000000
0.000000
0.000000
0.000000
0.000000
0.000000
0.000000
0.000000
0.000000
0.000000
0.000000
0.000000
0.000000
0.000000
0.000000
0.000000
0.000000
0.000000
0.000000
0.000000
0.000000
0.000000
0.000000
0.000000
0.000000
0.000000
0.000000
0.000000
0.000000
0.000000
0.000000
0.000000
0.000000
0.000000
0.000000
0.000000
0.000000
0.000000
0.000000
0.000000
0.000000
0.000000
0.000000
0.000000
0.000000
0.000000
0.000000
0.000000
0.000000
0.000000
0.000000
0.000000
0.000000
0.000000
0.000000
0.000000
0.000000
0.000000
0.000000
0.000000
0.000000
0.000000
0.000000
0.019376
0.000000
0.000000
0.000000
0.000000
-0.005739
0.000000
0.000000
0.000000
0.000000
0.000000
0.000000
0.000000
0.000000
0.000000
0.000000
0.000000
0.000000
0.000000
0.000000
0.000000
0.000000
0.000000
0.000000
0.000000
0.000000
0.000000
-0.047163
-0.026323
0.000000
-0.005709
0.000000
0.000000
-0.010384
-0.027250
0.000000
0.000000
0.000000
-0.042631
0.000000
0.000000
0.000000
0.000000
0.000000
0.000000
0.000000
0.000000
0.000000
0.003591
0.000000
-0.031968
-0.036061
0.000000
-0.078290
0.000000
0.000000
-0.030364
0.164563
-0.044078
0.042911
-0.021912
-0.005701
-0.031960
-0.010630
-0.157900
-0.000410
0.008949
0.000000
0.000000
0.000000
0.000000
0.000000
0.000000
0.000000
0.000000
0.000000
0.000000
0.000000
0.000000
0.000000
0.000000
0.000000
0.000000
0.000000
0.000000
0.000000
0.000000
0.000000
0.000000
0.000000
0.000000
0.000000
0.000000
0.000000
0.000000
0.000000
0.042023
-0.028793
0.000000
-0.076242
0.031086
0.000000
0.000000
0.075236
0.002450
0.055229
0.163893
-0.094048
-0.008256
-0.032021
0.010540
-0.010529
0.022809
-0.024245
-0.004051
-0.037174
0.000000
-0.010684
-0.009593
-0.000000
0.156068
-0.036925
0.000141
-0.178734
-0.001339
0.021369
-0.058294
-0.007152
0.000427
0.021369
0.035042
0.052464
-0.021148
-0.004981
-0.019874
0.011541
0.002266
0.000000
0.000000
0.000000
0.000000
-0.032994
0.018830
0.026781
-0.021341
0.001443
0.005556
-0.011040
0.004091
-0.000669
0.000000
0.002276
0.000000
0.003755
0.001979
-0.080325
-0.000669
0.000000
0.110648
-0.023228
0.005408
0.011601
0.075406
0.031085
-0.043163
-0.014442
0.002351
-0.008904
0.009033
0.000000
0.000000
0.010937
0.015109
0.001949
-0.075717
-0.001278
0.000952
-0.059801
-0.040264
-0.010892
-0.032518
-0.009738
-0.010192
-0.060159
-0.005069
-0.017959
0.001014
-0.389591
0.000000
-0.005111
-0.024529
0.005813
0.000000
-0.015213
0.000000
0.021506
-0.068966
-0.097835
0.095585
-0.044214
0.004893
0.135491
0.007925
-0.019899
0.001339
