0.858768
-0.779039
0.245191
-1.623563
2.703253
-0.370105
0.116012
-0.340645
-1.554953
-0.279542
-0.746280
-0.222295
-0.280609
0.000000
-0.263211
-0.464652
-1.122948
0.925051
0.808821
-0.012797
-2.035028
-0.205254
-1.083542
0.031964
-0.470257
-0.109061
0.217211
0.031184
0.167377
-0.085053
0.055963
0.032713
0.285091
-0.068589
-0.261521
-0.248644
0.000000
0.004167
0.111838
-0.164548
0.012402
-0.109061
0.000000
-0.109061
-0.795056
0.000000
-0.207465
0.298894
0.112228
-0.490402
0.283773
0.000000
-0.392217
-0.871480
2.497151
0.049186
0.866735
0.232411
-0.507261
0.000000
0.000000
-0.724462
-0.437072
0.976269
0.656270
-0.051278
0.861708
0.871331
-0.317328
-0.279542
-0.475993
0.923011
1.367585
0.162239
0.000000
0.111838
0.757754
-0.081783
1.564634
0.160985
1.144850
-0.500572
-0.561632
0.114724
0.272276
0.592888
-0.095372
-0.574872
-0.308124
-0.067051
0.008695
-0.104216
-0.608299
-0.453756
1.117950
0.464294
-0.853246
-0.401019
0.000000
0.981907
0.410405
-0.524233
0.553755
0.313666
0.091696
-0.108103
-0.351394
0.135572
-0.827316
-0.086867
-0.580073
0.544304
0.126790
0.009703
0.000000
-0.414806
0.135572
1.936470
0.116012
-0.346451
0.377101
-0.096104
1.639135
-0.004596
0.000000
-0.389942
0.000000
-0.120965
0.696467
-0.183326
-0.677216
-3.079008
0.227720
0.420696
-0.177057
0.030145
0.148136
-0.471895
-0.092373
0.769159
0.079585
-0.507404
-0.206019
-0.252629
-0.559728
0.377305
0.148137
-0.560411
0.513748
-0.166206
0.185220
-0.794389
-0.330192
-1.274897
0.000000
0.018508
0.092961
0.138659
0.024293
0.366800
0.000000
0.232631
-0.252930
0.359216
-0.115832
0.116276
0.273795
0.651537
-0.554131
0.031087
-0.197690
0.039680
0.000564
0.015103
-0.337657
0.706683
-0.352221
-0.056049
0.212475
-0.548890
-0.148266
0.346574
-1.106683
-0.713872
-0.266108
-0.054324
0.057383
0.443680
-0.224050
0.053458
-0.533551
0.271147
0.000000
0.249712
-0.533551
0.000000
0.000000
-0.656774
0.376337
-1.020379
0.153643
1.127936
-0.035571
-0.165862
0.800692
2.708292
-1.106683
5.767015
-0.252629
1.620570
0.290773
0.448076
-0.805420
0.105448
-0.065855
0.277386
0.205286
0.223555
-0.605962
0.279652
4.338248
-0.050207
-0.152775
-0.861077
0.000000
-0.138645
0.465641
-1.218326
0.148136
-0.355261
0.535388
-0.477456
-0.983096
1.394424
0.736391
0.103086
0.911179
-0.681838
0.262611
0.770072
0.082888
0.268282
-0.153057
0.981907
0.345269
-0.875446
-1.374256
-0.483018
0.626994
-0.140368
-0.559728
-1.534552
0.449384
-0.198542
-0.662494
-0.198542
0.051611
0.489722
2.289433
-0.430973
-0.608299
1.524589
0.584978
-0.046925
-1.159450
0.000000
0.810642
0.459498
-0.715153
-0.294580
-1.600825
-0.251812
1.102471
0.018508
0.116012
0.276848
0.324118
0.120576
0.285678
-0.464652
0.033611
-3.421742
0.591982
0.158420
-4.410029
0.904265
-0.701600
0.414256
0.280179
-0.486848
0.116987
-0.440083
0.743950
0.116987
0.810752
-0.320283
-0.354485
-0.560745
0.366766
0.498290
-0.714064
-1.225681
-0.056049
0.103086
-0.675470
-0.706107
0.015103
-1.333652
-0.188704
1.035807
-1.695420
-0.179155
-0.442174
-0.452986
0.338350
-0.554131
-0.486848
0.116987
0.103086
-1.407835
0.882915
0.930117
0.280179
0.484278
-0.378057
-0.082801
-0.138402
0.053458
0.053458
2.110436
2.476372
0.338350
0.000000
-1.070884
1.684847
-0.346451
-0.486848
-0.024592
-0.197138
-0.968984
0.735195
0.338350
0.409201
-0.556711
0.728049
0.000000
0.000000
0.167377
-0.554131
-0.614222
0.896015
-0.247293
-0.547171
1.227931
0.189709
-0.505763
-0.279542
-0.177057
-0.254907
0.805281
0.015103
0.366766
-0.063774
-0.141993
0.252586
0.964294
0.218148
-0.880799
0.419717
0.000000
0.744044
-0.391511
0.148136
0.167377
-0.399994
0.000000
0.178417
-0.177057
0.140935
0.018508
-0.437976
-0.042975
0.374388
0.149810
-0.043299
-0.428120
-0.302884
-1.036806
-0.706418
0.626297
-0.263211
0.110617
-0.137413
0.215397
-0.674453
-0.006575
0.044047
3.109180
-1.335449
-0.549261
0.983802
1.082505
0.396753
-0.258103
0.112228
0.006731
-0.525526
0.322712
-0.573581
0.680588
0.004344
0.464372
0.419637
-0.375704
0.277783
0.319837
-0.205904
0.172381
-0.085875
-0.093983
0.760107
-0.671815
-0.012955
-0.195422
0.570334
-0.163515
-0.052949
-0.658770
0.205969
1.164211
-0.137477
0.234547
0.161726
0.207831
-0.360804
0.366799
-0.265866
-0.187141
-0.091267
0.752591
0.069580
0.112107
-1.351385
-0.219752
-0.013380
0.689899
-0.560411
-0.389308
2.600481
-0.325781
0.448076
-0.377246
0.550274
-0.115119
0.487736
0.290799
0.095690
-0.970575
-4.040395
0.805555
0.336466
-1.832418
0.000000
-0.700211
-1.736869
0.437816
-1.540871
0.000000
0.461640
0.290983
0.123205
-0.047582
-1.325606
0.101690
0.480422
0.441629
0.000000
-1.104124
0.490799
-0.891905
0.277783
-0.838019
0.277783
1.671792
1.016991
0.277783
0.076632
-1.279014
0.000000
0.568735
-0.822100
-0.211673
-0.634128
0.323611
0.980156
0.115380
0.113036
-1.649555
0.320305
-0.754755
-0.282072
-1.328544
-0.272917
0.072850
0.124794
-0.029699
0.290773
0.000000
0.477474
0.031978
-0.560937
0.000000
0.175490
0.250029
1.598448
0.221017
1.395951
0.076244
-1.060064
-3.268294
-0.346451
0.633871
2.005578
-0.085248
-4.085480
-2.750116
0.545109
0.000000
-0.581383
-0.338794
-0.260397
-0.363232
0.274503
-0.392469
0.000000
0.109368
-1.116078
0.516854
-0.336151
0.448260
0.208942
0.323283
0.124179
-0.077657
0.652513
0.131032
0.394109
0.438682
0.472902
-1.070883
0.332781
0.624669
1.121392
-0.293433
1.228891
-0.307629
0.370797
0.332446
0.326801
0.187385
0.489140
0.249640
0.507810
-0.549445
0.000000
3.238503
0.244047
-1.710915
0.314822
0.000000
0.681617
-2.222352
0.165682
-0.524776
0.180149
0.150420
0.106607
-0.679980
0.212855
-0.245903
0.000000
-0.396943
0.237424
0.189655
-0.471895
-0.136679
-0.604038
-0.510597
0.323283
0.336040
-0.763460
0.004167
-0.354485
0.148136
0.060324
0.330520
-0.069233
0.108788
0.149887
0.474387
-0.342716
0.806234
-0.152799
-0.827444
-0.457429
2.253920
2.253920
-0.009047
0.607388
0.078786
-0.391164
0.000000
0.000000
1.128481
0.290983
1.693192
1.410056
-2.537361
0.067064
-0.850925
-0.428340
-0.211911
0.173386
-1.121886
1.922022
0.123095
0.307032
-0.251397
0.081796
-0.030575
0.994081
-0.548399
0.000000
0.000000
0.505933
1.202197
-0.068589
-1.352447
0.060118
0.719678
0.060118
1.546977
1.848302
-0.076477
-1.397868
-0.777358
1.062317
-0.543103
0.001835
-0.037039
-0.002424
-0.669933
1.017881
0.029409
1.578926
0.388957
-0.687821
0.287438
-0.019333
-0.413463
-1.070191
0.236429
-0.614222
1.135788
-0.346451
0.408545
0.866735
0.544086
0.690901
0.742676
-0.091558
-0.882631
-0.310614
-0.340583
-0.201044
-0.222132
0.328084
0.113036
-0.274923
-0.695195
-0.271677
-0.084512
2.273030
-0.014577
1.159725
-0.486848
0.320755
0.075583
-0.330192
-0.554131
-0.198542
0.885050
-0.407363
0.336040
-0.688977
-0.133970
0.217211
-1.193872
-0.245232
-0.039022
-0.039022
0.225918
0.147046
-0.559728
0.022461
-0.295396
-0.292094
0.047570
-0.049588
-0.730257
-0.530327
0.031978
0.174746
0.000000
-0.388342
0.000000
1.152238
1.113564
2.607802
0.185687
-0.176994
0.056459
-0.195289
0.825421
-0.837797
-0.152369
-0.284690
0.489558
-0.109061
0.284112
0.079477
-0.710230
0.344219
0.719678
-0.109583
-0.442325
0.913103
-1.104525
0.000000
-0.627253
-0.311744
-0.093983
-0.147112
0.000000
0.681617
0.167913
-0.284964
0.802211
0.762636
-2.198817
1.126635
0.000000
0.122948
0.188282
0.797298
0.420697
-0.142955
-0.582855
0.046376
-1.108218
0.106607
-0.046319
-0.319851
1.136003
0.573544
0.188282
-0.160992
-0.738384
-2.440934
0.490259
-0.225379
0.742522
-1.068673
0.112748
-0.096104
0.550383
0.352165
0.221643
0.000000
-0.468307
-2.442544
-0.029699
-0.663684
-0.598502
0.112618
0.000000
-0.227922
0.147553
0.930117
-0.693472
-0.164998
0.000000
0.341686
-0.697478
0.227810
0.093961
0.290596
-0.064931
0.946692
1.464140
-1.260811
-0.448515
-0.710230
0.000000
0.003999
-0.019319
1.468190
1.247808
-0.725683
-0.090202
-0.403102
0.000000
0.213499
0.000000
-1.196974
-0.006129
-0.029466
0.004344
0.366800
0.051495
-0.349761
-1.320987
-0.440406
0.004344
0.123095
-0.327665
-0.614222
-0.880799
-0.325781
-0.260575
0.494585
-0.037039
0.157777
-0.548890
0.267852
0.367944
-0.225766
0.000000
-0.496762
-0.594128
0.552362
-1.060064
-0.042023
0.046147
-0.890811
-1.049885
-0.115119
-0.172752
0.155897
0.425202
-0.838019
-0.313373
0.305131
-0.898916
-0.386438
-0.416522
-0.029466
0.694907
0.036468
-0.111470
-0.205546
0.000000
-0.324972
0.336039
0.004344
0.370742
0.103086
-0.020204
0.148136
0.291894
0.054993
0.302759
0.000000
0.889369
0.133830
-0.454881
0.106607
0.476282
0.476282
0.000000
-0.109061
0.004534
-0.233019
-1.241789
0.109368
0.234393
-0.197715
-0.394259
-0.026488
0.192810
-0.481322
-0.308124
-0.408705
0.719649
0.083963
0.129519
0.000000
0.323283
0.305746
0.272276
-1.101956
0.000000
-0.379881
0.039061
3.999472
1.377908
-0.874964
0.000000
-0.470257
-0.706418
-0.615948
-0.406848
2.296444
0.054192
-0.406177
-0.496762
-0.903850
-0.865044
1.094525
-0.288744
0.544670
-0.118232
0.000000
-0.241229
0.721953
-0.338214
0.284809
0.771255
1.321905
-0.104880
-0.938590
0.087206
-0.120965
-0.394073
1.038153
0.296563
0.000000
0.805555
-0.437690
-0.334490
0.110067
0.156040
-1.254749
-0.197138
0.591983
0.345000
0.423541
0.323611
-0.063136
-0.378057
0.940964
0.059267
0.052977
-0.408649
0.117052
0.419118
0.444045
-0.655637
0.371377
0.079477
-0.025274
-0.431310
0.619760
-0.626280
0.906953
-0.099333
-0.518166
-0.257373
-0.069879
-1.071019
0.155897
1.043895
-0.283664
1.058713
-0.978342
0.509912
-0.200241
-0.356002
0.000000
-0.560214
-0.194055
-0.634625
0.423466
0.284112
-0.302884
0.000000
-0.162100
-0.270203
-0.430973
0.205969
0.131775
0.000000
-0.391511
-1.055464
-0.413462
-1.271356
0.076151
2.271382
-0.779855
-0.228827
0.185030
0.000000
-0.430973
-0.095759
0.075572
-0.307629
0.060324
0.323123
0.234682
-0.619107
0.959667
0.579657
-0.354214
-0.030171
0.453286
-0.150405
0.000000
0.365001
1.486649
-0.394955
-0.817026
-0.300537
-1.119991
0.578315
0.087488
-0.508514
0.392903
0.131012
0.023659
0.483313
0.000000
1.416767
0.165181
0.316902
-0.066060
-0.152774
0.632465
-0.642070
0.648878
-0.687821
-0.470277
0.743691
0.095690
-0.333692
0.427225
-0.068589
0.439517
-0.656773
-0.184624
-0.150848
-0.656194
-0.507091
0.706086
-0.714760
-0.538807
-0.179155
-0.557944
-0.669505
-0.672850
-0.524233
0.272276
0.318540
0.890199
0.023047
-0.388621
1.024415
-0.548890
0.009310
0.025745
0.114668
0.723620
-0.590335
-0.174444
1.308351
-0.345463
0.491253
-0.111470
-0.510454
0.026962
0.653607
0.409202
-1.275709
-0.462594
-0.560411
-0.763381
-0.360383
-0.626095
-1.221777
0.712423
0.467329
-0.402239
0.712423
1.227930
0.333358
-0.351506
2.495329
0.153930
-0.076477
-0.076477
-1.397832
1.217024
0.212475
0.605576
0.768424
0.558459
0.000025
0.688019
-0.235026
0.366800
0.046367
0.925009
0.696467
-0.198542
-0.560411
-0.244975
-0.226711
-0.095263
0.122335
-0.381975
0.185220
-0.379881
-0.356688
0.139018
0.139018
-1.179101
1.063487
-0.851225
0.326534
0.023047
0.026289
-0.302606
-0.150446
-1.175301
0.111119
0.477374
-0.011249
-0.588597
0.936817
0.712423
-0.238544
-0.087168
2.185497
0.707545
0.249712
1.648314
0.000000
0.000000
-3.864322
-0.704512
0.000000
-0.547682
-0.095372
-0.424221
1.650202
0.484954
0.173093
0.602253
-0.290209
1.474035
1.489431
0.930791
-0.525526
0.336466
1.721280
-0.029699
1.444392
0.000000
-0.963221
3.755969
-0.523369
-0.626724
0.296531
0.978546
0.155897
-0.188704
-0.007160
-0.485700
-0.308136
-0.142359
-0.831243
0.228408
-0.167118
0.403016
0.268839
0.087488
1.958930
0.124896
-3.421742
-0.120965
0.006128
0.419637
0.314822
-0.934277
0.416754
-0.150405
-0.024471
0.355236
0.143719
0.472063
-0.968538
0.246994
-0.918619
0.591331
-1.058745
-3.812281
0.632975
-0.274923
-0.844600
-0.094807
-0.063774
1.350604
-0.362341
0.485931
0.650090
0.729849
-0.113985
-1.960630
1.680861
-0.900296
0.000000
0.680907
-0.333770
-2.165057
-0.271677
0.077810
0.420166
-0.069403
0.531818
-0.005051
0.459498
0.670796
1.168334
0.839331
0.946692
1.987994
0.237424
0.425477
-0.060708
-0.720420
2.568966
-0.337753
0.509912
0.000000
-0.505763
0.370693
0.421033
0.123095
0.821570
-0.573581
-0.211675
0.719649
-0.678187
-0.111374
2.508990
0.060015
-0.296495
0.562186
-0.559728
0.000000
-0.123261
1.429922
0.000000
-0.349252
0.439517
0.000000
0.976269
1.106370
0.083963
-0.191998
-1.397409
0.123205
-0.198542
-0.912091
-0.030171
-1.287535
0.024743
0.906623
-0.085875
-0.251812
-0.463574
0.250029
0.000000
0.224282
0.245420
2.129288
0.192931
1.560403
-0.145916
2.111498
-0.914900
0.134915
0.507810
0.559440
-0.475767
0.118790
0.133368
-0.039022
-0.669933
-0.086867
-0.000004
0.000000
-0.463574
-0.973917
-0.699415
-0.454085
0.387306
-0.545894
0.156040
0.000000
-0.345157
0.581954
1.948334
0.000000
0.201194
-0.406848
0.330505
-0.162715
-0.512976
0.134915
0.110032
-0.120965
-0.111374
0.441344
0.609839
-0.638041
-0.013096
0.111119
-0.000072
-0.111374
0.070581
0.682323
0.165696
-0.459503
0.764457
-0.224580
-2.171034
1.189528
0.000000
1.159725
-0.292798
0.879259
0.088264
0.187122
0.000000
0.701838
-1.037636
-0.574902
0.791223
-0.588001
0.270355
0.320755
0.103353
0.008695
-0.998116
0.100524
0.000000
-0.211180
-0.643010
0.140430
-0.779855
-0.738384
0.277783
-0.184625
-0.557181
0.370418
0.000564
-0.727408
-0.049588
-0.254907
3.656484
-0.461031
-0.326194
-0.567763
-1.194921
-0.037039
0.000000
0.333715
0.343900
0.008695
-0.549325
0.047684
-0.511610
-0.345848
0.332446
0.000000
-1.747268
-0.179155
0.493415
0.676121
0.750704
-1.401648
0.000000
-0.136679
-0.454723
-0.085248
1.230609
0.124179
0.544627
2.111498
-0.388621
1.127714
0.776735
1.560403
0.032771
0.439686
-0.360616
0.282132
0.867210
0.113262
-0.308136
-0.030134
1.086846
0.515429
0.366283
0.453106
-0.330192
0.085085
0.836301
-5.923873
0.167377
0.562185
0.517992
-0.257373
-0.627253
0.316140
-0.039022
1.008430
0.198466
0.419717
0.127546
-0.397344
-0.145916
-0.056049
-0.333770
0.156040
-0.194395
0.213499
-0.790220
-0.095149
-0.227498
-0.333770
-0.049181
-0.283664
0.451922
-0.535035
0.241177
-0.311743
0.000000
-0.143193
-0.831243
-0.049588
-0.433320
-0.556872
-0.795992
1.008492
-0.688076
0.200930
-0.306908
-0.505858
-0.068589
-0.012797
0.237424
2.564139
0.360876
1.040525
0.312673
0.114158
1.395328
-0.216150
0.493736
-0.495486
-0.413462
1.247808
-0.778655
-0.295800
-1.562939
-0.221336
-0.713902
0.793921
-0.111554
-0.338890
0.604351
0.573764
-2.126596
-0.113273
-1.951486
2.301595
-1.181461
0.237146
-1.008990
-0.130004
-0.308136
-0.110188
-0.272917
0.303456
-0.288744
-0.067205
0.156040
0.148136
-0.178485
-0.166206
0.139018
-0.030134
0.252586
0.740310
0.740310
-0.386438
-0.812912
-0.713126
0.158635
1.714415
0.448081
-0.313373
0.000000
-0.548890
-0.153057
-0.102854
-0.006620
-0.270095
0.000000
-0.985582
-0.030134
-0.433320
0.095690
0.102382
-0.123261
-0.231864
0.601670
0.173656
0.090438
0.316902
-2.585152
-0.111680
-0.681838
0.558547
0.000000
-0.986024
0.323595
0.122185
0.398791
-0.397344
0.076244
-0.626280
-0.051277
-0.122869
0.000000
0.078269
-0.316526
-1.071661
-0.714064
1.215012
0.352165
0.783082
0.087048
-0.680537
0.269641
0.000000
0.757956
-0.201477
1.281341
-0.144689
0.116987
-0.271677
0.081107
0.000000
0.527064
-1.554953
-0.071179
-1.201819
0.323283
0.079585
0.060374
0.777634
-0.295800
0.044604
-0.149839
0.000000
0.057053
-0.149839
0.286519
0.000000
0.237948
-0.625292
-0.265876
-0.704512
-0.583006
-0.245232
0.546573
0.000000
0.254006
0.015103
0.959667
-0.096761
-0.301743
0.000000
1.334296
0.236429
-0.580073
-0.684918
-1.249869
2.089828
1.290839
0.617777
0.079585
0.112107
-1.127071
0.278074
0.383783
-0.012267
0.980156
0.396327
-4.416509
0.000000
-0.936401
-0.431310
0.398165
0.010446
0.290169
-0.473620
2.050058
-1.176270
-0.338214
0.370418
-0.470257
0.600536
-0.355172
0.000000
-0.086807
-0.441544
-0.448515
-0.729371
-0.652969
0.167912
-0.373401
0.351310
0.073517
0.483313
-0.257592
0.143719
-1.094102
0.113406
0.323123
-0.237649
1.214992
-0.506489
-0.140368
-0.181394
0.078304
-0.590770
0.194735
-0.868868
0.001835
0.000000
0.000000
-0.023657
0.476645
-0.363830
0.000000
0.845685
0.656270
0.616948
-0.928387
-0.316526
-0.687821
-0.848150
0.167747
0.079454
0.079454
0.000000
-2.242955
-1.891815
0.000000
0.088264
0.088264
-0.389942
-1.243602
-1.292536
0.783255
-0.577541
-0.020635
-0.261521
-0.570499
-0.508127
1.365316
0.109368
0.556332
-1.360911
-0.064358
2.315195
-0.438211
0.076632
-0.524628
-0.088297
-0.531535
-0.352222
0.341686
0.275448
-0.089571
2.010512
-0.694227
-0.002424
0.123095
-1.465518
0.167568
0.231571
-0.360804
-0.907484
-0.330192
-0.591586
2.992813
-0.196165
0.671053
-1.037867
-0.522224
0.271341
0.114782
0.000000
1.218786
-0.359988
0.000000
1.334156
-0.671815
-0.414240
0.659327
-0.767600
-0.183502
0.331545
0.719649
-0.093983
-0.656774
-0.683034
-0.510454
0.067575
-0.418836
-0.828607
-0.535745
-0.180831
-0.276868
2.591855
-0.591533
0.366800
0.208942
0.165138
-0.106415
0.691853
-0.538807
0.000000
0.866834
-0.050207
-0.172237
-0.628369
-1.775445
0.545683
0.440607
0.142886
0.270355
0.033160
0.615551
-0.288363
-0.357978
3.541329
0.798510
-0.063391
0.283773
-0.123261
0.173093
-0.000403
0.377151
1.684847
-0.778808
-0.405541
-1.022351
0.032956
1.367771
-0.085248
0.408544
-0.097246
-0.047582
0.528857
1.045268
-0.141201
0.102382
-0.085875
0.091999
1.338998
-0.867076
0.953407
1.587383
1.587383
1.288058
0.591983
-0.070103
0.981583
-0.632449
-0.197376
0.196624
0.752591
0.167747
0.422964
-0.450235
0.350315
-0.458946
-0.025274
-0.094666
-0.638093
-0.210777
0.169075
0.706086
-0.043510
-0.389308
0.882915
-0.450235
0.188282
-0.096104
0.278074
0.245420
0.150420
0.336039
0.285687
0.000000
0.000000
-0.030134
0.173265
0.208942
-0.402344
0.114668
0.534002
0.077553
-2.330526
-0.389252
-0.383777
-0.053343
0.620767
0.836301
-0.392470
0.000000
0.687465
-0.046319
-0.152178
-0.342329
0.508262
0.564766
-1.059707
-0.092373
-0.173531
0.105955
-0.041059
-0.310472
-0.216150
-0.019333
0.441005
0.740406
1.526219
-0.206444
-0.051278
0.000000
-0.147112
-1.108218
-0.002423
0.035978
-0.547098
-1.332117
0.139018
0.000000
0.000000
0.337716
-0.006620
0.159382
-0.921737
-0.067542
-0.595416
0.652513
-1.720825
-0.402239
-0.464295
-1.995692
-0.514530
0.000000
-0.655357
0.069349
0.504102
-0.454384
0.060324
-0.283664
-0.876750
0.000000
0.109368
0.976712
1.193131
-0.030171
0.085676
-0.138299
0.270355
-0.097246
-0.084005
-0.724667
-0.552172
0.793921
-1.785732
0.000000
0.000000
-0.524003
-0.184624
-0.177565
-1.368409
0.816081
-0.138402
0.202083
-0.256845
-0.471365
0.947587
-1.564160
0.323123
-0.177057
-0.883713
0.072850
0.148136
-0.345823
0.409071
-0.450514
0.032713
-0.887299
-0.037039
-0.429268
-1.787814
-1.068406
3.308395
-1.914411
0.171973
-0.340583
0.105955
-0.806121
-0.920853
-0.963793
0.918607
0.398041
0.965974
-0.419661
0.836301
0.017856
-0.163192
-1.407835
-0.356002
0.246253
0.087048
-0.540431
0.008695
0.122846
0.037155
1.161806
-0.575865
0.665636
-0.506719
0.102735
0.659797
0.069349
-0.205546
-0.093983
1.421635
0.000000
0.217433
0.979997
0.000000
0.836301
0.215983
-0.257336
0.004167
0.290983
0.285458
0.212585
0.212585
0.000000
0.082633
0.000000
-1.068673
0.556497
1.145838
0.284809
-1.084081
0.806759
0.000000
0.664013
0.000000
-0.282398
0.326292
0.232411
-1.224801
1.376655
0.196624
-0.000499
0.000000
0.087488
0.902041
0.301901
-0.672850
-1.785732
0.448076
-0.142994
-0.207861
0.000000
0.318349
2.341642
0.074113
0.387932
0.213499
-0.295800
0.728049
0.237805
0.000000
0.000000
0.111045
0.404617
0.116012
-0.037039
-0.091990
0.512710
-0.095263
0.284112
0.404137
-0.471365
0.330505
3.026198
0.285091
0.422468
-0.111582
0.762636
-1.213459
-0.113985
0.533601
0.133220
-1.898355
-0.695939
0.545683
-1.217057
-0.337232
0.707953
-0.338214
-0.128319
0.078269
-0.077657
-0.118232
-0.177565
-0.470257
-0.439586
0.135572
0.585664
-0.080446
-0.679434
-0.454384
0.405061
0.559385
0.000000
0.114147
-0.248644
0.000000
0.012703
0.296339
0.174746
0.000000
1.761888
0.105955
-0.014040
-0.563113
-0.179891
0.775527
0.419717
-0.115119
0.632160
-0.063392
0.082017
-0.899952
0.000000
0.178417
0.323283
-0.068589
-0.317936
-0.525526
0.339252
-0.222132
-0.286588
0.420697
-0.403138
-0.698313
-0.039022
2.185733
-0.402668
-0.067205
-0.173531
-0.231939
0.000000
0.060324
0.135572
0.450842
0.000000
-0.317936
-0.357978
0.060324
0.246994
1.131212
0.184949
-0.153057
-1.237904
-0.120450
-0.403102
0.114259
-0.225766
0.326801
0.000000
0.490799
0.430799
0.439979
0.072910
-0.092373
0.000000
-0.154056
0.633767
-0.101476
-0.180973
0.723180
-0.391164
0.083398
-0.470986
-0.427289
-0.373401
0.022860
0.000000
0.246507
-0.295800
0.552628
0.316902
0.183010
0.000000
0.517107
0.393309
0.000000
-0.207861
-0.687821
-0.145349
-0.043510
0.000000
-0.899919
0.743691
-0.254907
0.000000
0.000000
-0.558307
0.012703
0.632160
1.115473
0.764457
0.385816
0.346151
1.189528
-1.240009
0.000000
-0.138475
-0.159177
0.130613
1.592634
0.347911
0.018509
-1.292536
-0.446271
-2.100774
0.000000
-0.747046
3.048422
1.714415
0.425451
-0.091990
0.769159
0.180149
-0.470986
0.043935
-0.194371
1.034155
-0.627985
0.368114
-0.705198
-0.035571
-0.039569
-0.968538
-0.439034
0.448260
0.556564
0.275250
0.501548
0.000000
-0.480095
0.112748
-0.128319
0.000000
0.000000
0.508262
0.509705
0.928903
-0.549445
0.000000
-0.240507
-0.150405
-0.767323
-0.614696
-0.052537
0.670575
-0.288363
0.636142
0.228408
-0.832586
-0.543515
-0.389308
0.701925
-0.143193
0.050183
-0.166206
0.000000
0.378084
-0.549445
0.963041
0.000000
-0.151710
-0.378057
0.249640
0.035082
-0.552977
-0.522701
-0.438643
0.881243
0.025398
0.014726
0.091787
-0.100553
0.475999
0.902041
-0.403649
-0.258273
-0.973940
0.162396
0.150420
-0.917547
0.534002
0.000000
-1.278267
-0.162697
0.046367
0.077553
-0.293386
-0.404445
0.507810
-0.470865
0.000000
0.249712
-1.141298
-0.631542
-0.913928
0.268282
-2.892448
0.448260
0.811134
1.566804
0.031964
0.688019
-0.004298
-0.111680
-1.214506
0.047671
0.029969
0.549819
-0.625292
-0.136193
1.175920
0.775527
-0.747358
0.335372
-0.222132
-0.591025
0.000000
0.253316
0.335675
-0.652973
0.820904
0.887097
-0.258056
0.000000
-0.014040
0.212855
0.080902
1.053780
0.143719
-0.251182
0.417515
-0.195953
0.197899
0.874111
-0.817209
0.676121
0.000000
0.466856
0.663109
-0.747722
1.477394
-0.561079
-0.250071
-0.308136
-0.679828
-0.173018
0.000000
0.266285
0.072224
-0.042576
0.188282
-0.268922
0.701366
0.709973
-0.328898
-0.332739
0.703499
0.000000
0.083066
0.000000
-0.366447
0.588789
0.228298
0.517991
-0.660891
1.043895
-0.590910
0.000000
-0.229621
-0.109583
-0.341862
0.477374
-0.357978
0.187111
-0.511243
-0.576080
0.574029
1.265281
0.030145
1.088131
-0.344911
0.077553
-0.469807
-0.221335
0.480296
0.234547
-1.547682
-0.110070
1.789754
0.509912
-0.037039
-0.368284
0.000000
1.084831
0.987530
-0.241158
0.000000
-0.245809
0.419717
0.116012
-1.138312
-0.310168
0.008939
0.000000
-0.241607
-0.548202
-0.201805
0.393382
2.796940
-0.652969
-0.548035
-0.583851
1.516957
0.750817
0.682323
0.000000
0.000000
-0.739596
0.974321
0.228408
0.067064
1.164329
0.000000
0.083398
0.664779
-0.288744
-0.284306
-0.503900
0.360367
-1.595043
0.635933
0.016559
-0.095881
0.076862
-0.244322
0.646551
1.746299
0.107552
-0.295800
-0.398594
-0.410081
0.077727
-0.045048
0.098967
-0.662729
-0.629587
-0.301202
1.131212
0.323283
-0.626280
-0.414894
0.000000
-1.232106
-0.403102
-0.184624
0.258960
0.103086
0.000000
-0.175383
-0.234457
-0.252930
-1.007777
-0.137477
-1.712375
0.274451
-0.357978
0.000000
1.332496
0.921637
-0.575865
-0.398801
0.214283
0.003317
0.459832
1.281341
0.092917
-0.556711
0.000000
0.638616
0.135572
1.152238
0.060324
-0.614222
0.632465
-0.154532
-0.184624
0.272633
0.252586
-0.066060
-0.867076
0.052977
-0.240507
-0.269855
0.106607
0.303456
-0.740410
-0.994864
-0.089124
-0.265440
1.430051
-0.867076
-0.107752
-0.146405
0.237146
0.510796
-0.410925
2.127575
1.415043
-2.064951
3.375297
1.202725
0.029542
-0.679434
-0.740410
0.299053
0.185687
0.706086
0.926943
0.600536
1.923831
-0.741292
0.000000
0.135572
0.211209
0.480296
1.163657
0.047671
-0.261529
0.000567
0.507810
0.016021
-1.105695
0.917906
-0.071179
0.320305
-0.420060
-2.808343
0.222423
0.060324
-0.020635
-0.266108
0.805714
0.221886
0.591331
0.087048
0.585653
0.112618
-0.309072
0.633116
-1.431785
0.076632
0.067575
-0.148266
0.096974
0.346574
0.000000
-0.440083
-0.869966
-0.163515
1.163657
0.659797
0.346151
-0.754826
0.187111
-0.876750
0.481394
-0.471895
-0.093983
-0.644967
0.285678
1.186030
0.000000
-0.341862
-0.999064
-0.111470
-0.391033
0.224282
0.917906
0.248789
-0.559638
0.390969
-0.497135
-0.692697
0.467372
-0.274481
0.695150
0.179133
-0.621162
-1.609980
0.545683
-0.720420
1.239248
-0.382739
0.000000
-0.093983
-0.738384
1.435179
0.000000
-0.555134
1.158312
0.000000
0.955589
-1.124708
-0.046852
-0.797326
0.252586
-0.064317
-0.955287
0.212475
0.000000
-1.798117
0.804175
1.007976
-0.407602
-0.704512
-2.312686
0.817937
1.024629
0.443680
-0.635553
0.052977
-0.614013
-1.128032
0.193085
0.000000
0.657555
-0.190784
1.152238
-1.101956
0.206547
0.057053
1.036284
-0.213942
1.273234
-0.015267
0.656270
0.000000
2.654470
-0.240853
1.038153
0.004534
-0.066060
-0.432722
0.057383
-0.252930
-0.106890
-0.333692
-0.388621
1.008430
0.000000
-0.436635
0.153930
-1.155420
-0.051975
3.116412
3.113447
-0.216132
0.409201
1.018897
-0.525422
0.065459
-0.609820
-3.087262
-0.360823
0.012036
-0.067205
-0.067205
-0.699415
-0.067205
-0.067205
0.557004
-0.633625
0.000000
-0.605775
0.244047
0.948753
-0.042576
-0.615357
0.812725
-0.300740
-0.225766
-0.313967
-0.662494
-0.223562
-0.295800
-2.092371
0.016455
-0.841012
-0.006730
-0.091359
-0.325781
0.155456
0.453106
0.427225
-0.836926
0.545109
0.032956
1.334271
0.440607
-1.713008
-0.330024
-1.121886
0.917144
0.411463
-0.837736
-0.366889
-0.160994
0.095690
-0.190784
-0.679513
0.159868
0.089081
-3.280418
1.408085
-1.347230
0.352165
0.409201
1.132377
0.122948
-0.392492
0.217433
0.092961
-0.627249
1.006539
-0.662494
0.172842
0.394690
-0.077657
0.015103
0.244047
-0.915730
-0.181394
0.869333
-0.612494
0.182389
-0.693472
1.672404
-0.135313
0.000000
-0.330144
0.667749
-2.936276
-0.098767
0.000000
0.797298
-0.083435
0.000000
-0.372375
-0.493897
0.485272
0.544304
-0.172852
-0.002423
-0.627561
-2.170229
0.326801
-0.485700
0.810035
-0.184625
-0.007413
-0.442947
1.163657
0.205007
-0.190784
0.371377
0.140935
-0.372375
-0.754826
-0.197138
0.212855
0.043935
0.257793
-0.494308
0.943165
0.000000
0.000000
0.023047
0.425761
-0.049588
0.393521
-0.867641
0.044047
-0.842844
-0.873130
-0.270095
-1.277457
-0.614696
0.068047
-0.265617
0.000000
-0.141993
-1.592320
-0.446313
-0.151991
-1.098860
0.313666
0.022110
0.173656
0.180149
1.060955
-0.747358
-0.279542
-0.598700
0.018978
0.581954
0.080040
-0.574298
-0.899919
0.000000
0.111838
-0.403102
-1.201819
0.827871
-0.034803
0.374655
0.421033
-0.865399
-0.035645
-3.774265
0.000000
-0.216150
0.046137
0.492311
0.000000
0.425633
-0.619107
0.000000
0.743691
0.000000
0.252514
-0.201805
-0.357543
-0.201805
-0.580330
0.000000
-0.000072
-0.390287
-0.244835
0.821570
-0.636209
1.016895
0.000000
0.069580
-0.790948
-0.671924
0.443519
0.303311
0.000000
-0.112446
0.000000
0.194735
-0.204183
0.236429
-0.046513
0.059267
0.000000
0.201194
-0.824328
0.229609
1.058713
0.161707
0.116987
0.371377
-0.860173
1.244018
-0.903316
-0.175458
0.000000
0.240574
0.799836
0.290868
0.154253
0.696467
-1.297137
0.558949
0.000000
0.006731
0.743692
-0.989125
-0.379881
-0.144234
0.033884
0.059267
0.579657
-0.385144
-0.230626
-0.789093
-0.272917
0.291894
-0.483493
0.419717
-1.138439
0.012383
0.000000
-0.270549
0.736493
-1.694665
-0.870057
0.407556
0.181206
0.520849
-0.997050
0.000000
-0.096104
-1.121886
0.419290
-1.069677
-0.053343
0.257011
6.316624
-0.788360
0.376358
0.270355
-1.325606
-0.636958
1.280456
0.887578
-0.198542
0.797298
-0.052537
-0.850514
0.000000
0.336039
-0.738384
-0.224050
0.465238
-0.552172
-0.043429
0.237297
0.804175
0.425451
-0.565139
0.102382
0.032956
-1.287294
-0.152775
-1.352522
-0.339158
0.801363
1.037700
-1.201819
0.659797
-0.768605
-0.179155
0.948453
1.127606
1.127606
-1.604941
-1.359113
-0.697217
0.013420
-0.114557
0.346574
3.280211
-0.308818
0.882915
-0.671924
0.000000
-0.078983
0.191618
-0.082778
-2.793821
-0.420060
2.063551
0.000000
2.710520
1.047729
-0.918709
-0.279313
0.244047
-1.197689
0.112269
-0.107081
0.632160
1.135788
-0.037777
-1.650292
-0.748731
2.326428
0.273795
-0.304736
0.275368
0.000000
-0.054299
1.319870
-0.246728
-0.637694
0.165592
0.147054
1.351106
-1.203310
-0.160499
0.047684
0.740876
-0.452389
-0.552981
-0.200266
1.345177
-0.417339
0.005015
0.000000
0.898937
-0.302884
1.767990
1.016895
-1.087120
-0.593048
-1.713008
-0.714806
-1.038426
-0.622048
-0.095257
-0.142994
0.000000
0.154253
-0.323751
-0.340645
0.516986
-0.730257
0.706086
-0.239446
-0.419703
0.277416
-0.283265
-0.485700
0.000000
0.706683
-0.572521
-0.452389
-0.171025
0.236429
1.144850
0.089081
-1.203297
0.032713
-0.556711
-0.128627
-0.558307
-0.977669
-0.604038
0.092917
-0.562201
-0.179155
0.290868
-0.122715
-4.164739
-1.463765
-0.358349
-0.251397
-0.093983
-1.570706
-0.049588
0.603252
0.209337
1.973232
-0.491024
-0.320837
0.471226
-1.530014
0.288577
-0.037039
0.783255
-0.729370
0.000000
0.092917
-0.268922
-1.832418
-0.154532
-1.185878
0.149887
0.441059
0.371377
-0.641856
1.148569
0.073517
-0.244322
-0.013380
0.000000
1.377959
-0.025807
0.087210
0.124194
0.279652
2.008540
-0.302884
-0.763460
0.358819
0.029969
-0.703219
-0.163515
0.307032
0.051537
0.439686
0.747069
-0.111475
0.303456
-0.007515
-0.069079
0.118790
0.216935
1.518589
-0.222077
0.211209
-1.445690
-0.010771
0.000000
-0.215191
-0.282398
0.000000
-0.099616
0.208942
-0.139697
-0.198542
0.116396
-0.741616
0.450842
0.000000
-2.175224
0.371422
-0.266108
-0.140212
-0.224050
0.477374
-2.467572
2.050058
0.307032
0.682323
0.217211
-0.230407
0.116276
1.802923
0.653706
-0.310614
-1.020379
0.148136
0.000000
0.031978
0.237805
0.579657
1.131814
-0.245622
-0.037881
-0.044999
-0.044999
-1.495060
-2.025346
0.000000
2.170480
1.415928
0.007359
-0.024028
-0.327664
0.874034
-0.245903
0.000000
0.461640
-1.679609
0.000000
0.212824
-0.181237
0.326534
-0.845520
0.044350
0.000000
-0.279542
0.459498
0.223391
-1.127911
0.217346
0.946692
-0.520151
0.882605
0.047684
-0.153057
-0.403257
0.550274
1.696264
0.083398
-0.678547
-0.087168
0.674765
-0.379881
-0.220172
0.394714
-1.877443
0.001835
0.752623
-1.138436
-0.135926
0.020125
-0.995721
1.053677
0.726829
0.000000
6.911444
0.000000
-0.113985
-1.131582
-0.357243
0.000000
0.173265
0.174746
0.001835
0.408544
0.076632
1.379958
-1.279472
-1.549777
0.856099
0.044350
0.595775
-0.263211
0.514055
0.150472
0.006707
-1.584419
-0.244322
-0.220600
-0.357409
0.523481
-0.243539
-0.910704
0.159868
-0.201805
-0.063392
0.011629
-0.704155
0.440301
0.929656
0.537455
-1.239343
0.273795
-0.045320
0.221643
-0.380327
-0.030134
0.262990
-1.393709
-0.224050
0.000000
-0.039022
-0.296319
-0.390024
0.728178
1.400790
0.690068
0.461640
-0.029466
0.600536
-0.025807
0.098697
0.744044
-0.923025
0.000000
-0.007160
0.234682
-0.653356
0.041436
0.000000
0.258221
-0.349991
0.000000
-0.226885
0.672109
0.220478
-1.184373
0.234682
-0.245903
-1.178932
-0.091267
0.140935
1.279708
0.207544
0.442550
-0.522701
0.033924
0.230695
-0.736701
0.000000
0.000000
0.000000
0.032956
-0.688451
0.284809
-0.983815
-0.095263
-0.415101
0.336039
0.000000
1.017537
-0.285944
1.836063
0.821436
0.322909
0.114158
-0.785310
-0.363232
0.183443
0.161726
0.045568
0.335620
-0.575865
-0.025807
-0.625292
-0.002270
0.454094
-2.057616
2.314229
-2.630014
0.383684
0.480987
-0.050476
0.000000
0.406837
0.601670
-0.390554
-0.403257
0.020910
-0.095759
-0.054300
-0.671815
0.032713
0.143719
-0.951127
1.001539
-0.181237
-0.784501
-0.408135
-0.532759
-1.779924
-0.112446
0.213499
0.198589
-1.841773
-0.033364
-0.271677
0.000000
0.809531
-0.610790
1.203828
0.712324
0.239644
0.237805
-0.605775
0.000000
1.025333
-0.268943
-0.285591
-1.016622
1.265827
0.087210
-0.095672
0.000000
-1.023724
-0.172634
0.937206
-1.027289
0.000000
0.000000
0.377034
-0.003942
2.364982
0.569224
-0.794340
-1.363262
-0.254121
0.729422
-0.197138
0.536847
-0.464652
0.722616
0.000000
0.312673
-0.362229
5.678719
0.516854
0.726819
-0.272817
-0.338145
0.453106
-0.230424
-0.524233
0.000000
-0.576865
-0.125754
-0.798025
-0.588597
-1.233656
-2.206731
1.208996
-0.403102
-0.407363
0.000000
0.070581
0.480422
0.000085
-2.112654
0.167747
0.053458
0.421033
-0.134795
-1.394278
0.158382
0.719078
-0.671924
1.162426
-0.715603
-0.204184
-0.336780
-1.027432
0.017856
-0.790684
-0.331999
-2.741899
0.719107
0.764457
-0.068589
0.154253
1.016895
1.059362
-0.070231
0.112228
0.000000
0.414256
-0.282398
-0.507404
-1.014538
-0.003942
0.110032
0.148136
-0.320837
-0.385020
1.162426
-0.429206
-0.346746
-0.671924
-0.197138
0.510796
0.167747
-2.495726
0.701950
-0.050476
-0.388621
-0.136193
0.805714
0.100524
0.262990
0.213499
-0.177013
0.719078
-0.673212
0.000000
0.902041
-1.010546
-0.061957
-0.349856
0.899291
-1.594932
-0.037039
0.000000
-0.073587
-0.073587
-0.966412
-0.187141
-0.477984
0.234682
0.591331
-0.241607
0.116012
-0.390629
-0.302884
-0.466700
-0.149839
-0.178485
0.257307
-0.265617
-0.227922
-0.151933
-0.292629
-0.738384
-1.138404
0.548331
0.000000
0.000000
-0.159451
-0.565139
-0.190784
0.370797
0.327261
-0.276868
-0.277897
0.443759
0.804667
0.763588
0.158975
-0.644967
-0.177411
-0.300940
0.743691
1.058713
-1.517061
0.133368
0.178417
0.000000
-0.360804
0.000000
0.450017
0.054846
1.611010
0.701950
-0.182323
0.000000
0.425993
-0.314119
-1.646715
-0.195953
0.262611
1.417822
0.005015
-0.164521
1.334007
1.875687
-0.092625
-0.950429
0.000000
0.690482
0.004167
0.000000
-0.825597
-0.986024
0.697041
0.616948
0.305880
0.237806
-0.106415
-0.191378
1.467848
-0.874964
0.511501
0.774453
-1.061533
1.136990
0.508762
0.507810
-1.781455
2.857876
2.032732
0.127419
-1.092558
0.352165
0.303456
0.198142
-2.661498
-0.252930
1.229869
0.783255
-0.137413
-0.194371
-0.061808
1.022413
-0.810976
-0.113257
-0.112446
-0.118232
0.837091
0.467329
3.543911
0.277797
-0.136193
0.221205
-0.254121
0.785824
0.213499
-0.133668
-0.162100
0.117706
0.221017
0.524264
0.012036
0.276848
-0.072184
-0.153992
0.378554
-0.210158
0.577040
1.025333
0.141212
-0.415704
2.050058
0.178417
-0.525165
0.077553
1.035438
0.366766
0.949967
0.474445
-0.372375
0.408544
-0.190009
-0.296319
0.000000
0.000000
0.738849
0.112107
0.930117
-0.168018
0.187111
-0.009047
-0.244583
-0.021508
0.000000
0.619615
-0.246478
-0.137477
-0.204183
-0.856829
0.667749
0.249110
0.279010
1.304951
0.101690
0.169075
-2.017435
-3.616972
0.372584
-0.414240
1.483547
0.809531
-0.097246
0.000000
0.410035
0.352165
-0.558307
-1.182966
-0.794389
-0.077657
-0.433824
0.213499
-0.308136
0.518985
-0.797326
0.187111
0.057383
0.396327
0.166571
1.016895
-1.219397
0.000000
0.012733
-0.330192
-0.125678
-0.024592
0.101690
-0.012267
0.056459
-0.185560
0.228436
0.540279
0.624433
1.257683
0.226813
0.392384
-0.427999
-0.824007
-0.222144
0.918607
0.961739
-0.556711
0.806759
0.450842
1.152238
0.105955
-0.519923
-1.264532
0.507810
0.264357
-0.029699
-0.037039
-0.305386
0.488858
-0.695037
-0.363520
-0.216617
0.532014
-1.341085
0.604530
-0.282398
0.060865
-0.163515
0.000000
0.785824
-0.913928
0.302626
0.443680
0.067064
0.166571
-0.194055
-1.364308
0.228384
0.047671
-0.295800
-0.120965
0.601670
0.374968
-0.294098
-2.571852
0.634371
1.025333
0.320755
-1.423504
0.112618
0.000000
0.336039
-0.407821
-0.197715
0.159868
0.653607
0.090724
0.233353
0.068196
-0.164998
0.437816
-1.293346
0.000000
-0.468307
-0.151991
-0.040595
-0.194055
-0.072184
0.014357
-0.090202
0.010527
0.727092
-0.301784
-2.055969
0.000000
0.801363
-0.564796
-0.019333
0.128718
1.078295
-0.115119
-0.456312
0.512710
0.000000
0.000000
-0.151991
-0.100553
0.510361
-0.207222
-0.118232
0.039024
0.000000
0.044047
-0.185351
-0.738384
0.580360
3.194893
-0.035564
-0.590151
0.530044
0.065459
-0.077657
0.398172
0.336466
-0.502471
-1.020910
0.632975
0.249640
0.519564
0.501931
0.425993
-0.207222
-2.865708
1.190026
0.000000
0.480422
0.008695
-0.197715
-1.541609
-0.198410
-0.005843
0.855906
0.284112
0.191618
0.346574
1.312166
0.783255
-0.211477
-0.220172
0.000000
0.077553
0.159536
-0.519615
-0.078595
-0.004298
1.454903
0.492056
0.351337
-0.302884
0.004534
-0.367759
-1.952365
0.000000
0.459561
-0.846852
0.016559
0.100921
0.023504
0.305880
0.076244
-0.296320
-0.875446
-0.392469
0.404137
0.106607
1.176240
0.361521
-0.508676
0.000000
-0.682559
-1.838304
-0.077714
0.018508
0.000000
0.000000
0.000000
0.246994
0.116987
-0.009047
0.383217
-1.128199
-0.626280
0.068047
0.043935
-0.547098
-0.468047
0.921637
0.295519
1.038153
-0.675470
0.076244
-1.594178
0.012703
0.004167
-0.096104
0.437031
-0.270095
-0.612093
0.000000
-0.722614
0.069690
0.000890
-2.398606
-0.110674
0.268083
-1.175301
1.131212
0.029969
-0.136679
0.126277
0.000000
0.180166
0.397779
-0.054299
0.068047
-0.401917
-0.401917
-0.206444
0.513748
1.722670
-0.356002
0.422964
-0.333692
0.921637
-0.679434
-0.327965
-0.020204
0.000000
0.271341
-0.162327
0.068047
-0.329640
0.068047
0.302197
0.487445
0.032713
0.069580
0.000000
0.383217
0.383217
0.383217
0.241177
0.000000
-0.265866
-0.420742
0.000000
-0.462594
-0.991989
-0.401917
0.604351
2.454568
-0.808200
1.325244
0.249998
-1.054786
-0.386438
-0.015813
0.275368
-0.788769
0.232084
-0.110674
0.114158
0.290983
0.959667
-0.251397
0.659797
-0.650676
1.547836
0.000000
0.653706
0.744134
0.894130
-2.018472
0.274503
-0.967686
1.270037
-0.032168
0.165417
0.000000
-0.373829
0.229609
-0.113257
0.902041
-0.265920
0.100524
0.100524
0.252586
-0.904887
0.079454
-0.226947
-0.565381
0.000000
-0.873130
0.667749
0.333358
-1.374916
0.023047
-0.207222
0.000000
0.004630
0.149887
3.590830
-0.721602
-0.429268
3.543911
0.671053
-3.254867
2.486466
0.000000
0.388957
-2.564743
-1.257909
0.246994
0.017856
-0.197715
-0.268943
-0.265866
0.000000
0.262092
-0.663241
-0.205904
-0.284306
-0.043473
0.233044
0.783138
0.056459
0.185220
-0.175383
0.000000
-0.120965
0.140935
0.745364
-0.044999
0.326801
-0.403138
-1.237904
-0.111484
-0.087998
0.280179
0.285687
-0.878429
-0.141893
0.814019
1.017528
0.068047
0.038777
-0.187141
0.246994
-1.465183
0.453106
-0.135926
0.079454
0.805555
1.334083
0.017205
-0.656774
0.324118
-1.085471
0.312673
1.330080
-0.333692
-0.035571
0.173265
-0.265617
-0.346451
0.190327
0.546573
0.012036
-0.135313
0.047671
-0.490402
-0.490402
0.122335
-0.035571
-0.014040
0.035978
0.200795
-0.628419
-0.120437
0.000000
0.191618
-1.134603
-0.391511
0.229609
-0.752268
0.489306
0.434894
-0.470257
0.000000
-0.092625
-0.245903
0.672128
0.067064
0.223168
0.094857
-0.200266
-0.467359
-0.006173
0.202765
0.464218
0.067064
-0.110082
0.157651
0.083963
-0.403102
0.378625
0.968261
0.000000
-0.493278
0.179795
0.359250
0.156738
0.000000
-0.331777
0.356259
-0.429206
0.091696
0.342023
-0.046319
0.072850
0.012703
-1.479697
-0.227056
-0.056218
-0.117874
0.000000
-0.088297
-0.671815
0.801363
-0.003942
0.493931
0.149887
-0.314055
0.361078
-0.446271
-0.341862
-1.445554
0.187122
-0.049780
-0.164548
-0.245809
0.068047
-0.068589
0.056459
1.228339
-3.095163
-0.240507
0.000000
-0.050476
-0.914900
0.140935
0.000000
0.558775
-0.439755
-0.333692
-0.452389
-1.117365
0.545683
0.545683
0.367849
0.696467
0.304237
-0.237800
0.740310
-0.428758
0.756741
-0.029699
0.476282
0.206547
0.579657
0.882259
0.155982
-0.035571
0.199843
0.383641
0.232411
0.059267
-0.737079
0.001755
-0.054185
0.268282
-1.037636
0.419717
0.112228
0.044047
2.737311
0.593104
0.440607
0.440607
0.000000
0.425955
1.217697
-0.873855
0.960298
-0.108155
-1.376900
-1.736691
-0.681838
0.298937
0.911179
-2.746001
-2.098478
2.566845
0.650381
-0.780259
0.707545
0.062614
-0.660706
-0.162715
0.000000
-0.117874
-0.403381
0.262990
-0.380327
-0.157184
-0.154532
0.200795
-0.051975
-0.145916
0.586987
-0.047582
-0.252930
-0.626724
-0.379881
-0.053343
0.218500
-0.063392
0.489140
0.276183
-0.581383
0.081546
0.220111
1.801401
2.280960
0.381777
0.000000
2.105191
0.016899
-0.214680
0.464218
-0.045438
0.069580
0.355236
0.044047
-0.185927
0.190327
0.129519
0.411463
-0.357978
0.393382
0.752591
-1.481578
0.411463
-0.663241
-0.310440
0.534002
1.699446
-0.360823
0.000564
-0.507091
0.743691
0.768253
0.000000
-0.244583
-4.024262
0.450842
0.013420
2.159470
-0.012267
-0.174444
-0.471895
0.895654
0.000000
-0.840399
0.077433
0.379068
0.000564
0.188282
-0.351506
1.455103
0.080902
-0.558307
-0.558307
-0.524003
-1.463765
0.157189
-0.201477
-0.414240
-0.039022
0.212855
-0.958267
0.448076
0.569021
-0.111470
0.188282
0.188282
-0.190784
-0.456312
0.489140
0.239260
0.194030
0.000880
0.480876
-0.706418
0.451585
0.272653
-0.222144
-0.420023
0.000000
0.669974
-1.333652
-0.226947
-0.694842
-0.696174
0.744079
0.665830
0.154253
0.000000
-0.964020
0.981907
0.150472
0.192810
-1.783255
3.030873
0.279652
0.368550
0.179133
0.047684
1.179230
0.016559
-0.360823
0.774131
0.000000
0.527064
0.317878
0.175702
-1.944100
-0.403257
0.697837
-1.683786
-0.198542
1.410559
-2.442684
-0.047691
0.072319
0.032956
0.237424
-0.245232
-0.136679
0.161726
0.303209
-0.286588
0.214477
0.000000
-0.392469
3.195897
0.272276
0.106607
0.340186
0.806797
-0.067205
0.200795
-0.979730
-0.154532
2.420059
0.015512
-0.364574
0.110563
-0.049506
0.303456
0.900592
-0.105992
-0.266108
-0.429268
1.117278
0.002620
-2.398008
0.000000
0.310033
0.072850
0.585778
-0.151991
-0.151991
-0.151991
-1.832418
-1.138368
-0.152775
-0.320837
-0.205904
0.411463
0.712423
-0.244590
0.142359
0.000000
0.524317
-0.014040
-0.597182
-0.497026
-0.046925
0.134915
-0.366447
0.376418
-0.188704
-0.402091
-0.004298
-0.179155
-0.763196
0.732310
0.421033
0.057425
-0.055638
-0.736320
0.510796
1.068239
0.652513
0.029969
0.077727
-0.199364
0.221643
0.167377
-0.114060
-0.203849
0.091696
0.004534
0.000000
-0.261529
-0.189390
-0.427696
-0.577541
-1.232548
-0.281542
-2.316843
-0.236334
-0.359711
0.178417
0.324118
0.206994
0.333026
0.476282
-0.794389
-0.317936
-0.470865
1.078369
0.934738
0.000000
0.038777
3.359148
0.000000
-0.986024
-0.413462
0.626994
0.633556
-0.302606
0.532475
0.200930
-0.470986
0.111838
0.195246
-0.655637
-0.310280
-0.627166
0.409201
-1.332759
-1.332759
0.866579
-0.266108
0.366766
-1.463765
0.422718
-0.069411
0.983260
-0.177565
-0.177565
-0.177565
0.000000
-0.590371
0.000000
0.070581
-0.379881
-0.446198
0.000000
-0.117334
7.684691
-0.245232
0.077810
0.077810
0.077810
0.221107
0.237424
0.912600
0.275448
0.511877
0.000000
-0.852098
0.000000
-0.899919
0.352165
-0.091558
0.098329
-0.048012
-0.392383
0.015103
0.534002
-0.614222
-0.425272
-0.981176
0.223168
0.433645
-0.165500
0.012036
0.417517
-0.388624
0.187111
0.058695
-0.358569
-0.201477
0.198589
0.006773
-0.678202
-1.008075
-1.092112
0.216798
-0.736133
0.444045
-1.211724
0.000000
-1.160986
-1.398387
0.323283
-0.534213
-0.257336
-0.128713
-1.370067
0.146284
0.000000
0.719078
-0.106415
0.789313
-0.626095
-0.288363
-0.359988
0.142886
-0.040595
-0.363232
-0.133255
0.000000
-0.669538
-0.248644
0.507810
1.227930
-0.730257
-0.545894
-0.136679
-1.585665
-0.554043
-1.271016
-1.271016
0.780218
0.000000
-0.549445
0.376337
-0.006730
0.212047
0.000000
0.092917
-1.667858
-0.326729
0.330520
0.106607
-0.017185
0.534002
0.464218
-0.123261
-0.024028
-0.061859
-1.370253
0.000000
-0.607355
-0.039022
0.307740
0.000000
-0.398821
0.801363
-0.095263
-0.470865
-0.143193
-0.238954
0.346739
-0.046925
-0.033774
0.393382
-0.037039
0.611656
-0.009310
-2.216622
-0.279313
-0.704512
0.279010
-0.343300
-0.281667
0.067575
0.135572
-0.111582
-0.179446
0.280453
-0.087066
0.110067
0.540279
0.081859
0.000000
-0.145349
0.187600
-0.283664
0.632465
-1.541609
0.929779
-0.091558
0.534898
0.659797
-0.046513
-0.017185
0.908090
0.311879
1.518568
1.748872
-0.577942
-0.030171
0.180149
0.000000
-0.321860
0.985749
-0.111475
0.765096
-0.321860
0.032956
0.419467
-4.753086
-0.442284
0.446517
0.116012
0.350315
-0.218536
1.746299
0.192535
0.000000
-0.398821
0.053458
0.775102
0.909587
2.740423
-0.466320
-1.215662
-0.032506
0.907426
-1.541609
-0.252930
0.683201
-0.656802
0.444045
0.123733
-1.011518
0.000000
0.089227
-0.090110
0.072910
0.000000
-0.058541
-2.295736
0.194735
-0.227922
-0.256845
-0.500100
-0.214255
-0.498503
0.316902
0.480987
-2.163171
-0.772049
0.448097
0.450017
-1.271016
-0.145349
-0.408649
-1.267119
-0.046513
-1.160986
0.808233
0.012703
0.419467
0.438074
-0.210158
1.025333
1.675350
0.925009
-0.006208
-0.652969
0.720143
2.426587
0.443759
0.941294
0.535126
0.518985
-0.367660
0.000000
0.292127
0.984308
-0.244322
-0.167118
-0.039115
-0.718005
2.004104
0.000000
0.449667
0.048837
-1.214176
2.591544
-0.301202
0.579657
0.450842
0.231908
-1.485365
0.285687
-0.772947
0.680907
0.425993
0.000000
0.133718
-1.203332
0.167201
-0.180973
0.000000
-0.360804
0.000000
-0.254121
-0.400347
-0.358569
0.743691
1.750058
0.112107
0.407556
0.060118
-0.227698
-0.301202
1.761985
-0.227698
-0.389308
-0.268943
-0.552172
0.000000
-0.558307
0.803214
0.272653
1.055301
0.190598
0.303547
-0.665354
0.044604
-0.824328
-0.452389
-0.677097
-0.348963
-0.164978
-1.525225
-0.389942
-0.302606
0.619648
-0.197690
0.047671
0.683582
0.789313
-0.257373
1.578926
0.000000
0.680588
-0.376513
0.490799
0.836457
3.658739
-0.798882
-0.629783
-0.265920
-0.330192
-0.891794
-0.279542
0.076632
0.780761
0.277111
-0.669538
-0.828046
-0.330192
0.632465
-0.580073
0.116012
-0.813253
0.000000
0.093902
0.114668
0.730469
-0.056218
0.314822
-0.382212
0.699766
-0.838019
1.186338
0.493415
-1.077958
-0.162100
0.000000
0.275448
0.262611
-0.194055
-0.054299
0.396821
0.060324
0.016559
0.698134
0.000000
0.000000
-1.134454
0.004167
0.189655
0.079585
-0.194006
-0.244583
-0.110968
-0.097246
0.087048
-0.181580
-0.204183
0.930117
0.285678
0.054192
0.448076
-0.269855
0.158975
-0.348714
0.964470
-1.111231
0.098697
-1.079847
-0.706418
-0.683342
0.000564
-0.012797
0.227720
-1.291051
1.041422
-0.360726
-0.054300
-0.033498
-0.024028
-0.338214
-0.936401
-0.831243
0.077727
-2.744314
-0.006359
-5.463090
-0.593048
-0.317936
-3.421742
-0.141993
0.229609
-0.615357
0.202623
0.335620
0.659797
0.635933
-0.410081
0.078304
-2.435495
0.694907
0.591983
0.098697
0.112107
-0.252995
0.239455
-0.325781
-1.108218
-0.068589
0.925009
-1.178932
-0.109061
-0.003942
-0.531535
1.247808
0.140935
0.719678
-0.280651
-0.283664
0.764457
0.200795
0.000000
-2.547257
0.360367
0.439244
-0.252930
0.188282
-0.343775
0.003461
-0.429268
-0.359205
0.553755
0.913103
-0.590770
0.291211
-0.030134
0.023931
0.355689
0.278074
-0.880859
0.706086
0.087048
-0.367759
0.018508
1.202197
-0.032327
-1.358796
-0.742142
-0.027651
-0.160041
-1.325606
-0.695196
-0.402668
1.570914
-0.117224
0.344893
-0.085248
-1.554054
1.082726
0.358819
1.746299
-0.320837
0.068047
-1.067845
0.308765
0.688019
-3.913430
-0.239444
-0.310072
0.000000
-0.298112
0.509912
0.972633
-0.283265
-0.730368
-0.317328
0.202765
-0.175383
0.000000
-1.565840
-0.178119
-0.229699
-0.140368
2.061275
0.232411
-0.524233
-1.366433
0.000000
-0.401998
-0.548890
0.000890
-0.556711
1.069377
-0.141993
-0.688545
-0.791502
0.000000
0.426837
0.420697
0.594622
-0.333007
0.587303
0.000000
-0.574598
0.078304
0.053458
1.799533
-0.266108
-0.068984
-0.694227
1.217321
-0.641745
0.562186
-0.740795
0.112107
-0.205546
0.083909
-0.456312
-0.456312
0.133718
0.000000
0.167747
-0.213240
-0.235742
0.680477
-0.556711
1.181785
0.096950
1.808417
0.370418
0.221017
0.015103
-0.297062
-0.508501
1.377023
1.293962
0.232411
1.217024
0.000000
1.425463
0.023047
0.792638
0.116012
0.044582
1.007801
0.056459
0.476282
2.050058
0.044604
-0.175383
1.004352
0.035978
-1.065052
0.043935
0.000000
-1.525277
-1.525277
-0.357978
-0.262803
0.080373
0.401181
-0.542181
0.057152
-0.093986
0.544898
-0.245232
-0.092373
-0.639155
0.189655
-1.500594
0.000000
-0.667394
0.000000
1.744783
4.078987
1.817657
0.360876
-1.166882
-0.025274
0.686041
0.323612
0.031978
0.896394
0.000000
0.098697
0.223168
0.610938
0.639810
-0.898894
0.453106
0.274503
-0.207861
1.135788
-0.046925
-0.806285
-0.694809
-0.261521
0.183010
-0.994012
-0.333770
-0.021515
2.605348
-0.261776
0.290799
0.391489
0.237424
-1.012202
-0.293433
-0.837493
-0.355261
0.515429
0.527064
-1.800990
0.000000
-1.101956
1.202860
0.304713
-0.164998
-2.065010
1.302045
1.323776
-0.558307
-0.738384
0.178417
0.479068
-1.961038
-0.440083
0.913103
0.111838
-0.410081
0.355689
0.283773
-0.258330
0.065429
0.201194
0.255569
0.408898
-0.276868
-0.847241
-0.222144
-0.122999
-0.113985
0.228408
-1.863257
0.000000
-0.072184
0.238577
-0.047582
0.147046
-0.109583
-0.256845
-0.421046
0.815657
-0.693718
-0.790220
-0.269855
-0.115466
0.129519
-0.790866
1.840533
-1.148017
0.259235
-1.059707
0.203171
-0.128319
-0.284964
-0.284964
0.082090
0.077553
0.463927
-0.620981
-0.111470
0.000000
2.603707
-0.068984
0.829916
-0.066037
0.573618
-1.389875
0.000000
-1.457942
0.376358
0.133368
0.450842
0.305880
-0.339130
-1.110665
0.047684
-0.359988
2.044785
-0.173127
-0.618736
-0.122920
-1.059088
-0.152369
0.353117
-1.325153
-1.230234
0.212475
-0.481322
-0.730257
0.477374
-0.656774
0.490799
-0.115263
0.049123
1.451032
0.611470
0.043550
-0.015267
-0.051975
2.240855
0.064597
0.106607
-0.019333
-0.737079
-0.111484
0.044604
-1.027289
-0.824007
-0.122040
0.455531
-0.625292
0.285678
0.046149
-0.509702
-1.191906
-0.530700
-0.049588
-0.248007
0.300297
-0.038635
-0.164998
-0.352222
0.578315
0.656270
0.000000
-1.151254
0.005206
0.647971
0.358251
-0.310614
0.257332
0.659797
1.117450
-0.204183
1.587380
0.000000
1.416097
-0.908235
-0.210158
0.046137
-0.827316
0.065459
0.795788
-1.600825
0.307032
-0.138475
-0.827316
0.713281
-0.017185
-1.183142
0.237806
1.053780
0.225896
0.358796
1.135788
0.009482
0.290169
0.000000
-0.582615
-0.139192
-0.507091
-0.440083
0.212585
-0.283664
0.237806
1.220279
-0.256845
-0.758400
0.194030
-0.547098
0.000000
0.213499
-0.085875
0.090359
2.011100
0.526509
0.783264
-0.757686
-0.254907
0.672128
-0.477456
1.059036
0.763588
0.016021
0.000000
-0.194055
-0.349761
1.448570
-1.382154
0.902041
0.057053
-0.232624
0.129519
0.161726
-0.398475
0.781065
0.685979
-0.123918
0.881243
-0.201805
-0.432045
-0.438643
-0.496762
0.000000
-0.364574
-0.157167
0.302759
0.192931
0.106607
-1.128199
0.351337
0.430139
0.327718
-0.091990
-0.439530
-0.239177
-0.111475
0.000000
-0.230667
0.943165
0.000000
0.159868
0.000000
0.030652
-0.060190
-0.672850
-0.619107
0.521891
0.000000
0.167747
-0.302606
-0.933969
-0.349856
0.000000
-0.365875
0.000000
-0.270095
0.355236
-0.442103
-0.139380
0.114147
-0.006730
1.227055
-0.681838
-0.575119
-0.721602
0.320305
0.307740
0.015832
-0.496153
0.765334
-0.054299
-1.726044
0.070632
-0.212830
0.723180
0.875550
-0.388404
0.238577
-0.424820
-0.207222
-0.320837
-0.380327
0.174746
0.124179
-0.014040
1.436456
0.201872
-0.593285
0.001835
-0.292629
0.015449
-0.162100
2.005578
0.667749
-0.327664
-0.115119
-0.678568
-0.274923
0.043935
-0.666329
0.000000
0.913103
-0.254907
0.012036
0.419171
-0.285944
0.465874
-0.518886
0.109368
0.371377
-0.043510
-0.220013
0.761159
-0.085875
0.140935
0.158975
0.665830
0.482179
-0.008457
-0.583006
0.159868
-0.407821
-0.586692
-2.312686
-0.401917
0.006731
0.000000
0.459892
0.285687
-0.009047
0.391198
-0.786286
-0.985582
0.814019
0.005893
0.008925
0.726002
-0.027519
0.378084
0.167377
-0.272917
-0.416522
0.289099
-0.251984
0.000000
0.393913
-1.215385
-0.319225
0.652513
0.597718
-1.599833
-1.262967
0.123912
-0.427402
-0.631542
0.012703
-0.477456
0.237935
-0.037981
0.000000
0.615374
-0.379881
-0.333692
0.079454
0.241994
-0.626724
0.719678
0.000000
-0.626724
-0.039022
-0.300940
-0.046513
-0.265617
0.062516
0.000000
-0.245809
0.980156
-0.872425
0.285687
0.287207
0.582970
-2.312632
1.018897
0.593827
-0.870658
-0.019333
4.025405
0.217589
-0.480095
-0.322671
0.653121
0.100524
0.230607
-0.656802
1.684847
0.074110
-0.135313
-2.182569
-0.358545
-0.714806
0.134915
-0.991549
0.381449
0.000000
-0.372375
0.728049
0.876779
1.082726
-0.068589
-2.265911
-0.748260
0.323612
-0.205904
0.067575
-0.100553
1.554171
0.570499
-0.595416
-0.231330
0.201194
2.133088
0.000000
0.264357
0.173488
0.635824
2.857876
0.789313
0.598784
0.581954
1.082505
0.425451
0.581954
-0.477456
0.111119
0.090359
0.000000
-0.614222
-0.148266
0.068196
0.906154
-0.096761
0.000000
0.280273
-0.288363
0.706683
-0.190392
-0.548890
-2.023795
-0.383359
3.172157
-0.197690
0.930117
0.747770
-0.190784
1.310021
0.775527
-0.663684
-0.266227
-2.079887
0.249640
0.443519
-0.447086
0.200930
-0.505763
0.000000
0.247295
-0.237800
0.373441
0.627228
0.032451
0.000000
-0.955617
-0.209168
1.209469
-0.339228
1.869133
0.159382
0.000000
0.086345
0.112618
0.219792
0.083398
1.208731
0.032956
-0.222077
0.205969
-0.017294
0.949451
-0.486703
-0.913928
-0.279542
0.377581
-0.082778
0.909709
-0.137477
0.023931
-0.236334
-0.143393
0.647306
0.472063
0.358639
0.000000
0.836457
0.067575
0.283768
0.067064
0.000000
-0.683342
-0.790220
2.339249
0.384389
0.305168
-0.614222
-0.115119
-0.471365
-0.145916
-0.311272
0.150420
0.531818
-0.722259
-0.007160
0.113121
-0.594299
0.214283
0.000000
-0.730257
0.438682
0.228408
0.404996
-1.656638
0.000000
-0.284444
-0.320987
-1.593448
-0.873610
-0.458946
0.000000
-0.136679
0.796162
2.807498
-1.064447
-0.302606
-0.738384
-0.661969
0.003836
0.509912
-2.744314
0.207544
0.756583
1.019054
0.763635
0.467329
-0.605775
-1.436526
0.323283
0.379068
-0.430055
-0.468307
-1.370067
0.087048
-0.248121
0.000000
0.000000
0.057152
0.277025
0.701163
-0.315973
-3.251104
0.925009
0.798583
-0.491796
-0.408705
1.351106
0.211209
0.398041
0.000000
-0.141993
-0.352222
0.415672
0.000000
0.040892
-0.754826
0.133718
1.349833
0.298894
0.812259
-0.047498
-0.017185
0.836301
-2.097506
0.338745
-0.258056
0.416497
1.334156
-0.257336
-0.769167
-0.794065
0.000000
-0.029699
-0.167118
0.000000
-0.352222
-0.586409
-0.512708
-0.094666
0.118790
0.000000
-0.566801
0.556497
-0.715252
0.119715
-1.040787
0.285687
0.705903
-0.718005
0.131032
-0.283186
-0.120965
0.398041
-0.138475
-0.153980
0.626994
-0.834224
0.279010
-0.808646
0.022860
0.110889
0.221017
0.200795
0.302989
-0.873130
-0.656774
-0.044975
0.808176
0.558727
-0.093983
-0.019618
0.006731
-0.693718
0.010527
-0.137477
0.221035
-3.736596
0.365758
-1.119705
0.212585
-0.160317
-0.382726
2.034125
0.959667
-0.403257
0.000000
-1.203286
0.231571
0.052977
0.311297
0.138577
-0.272917
0.336039
0.000000
-0.336151
0.302759
-0.727297
-0.261776
0.000000
1.787148
-0.163515
0.570334
-0.505763
-0.230407
-0.320559
0.558949
3.512165
1.193818
-0.033364
0.321849
0.212475
-0.748500
0.664013
-0.584475
1.209127
0.015103
0.047671
0.000000
-0.798882
0.038777
-0.841551
0.825421
-0.025274
-0.366447
-1.067990
-0.750669
1.528991
-0.272917
0.756583
-1.008712
-0.659901
-1.467422
-1.653272
0.355166
0.244047
-0.671924
-0.206444
0.659797
-0.698313
0.407021
-0.023180
0.010527
-0.171025
-1.389875
0.268177
0.000000
-0.509990
0.140430
-0.056049
0.429327
0.313666
-0.829338
0.000000
0.076862
0.211461
0.211461
-0.335348
-0.111484
-0.457429
-0.226947
0.196624
-1.172015
0.806759
0.201194
-0.935280
-1.674600
-0.126766
-0.403257
-0.354485
-0.180973
0.159536
-0.287562
-0.050476
0.509912
0.173265
0.056459
0.640978
-0.317929
0.014551
-2.510583
0.477474
-0.345752
0.652739
0.000000
-0.205904
0.578315
-1.657299
-0.373401
-0.067205
-0.288744
0.756583
-0.117806
-0.677097
-0.085875
0.336039
0.161702
1.067640
-1.075116
0.457531
-0.041059
-0.067205
-0.358545
-0.714806
0.398442
-0.694010
0.236429
0.764027
0.272744
-1.624348
0.000000
-1.523052
0.775527
-0.194055
0.140366
-0.697164
0.189527
0.167912
-0.163515
0.546573
1.267285
-0.223919
-0.677097
0.552073
-0.167534
-0.513627
-0.652969
0.113036
0.063525
1.244018
0.862767
0.250879
-0.388621
-0.145916
-0.941740
0.430139
0.000000
-0.360804
0.067064
0.109368
-0.225622
-0.207222
-0.610790
1.035807
-0.634128
0.110032
-0.226711
0.148136
-0.618160
0.323611
0.696467
0.683201
-0.049181
0.010338
-0.833909
0.172534
0.283773
0.568508
-0.143393
-0.307629
0.000000
0.894130
-1.655955
0.047684
0.592679
-0.190009
-0.667394
-0.278251
2.170480
0.829712
-0.961667
-0.212549
0.440490
0.498290
-1.057537
-0.607615
1.212469
-0.071179
-0.140345
-0.683034
-0.312952
-0.371805
0.000000
-1.742641
0.119715
-0.345463
-0.748150
-0.395499
0.100524
0.167912
0.797744
0.210945
0.959291
1.064565
0.223168
0.985175
-0.281628
-0.118232
0.858403
0.114668
0.216574
-2.620115
-0.678547
-1.096417
0.603654
-0.296320
-0.162100
0.200930
-0.091267
0.149782
0.357088
0.153643
-0.101176
0.781192
-0.143193
0.389205
0.252586
0.183010
0.311879
-0.572521
-0.320837
0.116012
-0.338214
0.327956
-0.111554
0.000000
-0.207222
-0.383682
0.000000
-0.445582
0.287364
0.719678
-0.138402
-0.076477
0.953428
-0.051287
-0.610434
-0.230407
0.604530
1.115337
-0.321860
-0.414894
-0.091558
1.161094
1.457612
-0.004596
-0.394955
-1.374256
-0.140368
0.476282
1.190026
0.147046
-0.841187
0.112228
-0.614222
1.571510
0.079585
0.065459
1.722670
-0.511610
-0.339985
0.260443
-1.365477
0.000000
-0.037981
0.116987
-0.626283
-0.052537
0.440490
-0.680235
-2.036685
0.000000
0.118790
0.135572
0.701925
-0.263161
-0.581969
0.000000
0.418040
0.234547
-1.433927
-0.572521
0.000000
-0.656774
0.000000
-0.972384
0.096974
0.406837
0.913372
0.159382
-0.817209
0.547280
0.023047
1.179230
0.117573
-0.293433
1.618868
-1.412488
0.366800
0.930117
0.000000
0.102382
0.898374
0.228384
1.776088
0.000000
0.955589
0.928903
0.016021
0.000000
0.188282
-0.812639
-0.094666
-0.357978
0.366800
-1.025835
-0.112446
-0.218725
1.931444
-0.252995
0.167201
-1.203361
-1.070883
0.398041
0.267486
-0.037881
0.000000
-0.415460
-1.451219
-2.234028
3.218542
-3.233946
-0.577541
-0.474405
-1.320756
0.285163
0.494021
-1.058745
0.063070
0.378625
0.000000
0.000000
0.272276
-0.748366
-0.403138
-0.071179
0.000000
0.429327
-0.050476
0.764027
-0.626095
-0.210158
1.487199
-0.050476
1.016895
0.000000
0.581000
0.780140
0.173265
0.000000
0.307032
-0.558307
-0.855190
-0.817209
0.865679
-0.234253
0.046137
0.318548
0.000000
-0.245903
0.070581
0.070581
0.425993
0.562186
-0.480095
0.000000
-0.773946
-1.709481
-0.295800
-0.111582
0.213499
0.322712
-0.315973
-0.009047
0.501866
0.010527
-0.468307
0.000000
0.167747
0.052011
-0.256845
-0.256845
0.031978
-0.227922
0.106897
0.000000
-0.139249
0.367996
0.167377
-1.229209
-1.098060
0.826461
0.080295
0.696467
0.095690
-0.217106
-0.217106
0.578480
-0.611577
-1.936281
0.167377
0.442324
-0.892904
-0.042576
-1.366433
-0.473981
-0.565103
0.388957
0.188218
0.392917
-0.543900
-1.382154
-0.986280
-0.378057
-0.747358
-0.486022
-1.465183
-1.465183
-0.824328
0.118790
-0.143193
-0.201477
0.142886
0.421491
-0.096761
-0.970814
-1.366433
0.941807
0.000000
1.150956
-0.388412
-1.342484
-0.706387
-0.145916
0.045568
-0.164697
-0.401917
-0.432263
-1.807935
-1.350854
-0.614751
-0.669538
0.595437
0.275368
0.000000
0.965079
-0.505763
-0.931579
0.016021
-0.378057
-0.276868
0.236429
-0.401917
0.913134
-0.137413
0.118790
0.738076
0.341686
-1.005720
-0.043510
0.380768
-0.052047
-0.245232
0.789567
0.000000
0.054192
-0.789404
0.067575
0.672109
0.000000
-0.283265
0.255569
0.106607
0.303456
0.411463
-0.406848
-0.669847
-0.853793
0.196624
0.008075
0.006731
0.420697
0.679157
0.000000
-0.481062
0.000000
-0.282398
0.122335
-1.151254
0.083963
0.052977
0.290983
0.126277
0.000000
-0.415762
-0.187141
-1.307053
-1.695880
0.133718
0.345269
-0.933290
0.396327
0.122948
-0.364574
-0.430973
-0.391511
-0.150884
-0.961480
0.012036
-0.413462
0.577855
-0.049588
-0.360057
-0.227922
-0.147097
-0.550170
0.057383
-0.109061
-0.049588
0.135572
-0.338794
-0.186839
0.000000
0.000000
0.498290
0.215836
2.236307
0.764027
0.744044
0.000000
-1.438376
0.049316
0.000000
0.053712
0.589770
0.000000
0.000000
-0.360823
0.123912
0.000000
0.545109
0.152097
0.225109
0.225109
-1.520515
1.043895
-0.827444
0.114147
-0.507404
0.000000
-1.358796
0.260163
0.057383
0.330520
0.836457
1.160445
0.303772
0.000000
-0.265866
0.398041
1.158312
-0.144631
0.026354
-0.321860
-0.270095
-0.708842
0.167377
0.000000
0.555647
0.664580
0.176918
0.800805
-0.389942
-0.014576
-0.402091
0.921637
-0.572521
0.964854
-0.165751
-0.238954
0.180166
-0.190784
0.045568
-0.549445
0.429327
1.185800
-0.090202
0.290868
-0.294560
0.589250
-0.342710
0.296223
-1.545159
-0.844879
1.072641
-2.058530
1.266601
-0.771929
-0.771929
-0.250071
0.191618
2.741935
-0.979552
0.123265
0.212475
0.179614
0.000000
0.780218
-0.938342
0.000000
-0.777905
0.401181
-0.699857
-0.729370
-0.149360
0.131032
0.173093
-0.252629
-3.663659
-0.112446
0.477102
0.336039
-0.360804
-0.111582
0.408898
-0.420678
0.317803
0.272744
-0.153057
-0.383359
0.188513
-0.085073
-0.095679
0.813934
0.000000
-0.509308
0.249640
0.291894
-0.582422
-0.065692
-0.272917
0.672109
0.242651
-0.439034
0.937206
0.981907
3.938562
0.537245
-1.201819
-0.618736
-0.438694
0.003962
0.712423
-1.207368
-1.366433
0.000000
-0.085248
0.762636
0.237146
0.003876
0.436739
-0.748150
0.004534
-0.115119
0.602866
-0.320837
0.135572
-0.025807
-0.037881
-0.244322
-0.281654
0.250029
0.303093
0.246994
-0.751862
-0.174444
0.000000
1.361717
-0.267815
0.000000
-0.506031
-1.339518
0.000000
0.192810
0.228384
0.277487
-0.580040
-0.679980
0.491249
0.196624
0.728049
0.006128
-0.190784
-0.980925
0.000000
-0.341522
-1.717096
0.607388
-0.203849
-0.203849
0.545109
-0.698313
0.581954
0.723620
0.168661
0.464218
0.069580
0.000000
-0.915730
-0.239444
0.517115
-1.254929
0.000000
-0.901506
0.228298
1.058086
1.129784
1.197461
0.250029
1.566196
1.472897
-0.167644
-0.431310
0.977784
-0.338214
0.569224
0.112269
-1.108218
0.180166
-0.239444
-0.620203
0.667749
0.419171
0.456458
-0.483160
-0.373829
-0.517531
0.076862
0.088264
-0.293433
-0.262378
-1.049183
-0.513762
0.228408
-0.520151
5.890230
-0.136679
-0.171025
-0.364574
-0.286087
0.088264
-0.367609
-0.456312
-0.227922
-0.507404
-0.148892
-0.583768
-0.470865
0.117554
0.005428
0.057383
0.000000
-0.358349
0.383783
0.229206
0.167747
1.758518
0.498231
0.161726
-0.504774
-0.452389
0.086889
0.239956
0.214283
0.000000
0.072910
-0.226947
-1.148528
0.336039
-0.010553
1.365881
-0.503117
-1.046468
-0.681660
0.450017
-0.049780
-0.245809
0.314822
-0.162130
1.106943
-0.167534
0.202765
0.158975
0.178417
-0.521088
-2.910119
0.820904
0.117052
-0.754826
0.156402
-0.988835
-0.135313
-0.355261
0.000000
-0.471895
-0.197138
-0.754826
0.000000
0.000000
0.112269
-0.667394
0.000000
-0.017185
1.205821
3.614695
0.173656
0.579774
0.858403
-0.120965
-0.301202
-0.246478
0.284809
-0.575865
-0.143393
0.256348
1.646368
-1.853216
0.345000
-0.174176
0.090359
-0.883967
0.653607
0.229609
-0.521088
0.285678
0.587253
0.010527
-0.322460
1.397804
1.802062
0.149810
1.525376
-0.263211
-0.263211
1.284428
0.280179
0.000000
-1.101956
0.425955
0.000000
-0.475302
-0.154541
0.341686
-0.480806
-0.444215
0.167747
-0.136193
0.221039
0.055581
0.208942
0.000000
-0.281469
0.378625
0.934318
0.601670
-0.695196
0.462722
0.133220
0.143719
0.108788
-0.135313
0.255569
0.935463
0.060015
-0.136193
1.680861
0.474904
0.280453
0.018508
-0.201477
-0.214069
-0.038500
0.371377
0.569450
-0.016290
-0.806151
-0.700149
0.740310
0.036880
0.406837
-1.347078
-1.671787
0.470646
-0.795992
-0.201044
-0.153057
0.000000
0.000000
-0.839478
0.174746
-0.414894
0.805714
0.244599
0.526052
-0.797560
0.414256
-3.039081
-0.459503
0.448260
0.422757
-0.209198
0.230292
0.191163
-0.787320
-2.126909
0.323123
0.129519
0.924626
0.000000
0.000000
0.925379
0.274503
-0.091267
-0.529083
-0.529083
0.105955
-0.127562
0.783255
0.112228
-0.086867
1.617995
-0.565418
-1.381294
0.546573
-0.377027
-0.054299
-1.013334
-0.142994
0.065214
1.015733
1.135788
-0.414894
0.000000
-0.007160
0.060324
1.366601
-0.407864
-0.108103
-0.128319
-0.565320
0.068047
-0.046513
-0.097246
-0.195953
1.276506
0.600536
0.697328
-0.039022
0.347906
0.284809
-0.148266
0.672109
-0.046319
0.430139
0.069349
-2.460324
-0.334832
1.218642
-1.108218
-0.706418
0.506446
0.216206
-0.050476
1.558885
0.816757
-0.356002
0.079585
-0.397344
-0.290914
-0.591025
-1.854912
-0.201477
-1.108218
1.121484
-0.827316
-0.111470
0.421033
0.069580
0.376337
-0.063392
0.053458
-0.462441
0.045568
0.024443
-1.016622
0.355236
0.142886
0.043935
-0.261521
0.035332
-0.551359
0.078269
0.935721
0.869333
-0.227922
0.681617
0.291894
0.454094
-0.256845
0.468608
-0.140368
0.352165
-0.020635
-0.157477
1.041422
-1.005720
0.744044
-0.406177
0.000000
0.054192
0.284424
-0.092027
-0.108103
-0.225766
0.330746
0.413639
-0.707521
0.465874
-0.410341
0.106607
0.064896
-0.389308
0.126277
0.221016
-0.147203
0.320305
-0.398821
-0.220505
0.189004
-0.855900
0.412504
-0.411516
-2.389189
0.114668
0.134915
-1.070040
0.110032
-0.056049
-0.002246
-0.043130
-0.505594
0.202083
-0.470257
-2.685391
-1.067587
0.000000
-0.954955
-0.295800
0.148136
0.015103
-0.091990
-0.817209
0.278074
-0.504774
0.032713
0.000000
2.220078
0.000000
-2.222352
0.291894
0.303865
-0.338214
0.237424
-0.448634
2.550436
-0.095759
0.783255
0.975729
0.800956
0.000000
-0.092625
0.001835
-0.014040
0.427995
0.000000
0.228298
-0.150405
0.234682
0.185687
0.653448
-0.021589
2.131149
-0.020969
0.000000
-0.091267
-0.883761
-3.083385
-0.737079
1.451032
0.129330
-0.092625
-0.190009
0.925009
-0.254121
0.337018
-0.085248
0.060015
0.462386
0.000000
-1.395698
-0.192216
-1.439341
-0.141993
0.947328
1.335378
0.305880
-0.109061
-1.060064
-0.340920
0.290169
-0.347073
-2.309438
0.268823
0.258960
0.090359
0.981907
0.105955
-1.087120
0.003672
0.745364
0.000564
-0.046484
0.161680
-1.188471
0.217672
0.153502
0.125421
-0.463574
0.267351
0.558727
0.437816
-0.459321
-0.017185
0.326534
-0.389308
-0.470257
0.744134
-0.230899
-2.410314
-0.136679
0.057152
0.457166
0.464218
-0.406177
0.350091
-0.505763
0.653706
0.271330
-1.504203
-2.364478
0.750704
0.268083
0.290983
0.290799
-0.722614
0.060015
0.803022
0.531818
0.312680
-0.136896
-0.465906
0.307945
-0.582855
0.265289
0.279470
-0.162100
0.196624
0.671053
0.976269
-0.477456
0.110067
0.087048
0.466174
-0.091558
-0.781202
0.061880
0.581834
-0.195953
0.712024
-0.071179
0.052011
0.224578
0.562572
0.158635
0.868909
0.220958
0.381064
-0.001591
-1.541967
0.078304
-0.288744
-0.035645
0.727092
0.054192
-0.481062
0.499193
-0.908235
0.227374
0.934738
0.000000
-0.507091
-0.649537
-0.063774
2.150382
-0.471895
0.422718
-0.175383
0.083398
0.737318
0.701925
2.367094
0.830128
0.717728
-0.430973
-1.600825
-0.298112
0.584978
0.476335
-0.171025
1.324228
-0.308136
-0.091267
0.976269
0.000564
-0.831243
-1.257797
0.020916
-0.390715
-0.470865
0.098697
0.001835
-0.378078
0.326534
0.425202
-0.085248
-0.402967
-0.555134
-0.338214
0.229318
0.165426
-0.376399
1.019594
0.501548
0.467329
0.303456
-0.317325
1.185767
-0.383359
-0.288422
-0.754829
1.459988
0.752591
-1.766434
0.007482
-0.308124
0.275368
-0.406848
-0.048349
-0.470257
-0.178119
-0.311322
0.067064
0.116987
-0.112446
-0.024028
0.078304
-0.206444
-0.558307
0.000000
0.497502
0.258960
-0.312952
-0.595342
0.671053
0.119715
-1.549794
-0.240220
-0.453033
1.073023
0.000000
-0.470257
-0.317936
0.604351
0.233353
0.112748
0.135572
-1.615624
0.000000
0.032713
0.472063
-0.433901
-1.033526
1.640396
-0.739275
0.410405
1.334007
0.083963
0.119715
0.000880
0.558727
-0.240155
-0.418807
1.410806
0.928903
0.346151
0.321556
0.257307
0.410405
1.114498
0.119715
0.707545
1.389630
-0.104790
0.173265
0.032713
-0.046513
0.000000
-1.249024
-0.813253
-0.137477
0.320677
0.000000
0.070581
0.032713
0.000000
-0.611118
0.000000
-0.046513
-0.222144
0.320677
1.150956
0.119715
0.087488
-0.037981
0.035079
-1.131016
0.000000
0.009324
1.459988
-0.446597
0.844081
0.627312
-0.474405
0.000000
0.080902
-1.321295
-0.683567
0.000000
0.805714
0.744079
0.545109
-1.510084
0.112228
-0.172237
0.012107
1.303796
1.971963
-0.786186
-0.162715
-0.093983
-0.196202
-0.715889
0.000000
0.062614
-0.152775
0.491249
-0.043130
-0.378057
-0.505763
0.406837
0.000000
0.185220
0.231163
-1.655955
-0.389942
0.719107
0.323611
0.000000
-0.265866
-0.470494
0.271341
0.358819
0.388862
0.595079
-0.933899
-0.340645
0.000000
0.352079
2.668815
-0.556711
0.231571
0.041436
-1.463765
0.437961
-1.060972
1.935358
0.160174
-0.220266
-0.265866
1.680861
0.440490
0.440490
-0.458460
-0.153057
-0.180973
-0.694885
0.460415
-0.370105
-0.103734
-0.558307
0.225918
-0.141201
-0.509397
-0.141201
0.004167
-0.403230
-0.490402
-1.547550
0.165023
2.736533
0.122335
0.163319
-0.222144
0.168140
-0.128319
-0.161858
0.030421
0.000000
-0.552172
-0.467232
0.013065
0.224282
1.136171
0.000000
-0.876750
-0.199648
-0.285944
-0.256845
-0.656774
0.737022
0.394991
-0.541233
0.102735
0.069580
0.295210
0.202399
0.254932
0.068196
-0.080204
0.323123
0.946791
0.035978
-0.043299
-1.481752
0.530702
0.866735
1.319870
-0.471895
0.295692
0.000000
-0.190784
-0.333692
0.320220
0.091696
0.554561
0.615337
0.079317
-0.600979
-0.348963
0.551171
-0.150584
0.077553
-0.373401
-0.678547
0.000000
0.299381
0.237806
0.326534
0.000000
-0.338214
0.091696
-0.656802
-0.391164
0.000000
0.284809
-0.591025
0.067064
-0.452830
0.249712
0.706086
-0.290107
-0.171025
0.065068
-0.296320
0.806234
0.913103
0.320072
-0.218536
-0.283110
-0.816383
0.052011
0.918607
-1.434818
0.688019
0.043935
0.175109
0.159536
0.652513
-1.439341
-0.394245
-0.222077
-1.581384
-0.084512
-0.993622
-0.054299
0.278087
0.000000
0.284809
-0.294580
-0.294580
0.013420
0.264153
0.168140
1.123006
0.116987
0.743692
0.604530
0.360320
0.429327
-0.068589
-0.068589
-0.816443
-0.136193
1.040960
0.831013
0.000000
-0.954955
0.451421
0.179133
0.652513
-0.282398
0.000000
0.108788
0.108788
0.276848
0.167377
-1.545150
-0.832108
-0.111374
-0.240569
-0.525526
0.000000
0.550383
0.909154
-0.761655
-0.880859
-0.084512
-0.667394
-0.196557
-0.136679
-0.533336
0.142886
-0.255005
-1.244446
-0.720420
1.304883
0.913103
0.000890
0.000000
-0.163515
0.545683
0.336500
-0.268464
0.290169
-0.526084
0.000000
0.135572
0.600896
1.133124
0.316902
0.000000
0.147680
0.558949
-0.867076
-1.344081
-0.185151
0.360482
1.547730
2.020106
0.155897
-1.222765
-1.394379
0.731971
0.694907
0.422718
-0.129609
1.863137
0.545109
-0.111475
-0.113257
-1.501063
-0.112917
-0.837038
-0.309845
0.722616
-1.019807
0.634044
-0.097246
-0.214040
-0.539456
-0.846551
0.062614
0.381800
1.454903
-1.331951
0.441344
-0.366899
0.056662
0.000000
0.000000
-0.135926
-1.540760
0.140935
0.664126
0.509912
0.091696
0.690753
-1.215662
0.603654
-1.065052
-1.547682
-0.308136
-0.276868
0.000000
1.078369
-0.118232
0.047684
-0.100553
0.047570
-0.403138
0.450842
0.450842
0.493736
-0.279542
-0.471365
0.683327
0.000000
-0.464652
-0.041059
0.672109
0.443680
-0.238702
-0.375678
-0.176707
0.217346
-0.135313
0.332446
0.012296
-1.329003
-0.111470
0.052480
-0.195953
-1.367072
0.705642
-0.673411
0.312673
-0.533551
0.804667
0.018072
0.000000
0.223168
0.012341
0.586964
0.004167
-0.097246
0.345000
0.512942
-0.333770
0.396327
-0.671924
0.347906
-0.333770
-0.503449
-0.338140
-0.440987
0.411609
-0.268922
0.632975
-0.249911
0.517985
0.223094
1.018760
-1.151254
-0.474405
-0.508784
-0.296673
0.307740
-0.399373
-0.538879
0.612338
0.000000
1.217024
0.285219
-1.249024
-0.254121
-0.590729
-0.082778
0.116012
0.015360
-0.446597
-0.190009
0.198589
-1.225681
0.243709
-0.188704
0.000000
-0.250071
0.844081
0.274794
-1.009036
1.335988
-0.174275
1.245340
-0.027519
0.694907
0.109368
0.052977
-0.360823
0.725153
0.044690
-0.261776
0.634917
0.569224
-0.391164
0.279010
-1.033409
0.743691
1.273234
0.008695
0.236429
0.237146
0.801363
6.765483
-0.021683
1.158312
-0.583769
0.292688
0.425202
1.046430
-0.610434
0.135676
0.060324
-0.507404
-0.180973
-0.271677
0.236429
0.214283
-0.086294
1.647103
-0.834886
0.305880
-0.431310
0.177753
0.028295
0.438834
0.000000
-0.357978
0.578909
0.016021
-0.115119
-0.024532
0.078304
0.211209
0.041824
0.135572
0.100380
-0.669538
1.457612
0.557004
0.343481
0.255569
-0.111470
0.517399
0.803022
-0.153057
-0.904708
-0.966848
7.817171
-1.252334
2.541946
0.255673
0.706395
-1.655955
-1.615624
1.270304
1.396971
1.239330
0.103086
-0.388271
1.668351
0.544670
-0.626095
0.332259
-0.843830
-0.619107
-0.860122
0.090359
0.253880
0.185220
0.112525
-0.677189
-0.017185
1.071762
2.107468
0.987530
-0.102081
-0.049588
0.100524
-3.078211
0.022860
1.767217
0.140935
0.077810
0.231571
-0.379881
0.724036
0.000000
-0.631542
-0.095263
0.000000
-0.865659
0.000000
-0.063774
0.906154
0.148240
0.189004
-0.149839
-0.302606
-0.276868
1.962747
0.062614
-0.611118
0.088264
-0.164998
-0.302884
0.000567
0.585024
0.014905
0.396327
-0.020204
0.000000
-0.154532
1.946408
-0.754826
-0.173027
0.719358
0.450842
-0.314419
-0.100553
-0.224050
0.143719
0.083398
0.190483
0.346574
-0.172237
0.452160
0.065459
-0.014040
-0.880799
0.000000
-0.181237
0.534002
-0.908592
0.089081
-0.597257
-0.194055
0.396327
1.429663
0.089227
0.203124
-0.051278
0.212475
0.625398
0.000000
0.226704
0.158635
0.200795
-0.320837
-0.333692
0.882915
0.290169
-1.144594
-3.267973
-2.905397
0.263137
0.000000
1.830238
-0.393857
-0.247400
1.121484
-0.279542
1.442318
0.603348
0.490799
0.000000
-0.254121
-0.087998
0.031087
-0.816789
-0.527435
0.140430
-0.067205
0.213880
-0.705198
-0.683034
1.240499
-0.030134
0.000000
-0.286238
0.057425
-0.284964
-0.251993
-0.284964
-0.458946
0.718584
-0.056049
-0.302884
0.188282
-0.355261
0.059267
0.245869
0.335620
-0.471365
-0.320837
0.049906
0.383620
-0.096761
-0.182050
-0.538339
-0.662494
-0.037039
0.223578
-0.723114
0.998556
0.228788
0.223168
-1.049708
-0.349856
0.159536
-0.184625
1.150956
-0.740410
0.360876
-0.014663
-0.221336
-0.109583
-0.109583
-0.164548
-0.203849
1.722695
-0.613033
0.000000
-0.316526
-0.672269
-0.468307
0.166554
-0.179155
0.604530
-1.012202
-0.665623
0.008939
0.706086
0.320755
-0.316807
-0.479572
-0.619369
1.365037
-0.261521
0.072517
-1.056973
0.000000
0.031087
-0.350368
1.217071
2.805434
-0.003942
-1.130654
-1.732714
0.881243
-0.056744
-0.794065
-0.524233
0.578315
0.000000
-0.731668
0.109368
1.249353
-0.884834
1.972606
-0.136193
0.185194
-0.486243
-0.753213
-0.050476
0.285687
0.500977
-0.667394
0.018293
0.196298
0.000000
-0.837038
0.532370
0.316902
0.741580
0.744044
-0.249523
-0.300940
-0.730257
-0.400967
-0.519923
-0.634704
0.409072
-0.108103
3.206308
0.174746
0.533305
0.131032
0.972695
-0.905103
0.113036
-0.238954
-0.415023
-0.954955
0.717133
-0.642590
-0.094666
0.534002
-1.333652
0.000000
0.194303
1.161072
0.305761
-0.025274
0.184193
0.756583
-0.462594
0.153643
-0.043510
-0.227922
0.313803
-0.283265
0.671053
-0.296519
-0.718798
-0.035571
-0.002270
0.022173
0.498290
-0.257373
-0.524233
-0.488892
0.993781
0.655266
0.655266
0.809531
-0.472734
0.000000
-0.014576
-0.240507
-0.139741
-0.509519
0.523924
-0.378933
0.000000
0.032956
-0.783172
0.994714
0.062149
-0.983815
0.320677
0.981907
0.284112
-0.108495
0.128718
-0.626280
-0.740250
0.287364
0.483087
-0.420644
0.237424
0.591983
0.206547
0.545109
0.000000
-1.199313
1.411379
-0.207372
-0.044999
0.123095
0.223168
-0.014040
1.052326
-0.611118
0.655266
0.202765
-0.479773
-0.148266
-0.227922
-0.037039
-1.178932
0.316902
-0.954955
0.078304
-0.962703
-0.699415
0.026419
-0.233019
0.534002
-0.321860
-0.205546
0.589382
-0.917779
-0.559954
0.223168
0.350315
-0.375907
1.337478
0.368784
-0.578769
-0.389942
0.842707
0.047684
0.000000
0.069580
0.000000
0.745364
0.307032
0.029220
0.000000
-0.349761
-0.349761
0.082090
0.422945
-0.072571
0.390563
1.845854
0.560846
0.750704
-0.471365
0.153340
-0.051975
0.080055
-0.778808
0.398065
0.450842
-0.822100
0.320674
0.552362
-0.582855
0.223168
0.463994
-1.419728
0.228491
0.090359
-0.655445
-0.363232
0.000000
-0.075918
-0.426211
-0.426211
-0.338214
0.764457
-0.806121
0.000000
-0.605775
-0.024592
-0.386438
0.633163
-0.470257
0.311879
0.341510
0.981344
-0.198542
0.426116
0.942132
1.220279
-0.109061
-0.673233
0.467334
0.000000
-1.131467
0.095198
0.383620
0.912476
0.477102
1.019532
0.072850
0.378192
0.719649
0.380870
-0.152141
-0.056049
0.000000
0.231752
-0.888728
-0.524233
-0.306441
-0.827444
0.379914
0.699723
-0.755966
-0.454384
0.976269
-0.454384
-0.454384
0.000000
-0.197690
-0.203849
-1.703893
0.189423
0.078304
0.078304
-0.044919
-1.439341
0.118782
-0.371825
0.285678
0.128718
0.032713
-1.408091
1.714119
-1.087120
1.164329
0.078304
1.268016
-0.310440
0.443519
-0.880859
0.669974
0.676121
1.092365
0.015103
2.421968
-0.192216
0.408544
-0.189390
0.119495
0.052011
2.807498
-0.653287
-0.316526
0.998162
0.719107
0.348963
0.490799
0.235624
-0.194371
-0.049181
0.801363
-0.261866
0.987530
0.987530
-0.033364
0.000000
0.557004
0.291188
0.690829
0.388554
0.515874
0.439686
-0.254121
0.122335
0.686415
-0.271123
-0.135926
-0.315973
-0.050207
-0.095023
-0.095263
0.543602
-0.195953
0.658180
-0.715503
-0.656639
2.439661
-0.389252
0.367961
0.000000
8.589142
-0.082778
0.658184
-0.211792
-1.615624
-0.481322
-0.584475
-3.098535
-1.951890
-0.729370
-0.787019
0.570334
-0.032595
0.183443
0.355689
-0.138402
-0.403819
-2.664744
0.000000
-1.184013
0.000000
-0.085875
0.349730
0.092961
-0.827444
0.890199
-1.374916
0.341686
0.341686
0.255673
0.507810
0.305880
0.448076
0.213499
0.373868
-0.201805
-0.822100
0.255673
-0.914900
0.890199
0.126064
-0.206444
0.000000
-2.982940
-0.085248
-0.128319
-0.065700
-0.926059
-0.087119
0.540279
0.305880
0.305880
-0.014422
0.241025
0.191618
0.377101
-0.609492
0.731976
-0.198542
0.236429
0.000000
0.407646
-0.063392
-0.063392
-0.251397
-1.012202
-0.201805
-0.164548
-0.142955
-0.142955
-0.142955
0.303456
0.303456
0.303456
-0.330210
0.285765
0.684769
-0.605961
-0.605961
0.422075
0.540279
0.140935
-1.191330
-1.600825
-0.135313
-0.276868
2.191548
0.000000
0.000000
0.000000
0.059267
0.032713
2.089828
0.255175
0.438682
2.089828
-0.071476
0.000000
0.088264
-1.049758
0.062614
0.100760
-0.827316
-0.841187
0.189527
-0.218134
-0.931579
-0.372375
0.424922
0.227720
0.461640
0.419717
0.054192
0.196624
-0.310044
1.067640
-0.326968
2.150382
-0.205904
-0.118232
-0.050705
-0.086867
0.068047
0.591331
0.000000
0.054192
0.054192
-0.100553
0.000000
-1.037636
1.138502
-1.201811
-0.695939
0.674458
0.140655
0.000000
-0.205904
0.616948
0.410035
0.544304
1.227930
-0.135313
-0.330227
-0.100553
0.594622
0.029969
0.189527
-1.625198
0.000000
0.227720
-0.986024
-0.071476
0.140935
0.054192
-0.071476
-0.071476
-0.071476
-0.071476
-0.071476
0.171197
0.032713
-0.164548
0.438682
0.809531
0.032713
0.032713
-0.071476
0.140935
0.000000
0.068047
0.000000
0.191618
-0.262177
0.000000
-0.262177
0.000000
0.000000
0.098697
0.285091
0.285091
-0.720321
