0.010481
0.000000
0.000000
0.016918
0.000236
-0.004278
-0.000220
0.000000
0.000000
-0.019076
-0.010277
0.008853
0.000000
0.000000
0.005212
-0.010489
0.013381
-0.005063
0.008253
0.008469
0.025407
0.000000
0.000000
0.000000
0.000000
0.000000
0.000000
0.000000
0.000000
0.000000
0.000000
0.000000
0.000000
0.000000
0.000000
0.000000
0.000000
0.000000
0.000000
0.000000
0.000000
0.000000
0.000000
0.000000
0.000000
0.000000
0.000000
0.000000
0.000000
0.000000
0.000000
0.000000
0.000000
0.000000
0.000345
0.000000
0.000000
0.000000
0.006403
0.001766
0.000000
0.000000
0.000000
0.000000
0.000000
0.000000
0.000000
0.000000
0.000000
0.000000
0.000000
0.000000
0.000000
0.000000
0.000000
0.000000
0.000000
0.000000
0.000000
0.000000
0.000000
0.000000
0.000000
0.000000
0.000000
0.000000
0.000000
0.000000
0.000000
0.000000
0.000000
0.000000
0.000000
0.000000
0.000000
0.000000
0.000000
0.000000
0.000000
0.000000
0.000000
0.000000
0.000000
0.000000
0.000000
0.000000
0.000000
0.000000
0.000000
0.000000
0.000000
0.000000
0.000000
0.002081
0.002838
0.006181
0.014432
-0.001492
-0.000807
0.000000
0.000000
0.000000
-0.002640
-0.008531
-0.000712
-0.006342
0.003835
-0.003392
-0.020943
-0.010081
-0.011010
-0.013778
-0.014149
-0.011260
-0.007623
0.019321
0.098842
-0.003155
-0.002751
-0.004294
-0.012110
-0.003074
-0.004204
-0.002014
0.007100
0.003396
0.009575
0.009724
0.009255
0.097611
0.004588
0.052690
0.000000
0.018945
-0.001956
-0.003959
0.004232
0.001229
-0.013730
0.000000
0.000000
0.000000
0.000000
0.000000
0.014749
-0.009249
0.000000
0.000000
0.000000
0.000000
0.000000
0.000000
0.000000
0.000000
0.000000
0.000000
0.015334
0.004521
-0.005158
-0.004309
0.000000
0.000000
-0.012584
0.001557
-0.011147
0.000000
0.000000
0.000000
0.000000
0.000000
0.015212
0.000000
0.000000
0.000000
0.000000
0.000000
0.000000
0.001258
0.000000
-0.003589
0.000000
0.000000
0.044426
-0.016516
0.022194
-0.013031
0.058464
0.005428
0.081693
0.014805
-0.004794
-0.013193
0.016435
0.000000
0.003758
-0.002584
0.000000
0.000000
0.001809
-0.000167
0.000000
-0.008346
0.006486
0.018325
0.000000
-0.008238
0.056240
-0.013676
-0.022249
-0.004256
0.004063
0.000000
0.000000
0.000000
0.000000
0.000000
0.000000
0.000000
0.000000
0.000000
0.000000
0.037161
-0.002642
-0.027110
0.000845
-0.005361
0.001091
-0.010594
0.000000
0.000000
0.000000
0.000000
0.000000
-0.003854
-0.004502
0.006780
-0.008418
0.000000
0.004755
0.000000
0.000000
-0.007594
-0.002772
0.000000
0.006494
0.011442
0.019582
0.010817
0.009817
0.000000
0.000000
0.000000
0.000000
0.000000
0.000000
0.000259
0.045773
0.015249
0.000000
0.000000
-0.027728
0.012127
0.005773
-0.006012
0.040535
-0.014503
0.036865
-0.007450
-0.001473
0.000386
0.009356
-0.013623
-0.012403
-0.006871
-0.007578
0.000000
0.000000
0.035058
0.008361
0.001566
0.001158
-0.015583
-0.001566
-0.039980
-0.007193
0.060236
0.009246
0.000000
0.053917
-0.005687
0.004460
-0.002226
-0.004536
-0.011202
-0.009592
-0.018519
0.000000
0.000000
0.000000
-0.004797
-0.021458
0.015098
0.016585
0.091573
0.002518
0.011159
-0.003928
0.012606
-0.000717
0.000116
0.000000
-0.007135
0.003697
0.091765
0.156601
0.000721
-0.009670
-0.016270
-0.018496
-0.026308
0.005430
-0.010778
-0.005273
0.000000
0.001671
0.000000
0.000000
-0.016407
0.000000
0.000000
0.000000
-0.011064
-0.014032
0.003121
0.000000
0.002561
0.000000
0.000000
0.074139
-0.015260
-0.001332
0.005146
0.266237
-0.006562
-0.015353
-0.012514
-0.004471
0.000000
-0.004799
-0.009647
-0.002175
-0.009858
0.000248
0.000000
0.000000
0.039326
-0.005770
0.005248
0.048529
0.021064
-0.021339
0.036700
0.000000
-0.024303
-0.011647
-0.031302
0.000000
-0.014727
-0.001365
0.000000
0.000000
0.001396
0.000000
0.022563
-0.003018
-0.003124
0.000000
-0.010598
-0.020277
-0.017076
0.026416
-0.008948
-0.013607
-0.022810
0.008042
0.033566
-0.003718
-0.001392
0.104743
0.004263
-0.006659
-0.013351
0.055790
-0.011253
-0.004303
-0.000631
-0.012532
-0.012736
0.001650
-0.023379
-0.016303
-0.005448
0.000000
-0.017837
-0.036605
0.000000
-0.006654
-0.005149
0.018425
-0.000192
-0.013875
0.078348
0.001060
-0.004979
-0.008129
-0.010748
-0.010379
0.000000
-0.006679
0.011621
0.000000
-0.016653
-0.014245
-0.017312
-0.008173
0.003959
0.000000
0.048972
-0.016848
-0.018849
-0.016854
-0.002216
0.000000
-0.000336
0.000000
0.333621
-0.002803
0.010701
0.000000
-0.002962
-0.006411
-0.014212
0.011434
-0.011266
-0.014161
-0.030878
-0.015333
-0.004117
0.003903
-0.008325
-0.000003
-0.003468
0.006948
-0.002456
0.060737
-0.006484
0.003531
-0.001178
-0.005399
-0.015787
-0.012197
-0.009622
-0.016885
-0.015875
-0.001068
-0.017037
-0.000878
-0.008673
0.003343
0.000000
0.000000
0.017548
0.000000
-0.005697
-0.011574
-0.009476
-0.004030
0.003621
-0.017337
0.016966
-0.012938
0.011894
0.000289
-0.000752
0.012764
-0.014874
0.000504
-0.009194
0.008421
0.000000
0.000000
0.000000
0.001219
0.002674
0.000000
0.000000
0.013439
0.000000
0.000000
0.000000
0.016006
-0.025395
-0.004988
-0.115695
0.000000
0.000000
-0.000756
0.007393
-0.009199
0.085886
-0.002028
-0.031958
-0.009153
-0.006366
-0.025152
-0.012193
-0.011781
0.010000
0.029319
-0.005283
-0.015579
-0.009999
-0.012409
0.000000
0.000000
0.000000
0.034655
0.000000
-0.002758
0.000000
0.060847
-0.001060
-0.004027
0.000000
0.000000
0.000000
0.000000
0.000000
0.000000
0.000000
0.003999
0.017655
-0.010661
0.000000
-0.005918
-0.009338
0.006961
0.078128
-0.014326
-0.011061
-0.009167
0.000000
-0.007227
0.051847
0.003008
0.030763
0.003194
0.001549
-0.022938
-0.018989
0.000000
-0.015262
0.000000
-0.014437
-0.031785
0.038206
-0.008861
-0.009296
0.003247
0.028708
0.076879
-0.012849
0.001181
-0.008257
-0.009093
-0.014517
0.000000
-0.000432
-0.038014
-0.004403
-0.005331
-0.002865
0.005711
0.016210
-0.008449
-0.023449
-0.001967
0.006944
-0.003513
-0.009406
0.000091
-0.047970
-0.008925
0.005281
0.009907
-0.008281
0.018918
-0.001321
-0.003323
0.000280
-0.016138
0.000000
0.000000
-0.010804
-0.017362
0.009724
0.027031
-0.000811
-0.020626
-0.001836
0.010433
0.064016
-0.009348
0.000000
-0.016874
-0.005575
-0.015852
0.000000
-0.010156
0.010519
0.000000
0.000000
-0.019214
-0.009093
0.043011
0.100957
-0.021656
-0.003760
-0.015882
-0.004347
0.000998
-0.012778
-0.000434
0.000000
0.005743
0.000000
0.000000
0.000000
0.000000
0.000000
0.000000
0.004859
0.000000
0.000000
0.000000
-0.014882
-0.000476
-0.054768
0.014855
-0.045298
0.000000
0.000000
0.000000
0.000000
-0.000202
0.000000
0.000000
0.000000
0.000000
0.000000
0.000000
0.000000
0.000000
0.000000
0.000000
0.000000
0.000000
0.000000
0.000000
0.000000
0.000000
0.000000
0.000000
0.000000
0.000000
0.000000
0.000000
0.000000
0.000000
0.000000
0.000000
0.000000
0.000000
0.000000
-0.005976
0.000000
0.002515
0.000000
0.000000
0.013418
0.000000
-0.007542
0.000000
0.000000
0.000000
0.000000
0.000000
0.000000
-0.023944
0.000000
0.018447
-0.007276
0.002344
-0.007700
0.003317
0.003765
0.000000
-0.000914
0.000000
0.000000
0.000000
0.000000
0.000000
0.000000
-0.000063
0.000000
-0.017661
-0.014299
-0.017475
-0.011128
0.000000
0.000000
0.000000
0.000000
0.000000
0.000000
0.000000
-0.008045
0.000000
0.000000
0.000000
-0.012743
-0.016042
-0.004475
0.016326
-0.016056
-0.001835
0.019704
0.014417
0.059420
-0.005057
0.000000
0.006136
-0.004726
0.001443
0.038291
0.096372
-0.007333
-0.016789
-0.008613
-0.012385
-0.009638
-0.029090
-0.010050
-0.006197
-0.001495
0.010285
-0.007639
-0.017564
0.013137
0.001685
-0.011023
-0.005792
0.009688
-0.007528
-0.011450
0.000000
0.069455
0.002197
0.000000
0.000000
0.000000
0.000000
0.000000
-0.001801
-0.014482
-0.011126
0.000000
0.000000
-0.009337
-0.014959
-0.005481
-0.019488
0.023730
-0.004633
0.000000
-0.002318
0.010608
0.000000
0.000000
-0.001731
-0.021283
0.000000
-0.007593
-0.004730
-0.010665
0.000000
-0.003289
-0.011540
0.004961
-0.018749
0.006197
0.000000
0.000000
0.000000
0.000000
0.000000
0.000000
0.036083
0.000000
0.000000
0.000000
0.042720
0.054431
0.011743
0.000000
0.021954
0.000000
-0.005987
0.007076
-0.013437
-0.003387
-0.008631
0.000000
0.016184
-0.004769
0.046772
0.000507
-0.187891
-0.032730
-0.014276
0.016014
0.007806
0.010793
0.105466
0.000000
-0.019584
0.003546
-0.009264
0.003093
0.000000
0.000000
0.000000
-0.001546
0.003761
-0.009361
-0.023754
0.000000
-0.014173
-0.017885
-0.011664
-0.007045
-0.020265
0.014262
-0.024187
0.019485
0.038287
-0.009778
-0.013316
0.001078
0.000000
0.000000
0.000000
-0.198281
-0.006744
-0.006830
0.000000
0.000000
0.002354
0.002442
-0.345396
0.000000
0.000000
-0.019789
-0.007632
0.001136
-0.006713
0.000000
0.000000
0.000000
-0.015202
0.000000
0.022167
0.000000
0.000000
0.000000
0.000000
0.000000
0.000000
0.000000
-0.015453
-0.006321
-0.016240
0.000000
-0.018340
0.031627
-0.000671
0.025955
-0.007114
-0.007103
-0.007898
0.005345
0.019454
0.000000
-0.009570
-0.003222
0.002736
0.000000
-0.000174
0.000000
-0.005572
-0.004216
-0.004389
0.013790
-0.004923
-0.005111
0.000000
-0.010292
0.000337
0.000000
-0.008736
-0.005337
0.159163
-0.009540
-0.006492
0.001520
0.031776
0.027997
0.000000
0.000000
0.000000
0.000000
0.000000
0.000000
0.000000
0.000000
0.000000
0.000000
0.000000
0.000000
-0.003783
-0.003593
-0.015380
0.000000
0.000000
0.000372
-0.004790
0.028397
-0.006131
0.000000
0.000000
0.000000
0.000000
-0.011773
-0.005404
0.000000
-0.007093
-0.008976
-0.021100
0.003282
0.000000
0.000000
0.000000
-0.013728
0.021036
-0.002392
-0.021760
-0.001043
0.004088
-0.007812
-0.012490
0.000000
0.000000
0.000136
-0.001638
0.000000
-0.020576
0.002203
0.000000
0.009221
-0.004972
-0.006962
0.027645
-0.010619
0.007153
0.026783
0.000000
-0.027338
-0.001945
-0.011056
0.000000
-0.015295
-0.019678
0.001678
0.006891
0.000000
-0.004113
-0.020029
-0.008048
-0.015521
-0.020512
-0.012966
-0.003894
-0.015756
-0.015597
-0.001285
-0.009689
-0.005013
0.013020
-0.019932
-0.012641
-0.015830
0.062531
-0.003188
0.000384
0.008843
0.032239
-0.007688
-0.002392
-0.011518
-0.001494
0.007639
0.022291
-0.017487
0.002921
0.143256
-0.012979
-0.024785
-0.014732
0.000703
0.001011
-0.013855
-0.012742
0.016443
0.009114
0.000000
0.000000
0.000000
0.000000
-0.013307
0.010884
-0.004502
-0.004052
-0.014085
0.021032
0.083349
0.040382
0.001885
0.000000
0.009455
-0.007736
0.045731
-0.000636
0.026643
-0.009858
0.030488
-0.018971
0.002676
-0.004104
0.049886
-0.008590
0.005697
0.112759
0.009118
0.017943
0.000000
-0.005453
-0.009185
-0.016815
-0.001565
-0.000407
0.000000
-0.001212
-0.003819
-0.016345
-0.005122
-0.007906
-0.007325
-0.027915
-0.015494
-0.017198
-0.002119
-0.004542
-0.007154
0.015556
-0.017394
0.005125
-0.006895
0.001079
-0.010469
-0.008375
0.007381
0.284722
0.069300
0.009575
-0.014287
-0.001096
0.000000
-0.001767
0.000000
0.003077
0.061911
0.004186
0.000000
0.021642
-0.016144
-0.008773
-0.008547
-0.019749
-0.000841
0.005536
0.051450
-0.019534
0.013852
-0.002912
-0.007774
0.000000
0.000000
0.000000
-0.018333
-0.013648
0.003713
-0.009340
-0.000504
0.054428
0.008736
-0.016943
0.000000
0.001059
-0.019730
0.000000
0.000000
-0.012102
0.000000
-0.007121
-0.000694
-0.016522
-0.009374
0.000000
0.131032
0.015788
-0.007692
-0.006816
-0.019467
-0.015426
-0.017932
0.004575
0.016160
0.000000
0.000000
-0.020694
-0.005419
-0.013283
-0.014302
-0.013268
0.079026
-0.005808
0.001189
0.009170
-0.003385
-0.009651
0.007946
0.006495
-0.014229
0.096521
0.000000
-0.013187
0.000349
-0.013937
0.025325
-0.005476
-0.000223
-0.000564
0.000000
0.000000
-0.013863
0.000000
0.000000
0.000000
0.000000
0.000000
0.000000
0.000000
0.000000
0.000000
-0.005412
-0.004657
-0.007265
-0.010873
-0.008136
-0.000637
-0.000640
0.001830
0.000000
-0.011462
-0.000779
0.000000
-0.022762
-0.005098
0.136931
-0.007445
0.018536
0.000000
-0.005426
0.020160
0.000000
0.000000
0.000000
0.000000
0.000000
0.000000
0.000000
0.000000
0.000000
0.000000
0.000000
0.000000
0.000000
0.000000
-0.011549
-0.012385
-0.003815
-0.014765
-0.013023
-0.015461
-0.013015
-0.017748
0.008911
0.020655
-0.017774
0.011141
-0.009623
0.000385
-0.009528
0.025668
0.000000
0.007798
0.000000
-0.011897
0.008296
0.000000
0.000000
0.000000
-0.005047
0.000000
0.000000
0.000000
-0.000867
0.000000
0.000000
0.136770
-0.008600
-0.014108
0.000000
0.000000
0.000000
-0.006907
-0.020514
-0.022816
-0.019890
0.000000
-0.006307
-0.005736
-0.009132
-0.015744
-0.008311
-0.005766
-0.002368
-0.009901
-0.006911
-0.013460
0.000000
-0.009356
-0.000804
0.000000
-0.008384
-0.012555
0.001997
0.000000
0.011417
-0.008351
0.000000
0.006521
-0.006415
-0.002340
-0.008650
-0.005443
-0.012854
0.000000
0.000000
0.000000
-0.010643
-0.010955
-0.016076
-0.026395
0.000000
-0.011959
0.013356
-0.017393
-0.003521
0.000000
0.000000
0.000000
0.001063
0.000000
-0.011082
-0.005339
0.000437
-0.021854
0.018919
0.000000
-0.001438
0.523538
0.000000
0.000000
-0.004791
0.000000
0.076072
-0.000783
-0.008846
0.000000
0.000000
0.000000
-0.001628
0.019303
-0.002650
0.019794
-0.004587
0.010242
0.090768
-0.000079
0.000000
0.007866
-0.022066
-0.006552
0.027819
0.000000
0.000000
-0.006805
0.003633
0.000000
0.000000
0.000000
0.000000
0.000000
0.000000
0.000000
0.001437
-0.010138
-0.008802
0.003397
0.013236
0.000000
-0.022980
0.000000
0.004179
0.004788
-0.020540
-0.008550
0.000000
0.000000
0.000000
0.000000
0.000000
0.000000
0.000000
0.000000
0.000000
0.005656
0.012792
-0.011142
-0.019211
-0.007573
0.000000
0.000000
0.000000
0.000000
-0.020325
-0.002131
0.000000
0.000000
0.000000
0.000000
0.000000
-0.001973
0.003732
-0.010364
0.011105
0.006385
-0.004766
-0.004023
-0.004951
0.010455
0.020748
-0.006896
-0.009741
-0.062414
0.008693
-0.002744
0.000003
-0.005475
0.017474
0.022953
0.018401
0.012342
