0.014610
0.000000
0.000000
0.010636
-0.000552
0.010068
-0.004225
0.000000
0.000000
0.003393
-0.017723
0.011693
0.000000
0.000000
0.013018
-0.019415
-0.009280
0.022307
-0.003988
0.000687
0.005268
0.022627
0.000000
0.000000
0.000000
0.000000
0.000000
0.000000
0.000000
0.000000
0.000000
0.000000
0.000000
0.000000
0.000000
0.000000
0.000000
0.000000
0.000000
0.000000
0.000000
0.000000
0.000000
0.000000
0.000000
0.000000
0.000000
0.000000
0.000000
0.000000
0.000000
0.000000
0.000000
0.000000
0.000000
0.000000
0.000000
0.000000
0.000000
0.000000
0.000000
0.000000
0.000000
0.000000
0.000000
0.000000
0.000000
0.000000
0.000000
0.000000
0.003729
0.000000
0.000000
0.004154
-0.002615
0.000000
0.000000
0.000000
0.000000
0.000000
0.000000
0.000000
0.000000
0.000000
0.000000
0.000000
0.000000
0.000000
0.000000
0.000000
0.000000
0.000000
0.000000
0.000000
0.000000
0.000000
0.000000
0.000000
0.000000
0.000000
0.000000
0.000000
0.000000
0.000000
0.000000
0.000000
0.000000
0.000000
0.000000
0.000000
0.000000
0.000000
0.000000
0.000000
0.000000
0.000000
0.000000
0.000000
0.000000
0.000000
0.000000
0.000000
0.000000
0.000000
0.000000
0.000000
0.000000
0.000000
0.000000
0.000000
0.000000
0.000000
0.000000
0.000000
0.000000
0.000000
0.000000
0.000000
0.000000
0.000000
0.000000
0.003467
0.008620
0.000000
0.011255
0.004140
0.001117
0.000000
0.000000
0.000000
0.000000
0.000000
0.000000
-0.006641
-0.046854
0.000000
-0.005780
0.000000
0.001466
-0.002253
0.000000
0.003313
-0.008669
-0.017095
-0.022245
-0.016297
-0.016202
-0.014027
-0.013629
0.000000
-0.007466
0.012872
0.111656
-0.003543
-0.011061
-0.012706
-0.011531
-0.002872
-0.009029
-0.013381
-0.004708
-0.010813
-0.000819
0.003517
0.016406
0.090504
0.015103
0.051393
0.000000
0.016583
-0.027246
0.005084
0.006855
0.002299
0.002060
-0.017406
0.000000
0.000000
0.000000
0.000000
0.008087
-0.005503
0.000000
0.000000
0.000000
0.000000
0.011809
0.005840
-0.000494
-0.002448
-0.005886
0.000000
0.000000
-0.005735
-0.000501
-0.016788
-0.023220
0.018942
0.000000
0.000000
0.000000
0.000000
0.000000
0.000000
0.000000
0.000000
0.003771
0.000000
0.000000
-0.001583
0.045195
-0.025878
0.011155
0.053460
-0.001403
0.070990
-0.014307
0.003290
-0.002869
0.004923
-0.012355
0.007662
0.000000
0.007439
-0.002048
0.000000
0.000000
0.000000
0.000000
0.000000
0.002220
-0.009161
-0.017349
0.002363
0.027137
0.000000
0.000000
-0.005495
0.042254
-0.017841
-0.012556
-0.000310
-0.018810
0.005790
0.000000
0.000000
0.000000
0.000000
0.000000
0.000000
0.000000
0.000000
0.000000
0.000000
0.000000
0.000000
0.023275
0.004181
-0.027758
0.002621
0.001558
-0.009930
-0.000362
-0.007708
0.000000
0.000000
0.000000
0.000000
0.000000
-0.001277
-0.010354
0.003630
-0.006997
0.000000
0.008452
0.000000
0.000000
-0.001857
-0.002122
0.000000
0.000000
0.022340
-0.002812
0.011389
0.002367
0.011702
0.000000
0.000000
0.000000
0.000000
0.000000
0.000000
0.001477
-0.013053
-0.006546
0.030126
0.000000
0.000000
-0.026550
-0.012978
0.005063
-0.008704
-0.014881
0.040695
-0.016935
0.050801
-0.004502
-0.000365
-0.014802
-0.027346
0.003097
-0.014762
-0.020083
-0.018885
-0.009880
0.000000
0.000000
0.000000
0.033401
0.003992
-0.000456
0.000160
-0.015624
0.002823
-0.036992
0.006223
0.065117
0.001708
0.000000
0.020933
0.004823
-0.006067
0.000026
-0.013792
-0.017301
-0.022075
-0.006824
-0.015331
0.017388
0.028591
0.098125
0.000000
-0.006042
-0.007929
0.014077
0.009293
-0.002699
0.000000
-0.008150
0.000000
-0.000411
0.000651
0.058580
0.141932
0.006363
-0.004662
-0.015885
-0.027504
-0.015994
0.003312
-0.011603
-0.001487
0.000000
0.001894
0.002588
0.000000
0.000000
0.000000
-0.016043
0.000000
0.000000
0.000000
-0.018336
-0.007613
-0.009979
0.000000
0.003070
-0.000260
0.000000
0.000000
0.084811
0.000114
-0.007275
0.017073
-0.034669
0.081133
-0.014224
-0.004684
-0.015273
-0.007747
-0.008822
0.000000
-0.003877
-0.006575
-0.011308
-0.002963
0.000000
0.000000
0.033809
-0.018101
0.054582
0.027695
-0.020438
0.032012
0.000000
-0.022682
-0.012151
-0.026587
0.000000
-0.012733
-0.003691
0.000000
0.000000
0.017677
0.000000
0.006136
-0.002383
0.000000
-0.000874
0.000000
0.000000
-0.007767
-0.005081
-0.019783
-0.017467
0.031143
-0.007683
-0.015874
-0.014556
0.002878
0.040892
0.033449
-0.005634
-0.004905
0.009963
0.093893
0.061567
0.044441
0.003638
-0.005089
-0.007803
0.018888
0.048974
-0.012237
-0.006475
0.006488
-0.017032
-0.022880
-0.028599
-0.013084
-0.006464
0.000000
-0.019662
0.018181
0.000000
0.007876
-0.011596
0.012893
-0.000592
-0.011320
0.076918
0.003571
0.000000
-0.013503
-0.014149
-0.007926
0.000000
0.006107
-0.004051
0.000000
-0.005565
-0.006704
0.000000
0.012343
0.000000
-0.013010
-0.015545
-0.010227
-0.012754
-0.007699
-0.026239
0.006424
0.000000
-0.016064
-0.000425
0.000000
0.000000
0.014342
0.000000
0.132064
-0.002063
0.010461
0.000000
0.002487
0.005432
-0.016879
-0.013537
-0.011385
-0.020123
-0.020146
-0.031916
-0.013271
0.000000
-0.008624
0.006192
0.000671
-0.003705
-0.008731
-0.009624
0.022902
0.002729
0.066066
-0.005240
0.009831
-0.010142
0.002680
-0.005241
-0.010268
-0.011897
-0.016548
-0.022561
-0.008123
-0.011018
-0.002137
-0.010177
0.000181
0.000000
0.000000
0.017721
0.000000
-0.000876
-0.003030
-0.009691
-0.002239
-0.001610
-0.002320
-0.015358
0.014994
-0.013881
0.002073
-0.008886
-0.000631
0.001035
-0.017531
0.014864
-0.024408
-0.011350
-0.011817
0.004372
0.000000
0.000000
0.000000
-0.001445
-0.001763
0.003574
0.000000
0.000000
0.000000
0.022356
0.000000
0.000000
0.000000
0.017344
-0.013255
-0.012084
-0.114548
0.000000
0.000000
0.003776
0.014285
-0.003883
-0.003419
-0.016705
-0.005932
-0.006865
-0.021211
-0.017915
-0.000472
0.012570
0.032480
-0.014605
-0.029361
-0.015392
0.000000
0.000000
0.000000
0.000000
0.000000
0.000000
-0.019215
0.025681
0.000000
-0.014226
-0.004330
0.000000
0.065761
-0.001163
-0.003104
0.000000
0.000000
0.000000
0.000000
0.000000
0.000000
0.000000
0.000000
-0.010654
0.015203
0.023050
-0.009390
0.000000
-0.011519
0.008689
-0.023502
0.046452
0.000000
-0.008150
-0.016353
0.000000
0.000000
-0.008527
0.000000
-0.008278
0.065440
-0.001354
0.007952
0.038769
-0.017078
-0.006299
-0.020981
-0.022127
0.000000
-0.020686
0.000000
-0.025619
-0.038329
0.031346
-0.019208
-0.007627
-0.003201
0.018528
0.000000
0.061036
-0.015298
-0.007721
-0.006973
0.000000
-0.007483
-0.011679
0.000000
0.000000
0.000000
-0.001843
0.000000
-0.041502
-0.013548
-0.000515
-0.005333
-0.002008
0.004667
-0.022416
0.002253
0.000000
0.019781
0.010860
-0.013859
-0.007260
-0.028424
-0.003985
-0.041331
-0.020161
-0.005857
0.026710
0.002232
0.003059
-0.015198
0.039433
-0.017469
0.018020
-0.006960
-0.006130
0.013697
-0.016683
0.000000
0.000000
-0.018055
-0.002760
-0.017911
0.013640
0.022362
-0.009812
0.000000
-0.018196
0.000184
0.012645
0.062823
-0.010501
0.000000
-0.011659
-0.001702
-0.010549
0.000000
-0.018130
0.032563
-0.004831
-0.021351
-0.008343
0.037885
0.149290
-0.055486
-0.003383
-0.007707
-0.008637
-0.002397
-0.001582
0.000000
0.003977
0.000000
0.000000
0.000000
0.000000
-0.002285
0.000000
0.000000
0.000000
-0.017447
-0.019380
-0.056661
-0.049156
0.000000
0.000000
0.000000
0.000325
0.000000
0.000000
0.000000
0.000000
0.000000
0.000000
0.000000
0.000000
0.000000
0.000000
0.000000
0.000000
0.000000
0.000000
0.000000
0.000000
0.000000
0.000000
0.000000
0.000000
0.000000
0.000000
0.000000
0.000000
0.000000
0.000000
0.000000
0.000000
0.000000
0.000000
0.000000
0.000000
0.000000
0.000000
0.000000
0.000000
0.000000
0.000000
0.000000
0.008046
-0.006229
0.000000
0.000000
0.000000
0.008903
0.000000
0.000000
-0.004344
0.006696
0.000000
-0.006513
0.000000
0.000000
0.000000
0.000000
0.000000
0.000000
0.000000
0.000000
0.000000
-0.020922
0.000000
0.023656
-0.005883
-0.002667
0.001277
0.004392
0.003594
0.000000
0.000000
0.000000
0.033494
-0.001039
0.000000
-0.015946
-0.008842
-0.010940
-0.013330
0.000000
0.000000
0.000000
0.000000
0.000000
0.000000
0.000000
0.000000
0.000000
-0.004679
0.000000
0.000000
0.000000
0.000000
0.000000
0.000000
-0.010839
-0.011888
-0.011922
0.000000
0.040962
0.031991
-0.022198
-0.008273
0.017951
0.019411
-0.019575
0.052711
-0.009304
0.000000
0.003982
-0.004716
-0.009607
-0.002794
0.027987
0.105586
-0.011900
0.000000
-0.019805
-0.020511
-0.010057
0.000000
-0.007280
-0.006586
-0.006405
0.003029
-0.007908
-0.010463
-0.002334
0.002465
-0.005996
-0.004980
0.016645
-0.000539
-0.011680
-0.014016
0.008221
-0.014463
-0.009086
-0.007374
0.000000
-0.002046
0.000000
0.000000
0.000000
0.000000
0.000000
0.000000
0.000000
0.000000
-0.003990
-0.010613
-0.009733
0.000000
0.000000
0.001667
-0.011769
-0.016704
0.029887
-0.005145
0.000000
0.000000
-0.001970
0.002215
0.000000
0.000000
-0.003551
-0.003945
-0.020552
0.000000
0.013924
-0.012537
0.000403
-0.003906
0.000000
0.000000
-0.013754
-0.007435
-0.009739
0.005425
-0.024754
0.009539
0.000000
0.000000
0.000000
0.000000
0.000000
0.000000
0.000000
0.000000
0.037646
0.000000
0.000000
0.000000
0.037471
0.044030
0.017795
0.000000
0.009404
-0.010121
-0.005875
-0.018632
-0.002796
0.000000
0.000000
0.020954
-0.002692
0.005638
0.008252
-0.032005
-0.009161
0.019301
0.002956
-0.006520
0.061652
0.008822
0.109283
0.000000
-0.014580
-0.000319
-0.001537
0.004369
0.000000
0.000000
0.000000
0.000000
0.000000
0.000000
-0.007432
0.000112
0.012035
-0.000191
-0.017849
0.000000
-0.011589
-0.012929
-0.005841
-0.015325
0.013063
-0.002916
-0.023956
0.010697
0.018051
-0.004503
-0.014627
-0.002621
0.000000
0.000000
0.012130
-0.229661
-0.004049
-0.002014
0.000000
0.000000
0.000000
0.002531
-0.341239
0.000000
0.000000
-0.015747
0.000416
0.000000
-0.006141
-0.011805
0.000000
0.000000
0.000000
0.000000
0.000000
-0.017077
0.000000
-0.005965
0.027860
0.000000
0.000000
0.000000
0.000000
0.000000
0.000000
0.000000
0.000000
0.000000
-0.019049
0.007615
-0.014558
0.000000
-0.009351
0.023760
0.010681
0.027470
-0.005017
0.000000
0.002938
0.010723
0.000000
-0.010327
0.003947
0.013709
0.000000
-0.002777
0.000000
-0.001838
-0.002826
-0.017168
0.014016
-0.004715
0.000000
-0.011932
0.000000
-0.010776
-0.001372
0.000000
-0.010730
-0.002363
-0.009562
-0.015360
-0.001174
0.000000
0.017323
0.027779
0.000000
0.000000
0.000000
0.000000
0.000000
0.000000
0.000000
0.000000
0.000000
0.000000
0.000000
0.000000
0.000000
-0.002870
-0.022565
-0.029308
-0.005596
-0.009891
0.000000
0.000000
0.001731
-0.004167
0.038901
-0.003683
0.000000
0.000000
0.000000
0.000000
-0.003859
-0.005881
0.000000
0.000000
0.000000
0.001257
-0.002799
-0.014962
0.009402
0.000000
-0.018794
0.034236
0.000064
-0.022319
-0.002639
0.007588
-0.008515
-0.015348
0.000000
0.000000
-0.004038
-0.008672
0.000000
-0.007133
0.016721
0.000000
0.006345
0.000000
-0.004477
-0.001782
-0.000394
0.000000
0.016785
-0.013639
0.002172
0.020054
0.000000
-0.001694
-0.028493
0.011646
-0.016376
0.000000
-0.012585
-0.017008
-0.009278
0.013439
0.000000
0.001644
-0.017320
-0.014386
-0.019002
-0.013418
-0.012736
-0.001211
-0.011206
-0.004033
-0.011428
0.020280
0.000000
-0.004271
-0.011768
-0.010859
-0.019624
0.066280
-0.016192
-0.001741
0.000124
0.008686
0.013922
-0.009058
0.000000
0.004563
-0.011802
0.004721
0.009091
0.035456
0.000906
-0.011623
0.000938
0.139257
-0.015580
-0.024913
-0.015892
-0.000227
0.007957
-0.013560
-0.008519
0.010120
0.006505
0.000000
0.000000
0.000000
0.000000
-0.014434
0.006390
-0.001150
-0.009889
-0.015699
0.023937
0.089297
0.041337
-0.014219
-0.001443
0.000000
0.023737
-0.004309
0.045236
-0.009754
0.001209
0.034806
-0.008158
0.011912
-0.007104
0.012751
-0.014628
-0.003861
0.040297
-0.010733
-0.001262
-0.008776
0.003638
0.100697
0.024431
0.014304
0.000000
0.039217
-0.010362
-0.007285
-0.007006
-0.005792
-0.003004
-0.009609
-0.011521
-0.006719
-0.000411
-0.006318
-0.013455
-0.033545
-0.013726
-0.020199
0.003943
0.000520
-0.006853
0.021959
-0.008601
-0.001393
-0.010211
-0.010464
-0.002463
-0.005615
-0.008933
-0.020229
-0.001839
0.000000
0.000000
0.286496
0.066065
-0.006258
0.004174
0.004032
0.003602
-0.013661
-0.001531
0.000000
0.004360
0.045182
0.010138
0.000000
0.014744
-0.008208
-0.008073
-0.005541
-0.028096
-0.002620
0.013775
0.060833
-0.035448
-0.009483
0.008455
-0.023396
-0.010239
-0.012053
-0.023362
-0.008604
0.002545
-0.007796
-0.018175
0.004829
0.026894
0.012009
-0.018437
0.000000
0.003350
-0.021907
0.000000
0.000000
-0.004264
0.000000
-0.008143
-0.002337
-0.010906
-0.009510
0.000000
0.161810
0.007269
-0.014899
-0.004662
-0.009869
-0.008442
-0.010107
-0.012476
0.010075
0.000000
0.000000
0.000000
-0.016325
-0.014772
0.005009
-0.013709
-0.019818
-0.008926
0.110771
0.001166
-0.005053
-0.006460
-0.001582
-0.001563
-0.002956
0.000000
0.014365
-0.000754
-0.012787
-0.004805
-0.008752
0.102376
0.000000
-0.016130
-0.015667
0.002761
-0.017916
0.022069
-0.014176
0.005502
-0.000291
0.000000
0.000000
0.000000
-0.011497
-0.010613
0.000000
0.000000
0.000000
0.000000
0.000000
0.000000
0.000000
0.000000
0.000000
0.000000
0.000000
0.000000
0.000000
0.000000
0.000000
0.000000
-0.004156
-0.005411
0.002418
-0.007572
0.000000
0.000000
-0.012675
-0.003559
-0.004124
-0.003048
0.000000
-0.003681
0.003372
-0.003709
0.000000
-0.021903
0.000000
-0.010313
0.136047
-0.006341
0.019927
0.000000
-0.001327
0.019192
0.000000
0.000000
0.000000
0.000000
0.000000
0.000000
0.000000
0.000000
0.000000
0.000000
0.000000
0.000000
0.000000
0.000000
0.000000
0.000000
0.000000
0.000000
-0.009531
-0.019558
-0.001786
0.004415
-0.008900
-0.014950
-0.016387
-0.005939
-0.009139
0.004973
0.011003
-0.011064
-0.013674
-0.010028
-0.005040
-0.007419
0.035047
0.000000
-0.012943
0.000000
0.007442
-0.006608
0.007820
0.006547
0.000000
-0.005614
0.000000
0.000000
0.141449
-0.007958
-0.010601
0.000000
0.000975
-0.023498
-0.018251
-0.021387
0.000000
0.000000
-0.001601
-0.005934
0.000000
-0.005994
-0.012633
-0.009059
-0.008336
-0.004030
0.004586
0.005839
0.002756
-0.005027
-0.017077
0.000000
-0.007988
0.004015
-0.007679
-0.004046
-0.005402
0.012975
0.000000
0.021055
-0.006712
0.000000
0.007038
-0.009405
-0.011648
-0.009913
0.001832
-0.006757
-0.012781
0.000000
0.000000
0.000000
0.000000
-0.010562
-0.005820
-0.022785
-0.031692
0.000000
-0.010068
-0.002133
-0.012059
-0.001880
0.000000
0.000000
0.000000
-0.001116
-0.000915
0.000000
0.000000
-0.008929
-0.001648
-0.006235
-0.018230
0.023054
0.000000
-0.006373
-0.004826
0.527791
0.000000
-0.016470
-0.004640
0.000000
0.051037
-0.006796
-0.006532
-0.002499
0.000000
0.000000
0.000000
0.000000
0.000440
0.017003
0.003723
0.040951
-0.002374
-0.023678
0.017756
0.092410
0.024773
-0.003896
0.000000
-0.011342
0.005678
-0.010805
0.003441
0.040472
0.000000
0.000000
-0.004902
0.003400
0.000000
0.000000
0.000000
0.000000
-0.015217
-0.008791
-0.008343
0.010658
-0.010931
0.013978
0.000000
-0.020701
0.000000
0.030165
-0.004059
0.003552
0.019951
-0.028892
-0.009629
0.000000
0.000000
0.000000
0.000000
0.000000
0.000000
0.000000
0.000000
0.000000
0.000000
0.000000
0.000000
0.000000
0.000000
0.000000
0.011159
0.020018
0.000000
-0.012957
-0.020243
-0.013412
0.000000
0.000000
0.000000
-0.009361
-0.008616
0.000000
0.000000
0.000000
-0.007639
-0.006682
-0.002092
-0.004984
-0.008338
-0.056077
-0.010831
0.002669
-0.012518
-0.009249
-0.011727
-0.005006
-0.004734
0.008847
