0.004286
-0.000556
0.010689
0.010959
-0.004091
-0.025229
-0.017273
0.006325
-0.009336
-0.007081
-0.016004
-0.005374
0.003211
0.007306
0.019703
0.000167
-0.017845
0.004817
-0.018456
-0.005782
-0.016435
0.003789
0.033720
-0.007019
0.064550
0.002270
-0.003546
0.006327
0.042464
-0.002494
0.005279
-0.012375
-0.006465
0.002943
-0.026137
0.031516
0.011846
0.002363
-0.001493
-0.002110
0.002341
0.001669
-0.007367
0.009928
-0.023666
-0.017932
-0.008961
-0.008511
-0.015352
0.003843
-0.009682
-0.004857
0.019873
-0.008540
0.004357
0.006004
-0.010000
-0.005429
0.002743
-0.013627
-0.002972
0.003578
-0.012187
-0.007727
-0.000652
-0.004819
-0.008222
-0.003901
0.006463
0.004185
-0.004652
-0.004617
-0.008775
-0.004336
0.002152
-0.002316
-0.000168
0.000000
-0.003940
0.000000
0.058708
0.000000
-0.001344
-0.010517
0.012288
0.007334
0.003566
-0.009989
-0.005986
0.004145
-0.022804
-0.008271
0.000000
-0.009814
-0.007743
-0.003066
-0.001706
-0.006058
0.014187
-0.002259
-0.016363
-0.003992
-0.013756
-0.006963
-0.019900
-0.002426
0.014305
0.015477
-0.004405
-0.011553
-0.012198
-0.003147
-0.002593
-0.001525
-0.002701
0.012605
-0.001514
0.013680
0.009275
-0.001908
-0.020228
0.005125
0.007364
-0.010114
0.011328
0.060223
-0.012155
-0.023762
-0.001981
0.003974
-0.008078
0.000427
-0.025471
0.054719
-0.009007
-0.022145
0.011496
0.014037
0.011189
-0.005512
0.000189
0.009151
0.008220
0.034113
-0.003042
-0.008884
-0.004734
-0.005986
0.011746
0.010465
-0.010990
0.013504
-0.001196
0.024469
-0.015760
0.001040
-0.001400
0.001660
0.005676
0.000000
-0.007279
-0.010398
-0.007410
0.003075
0.000000
-0.006290
-0.008943
-0.015066
-0.018494
-0.001756
-0.009303
-0.002873
-0.004357
-0.017920
-0.001331
-0.001343
0.020735
-0.005172
0.000830
0.002162
-0.011583
-0.000995
-0.002043
0.000000
0.000000
0.000000
0.018803
-0.007403
0.015102
-0.023788
-0.008080
0.008501
-0.042578
0.000000
0.000000
0.000000
0.000000
0.000000
0.000000
0.000000
0.000000
-0.003872
0.000000
0.000000
-0.001384
-0.002468
-0.028911
0.001345
-0.001766
-0.002118
-0.009849
0.000390
0.009009
-0.005721
0.003048
-0.006670
-0.007214
-0.013912
0.010047
0.010560
0.007048
0.014338
0.075059
-0.003683
-0.002159
-0.002105
-0.008227
-0.023995
0.001592
0.009901
-0.020729
-0.008631
0.016124
0.033452
0.050929
-0.001576
0.011392
0.011292
0.037836
-0.020580
0.061841
0.088668
0.148242
-0.001574
-0.015349
0.005647
-0.004307
-0.034333
-0.017758
0.167782
0.069959
0.007706
0.007102
-0.016069
-0.005228
0.006963
-0.007262
-0.013462
-0.013879
-0.008370
0.002955
-0.011624
0.000507
-0.009024
-0.002355
0.000627
-0.050864
0.007869
0.007855
-0.004056
-0.005386
0.001602
-0.009017
-0.001855
0.013262
0.015406
-0.014806
-0.001051
-0.021812
-0.013020
-0.007631
0.052480
-0.005059
-0.012644
-0.014504
0.020944
0.000000
-0.006214
-0.007357
-0.003542
0.009235
0.000277
-0.005065
-0.011788
-0.028185
0.005766
0.004988
0.007248
-0.016149
-0.029648
-0.038058
0.011557
-0.012789
-0.008001
0.012962
-0.001068
-0.003925
-0.012780
0.006204
-0.041672
-0.007053
0.007673
-0.000341
0.005452
-0.002680
-0.007760
-0.004590
0.111967
-0.002898
0.059131
-0.025385
-0.008844
-0.021564
-0.006656
0.000000
-0.008089
0.011369
-0.022393
0.000809
-0.003841
0.052136
-0.005958
-0.003487
0.002401
0.008006
-0.018483
-0.015414
0.007676
-0.011879
-0.013719
-0.044115
0.008464
-0.017510
-0.043573
-0.017393
0.034693
-0.018409
-0.007090
-0.007987
-0.006552
0.002936
0.002013
0.004764
-0.000108
0.018420
0.066469
0.020057
-0.002246
-0.014365
0.003299
-0.008086
-0.013363
-0.027309
-0.004300
-0.005500
-0.009300
-0.010536
0.008843
-0.011154
-0.006661
0.000955
0.014120
0.027056
-0.005001
0.006279
0.010658
-0.003306
-0.000966
-0.008386
0.000000
-0.024666
-0.025759
-0.006666
-0.010595
-0.005721
0.005238
-0.008685
-0.000482
-0.006753
-0.010255
-0.005568
0.028175
-0.026849
0.001946
0.004523
-0.028128
0.047228
-0.002152
0.013738
0.037721
0.045477
-0.004407
-0.003537
-0.007500
-0.001223
-0.003390
0.002155
-0.004948
-0.013025
0.000501
-0.016992
-0.006915
-0.014862
0.005917
-0.017956
-0.013232
0.010555
0.003619
-0.011614
-0.009066
0.002191
-0.000269
0.002503
0.007032
-0.005754
0.007093
-0.004693
0.008777
-0.007836
-0.011660
-0.027843
-0.012680
-0.030423
-0.010765
0.012163
-0.004545
0.024607
0.021901
-0.015468
-0.004477
0.077666
-0.004221
-0.011123
-0.007213
-0.023363
0.002757
-0.008894
-0.005720
-0.004001
0.004050
0.045885
0.003668
0.002399
-0.008981
0.022917
-0.004964
0.004656
-0.012325
0.008602
0.008074
-0.034315
-0.003796
-0.015196
-0.021732
-0.007863
-0.013867
-0.013544
-0.051915
-0.018240
-0.006985
-0.005720
-0.004233
0.009627
0.006929
0.000744
0.002481
-0.005962
-0.001178
-0.011209
0.020695
-0.013693
-0.012520
-0.028257
-0.012109
-0.005631
0.005092
-0.006907
-0.010285
-0.033469
-0.026082
-0.001931
-0.009122
0.017983
0.074381
-0.011631
-0.000659
-0.016635
-0.032265
0.008185
-0.003471
-0.014393
0.001067
-0.000619
-0.025253
-0.015395
0.009837
0.007766
-0.002870
0.001938
0.007818
-0.016268
-0.014195
0.005186
0.000843
0.012134
0.002020
-0.007975
-0.012427
-0.005189
-0.011059
-0.028009
0.002013
-0.006918
0.021916
-0.021332
-0.001149
-0.017237
-0.021865
-0.013855
0.031382
-0.011603
0.000160
-0.001725
-0.014926
-0.009913
-0.007273
-0.003012
-0.030749
0.016338
0.015875
0.024469
-0.004001
0.017889
0.001383
-0.023133
0.002040
-0.004877
-0.021060
0.007009
0.004202
-0.011460
-0.003361
-0.025381
-0.034551
-0.013561
0.087113
0.006880
0.003726
0.025811
0.004915
0.006160
0.004798
-0.030557
0.001106
-0.031295
0.003855
-0.009766
-0.007201
-0.001890
-0.006983
-0.000288
0.197177
0.011056
-0.002783
-0.013658
-0.007579
-0.018860
0.126459
0.005389
0.023642
-0.003441
0.012787
-0.005947
-0.011467
-0.016571
0.007494
-0.010386
0.012228
0.006316
0.023404
0.062702
0.008620
-0.011182
0.023046
-0.023511
-0.010811
0.004411
-0.015237
-0.009327
0.012457
0.031374
0.100499
0.028544
-0.012604
-0.009418
-0.013350
-0.027903
-0.015723
0.013915
-0.014764
-0.035457
0.011150
-0.015475
0.003419
-0.026871
0.002707
0.000212
0.017687
0.002853
-0.003683
-0.009550
0.004078
-0.020975
0.023064
0.001736
0.006841
0.022660
-0.011085
-0.018030
0.001458
0.027830
-0.004345
-0.028920
-0.020724
0.005622
0.003052
-0.014860
-0.026714
-0.005156
-0.004035
-0.027539
-0.012202
-0.036241
0.009277
0.004645
-0.003880
-0.010941
-0.005910
-0.048328
-0.006692
-0.007384
0.075080
0.000253
-0.007943
-0.015450
-0.011988
-0.004615
-0.009113
-0.001112
-0.010605
0.013640
-0.005077
-0.006564
-0.010889
-0.007272
-0.003445
0.020355
-0.000617
0.002271
0.039817
0.005107
-0.003233
0.029277
-0.008627
-0.004982
0.000367
-0.005281
0.001783
0.078160
0.001644
-0.018945
-0.012028
-0.027953
-0.029228
-0.001610
0.018212
-0.004070
-0.002400
0.004897
-0.013063
-0.042529
-0.019089
-0.012583
-0.002691
-0.007269
-0.009530
0.001154
0.021285
0.025017
-0.003169
0.187765
0.001463
0.059161
-0.014251
-0.005129
-0.008261
-0.028280
-0.005737
0.000233
0.000000
-0.011069
0.011238
-0.012559
-0.008186
-0.036241
0.003598
-0.010968
-0.002960
-0.004633
0.032169
-0.000055
0.002578
-0.005103
0.009430
-0.008240
-0.009725
0.014870
-0.020975
-0.012045
-0.009951
-0.008248
0.048367
-0.029032
-0.007058
0.018582
-0.026269
0.016934
-0.031682
-0.021415
0.007274
-0.030460
-0.021189
-0.004165
0.009726
0.007668
-0.018423
-0.003362
0.002427
-0.004075
0.006029
-0.010025
-0.015143
-0.025929
-0.025151
0.025549
0.008699
-0.009443
-0.001046
-0.009585
-0.008817
-0.002710
0.036099
-0.009996
-0.004159
-0.030325
-0.018440
-0.005692
-0.008596
-0.002337
-0.001799
0.006417
-0.003413
0.023431
-0.001275
-0.005059
-0.004160
-0.000086
-0.014694
0.001480
-0.005121
-0.008749
-0.001933
-0.008215
-0.016837
0.033130
0.011541
-0.019577
0.007263
-0.026945
-0.011990
0.036492
-0.034815
0.009366
-0.013331
-0.027418
0.004480
-0.011782
0.008658
0.026790
-0.001793
-0.003656
0.007767
-0.011682
0.024485
-0.014161
-0.010566
-0.016130
0.008425
0.002641
-0.015453
0.000000
-0.007824
-0.022631
-0.000969
0.006744
0.010481
-0.018852
0.006348
0.006966
-0.015395
-0.022263
-0.000905
-0.000505
0.003239
-0.018013
0.032979
-0.004051
-0.001376
-0.012124
0.016994
-0.005613
-0.017766
0.009062
-0.000049
-0.010193
0.016505
-0.035546
-0.004687
-0.017010
0.000383
0.006058
0.007303
0.002695
-0.004642
-0.007876
-0.010677
-0.011264
-0.009888
-0.003522
-0.011728
-0.001900
-0.013444
-0.010006
-0.004999
-0.011647
-0.017420
-0.000338
-0.017700
-0.003691
-0.011549
-0.002387
0.001665
0.002511
0.000109
0.013674
-0.029814
-0.008670
-0.012707
-0.009542
-0.029845
0.007428
-0.005958
0.062981
0.006627
0.008531
-0.005300
-0.005111
-0.009546
-0.013273
-0.000986
0.010362
-0.014918
-0.023905
0.001228
0.006357
0.002387
-0.004794
-0.012187
0.012765
0.001899
-0.021306
0.007432
0.040396
0.005176
0.000834
0.023759
-0.005320
-0.007702
0.003587
-0.010324
0.002789
-0.006916
-0.013186
-0.007096
-0.014133
-0.004056
-0.002547
-0.010691
-0.000863
-0.002580
0.000042
0.013381
0.000029
-0.006232
-0.003491
-0.010187
-0.001885
-0.009338
-0.013175
-0.003606
0.046216
-0.006768
-0.007623
-0.009348
0.009474
-0.008445
-0.017122
-0.018822
-0.019751
0.028114
-0.020320
-0.004575
-0.015543
-0.002681
0.005207
-0.020308
-0.001390
-0.014514
-0.001793
-0.011364
0.016460
-0.000982
-0.007670
0.010101
-0.017778
-0.020896
0.026219
-0.022309
-0.001705
0.007403
0.015558
-0.014044
-0.007642
0.008581
0.017860
-0.004582
-0.020373
0.010497
-0.003734
0.002088
-0.032807
0.005652
-0.005888
-0.012916
-0.016035
-0.002791
-0.005524
0.038467
0.017964
-0.016718
0.003202
0.001448
0.013890
0.004131
-0.003170
-0.015362
-0.034874
-0.013421
0.003035
0.000000
-0.006184
-0.006962
-0.008641
-0.016725
-0.003353
-0.026777
0.000441
-0.008013
-0.004358
-0.006090
-0.002447
-0.004730
-0.004001
-0.004995
-0.005342
0.001541
0.003033
0.006257
-0.010223
0.025550
-0.001561
-0.037832
-0.009309
0.008334
0.008685
0.006208
-0.009785
0.015666
-0.010295
-0.000890
-0.019893
0.004944
0.007916
-0.003482
-0.008617
-0.009760
-0.010421
-0.017435
0.022329
-0.035542
0.034053
-0.020369
-0.010353
-0.002562
-0.007855
0.010774
-0.012727
0.001685
0.028824
-0.014566
-0.014806
-0.005523
-0.001060
-0.020355
0.048307
-0.018066
-0.004357
-0.003032
-0.005441
0.007469
-0.001683
-0.005723
0.005769
-0.003144
-0.007200
-0.022117
-0.012674
0.015491
-0.004967
-0.001638
0.000076
-0.001216
0.014818
0.024651
0.015795
0.002274
-0.024181
-0.010790
-0.019525
-0.007225
0.005692
-0.006908
-0.018781
0.004778
-0.008114
-0.050388
-0.013220
-0.008952
0.059634
0.013336
-0.006463
-0.019367
-0.019516
-0.014820
-0.008538
0.003485
-0.002632
-0.015865
-0.000533
-0.006379
-0.018100
-0.012741
-0.016432
-0.002992
-0.000851
-0.016483
0.007602
0.019499
-0.007522
0.001488
0.006553
-0.013409
-0.008868
-0.010800
0.002621
0.008079
0.008442
-0.012111
-0.012951
0.005180
0.038978
-0.026661
0.010456
0.003981
0.004704
-0.001232
-0.009899
-0.008186
0.003420
-0.001817
-0.013510
-0.000631
-0.019259
0.014697
-0.009809
-0.003544
-0.004939
-0.008709
-0.003649
-0.011349
0.018980
-0.033516
-0.006767
-0.027252
-0.010837
-0.020065
-0.007945
-0.003404
-0.009718
-0.001997
0.006532
-0.005430
0.026500
0.017956
-0.002030
0.004398
-0.002925
-0.000803
0.056383
-0.011520
0.000000
-0.007046
-0.000325
0.008146
-0.020490
-0.047095
-0.030614
-0.000975
0.003292
0.002979
-0.005694
0.008660
-0.014885
-0.000667
-0.002843
0.060333
0.003343
-0.014136
0.001217
-0.015140
0.066271
-0.001138
-0.055400
-0.004354
-0.001979
-0.012903
-0.005845
0.003921
-0.005968
-0.005582
-0.009589
-0.008422
0.002451
-0.000043
0.002643
-0.022464
0.005241
-0.003936
-0.008333
0.053957
-0.078577
0.005567
-0.018165
-0.027070
0.002447
-0.002292
0.000000
0.014909
-0.008250
-0.018973
-0.002036
-0.004896
0.008675
0.000021
-0.045786
-0.004534
0.005287
0.000000
0.002528
-0.006553
0.020443
0.021066
-0.038599
0.063362
-0.006096
0.009334
0.072174
-0.023718
-0.006170
0.005261
0.003703
-0.015189
0.020841
-0.009276
-0.007149
-0.000118
0.068531
-0.015706
-0.003523
0.000005
-0.003307
-0.012218
0.034887
-0.014161
0.017825
-0.001558
0.035410
0.003379
-0.000420
0.002921
-0.012742
-0.008370
-0.014596
-0.031304
-0.016496
-0.006127
0.001715
0.044140
-0.013360
-0.017629
0.001567
0.014797
-0.015394
-0.047226
-0.014435
-0.021504
-0.010161
-0.019940
-0.018269
-0.009021
-0.004655
-0.003723
-0.018023
0.011935
-0.006654
0.009944
0.001133
-0.015702
-0.028900
0.004023
-0.002384
0.003747
-0.014088
-0.015749
-0.018914
-0.036955
0.004004
-0.012465
-0.007928
0.007074
-0.005062
-0.006100
0.022843
-0.040188
-0.002971
-0.001184
0.007742
-0.000720
0.011689
0.008275
0.000869
-0.006941
-0.007092
-0.005394
0.006340
0.046691
-0.007974
0.000554
0.003890
0.014163
-0.005720
-0.019133
0.004485
-0.006614
-0.008748
-0.010835
0.003469
0.008140
-0.005939
0.004233
-0.003075
-0.040433
0.005367
0.004520
-0.007367
-0.003470
-0.012675
-0.014645
-0.012719
-0.004469
-0.023229
-0.001651
-0.018979
0.003381
-0.013835
-0.078844
-0.078762
-0.021413
-0.020068
-0.005407
-0.012051
-0.008665
-0.000525
0.007086
0.022582
-0.009945
0.006369
0.010987
-0.009313
-0.001557
0.000393
0.003508
0.051956
-0.005997
0.001935
-0.004536
0.037938
-0.038768
-0.002176
0.001882
-0.021591
0.009466
-0.007593
-0.015124
0.003872
-0.004781
-0.006542
0.006867
0.010999
0.029668
-0.007186
0.000490
-0.004276
0.021676
-0.033455
-0.005518
-0.005967
0.012398
-0.007061
0.026958
-0.013505
-0.020402
-0.014837
-0.010532
-0.015492
-0.005839
-0.003503
0.005521
0.015726
-0.004570
-0.001912
0.001238
-0.013098
-0.021014
-0.005776
-0.012200
-0.005023
0.001055
-0.013270
-0.009681
-0.012757
0.000176
-0.019787
0.003593
0.040265
-0.000213
-0.005828
0.029996
0.007846
0.010046
0.015669
-0.006656
0.025040
-0.017041
0.000577
-0.016696
-0.004917
0.008237
-0.000257
-0.004048
0.006634
-0.003790
-0.013798
-0.014467
0.019366
-0.004138
-0.000185
-0.016759
-0.006288
0.019567
-0.021379
-0.008252
0.015619
0.007623
0.003798
0.005145
-0.000544
-0.010180
0.003988
-0.024067
-0.022706
-0.008150
-0.000247
-0.018549
-0.006015
-0.010706
-0.010081
-0.008483
-0.007127
-0.015735
0.083205
-0.010658
-0.008858
0.005925
-0.017570
-0.007672
-0.015980
-0.004136
-0.000090
-0.006755
0.019356
-0.002315
-0.003949
-0.000754
0.033083
0.002771
0.007656
-0.002264
-0.007554
-0.013626
-0.015611
0.000787
0.003241
-0.005581
0.018143
-0.009583
0.003506
0.021155
-0.017701
-0.003656
0.000034
-0.007743
-0.001528
0.051645
-0.061742
-0.023929
0.013118
0.011696
0.001118
-0.014747
-0.008656
-0.007288
0.000690
0.026887
-0.004120
0.006501
0.001193
-0.008503
0.008381
0.038865
-0.000537
-0.005591
0.022679
0.004700
0.024697
0.006167
-0.015157
-0.027193
-0.020716
-0.009056
-0.028196
-0.018028
0.007511
0.003425
-0.013691
0.016582
-0.007122
0.014687
0.044882
-0.015378
0.038657
-0.003911
-0.006105
0.008855
-0.007888
-0.013572
0.000154
0.015226
0.006025
-0.007245
-0.001463
-0.003854
0.033003
0.046879
-0.018482
0.023941
0.009819
-0.014220
0.006368
0.015103
-0.024947
-0.023281
-0.001869
-0.010687
0.021004
0.007660
-0.024013
-0.018116
-0.017306
-0.005405
-0.014293
0.001402
-0.006504
-0.020095
0.010466
-0.068305
0.013570
-0.020845
-0.010592
-0.000555
0.022820
0.010958
-0.004524
0.041812
-0.003061
-0.008330
-0.001274
0.031850
-0.005687
-0.000012
-0.001995
-0.016900
-0.005079
-0.019185
-0.002203
0.006703
-0.019522
0.013602
0.015288
0.001340
-0.006138
-0.019635
0.002993
-0.012796
0.005145
0.005862
0.003270
-0.001034
-0.002329
-0.004332
-0.007311
-0.000679
0.007208
-0.014792
-0.004921
-0.003373
0.045181
0.042041
-0.002750
0.002293
0.004969
0.005859
-0.000524
-0.010195
-0.008864
0.016579
-0.001763
-0.011045
0.000053
0.002222
-0.020606
0.007266
-0.005352
0.027845
0.047398
0.067595
-0.005894
-0.000842
-0.009502
-0.015816
0.004645
-0.013009
-0.008494
-0.011319
0.182922
-0.004774
0.007482
-0.014431
-0.009184
-0.007695
-0.002927
-0.015816
-0.014628
-0.027834
-0.007379
-0.007681
-0.007354
-0.006149
-0.008102
0.003194
-0.009526
0.002755
-0.006625
-0.017264
-0.020652
-0.007389
-0.011804
-0.019731
0.287926
0.013512
-0.000793
0.026015
0.004414
-0.057410
-0.002726
0.014511
0.001322
-0.013854
0.034579
-0.037815
-0.003164
0.007565
-0.022911
-0.000890
-0.001111
0.015188
-0.031207
-0.013530
-0.020012
0.004843
0.016187
-0.003714
-0.019180
-0.001046
0.010855
0.074736
-0.002784
-0.011709
-0.000558
0.007513
-0.022525
-0.020484
-0.013660
-0.007737
-0.010015
-0.007639
-0.034525
0.012917
-0.007006
-0.002031
-0.005301
-0.007672
0.000000
0.072467
-0.002550
0.012455
-0.009524
-0.016947
-0.000401
-0.011938
-0.014091
-0.006874
0.022109
-0.004598
-0.000752
0.002239
-0.024882
0.000870
-0.001626
0.008511
-0.012558
-0.014243
-0.001744
0.002395
0.003618
0.001371
-0.004246
0.007223
-0.011370
0.018892
-0.004367
-0.006915
0.004740
-0.008822
0.000036
-0.013122
-0.010390
-0.005675
0.011326
0.006354
-0.012645
-0.031449
-0.006338
-0.008831
-0.011738
0.015185
-0.000578
0.030145
-0.007761
0.018243
-0.016027
-0.002600
-0.028572
-0.008596
-0.010116
-0.009500
0.018852
-0.013996
0.009176
-0.001968
-0.001636
0.030268
-0.023934
0.031305
-0.011152
0.007665
0.032503
0.008106
0.023519
0.001751
0.007622
-0.019287
0.001752
-0.007780
-0.008067
-0.025499
0.007766
-0.002785
-0.004275
0.011798
0.005918
0.003686
-0.005185
0.002495
0.017079
-0.022939
-0.021240
-0.014945
-0.016813
-0.018201
0.008045
0.022127
-0.007763
-0.006472
0.010537
0.126795
-0.009657
0.014067
0.022438
-0.011015
-0.006177
0.003024
0.004466
-0.026762
-0.006316
-0.023907
-0.002239
0.000000
-0.001432
-0.009795
0.012248
-0.003502
-0.019580
-0.011388
0.000000
-0.006852
-0.033196
-0.001395
0.018609
-0.003215
0.002154
-0.008906
-0.009677
0.004554
0.009549
-0.004901
-0.004076
0.006247
-0.020788
0.033363
0.170580
-0.006717
0.009163
-0.016137
-0.005008
-0.007542
0.006073
-0.005345
-0.002479
0.014739
-0.014363
-0.003763
0.032359
0.001736
-0.002802
0.005388
0.006325
-0.011263
-0.010955
-0.001257
0.000494
-0.010524
0.021927
-0.013649
-0.010605
-0.012669
0.002621
-0.006740
0.031327
-0.008184
-0.005454
-0.018816
-0.004297
0.025822
0.007543
-0.025330
-0.008664
0.022361
-0.011092
0.002709
-0.010624
-0.005396
-0.008704
-0.012266
-0.003925
0.031765
-0.016183
-0.000244
0.016832
0.011004
-0.007046
0.014727
-0.000199
0.010199
-0.011494
0.031220
-0.012146
0.013439
0.048420
-0.005270
0.015465
-0.017370
-0.003781
-0.044204
0.004081
0.173868
0.002486
0.010052
0.017323
-0.000030
-0.024109
-0.014350
-0.011204
-0.019338
0.147602
0.001639
0.036303
0.114840
0.039542
0.000405
0.000321
-0.020234
-0.007654
-0.000090
0.022394
0.009069
0.002377
0.009977
0.013027
0.010941
-0.006637
0.023639
-0.001909
0.008485
0.010404
0.016105
0.002087
-0.004560
-0.002032
-0.001905
-0.011529
-0.010468
-0.004624
-0.026790
-0.002541
0.001918
0.208098
0.007491
0.000000
0.000000
0.000000
0.000000
-0.002410
-0.025804
-0.001621
-0.007251
-0.010655
-0.024572
-0.008213
-0.023116
-0.018466
0.012525
-0.002750
-0.009334
-0.021338
-0.003079
-0.000809
-0.002849
-0.019491
0.002628
-0.001293
-0.004119
0.039004
0.003223
0.008026
0.004980
-0.016790
-0.003452
-0.020387
-0.000928
-0.000491
0.008968
-0.003477
-0.000643
0.000778
0.003838
0.000623
0.002182
-0.009746
-0.023472
-0.007272
-0.025197
-0.005051
-0.013233
0.018056
-0.004773
0.003383
0.000276
-0.001572
-0.014075
0.064882
0.013877
-0.019424
-0.008709
-0.006668
-0.007066
-0.037126
0.002999
-0.003625
0.018200
-0.007423
-0.007489
-0.008944
0.003387
-0.028771
0.021967
-0.012779
-0.003733
-0.020664
0.003414
-0.007611
-0.005156
-0.006775
0.008767
-0.002182
-0.003335
0.029205
0.000040
-0.015941
-0.002210
-0.009177
0.008594
0.005648
-0.010337
-0.010020
-0.010600
0.011469
0.005707
-0.004236
-0.007684
0.002196
-0.016611
-0.014453
0.003203
0.001563
0.000367
0.028944
0.001640
0.051287
-0.028276
-0.003332
-0.022120
-0.001516
-0.005745
-0.021385
0.005940
-0.019789
-0.004963
-0.021420
-0.016093
-0.039152
-0.000713
0.015727
-0.002854
0.000000
0.015146
0.009231
-0.002466
0.000000
0.019160
-0.011764
-0.004093
-0.008912
-0.011919
0.011266
-0.007070
0.007395
-0.002993
-0.009528
-0.021209
0.003527
-0.022852
-0.012910
0.006029
-0.009134
0.013191
-0.012021
0.024903
-0.000329
-0.012399
0.008335
-0.011608
-0.006800
-0.015812
-0.004577
0.015602
0.001460
-0.021016
0.011050
0.004945
0.004556
-0.000071
-0.010292
-0.001062
-0.003931
0.008394
-0.014807
-0.001604
-0.019412
0.013931
0.010506
0.009953
0.003313
0.006582
-0.008877
0.003352
-0.012433
-0.009136
0.006570
0.009608
0.010540
0.003066
0.021987
0.015399
-0.001868
0.006761
0.049969
-0.020898
0.004573
-0.007635
-0.007937
0.014066
-0.009238
-0.004195
0.008189
0.005446
-0.027339
0.000517
-0.006194
-0.010264
-0.009189
0.037471
0.000673
-0.016226
0.010492
0.011246
-0.015438
-0.012871
-0.006322
-0.031882
-0.011639
-0.008173
0.027039
-0.016477
0.021927
-0.000908
-0.008297
0.010041
-0.007390
0.002471
0.003712
-0.007376
-0.015466
-0.035543
-0.003418
-0.010997
-0.003956
0.009587
-0.015151
-0.007801
-0.004934
0.031469
-0.010557
-0.010493
0.006389
0.016133
-0.003043
-0.004882
-0.022472
0.002463
-0.002432
-0.009464
0.008939
0.016478
-0.006029
0.107912
0.001923
0.030155
-0.006103
0.003998
0.012863
-0.016632
0.002371
0.000523
-0.019710
-0.012262
0.029747
0.023753
-0.019822
-0.010607
0.008470
-0.005098
-0.014507
-0.012982
0.030323
0.029788
0.009807
-0.008799
0.002575
-0.019775
0.017851
-0.013428
0.004501
-0.010800
-0.009968
-0.013422
0.012900
0.002484
-0.004388
0.003702
0.014881
0.002377
-0.018914
-0.010730
0.013292
-0.011275
-0.019993
0.010923
-0.009525
-0.013018
-0.012928
-0.018550
-0.003702
0.001748
-0.003365
0.000973
0.025660
-0.013528
0.003101
0.017030
-0.011808
0.067234
-0.010290
-0.006896
0.000661
0.000000
0.014339
0.003304
-0.010778
-0.005657
-0.002776
-0.010850
0.009734
-0.028002
0.031697
-0.008784
-0.019035
-0.010217
-0.010388
-0.000824
-0.004253
-0.006242
0.000000
-0.009937
-0.006153
0.000247
0.001772
-0.005130
0.014177
-0.014758
0.007741
-0.009031
0.014455
0.001063
0.044104
0.000805
0.036129
-0.007964
-0.012411
-0.006052
-0.007274
-0.008459
-0.000409
-0.021051
0.052288
0.010538
0.004554
0.063156
-0.025507
0.017861
-0.034355
-0.000300
0.002025
-0.039624
0.017914
-0.020629
-0.005192
-0.001194
-0.000575
-0.003850
0.001079
0.000000
-0.002664
-0.010616
-0.001179
0.001572
0.007943
-0.017533
0.000089
-0.012125
0.002093
0.023878
-0.012962
-0.036362
-0.000769
-0.000727
0.005013
0.026583
0.007307
-0.012851
0.007217
0.006614
-0.023298
-0.025525
0.008479
-0.018905
0.016777
0.032988
0.004054
-0.011893
0.017748
-0.007025
0.023968
0.014412
-0.009606
-0.011654
0.001833
0.067420
0.032124
-0.015552
0.000000
0.004273
0.007793
0.012312
-0.003031
-0.001328
0.025823
-0.012296
-0.010325
0.005847
0.071607
0.001911
-0.008070
0.019156
-0.022470
-0.003679
0.008470
-0.017970
-0.012795
-0.026141
-0.007910
-0.008029
-0.009185
-0.007796
-0.004618
-0.009737
0.006615
0.019152
-0.008500
-0.008203
0.032151
-0.005123
0.000648
-0.010099
-0.002253
0.012924
-0.011725
0.004630
-0.012595
0.003521
0.174738
-0.005230
0.004621
-0.004014
0.012234
-0.006301
0.003502
-0.014212
0.009353
-0.008640
0.075418
-0.013559
0.007146
0.001128
0.010586
-0.013058
-0.005597
-0.001146
-0.018105
-0.008723
0.012321
-0.002528
-0.012381
-0.007504
-0.018086
-0.031652
-0.003515
-0.003731
0.009720
-0.014456
-0.039662
-0.011124
-0.008562
0.000781
-0.016044
-0.020993
-0.014089
0.011953
0.006512
-0.012058
-0.006020
-0.006873
0.067678
-0.000772
-0.007773
0.000601
-0.014297
0.021211
0.002822
-0.001436
0.002963
-0.005271
0.008242
-0.002695
0.001314
0.010444
-0.027250
0.004083
0.033129
0.029839
-0.023004
-0.001601
-0.011953
-0.002314
-0.007196
-0.000456
0.003550
-0.001192
0.008786
0.001839
0.027586
-0.008517
0.003059
-0.009379
0.003561
-0.047926
0.007643
0.040023
0.000000
-0.004472
-0.013784
-0.006480
0.015271
0.023349
-0.039407
0.031674
-0.018211
-0.003401
-0.006708
0.002510
-0.012823
-0.000507
-0.008702
-0.001403
-0.016460
-0.009398
0.000640
-0.002450
-0.007954
0.003148
-0.005660
-0.008672
0.000856
0.028410
0.003527
-0.011526
0.012167
0.001219
-0.005296
-0.000025
0.006925
-0.007330
-0.007608
-0.021823
-0.011895
0.002158
0.042690
-0.006121
-0.003410
-0.041517
-0.006319
-0.021747
0.005375
-0.012534
-0.008153
0.030774
0.007775
-0.003529
0.002249
-0.018857
-0.005374
-0.009945
0.022143
0.004025
-0.012190
0.000142
-0.009195
-0.010632
0.001106
0.003154
-0.024664
-0.011170
-0.005875
0.013536
-0.003468
-0.002477
0.004142
0.092087
0.058006
0.071007
0.007472
-0.006053
-0.001364
0.000722
-0.008549
-0.014145
0.022445
-0.015098
0.005767
-0.007724
-0.001609
0.042998
-0.002904
-0.028116
-0.017320
-0.027992
0.002131
-0.021572
-0.012740
-0.011241
0.007144
0.035262
-0.003971
-0.004684
-0.008820
-0.009299
-0.005646
0.000066
-0.011957
-0.005930
-0.005126
0.002578
-0.002665
-0.002011
-0.012797
-0.002921
-0.005424
-0.013617
-0.018993
0.023270
0.005267
0.005481
-0.012421
-0.003951
-0.010156
0.005195
-0.004694
0.007856
0.004175
0.063752
-0.001237
-0.000784
-0.007962
-0.004209
-0.004580
-0.008176
-0.014850
0.004558
0.002040
-0.003419
0.002355
-0.001179
-0.003315
0.013591
0.003466
0.000000
0.006791
0.001806
-0.005761
0.002112
-0.013148
-0.006473
-0.010842
-0.018879
-0.017547
-0.009263
-0.003952
0.065214
-0.000554
-0.004292
0.005141
0.008373
0.019451
-0.007780
-0.002559
0.010043
0.001382
-0.006112
-0.004549
-0.024988
-0.011591
-0.003227
-0.031797
-0.005244
0.018155
-0.003156
-0.021032
0.000159
0.019191
-0.003531
0.001049
-0.025862
0.004791
0.000491
0.002813
0.038831
-0.013141
-0.012636
0.007692
0.006642
0.010553
-0.012117
-0.014356
-0.010014
0.000981
-0.018379
-0.027840
-0.022824
-0.005655
0.001969
0.041951
-0.013077
-0.003861
-0.040952
-0.001683
0.018554
0.003590
-0.030699
-0.008188
0.003449
-0.013508
0.002405
0.010794
-0.016954
0.026212
-0.010751
-0.007575
-0.007900
0.012763
-0.000841
0.013508
-0.004893
0.021525
-0.037925
-0.023341
-0.016456
-0.014795
-0.001753
-0.010640
0.422490
-0.006354
-0.007180
-0.004127
-0.008899
-0.014568
-0.001423
0.010094
-0.000685
-0.009371
-0.020005
-0.005221
0.004199
0.030035
0.005023
-0.020663
0.011696
0.019493
0.005517
0.017375
-0.028408
-0.011517
0.001407
-0.003638
0.004176
0.008337
0.007433
-0.019338
0.001925
-0.006728
0.005736
-0.008046
-0.009451
0.001197
0.008588
-0.022212
0.012019
0.006473
-0.010973
-0.000951
-0.000619
-0.004604
0.001662
-0.020078
-0.002335
0.002543
-0.009436
0.005318
-0.006292
-0.007321
-0.013478
0.010950
0.038932
-0.005755
0.115025
-0.003208
-0.005581
-0.036919
-0.028691
-0.004881
-0.013110
-0.004411
-0.007857
-0.016340
-0.008105
-0.008676
0.024256
-0.011607
0.014948
0.004220
-0.000594
-0.004173
-0.012920
-0.000424
-0.013830
0.000264
-0.003298
-0.001846
0.022167
-0.011995
-0.013769
-0.020176
-0.011667
-0.031609
0.002925
-0.003851
-0.019783
0.004798
-0.006177
-0.009465
0.002322
-0.005188
-0.005306
-0.002309
-0.015309
0.001238
-0.035829
-0.006228
-0.024342
-0.025092
-0.003536
0.002875
0.004411
0.008311
0.002882
-0.003341
-0.030956
-0.007486
-0.002653
0.004891
-0.024046
0.003388
0.026639
-0.020704
0.022802
-0.002387
-0.010087
0.012702
-0.018095
-0.007064
0.016844
-0.014696
0.015164
-0.015190
-0.005694
-0.004978
-0.020840
0.000714
-0.004774
-0.007758
-0.025092
0.001480
-0.016396
0.095819
-0.002159
-0.048892
0.005790
-0.005935
-0.004679
-0.001760
-0.016363
0.016156
-0.001603
0.003447
-0.009698
-0.016104
0.005178
-0.017327
-0.007555
0.001043
-0.009789
-0.014866
-0.009191
0.032243
-0.006697
-0.004453
-0.011916
0.002369
-0.009834
-0.006100
0.000000
0.006005
-0.002833
-0.022609
-0.013062
-0.003124
0.160403
-0.008578
-0.005277
-0.012354
-0.009520
0.005736
0.003593
-0.008163
-0.002080
0.000245
-0.001061
0.009292
-0.007821
0.002776
-0.003187
0.000137
-0.013298
-0.002634
0.010626
0.021621
0.004870
0.015718
-0.007481
0.012553
0.044726
-0.010314
-0.013197
-0.009556
0.127022
0.029972
0.003037
0.005370
-0.008035
-0.011825
-0.010855
-0.015437
0.014053
0.074813
-0.014128
0.289685
0.009830
0.097515
-0.029459
-0.014778
0.008203
-0.000247
-0.017154
-0.004686
-0.023347
-0.002063
0.016321
-0.029742
-0.005033
-0.007275
-0.000848
-0.008700
-0.002289
-0.008560
-0.012089
-0.002024
-0.011510
-0.022487
0.007715
-0.009585
-0.007244
0.002202
0.004975
-0.020370
-0.009821
-0.017677
0.046752
0.050904
-0.003412
0.013638
0.015440
0.001991
0.004770
-0.005966
0.000538
-0.017377
0.025974
-0.009561
-0.000717
-0.005017
0.020628
-0.026182
-0.000994
-0.001240
-0.021695
-0.003703
0.003173
-0.012398
0.004013
-0.005556
0.003112
-0.012173
0.057238
-0.039270
0.070005
-0.028462
-0.028759
-0.008068
0.006786
-0.008042
-0.007833
-0.017796
-0.004185
-0.000714
-0.000909
0.005757
0.000500
-0.007198
0.009482
-0.006480
-0.009089
0.003787
0.014520
0.025170
0.002026
0.003997
0.020872
-0.020921
0.011227
-0.016788
0.007143
-0.023626
0.000823
-0.026069
-0.016253
0.003657
-0.001583
-0.003777
-0.006866
-0.041130
-0.017196
0.016975
0.003992
-0.010126
-0.011295
-0.006817
-0.022592
0.018112
0.021516
-0.009807
-0.007379
-0.008221
-0.000847
0.012050
0.023097
0.002326
0.010719
0.039356
0.008300
-0.009726
0.002550
-0.016419
-0.012374
-0.008996
0.034697
0.001622
0.000370
0.013417
0.011862
-0.011085
0.003484
-0.007732
-0.003965
-0.005696
-0.004869
-0.012424
0.022943
-0.015896
-0.022554
-0.008729
-0.002326
0.022360
0.006625
-0.010891
0.014093
0.004558
0.024098
-0.005150
0.000506
-0.005225
-0.010131
0.039169
-0.006081
0.000851
-0.014222
0.014623
-0.002124
0.001960
-0.003880
0.003064
0.028960
0.019821
-0.006665
-0.012303
-0.011813
0.015311
-0.012802
-0.021776
-0.005546
-0.012380
0.000776
-0.007970
-0.026051
-0.014387
-0.010288
0.002323
0.000542
-0.003203
0.016477
-0.020864
-0.018153
0.006035
-0.022410
-0.009372
0.002487
-0.020864
0.061960
-0.019527
0.138107
0.008327
-0.003733
-0.007677
0.004626
-0.001175
0.003750
-0.004565
0.086784
0.003004
-0.015019
-0.028868
-0.023830
-0.021480
0.022613
0.043999
-0.016695
0.009999
-0.003376
-0.006990
0.016293
-0.021562
-0.017819
-0.011169
0.013661
-0.012524
-0.018521
-0.003681
-0.018202
0.000732
-0.010262
0.005561
-0.008795
-0.002946
-0.004961
-0.016902
0.008141
-0.064310
-0.014159
0.047443
0.083694
-0.015309
-0.039080
0.001899
-0.010611
-0.011576
-0.008266
-0.002023
0.006956
0.002399
-0.012465
0.004317
-0.003462
-0.007896
-0.008483
0.004385
-0.013522
0.002433
0.002201
-0.008139
0.008856
0.002034
-0.007593
0.000700
-0.014367
-0.010302
0.043844
-0.024200
-0.015011
-0.013434
0.008036
-0.005809
-0.012681
-0.014211
-0.012048
-0.015195
-0.004438
0.015158
-0.008215
-0.014682
-0.023459
0.015618
-0.016860
0.006418
-0.023399
0.007191
-0.014488
0.010965
0.004138
-0.005539
0.001612
0.011229
-0.027674
-0.000059
-0.006717
-0.000459
0.057646
0.019005
-0.011063
-0.013179
-0.038006
-0.005215
-0.012993
0.001292
0.000480
-0.007499
-0.003298
-0.000191
-0.000372
0.002249
0.024258
-0.018867
0.000058
-0.015320
0.005737
0.000575
-0.008790
-0.020026
-0.020035
-0.009274
-0.019527
0.022914
0.008471
0.020890
0.008688
0.021362
0.152721
0.094805
-0.011942
0.027846
0.011762
-0.003300
0.001291
-0.007010
-0.012507
0.001812
-0.005021
-0.001847
-0.000155
-0.002542
-0.012531
0.002275
-0.004811
-0.005185
-0.009048
-0.055352
0.001045
-0.003032
0.008688
-0.006054
-0.005981
-0.018729
0.023245
-0.003295
0.004663
0.004972
-0.006745
0.030198
-0.016129
0.020326
-0.015689
0.004209
-0.004191
-0.027925
-0.019594
0.004034
-0.011557
0.074742
0.058155
-0.025740
0.000219
0.007893
-0.014086
-0.004175
0.002366
0.006157
-0.002152
-0.012050
-0.001393
-0.013033
-0.008118
0.000301
0.010502
0.006271
-0.032087
-0.019041
-0.005358
0.016165
-0.002832
0.004039
0.000579
-0.009172
0.026853
-0.005144
-0.000065
-0.014382
-0.001752
0.065216
-0.004068
-0.017726
-0.017627
-0.035871
-0.007306
-0.014301
0.009906
-0.007064
-0.003784
0.011318
-0.004799
-0.003477
0.021663
-0.011054
-0.002836
-0.008319
-0.004226
-0.012508
0.034380
-0.001238
-0.005681
-0.005345
-0.053966
0.000061
-0.004342
0.003036
0.040671
-0.008080
0.025073
-0.009653
0.005197
0.007143
-0.008613
-0.006986
-0.015981
0.033746
-0.009991
0.028503
-0.014788
-0.005835
0.001048
-0.006635
-0.004521
-0.028461
0.011478
-0.011360
0.002466
0.019031
-0.011397
-0.001063
0.023765
0.049200
-0.014223
0.005182
0.010510
-0.003974
0.000281
0.032225
0.040850
0.024031
-0.006835
0.023991
0.013767
-0.006341
-0.006402
-0.016049
-0.007140
0.004618
0.028673
-0.001504
0.025985
0.009143
-0.000350
-0.005491
0.003852
-0.007310
-0.023448
-0.002031
-0.003029
-0.003090
-0.007014
-0.011260
-0.041291
-0.001596
0.400624
0.031715
0.105868
-0.000644
-0.003305
-0.012544
0.028237
0.029812
0.072639
-0.028249
-0.015641
-0.004041
0.000000
-0.029225
-0.034105
-0.011545
-0.026171
-0.020429
0.005138
0.067982
-0.019561
0.087548
-0.061217
-0.011458
-0.020934
0.000018
-0.002409
-0.006400
0.023271
0.002487
-0.002970
0.007750
0.001412
-0.031662
0.035760
-0.006087
0.034505
-0.007258
-0.000551
-0.005502
-0.022507
-0.001303
-0.015612
-0.032519
-0.001324
-0.025427
-0.010082
-0.001397
-0.026389
-0.013868
-0.011121
-0.008352
-0.023446
0.003222
-0.024893
-0.008564
0.106750
0.310200
-0.017272
-0.003017
0.029786
-0.014683
-0.012790
0.016156
-0.015846
0.004630
-0.005364
-0.021685
0.080779
-0.005023
-0.015436
-0.006793
-0.015371
0.047389
-0.014436
-0.005956
-0.024036
-0.008326
0.042299
0.008797
-0.023305
0.009241
0.007854
-0.020985
-0.004813
-0.005352
0.050861
0.017113
0.001788
-0.009405
0.001870
-0.008941
-0.006273
-0.016694
-0.017989
-0.001355
0.077737
-0.009286
-0.003833
-0.004939
0.045490
0.000117
0.019547
-0.014327
-0.004105
-0.001088
0.005896
0.028989
-0.011241
0.002238
-0.003549
-0.001767
0.013502
-0.000257
-0.006460
-0.013680
-0.012907
-0.012137
0.001006
-0.007336
-0.001774
-0.000058
0.031723
-0.005783
-0.002976
-0.008135
-0.008109
-0.019433
0.009069
-0.014117
-0.011580
-0.003508
0.004311
-0.004994
0.010381
-0.003520
-0.019191
-0.006950
0.017950
-0.006597
-0.007943
-0.002421
0.011891
-0.000389
-0.005718
-0.002550
-0.012430
-0.008186
-0.001471
-0.006989
-0.005929
-0.022061
-0.009434
-0.011200
-0.005601
-0.014009
0.012995
-0.020496
-0.014967
-0.002803
-0.003053
0.010317
0.007088
-0.016002
-0.008506
-0.011383
-0.011689
-0.006440
-0.007647
0.002189
-0.011523
-0.004692
-0.012442
0.013652
0.006477
0.000227
0.009969
-0.053950
0.015122
0.000505
0.410948
-0.011606
0.222429
0.000170
-0.010833
0.029814
0.026227
-0.008577
-0.011574
-0.001633
0.020182
-0.002935
-0.011780
-0.007308
-0.022217
0.008694
-0.013768
-0.000901
-0.009087
-0.000354
-0.013605
-0.004708
0.018174
-0.011527
-0.009934
-0.003190
-0.014302
0.055016
0.007233
0.055293
0.001723
0.010404
-0.025664
0.001344
0.002269
-0.005425
0.038666
0.005273
0.001149
0.006858
-0.005523
0.005831
0.025385
0.004339
-0.036096
-0.005954
-0.000683
-0.007410
-0.009320
-0.004037
0.009808
-0.001422
-0.002212
-0.003260
0.026636
-0.011982
-0.006770
0.002102
-0.006204
0.011612
0.077242
0.009901
-0.011136
0.002676
0.005124
-0.005828
-0.002720
-0.005749
-0.013603
0.057876
-0.028099
-0.006611
-0.009761
-0.005851
-0.011764
-0.000466
-0.009707
-0.029629
-0.021899
-0.006231
-0.004922
-0.003130
0.004303
-0.017872
-0.006653
-0.012212
0.010722
0.058126
-0.006732
-0.010885
0.015020
-0.010041
-0.020358
-0.006836
0.006036
0.000494
-0.012910
-0.000343
-0.028099
0.003792
-0.005957
-0.009342
0.013276
-0.016227
0.001593
0.007476
-0.002544
-0.004255
-0.018522
0.004301
0.003107
0.007648
-0.014846
-0.003827
-0.000849
-0.016242
-0.007029
-0.013705
-0.008482
-0.005942
-0.002753
0.009371
0.025077
-0.000296
0.030310
-0.014262
-0.003779
-0.020491
-0.017930
-0.033960
0.017749
-0.020342
-0.016773
-0.003900
0.003285
-0.020155
-0.017045
-0.001884
-0.013540
-0.028998
-0.006778
-0.004789
0.013185
-0.005785
-0.018554
-0.021302
-0.002245
0.001304
-0.007957
-0.011814
-0.004779
-0.006713
-0.002206
-0.010072
-0.010538
-0.014475
-0.019802
-0.005715
-0.007274
-0.008624
-0.010499
-0.020720
-0.020393
-0.003996
0.049286
-0.048347
0.030514
-0.021162
0.010567
0.001400
-0.009789
-0.008276
-0.003269
-0.017496
-0.003125
0.041008
-0.020145
0.004256
-0.006506
0.003416
-0.009510
-0.003072
-0.021197
-0.009052
0.001579
-0.000775
-0.004789
0.022013
0.000898
0.000000
-0.010991
-0.002571
-0.003298
-0.018742
-0.001637
-0.007715
0.001532
-0.000131
0.009351
-0.002755
0.003637
0.002607
0.000000
-0.007663
-0.003383
0.000000
-0.001338
-0.009155
-0.001938
-0.016798
0.008555
0.008561
0.000678
-0.003304
-0.016443
0.000306
-0.005687
0.004015
0.018428
-0.004498
0.033959
-0.007930
0.007082
-0.005824
-0.001585
-0.002439
-0.006345
-0.009892
0.002633
-0.008045
0.050967
-0.009035
-0.035406
-0.010519
-0.004328
0.001783
-0.013588
0.000904
0.008320
-0.000128
-0.027422
-0.017524
-0.003198
-0.012143
-0.005031
-0.000220
-0.005202
0.000000
-0.002120
-0.000905
0.008180
0.005202
0.014617
0.007927
-0.011672
0.010980
-0.006751
0.001803
-0.009289
-0.030648
-0.016575
-0.006989
-0.030889
0.016091
0.016142
-0.009421
0.023840
0.025896
-0.013193
-0.013199
-0.011535
0.089022
-0.000732
0.011680
0.003878
-0.042929
-0.005545
-0.002791
-0.005054
-0.000793
-0.002544
-0.031004
0.006192
0.013151
-0.004037
-0.013050
-0.024804
0.034481
0.005012
-0.004478
-0.017917
-0.019999
-0.018560
-0.007062
-0.002268
-0.023947
0.017901
-0.010214
-0.038573
0.024971
-0.001731
-0.023683
-0.025595
-0.003323
-0.014770
0.045382
-0.008346
-0.024626
-0.013217
-0.038008
-0.012694
-0.007022
-0.004701
-0.013324
-0.013926
0.005181
-0.001784
0.001807
-0.001684
-0.003125
0.057298
0.005316
-0.006502
-0.008906
-0.014308
-0.032096
-0.007489
0.019499
0.008645
-0.029950
-0.023433
0.023941
0.033617
0.005379
-0.009892
-0.029029
-0.011406
-0.019391
-0.012859
0.002925
-0.008828
-0.006183
-0.004447
0.004076
0.046869
0.033880
0.002052
0.005060
-0.005901
-0.006256
0.039877
0.013894
0.034027
-0.009831
-0.009648
0.015337
-0.015263
-0.005397
-0.004670
0.003905
-0.001202
0.009569
-0.020108
0.006293
-0.001508
-0.009454
-0.008380
-0.009771
-0.046326
0.013084
-0.003819
-0.010617
0.000866
0.016576
-0.003673
0.000619
-0.013140
0.063307
-0.012774
0.008861
-0.002952
-0.005625
0.119359
-0.018041
-0.017232
-0.007021
-0.003666
0.008792
-0.003780
0.009996
-0.007408
0.005683
0.001103
0.001420
0.003550
-0.007192
-0.000765
-0.005087
-0.009487
-0.006904
-0.009142
0.000884
-0.005616
-0.013727
0.004673
-0.010383
0.005382
-0.014138
-0.025772
-0.033851
-0.017388
-0.004459
0.032279
0.001697
-0.005894
-0.011580
0.033449
-0.021892
-0.020111
0.010261
-0.008613
-0.006226
-0.002915
0.009125
-0.004515
-0.002651
0.023364
0.010336
-0.008173
-0.010778
-0.000816
0.024882
0.006795
0.034402
0.097886
-0.009606
0.010101
-0.008735
-0.014813
-0.005522
0.003324
-0.016020
0.024044
0.051129
-0.024149
0.000429
-0.022762
0.011121
-0.005626
-0.008045
-0.007998
-0.006462
-0.023745
0.028394
-0.005791
-0.006187
-0.007553
0.018010
0.010717
0.004755
-0.013531
0.004497
0.002280
-0.009403
-0.012437
0.010998
-0.008991
-0.015461
0.000547
-0.000433
0.000407
0.015289
0.026034
0.047666
0.008136
0.018009
0.007200
0.005372
0.033811
-0.023880
-0.013015
-0.033863
-0.016926
-0.013132
-0.320899
0.005435
0.006808
0.000000
-0.007403
0.066095
0.081158
0.117225
-0.014905
0.026405
-0.004371
-0.007531
-0.001500
-0.003414
0.000000
0.000000
0.000000
0.016172
-0.022941
0.057726
-0.006125
-0.004175
0.016626
-0.020534
-0.007563
-0.004828
0.051947
-0.023973
-0.000932
-0.000692
-0.025428
-0.016069
-0.003008
-0.003618
0.001818
-0.005337
0.012121
-0.030442
-0.003493
-0.008889
-0.003213
0.000000
0.021804
-0.006768
-0.055986
0.000050
0.001768
-0.005890
-0.014096
-0.011831
0.000498
0.029712
0.005020
0.009228
0.000000
-0.008118
-0.006913
-0.019049
-0.034247
-0.012780
0.006481
-0.003250
0.006960
0.000911
0.003582
-0.002812
0.011916
0.005522
-0.016561
-0.004236
-0.013681
-0.018742
-0.009176
-0.008608
-0.005949
-0.009192
-0.018115
-0.002183
0.069884
-0.038207
-0.027665
-0.009228
0.041240
-0.008527
-0.007231
-0.006436
0.002649
-0.007737
-0.000309
0.032639
-0.016379
-0.019426
0.008684
-0.008647
0.059015
0.000000
0.000000
-0.012724
-0.015591
0.005737
0.002089
-0.007256
0.003453
-0.032204
-0.012695
0.002040
-0.020259
-0.016031
-0.000411
-0.042796
-0.012156
-0.036150
0.000741
0.000000
-0.002847
-0.023053
-0.004156
0.008810
-0.030834
0.002132
0.021691
0.000000
-0.018361
-0.005115
-0.042846
0.054851
0.001911
-0.009479
-0.009329
0.034796
-0.010122
0.028298
0.007044
-0.015006
-0.005712
-0.009745
0.007654
0.010033
0.007331
-0.006271
0.018521
-0.012504
0.011168
-0.025708
0.230940
-0.001909
0.000000
-0.000664
-0.002339
-0.024638
-0.015987
0.069712
-0.001831
0.015258
-0.006808
0.016273
0.005049
-0.013581
0.006069
-0.008155
0.001863
-0.005168
-0.012087
-0.004939
0.000000
0.000000
0.000000
0.000000
-0.012948
0.000187
-0.003486
-0.005139
-0.006529
-0.035083
-0.034297
-0.013085
-0.039074
0.027534
0.000029
-0.007809
0.018729
-0.005182
0.021690
0.000584
-0.017450
0.020212
-0.035054
-0.008724
0.009141
-0.004500
0.005559
-0.006777
-0.003538
0.027956
-0.016023
-0.001753
0.035603
0.007999
-0.003056
0.005799
-0.000599
-0.001470
-0.017733
-0.017896
-0.025156
-0.012363
-0.021263
-0.016677
-0.008064
-0.000293
-0.010091
0.209058
-0.000218
-0.003362
-0.002996
0.002449
-0.001163
-0.000538
-0.005350
-0.003090
-0.007379
0.002605
0.002297
-0.001724
0.001492
0.000467
-0.000457
-0.003012
-0.041549
-0.025918
0.056614
-0.016238
-0.010352
0.034185
-0.000732
-0.014026
-0.003883
-0.005446
0.002375
0.006345
0.066047
-0.000087
-0.007708
0.017449
-0.006685
-0.008444
-0.003238
-0.000126
0.002436
-0.013313
0.023209
-0.004021
-0.005311
-0.010024
-0.000126
-0.004192
-0.004825
-0.001955
-0.005456
-0.001229
-0.013306
-0.016992
-0.005593
-0.000436
-0.000118
0.014198
0.008130
0.031218
0.001717
0.002960
-0.018727
0.001986
-0.002179
0.008091
-0.001580
-0.009631
0.000764
-0.013628
-0.010751
-0.004886
-0.010236
0.027897
-0.008125
-0.007114
0.001094
-0.005753
0.024601
0.023694
0.003599
0.000541
-0.005445
-0.021629
-0.001855
0.018673
-0.005695
-0.001404
-0.015848
-0.004452
-0.012434
0.005685
0.009729
-0.012153
0.049197
-0.043510
-0.001123
-0.008874
-0.005653
0.003619
-0.008857
-0.007055
0.004428
