0.013969
0.008013
0.012579
0.016473
0.015117
0.001385
0.002223
-0.010990
-0.040090
0.000361
-0.008292
-0.021500
-0.011188
0.003214
-0.000503
-0.008496
-0.010694
0.006071
-0.020979
0.001170
0.007926
-0.015015
-0.006508
0.013067
0.016076
0.002954
0.019956
-0.005465
0.002496
0.000401
-0.003622
-0.020825
0.000889
0.005230
-0.000819
-0.000161
-0.009921
0.026576
0.022129
-0.005797
0.000066
-0.000469
-0.008326
0.002405
-0.018058
-0.022706
-0.005777
0.000257
0.007162
-0.000948
-0.028304
0.001727
-0.000011
-0.012649
-0.012679
0.010031
0.019329
-0.001837
-0.018972
0.000647
0.001970
-0.007743
0.005326
-0.014937
-0.002032
-0.001776
-0.004921
-0.003495
0.001296
-0.003606
0.004175
0.001473
-0.005825
0.005222
-0.000756
-0.000297
-0.008091
-0.001191
-0.008067
0.001117
-0.007123
-0.013662
-0.024709
-0.015121
-0.030095
0.013387
-0.000052
-0.001937
0.003077
-0.003681
-0.001023
-0.016178
-0.015768
-0.031066
0.013700
-0.010823
-0.011001
-0.007838
-0.012800
0.023785
0.011331
-0.001765
0.014007
0.006705
0.011120
-0.023521
0.010737
0.005426
0.001777
0.009355
-0.003972
-0.005421
-0.008735
-0.018057
-0.001702
-0.000593
0.012844
0.000000
0.000835
0.000000
0.005136
0.000000
0.004128
0.000000
-0.001093
-0.002129
0.007337
-0.014160
0.006313
-0.012000
-0.008874
0.039667
0.012837
0.008107
-0.005150
-0.032161
0.004870
-0.012256
0.006375
0.006988
-0.004417
0.003511
-0.011462
0.023790
0.013983
-0.011369
0.022091
0.000696
-0.000751
-0.012636
-0.008647
-0.020354
0.016036
-0.011611
-0.005095
-0.015272
0.016304
-0.010757
0.028081
0.000673
-0.011573
-0.014700
-0.016698
0.013680
0.000000
0.000000
0.000000
0.000000
0.024726
-0.011353
-0.006401
0.000000
0.000000
0.000000
0.000000
0.000000
0.000000
-0.010316
0.011519
-0.023803
0.012927
0.004691
-0.016955
0.020001
0.000000
-0.000730
0.000078
0.009450
-0.013293
0.000000
0.000341
0.000614
-0.004016
0.033280
-0.011001
-0.016201
0.000487
-0.003689
0.008104
-0.014889
-0.003829
0.002426
-0.002518
0.004523
-0.014412
-0.015145
0.000499
0.013398
0.000000
0.000000
0.000000
0.064927
-0.009671
-0.054244
-0.023410
-0.001968
-0.011339
0.000000
0.000000
0.000000
0.000000
0.000000
0.000000
0.000000
0.000000
-0.007282
-0.014045
0.094240
-0.030038
-0.011976
-0.022363
0.017873
-0.009073
0.000526
-0.006493
0.005428
0.000254
-0.012828
-0.001932
0.020963
-0.007514
0.013757
0.028937
-0.000922
-0.018292
0.004585
-0.017171
-0.006417
0.002818
0.021307
-0.006225
0.001293
-0.001674
-0.004398
0.001930
0.016729
0.009139
-0.007432
0.003283
0.001530
-0.010310
0.000271
-0.010604
-0.011541
-0.020144
-0.007348
0.000344
-0.012674
-0.019780
-0.007300
-0.023540
-0.033579
0.005204
-0.029686
-0.001255
0.014684
-0.010065
0.020239
0.014585
0.011767
0.005227
-0.012447
0.002613
0.003087
-0.005209
-0.000665
0.000211
-0.000525
-0.002512
-0.022103
-0.008921
0.008825
-0.021674
0.008398
-0.019787
0.009353
-0.019530
-0.007443
-0.008313
-0.002718
-0.001750
-0.022888
0.010177
0.008123
0.043719
-0.031669
-0.003719
0.017723
0.000000
0.020943
-0.012220
0.022252
0.007909
-0.003542
-0.000814
-0.007150
-0.000534
-0.000255
0.007695
0.009331
-0.016117
-0.011245
-0.007102
-0.025972
0.003453
-0.017380
-0.003678
-0.014244
0.013209
0.040502
0.005125
-0.025092
-0.000106
0.005043
0.005944
0.001901
-0.002123
0.000355
0.001626
0.009005
-0.003643
0.000487
0.014238
0.002811
0.019325
-0.004804
0.009664
-0.003640
0.029687
0.000000
-0.004528
-0.003362
-0.012625
-0.001840
0.019818
-0.005032
0.034246
0.019447
-0.007732
0.003119
0.002035
-0.001620
0.003072
0.001057
0.028553
-0.010694
-0.000751
-0.002222
-0.013283
-0.007116
-0.008992
0.005300
0.020613
0.000507
-0.007414
-0.011869
0.004837
-0.016061
0.032847
0.000146
-0.019038
-0.015792
-0.016553
-0.024585
-0.017748
-0.005949
-0.025714
0.004490
0.006999
-0.005138
-0.008629
-0.025580
-0.036705
0.010337
0.008233
0.035657
-0.001672
0.017850
0.009441
0.000159
0.001268
0.009779
-0.031023
-0.024083
0.000000
-0.008135
0.010980
0.012260
-0.002571
-0.002358
-0.004074
-0.003665
0.062561
-0.001790
0.012526
0.010254
-0.007950
-0.018810
0.000788
-0.001365
0.012131
-0.016704
-0.002799
0.018490
-0.026606
-0.044103
-0.049589
-0.007292
-0.011335
-0.000132
-0.025387
-0.002663
-0.002929
0.008475
0.005888
-0.008330
-0.015168
-0.004440
0.022013
-0.008463
-0.014382
-0.003945
0.009501
0.002966
-0.002115
0.001276
-0.011122
0.036645
0.026214
0.008372
-0.002894
-0.011483
0.009185
-0.012361
0.013686
-0.000610
0.000603
-0.026049
-0.004785
-0.019938
0.005081
-0.032391
-0.015431
-0.000916
0.007298
0.023200
-0.001679
0.004134
-0.017726
0.003865
0.009837
0.001064
-0.010282
0.003738
-0.003175
0.002699
-0.012481
-0.015601
-0.037354
0.016298
0.002918
0.006606
-0.006609
0.021151
-0.019348
-0.053621
-0.004489
-0.024381
0.009481
0.012278
-0.014502
-0.007778
0.006034
0.009365
-0.002185
0.030280
-0.000549
0.041170
-0.032148
-0.037636
-0.002842
-0.003862
0.007754
-0.010849
-0.000291
-0.007474
0.001164
0.004100
0.026309
-0.012556
0.020214
-0.018798
0.004411
0.029090
0.010687
0.010729
-0.004842
0.026246
-0.008117
-0.006916
-0.025863
-0.001126
-0.011665
0.007420
-0.010116
0.005326
-0.012163
0.025865
0.067699
-0.010761
-0.022301
0.011104
-0.004288
-0.032448
-0.000283
-0.027956
-0.022240
0.031188
0.001364
-0.008750
0.014706
-0.027311
0.007665
-0.020654
0.000289
-0.004163
0.006522
-0.019122
-0.006893
0.063563
-0.028964
-0.017159
0.020889
-0.027491
0.004047
0.001361
0.013792
-0.026378
-0.012385
-0.006193
-0.005879
-0.004728
-0.023349
-0.022996
-0.009839
-0.023799
-0.006362
-0.016386
-0.025340
-0.007275
-0.004130
0.005607
-0.010094
-0.012795
0.007715
0.019411
0.012875
-0.000228
0.001913
0.004703
-0.003649
-0.020975
-0.000710
-0.031064
0.004438
-0.001046
0.000502
-0.005278
-0.008386
-0.011630
0.006585
-0.029879
-0.030681
-0.053297
-0.003525
0.006222
-0.010068
-0.000496
0.002173
-0.010828
-0.027150
-0.008370
-0.011034
-0.012018
-0.002347
-0.007139
0.015644
0.030743
-0.001723
-0.007246
-0.021596
-0.009157
-0.007074
-0.004460
0.004231
-0.014612
-0.011368
-0.007428
-0.015421
-0.006462
-0.002196
0.045250
-0.019241
0.009592
-0.025359
0.003574
0.022803
-0.009232
0.005294
0.008659
-0.007441
0.003211
-0.010317
-0.001271
-0.018454
-0.005047
0.013580
0.019970
0.022573
-0.020752
0.006294
-0.002503
-0.013082
-0.002531
-0.005269
0.000386
-0.002011
-0.004007
-0.026281
0.044727
0.110611
0.065193
-0.018242
-0.005023
-0.027886
-0.005113
-0.006854
-0.026122
0.001105
-0.008333
-0.035414
0.019722
-0.007526
-0.042664
-0.022685
-0.020417
-0.009230
-0.007943
-0.024038
-0.016549
-0.004245
0.014572
-0.002713
0.042315
0.000040
0.006510
0.004697
0.009315
-0.000049
-0.006568
-0.016620
-0.001444
0.011457
-0.013889
0.005327
0.006644
-0.030057
-0.000827
0.000053
0.000500
-0.011930
0.004588
-0.031576
0.004670
-0.087801
-0.140349
0.000212
0.001102
0.006309
0.010754
-0.004079
0.006865
-0.007003
-0.008603
0.001265
-0.016047
-0.038357
-0.031567
-0.008888
-0.004104
-0.014601
-0.007011
0.019505
0.009979
-0.000097
0.057992
0.000000
-0.018580
0.004392
0.001261
-0.000689
-0.001429
0.004802
-0.000202
0.035153
-0.007331
-0.000741
-0.002234
-0.011989
0.001601
-0.013461
-0.023738
0.000355
0.012337
-0.013214
0.010689
0.017083
0.017670
-0.008183
-0.024379
-0.015306
-0.014292
-0.004034
-0.015073
-0.008804
-0.003823
-0.000675
-0.003755
-0.035627
-0.001289
0.002670
0.000474
-0.015843
-0.006746
-0.002918
0.050942
-0.000676
-0.014068
0.013010
-0.020660
0.002585
-0.017232
-0.007565
0.003119
-0.007146
0.015412
-0.005748
-0.002700
0.012788
0.008655
-0.000563
-0.003760
-0.003146
0.004617
-0.013770
-0.023547
-0.031814
-0.046767
-0.062394
-0.014493
-0.023743
0.001867
-0.018979
0.014921
-0.024693
0.008689
-0.008469
0.014280
0.008285
-0.010076
-0.008414
0.007166
-0.019392
-0.024013
-0.008217
-0.007779
-0.018618
-0.012242
-0.013116
0.004339
-0.000286
0.010275
0.017716
-0.005895
0.016825
-0.015842
-0.009472
0.028715
0.010936
0.000000
0.033416
-0.007706
0.049449
0.034169
0.005370
0.019936
0.027033
-0.000809
-0.008533
-0.006425
-0.023040
-0.021845
-0.022427
-0.018211
0.071869
-0.002393
-0.004592
-0.025591
-0.006081
-0.057684
-0.000198
0.015842
0.017281
0.036690
0.013518
0.006882
0.001318
0.022801
0.009271
0.012021
-0.000081
-0.031894
-0.003420
0.046527
0.004194
-0.000269
-0.017209
-0.007643
0.018951
-0.017673
0.000675
-0.011500
0.001148
-0.000050
-0.001391
-0.010968
-0.014556
0.019068
-0.015878
0.050245
0.001651
-0.006362
-0.003413
0.011111
0.023796
0.003857
-0.015838
0.001912
-0.013721
-0.009501
0.020522
-0.032169
0.002466
0.000388
0.012259
0.007911
-0.001841
-0.009703
-0.005546
0.007532
0.001711
-0.000153
0.028590
-0.016420
0.003245
0.029918
0.137271
0.009617
-0.001558
-0.019832
-0.020072
0.012587
-0.019146
-0.011802
-0.001894
-0.003551
0.002608
-0.014997
-0.004909
-0.003721
0.020060
0.009125
0.023210
0.003577
-0.001767
-0.000775
0.040353
-0.018803
-0.011356
-0.014146
0.005717
-0.014565
-0.001875
0.007813
-0.044373
0.010547
-0.026444
-0.023880
-0.001070
-0.045280
-0.003201
-0.033331
-0.006493
0.004696
-0.005258
-0.020363
0.052477
-0.001234
0.001959
0.005469
0.001452
-0.039994
-0.009363
-0.021161
-0.002488
-0.027615
0.007608
-0.026977
-0.006330
-0.021257
-0.012894
-0.007121
-0.009292
0.032226
0.004730
0.000326
0.005155
-0.000864
0.002625
-0.031150
-0.026361
-0.004963
-0.009129
-0.002011
0.009602
-0.018461
0.008359
-0.014727
-0.002233
0.019452
-0.017017
0.020109
-0.027951
0.010703
-0.006890
-0.014965
0.039588
-0.009367
-0.021352
0.005355
0.016273
-0.000067
-0.015277
0.000235
0.005522
-0.033691
-0.017408
-0.018300
-0.006129
-0.017293
-0.023613
0.029928
0.012717
-0.024808
0.021047
-0.008591
-0.018674
0.003755
-0.023329
0.007922
0.015166
0.027571
0.026182
0.012617
0.023898
-0.008754
-0.013941
-0.009588
-0.006210
0.005744
0.034136
0.010928
0.000516
-0.006129
-0.017332
-0.024911
0.001748
-0.013352
-0.018500
-0.000361
0.011434
-0.001929
0.008734
0.021743
-0.008428
-0.017026
-0.004050
0.000427
-0.003555
-0.013629
0.009913
-0.028020
0.012225
-0.021658
-0.002230
-0.012295
-0.008012
-0.028922
0.036264
0.014835
-0.032987
0.003493
-0.020426
-0.001347
-0.011467
0.004360
0.000708
-0.004499
-0.004774
0.011868
0.005137
-0.007393
-0.002913
0.006652
0.010172
-0.007024
-0.028889
0.007970
0.010182
0.003937
-0.006298
-0.038019
0.009531
0.003700
-0.006122
-0.007345
0.023712
-0.004709
0.035039
0.024608
-0.013507
0.021015
0.023285
-0.027444
-0.006852
0.000505
0.029194
-0.010052
0.018927
0.001638
-0.006905
0.005437
0.004184
0.166468
-0.013697
-0.030032
0.042594
0.016919
0.029031
-0.034018
0.014509
-0.008057
0.014982
0.016586
-0.010361
-0.009621
0.030153
-0.002935
-0.000483
-0.007287
-0.005763
-0.002261
0.040004
0.047255
0.012906
0.008519
-0.026043
0.002869
-0.005448
-0.012171
0.010395
-0.007727
0.000173
-0.039128
-0.010960
-0.042866
-0.003001
-0.015940
-0.008692
0.002447
-0.020556
-0.015303
0.010195
0.025208
-0.003522
-0.029131
0.067102
-0.001607
-0.048616
-0.005193
0.004063
-0.005422
-0.032041
-0.016573
-0.030301
0.003412
-0.002124
-0.002312
0.019229
-0.006115
-0.001496
-0.006983
-0.012340
-0.025344
-0.002595
-0.018262
-0.001238
-0.007726
-0.028930
0.005297
0.002683
0.000000
-0.020057
0.001789
-0.002172
-0.034271
-0.015122
-0.003392
-0.003039
0.020879
-0.010131
-0.013205
0.002846
0.010023
-0.007220
0.004660
-0.006073
-0.017418
0.001837
-0.012019
0.001571
0.071323
0.008743
0.021613
-0.007793
-0.000911
-0.015450
-0.013215
-0.029787
0.004083
-0.017894
0.010216
0.001391
-0.001323
0.002152
0.000000
-0.012102
0.037931
0.000090
0.005841
0.027755
-0.010800
0.003498
-0.008620
-0.027096
0.000748
0.000000
0.003440
-0.007541
0.008453
0.011883
0.150070
-0.009686
0.011422
-0.032825
0.002861
0.000000
0.008217
-0.027313
-0.023179
-0.006647
-0.039639
-0.008418
-0.006678
-0.002556
0.009635
-0.002739
-0.007487
-0.014452
-0.026767
-0.000760
-0.007638
-0.021973
-0.009116
0.023535
-0.009241
-0.007998
-0.047288
-0.008446
0.017379
-0.039104
-0.004018
-0.002573
-0.019562
-0.000836
0.020118
0.000083
-0.009874
-0.030218
-0.027491
-0.007119
-0.016944
0.031453
-0.016869
-0.007089
-0.023229
-0.020984
-0.007054
0.050761
0.000514
0.007276
-0.041278
-0.001098
-0.011222
0.038942
-0.003678
0.001231
-0.009890
0.063292
0.009998
0.000750
-0.017158
-0.008437
-0.004663
-0.012119
0.021900
-0.010243
-0.018978
-0.016880
-0.012606
0.029098
-0.022913
-0.006786
-0.028948
-0.006802
-0.007951
-0.020437
-0.031368
-0.016820
-0.005714
-0.016017
0.002571
-0.001634
-0.015843
0.003524
-0.003979
0.044548
-0.022185
0.003844
-0.006656
-0.023393
0.024000
-0.018977
0.012757
-0.017079
0.004540
-0.013153
-0.008463
-0.003526
0.013376
0.007882
0.015818
-0.035891
-0.010218
-0.017226
-0.029061
-0.000841
-0.013238
-0.025826
-0.041591
-0.003066
-0.018219
-0.003934
0.007303
-0.027587
-0.023311
-0.004892
-0.001575
-0.024735
-0.017613
0.000424
-0.033556
-0.008614
0.006740
0.009470
-0.021252
0.036604
-0.006212
-0.006928
-0.001454
-0.020322
0.005730
-0.019747
0.011509
-0.000133
0.010760
-0.016108
-0.006818
0.033959
-0.003446
0.021203
-0.002906
-0.020261
0.010148
-0.045105
-0.006341
0.026062
-0.011294
-0.005981
0.009203
-0.007211
0.005518
0.018016
-0.009374
0.002860
0.061841
-0.004868
0.014920
0.017454
-0.001953
-0.035469
-0.023014
-0.019240
-0.006554
-0.001782
0.019060
-0.032424
-0.023217
-0.005016
-0.046878
0.009389
0.067031
-0.016564
-0.007560
-0.005124
0.006727
0.010357
0.014084
0.005626
-0.005002
-0.002994
-0.020902
0.007850
0.220355
-0.003748
-0.023387
0.023981
0.009815
-0.011445
-0.008706
-0.002472
-0.004675
0.024377
-0.012472
-0.013906
-0.022341
-0.033271
-0.003056
-0.001601
-0.000154
0.003202
-0.027061
-0.001164
0.002189
0.034236
0.004272
-0.020798
0.002447
0.018399
-0.014542
-0.008635
-0.004012
-0.038369
-0.023918
-0.003720
0.003696
0.001004
0.018560
-0.004459
-0.025019
-0.025300
-0.011145
0.016106
-0.007789
0.006849
0.001907
0.014666
-0.002934
-0.024464
-0.020607
-0.017211
-0.006529
-0.007297
-0.015524
0.001197
-0.009167
0.005691
0.027949
-0.010554
-0.003517
-0.025485
-0.008927
-0.041621
-0.014744
0.003666
-0.000170
-0.007986
-0.004634
0.002858
-0.013890
0.023711
0.017781
-0.002786
-0.005444
-0.014446
0.018526
0.005197
0.000780
-0.012765
-0.014368
0.006731
-0.005222
-0.013301
-0.024501
-0.008911
0.005607
0.026549
0.051284
0.018083
-0.014041
-0.011424
-0.018086
0.001092
0.030202
-0.018009
0.002440
-0.020979
-0.006082
-0.001143
-0.002992
-0.025828
-0.002884
-0.004656
-0.006934
0.006574
0.023143
-0.012307
-0.011798
-0.009873
-0.005744
-0.033417
0.005208
-0.001658
-0.000850
0.004650
-0.037030
0.019327
-0.037886
-0.004182
-0.011258
0.008456
0.021080
0.030409
-0.001110
-0.079581
0.031474
0.000404
-0.004612
0.001704
-0.011182
0.009737
0.008579
-0.002167
0.009021
0.014043
0.032523
-0.016633
-0.013742
-0.000909
0.022185
-0.006020
-0.008832
0.009307
-0.038904
-0.003986
-0.003293
-0.001056
-0.000005
-0.016000
-0.037016
0.017807
-0.024002
0.024072
-0.014325
-0.047787
0.000351
0.025687
-0.001419
-0.012202
0.019972
0.013919
0.010646
0.010527
-0.014487
-0.003834
0.005624
0.003825
0.089239
-0.013844
-0.006391
-0.001095
0.006326
-0.018971
0.010520
-0.017733
-0.004349
-0.006339
-0.007642
0.016120
0.036413
-0.019129
-0.012655
-0.024521
-0.025123
-0.006966
-0.014928
-0.000550
-0.003893
0.021067
-0.009953
-0.011140
-0.010988
0.005085
-0.009887
-0.000789
0.002974
0.004531
0.012909
-0.012836
0.281578
0.000483
0.019102
-0.002911
0.016061
0.017332
-0.027519
-0.006445
0.006385
-0.007876
-0.117096
-0.026032
-0.010086
-0.017011
-0.004240
0.013265
0.013328
-0.007750
0.010252
0.010601
-0.010839
0.034335
-0.013141
-0.005305
0.024142
0.001647
0.005153
-0.001498
-0.006704
-0.017657
0.001639
0.001625
0.005139
-0.026286
0.034036
0.078173
-0.003145
-0.010972
0.028206
-0.005124
0.007008
0.002078
-0.008382
-0.010494
0.021118
-0.002078
-0.011723
0.023079
-0.006692
-0.006689
-0.020921
0.004827
-0.012082
-0.000897
-0.015028
0.009842
0.006177
-0.014097
-0.020524
-0.014762
-0.000422
0.009068
0.060089
0.028963
0.001228
-0.015880
0.010961
0.015264
0.027464
-0.002465
-0.009633
-0.025469
0.051219
-0.027240
0.005705
-0.030969
0.022953
0.000637
-0.002106
0.013805
-0.011213
-0.032777
-0.003792
0.000000
-0.003952
-0.039720
-0.030832
-0.003480
-0.008125
0.000870
0.005707
-0.001467
-0.015594
0.014708
-0.007265
-0.018959
-0.010647
-0.031341
0.022335
-0.013236
0.009691
0.000312
-0.003714
0.009456
-0.008659
-0.003720
-0.011229
-0.005610
-0.023139
-0.003157
-0.016096
0.029632
0.020749
-0.010040
0.013006
0.034579
0.004522
0.011207
-0.014010
-0.000657
-0.004473
-0.014362
-0.017186
0.005770
-0.060082
-0.009435
-0.000892
-0.014758
0.007236
0.036274
-0.018714
0.041994
-0.022984
0.009418
0.005574
-0.004568
-0.021827
0.023581
0.002920
-0.000104
0.036555
0.018303
-0.003154
0.037033
0.002712
0.023699
-0.001650
0.000010
0.011846
-0.002706
-0.007989
-0.007617
-0.013704
-0.005869
-0.010673
-0.003540
-0.006158
0.005245
0.014864
0.007329
-0.009519
-0.000926
-0.010721
-0.002125
0.028379
-0.019267
-0.030531
0.041884
-0.025975
0.053287
-0.033618
-0.029548
-0.008561
0.017080
-0.013677
0.031634
-0.031398
0.022451
-0.001676
0.007497
-0.014070
0.000117
-0.022316
0.010868
0.000000
-0.003880
-0.000398
0.021387
0.011081
-0.016135
-0.006118
0.000000
-0.003476
-0.010170
-0.021998
-0.007337
0.005384
-0.001092
-0.032890
-0.001572
0.020079
-0.006054
-0.003216
0.003783
0.005613
-0.013072
-0.022018
-0.021849
0.004051
0.014642
0.020254
0.007550
-0.008083
-0.012197
-0.038354
0.008100
0.002923
-0.013709
-0.007609
0.016966
-0.069277
-0.006452
-0.005012
0.003621
-0.003051
0.002588
-0.003422
0.004421
0.017006
-0.016529
-0.020330
0.023480
-0.023802
-0.008473
-0.009972
-0.006464
-0.003853
-0.007501
0.000227
-0.015411
-0.013320
0.003200
-0.002903
-0.005374
-0.033197
0.023363
0.019074
-0.016832
-0.003064
0.025699
-0.009875
0.009437
-0.010628
-0.015175
-0.010900
-0.009184
0.058539
0.018510
-0.018310
-0.035558
-0.000018
-0.002869
0.005776
0.023384
-0.012982
0.048175
-0.016825
-0.001895
0.006298
-0.021914
0.010936
-0.009692
-0.007477
-0.000848
0.006136
-0.022332
-0.012379
-0.030118
-0.007266
-0.013034
-0.007303
-0.005076
-0.007851
-0.012294
0.004744
-0.005912
0.001785
-0.011108
0.026967
0.013208
0.016203
0.000989
-0.012626
-0.001525
-0.018108
0.027002
0.006266
-0.001415
-0.013420
-0.007809
-0.000448
0.005316
-0.016252
-0.028125
-0.000811
-0.004037
-0.000897
0.002856
0.000000
0.000000
0.000000
0.000000
-0.022387
0.019904
0.000377
0.007769
-0.010278
0.048137
-0.007515
0.007281
-0.013154
0.017572
0.013676
-0.014924
-0.002754
-0.034620
0.001862
-0.019996
-0.006944
0.008449
0.006018
-0.007623
-0.008275
0.010327
-0.019530
0.002339
-0.056546
0.050083
-0.008999
-0.014403
-0.001668
-0.043539
-0.064625
-0.059946
-0.005291
-0.031545
0.006625
-0.018699
0.003602
-0.010493
0.028703
0.018691
0.001238
0.003951
-0.028421
0.011330
-0.003763
-0.009941
0.019897
-0.014795
-0.001633
-0.008762
-0.007947
-0.044688
0.002061
-0.005277
-0.014708
-0.002776
-0.002341
-0.012763
-0.015938
-0.001052
-0.005089
-0.009787
-0.030322
0.010014
-0.010606
0.011972
-0.015319
0.005424
-0.021047
0.009350
-0.017875
-0.001175
-0.025264
0.004844
0.000278
-0.003820
-0.020309
-0.024336
0.014460
0.002011
-0.001101
-0.026624
0.008433
0.002953
-0.018297
0.063541
-0.012374
-0.013578
0.007885
-0.007541
0.021416
-0.004496
-0.006027
-0.003798
-0.002810
-0.012779
-0.007487
0.008450
0.007267
-0.001768
0.004928
0.042178
0.001548
0.018009
-0.031750
-0.004148
-0.011124
0.005063
0.019821
0.002939
0.020529
-0.000993
0.001521
-0.002025
-0.005876
0.000000
-0.016485
0.005199
-0.002960
0.000000
-0.015272
0.079295
0.026929
-0.040504
-0.022417
0.003543
-0.000300
0.006684
-0.007231
-0.000482
-0.025918
-0.009704
0.013785
-0.015731
0.006983
0.012412
-0.001909
-0.016714
-0.020426
0.013661
0.022398
0.023136
0.003070
-0.013520
0.020006
-0.011204
-0.013266
-0.025708
-0.013418
-0.004482
0.017733
0.000905
0.008385
0.004552
-0.020118
-0.034521
0.010254
0.003694
-0.024707
0.042769
0.049005
-0.019042
0.013434
-0.001392
0.006755
0.004637
0.000690
-0.006825
0.007899
-0.003265
-0.025072
0.000115
-0.006417
-0.008213
-0.004525
-0.016922
0.000890
0.020150
-0.014733
-0.018659
0.010401
0.024192
-0.012164
0.004595
-0.015398
-0.007250
0.000470
-0.016614
0.058944
-0.010444
-0.000989
-0.026796
-0.013140
0.004225
-0.017419
0.006204
-0.004016
0.009105
0.037913
0.006253
-0.015142
0.013091
0.000154
-0.015326
0.043535
0.059734
0.001912
-0.017515
0.005259
-0.012877
0.003686
-0.002223
-0.010971
-0.002581
0.001173
0.005740
0.008546
-0.014530
0.024915
-0.017628
0.026211
-0.004853
-0.009569
-0.028209
-0.028421
-0.011983
0.003824
-0.019196
-0.025455
0.002297
0.047560
-0.000209
-0.027444
-0.009303
-0.028307
-0.004847
-0.000103
-0.006829
0.001590
0.030098
-0.021670
0.048460
-0.007616
0.001152
-0.003155
0.000491
-0.006316
0.008548
-0.003807
-0.010685
0.004316
0.013111
-0.008218
0.020613
0.001361
-0.023368
-0.007790
-0.000523
-0.024674
0.004611
-0.031241
-0.019204
-0.003145
0.013721
0.030113
-0.009705
-0.007381
0.032618
-0.012807
0.003933
0.006884
0.003084
0.039018
-0.012741
-0.010397
0.000000
-0.007176
-0.010747
-0.014358
0.001778
0.004494
-0.014740
0.035107
-0.023553
0.000429
-0.006417
0.001341
-0.002000
0.013472
-0.020884
-0.015142
-0.000179
-0.029179
0.037896
0.000000
-0.000628
-0.021439
0.043792
-0.028221
-0.012374
0.010380
0.004145
-0.010980
-0.030204
-0.013371
-0.009641
0.009040
-0.019503
-0.016999
0.009360
0.002511
0.005799
-0.009173
0.009176
-0.001759
-0.000340
-0.013628
0.000623
-0.014993
0.002617
0.039483
0.000026
0.004814
-0.001021
0.025021
-0.009562
-0.015780
0.004525
0.067308
0.000000
0.073487
0.001584
-0.000962
-0.006510
0.023473
0.085335
-0.002576
0.000532
-0.001259
-0.007622
0.000164
0.002885
-0.003005
-0.005633
-0.037144
0.000871
0.003263
0.027619
-0.050368
-0.001816
-0.001213
-0.008176
0.001065
-0.007499
0.003779
0.005111
-0.009054
0.017942
-0.009432
0.000055
-0.010055
-0.022886
-0.020567
-0.002484
0.004480
-0.015145
-0.017505
0.000123
-0.002000
0.052254
-0.014254
-0.000951
0.020368
0.053526
-0.001451
0.001840
0.015977
-0.009385
-0.012210
-0.007728
-0.015531
-0.001169
-0.000173
0.035579
-0.005343
-0.017971
-0.002955
0.011629
-0.005635
-0.000020
-0.014433
-0.013624
-0.049449
0.003312
0.002416
-0.001585
-0.003090
0.013628
-0.009395
-0.000015
-0.004596
0.002649
0.011345
-0.010933
0.004300
-0.004507
0.004176
0.003737
-0.037567
-0.032663
-0.009614
0.003158
0.000543
0.049200
-0.010018
-0.003922
-0.020451
0.010750
-0.017935
-0.015725
-0.007509
-0.011140
0.013548
-0.008907
0.003212
0.005864
-0.017377
0.058187
-0.015883
0.011897
0.042682
0.001441
0.005488
-0.030528
-0.019450
-0.020106
-0.008370
0.002322
-0.011837
-0.000416
-0.009680
-0.011528
-0.013032
-0.007419
-0.005459
0.000620
-0.037726
-0.010079
0.002807
-0.023609
0.004110
-0.013475
-0.004301
-0.008188
0.001130
-0.013752
-0.014668
-0.051816
-0.009591
-0.019258
0.002137
0.001994
-0.007340
0.015550
0.034253
0.112906
0.036647
-0.030770
-0.032298
0.069836
0.054562
0.001614
-0.014760
-0.018230
-0.002580
0.001490
0.032909
-0.015763
0.014070
0.010431
0.000000
-0.000430
-0.003344
0.002342
-0.023432
0.014069
0.007073
-0.044214
-0.006196
-0.002222
-0.037197
0.014336
0.002314
-0.004259
0.018056
0.021362
-0.007652
0.000561
0.001835
-0.020843
-0.013261
0.010408
0.012087
-0.004969
-0.007589
0.009597
-0.018282
-0.005314
-0.000496
0.006413
-0.015005
0.013248
-0.018486
-0.004227
-0.013821
-0.034443
-0.003647
0.039022
-0.013215
-0.002242
-0.008821
0.015419
-0.006756
-0.004105
-0.006374
-0.004621
-0.010498
-0.036051
-0.001533
-0.007072
0.002576
-0.032030
-0.004775
0.011481
-0.006279
-0.037605
0.019702
0.010213
0.002957
0.011689
0.004224
0.011320
-0.008108
0.025822
-0.016341
-0.002350
-0.005092
0.020932
-0.021394
-0.022697
0.005248
-0.001529
-0.002520
-0.012838
0.001693
-0.028906
-0.008888
0.006646
-0.003147
0.031825
0.027890
0.006691
0.034404
-0.007213
-0.003103
0.053249
-0.039300
-0.002977
-0.026013
0.000550
0.015704
-0.017243
-0.012553
-0.003082
0.030505
0.019152
-0.047922
-0.013834
-0.013790
-0.014259
-0.045498
-0.029266
0.005564
0.013737
-0.025556
-0.039701
-0.005287
-0.000760
0.016114
-0.014397
-0.020292
-0.004233
-0.019315
-0.024041
0.012017
-0.020891
-0.006866
-0.007086
-0.003710
-0.001669
-0.001710
-0.005593
-0.031548
-0.000553
0.015472
-0.005355
0.036694
-0.006309
-0.005480
0.009869
0.035252
0.007425
0.008195
-0.004486
-0.000154
-0.006217
0.015504
-0.002896
-0.002095
0.004396
-0.036094
0.051782
-0.018023
-0.011636
0.002869
0.006955
-0.008901
0.000679
-0.008483
-0.004396
0.001193
-0.004243
-0.037605
-0.007094
0.029320
0.028746
0.001319
-0.006339
-0.007283
0.026429
-0.003615
0.032372
-0.002298
-0.021852
0.005261
0.008634
-0.016101
-0.006441
0.014920
-0.000496
-0.005895
0.003091
-0.007606
-0.003739
-0.017776
0.001115
0.031580
0.006597
-0.015466
0.006547
-0.007053
-0.007946
0.004520
-0.044070
0.005160
0.003956
-0.003770
0.000000
0.006859
-0.016647
0.026152
-0.005537
-0.009150
-0.035466
-0.004867
0.002866
0.006337
-0.012747
0.047430
-0.010620
0.009893
-0.006044
-0.019374
-0.010884
0.011688
-0.007754
-0.009150
0.007703
-0.007146
-0.022398
-0.008469
-0.017381
-0.008514
0.008451
0.005881
-0.008854
0.005238
0.007715
0.006771
0.036574
-0.013634
-0.009017
0.008706
-0.005586
-0.004171
-0.003850
-0.004386
-0.005275
-0.003017
-0.010634
-0.009636
0.006075
0.007759
-0.010208
-0.005190
-0.002436
-0.012412
-0.032024
0.001866
0.006164
-0.009652
-0.018162
-0.033337
-0.005018
-0.007823
-0.008979
0.111262
0.095300
0.033572
-0.014464
-0.006544
-0.018929
-0.028821
0.020804
-0.004228
-0.012470
0.011444
-0.022016
0.013137
-0.001794
0.006456
-0.001669
-0.006431
0.025318
-0.019555
-0.002195
-0.006702
0.004277
-0.010668
0.005251
-0.007340
-0.009796
-0.001089
-0.002431
0.008082
-0.012263
-0.013729
-0.026784
0.004844
-0.012084
-0.024002
-0.030875
-0.021818
0.027289
-0.004062
0.032302
0.021324
-0.008285
0.000841
-0.000632
-0.032185
-0.018498
-0.000081
0.044522
-0.020306
-0.002556
0.004353
-0.006709
-0.037544
-0.028920
0.010069
-0.019545
-0.013722
0.023112
-0.012734
0.003174
0.029744
-0.002936
0.019645
0.000128
-0.002876
-0.015840
-0.011940
0.002691
0.023407
-0.004993
0.028615
-0.032339
0.002809
0.004157
-0.035270
-0.004534
-0.002017
0.006002
-0.002077
-0.018412
-0.019317
-0.003337
-0.000105
0.000618
-0.006585
-0.011803
-0.023022
0.002549
-0.030320
0.025979
-0.009936
-0.009791
-0.025157
0.000456
0.026717
0.011233
-0.012931
-0.024505
-0.004444
-0.004872
-0.016962
0.021600
0.006426
0.023746
-0.009547
0.005776
-0.000245
-0.011191
-0.013685
0.032311
-0.002669
-0.029812
-0.021429
0.007314
-0.020854
0.001508
-0.023474
-0.003106
0.035099
0.030670
-0.015889
0.002081
-0.007343
-0.025090
-0.023365
-0.004816
0.004470
-0.000225
0.017997
0.006113
-0.002669
-0.012852
-0.010994
0.008924
-0.003500
0.000000
-0.006498
0.001810
0.017986
0.012922
0.011500
-0.002050
0.008550
-0.000580
-0.007028
-0.007453
-0.010907
-0.001101
0.000096
0.004036
0.006902
0.000306
0.018279
-0.005873
-0.001075
-0.011668
-0.005871
-0.012462
0.005214
-0.009433
-0.000386
0.022392
-0.031821
-0.007135
0.000713
-0.016334
0.002059
-0.006984
-0.004847
0.009737
-0.028009
0.007655
0.019337
0.030747
-0.012952
0.007831
0.014893
0.045888
-0.006841
-0.034919
-0.005279
-0.018025
0.026443
0.009979
-0.009550
-0.031647
-0.003912
0.001610
0.027650
0.002413
0.031433
0.061214
-0.010758
0.055432
0.006960
0.000780
-0.032533
0.026634
0.004051
0.033247
-0.001327
0.003022
-0.036847
0.018341
0.060550
0.000215
0.023927
0.024610
-0.005476
-0.015307
-0.007843
0.005784
-0.011099
-0.000510
-0.004371
0.012593
-0.004451
0.037147
-0.010605
-0.014601
-0.021686
0.014901
-0.023302
0.009330
-0.029897
0.010073
-0.001984
0.003649
-0.002082
0.024370
0.039957
-0.021587
-0.003265
-0.020182
-0.036040
0.003698
-0.001144
-0.023523
0.027780
0.000346
0.031868
0.149283
0.006321
0.015266
0.014551
0.005568
-0.002681
-0.029011
-0.026204
-0.012269
-0.021829
0.003902
-0.009889
-0.004874
0.003765
0.002832
-0.031336
-0.014448
0.027768
-0.013877
0.010588
0.002357
0.030405
0.021285
-0.003692
0.001518
0.036725
-0.005442
0.008531
-0.005662
0.007712
-0.007103
0.089343
0.157479
-0.009627
-0.050691
-0.001023
-0.010036
0.009595
-0.013633
0.031345
0.016099
0.008420
0.019078
-0.012227
0.016770
-0.050840
0.000452
-0.020685
-0.003218
-0.017146
-0.011439
-0.003288
0.013953
0.009774
-0.008677
0.038350
-0.001666
-0.022736
0.005476
0.005920
-0.001836
0.002812
-0.004770
-0.002561
-0.000864
-0.005464
-0.006533
0.003102
0.004742
0.013532
0.001378
0.004429
-0.017708
0.009807
0.013422
0.018441
-0.014094
-0.011318
-0.015661
-0.040371
0.000203
-0.020134
0.012934
-0.012767
0.000733
-0.017697
-0.005354
0.088323
0.003104
0.035924
0.038570
0.008200
0.027228
-0.014030
0.017436
-0.002870
-0.013082
-0.006159
0.000100
0.002776
0.004574
-0.015235
-0.019871
-0.006542
-0.002941
0.005131
0.005115
-0.007190
-0.025389
0.030336
-0.001232
-0.032323
-0.018564
-0.036978
-0.034238
0.000367
-0.011550
0.038028
-0.004115
-0.011981
0.004607
0.041020
0.015703
0.000631
-0.008849
-0.008916
-0.004535
-0.033248
-0.006643
0.024046
-0.003244
-0.004673
0.017846
-0.001873
-0.015775
-0.001215
-0.010168
-0.024541
-0.011090
0.006781
-0.016866
-0.018327
-0.018681
-0.039211
-0.027698
-0.009161
0.004404
-0.015884
0.013905
-0.007671
0.028561
0.014647
-0.036915
-0.000367
0.014472
-0.003777
0.032577
0.031537
0.001712
0.026083
-0.005644
0.039940
0.003526
0.006223
-0.031214
0.008686
-0.007816
0.004626
-0.007163
-0.011514
-0.011314
-0.005777
0.009317
0.009437
-0.006529
-0.006220
-0.022649
0.016714
-0.012830
-0.003831
-0.008385
-0.014677
-0.001595
0.004852
0.035423
0.010512
-0.001533
-0.027216
-0.006873
-0.011235
-0.002264
0.004982
-0.017733
0.002017
-0.010440
0.000481
-0.006338
-0.004047
0.006430
0.004024
-0.009999
-0.001377
0.018344
-0.022896
-0.016228
0.007307
-0.011888
-0.017325
-0.011190
-0.018850
-0.015485
-0.000565
0.020074
0.001334
-0.006327
-0.018985
0.058613
-0.008616
0.005740
0.001414
-0.004244
0.009200
-0.017386
-0.032810
-0.005419
-0.000260
0.005599
0.009648
0.002375
-0.021251
-0.010116
-0.010391
0.011743
0.051955
0.028823
0.002872
0.040493
-0.000675
-0.034949
0.008843
-0.024897
0.020643
0.009317
0.007929
-0.010331
0.018053
0.070946
-0.026734
-0.006040
-0.013262
-0.009647
-0.017039
-0.019259
-0.006879
0.033163
-0.018157
-0.009490
-0.004844
-0.009218
0.003109
-0.020329
-0.001265
-0.001420
-0.013535
0.023535
-0.032055
-0.007511
0.004166
-0.022141
0.006978
0.018914
0.003247
-0.029715
-0.022278
-0.018513
0.005086
-0.025446
-0.001596
-0.021565
-0.037681
-0.004756
-0.001142
-0.001854
0.001600
0.008530
-0.010606
-0.007232
-0.031871
-0.000793
-0.015478
0.002206
-0.001271
-0.007593
-0.007243
-0.013135
0.001255
0.009854
-0.006731
-0.007007
0.042369
0.005716
-0.027757
-0.020967
-0.005778
-0.009234
-0.001337
0.013634
-0.023917
-0.015013
-0.016960
-0.016246
-0.009537
-0.017482
-0.049309
-0.002492
-0.007502
0.012201
-0.024189
0.027293
0.026469
-0.021368
-0.019098
-0.002620
-0.045209
-0.013002
-0.007920
0.004209
-0.027200
-0.007025
0.004147
-0.003986
0.047511
-0.005916
0.003672
-0.010864
-0.006009
-0.004663
-0.018448
-0.000783
-0.006895
-0.000011
0.028429
0.000781
-0.015766
0.014095
-0.001071
0.007231
-0.015623
0.009579
0.044886
-0.019109
-0.004726
-0.022632
0.021756
0.029575
-0.007504
-0.014887
-0.009786
-0.009657
-0.003375
-0.040189
-0.009766
0.018233
-0.001913
-0.034591
0.055999
-0.009065
0.080220
0.084580
0.216675
-0.008844
-0.008770
-0.003291
-0.000388
-0.026567
0.000543
-0.003291
0.032404
0.005692
0.000990
0.011470
-0.019459
-0.011277
0.011328
-0.021266
0.015863
0.012084
0.001220
0.018210
-0.033913
-0.015077
0.017268
-0.005962
-0.016462
0.011531
-0.014881
0.008412
-0.006995
-0.024849
-0.004638
-0.039855
0.011472
-0.004251
0.000000
0.000532
-0.007576
-0.005375
0.025032
-0.013140
-0.024370
-0.000613
0.014300
-0.004226
0.004804
-0.007546
0.038826
-0.029165
0.003529
0.002407
0.017473
-0.011181
-0.018218
-0.000483
-0.003078
-0.008626
-0.003668
0.019511
-0.028127
-0.015399
-0.001360
-0.011534
-0.020645
0.010153
-0.002293
0.006544
0.002041
-0.007249
-0.011706
0.001635
-0.005724
0.001428
0.006293
0.043876
-0.063206
-0.044025
-0.004227
-0.008111
-0.005243
-0.029289
-0.014448
-0.013917
-0.057457
-0.025147
0.016375
-0.015250
0.007500
-0.003752
0.008454
0.036638
0.001658
0.010195
-0.023232
-0.004410
0.005063
0.037384
0.004870
-0.007453
0.008300
-0.006428
-0.018519
-0.003850
-0.011228
-0.006764
0.001540
0.008870
0.004544
-0.022050
-0.011857
-0.014525
-0.001946
0.008787
-0.011184
0.003017
0.020129
-0.051233
-0.008576
-0.022926
-0.007228
0.007412
-0.009142
0.067114
0.002345
-0.022056
-0.023179
-0.018302
-0.007587
-0.014390
0.001130
0.003335
0.004922
-0.005580
-0.009177
0.028947
0.002043
-0.010889
-0.019282
-0.006703
-0.018546
0.001753
0.003715
-0.008740
0.014539
0.001338
-0.009883
-0.009096
-0.008279
-0.002472
-0.000770
-0.012416
-0.024842
-0.009228
0.018749
-0.015719
-0.007358
-0.006149
0.004493
-0.023596
-0.003582
-0.038795
-0.024220
0.009355
-0.017785
-0.030052
-0.021026
-0.003938
-0.019682
-0.026066
-0.021132
-0.001508
0.062243
0.030208
0.008245
-0.009767
-0.015344
-0.028370
-0.013091
0.023773
0.003675
-0.035449
0.029795
0.026877
-0.004599
-0.017471
0.008183
0.002417
-0.004459
0.007079
0.016083
-0.005758
-0.026050
-0.045109
-0.019137
-0.003652
-0.003436
-0.020375
-0.008326
0.001503
-0.003044
0.031771
-0.014919
-0.001313
0.020712
0.009055
0.016645
0.007851
-0.014646
-0.023512
-0.018573
-0.003985
0.012030
-0.009081
-0.009259
-0.012272
0.016631
0.019870
0.004005
-0.051356
-0.024008
-0.006627
0.007186
0.016454
0.008393
0.008642
-0.013372
-0.011327
0.013129
-0.041867
-0.014350
-0.019560
0.007772
-0.003966
-0.003289
-0.001751
-0.009372
-0.021598
-0.005708
-0.016308
-0.012898
-0.027725
0.150875
0.111679
-0.005251
-0.012692
-0.033378
-0.009724
0.002999
0.000731
-0.006716
-0.002082
-0.001958
-0.004711
-0.016719
0.001826
-0.021584
0.006723
-0.000012
0.037057
0.004531
-0.006177
0.004906
0.008422
-0.000996
-0.044287
0.015737
0.005014
-0.007099
-0.004352
0.001445
0.004421
0.001237
-0.024988
-0.005100
-0.000535
0.065784
-0.009815
-0.023088
-0.027063
-0.005864
0.005310
-0.041876
0.002526
-0.009240
-0.008965
0.005683
-0.008764
0.008496
0.012235
-0.004480
0.020186
0.001666
-0.061560
-0.008702
-0.021738
-0.006836
-0.007961
0.030010
-0.002648
0.012534
-0.015142
-0.002147
-0.001512
-0.021279
-0.010682
0.046665
0.006989
0.005902
-0.001671
-0.006676
-0.027070
0.004944
-0.002848
-0.016532
-0.006007
0.007948
-0.007061
-0.031067
0.014568
0.000730
-0.003987
0.011205
0.003835
0.015890
0.002062
0.033649
-0.008309
0.000155
0.035113
-0.001297
-0.009458
-0.007996
0.008469
-0.020106
-0.029309
0.005337
0.007178
0.007920
0.006422
0.059082
-0.019398
0.020254
0.001448
-0.004243
0.002299
-0.025409
-0.010643
0.041002
-0.014984
-0.006976
-0.018182
-0.023660
0.006629
-0.012164
-0.011832
-0.011829
0.011606
-0.006467
-0.042751
-0.018567
-0.008099
0.006928
-0.027593
-0.003827
-0.006041
0.000467
-0.006454
-0.009787
-0.041702
-0.023021
-0.005199
0.000000
-0.015700
0.064507
-0.014260
0.010769
0.055768
0.001611
0.012078
0.043781
-0.004746
-0.005825
0.006774
0.014095
0.002542
0.014646
0.000000
0.018491
-0.014805
-0.001260
0.000000
0.014111
0.027366
-0.002087
-0.000035
-0.009622
-0.002973
-0.002721
-0.012528
-0.006100
-0.024765
-0.012533
-0.003375
0.021135
0.015250
-0.016971
0.003342
-0.000925
-0.019127
-0.030844
-0.021602
0.004242
-0.010123
-0.032690
-0.031088
0.011713
-0.022103
-0.009646
-0.028821
0.000078
-0.004058
0.002991
-0.006837
0.028859
-0.024382
0.002147
0.041055
-0.009770
-0.020372
-0.009923
0.008190
0.021960
-0.000062
0.000644
0.010314
0.019932
0.016192
-0.020591
-0.014554
-0.001033
-0.035676
0.004792
0.003073
0.029151
-0.023339
-0.008133
-0.046457
-0.020710
0.002598
-0.008083
-0.019464
0.027978
-0.017878
-0.017256
0.001441
-0.003713
-0.012476
-0.004619
-0.003035
0.016905
0.007324
0.021261
-0.013892
0.027733
0.001872
0.004292
-0.006170
-0.000651
-0.042812
-0.010166
0.000603
0.020575
-0.027899
-0.003766
-0.021663
0.000077
-0.010376
-0.025604
-0.003059
-0.005335
-0.036961
0.026790
-0.011504
0.019145
0.034927
0.036767
-0.014217
0.044448
0.033006
-0.012675
-0.007083
-0.002737
-0.020045
-0.005320
-0.016173
0.004483
0.007976
-0.032644
0.072418
0.084305
0.026033
0.006443
0.010169
-0.004492
-0.013596
0.005533
-0.020044
-0.002226
-0.000047
-0.003353
0.031940
-0.002588
-0.009544
-0.012112
-0.007085
0.008626
-0.003115
0.000926
-0.006341
0.013887
-0.005547
-0.014687
0.008980
0.047637
-0.004176
0.001854
-0.000964
0.002602
0.001168
-0.008121
0.012689
-0.000319
0.048024
-0.010323
0.015467
-0.013440
-0.011205
-0.056620
0.013280
-0.000204
0.012062
-0.000368
0.000947
-0.016671
-0.014770
0.001089
-0.028113
0.002449
-0.024684
-0.002524
-0.023027
-0.030301
-0.035919
-0.006277
-0.000930
-0.002870
-0.030989
-0.008102
-0.029764
-0.027524
-0.008577
-0.011288
-0.006859
-0.012519
-0.005894
-0.024317
-0.008263
0.016106
-0.008701
-0.000147
0.000500
-0.003651
-0.007534
-0.007978
0.000250
-0.002449
0.002927
0.002190
0.014146
0.013016
-0.001675
-0.006219
-0.009689
0.001592
-0.022907
-0.020391
-0.001599
-0.000316
0.004231
0.001837
0.007955
-0.011395
0.016023
0.004842
0.011280
-0.019947
-0.009792
-0.005611
-0.009835
0.002975
-0.005786
0.016483
-0.018539
-0.001953
0.029818
-0.000642
0.009223
0.412699
0.037248
-0.001537
-0.004935
-0.014762
-0.010563
-0.008612
0.008022
-0.000381
-0.007515
0.004152
0.007988
-0.000182
0.009518
-0.018928
-0.019727
-0.017869
-0.005368
-0.001104
-0.015616
0.053854
-0.015972
-0.013350
-0.009552
-0.005635
-0.019957
-0.006102
0.002603
-0.002834
-0.003893
-0.004386
-0.024359
-0.010166
-0.037793
-0.005463
0.019551
-0.008784
-0.009262
0.002088
0.263940
-0.007416
-0.011907
0.001956
-0.011567
-0.021580
0.017820
0.011288
-0.005138
-0.019954
-0.006174
-0.005987
-0.018935
-0.021476
-0.001332
-0.035562
0.010375
0.022589
-0.013178
-0.001781
-0.011977
-0.057919
-0.001497
0.023801
-0.020820
-0.009215
-0.002405
-0.002793
-0.018006
0.009019
0.021949
-0.001542
-0.011779
-0.005771
0.003445
0.023354
0.005186
-0.001826
0.017224
0.003833
0.061567
0.005396
0.008026
0.000000
0.000000
0.000000
-0.018008
0.023597
-0.019860
-0.008522
0.008900
0.000601
-0.007354
-0.010262
0.014119
-0.007552
-0.015652
-0.004846
-0.001846
0.007273
-0.002464
0.007760
-0.024166
-0.024524
-0.005059
-0.007349
0.004153
0.028963
0.000486
-0.013351
0.000000
-0.011397
-0.006618
-0.013701
-0.029673
-0.004826
-0.018415
-0.005172
-0.007219
-0.004182
0.006129
-0.009542
0.000000
-0.005169
0.046971
0.006964
-0.004527
0.027266
0.011996
0.011161
-0.011473
-0.021337
-0.019921
-0.006641
-0.010997
-0.043242
-0.024209
0.012204
-0.048001
0.022893
0.003021
0.024102
0.045105
-0.006640
-0.010917
0.010522
-0.004892
0.016516
-0.007094
0.017963
0.015984
0.002214
-0.007798
0.001914
-0.025216
-0.011734
0.003309
-0.012262
0.011844
-0.007838
0.001643
0.000000
-0.005571
0.000000
-0.034894
0.009329
0.009138
-0.011669
-0.030988
-0.010317
0.007979
-0.029161
-0.003274
-0.023327
0.000229
0.013430
0.008108
0.000000
0.200438
0.009112
-0.007189
-0.001406
0.377865
-0.039515
-0.006831
0.000000
0.022569
0.002194
0.030373
0.008942
0.011078
-0.000531
0.047900
-0.002116
0.001119
-0.051270
-0.019535
-0.018574
0.061744
-0.015334
-0.011383
-0.016536
-0.007295
0.005288
0.000203
-0.001114
-0.026482
-0.006363
0.013429
-0.001715
0.000000
0.006306
0.008999
-0.014029
-0.016500
-0.009860
0.001163
0.011113
-0.015033
-0.036095
0.084122
-0.016803
-0.000339
-0.018992
-0.012836
0.011451
-0.015223
0.010496
0.000000
0.000000
0.000000
-0.000521
0.034759
0.000754
0.011791
0.005597
-0.036373
-0.006268
-0.002508
0.016097
0.005768
-0.015536
0.009901
0.022284
-0.013123
0.034791
0.008784
0.000663
-0.006724
0.002078
0.003046
-0.017343
-0.001495
0.000745
-0.026915
0.013927
0.004923
-0.022482
-0.001773
-0.008140
0.013814
-0.013116
-0.008096
0.001398
0.001506
-0.004699
-0.009632
0.000933
-0.001749
-0.006363
0.001192
0.001918
-0.007167
-0.000712
-0.003333
-0.000437
0.001920
-0.001960
0.000867
0.002077
0.010377
-0.010847
0.025346
-0.009949
0.002703
-0.019847
-0.006359
0.002225
-0.006945
-0.003580
-0.001903
-0.002575
0.001010
0.001216
0.001523
-0.000475
0.070678
0.041680
0.004223
-0.004892
-0.014498
0.005054
-0.024284
-0.001833
0.007066
-0.004972
-0.009766
0.013107
-0.010669
-0.020749
0.002586
0.005019
-0.006933
-0.030374
0.012304
0.004852
0.070181
-0.010518
0.002319
-0.007729
0.006652
-0.005386
0.007028
0.009958
-0.020989
-0.013224
0.000231
-0.013888
-0.009766
-0.010607
0.016849
0.002711
-0.005323
0.000101
-0.000231
0.004458
0.002935
-0.002609
0.006263
-0.010460
0.007908
0.001176
-0.002790
0.000565
-0.025193
0.004586
-0.007880
0.001649
-0.014271
-0.004181
-0.020743
0.003119
-0.000584
0.011198
0.003014
-0.010368
-0.002128
-0.000182
0.034697
0.004514
0.002618
0.011362
-0.021607
-0.010733
0.004072
-0.019128
-0.005701
0.054318
-0.012129
-0.008921
0.016964
-0.013391
-0.005651
0.000931
0.004069
0.020999
0.006191
-0.022004
0.009110
-0.004087
-0.002414
-0.006429
0.021146
0.000357
-0.003200
0.001742
-0.010036
-0.001238
0.000232
0.006308
0.006839
0.002208
-0.023516
0.001577
0.003964
-0.002811
0.015365
0.005885
0.002835
-0.007718
0.018777
0.011571
0.004034
0.012116
-0.009833
0.018050
0.004318
0.010158
0.022112
-0.005670
-0.002279
-0.005379
-0.003863
0.003607
-0.005311
0.005102
0.012259
-0.010434
-0.005395
-0.009168
-0.001579
0.006082
0.024754
-0.011565
-0.012384
-0.005193
0.016764
-0.002904
-0.007782
-0.008192
-0.000305
0.010862
-0.006429
-0.013654
0.033429
0.004887
-0.001732
0.014691
0.005125
-0.000257
-0.003017
-0.011446
-0.010640
0.000778
0.010477
-0.009181
-0.005600
0.011186
0.027808
-0.003279
-0.009718
0.000572
-0.011809
-0.005773
-0.002073
-0.011217
0.006423
-0.003783
-0.011138
-0.020393
0.022023
0.009483
-0.001731
0.007679
0.014979
-0.007735
-0.000465
0.026810
-0.013153
0.005151
-0.008597
0.004688
0.027268
-0.008209
-0.003071
-0.013522
0.000689
0.007693
0.022686
0.000084
-0.022329
0.000757
0.005342
0.006334
0.002751
0.045784
0.000070
-0.013010
-0.011706
-0.005483
-0.001665
0.007418
-0.019285
0.006007
-0.008248
-0.016695
-0.001786
0.001101
-0.001235
-0.002297
-0.002217
-0.005988
-0.004061
0.015228
0.006082
0.020777
0.005521
0.007536
0.004134
0.012613
-0.000802
-0.006601
0.007598
0.008654
0.015276
0.007497
0.012243
-0.003801
-0.002111
0.021349
-0.002467
-0.004122
0.002064
0.008906
-0.004288
-0.011559
0.000309
-0.004378
0.004852
0.006094
-0.006197
0.010450
0.002893
0.010330
0.014703
0.002890
-0.010667
0.001901
-0.019163
-0.006126
0.007911
0.004096
-0.008838
0.024926
0.006000
0.000995
0.001012
0.010569
0.011034
-0.010002
-0.011188
0.003518
0.005843
-0.002519
0.036925
0.015952
0.013147
-0.008065
0.010478
0.014439
0.010094
-0.004132
0.029474
-0.011934
-0.007300
-0.009583
0.012333
-0.007692
-0.004142
-0.023855
-0.002734
-0.007331
-0.010503
-0.003831
-0.004628
-0.017134
0.018041
-0.010193
0.000051
-0.007400
0.004456
-0.005105
0.000351
-0.009125
0.010214
0.020790
-0.011177
0.016733
-0.018415
-0.002600
-0.016477
0.007133
0.002534
-0.013797
0.013174
-0.001906
-0.003734
0.000127
-0.008566
0.002690
-0.005733
0.000878
-0.004229
0.002554
