0.000272
0.000000
0.000000
0.000000
0.000000
0.000000
0.000000
0.000000
0.000000
0.000000
0.000000
0.000000
0.000000
0.000000
0.000000
0.000000
0.000000
0.000000
0.000000
0.000000
0.000000
0.000000
0.000000
0.000000
0.000000
0.000000
0.000000
0.005143
0.000000
0.003255
-0.018153
0.009912
-0.007048
0.017348
-0.003700
0.000000
0.000000
0.000000
-0.003593
0.013306
0.000000
0.000000
0.000000
0.000000
0.000000
0.000000
0.000000
0.000000
0.000000
0.000000
0.000000
0.000000
0.000000
0.000000
0.000000
0.000000
0.000000
0.000000
0.000000
0.000000
0.000000
0.000000
0.000000
0.000000
0.000000
0.000000
0.000000
0.000000
0.000000
0.000000
0.000000
0.000000
0.000000
0.000000
0.000000
0.000000
0.000000
0.000000
0.000000
0.000000
0.000000
0.000000
0.000000
0.000000
0.000000
0.000000
0.000000
0.000000
0.000000
0.000000
0.000000
0.000000
0.003156
0.000000
0.000000
0.000000
0.030656
0.001949
0.000000
0.000000
-0.000813
0.000000
0.000000
0.000000
0.000000
0.000000
0.000000
0.000000
0.000000
0.000000
0.000000
0.000000
0.000000
0.000000
0.000000
0.000000
0.000000
0.000000
0.000000
0.000000
0.000000
0.000000
0.000000
0.000000
0.000000
0.000000
0.003813
0.000000
0.000000
0.000000
0.000000
0.000000
0.000000
0.000000
0.000000
0.000000
0.000000
0.000000
0.000000
0.000000
0.000000
0.000000
0.000000
0.000000
0.000000
0.026862
0.000838
0.000613
0.000000
0.000000
0.000000
0.000000
0.000000
0.000000
0.000000
0.000000
0.000000
0.000000
0.006730
-0.001115
-0.002384
-0.003200
0.009495
0.005900
0.007023
0.080078
0.000000
0.000000
0.000000
0.000000
0.000000
0.000000
0.000000
0.000000
0.000000
0.000000
0.000000
0.108813
0.091424
0.159675
0.002460
0.000000
0.000000
0.000000
0.000000
0.000000
0.000000
0.000000
0.000000
0.000000
0.000000
0.000000
0.000000
0.000000
0.000000
0.000000
0.000000
0.000000
0.000000
0.000000
0.000000
0.000000
0.000000
0.000000
0.000000
0.000000
0.000000
0.000000
0.000000
0.000000
0.000000
0.000000
0.000000
0.000000
0.000000
0.000000
0.000000
0.000000
0.000000
0.000000
0.000000
0.000000
0.000000
0.000000
0.000000
0.000000
0.000000
0.000000
0.000000
0.000000
0.000000
0.000000
0.000000
0.000000
0.000000
0.000000
0.000000
0.000000
0.000000
0.000000
0.000000
0.000000
0.000000
0.000000
0.000000
0.000000
0.000000
0.000000
0.000000
0.000000
0.000000
0.000000
0.000000
0.000000
0.000000
0.000000
0.000000
0.000000
0.000000
0.000000
0.000000
0.000000
0.000000
0.000000
0.000000
0.000000
0.000000
0.000000
0.000000
0.000000
0.000000
0.000000
0.000000
0.000000
0.000000
0.000000
0.000000
0.000000
0.000000
0.000000
0.000000
0.000000
0.000000
0.000000
0.000000
0.000000
0.000000
0.000000
0.000000
0.000000
0.000000
0.000000
0.000000
0.000000
0.000000
0.000000
0.000000
0.000000
0.000000
0.000000
0.000000
0.000000
0.000000
0.000000
0.000000
0.000000
0.000000
0.000000
0.000000
0.000000
0.000000
0.000000
0.000000
0.000000
0.000000
0.000000
0.000000
0.000000
0.000000
0.000000
0.000000
0.000000
0.000000
0.000000
0.000000
0.000000
0.000000
0.000000
0.000000
0.000000
0.000000
0.000000
0.000000
0.000000
0.000000
0.000000
0.000000
0.000000
0.000000
0.000000
0.000000
0.000000
0.000000
0.000000
0.000000
0.000000
0.000000
0.000000
0.000000
0.000000
0.000000
0.000000
0.000000
0.000000
0.000000
0.000000
0.000000
0.000000
0.000000
0.000000
0.000000
0.000000
0.000000
0.000000
0.000000
0.000000
0.000000
0.000000
0.000000
0.000000
0.000000
0.000000
0.000000
0.000000
0.000000
0.000000
0.000000
0.000000
0.000000
0.000000
0.000000
0.000000
0.000000
0.000000
0.000000
0.000000
0.000000
0.000000
0.000000
0.000000
0.000000
0.000000
0.000000
0.000000
0.000000
0.000000
0.000000
0.000000
0.000000
0.000000
0.000000
0.000000
0.000000
0.000000
0.000000
0.000000
0.000000
0.000000
0.000000
0.000000
0.000000
0.000000
0.000000
0.000000
0.000000
0.000000
0.000000
0.000000
0.000000
0.000000
0.000000
0.000000
0.000000
0.000000
0.000000
0.000000
0.000000
0.000000
0.000000
0.000000
0.000000
0.000000
0.000000
0.000000
0.000000
0.000000
0.000000
0.000000
0.000000
0.000000
0.000000
0.000000
0.000000
0.000000
0.000000
0.000000
0.000000
0.000000
0.000000
0.000000
0.000000
0.000000
0.000000
0.000000
0.000000
0.000000
0.000000
0.000000
0.000000
0.000000
0.000000
0.000000
0.000000
0.000000
0.000000
0.000000
0.000000
0.000000
0.000000
0.000000
0.000000
0.000000
0.000000
0.000000
0.000000
0.000000
0.000000
0.000000
0.000000
0.000000
0.000000
0.000000
0.000000
0.000000
0.000000
0.000000
0.000000
0.000000
0.000000
0.000000
0.000000
0.000000
0.000000
0.000000
0.000000
0.000000
0.000000
0.000000
0.000000
0.000000
0.000000
0.000000
0.000000
0.000000
0.000000
0.000000
0.000000
0.000000
0.000000
0.000000
0.000000
0.000000
0.000000
0.000000
0.000000
0.000000
0.000000
0.000000
0.000000
0.000000
0.000000
0.000000
0.000000
0.000000
0.000000
0.000000
0.000000
0.000000
0.000000
0.000000
0.000000
0.000000
0.000000
0.000000
0.000000
0.000000
0.000000
0.000000
0.000000
0.000000
0.000000
0.000000
0.000000
0.000000
0.000000
0.000000
0.000000
0.000000
0.000000
0.000000
0.000000
0.000000
0.000000
0.000000
0.000000
0.000000
0.000000
0.000000
0.000000
0.000000
0.000000
0.000000
0.000000
0.000000
0.000000
0.000000
0.000000
0.000000
0.000000
0.000000
0.000000
0.000000
0.000000
0.000000
0.000000
0.000000
0.000000
0.000000
0.000000
0.000000
0.000000
0.000000
0.000000
0.000000
0.000000
0.000000
0.000000
0.000000
0.000000
0.000000
0.000000
0.000000
0.000000
0.000000
0.000000
0.000000
0.000000
0.000000
0.000000
0.000000
0.000000
0.000000
0.000000
0.000000
0.000000
0.000000
0.000000
0.000000
0.000000
0.000000
0.000000
0.000000
0.000000
0.000000
0.000000
0.000000
0.000000
0.000000
0.000000
0.000000
0.000000
0.000000
0.000000
0.000000
0.000000
0.000000
0.000000
0.000000
0.000000
0.000000
0.000000
0.000000
0.000000
0.000000
0.000000
0.000000
0.000000
0.000000
0.000000
0.000000
0.000000
0.000000
0.000000
0.000000
0.000000
0.000000
0.000000
0.000000
0.000000
-0.011243
0.023025
0.001004
0.000000
0.000000
0.000000
0.000000
0.000000
0.000000
0.000000
0.000000
0.000000
0.000000
0.000000
0.000000
0.000000
0.000000
0.000000
0.000000
0.000000
0.000000
0.000000
0.000000
0.000000
0.000000
0.000000
0.000000
0.000000
0.000000
0.000000
0.000000
0.000000
0.000000
0.000000
0.000000
0.000000
0.000000
0.000000
0.000000
0.000000
0.000000
0.000000
0.000000
0.000000
0.000000
0.000000
0.000000
0.000000
0.000000
0.000000
0.000000
0.000000
0.000000
0.000000
0.000000
0.000000
0.000000
0.000000
0.000000
0.000000
0.000000
0.000000
0.000000
0.000000
0.000000
0.000000
0.000000
0.000000
0.000000
0.000000
0.000000
0.002406
-0.011603
-0.000696
0.000000
0.000000
0.000000
0.000000
0.000000
0.000000
0.000000
0.000000
0.000000
0.000000
0.000000
0.000000
0.000000
0.000000
0.000000
0.000000
0.000000
0.000000
0.000000
0.000000
0.000000
0.000000
0.000000
0.000000
0.000000
0.000000
0.000000
0.000000
0.000000
0.000000
0.000000
0.000000
0.000000
0.000000
0.000000
0.000000
0.000000
0.000000
0.000000
0.000000
0.000000
0.000000
0.000000
0.000000
0.000000
0.000000
0.000000
0.000000
0.000000
0.000000
0.000000
0.000000
0.000000
0.000000
0.000000
0.000000
0.000000
0.000000
0.000000
0.000000
0.000000
0.000000
0.000000
0.000000
0.000000
0.000000
0.000000
0.000000
0.000000
0.000000
0.000000
0.000000
0.000000
0.000000
0.000000
0.000000
0.000000
0.000000
0.000000
0.000000
0.000000
0.000000
0.000000
0.000000
0.000000
0.000000
0.000000
0.000000
0.000000
0.000000
0.000000
0.000000
0.000000
0.000000
0.000000
0.000000
0.000000
0.000000
0.000000
0.000000
0.000000
0.000000
0.000000
0.000000
0.000000
0.000000
0.000000
0.000000
0.000000
0.000000
0.000000
0.000000
0.000000
0.000000
0.000000
0.000000
0.000000
0.000000
0.000000
0.000000
0.000000
0.000000
0.000000
0.000000
0.000000
0.000000
0.000000
0.000000
0.000000
0.000000
0.000000
0.000000
0.000000
0.000000
0.000000
0.000000
0.000000
0.000000
0.000000
0.000000
0.000000
0.000000
0.000000
0.000000
0.000000
0.000000
0.000000
0.000000
0.000000
0.000000
0.000000
0.000000
0.000000
0.000000
0.000000
0.000000
0.000000
0.000000
0.000000
0.000000
0.000000
0.000000
0.000000
0.000000
0.000000
0.000000
0.000000
0.000000
0.000000
0.000000
0.000000
0.000000
0.000000
0.000000
0.000000
0.000000
0.000000
0.000000
0.000000
0.000000
0.000000
0.000000
0.000000
0.000000
0.000000
0.000000
0.000000
0.000000
0.000000
0.000000
0.000000
0.000000
0.000000
0.000000
0.000000
0.000000
0.000000
0.000000
0.000000
0.000000
0.000000
0.000000
0.000000
0.000000
0.000000
0.000000
0.000000
0.000000
0.000000
0.000000
0.000000
0.000000
0.000000
0.000000
0.000000
0.000000
0.000000
0.000000
0.000000
0.000000
0.000000
0.000000
0.000000
0.000000
0.000000
0.000000
0.000000
0.000000
0.000000
0.000000
0.000000
0.000000
0.000000
0.000000
0.000000
0.000000
0.000000
0.000000
0.000000
0.000000
0.000000
0.000000
0.000000
0.000000
0.000000
0.000000
0.000000
0.000000
0.000000
0.000000
0.000000
0.000000
0.000000
0.000000
0.000000
0.000000
0.000000
0.000000
0.000000
0.000000
0.000000
0.000000
0.000000
0.000000
0.000000
0.000000
0.000000
0.000000
0.000000
0.000000
0.000000
0.000000
0.000000
0.000000
0.000000
0.000000
0.000000
0.000000
0.000000
0.000000
0.000000
0.000000
0.000000
0.000000
0.000000
0.000000
0.000000
0.000000
0.000000
0.000000
0.000000
0.000000
0.000000
0.000000
0.000000
0.000000
0.000000
0.000000
0.000000
0.000000
0.000000
0.000000
0.000000
0.000000
0.000000
0.000000
0.000000
0.000000
0.000000
0.000000
0.000000
0.000000
0.000000
0.000000
0.000000
0.000000
0.000000
0.000000
0.000000
0.000000
0.000000
0.000000
0.000000
0.000000
0.000000
0.000000
0.000000
0.000000
0.000000
0.000000
0.000000
0.000000
0.000000
0.000000
0.000000
0.000000
0.000000
0.000000
0.000000
0.000000
0.000000
0.000000
0.000000
0.000000
0.000000
0.000000
0.000000
0.000000
0.000000
0.000000
0.000000
0.000000
0.000000
0.000000
0.000000
0.000000
0.000000
0.000000
0.000000
0.000000
0.000000
0.000000
0.000000
0.000000
0.000000
0.000000
0.000000
0.000000
0.000000
0.000000
0.000000
0.000000
0.000000
0.000000
0.000000
0.000000
0.000000
0.000000
0.000000
0.000000
0.000000
0.000000
0.000000
0.000000
0.000000
0.000000
0.000000
0.000000
0.000000
0.000000
0.000000
0.000000
0.000000
0.000000
0.000000
0.000000
0.000000
0.000000
0.000000
0.000000
0.000000
0.000000
0.000000
0.000000
0.000000
0.000000
0.000000
0.000000
0.000000
0.000000
0.000000
0.000000
0.000000
0.000000
0.000000
0.000000
0.000000
0.000000
0.000000
0.000000
0.000000
0.000000
0.000000
0.000000
0.000000
0.000000
0.000000
0.000000
0.000000
0.000000
0.000000
0.000000
0.000000
0.000000
0.000000
0.000000
0.000000
0.000000
0.000000
0.000000
0.000000
0.000000
0.000000
0.000000
0.000000
0.000000
0.000000
0.000000
0.000000
0.000000
0.000000
0.000000
0.000000
0.000000
0.000000
0.000000
0.000000
0.000000
0.000000
0.000000
0.000000
0.000000
0.000000
0.000000
0.000000
0.000000
0.000000
0.000000
0.000000
0.000000
0.000000
0.000000
0.000000
-0.005319
0.000000
0.000321
-0.005887
-0.000076
-0.004488
0.000000
-0.001805
0.000000
0.000000
0.000000
-0.003078
-0.002609
-0.008519
-0.003013
0.000863
0.000000
0.008378
0.000000
0.000000
0.000000
0.000000
0.000000
0.000000
0.000000
0.000000
0.000000
0.000000
0.000000
0.000000
0.000000
0.000000
0.000000
0.000000
0.000000
0.000000
0.000000
0.000000
0.000000
0.000000
0.000000
0.000000
0.000000
0.000000
0.000000
0.000000
0.000000
0.000000
0.000000
0.000000
0.000000
0.000000
0.000000
0.000000
0.000000
0.000000
0.000000
0.000000
0.000000
0.000000
0.000000
0.000000
0.000000
0.000000
0.000000
0.000000
0.000000
0.000000
0.000000
0.000000
0.000000
0.000000
0.000000
0.000000
0.000000
0.000000
0.000000
0.000000
0.000000
0.000000
0.000000
0.000000
0.000000
0.000000
0.000000
0.000000
0.000000
0.000000
0.000000
0.000000
0.000000
0.000000
0.000000
0.000000
0.000000
0.000000
0.000000
0.000000
0.000000
0.000000
0.000000
0.000000
0.000000
0.000000
0.000000
0.000000
0.000000
0.000000
0.000000
0.000000
0.000000
0.000000
0.000000
0.000000
-0.011565
0.025733
0.000000
0.000000
0.000000
0.000000
0.047707
0.000896
-0.004666
0.000000
0.000000
-0.015073
-0.019319
-0.013024
-0.015727
-0.013472
-0.031684
-0.013901
-0.025572
-0.009535
-0.021288
-0.018992
-0.008847
0.000000
0.000000
0.000000
0.000000
0.000000
0.000000
0.000000
0.000000
0.000000
-0.013359
0.000000
0.000000
0.000000
0.000000
0.000000
0.000000
-0.010540
0.000000
-0.020959
0.000000
0.000000
0.000000
-0.013310
0.000000
0.000000
-0.006841
-0.012524
-0.006842
0.000047
0.000000
-0.016039
-0.005073
-0.016314
0.000000
0.000083
0.219737
0.000000
0.000000
0.000000
0.000000
0.000000
0.000000
0.000000
0.000000
-0.003871
0.054510
0.000000
0.000000
0.000000
-0.009336
0.014768
-0.005500
0.010399
0.012236
-0.004730
-0.000053
0.000000
-0.006914
-0.007380
0.000000
0.000000
0.000000
0.000000
0.000000
0.000000
0.000000
0.037244
0.000000
0.000000
0.000000
0.000000
0.000000
0.000000
-0.028892
0.000000
0.013856
-0.005477
-0.001321
0.001545
-0.008635
-0.012935
-0.001386
0.006666
0.000790
-0.000712
-0.011250
0.002449
-0.005408
-0.003393
-0.000355
-0.002832
-0.009123
0.000000
-0.006964
-0.006902
0.000000
0.000000
0.000894
0.000000
-0.002274
0.000000
0.000647
-0.004593
0.037992
0.000000
0.000000
0.000000
0.000000
0.000000
0.000000
0.032609
0.000000
0.000000
0.000000
0.000000
0.000000
-0.011711
0.000000
0.030127
0.000000
0.000000
0.000000
0.000000
0.000000
0.000000
0.028024
0.000000
0.000000
0.000000
0.000000
0.000000
0.000000
0.000000
0.000000
0.029854
0.000000
0.000000
0.000000
0.000000
0.000000
0.000000
0.032701
0.000000
0.000000
0.028817
0.000000
0.000000
0.024744
0.000000
0.000000
0.027018
0.000000
0.000000
0.000000
-0.007237
0.000000
0.000000
-0.016394
-0.007137
-0.007292
-0.006389
-0.002451
0.000000
0.000000
0.000000
0.000000
0.000000
0.000000
0.000000
0.000000
0.019074
0.000000
0.000000
0.000000
-0.017521
0.020455
0.051137
0.028745
0.025145
0.019730
0.026881
0.028899
0.008228
0.007885
-0.001355
-0.010391
0.000845
-0.007333
0.000000
0.000000
0.000000
0.000000
0.000000
0.000000
0.000000
0.000000
0.000000
-0.003131
-0.030709
0.018546
0.028023
0.011712
-0.017817
0.000512
-0.001315
-0.004807
-0.006004
-0.000049
0.000000
0.000000
0.000000
0.000000
0.000000
-0.006960
-0.016301
0.006082
-0.014888
0.000000
0.000000
0.000000
0.000000
-0.005243
0.000673
0.000000
0.000000
0.000000
0.000000
0.000000
-0.007750
0.000000
0.000000
0.000000
0.000000
0.000000
0.000000
-0.003895
-0.016799
0.000000
0.000000
0.000000
0.020278
-0.011364
-0.006280
0.000000
0.000000
0.000000
0.000000
-0.019444
-0.005147
0.000000
-0.016226
0.004580
-0.002796
0.000000
0.000000
0.000000
0.006414
0.000000
0.008344
0.003689
0.006338
0.002685
0.003921
-0.013791
0.000166
0.000000
0.000000
0.000000
0.000000
0.000000
0.000000
0.000000
0.000000
0.000000
0.000000
0.000000
0.000000
0.000000
0.000000
0.000000
0.000000
0.000000
0.000000
0.000000
0.000000
0.000000
0.000000
0.000000
0.000000
0.000000
0.000000
0.000000
0.000000
0.000000
0.000000
0.000000
0.023979
-0.011208
0.000000
0.000000
0.000000
0.000000
0.000000
0.000000
0.000000
0.000000
0.000000
0.000000
0.000000
0.000000
0.000000
0.000000
0.000000
0.000000
0.000000
0.000000
0.000000
0.000000
0.000000
0.000000
0.000000
0.000000
0.000000
0.000000
0.000000
0.000000
0.000000
0.000000
0.000000
0.000000
0.000000
0.000000
0.000000
0.000000
0.000000
0.000000
0.000000
0.000000
0.000000
0.000000
0.000000
0.000000
0.000000
0.000000
0.000000
0.000000
0.000000
0.000000
0.000000
0.000000
0.000000
0.000000
0.000000
0.000000
0.000000
0.000000
0.000000
0.000000
0.000000
0.000000
0.000000
0.000000
0.000000
0.003946
-0.000301
-0.000112
0.000000
0.000000
0.000000
0.051062
-0.000394
0.000000
0.000000
0.002722
0.000000
0.000000
0.000000
0.000000
0.000000
0.000000
-0.011582
-0.000094
0.000000
0.000000
0.000000
0.000000
0.000000
0.000000
0.000000
0.000000
0.000000
0.000000
0.000000
0.045581
0.000000
0.000000
0.000000
0.000000
-0.015329
0.028334
0.022873
-0.019623
-0.005117
0.000432
0.000000
0.000000
0.000000
0.000000
0.000000
0.000000
0.000000
0.000000
-0.000239
0.000000
0.000000
0.000000
0.000000
0.000000
0.000000
0.000000
0.000000
0.000000
0.000000
0.000000
0.000000
0.000000
0.000000
0.000000
0.000000
0.000000
0.000000
0.000000
0.000000
0.000000
0.000000
0.000000
0.000000
0.000000
0.000000
0.000000
0.000000
0.000000
0.000000
0.000000
0.000000
0.000000
0.000000
0.000000
0.000000
0.000000
0.000000
0.000000
0.000000
0.000000
0.000000
0.000000
0.000000
0.000000
0.000000
0.000000
0.000000
0.000000
0.000000
0.000000
0.000000
0.000000
0.000000
0.000000
0.000000
0.000000
0.000000
0.000000
0.000000
0.000000
0.000000
0.000000
0.000000
0.000000
0.000000
0.000000
0.000000
0.000000
0.000000
0.000000
0.000000
0.000000
0.000000
0.000000
0.000000
0.000000
0.000000
0.000000
0.000000
0.000000
0.000000
0.000000
0.000000
0.000000
0.000000
0.000000
0.000000
0.000000
0.000000
0.000000
0.000000
0.000000
0.000000
0.000000
0.000611
0.006701
-0.007710
0.000000
-0.004941
0.000000
0.000000
0.000000
0.000000
0.000000
0.000000
0.000000
-0.004703
0.000000
0.019978
-0.020276
-0.015035
-0.002522
-0.001843
0.101649
0.003304
-0.000778
0.000000
-0.007047
0.047485
0.000000
0.000000
0.000000
0.000000
0.000000
0.000000
0.000000
0.000000
0.000000
0.000000
0.000000
0.000000
0.000000
0.000000
0.000000
0.010384
-0.008397
0.112141
0.104657
-0.006487
-0.004850
-0.002555
0.000000
-0.018073
-0.006859
-0.001178
-0.002487
-0.002874
0.000000
0.000000
0.004395
-0.008567
0.000000
0.000000
0.000000
0.000000
-0.011738
-0.005308
0.016734
-0.028867
-0.001332
-0.005176
0.000000
0.000000
-0.003198
0.000000
0.000000
-0.001626
0.000000
-0.002831
-0.007242
-0.002483
-0.009241
-0.007951
-0.002920
-0.016812
0.000000
0.024014
-0.001382
-0.005648
0.008660
-0.000025
-0.006558
0.002011
0.001680
-0.008181
0.000000
-0.004188
0.000000
0.000000
-0.008090
-0.003659
-0.003281
0.000000
0.000000
0.000000
0.000000
0.000511
-0.008567
0.007955
-0.000763
-0.014483
0.000000
0.000000
-0.014084
0.000000
0.000323
-0.002486
0.000000
-0.011588
0.000000
0.007785
-0.024612
-0.004079
-0.010637
-0.004010
0.000000
-0.000259
0.000000
0.011339
0.000000
0.001013
-0.003692
-0.016722
0.007169
0.002079
0.015881
0.049787
-0.010649
-0.006573
0.000000
0.000586
0.000000
-0.004144
-0.002442
-0.001540
-0.005837
0.006257
-0.012969
-0.004907
-0.006622
-0.014448
0.000862
-0.000447
-0.010393
-0.001572
0.000000
0.000000
0.000000
0.000000
0.000000
0.000000
0.000000
0.000000
0.000000
0.000000
0.000000
0.000000
0.000000
0.000000
0.000000
0.000000
0.000000
0.000000
0.000000
0.000000
0.000000
0.000000
0.000000
0.000000
0.000000
0.000000
0.000000
0.000000
0.000000
-0.001381
0.068491
-0.004722
0.000000
0.017892
-0.002802
0.000000
-0.007786
0.000000
0.000000
0.009871
-0.002288
0.012310
-0.006290
0.000000
0.000000
0.000000
0.164201
0.015754
-0.005799
0.000000
0.000000
0.000000
0.000000
0.000000
-0.008197
0.000000
0.000000
-0.005639
0.000000
0.000000
0.000000
-0.004353
-0.005871
0.000000
0.000000
0.000000
0.000000
0.000000
0.000000
-0.000132
0.000000
0.000000
0.000000
0.000000
0.000000
0.000000
0.000000
0.004632
0.000000
0.004383
-0.000247
-0.000395
0.000000
0.000000
0.000000
-0.000165
-0.010455
0.002652
0.001564
0.000000
0.000000
0.000000
0.000000
-0.010504
-0.003741
0.000000
0.000000
0.000000
-0.004421
0.002021
0.005442
-0.010343
-0.009963
-0.003795
0.000000
0.001305
0.000000
0.000000
0.000000
0.000000
0.000000
-0.001410
0.000007
0.000000
0.000000
-0.003825
0.002512
0.002199
0.000000
0.000000
0.000000
0.000000
0.000000
0.000000
0.000000
0.000000
0.000000
0.000000
0.000000
0.000000
0.000000
0.000000
0.000000
0.000000
0.000000
0.000000
0.000000
0.000000
0.000000
0.000000
0.000000
0.000000
0.000000
0.000000
0.000000
0.000000
0.000000
0.000000
0.000000
0.000000
0.000000
0.000000
0.000000
0.000000
0.000000
0.000000
0.000000
0.000000
0.000000
0.000000
0.000000
0.000000
0.000000
0.000000
0.000000
0.000000
0.000000
0.000000
0.000000
0.000000
0.000000
0.000000
0.000000
0.000000
0.000000
0.000000
0.000000
0.000000
0.000000
0.000000
0.000000
0.000000
0.000000
0.000000
0.000000
0.000000
0.000000
0.000000
0.000000
0.000000
0.000000
0.000000
0.000000
0.000000
0.000000
0.000000
0.000000
0.000000
0.000000
0.000000
0.000000
0.000000
0.000000
0.000000
0.000000
0.000000
0.000000
0.000000
0.000000
0.000000
0.000000
0.000000
0.000000
0.000000
0.000000
0.000000
0.000000
0.000000
0.000000
0.000000
0.000000
0.000000
0.000000
0.000000
0.000000
0.000000
0.000000
0.000000
0.000000
0.000000
0.000000
0.004747
-0.006665
-0.004526
-0.004749
-0.028705
-0.006087
0.000000
0.000000
0.000000
-0.011531
0.000000
0.000000
-0.018541
0.005908
0.017081
0.000000
0.000000
0.000000
0.000886
-0.013618
-0.001756
0.000000
-0.009279
-0.006813
0.009284
0.000000
-0.006523
-0.008565
-0.001869
0.000000
0.006837
-0.008324
-0.010794
0.003397
-0.019481
0.009579
0.000000
0.000000
0.000000
0.000000
0.001174
0.001184
-0.028667
0.014534
-0.005602
-0.012396
-0.006067
0.021415
0.000451
-0.001581
-0.001742
-0.010585
0.004883
0.000000
0.000000
0.000000
0.000000
0.000000
0.000000
0.000000
0.000000
0.000000
0.000000
0.000000
0.000000
0.000000
0.000000
0.000000
0.000000
0.000000
0.000000
-0.000203
0.000000
-0.000099
0.000000
0.000562
-0.001771
0.000318
0.000330
0.000000
0.000000
0.001693
0.000000
0.000000
-0.009889
0.032016
0.000000
0.000000
0.000000
0.000000
0.000000
-0.004665
0.014536
0.000000
0.000000
0.000000
0.000000
0.000000
0.000000
0.000000
0.000000
-0.014821
0.029055
0.007384
0.000000
0.000000
0.025389
-0.000943
0.000000
0.000000
0.000000
0.000000
0.000000
0.000000
0.000000
0.000000
0.023101
0.007962
0.000000
0.000000
-0.001547
-0.000180
0.002446
-0.003594
-0.010962
-0.001320
-0.002744
0.000000
0.000000
0.000000
0.001531
-0.000469
0.000000
0.000101
-0.001176
0.000000
-0.006986
-0.009108
0.001273
0.000000
0.000000
0.000000
0.000000
0.000000
0.000000
0.000000
0.000000
0.000000
0.000000
0.000000
0.000000
0.000000
0.000000
0.000000
0.000000
0.000000
0.000000
0.000000
-0.000114
-0.005401
0.000000
-0.003637
0.000000
0.001419
-0.000680
-0.004990
-0.001721
-0.006434
0.019373
-0.000896
-0.003530
0.000000
0.000000
-0.012053
0.006047
-0.005040
0.021006
0.000000
0.003604
-0.007803
-0.002990
-0.013905
-0.001482
0.000000
0.000000
0.000000
0.000000
0.000000
0.000000
-0.002377
-0.019200
-0.000530
-0.003265
0.001617
-0.003560
0.000000
0.000000
0.000000
0.019170
0.002857
-0.011715
0.000263
0.000000
-0.000694
0.000000
0.000000
0.000000
0.009230
0.017430
0.000000
-0.000141
0.029807
0.003219
-0.027140
-0.004414
0.000000
0.000000
0.000000
0.000000
0.000000
-0.016902
0.020601
-0.009569
-0.002849
-0.004558
0.000000
0.000000
0.000000
0.000000
0.000000
0.000000
-0.008777
-0.037615
-0.001962
-0.001315
-0.009752
-0.002835
0.002224
0.012258
-0.013109
-0.002409
0.000332
-0.022923
-0.007671
0.002329
-0.013026
-0.000723
0.000000
0.000000
0.003801
-0.000381
-0.003910
-0.011540
0.007554
-0.011122
-0.002429
0.000000
0.000000
0.000000
-0.005298
0.000000
0.000000
-0.020210
-0.025159
-0.002732
0.000000
0.000000
0.000000
-0.009859
-0.005527
0.001382
0.000000
-0.008946
-0.012414
-0.009591
0.038511
-0.012517
-0.000053
0.011355
-0.003845
0.041830
0.010581
0.000000
0.000000
0.000000
0.000000
0.000000
0.000000
0.000000
0.000000
0.000000
0.000000
0.000000
0.000000
0.000000
0.000000
0.000000
0.000000
0.000000
0.000000
0.000000
0.000000
-0.000440
0.000000
0.061914
0.021506
0.000000
-0.005678
-0.015012
-0.006540
0.001063
-0.003442
0.001875
0.000000
0.000000
-0.000437
0.000000
0.003453
0.012782
0.010166
0.000000
-0.004412
0.000000
0.000000
0.004808
0.000000
0.005595
-0.003378
-0.002627
-0.008999
-0.003666
0.000000
-0.001883
0.000000
0.000155
0.000000
0.000000
0.000000
-0.002416
0.000000
0.010549
0.013005
0.000000
0.000000
-0.000514
-0.008514
-0.002817
-0.008760
-0.006157
-0.003926
0.000000
0.000000
0.000000
0.000000
0.000000
-0.002062
-0.009806
0.010887
-0.002655
0.000000
0.000000
0.000000
-0.007093
0.002783
0.006674
0.077050
0.000000
0.000000
0.000000
0.000000
-0.018034
-0.001178
-0.004101
-0.008280
-0.006998
-0.001047
0.000000
0.000000
-0.008768
-0.004246
-0.007666
-0.001941
-0.012250
-0.011538
0.001226
0.000089
-0.017665
0.015916
0.014997
0.000000
0.003868
-0.011648
0.002391
-0.002359
-0.003138
0.050436
0.014414
0.000000
0.000000
0.000000
0.000000
-0.004732
-0.011058
-0.012999
0.000000
-0.007196
0.002928
0.000000
0.000000
0.000000
-0.011814
-0.014174
0.000000
0.000856
-0.002197
-0.002710
0.000000
-0.007624
-0.007344
-0.011199
-0.004196
-0.010689
0.000000
0.000000
0.000000
0.000000
0.017558
0.001601
0.016729
0.000000
0.014743
-0.008665
0.000000
0.000000
-0.004115
0.000194
0.000000
-0.000806
-0.004124
0.001993
0.000000
-0.003156
0.012336
0.010759
-0.003888
0.000000
0.002243
0.000000
-0.005693
0.000000
-0.005109
0.000000
0.000000
0.000000
-0.007791
0.001811
0.002160
-0.017182
-0.008975
-0.001478
0.000000
0.000000
0.000000
0.000000
0.000000
0.000000
0.000000
0.000000
0.002354
-0.002362
0.000000
-0.006799
0.001896
0.019857
-0.000085
-0.007595
-0.001557
-0.007698
0.000424
0.003011
0.003978
0.000000
0.000000
0.000000
-0.002919
-0.005037
0.000000
0.000000
0.000000
0.011140
-0.003301
0.001054
-0.009086
-0.003656
0.053656
-0.007605
-0.000910
-0.007182
-0.008290
-0.006215
-0.002019
-0.013366
0.009525
-0.002198
-0.005494
-0.007314
-0.004463
0.000336
0.003607
0.004486
-0.016594
-0.001031
-0.004754
0.005154
-0.005907
-0.002814
0.002418
0.003729
-0.007253
-0.026393
0.000098
0.000000
-0.000190
-0.008714
-0.002205
0.006881
-0.005724
-0.009153
-0.006069
0.000000
-0.011543
0.002218
-0.001203
-0.002869
-0.005161
0.003913
0.001359
0.000000
-0.002605
-0.003788
0.000000
0.000235
0.011531
-0.009069
-0.004056
0.004826
0.029238
-0.007106
0.025024
-0.000901
0.000000
0.000000
0.000000
0.000000
0.000000
0.000000
0.000000
0.000000
0.000000
0.000000
0.000718
-0.007694
0.000489
0.000000
0.000000
0.000000
0.000000
0.000000
0.000000
0.000000
-0.036590
0.009377
-0.017247
-0.010863
-0.003024
0.000000
0.000000
0.000000
0.000000
0.000000
0.000000
0.000000
0.000000
0.000000
0.000000
0.000000
0.000000
0.000000
-0.002109
0.000000
0.000000
0.000000
0.000000
0.000000
-0.006542
0.000000
0.006095
-0.032601
-0.007233
-0.002122
0.000000
-0.005548
0.000000
-0.016142
-0.013698
-0.040493
-0.003063
0.035007
-0.002590
-0.013665
-0.000243
0.000842
-0.000466
-0.004004
0.005286
0.000000
0.000000
0.000000
0.000000
0.000000
0.000000
0.000000
0.000000
0.000000
-0.018771
-0.002403
0.000000
-0.001304
0.000000
0.000000
0.003223
0.001197
0.001659
0.030158
-0.020885
-0.000101
-0.005678
0.009157
-0.008646
-0.000380
-0.008458
0.005280
-0.003693
0.000417
0.000000
0.000000
0.000000
0.000000
-0.000802
-0.043097
0.000000
-0.004498
-0.003092
0.002974
0.002489
-0.007329
-0.001203
0.000000
-0.019186
0.006148
0.018575
0.000000
0.000000
0.000000
0.044783
0.000000
0.000000
0.000000
-0.002941
0.001246
0.000000
0.000000
0.000000
0.000000
-0.006575
0.000000
-0.003743
0.000000
-0.002770
0.000000
0.000000
0.006744
-0.007088
-0.006216
0.009635
0.001810
-0.001985
-0.000330
-0.004866
-0.000031
0.000000
0.000000
-0.003740
-0.000761
-0.005396
-0.003719
0.000000
0.000000
0.000000
0.000000
-0.002312
0.000795
-0.003892
0.009533
-0.005347
0.004580
0.008453
-0.004436
0.000000
-0.012417
-0.014126
-0.001986
-0.000763
0.000000
0.000000
0.000000
-0.001237
-0.009138
0.002034
-0.001695
0.000000
0.003487
0.003183
-0.007720
-0.011714
0.001765
-0.007625
-0.003444
-0.009929
0.008724
-0.000748
-0.009935
0.007183
-0.001958
0.000000
0.000000
0.000000
0.000000
0.000000
-0.006957
-0.002768
-0.005286
0.000000
-0.003247
-0.001768
-0.000589
-0.012733
0.001059
0.000000
0.004090
0.004293
-0.001799
0.000000
-0.004139
-0.018592
0.001478
0.000000
0.000000
-0.006998
-0.001337
0.000000
0.000000
0.000000
0.000000
-0.002446
-0.006346
0.009051
0.016877
-0.006259
0.007488
0.000000
0.000000
-0.002435
-0.013989
0.001779
0.000000
0.000000
0.000000
-0.003272
0.000000
0.000000
0.000000
0.000000
-0.005393
0.065515
-0.001401
-0.002020
-0.012243
-0.000827
-0.023674
-0.007828
0.004958
0.000000
-0.001874
-0.002837
0.000000
0.000000
0.000000
-0.000515
-0.003066
0.000000
0.000000
0.000000
0.000000
-0.001385
-0.003157
0.000000
-0.007627
-0.012802
-0.006791
-0.003558
-0.006015
-0.001616
0.001062
0.000000
0.000000
-0.008398
-0.001012
-0.001939
0.000000
-0.000341
-0.017240
-0.030345
-0.008269
0.000685
-0.005050
-0.008040
0.000134
0.000000
-0.003866
0.000000
0.000000
0.000000
0.000000
0.000000
0.000000
0.000000
0.000000
0.000000
0.000000
0.000000
0.000554
0.000000
0.000000
0.000000
0.000000
0.000000
0.000000
0.000000
0.000000
0.000000
0.003423
-0.004676
-0.001235
0.060735
0.000247
-0.009691
0.000000
0.001086
0.000000
0.000000
-0.011298
-0.010655
0.000083
0.042688
-0.011111
0.046340
0.008543
-0.014880
0.000535
0.000000
-0.006909
-0.004530
0.000000
0.000000
0.000000
0.000000
0.002756
0.000000
0.000000
0.000000
0.000000
-0.010968
-0.000399
-0.002997
-0.004140
-0.004417
-0.004170
-0.006787
0.000000
0.000000
0.000000
0.000000
0.000000
0.000000
0.000000
0.000000
0.000000
0.000000
0.000000
0.000000
0.003954
-0.000255
0.000000
-0.006295
0.000000
-0.004294
-0.004712
-0.002477
0.008758
0.000000
-0.009563
0.000000
0.001340
0.000000
-0.012618
-0.004014
0.003512
0.001423
-0.007780
-0.000993
0.055600
0.005205
0.030266
0.000000
-0.007252
0.005126
0.000000
0.003152
0.000253
0.000000
0.015525
0.000066
-0.003545
-0.004530
0.012709
-0.001402
0.000000
-0.002707
0.000000
0.000000
0.000000
0.000000
0.001427
-0.012103
-0.002624
0.000924
0.000000
-0.003001
-0.013003
-0.005966
-0.006803
-0.004747
0.003030
-0.001895
0.000000
-0.004803
-0.000738
-0.016870
-0.003485
-0.011307
-0.009977
-0.002583
0.005179
0.006751
-0.012019
0.002024
0.012752
0.000000
-0.008203
-0.001481
0.000000
0.000000
-0.003094
-0.009910
-0.000693
-0.002694
0.000000
-0.002715
-0.015507
-0.001381
0.000000
0.000000
-0.005297
0.004286
-0.005316
0.000000
0.000000
0.000000
-0.008373
0.065722
0.000000
0.000000
0.000000
0.000000
0.000000
0.000000
0.003622
-0.007101
-0.006847
-0.002081
0.001422
0.000000
-0.002675
0.000000
-0.011296
0.000000
-0.001654
-0.013731
-0.001625
0.002330
-0.013440
0.011168
0.000784
0.006373
-0.001921
0.023712
-0.002045
-0.000746
-0.005163
0.010009
-0.003533
0.000154
0.003632
-0.002840
-0.020976
-0.000220
0.000000
0.000000
0.000000
0.000000
-0.004918
0.000000
0.000000
0.010555
-0.004887
-0.004235
-0.004068
-0.002058
0.005001
0.001208
-0.003500
-0.020534
0.001741
-0.002590
0.000000
-0.005198
-0.001257
0.000000
-0.013346
0.001471
0.009006
0.002965
0.000000
-0.012395
-0.010567
-0.023351
-0.003118
0.000000
-0.007640
-0.025978
0.000000
0.000000
0.000000
0.000000
0.000000
0.000000
0.000000
-0.023665
0.006444
-0.004952
0.002499
-0.011129
-0.008340
0.000000
0.003950
0.000519
-0.007883
-0.006445
-0.008666
-0.004819
0.000000
0.000000
0.000000
0.000000
0.000000
0.000000
0.000000
0.000000
0.000000
-0.003729
-0.023151
-0.020614
-0.014775
0.001687
0.002017
0.000000
0.001724
-0.006026
-0.005566
0.000681
0.000000
0.000000
0.022939
0.005044
-0.007698
-0.018517
-0.001315
-0.002313
0.002928
-0.002008
-0.002875
0.000000
0.003410
-0.001127
0.012483
-0.001551
-0.001872
-0.005894
-0.002049
-0.005991
-0.006381
0.000000
0.000000
0.000000
-0.011499
0.003880
-0.002053
0.000000
0.000000
0.000000
0.000000
0.000000
0.000000
0.000000
0.000000
0.000000
0.016497
0.009150
0.005910
0.000049
0.000000
-0.016250
-0.015389
-0.008808
-0.011368
-0.003359
-0.005660
0.000000
-0.014383
-0.018361
0.017339
-0.004357
-0.010741
0.011401
-0.004299
0.000000
-0.010506
0.028769
-0.002237
0.000000
0.000000
0.000000
0.000000
0.000000
-0.000085
-0.006147
0.001368
-0.000612
-0.000313
0.000000
0.000000
0.000000
0.000000
0.000000
0.000000
0.000000
-0.010825
-0.003088
-0.004207
-0.004515
0.000000
0.000000
-0.002300
-0.009230
0.003098
-0.010374
0.002700
0.006039
-0.009301
0.007857
0.001609
-0.002289
-0.002337
0.000000
-0.002542
-0.000218
0.000000
0.005448
-0.004374
-0.005136
0.061564
-0.017122
0.047167
-0.000221
-0.001087
-0.029582
-0.003141
0.000305
-0.004713
-0.000373
-0.004623
-0.011144
0.002257
-0.028427
-0.000612
0.000000
-0.005196
0.000000
0.000000
-0.006120
0.004891
0.008056
-0.006028
-0.007824
-0.003257
0.000000
-0.001176
0.022125
-0.007611
0.007403
0.016746
-0.006964
-0.001048
0.026868
-0.006252
-0.010111
0.000000
0.000000
0.000000
0.002882
-0.006078
0.000000
0.000000
0.000000
0.000000
0.000000
0.001462
0.005555
-0.004984
-0.002481
-0.015249
-0.002619
-0.004384
-0.005765
0.001586
-0.001353
0.000000
0.000000
-0.001039
-0.000101
0.000000
0.000000
0.007930
-0.005131
0.013188
0.010965
-0.013098
-0.010739
-0.010788
0.015431
-0.006815
0.000000
-0.000425
0.000000
0.000000
-0.004075
0.000952
-0.001722
-0.002883
-0.004217
0.000000
0.000000
-0.002499
-0.006490
-0.012676
-0.003422
-0.004045
0.000000
0.000000
0.000000
0.000000
0.000000
0.000000
0.000000
0.000000
0.006468
0.000237
-0.011444
0.004148
0.022487
0.000548
0.007904
0.003356
0.000000
0.000000
0.000000
0.000000
-0.005930
-0.013874
-0.030500
0.000834
-0.003915
-0.005666
0.000000
-0.003610
-0.004966
0.009820
-0.000187
0.012057
-0.003559
0.000000
0.000000
-0.027554
0.014146
0.000000
0.000000
0.000000
0.000000
0.000000
0.000000
0.000000
0.058322
0.000000
0.000000
0.000000
0.000000
-0.014432
-0.043829
0.277639
0.002999
0.000000
0.000000
0.000000
0.000000
0.000000
0.000000
0.000000
0.000000
0.000000
0.000000
-0.012404
-0.002594
-0.002931
-0.006122
0.011749
0.000000
0.000000
0.001755
0.000000
0.000000
0.000000
0.000000
0.000000
0.000000
0.000000
0.000000
-0.000553
0.003622
-0.006839
0.000000
0.000000
0.000000
-0.001425
0.000000
-0.002037
0.122181
-0.008711
0.001541
0.000000
0.000000
0.000000
0.000000
0.000000
0.000000
0.000000
0.000000
0.000000
0.000000
0.000000
0.000000
0.000000
0.000000
0.000000
0.000000
0.000000
-0.000073
-0.015493
-0.001996
0.015524
-0.004139
-0.008882
0.021484
-0.008978
-0.000241
-0.010206
-0.001475
0.000000
0.000000
-0.012050
0.004679
-0.002664
0.000000
0.007170
-0.011149
-0.002912
-0.016200
0.079155
0.049772
-0.000782
0.000000
-0.006620
-0.026061
-0.005551
0.000000
-0.008427
-0.012041
-0.009362
-0.008226
0.000082
0.004616
-0.003121
-0.014975
0.005492
-0.009785
-0.000300
-0.009910
0.001084
0.002262
0.000000
-0.009054
-0.000988
-0.002072
-0.022770
-0.005892
-0.004030
-0.017405
-0.007762
-0.002574
0.000000
0.000000
-0.001463
0.000000
0.000000
-0.001782
-0.001546
0.002664
0.001696
-0.002732
0.000000
-0.009782
-0.000949
-0.004860
-0.003904
0.000000
-0.004813
-0.005426
0.005849
-0.004944
-0.000290
0.002291
0.002533
0.007142
0.009144
0.000000
-0.009805
-0.018220
-0.006356
0.000000
0.000000
0.000000
0.000000
0.000000
0.000000
0.000000
-0.004030
0.009901
-0.002054
-0.005566
-0.007366
0.006807
-0.001517
0.000000
0.000000
0.000000
0.003587
-0.001908
0.000000
0.000000
0.000000
-0.030474
0.000000
-0.002427
-0.001879
-0.002272
-0.006296
0.000000
0.000663
0.002528
-0.008813
-0.005807
-0.000798
0.000000
-0.004514
-0.011573
-0.027140
0.001720
0.000000
0.006888
-0.001769
0.000000
-0.007360
-0.008362
-0.001915
0.006566
-0.000665
-0.002190
-0.012352
-0.005024
-0.007534
-0.008527
-0.014363
0.000000
-0.000480
-0.004374
-0.001084
0.019392
-0.009607
-0.005549
0.000000
0.000000
-0.001142
0.000000
-0.113338
0.000000
-0.113764
0.000000
-0.007225
-0.001668
-0.000031
0.038381
-0.013329
0.008777
-0.005747
-0.004491
0.000000
0.000000
0.000000
0.000000
0.000000
0.000000
-0.001113
-0.015677
0.000042
0.000000
0.007499
0.000000
0.000000
0.029518
0.004837
0.000000
-0.000070
0.000611
0.000000
-0.010915
-0.002257
0.003956
-0.003593
-0.001589
0.000000
0.000000
0.000000
0.000000
0.000000
0.000000
-0.002928
-0.000003
0.010810
-0.001253
0.000000
0.000000
0.000000
-0.006129
0.004005
-0.002353
-0.001625
0.008573
-0.006827
-0.001324
0.001994
-0.003552
0.000739
0.000249
-0.008271
0.007094
-0.000590
0.006363
-0.004632
0.025292
0.002553
-0.013986
-0.008186
-0.004657
0.005475
-0.008979
0.000000
-0.007577
0.002724
0.000000
0.000000
0.000000
0.000000
-0.009465
-0.002300
0.012999
0.000000
0.013834
-0.002923
0.000000
-0.001864
-0.007811
-0.000613
0.002009
-0.014635
0.000000
-0.008880
0.000340
0.000000
0.000000
0.000000
-0.003738
0.000645
0.000000
0.000000
-0.001374
-0.006468
-0.000112
0.000000
-0.002281
0.000000
0.000000
0.000000
0.000000
0.000000
-0.002686
-0.003816
-0.002390
0.000000
0.000457
-0.009443
-0.016641
-0.001544
-0.004364
-0.027833
-0.000840
0.002698
0.000000
-0.004478
-0.002113
-0.013675
0.013133
-0.004699
0.000000
0.000000
-0.007252
0.003762
0.001427
0.000000
0.000000
-0.004348
-0.000275
0.001596
0.001204
0.004804
0.020488
0.005003
0.000000
0.000000
0.000000
0.007808
0.002626
0.010613
0.020115
0.002415
-0.006618
-0.000899
0.000000
0.000000
-0.011449
0.006202
-0.002049
0.000000
0.000000
0.000000
0.000000
0.008398
0.002074
-0.002308
-0.002589
-0.007828
0.008774
-0.000715
0.000000
-0.005483
-0.008292
-0.001858
-0.004025
-0.013331
0.002658
0.007989
-0.000430
-0.001475
-0.001883
0.000000
0.000000
0.000000
0.000000
0.000000
0.000000
0.000000
0.000000
0.000000
0.000000
0.000000
0.000000
-0.017171
-0.006328
-0.005107
0.000000
0.000000
0.000000
0.000000
0.000000
0.000000
0.000000
0.000000
0.000000
0.000000
0.000000
0.000000
0.000000
0.000000
0.000000
0.000000
0.000122
0.000000
0.000000
0.067322
-0.005214
-0.004840
0.005071
0.000000
-0.003663
0.004248
0.005113
-0.017084
0.001193
0.000000
-0.004681
-0.002803
-0.001149
0.000000
0.000000
0.000000
0.000000
0.000000
0.000000
0.000000
0.000000
0.000000
0.000000
0.000000
0.000000
0.000000
0.000000
0.000000
0.030090
0.001877
-0.002240
0.000000
-0.010254
0.000000
0.001138
0.001957
-0.000432
-0.009954
-0.003175
-0.006233
-0.007966
0.000964
0.013136
0.011127
-0.000415
0.000000
0.000000
0.000000
0.011060
0.003728
0.013971
-0.028595
-0.005678
0.000000
0.002337
-0.008828
0.000000
0.000000
-0.011615
-0.009719
-0.009606
0.101749
0.000683
0.000000
-0.002986
-0.001549
-0.004126
0.000000
0.002700
-0.004384
0.000000
-0.005694
0.000000
-0.019605
0.000340
0.000000
-0.007191
0.000000
-0.004766
0.005207
-0.015431
0.005421
-0.001918
0.000000
-0.005692
0.000000
0.000000
0.000000
0.006826
0.000000
0.000000
0.000000
0.000000
0.000000
0.000000
-0.002681
-0.002939
0.000638
0.000267
-0.005956
0.004162
0.003743
0.004218
-0.001097
0.000000
0.000000
-0.001654
0.002804
-0.003428
0.000000
-0.006521
0.001301
0.000000
-0.003760
-0.011494
-0.009967
-0.001315
0.000000
0.014124
-0.010118
0.005626
-0.000984
0.000000
-0.003282
-0.022976
0.001765
0.002947
-0.014582
0.003185
-0.000328
0.001017
-0.000751
0.000000
-0.002151
0.000000
-0.004127
0.000000
-0.007032
0.007629
0.000000
0.000000
0.000000
0.000000
0.000000
0.000000
0.000000
0.000000
0.000000
0.000000
0.000000
0.000000
0.000000
0.000000
0.000000
0.000000
0.000000
0.000000
0.000000
-0.022384
0.000000
-0.002824
0.000000
0.000000
0.000000
0.000000
0.000000
-0.015077
0.003350
0.002474
-0.004020
0.000000
0.000000
0.000000
0.000000
0.000291
0.000000
0.000000
0.003010
-0.004919
-0.002168
0.000000
0.000000
0.000000
0.000000
0.000000
0.000000
-0.000446
0.000000
0.000000
0.000000
0.000000
0.000000
0.000000
0.000000
0.000000
0.000000
0.000000
0.000000
0.000000
0.000000
0.000000
0.000000
0.000000
0.000000
0.000000
0.000000
0.000000
0.000000
0.000000
0.000000
0.000000
0.000000
0.000000
0.000000
0.000000
0.000000
0.000000
0.000000
0.000000
0.000000
0.000000
0.000000
0.000000
0.000000
0.000000
0.000000
0.000000
0.000000
-0.007979
-0.005205
-0.002973
0.001966
-0.003509
0.000000
-0.000559
0.000891
-0.012338
-0.000378
0.000000
-0.001266
0.000000
-0.004435
-0.009940
-0.002156
-0.003247
-0.001435
-0.004243
-0.001064
0.000000
-0.004716
0.000000
0.000000
0.000000
0.000000
0.000000
0.000000
0.000000
0.000000
0.000000
-0.001628
0.003959
0.010277
0.011385
-0.003857
-0.012497
-0.023236
0.004786
0.000000
0.000000
0.000000
0.000000
0.000000
0.001077
0.000000
0.000000
-0.003894
0.000000
-0.018697
-0.004990
-0.007046
0.002584
0.000688
0.000000
0.000000
0.000000
-0.002094
0.000000
0.008364
0.000000
0.000000
0.000000
0.000582
0.000000
0.000000
0.000000
0.000000
-0.006625
-0.006283
0.020110
0.007059
0.000000
-0.006430
-0.001396
0.000000
0.000000
0.000000
0.000000
0.000000
0.000000
0.010681
-0.008315
0.002724
0.000000
0.000000
0.000000
0.000000
0.000000
0.000000
-0.001164
-0.028519
0.000000
0.000000
-0.012464
0.099394
-0.003037
0.000000
0.000000
-0.007364
-0.012416
0.000000
-0.007058
-0.014972
-0.012461
-0.016432
-0.016916
-0.002123
0.000000
0.000000
-0.000699
0.000000
0.000000
0.000000
0.000000
0.000000
0.000000
-0.007158
0.000000
0.000000
0.000000
0.000000
0.000547
0.000000
0.000000
-0.011829
0.001231
0.000220
0.000000
0.002763
0.011792
-0.001390
0.007082
0.060156
0.000000
0.000000
0.097084
0.010767
0.000678
0.000000
0.000000
-0.007082
-0.011044
0.002818
-0.003479
0.001552
-0.006631
0.054841
0.008216
0.003897
0.000000
0.000000
-0.004742
-0.011391
-0.004883
0.001469
0.000395
0.000000
0.000000
0.000000
0.000000
0.000000
0.000000
0.000000
0.000000
-0.017362
-0.005650
-0.005499
0.057359
0.003643
0.000000
0.003346
-0.001179
-0.000975
0.000000
0.013420
-0.006461
0.002059
0.000000
0.000000
0.000000
0.000000
0.000000
0.000000
-0.007725
0.001984
0.008234
0.000000
0.000000
-0.004988
0.000000
0.000000
0.000000
0.000000
-0.012534
-0.001862
-0.001987
-0.004380
-0.009651
-0.001837
-0.003954
-0.015846
-0.001405
-0.000549
0.000000
0.000000
0.001841
0.000000
0.000000
0.003536
-0.005326
-0.001524
0.000000
0.000000
0.000000
0.000000
0.000000
0.000000
0.000000
0.000000
0.000000
0.000000
0.000000
0.000000
-0.002200
0.001600
0.005121
-0.009808
0.000000
0.000000
-0.006441
-0.000935
-0.003279
0.000000
-0.001812
0.000000
-0.000260
0.006070
-0.000751
0.000000
0.000000
0.000000
0.000000
0.000000
0.000000
-0.003237
0.000672
-0.006166
-0.024075
0.015457
-0.011165
0.000000
-0.034871
-0.006852
-0.005359
0.001069
0.005382
0.000000
0.000000
0.000000
0.000000
-0.000873
-0.003114
0.000000
0.000000
0.000000
0.000000
-0.000374
0.000000
0.000511
0.000000
0.000000
-0.008744
0.003587
0.003613
0.005653
0.000710
0.000000
-0.002877
0.002314
0.000000
-0.000250
0.000000
-0.002554
-0.010714
0.000000
0.000000
0.000000
0.003033
-0.001986
-0.005213
-0.000689
0.003955
0.001180
0.001696
-0.007052
0.000000
-0.000517
0.000427
-0.001184
0.000000
0.000000
-0.022520
-0.009151
-0.004562
-0.007062
-0.000605
-0.006556
0.007343
-0.000683
0.038677
0.004153
-0.007203
-0.001611
0.003312
-0.003980
0.000607
0.005170
-0.001456
0.000000
0.000000
0.000000
0.000000
0.000000
0.001751
0.015514
-0.003530
0.000000
-0.010702
-0.026151
-0.013101
0.007304
0.000000
-0.007870
0.136015
-0.008300
0.000000
-0.004725
-0.012413
0.010876
-0.010202
-0.002936
0.007996
-0.021086
0.009637
0.003068
-0.000865
0.007742
0.001775
-0.006282
0.000000
-0.003185
-0.009981
0.000000
0.000000
0.000000
-0.000138
0.000000
0.000000
0.000000
0.000000
0.000000
-0.006566
0.006087
0.000199
-0.015537
-0.001329
-0.004611
0.000000
0.000000
-0.006591
-0.007229
-0.013961
-0.000821
0.000000
0.000000
0.000000
0.000000
0.000000
0.000000
0.000000
0.000000
0.000000
0.000000
0.000000
0.006763
0.000000
0.000000
0.001511
-0.005768
0.000084
-0.001793
0.027785
0.000000
0.000000
0.000000
0.000000
0.000000
0.000000
0.000000
0.000000
0.000000
0.000000
0.000000
0.000000
0.000000
0.000000
0.000000
-0.000375
0.000000
0.000000
0.000000
0.000000
0.077462
-0.000995
-0.008830
-0.002716
0.000000
0.000000
0.000000
0.000000
0.000000
0.000000
-0.002443
-0.000072
-0.005778
-0.008362
-0.002424
0.000000
0.000000
0.000000
-0.007600
-0.000768
-0.014888
0.000927
-0.000940
-0.003550
0.000000
0.000000
-0.002288
0.000000
0.000000
0.000000
0.000000
0.000000
0.000000
0.000000
0.000076
0.000000
0.000000
0.000000
-0.002051
-0.002328
0.000000
0.000000
0.000000
0.000000
0.000000
0.000000
0.000000
0.000000
0.000000
0.000000
0.006496
0.000000
0.000000
0.000000
0.000000
0.000000
0.000000
0.000000
0.000000
0.000000
0.000000
0.000000
0.000000
0.000000
0.000000
0.000000
-0.000198
-0.004417
-0.012791
0.004971
0.000000
0.008530
0.000000
0.000000
0.000000
0.000000
-0.003518
0.000000
0.000000
0.000000
0.000000
0.000000
0.000000
0.000000
-0.005061
0.007961
0.008964
-0.002402
0.004078
-0.003002
0.000000
-0.002716
0.000647
-0.010907
0.000000
0.000000
0.000000
0.000000
0.000000
0.000000
0.000000
0.000000
-0.004000
0.000000
0.000000
0.000000
0.004149
0.009830
-0.003386
0.000000
0.015981
-0.007312
0.000000
-0.007018
-0.007575
-0.006192
0.000000
0.000000
-0.016809
0.000000
0.000000
0.018326
0.002811
-0.011871
0.007073
-0.006171
0.000000
0.034136
0.000274
0.004060
-0.013691
0.022019
-0.002999
-0.013309
-0.000671
-0.002001
0.000000
0.000000
0.000000
0.000000
0.000000
-0.003666
-0.005104
-0.002909
-0.007475
0.002084
0.009541
-0.002692
0.001531
-0.004937
-0.004145
0.000000
-0.001397
0.000000
0.000000
0.017782
0.004642
-0.013558
0.080194
0.012629
0.000000
0.000000
0.002494
0.006854
-0.004509
-0.002527
0.000000
0.000000
0.000000
0.000000
0.000000
-0.005138
0.000000
0.000000
0.000636
-0.001038
-0.005639
0.009736
-0.011850
-0.000936
-0.003249
-0.000079
0.000000
-0.005229
0.000000
0.000000
0.000000
-0.002259
-0.008595
-0.002976
0.013689
0.000000
0.000000
0.000000
0.000000
0.000000
0.000000
0.000000
0.000000
0.000000
0.000000
0.000000
0.000000
0.000000
0.000000
0.000000
0.000000
0.000000
0.000000
0.000000
0.000000
0.000000
0.000000
0.000000
0.000000
0.000000
0.000000
0.000000
0.013956
0.000000
0.000000
0.000000
0.000000
0.000000
0.000000
0.000000
0.000000
0.000000
0.000000
0.000000
0.000000
0.000000
0.000000
0.000000
0.000000
0.000000
0.000000
0.000000
0.000000
0.000000
0.000000
0.000000
0.000000
0.000000
0.000000
0.000000
0.000000
0.000000
0.000000
0.000000
0.000000
0.000000
0.014860
0.007481
-0.013044
0.000000
0.000000
0.000000
-0.006268
0.000000
0.000000
-0.002679
0.000000
0.000000
0.000000
-0.005222
-0.001989
0.002082
-0.005388
-0.000416
-0.003468
0.019807
-0.011077
-0.002467
-0.015099
0.000000
0.003215
-0.018114
-0.000884
0.000000
0.000000
0.000000
0.000000
0.000000
0.000000
0.000000
0.000000
0.000000
0.000000
0.000000
0.000000
0.000000
0.000000
0.000000
0.000000
0.000000
0.000000
-0.012473
-0.011744
-0.001886
0.000000
0.000000
0.000000
0.000000
0.000000
0.000000
0.000000
0.000000
0.000000
0.000000
0.000000
0.000000
0.000000
0.000000
0.000000
0.000000
0.000000
0.000000
0.000000
0.000000
0.000000
0.000000
0.000000
0.000000
0.000000
0.000000
0.000000
0.000000
0.000000
0.000000
0.000000
0.000000
0.000000
0.000000
0.000000
0.000000
0.000000
0.000000
0.000000
0.000000
0.000000
0.000000
0.000000
0.000000
0.000000
0.000000
0.000000
0.000000
0.000000
0.000000
0.000000
0.000000
0.000000
0.000000
0.000000
0.000000
0.000000
0.000000
0.000000
0.000000
0.000000
0.000000
0.000000
0.000000
0.000000
0.000000
0.000000
0.000000
0.000000
0.000000
0.000000
0.000000
0.000000
0.000000
0.000000
0.000000
0.000000
0.000000
0.000000
0.000000
0.000000
0.000000
0.000000
0.000000
0.000000
0.000000
0.000000
0.000000
0.000000
0.000000
0.000000
0.000000
0.000000
0.000000
0.000000
0.000000
0.000000
0.000000
0.000000
0.000000
0.000000
0.000000
0.000000
0.000000
0.000000
0.000000
0.000000
0.000000
0.000000
0.000000
0.000000
0.000000
0.000000
0.000000
0.000000
0.000000
0.000000
0.000000
0.000000
0.000000
0.000000
0.000000
0.000000
0.000000
0.000000
0.000000
0.000000
0.000000
0.000000
0.000000
0.000000
0.000000
0.000000
0.000000
0.000000
0.000000
0.000000
-0.014075
0.000786
0.000000
0.000852
0.000000
0.000000
0.034447
0.000000
0.000000
0.001227
0.000000
0.000000
-0.001423
-0.004436
-0.004246
-0.006521
0.029835
0.011325
0.007329
0.000000
0.000000
0.000000
0.000000
0.000000
0.000000
0.000000
0.000000
0.000000
0.000000
0.000000
0.000000
0.000000
0.000000
-0.009217
0.000000
0.000000
0.000000
0.000000
0.000000
0.000000
-0.005772
-0.002654
0.001924
-0.001182
0.004070
-0.006591
-0.016979
0.000000
0.013833
0.000000
0.000000
0.002940
-0.002958
0.008093
-0.012499
-0.020447
0.001363
-0.002006
-0.010126
-0.014002
-0.010240
0.006031
-0.004960
-0.002876
0.001563
0.000000
0.000000
0.000000
0.000000
0.000000
0.000000
0.000000
0.000000
0.000000
0.000000
0.000000
0.000000
0.000000
0.000000
0.000000
0.000000
0.000000
0.000000
0.000000
0.000000
0.000000
0.000000
0.000000
0.000000
0.000000
0.000000
0.000000
0.000000
0.000000
0.000000
0.000000
0.000000
0.000000
0.000000
0.000000
0.000000
0.000000
0.000000
0.000000
0.000000
0.000000
0.000000
0.000000
0.000000
0.000000
0.000000
0.000000
0.000000
0.000000
0.000000
0.000000
-0.002734
-0.000184
0.000000
0.004186
0.011417
-0.000555
-0.006491
-0.003309
-0.004531
-0.002550
0.000000
0.000000
-0.013011
0.006968
-0.010001
-0.015539
0.001402
0.002786
-0.003801
-0.002306
0.000734
0.000000
-0.009614
-0.022108
-0.003632
-0.009223
0.000000
-0.002622
-0.011118
0.020970
-0.005524
-0.004873
0.009729
-0.001932
0.001190
0.001284
0.010012
0.001727
0.000000
0.005724
-0.006480
0.004643
0.000965
-0.005796
0.000000
-0.001694
-0.007575
0.000000
0.000000
0.000000
0.000000
-0.011677
0.000000
0.000000
0.000000
0.000000
0.000000
0.000000
0.000000
0.007003
-0.001981
-0.000712
0.000373
0.000000
-0.000257
0.002755
0.007790
-0.001319
-0.009845
-0.004331
-0.010515
0.000000
-0.014277
-0.001288
0.000000
-0.004968
-0.009978
-0.002125
-0.001139
0.000000
0.010467
0.013111
0.000000
0.000000
-0.000249
-0.012262
-0.004894
-0.003911
-0.002648
-0.004087
0.000000
-0.003705
-0.000810
0.000000
0.000000
0.000000
-0.001591
0.009061
-0.013183
0.000000
-0.012136
0.002830
-0.006066
0.038302
0.002863
0.000000
0.000000
0.000000
0.000000
0.000000
0.000000
0.000000
0.000000
0.000000
0.000000
0.000000
0.000000
0.000000
0.000000
0.000000
0.000000
0.000000
0.000000
0.000000
0.000000
0.000000
0.000000
0.000000
0.000000
0.000000
0.000000
0.000000
0.000000
0.000000
0.000000
0.000000
0.000000
0.000000
0.000000
0.000000
0.000000
0.000000
0.000000
0.000000
0.000000
0.000000
0.000000
0.000000
-0.001802
-0.006194
0.112669
-0.001357
0.000000
-0.002119
-0.003545
-0.002642
0.000000
0.000000
0.000000
0.000000
0.000000
0.000000
0.000000
0.000000
0.000000
0.000000
0.000000
0.000000
0.000000
0.000000
0.000000
0.000000
0.000000
0.000000
0.000000
0.000000
0.000000
0.000000
0.000000
0.000000
-0.004430
-0.012028
-0.002435
-0.003309
0.005945
-0.009337
0.000000
-0.021716
0.000000
0.000000
0.000000
-0.003209
-0.005882
-0.000123
-0.004437
0.020634
0.003807
0.005089
-0.014005
0.000000
0.000000
0.000000
-0.004392
-0.002685
0.000000
0.000000
0.000000
0.000000
0.000000
-0.000104
0.003902
-0.006116
-0.003856
0.000000
0.000000
-0.008354
-0.004592
-0.005921
-0.000939
-0.004604
0.000000
0.000000
0.000000
0.000000
-0.027893
-0.000683
0.004909
-0.007040
-0.004778
-0.010100
-0.009791
-0.005906
0.000000
0.000000
0.003239
-0.008849
-0.001974
0.000000
-0.013499
-0.002528
-0.003938
-0.004259
-0.003026
0.000528
0.001271
0.000000
0.000000
0.000974
0.007442
0.000000
0.000000
0.000000
0.000000
0.000000
0.000000
0.000000
0.000000
0.000000
0.000000
0.000000
0.000000
0.000000
0.000000
0.000000
0.000000
0.000000
0.000000
0.000000
0.000000
0.000000
0.000000
0.000000
0.000000
0.000000
0.001886
0.000000
0.000000
-0.015710
0.001305
0.000000
0.000000
-0.005683
-0.000355
0.000000
0.004699
-0.002500
0.000000
0.000000
0.007346
-0.003875
-0.000512
0.005875
0.001691
-0.011684
0.005363
-0.008672
0.000440
0.000000
0.000000
0.000000
0.000792
0.000227
-0.003836
-0.007710
0.000000
0.000000
0.000000
0.041424
-0.000764
-0.004174
0.000000
0.004439
0.000000
-0.007141
0.012084
0.065307
0.166330
0.055438
-0.009458
-0.003162
0.021417
0.000655
-0.002198
0.001029
-0.005841
0.002366
0.000000
0.000000
0.000000
0.000000
0.000000
0.000000
0.000000
-0.002039
0.005521
0.000000
-0.014956
0.022901
0.000000
0.000000
-0.002422
0.018305
-0.000346
0.000999
0.000000
0.000000
-0.003223
0.000000
-0.000764
0.003409
-0.001656
-0.009925
-0.028191
0.003366
0.000000
-0.004532
0.000000
0.007110
-0.000259
-0.013936
0.004631
-0.002799
-0.023605
0.000478
-0.016505
-0.003928
-0.004338
0.001445
0.000000
-0.017687
-0.003386
-0.015995
0.000000
-0.004267
-0.000290
0.005572
0.032656
0.044665
-0.008043
0.000000
0.000000
-0.005359
-0.020650
-0.006335
-0.000764
0.000000
0.000000
0.000000
-0.003528
0.000000
0.000000
0.019497
-0.004267
0.001999
0.000000
-0.000378
-0.004907
-0.003146
0.000000
0.000000
0.000000
0.000000
-0.001833
-0.001965
0.002575
0.000849
-0.002709
0.000000
0.003039
0.002287
0.000000
0.000000
0.004084
0.000000
0.000000
0.000000
-0.005178
0.020474
-0.011301
-0.004798
-0.003810
0.007876
-0.004800
0.001523
0.002866
0.011670
-0.004275
0.003094
0.005108
0.041989
-0.000712
-0.002616
0.004841
0.000000
0.000000
0.000000
0.000000
0.000000
0.000000
-0.002637
-0.010069
0.037362
-0.009554
0.003617
-0.035296
0.000000
-0.056156
-0.019975
-0.003528
0.000000
0.000000
-0.002932
-0.001534
-0.005226
-0.009644
-0.008568
-0.001186
-0.005703
-0.001062
-0.002223
0.000000
0.000000
0.000000
0.000000
0.000000
0.000000
0.000000
0.000000
0.000000
0.000000
0.000000
0.000000
0.000000
0.000000
0.000000
0.000000
0.000000
0.000000
0.000000
-0.001009
0.000000
0.000980
0.000366
-0.004439
0.008411
0.000000
0.000000
0.000000
0.000000
0.000000
0.000000
0.000000
0.000000
0.000000
0.000000
0.011936
0.095055
0.000000
0.006439
-0.004636
0.012935
0.003589
0.002570
-0.007952
0.000000
0.000000
0.000000
0.000000
0.000000
-0.009017
0.018634
0.032479
0.000000
0.000000
0.000000
0.016356
0.004465
0.002607
0.001399
0.000000
-0.005036
0.005081
0.000000
-0.021789
-0.002532
0.000350
-0.002326
-0.008303
-0.009420
-0.000721
0.000000
-0.003123
0.000000
0.000000
0.000000
0.000000
0.000000
0.000000
0.000000
0.000000
0.000000
0.000000
0.000000
0.000000
0.002619
0.000932
-0.001054
0.000000
0.000000
0.000000
0.000000
-0.007363
0.000000
-0.003194
0.000000
0.000000
0.000000
0.000000
0.000000
0.000000
0.000000
0.000000
0.000000
0.000000
0.000000
0.000000
0.000344
0.000863
0.000000
0.001280
0.000000
-0.006593
-0.000812
0.004138
-0.001030
0.000000
-0.004907
-0.039900
0.019839
0.005541
-0.009947
0.000694
0.000000
0.000000
0.000000
0.000000
0.007459
0.001408
0.000000
-0.000340
0.000000
0.000000
0.000000
-0.005386
-0.005465
0.002633
0.000000
0.001256
0.016223
-0.003273
-0.005265
0.000000
0.010044
0.000000
0.000000
0.010888
0.000000
-0.001265
-0.005420
0.006036
-0.008440
-0.000252
0.000000
0.000000
0.000000
0.000000
0.000000
0.000000
0.000000
0.000000
0.000000
0.000000
0.000000
0.000000
0.000000
0.000000
0.000000
0.000000
0.000000
0.000000
0.000000
0.000000
0.000000
0.000000
0.000000
0.000000
0.000000
0.000000
0.000000
0.000000
0.000000
0.000000
-0.010314
0.008929
-0.001323
0.000000
0.000000
0.000000
0.000000
0.000000
0.000000
0.000000
0.000000
0.000000
0.000000
0.002866
0.004477
0.000000
0.000000
0.000486
0.000000
0.000000
-0.000197
-0.003974
-0.000491
0.016838
-0.006388
-0.007074
0.014002
-0.014429
-0.012856
0.008960
-0.006850
0.007441
-0.004913
-0.019675
0.000000
-0.000437
0.000000
0.000000
0.000000
0.000000
0.027336
-0.002668
-0.010183
-0.007503
-0.000371
0.000000
0.000000
0.000000
-0.009944
-0.002968
-0.007494
0.000000
0.000000
0.000000
0.000411
-0.013053
-0.051008
0.001810
0.016348
-0.002067
0.043211
-0.001480
-0.007748
-0.006292
-0.002604
0.000000
0.000000
0.000000
0.000000
0.000000
0.000000
0.000000
0.000000
0.000000
0.000000
0.000000
0.000000
-0.010244
0.000000
0.000000
0.000000
0.006542
0.000000
0.000000
-0.006358
0.000000
-0.003055
0.000000
0.041913
0.000000
0.000000
-0.004806
0.000000
0.000000
0.000000
-0.001546
0.000000
0.000000
0.000000
0.000000
0.000000
0.000951
-0.009839
-0.003074
0.000000
0.000000
-0.008450
0.000000
0.000000
0.000000
0.000000
0.000000
0.000000
0.000000
0.001012
-0.003000
0.022821
-0.005601
-0.000654
0.000000
-0.000705
-0.004127
-0.002304
0.000846
-0.015290
-0.001188
-0.000194
-0.002842
0.000000
0.000000
0.000000
0.000000
-0.001496
-0.005708
-0.001635
0.000000
0.000000
0.000000
0.000000
0.000000
0.000000
0.000000
-0.023677
-0.005040
-0.006897
0.000854
-0.008664
0.005731
-0.004142
-0.005535
-0.000044
-0.001273
0.000000
-0.015477
-0.004415
-0.007356
0.000000
-0.001475
-0.016435
0.000000
0.007300
0.000000
-0.029702
0.021261
0.003929
0.045929
0.000000
0.000000
0.037757
-0.006509
-0.003097
-0.026238
-0.003025
0.378466
-0.001027
0.000000
0.000000
0.000000
0.000000
0.000000
0.000000
0.000000
0.000000
0.000000
0.000000
0.000000
0.000000
0.000000
0.000000
0.000000
0.000000
0.000000
0.000000
0.000000
0.000000
0.000000
0.000000
0.000000
0.000000
0.000000
0.000000
0.000000
0.000000
0.000000
0.000000
0.000000
0.000000
-0.013885
-0.005879
-0.010947
-0.003602
0.001403
-0.005859
-0.008860
-0.002218
0.000000
0.000000
0.000087
-0.001643
-0.018630
0.004919
-0.007640
-0.003117
-0.028885
0.010337
-0.004859
-0.004861
0.000000
0.000000
0.000000
0.000000
0.000000
0.000000
-0.011818
0.002167
0.016180
0.000000
0.000000
-0.000254
-0.002942
-0.006729
0.012392
0.000000
0.000000
0.000000
-0.005049
0.000000
0.000000
-0.012955
0.001559
0.000000
-0.013570
0.014226
0.020177
0.000000
-0.014147
-0.003327
-0.009626
-0.008212
-0.001457
0.004373
-0.001326
-0.007609
0.005054
-0.007935
0.002129
-0.010953
-0.016700
-0.004182
-0.003105
0.015379
-0.005332
-0.001957
-0.001872
-0.006598
0.011123
0.000000
-0.002027
0.000000
-0.007322
0.037145
0.000000
-0.003572
-0.005351
0.060832
0.007824
-0.013746
-0.005408
0.008677
-0.006221
0.000000
0.000000
-0.002849
0.003949
-0.006036
0.001366
0.000000
0.000000
0.000000
-0.027973
-0.009193
-0.001095
-0.007165
-0.003920
0.000817
0.113892
0.144801
0.000000
0.005923
-0.011018
-0.003139
0.002326
0.000686
0.000000
0.000000
0.000000
-0.003570
0.001809
-0.010233
-0.008433
0.014029
0.009784
-0.000589
-0.005484
-0.004590
-0.004216
-0.003278
0.000034
0.000785
-0.003558
-0.003217
0.000000
0.000000
0.017906
-0.018059
-0.006469
-0.002085
0.000000
0.000000
0.000000
0.000000
0.000000
0.000000
0.000000
0.000000
0.000000
0.000000
0.000000
0.000000
0.000000
0.000000
-0.004880
0.022028
-0.005304
-0.003666
0.000000
0.000000
-0.014246
-0.002385
-0.004594
0.000000
0.000000
-0.042115
-0.016587
-0.002900
-0.019695
-0.000634
-0.001687
0.000000
0.000000
0.000000
0.000000
0.000000
0.000820
-0.002895
-0.003097
0.005116
0.000000
0.013966
-0.001618
0.000000
0.000000
0.000000
0.000000
0.000000
0.000000
0.000000
0.000000
0.000000
0.000000
0.000000
-0.002629
-0.010043
-0.000693
0.001352
-0.006136
0.003603
0.001597
-0.012443
-0.001788
0.001429
-0.003928
-0.009318
-0.000895
0.001773
0.000000
0.000000
0.000000
0.007020
-0.007752
0.000000
-0.009779
-0.008388
0.000000
-0.010898
-0.008915
0.036884
-0.017870
-0.005286
0.000000
0.000000
-0.011292
0.000000
0.012449
0.020254
0.004213
0.035120
-0.002672
-0.005223
0.000000
0.000000
0.000000
0.000000
0.000000
0.000000
0.000000
0.000000
0.000000
0.000000
0.000000
0.000000
-0.009131
-0.005138
0.000000
0.000000
0.000000
0.038313
-0.002487
-0.017744
0.000000
-0.008100
0.001163
0.000000
0.000000
0.000000
0.000000
0.000000
0.000000
0.000000
0.000000
0.000000
0.000000
0.000000
0.000000
0.000000
0.000000
0.000000
0.000000
0.000000
0.000000
0.000000
0.000000
0.000000
0.000000
0.000000
0.000000
0.000000
0.000000
0.000000
0.000000
0.000000
0.000000
0.000000
0.000000
0.000000
0.000000
0.000000
0.000000
0.000000
0.000000
0.000000
0.000000
0.000000
0.000000
0.000000
0.000000
0.000000
0.000000
0.000000
0.000000
0.000000
0.000000
0.000000
0.000000
0.000000
0.000000
0.000000
0.000000
0.000000
0.000000
0.000000
0.000000
0.000000
0.000000
0.000000
0.000000
0.000000
0.000000
0.000000
0.000000
0.000000
0.000000
0.000000
0.000000
-0.002531
0.000000
0.000577
-0.009488
-0.003580
0.002244
0.000000
-0.017594
-0.000853
-0.001482
0.057831
-0.006256
0.000000
-0.003056
0.006541
-0.001341
-0.001091
-0.003942
0.012391
0.001061
-0.001341
0.002328
0.000000
0.000000
-0.000036
0.003576
0.000000
0.000000
0.000000
-0.024682
0.000697
0.000000
0.000000
0.037688
-0.003145
0.001231
-0.005467
0.000000
-0.006684
-0.023914
-0.017205
-0.009972
0.008651
0.002727
-0.014277
-0.007833
-0.007019
0.000000
0.000000
0.000000
0.000000
0.000000
0.000000
0.005945
0.002350
0.000000
-0.013919
-0.005011
0.000000
0.000000
0.000000
0.010804
-0.001245
-0.006061
-0.001362
0.000000
0.007494
-0.019953
-0.016192
-0.006157
-0.003795
0.000000
0.000000
0.024303
0.000000
0.000000
0.000000
0.000000
0.000000
0.000000
0.000000
0.000000
0.000000
0.000000
0.000000
0.000000
0.000000
-0.003785
0.000000
0.000000
0.000000
0.000000
0.000000
-0.002629
0.006631
-0.004628
-0.000731
-0.006555
0.000000
0.000000
0.000000
0.000000
-0.011180
0.000000
0.000000
-0.028712
-0.001403
0.005767
0.001914
0.000000
-0.021671
-0.008838
-0.011441
-0.000117
0.000000
0.011443
-0.033948
0.004342
-0.001440
0.003935
0.000000
0.000000
0.000000
0.000000
0.000000
0.000000
0.000000
0.000000
0.000000
0.000000
-0.007293
0.001199
-0.012343
-0.007381
0.000000
0.000000
0.000000
-0.004178
-0.000456
-0.008951
0.004948
-0.010557
0.007437
-0.003704
0.000000
0.005004
-0.003683
0.003583
0.000000
0.000000
0.000000
0.000000
0.000000
0.000000
0.000000
0.000000
0.000000
0.000000
0.000000
0.000000
0.000000
0.000000
0.000000
0.000000
0.000000
0.000000
0.000000
0.000000
0.000000
0.000000
-0.003793
0.000000
0.000000
0.019589
0.000000
-0.007503
-0.001303
-0.005382
-0.001796
0.000000
0.000000
0.000000
0.000000
0.000000
0.000000
0.000000
0.000000
0.000000
0.001723
0.000000
0.000000
0.000000
0.000000
0.000000
0.079759
-0.007371
-0.001688
-0.000106
0.000000
0.000000
-0.011596
0.005797
-0.003803
0.000533
0.000000
-0.004223
0.000000
-0.018733
0.000811
0.001282
0.000000
0.000000
0.000000
-0.004217
-0.009567
0.003807
0.000000
0.039677
0.083725
0.185700
-0.002432
0.001815
0.000000
0.000000
0.000000
0.000000
0.000000
0.000000
0.000000
0.000000
0.000000
0.000000
0.000000
0.000000
0.000000
0.000000
0.000000
0.000000
0.000000
0.000000
0.000000
0.000000
0.000000
0.000000
0.000000
0.000000
0.000000
0.000000
0.000000
0.000000
0.000000
0.000000
0.000000
0.000000
0.000000
0.000000
0.000000
0.000000
0.000000
0.000000
0.000000
0.000000
0.000000
0.000000
0.000000
0.000000
0.000000
0.000000
0.000000
0.000000
0.000000
0.000000
0.000000
0.000000
0.000000
0.000000
0.000000
0.000000
0.000000
0.000000
0.000000
0.000000
0.000000
0.000000
0.000000
0.000000
0.000000
0.000000
0.000000
0.000000
0.000000
0.000000
0.000000
0.000000
0.000000
0.000000
0.000000
0.000000
0.000000
0.000000
0.000000
0.000000
0.000000
0.000000
0.000000
0.000000
0.000000
0.013583
0.000000
0.000000
-0.004489
-0.007170
-0.004568
-0.002459
-0.001962
0.000000
-0.001887
0.000000
-0.032714
0.000000
0.000000
0.000000
0.000000
0.000000
0.000000
0.000000
0.000000
0.000000
0.000000
0.000000
0.000000
0.000000
0.000000
0.000000
0.000000
0.000000
0.036367
-0.012191
0.002853
0.000000
-0.003085
0.000000
-0.008305
0.007199
-0.008584
-0.004401
0.012178
-0.000128
0.006304
0.000000
0.000000
0.000000
0.000000
-0.022620
0.001487
-0.001177
0.000000
0.000000
0.000000
0.000000
0.000000
0.000000
0.000000
0.000000
0.000000
0.000000
0.000000
0.000000
0.000000
0.000000
0.000000
0.000000
0.000000
0.000000
0.000000
0.000000
0.000000
0.000000
0.000000
0.000000
0.000000
0.000000
0.000000
0.000000
0.000000
0.000000
0.000000
-0.002351
-0.001404
0.000000
0.000000
0.000000
0.000000
0.000000
0.000000
0.000000
0.000000
0.000000
0.000000
0.008664
-0.001800
-0.003913
0.000000
0.000000
0.000000
0.000000
0.000000
0.000000
0.000000
0.048229
0.000000
0.000000
0.000000
0.029137
0.000000
0.000000
0.000000
0.000000
0.000000
-0.010524
0.000000
0.000000
0.000000
0.003242
0.002814
-0.005333
-0.014006
0.000000
-0.016478
-0.016439
0.000000
0.000000
0.000000
0.000000
0.000000
0.000000
0.000000
0.000000
0.000000
0.000000
0.000000
0.000000
-0.004977
-0.009232
0.000000
-0.013905
-0.006297
-0.008699
-0.008815
-0.006754
0.000000
-0.002240
0.000000
0.000000
0.006718
-0.001945
0.000000
-0.001307
0.004546
-0.003198
0.000000
-0.003114
0.003244
-0.002004
0.000005
-0.016865
-0.001977
0.001053
-0.031616
0.001748
-0.015353
-0.006729
-0.006530
0.000000
0.000000
-0.001706
0.000000
-0.004463
0.003430
-0.002797
0.000000
0.000000
0.000000
0.000000
0.000000
0.000000
-0.003827
0.000000
0.000000
0.000000
0.000000
0.000000
0.000000
0.000000
0.000000
0.000000
0.000000
0.000000
0.000000
0.000000
0.000000
0.000000
-0.004641
-0.004305
0.000000
0.019242
0.000377
-0.003937
0.002925
0.000000
-0.005213
0.004591
0.000000
0.000000
0.000000
0.000000
0.000000
0.000933
0.000000
0.000000
-0.002803
0.000000
0.000000
0.000000
0.000000
0.000000
0.000000
0.000000
0.008097
-0.005277
-0.006786
0.000000
-0.003270
0.000000
-0.008249
-0.013021
-0.003854
-0.001775
0.011912
0.022748
0.000000
0.000000
0.000000
0.000000
-0.002612
-0.005185
-0.004791
-0.010467
0.000566
0.002040
0.054305
0.046402
-0.005869
-0.000682
-0.002060
-0.002894
-0.014820
0.003279
-0.007677
0.000000
-0.002574
0.000881
-0.011619
-0.018297
-0.004987
0.000000
0.000000
0.000000
0.000000
0.000000
-0.016088
-0.004523
0.034537
-0.001171
0.000057
-0.002995
-0.001905
0.000000
-0.007293
0.002117
0.000000
0.000000
0.002250
0.000000
-0.003299
0.000000
-0.003613
0.000000
0.000486
-0.018462
-0.005196
0.000070
0.059651
0.000000
0.000000
0.000000
-0.000903
0.000000
0.000000
-0.005593
-0.013213
-0.011350
-0.003466
-0.009323
-0.004599
-0.005884
-0.005352
0.000000
0.000000
0.000000
-0.003961
-0.000410
-0.002772
0.000000
-0.006071
-0.001990
0.000000
0.000000
0.000000
0.000000
0.000000
0.000000
0.000000
0.000000
0.000000
0.002350
-0.002544
-0.003713
-0.002379
-0.003529
-0.005392
-0.004581
0.000000
0.000000
0.000000
-0.004402
0.000000
0.000000
-0.005762
0.004169
0.005513
-0.012353
-0.013707
0.036034
0.000000
0.000000
0.000000
0.000000
0.004203
0.005125
0.000000
0.000000
0.000000
-0.005770
0.002855
-0.008803
0.000000
0.000000
0.000000
0.000000
0.004831
0.000581
-0.001657
-0.010605
0.004655
0.000000
0.000000
0.000000
-0.003452
-0.009731
0.000000
-0.007699
0.000676
-0.010963
-0.003076
-0.003951
-0.005951
0.000000
0.000000
0.000000
0.000000
0.000000
-0.006341
0.000000
0.000000
-0.011959
-0.005474
-0.000541
-0.007134
-0.000065
0.004129
-0.019920
-0.006176
-0.031615
0.050668
-0.002152
0.009730
0.008014
-0.037323
-0.004097
-0.003173
0.005329
-0.008657
0.000410
-0.005616
-0.005928
0.008511
0.000000
0.000000
0.000000
-0.017087
-0.005307
-0.003279
0.001480
-0.001956
0.001040
0.001732
-0.009878
-0.003880
0.008411
-0.003243
0.000000
0.000000
0.000000
0.000000
0.010926
-0.006096
0.000000
0.000000
0.000000
0.000000
-0.001599
-0.009286
0.000141
-0.001281
0.003772
0.000000
0.000000
-0.024826
0.061500
0.006404
0.061714
-0.003336
0.016445
-0.002527
0.000000
0.000000
0.000000
-0.003120
0.005053
-0.003328
0.000000
0.000000
-0.004350
-0.005424
0.018647
-0.000101
-0.031329
-0.011106
-0.003909
0.000000
-0.005688
0.000000
0.000000
0.005978
-0.007669
0.000000
0.000000
0.000000
0.087638
-0.012595
-0.016448
-0.010782
0.000000
-0.000458
-0.002123
-0.002896
0.053759
-0.007816
0.005724
-0.001115
0.000000
0.006234
0.019760
0.000000
0.053452
0.000000
-0.004110
0.054429
0.022617
0.080137
0.027582
0.000438
0.000000
-0.008571
0.000000
0.000046
-0.022584
-0.008421
0.010669
0.003704
0.002827
0.002164
-0.003030
-0.016208
0.000000
0.008771
0.026574
0.000317
-0.003464
-0.013758
0.002341
-0.000562
0.000000
0.000000
-0.001362
0.007148
0.000000
-0.020399
-0.003463
-0.018020
-0.005343
0.000000
-0.016970
0.014762
-0.014942
-0.003383
0.000055
0.000725
-0.002349
-0.001156
-0.012904
0.113025
-0.002973
-0.010314
-0.002839
0.000000
0.000000
0.000000
0.000000
0.029003
0.001709
0.009848
-0.001779
0.005761
0.001259
-0.006104
-0.007500
0.000000
0.000000
0.000000
0.000000
0.000000
0.000000
0.000054
-0.004053
0.006921
-0.001278
0.000000
-0.000281
0.000000
0.000000
0.008433
-0.001169
0.000000
0.000000
-0.000068
-0.000833
0.000000
0.000000
0.000000
0.000000
0.041384
0.000000
0.000958
-0.000364
0.000000
-0.004848
-0.004880
-0.001030
-0.012534
-0.000488
0.000000
0.000000
-0.002979
0.000000
-0.013318
-0.009256
0.017509
-0.023644
-0.006071
-0.006930
-0.005322
-0.021734
0.008275
0.000000
0.000000
-0.004187
0.001937
-0.002617
0.000496
-0.000894
-0.001775
0.000000
0.000000
0.000000
0.000000
0.000000
0.000000
0.000000
0.000000
0.000000
0.000000
0.000000
0.000000
-0.006056
-0.026105
-0.001097
-0.007450
0.004501
0.002582
-0.003752
-0.024269
-0.023650
-0.021791
0.000057
0.000000
-0.005688
-0.012626
-0.002997
-0.006538
-0.009956
-0.001806
0.000000
0.000000
0.000000
0.000000
-0.008883
0.000301
-0.007178
0.023931
-0.011096
0.046203
0.006472
0.015926
0.010217
0.017056
-0.003410
-0.034700
-0.000321
0.000000
-0.030712
-0.007046
0.014020
-0.012207
-0.003227
-0.008418
-0.003619
-0.001661
-0.003074
0.000413
0.000000
-0.003036
0.020988
0.000000
-0.006237
-0.012527
-0.002011
-0.015349
-0.008465
0.005525
0.000296
0.000000
0.000000
0.000000
0.000000
0.000000
0.000000
-0.006383
-0.004330
-0.006958
0.013713
0.002796
0.001994
-0.009891
-0.016588
-0.000355
-0.010871
0.000114
-0.001925
0.000000
0.000000
0.000000
-0.004677
-0.000654
0.026131
-0.003539
0.009304
0.000168
-0.019502
-0.008953
0.000496
0.006170
-0.004954
-0.050120
0.007572
-0.000454
0.009277
-0.005997
-0.000975
0.000000
0.001352
0.000000
-0.006071
-0.021624
0.000000
0.000798
0.000000
0.000000
-0.008789
0.000000
-0.002842
0.000000
0.000000
-0.004493
0.000000
0.000000
0.000000
0.000000
0.000000
0.000000
0.000000
0.000000
0.006507
-0.002774
0.000000
-0.003232
-0.000195
-0.002579
0.000000
0.000000
-0.001628
-0.001119
-0.005192
-0.005672
-0.006906
-0.012503
0.000000
-0.011244
-0.001866
-0.013448
-0.007192
-0.003702
0.002408
0.000000
0.003944
-0.006280
-0.000215
-0.006854
-0.000931
0.000000
0.001223
-0.007135
0.000000
0.002629
0.005964
-0.004205
-0.003338
-0.006103
-0.000022
-0.012765
0.089827
-0.005549
-0.004030
0.008969
0.046905
0.030029
-0.005436
0.000000
0.000000
-0.010046
0.110632
-0.010264
-0.006534
-0.005395
-0.008749
-0.001525
0.000000
0.000000
-0.003415
-0.003605
0.060974
-0.001072
-0.003352
0.000000
0.000000
0.000000
-0.001397
0.000000
-0.002119
-0.000405
-0.000365
-0.011934
0.000000
-0.013967
-0.005186
-0.002752
-0.001900
-0.008669
-0.010897
0.007252
-0.007031
0.000000
0.000000
-0.002200
-0.003112
-0.002452
-0.001518
-0.004048
0.000000
0.000000
0.000000
-0.003102
-0.000299
-0.004736
0.118056
0.083112
0.103478
0.000000
0.000000
-0.012171
0.001720
-0.007050
-0.010679
-0.002392
0.009540
-0.001987
-0.026269
-0.011610
-0.009539
0.012021
-0.001397
0.000000
0.000000
0.000000
0.000000
-0.004123
0.000000
0.000000
-0.007894
-0.002910
-0.000236
0.031207
-0.009307
-0.000115
0.000000
-0.004891
-0.007886
-0.024685
-0.005379
0.000000
0.001039
-0.002963
-0.015416
-0.000282
0.001940
-0.018457
-0.003469
-0.060943
0.007550
-0.009817
0.007350
0.004275
-0.010499
-0.007102
0.003939
0.046039
-0.032220
0.125850
0.000000
0.000000
0.103902
0.002199
0.002736
0.005881
-0.013125
0.000000
-0.000230
0.000000
0.000000
-0.004541
0.017442
-0.005702
-0.002514
-0.003541
-0.000771
0.000000
0.000000
0.002534
-0.006816
-0.010997
0.005864
0.006049
0.000462
0.007749
0.012438
-0.003410
-0.019587
0.000726
-0.002279
-0.018737
-0.004564
0.005337
-0.014123
-0.007503
-0.000309
0.000000
0.000000
0.000000
-0.006224
-0.009798
-0.020126
-0.004515
0.004721
0.001800
0.003280
0.000000
-0.003567
0.000000
-0.010079
0.002566
-0.027381
-0.003789
-0.030491
-0.003823
-0.004991
0.000000
-0.006829
0.012302
-0.005915
0.000270
0.000000
0.000000
0.000000
0.000000
0.000000
0.000000
0.000000
0.000000
-0.000040
-0.008772
0.000000
0.000000
-0.001984
0.000000
0.000000
0.000000
-0.001987
-0.006527
0.000000
0.000000
-0.014350
0.006416
0.005877
-0.000196
-0.008090
-0.008031
-0.004932
0.000726
0.000031
-0.007398
0.002182
0.000000
-0.008163
0.004521
-0.015040
-0.001175
0.014807
-0.005519
-0.008036
0.000177
-0.007807
0.006243
0.000000
0.000000
0.000000
0.000000
0.000000
0.002262
0.004690
0.000122
0.000000
0.002209
-0.002362
-0.003592
0.000000
0.005358
-0.006721
0.013612
0.027655
0.077483
0.000000
-0.000471
-0.012257
0.000000
-0.004601
-0.003510
0.000000
0.000000
-0.014981
-0.003439
-0.008238
-0.001585
-0.009613
0.006255
-0.001687
0.003851
0.007922
-0.003882
0.008690
-0.001870
0.000000
0.000000
-0.001365
0.000000
0.000000
0.000000
0.000000
-0.001673
0.000000
-0.001891
-0.003504
0.019679
-0.017949
0.023421
0.003103
0.353740
-0.005129
0.051315
-0.000497
0.003593
0.000000
-0.005104
0.017648
0.000000
0.001048
0.000000
0.000000
0.000000
0.000000
0.000000
0.000000
0.000000
0.000000
0.000000
0.000000
0.000000
0.000000
0.000000
0.000000
0.000000
0.000000
0.000000
-0.005574
-0.002562
0.010920
0.004241
0.000460
0.000000
0.002978
-0.009790
-0.009175
-0.004409
-0.000351
0.001211
-0.007705
-0.016283
0.000000
0.008265
0.000000
0.002684
-0.001519
-0.008710
0.056328
0.000159
-0.004647
0.029784
0.000000
0.000000
0.014282
-0.003893
-0.006938
0.000000
-0.002644
-0.002463
0.011677
0.001836
0.039007
-0.002121
-0.002752
-0.004649
-0.005528
-0.005150
0.000165
0.000000
0.000000
0.000000
0.001870
0.008008
0.000000
0.000000
-0.001481
-0.032218
0.001504
0.000000
-0.010290
0.000219
-0.008261
-0.004043
-0.016448
-0.002911
-0.012860
-0.005504
-0.027264
-0.011001
0.009467
0.088933
0.001067
0.000000
0.000000
0.000000
-0.004491
-0.020229
-0.001936
-0.000749
-0.020977
0.013698
0.000000
0.002759
0.000000
-0.006893
-0.004611
0.004023
0.007995
0.023549
0.000000
0.000000
0.000000
-0.026764
-0.004511
0.022072
-0.005012
0.000000
-0.005774
0.000000
0.000000
0.000000
-0.019467
-0.012568
-0.021504
-0.002898
0.004370
-0.006971
-0.003842
0.000000
0.000000
-0.012509
-0.007704
-0.005072
-0.000354
-0.007315
-0.002235
-0.009477
-0.003037
0.001062
0.000000
0.000000
-0.004140
0.028056
0.000000
0.000000
0.001911
-0.000198
-0.009808
0.108294
0.000000
0.000000
-0.007148
-0.000837
0.000000
0.000000
0.000000
0.000000
0.000000
-0.002457
0.000000
-0.013224
-0.005379
0.000000
0.000000
0.000000
-0.004313
-0.003294
-0.007381
0.000000
0.000000
0.000000
0.000000
-0.002593
0.032570
0.005494
-0.004142
0.000000
-0.009481
0.001517
-0.004657
0.000000
0.000000
0.000000
0.003933
0.001090
0.000000
-0.004901
0.000000
0.000000
-0.004520
-0.000827
-0.005745
0.000000
-0.000071
-0.001936
0.000000
-0.000256
-0.001739
-0.001752
0.000000
0.000000
0.000000
-0.009004
-0.008602
0.000000
0.001302
0.000000
0.000000
-0.005043
0.000000
-0.001433
0.000000
-0.002569
0.000000
-0.006565
-0.008337
-0.002820
0.015707
-0.003573
-0.005228
-0.001613
-0.013553
0.037016
-0.014308
-0.003290
-0.005059
0.000777
-0.002251
0.000000
0.000000
0.000000
0.000000
0.000000
0.000000
0.000000
0.000000
0.000000
-0.014001
0.000000
-0.015013
0.000778
-0.005237
0.002418
-0.001536
-0.007179
0.000318
0.008143
-0.000022
0.000000
-0.003747
-0.000132
0.000000
0.000000
-0.007343
-0.000982
0.002163
-0.013083
0.000000
-0.001572
0.000000
0.000000
0.000000
0.007225
-0.001187
-0.015034
-0.003953
-0.013361
0.000000
0.000000
0.000000
-0.003045
-0.006632
0.000867
0.002302
-0.000446
-0.001588
-0.002531
0.000000
0.000000
0.000000
0.000000
0.000000
-0.004024
-0.001073
-0.007956
0.013079
0.001641
-0.002135
0.000057
0.001974
0.001273
-0.005755
-0.013961
-0.009115
-0.013801
-0.000388
-0.004500
-0.004968
0.001408
-0.000560
0.004875
-0.000968
-0.006238
0.000000
-0.007500
-0.006917
-0.009297
0.056620
0.000000
-0.012856
-0.001457
0.001517
-0.004807
-0.005260
-0.024215
0.000000
-0.012691
0.000000
0.000000
0.000000
0.000000
-0.016771
-0.012699
0.003973
-0.008254
-0.001921
0.011128
0.007365
-0.007137
0.000000
-0.001760
0.004113
0.001774
0.005322
-0.003524
0.000000
0.000000
0.000000
0.000000
0.000000
0.000000
0.000000
0.000000
-0.000453
-0.005105
-0.001961
-0.011287
-0.001019
-0.006482
0.043333
0.000000
0.000000
-0.001355
-0.000590
0.008410
-0.001138
-0.005282
0.051080
0.038481
-0.043128
-0.003308
0.000000
0.000000
0.001978
-0.000206
0.000000
-0.006433
-0.003818
-0.018057
0.012543
-0.004784
-0.020686
0.000000
0.011702
-0.003453
0.002345
0.004464
-0.004361
-0.017252
0.001614
0.012917
0.000924
0.010420
0.004156
-0.006786
0.002133
0.000000
0.000784
0.000000
0.000000
0.000000
-0.000557
0.004045
0.011566
-0.006518
-0.004218
-0.005030
-0.002521
-0.004922
0.000000
0.000000
-0.061002
-0.003476
-0.000661
-0.004356
-0.011984
0.005881
-0.008371
-0.001637
0.004598
-0.005843
0.048246
-0.003582
0.003163
-0.000828
0.003542
-0.003643
0.000000
0.000000
0.000000
0.000000
0.000000
-0.002788
-0.010801
-0.006998
-0.026654
-0.006184
0.000000
0.000000
0.000000
0.000000
0.000000
0.021446
0.000000
-0.007076
0.004797
-0.002974
-0.001374
-0.002945
0.000000
0.000000
0.000000
-0.015856
0.000000
-0.010745
-0.012508
0.000000
-0.024938
-0.001785
0.013166
-0.011307
0.000900
-0.009975
-0.005613
-0.013297
-0.016751
0.000803
-0.011294
0.000000
-0.003476
-0.003555
0.001382
-0.002127
0.000000
0.000000
0.000000
0.000000
0.000000
0.000000
0.000000
-0.001335
-0.004169
-0.002044
0.000000
0.000000
-0.002708
-0.004823
0.000000
0.000000
-0.010232
-0.009700
-0.007176
-0.000301
-0.003531
-0.000683
0.000000
0.000000
0.020251
0.009899
-0.002911
0.001411
0.000000
0.000000
-0.004720
-0.005944
0.002838
0.000379
0.006784
-0.000742
-0.000642
-0.009013
0.000620
0.000000
-0.000491
0.000000
0.000000
0.000000
0.000000
0.000000
-0.019870
0.000000
0.008536
-0.001799
0.000000
0.000000
0.000000
0.000000
-0.007527
0.000000
-0.002493
0.021188
0.000000
-0.001302
0.000000
0.000000
0.000000
0.000000
0.000000
0.000000
0.000000
0.000000
0.000000
0.000000
0.000000
0.000000
0.000000
0.000000
0.000000
-0.016071
-0.002537
0.000000
0.000000
0.000000
0.000000
0.000000
0.000000
0.000000
0.000000
0.000000
0.000000
0.000000
0.000000
0.000000
0.000000
0.000000
0.000000
0.000000
0.000000
0.000000
0.000000
0.000000
0.000000
0.000000
0.000000
0.000000
0.000000
0.000000
0.000000
0.000000
0.000000
0.000000
0.000000
0.000000
0.000000
0.000000
0.000000
0.000000
0.000000
0.000000
0.000000
0.000000
0.000000
0.000000
0.000000
0.000000
0.000000
0.000000
0.000000
0.000000
0.000000
0.000000
0.000000
0.000000
0.000000
0.000000
0.000000
0.000000
0.000000
0.000000
0.000000
0.000000
0.000000
0.000000
0.000000
0.000000
0.000000
0.000000
0.000000
0.000000
0.000000
0.000000
0.000000
0.000000
0.000000
0.000000
0.000000
0.000000
0.000000
0.000000
0.000000
0.000000
0.000000
0.000000
0.000000
0.000000
0.000000
0.000000
0.000000
0.000000
0.000000
0.000000
0.000000
0.000000
0.000000
0.000000
0.000000
0.000000
0.000000
0.000000
0.000000
0.000000
0.000000
0.000000
0.000000
0.000000
0.000000
0.000000
0.000000
0.000000
0.000000
0.000000
0.000000
0.000000
0.000000
0.000000
0.000000
0.000000
0.000000
0.000000
0.000000
0.000000
-0.003849
-0.012895
-0.004163
0.004356
0.000000
0.000000
0.000000
0.000000
0.000000
-0.028514
-0.010878
-0.003223
-0.006388
-0.002714
-0.003222
0.000000
-0.000155
0.005762
0.000000
0.000000
0.000000
0.000000
0.000000
0.000000
0.000769
-0.000993
0.000000
0.017358
0.000000
0.000000
0.000000
0.000000
0.000000
0.000000
0.000000
0.000000
0.000000
0.000000
0.000000
0.000000
0.000000
0.000000
0.015770
-0.000999
0.000000
0.002048
0.000000
0.000000
0.000000
0.000000
0.000000
0.000000
0.000000
-0.003173
0.000000
-0.004898
0.000000
0.000000
0.006240
-0.000688
0.000658
0.006162
0.000000
0.000000
0.000000
0.000000
0.000000
0.000000
0.000000
0.000000
0.000000
0.000000
0.000000
0.000000
0.024065
-0.011895
0.004056
0.000000
0.000000
-0.001967
-0.000809
-0.010910
0.000000
0.000000
0.000000
0.000000
0.000000
-0.003864
-0.002734
-0.002183
0.000000
0.000000
-0.000667
-0.004360
0.002323
-0.007989
0.008208
-0.016056
-0.003050
0.009041
0.001771
-0.008158
-0.012142
0.000000
0.000000
0.006275
-0.004066
0.001342
0.000000
0.000000
0.000000
0.000000
0.000000
0.000000
0.000000
0.000000
0.030517
0.000000
-0.008601
0.070677
0.014567
-0.007357
0.000000
-0.001357
0.008526
0.000490
0.000000
0.000000
0.000000
0.000000
0.000000
0.000000
0.000000
0.000000
0.000000
0.000000
0.000000
0.000000
0.000000
0.000000
0.000000
0.000000
0.000000
0.000000
0.000000
0.000000
0.000000
0.000000
0.000000
0.000000
0.000000
0.000000
0.000000
0.000000
0.000000
0.000000
0.000000
0.000000
0.000000
0.000000
0.000000
0.000000
0.000000
0.000000
0.000000
0.000000
0.000000
0.000000
0.000000
0.000000
0.000000
0.000000
0.000000
0.000000
0.000000
0.000000
0.000000
0.000000
0.000000
0.000000
0.000000
0.000000
0.000000
0.000000
0.000000
0.000000
0.000000
0.000000
0.000000
0.000000
0.000000
0.000000
0.000000
0.000000
0.000000
0.000000
0.000000
0.000000
0.000000
0.000000
0.000000
0.000000
0.000000
0.000000
0.000000
0.000000
0.000000
0.000000
0.000000
0.000000
0.000000
0.000000
0.000000
0.000000
0.000000
0.000000
0.000000
0.000000
0.000000
0.000000
0.000000
0.000000
0.000000
0.000000
0.003111
0.000000
0.000000
-0.002455
-0.004522
-0.005735
0.000000
-0.006652
-0.011218
-0.003723
-0.009669
0.001239
0.000000
0.000000
0.000000
0.000000
0.000000
-0.007330
-0.002164
0.012938
-0.006610
-0.003609
0.003226
0.004483
-0.009249
0.001508
-0.004594
0.002916
-0.004644
0.000414
0.003371
-0.006436
-0.002817
0.000000
0.000000
0.000000
0.007227
-0.006238
0.000000
0.000000
0.000000
0.012529
-0.004600
0.017237
-0.003768
-0.003578
0.008881
-0.008856
-0.001657
0.000000
-0.000927
0.000000
0.000000
0.028780
0.012358
-0.001576
-0.004463
-0.003298
0.000659
-0.023175
0.014586
-0.001718
0.000000
0.000000
0.000000
0.004416
0.000000
0.000000
-0.001603
0.000000
-0.008333
-0.005825
-0.001626
0.017298
-0.002505
0.007919
-0.003526
0.015335
-0.069577
0.007931
-0.003042
-0.010508
-0.009537
-0.001223
0.000000
0.008705
-0.002045
0.000000
0.000000
0.000000
0.000000
-0.006736
0.000912
-0.004404
-0.005018
0.000000
0.000000
0.000000
0.000000
-0.006715
0.000000
-0.006016
0.000000
0.000000
0.000000
0.000000
0.000000
0.000000
0.000000
0.000000
-0.001867
-0.025474
-0.005298
0.000785
0.105720
-0.007059
-0.003490
0.021858
-0.004828
0.000000
0.000000
0.000000
0.000000
-0.015742
0.000000
0.000000
0.000000
0.000000
0.000000
-0.015159
-0.004237
0.000000
-0.007612
0.000000
0.000000
0.000000
0.000000
0.000000
0.000000
0.000000
0.000000
0.000000
0.000000
0.000000
0.000000
-0.003756
-0.013829
-0.007982
-0.006529
-0.007501
0.000000
0.000000
0.000000
0.000000
0.000000
0.000000
0.000000
0.000000
0.013080
0.000000
0.000000
0.000000
0.000000
0.000000
0.000000
0.000000
0.000000
0.000000
0.000000
0.000000
0.000000
0.000000
0.000000
0.000000
0.000000
0.000000
0.000000
-0.000876
0.000000
-0.006647
0.000000
-0.013790
-0.024622
0.000656
0.001286
0.003012
0.000000
0.000000
0.000000
0.000000
0.000000
-0.007546
-0.003307
-0.013475
-0.009404
0.003666
-0.002257
-0.007125
0.016977
-0.003461
0.002935
-0.008950
-0.005192
-0.004394
0.000000
-0.004480
0.014507
0.000510
0.004680
0.002249
-0.000654
-0.001037
-0.005995
0.028286
0.000000
-0.008510
-0.006716
-0.006814
0.002094
0.001691
0.000000
-0.001548
-0.003825
0.000000
0.006194
-0.003199
-0.003664
0.000000
0.000000
0.000000
0.000000
0.000000
-0.004459
-0.001249
-0.011167
-0.007060
-0.001259
0.000000
0.000000
0.000000
0.000000
0.000000
0.000000
0.000000
0.000000
0.000000
-0.008421
-0.007543
0.000010
0.001857
0.030910
-0.003588
-0.003686
0.000000
0.000000
0.000000
0.000000
0.000000
0.000000
0.000000
0.000000
0.000000
0.000000
0.000000
0.000000
0.000000
-0.005980
0.000000
0.000000
-0.001638
-0.007645
-0.006336
0.000000
0.000000
0.000000
-0.014733
0.000000
0.000000
-0.003919
0.000000
0.003423
-0.006671
-0.005875
0.003189
0.000787
-0.002576
-0.006140
-0.015479
-0.008570
-0.004763
-0.002390
-0.002174
0.000000
-0.001698
-0.008554
0.000421
-0.015870
0.001705
0.000383
0.001962
0.000000
0.000000
0.005635
-0.002055
-0.006499
-0.001901
0.005507
-0.006914
-0.005311
-0.015661
-0.004249
0.000000
-0.019678
0.108935
0.013805
0.020176
0.000000
0.022028
0.000388
0.000000
0.000000
-0.002667
0.000000
0.000000
0.001162
-0.012389
-0.019432
0.004816
0.000000
-0.003095
0.000000
0.000185
-0.000868
0.000000
0.000000
0.000000
0.000000
0.000000
0.000000
-0.020649
-0.004863
-0.015882
0.000000
0.007173
0.002931
0.000320
-0.017638
0.000000
0.000000
0.000000
0.000000
0.000000
0.000000
0.000000
0.000000
0.000000
0.000000
-0.000128
-0.006974
0.003201
0.005160
-0.012731
-0.004864
0.010617
0.001555
-0.001515
-0.004805
-0.002758
0.000000
0.000000
-0.010131
0.000000
0.008406
-0.004109
0.000000
0.000000
-0.006250
-0.034096
-0.005266
-0.000276
-0.003791
-0.001526
0.000000
-0.010614
0.000000
0.003841
-0.006756
0.000894
-0.001758
0.000000
0.002315
0.010145
-0.030805
-0.002779
0.000000
0.000000
0.000000
-0.004898
0.001944
-0.011240
0.000000
-0.001111
0.000000
-0.007472
-0.010334
0.000686
-0.008736
-0.002915
-0.014458
-0.007024
0.000000
0.003354
0.003842
0.000000
0.000000
0.036121
-0.009503
0.008380
0.000000
-0.006940
0.185075
-0.003806
-0.000345
0.010324
0.000000
-0.001579
0.000000
0.000000
-0.000621
-0.001255
-0.000524
-0.005689
-0.004066
-0.000448
-0.005293
-0.008407
-0.004832
0.000000
0.000000
0.000000
0.000000
0.013865
-0.003921
-0.007149
-0.004248
0.000000
0.000000
0.000000
0.000000
0.000000
0.000000
0.000000
0.000000
0.000000
0.000000
0.000000
0.000000
0.000000
0.000000
0.000000
0.000000
0.000000
0.000000
0.000000
0.000709
-0.008546
-0.013772
-0.005217
-0.001410
0.000000
-0.005714
-0.003388
-0.001819
0.020336
0.041939
-0.009471
-0.002940
-0.010225
-0.008614
0.004352
-0.004728
0.001616
0.000000
0.000000
0.000000
-0.007186
0.000000
0.000000
0.000000
0.000000
-0.002850
0.014453
-0.005060
0.004251
-0.003595
0.001203
0.000000
0.000000
0.000000
0.000000
0.000000
0.000000
0.000000
0.000000
0.000000
0.000000
0.000000
0.000000
0.000000
0.000000
0.000000
0.018698
-0.037697
-0.000329
0.000000
0.000000
0.000000
0.000000
0.000000
0.000581
0.000000
0.000000
0.000000
-0.000240
0.014915
-0.004183
-0.006617
-0.005202
-0.000834
0.000000
-0.008910
0.000000
0.000000
0.000000
0.000000
0.000000
0.000000
0.000000
0.000000
0.000000
0.000000
0.000000
0.000000
0.000000
0.000000
0.010319
0.011893
-0.010502
-0.004060
0.007248
-0.000974
-0.002294
0.000000
0.000000
0.000000
0.000000
0.000000
0.000000
0.000000
0.000000
0.000000
0.000000
0.000000
-0.006792
0.007490
-0.002760
0.005606
0.000000
0.000000
0.000000
0.000000
0.000000
0.007602
-0.001324
0.000591
0.000000
-0.009695
-0.004123
-0.001217
0.000000
-0.003389
-0.009824
-0.005310
-0.001862
-0.002214
-0.003669
-0.001249
-0.007721
-0.004544
0.004886
0.001861
-0.010782
-0.003511
-0.001235
0.000000
0.000000
0.000000
0.000000
0.000000
0.000000
0.000000
0.000000
0.000000
0.000000
0.000000
0.000000
0.000000
0.000000
0.000000
0.000000
0.000000
0.000000
0.000000
-0.007933
-0.006817
-0.000339
-0.009629
0.011776
-0.004627
0.000000
0.000000
-0.002303
0.000000
0.000000
0.000000
0.003035
0.000000
-0.002952
0.007438
-0.009334
0.003814
-0.006420
-0.014001
-0.005699
0.000000
0.000000
0.000000
0.000000
0.000000
0.000000
0.000000
0.000000
-0.002272
-0.002587
0.000000
0.000000
0.023179
-0.004217
0.000000
0.000000
0.000000
0.000000
0.000000
0.004153
-0.003164
0.000000
0.000000
0.000000
0.000000
0.000000
0.000000
0.000000
0.000000
0.000000
0.000000
0.000000
0.000000
0.009316
-0.009451
0.005588
0.014841
0.012329
-0.007604
-0.006563
0.000000
0.000000
-0.000283
-0.002525
0.000000
-0.008479
-0.009577
0.000000
0.000000
-0.005912
0.000000
-0.003331
0.000000
0.000000
0.000000
0.000000
0.000000
0.000000
0.000000
0.000000
0.000000
-0.004494
-0.012988
-0.004073
0.000000
-0.012664
-0.007924
-0.001567
-0.006588
-0.008774
-0.008758
-0.001102
-0.002883
0.000000
0.000000
0.000000
0.000000
0.000000
0.000000
0.000000
0.000000
0.000000
0.000000
0.000000
0.000000
0.000000
0.000000
0.000000
0.000000
-0.000537
0.000000
-0.014130
-0.009981
0.012061
0.000000
0.003262
0.054745
0.004735
0.000000
0.000000
0.000000
0.000000
-0.007918
0.002938
0.000000
0.000000
0.001026
-0.004193
0.000000
-0.000179
-0.010640
0.000000
0.000000
-0.019779
0.000000
0.000000
0.000000
0.000000
0.000000
0.000000
0.000000
-0.006090
0.000000
-0.001635
0.006656
-0.007769
0.008753
-0.004232
-0.016796
-0.026084
0.000000
-0.035889
-0.006637
0.000000
0.000000
0.000000
0.000000
0.000000
0.000000
0.000000
0.000000
0.000000
0.000000
0.000000
0.000000
0.000000
0.000000
0.000000
0.000000
0.000000
0.000000
0.000000
0.000000
0.000000
0.000000
0.000000
0.000000
0.000000
0.000000
0.000000
0.000000
0.000000
0.000000
0.000000
0.000000
0.000000
0.000000
0.000000
0.000000
0.000000
0.000000
0.000000
0.000000
0.000000
0.000000
0.000000
0.000000
-0.001555
-0.002447
0.000000
0.000000
0.000000
0.000000
0.000000
0.000000
0.000000
0.000000
0.000000
0.000000
0.000000
0.000000
0.000000
0.000000
0.000000
0.000000
0.000000
0.000000
0.005802
-0.007810
0.000000
0.000000
-0.003644
-0.022808
0.000000
0.000000
0.000000
-0.006531
0.000000
0.000000
0.000000
0.000000
0.000000
0.000000
0.000000
-0.020339
0.000000
-0.005378
0.000000
-0.012689
0.000000
-0.022813
-0.002976
0.005060
-0.011802
-0.011127
0.014223
0.008255
0.000000
0.000000
0.000000
0.000000
0.000000
0.000000
0.000000
0.000000
0.000000
0.000000
0.000000
0.000000
0.000000
0.000000
0.000000
0.000000
0.000000
0.000000
0.000000
0.000000
0.000000
0.000000
0.000000
0.000000
0.000000
0.000000
0.000000
0.000000
0.000000
0.000000
0.000000
0.000000
0.000000
0.000000
0.000000
0.000000
0.000000
0.000000
0.000000
0.000000
0.000000
0.000000
0.000000
0.000000
0.000000
0.000000
0.000000
0.000000
0.000000
0.000000
0.000000
0.000000
0.000000
0.000000
0.000000
0.000000
0.000000
0.000000
0.000000
0.000000
0.000000
0.000000
0.000000
0.000000
0.000000
0.000000
0.000000
0.000000
0.000000
0.000000
0.000000
0.000000
0.000000
0.000000
0.000000
0.000000
0.000000
0.000000
0.000000
0.000000
0.000000
0.000000
0.000000
0.000000
0.000000
0.000000
0.000000
0.000000
0.000000
0.000000
0.000000
0.000000
0.000000
0.000000
0.000000
0.000000
0.000000
0.000000
0.000000
0.000000
0.000000
0.000000
0.000000
0.000000
0.000000
0.000000
0.000000
0.000000
0.000000
0.000000
0.000000
0.000000
0.000000
0.000000
0.000000
0.000000
0.000000
0.000000
0.000000
0.000000
0.000000
0.000000
0.000000
0.000000
0.000000
0.000000
0.000000
0.000000
0.000000
0.000000
0.000000
0.000000
0.000000
0.006555
-0.006073
0.016345
0.000000
0.000000
0.000000
0.000000
0.000000
0.005850
0.004651
0.013044
0.001009
-0.006160
0.016701
0.023499
-0.004423
-0.017301
0.007955
-0.004444
0.000000
0.000000
0.000000
0.000000
-0.004619
-0.004970
0.001892
0.004803
-0.003499
-0.007080
-0.005416
-0.004770
-0.003710
-0.000898
-0.000245
0.001250
-0.003531
-0.000478
-0.001449
0.000382
0.000026
0.000846
-0.048393
0.007192
0.010670
0.014353
0.008731
0.008344
-0.010585
-0.029577
0.003817
-0.010386
0.006599
-0.014827
0.002953
0.022373
0.031793
-0.017224
0.083598
0.000000
-0.000660
0.001818
-0.037019
0.000000
0.000000
0.000000
0.000000
0.000000
0.000000
0.000000
0.000000
0.000000
0.000000
0.000000
-0.004186
0.000000
0.000000
0.000000
0.000000
-0.000890
0.000000
0.000000
0.000000
-0.000349
0.014258
0.000000
0.000000
0.000000
0.000000
0.000000
0.000000
0.000000
0.000000
0.000000
0.000000
0.000000
0.000000
0.000000
0.014875
0.002014
-0.006444
0.017540
0.002165
-0.003351
-0.009629
0.002305
-0.026466
0.000000
0.000000
0.020691
-0.000087
0.014215
-0.020908
-0.006641
0.003619
0.032227
-0.008419
0.014587
-0.002793
0.007739
0.000154
-0.000479
-0.009640
0.007664
0.005271
0.003315
0.002005
0.010622
-0.012218
-0.006217
-0.003382
-0.014272
0.009193
-0.011580
-0.018802
-0.007622
-0.013834
0.037893
-0.015334
-0.005455
-0.003760
-0.000945
0.004837
-0.005834
-0.001289
0.089291
-0.003634
0.007152
-0.003523
-0.001655
-0.002988
-0.008810
-0.005868
-0.006162
-0.001712
0.019047
-0.008295
0.001232
-0.015197
-0.027036
0.005375
-0.004107
0.026495
0.073370
0.037813
0.014449
-0.004303
-0.008221
-0.002235
-0.006459
0.000000
0.017393
-0.015497
-0.004059
-0.009520
0.000000
0.000000
0.000000
0.000000
0.000000
0.006812
0.000000
0.000000
0.000000
0.000000
0.015168
0.000000
-0.006334
0.054481
-0.014860
0.000967
-0.007034
-0.006043
-0.002470
-0.004292
-0.005941
-0.023532
-0.006141
0.009814
0.000000
0.012278
0.000000
0.001915
-0.008226
-0.017644
0.008172
-0.003740
-0.009508
-0.020014
0.008823
-0.023028
-0.007687
-0.003690
-0.012171
0.004526
-0.008191
-0.021149
0.007772
-0.010771
-0.003382
-0.009389
0.016432
0.000347
0.009622
0.004532
-0.014233
0.002985
-0.004241
0.000000
0.000000
-0.000625
-0.014889
-0.008669
-0.009657
-0.008141
-0.012802
0.008154
-0.008231
-0.000778
-0.002529
0.000828
-0.012584
0.021304
0.012440
-0.005044
0.012257
-0.004332
0.017005
0.008992
-0.001976
-0.001138
0.032909
-0.008347
-0.002647
0.010812
-0.027825
-0.002378
-0.006528
-0.005129
0.002881
-0.000111
0.001365
-0.024736
-0.006688
-0.002146
-0.001734
-0.006898
-0.003563
-0.004526
-0.002047
-0.004929
-0.004099
-0.001471
-0.004656
0.002818
0.001502
0.021583
-0.004797
0.000000
-0.012236
-0.008524
-0.006800
0.005456
-0.004898
0.002424
-0.001920
-0.001882
0.009832
0.010234
-0.010395
0.013312
0.000033
0.023299
0.013392
-0.020111
-0.004974
-0.005239
-0.000241
-0.011598
-0.019515
0.003948
-0.008481
0.014865
-0.012410
0.015253
-0.015999
0.009110
-0.006274
-0.006005
0.001558
-0.007848
-0.014195
0.010066
0.001768
0.002059
-0.013515
-0.003851
0.002459
-0.012220
-0.005826
-0.002637
-0.001342
-0.005352
-0.004169
0.004292
-0.004104
0.000985
-0.007104
-0.000532
-0.009377
-0.007841
0.006232
-0.013504
0.002318
-0.016418
-0.002617
-0.000328
-0.021460
-0.009885
-0.020843
0.009328
-0.003621
0.000021
0.001111
-0.024241
-0.012846
-0.002097
-0.009113
-0.009567
-0.008217
-0.003331
0.306210
0.000000
-0.004705
-0.002243
-0.019323
0.018585
-0.012993
0.001498
0.002675
-0.000067
0.004646
-0.006117
0.022043
0.024757
0.012938
-0.006546
-0.002450
-0.006874
-0.005085
-0.004260
-0.011454
-0.017913
0.016522
-0.010771
0.026412
-0.006889
-0.002056
-0.001381
0.005241
0.002392
-0.004037
0.023251
0.004807
-0.004498
0.005451
-0.004895
-0.014840
-0.004769
-0.007603
-0.010371
0.007953
-0.030969
-0.014689
-0.019653
0.037224
0.012490
0.003822
-0.000638
-0.015066
0.001935
-0.002096
0.041437
-0.003152
0.059610
-0.009109
0.039512
-0.045028
-0.006869
-0.008226
-0.002354
-0.003997
-0.021167
0.011722
0.030353
-0.006637
0.004303
