0.009763
-0.011246
-0.014221
-0.028746
-0.022286
0.010758
0.197887
0.090785
-0.007347
0.003840
-0.004742
-0.014241
-0.020356
0.007541
0.056152
0.022744
0.024801
0.015559
0.002129
-0.039920
-0.054437
0.019882
0.036138
-0.054685
0.055736
-0.011715
-0.027220
0.022339
-0.053806
0.004664
-0.017445
-0.004440
-0.011947
-0.059896
-0.006504
0.103663
-0.069801
0.005628
0.015653
-0.023324
-0.013451
-0.028373
-0.008866
0.010976
-0.072395
0.090707
-0.004782
-0.002981
-0.011445
0.095373
-0.013020
0.050816
0.208806
-0.064764
0.073000
-0.020723
0.081832
0.043136
0.045492
0.017580
-0.023807
-0.010384
0.039710
0.092499
0.056747
0.025226
0.037209
0.107262
0.024406
0.030431
0.049037
0.049325
-0.053653
0.056724
0.022603
-0.027644
0.016064
-0.001769
0.041983
0.001868
0.123485
0.103653
0.076274
0.008177
0.020762
0.031388
0.047796
0.034021
0.018813
-0.008670
0.088101
-0.047932
0.050340
0.112837
0.092233
0.004876
0.088457
0.081811
0.077801
-0.045834
0.063414
0.051707
0.040523
0.066148
0.036865
0.014893
0.053427
0.126427
0.090292
0.035574
0.093492
0.045689
-0.020054
0.015577
0.019653
0.090379
0.000000
0.003085
-0.104596
0.011006
0.000000
0.019281
0.000000
0.014809
0.004253
0.019935
0.060008
0.014286
0.082952
-0.007208
0.009159
0.053245
0.038293
0.041279
-0.081327
0.038718
-0.011869
0.059711
0.075570
0.075673
0.070423
0.007488
0.063408
0.121837
-0.020964
0.046426
0.026141
0.051693
0.026879
0.012707
-0.032548
0.010438
-0.008597
0.080367
0.063775
0.007649
0.025722
-0.007297
0.053641
0.026820
0.019643
-0.126863
-0.014623
0.000000
0.000000
0.000000
0.000000
0.113470
0.073210
0.083916
0.000000
0.000000
0.000000
0.000000
0.000000
0.000000
0.022491
0.078564
0.094539
0.092279
0.072414
0.116316
0.428202
0.000000
0.029234
0.142559
0.083375
0.069376
0.000000
0.087452
0.025184
0.051885
0.004128
0.071203
0.034896
-0.025028
-0.002489
-0.090043
0.004183
-0.052740
0.008675
0.016131
0.021188
0.004275
-0.009529
0.014551
0.059119
0.000000
0.000000
0.000000
-0.049969
0.040746
0.108989
0.023268
0.033729
-0.038122
0.000000
0.000000
0.000000
0.000000
0.000000
0.000000
0.000000
0.000000
-0.004325
-0.139488
-0.038974
0.030907
-0.002178
-0.017928
0.002143
-0.016133
0.031688
0.099332
0.002781
-0.018679
0.002014
0.040314
-0.017070
-0.003424
0.016871
-0.039325
0.025670
0.023415
0.069558
-0.011665
0.064972
-0.015769
0.012874
0.023663
0.027485
0.032846
-0.025172
0.010933
-0.012649
0.055663
-0.008415
0.031104
-0.013657
-0.008347
0.023033
0.006345
0.003591
0.033277
0.020081
0.095620
0.041679
0.019876
0.008605
0.023310
-0.042908
0.008334
0.019513
0.009381
-0.049087
0.005423
0.048345
0.006777
0.009805
-0.062745
0.072033
0.009859
0.012955
-0.015236
0.018834
0.017579
-0.010365
-0.017876
-0.021315
0.017060
0.045093
0.051576
0.102166
-0.015202
-0.012837
0.008094
0.004219
0.027667
-0.012422
0.015870
0.147840
-0.040482
0.113917
-0.015877
-0.006935
0.019540
0.081778
0.000000
0.065420
0.027065
0.037349
0.028048
0.013928
-0.004872
0.064539
-0.047344
-0.106018
-0.002679
-0.037740
0.086248
0.014306
0.015364
-0.005114
-0.036400
-0.005870
0.033962
-0.028049
-0.014152
-0.083764
0.038668
0.027949
0.003484
0.039550
0.057419
0.015382
-0.030223
0.003428
-0.015667
-0.006387
-0.004271
0.010762
0.002703
-0.042975
0.042788
-0.014218
-0.046702
-0.030019
-0.004568
0.000000
0.013437
0.086898
0.065233
-0.051658
-0.019656
-0.017136
0.084508
0.105323
0.010853
0.027366
0.021183
-0.011349
0.030367
-0.014299
-0.038730
0.010945
0.024100
-0.023471
0.051719
0.010397
0.010810
-0.016144
-0.005184
0.007797
-0.009253
-0.003285
0.565400
0.077361
-0.012810
-0.012251
-0.042450
-0.022535
0.002369
0.010444
-0.021546
-0.005044
-0.011596
0.002138
0.043530
0.060539
0.032078
0.004240
-0.008867
0.066795
-0.004939
0.030542
0.014607
-0.074309
0.090053
-0.003940
0.011200
0.012118
0.019742
-0.082812
0.000000
0.026944
-0.006164
-0.013949
0.020144
0.031148
-0.029049
0.024943
-0.094568
0.005722
0.049942
-0.020656
-0.017372
0.027263
-0.004990
0.032580
0.007345
0.001857
0.016188
0.082374
-0.020029
-0.004792
-0.065670
-0.003474
0.051983
0.021406
0.030281
0.086727
0.001192
-0.031169
-0.005126
0.008377
-0.015908
0.029645
0.103916
0.008115
0.011857
0.026810
-0.005781
0.046892
-0.016837
0.030285
0.064112
0.061069
0.028426
-0.042039
0.036427
0.002251
0.000713
0.021927
0.038249
-0.000668
-0.033846
0.049278
0.004857
-0.043523
0.013935
0.102052
0.016231
0.041856
-0.017066
0.190719
0.061316
0.005305
-0.010843
0.033266
0.009268
0.005225
0.060588
0.067376
-0.031470
0.010122
0.000731
-0.007854
0.064211
-0.031634
0.032469
0.014284
-0.024805
-0.020765
-0.082317
-0.034820
0.053148
0.016106
0.026807
-0.060746
-0.023520
0.014029
0.032838
-0.003334
0.044684
0.087111
-0.032512
-0.032343
0.011867
-0.004532
0.022834
0.204128
0.033144
-0.005920
-0.001946
0.033227
-0.005318
0.013433
0.029107
0.067705
0.121509
-0.016747
-0.007160
0.022746
-0.069133
0.038900
-0.027739
0.007492
0.028266
0.046654
-0.022572
-0.056379
0.024084
0.027560
0.004933
0.012867
-0.002523
0.032934
0.015791
0.049965
-0.018132
0.003092
-0.016251
-0.016027
0.018827
0.004737
0.050406
0.020807
0.005029
0.041842
-0.069667
0.024652
-0.016142
0.152030
0.004867
-0.025468
0.021498
-0.004651
0.007167
-0.131366
-0.016900
0.011662
-0.002881
-0.010454
0.022744
-0.009008
0.066904
0.085458
0.006572
-0.027726
-0.031660
0.010622
0.003700
-0.004577
-0.004229
0.092918
0.005647
-0.019059
0.031906
0.059997
-0.013791
-0.016345
0.180550
0.034346
0.008222
0.089882
-0.018826
-0.047030
0.004338
0.025107
0.044352
-0.012170
-0.000725
-0.014889
0.019711
-0.005445
-0.015105
0.005168
-0.027258
0.010308
-0.005321
-0.006810
-0.035430
-0.019006
0.020123
-0.007428
0.004168
0.032459
0.030572
0.000744
0.020681
0.033211
-0.013421
0.001594
-0.026818
0.066852
0.098663
0.036925
-0.017811
0.009793
0.025768
0.033268
-0.009203
0.012028
0.078345
-0.060134
0.021535
0.057530
0.026098
0.005953
0.001575
0.057977
-0.019627
-0.009803
0.012653
-0.032821
0.057585
-0.007211
0.055424
0.002868
0.009625
-0.043093
0.002180
0.015189
0.002332
-0.051848
-0.067419
0.081687
0.033946
0.025467
-0.012964
-0.003156
-0.039673
-0.048820
0.041844
0.000553
0.027693
-0.028269
0.060337
-0.009775
0.006487
0.019668
0.016921
0.012587
0.043186
-0.008917
0.186773
-0.066508
0.046332
0.021579
0.088920
0.038778
-0.004291
0.025062
0.013616
-0.039781
0.041641
0.050804
0.025908
0.013523
0.041276
-0.011202
0.007942
0.012990
-0.028716
0.050400
0.007139
0.000380
-0.002236
-0.019077
0.001280
0.114621
0.031216
0.026477
0.052731
-0.016707
-0.017022
0.006752
-0.026647
0.003845
0.017982
-0.005432
-0.006738
0.026693
0.024937
-0.062940
-0.062794
-0.025132
0.040003
0.052916
-0.003487
0.002080
-0.044577
0.000386
0.136302
-0.017415
-0.051730
0.013399
-0.015426
0.034104
-0.018637
0.068002
-0.015819
-0.056237
-0.031926
0.102233
-0.004926
0.000000
0.023820
-0.011242
0.034745
0.011539
-0.008018
-0.054347
-0.033801
0.061558
0.013875
0.148670
-0.003250
0.010873
0.093015
0.040849
-0.022671
0.026807
0.024174
0.001299
0.371545
-0.022591
-0.017712
-0.036778
-0.105977
0.009929
0.019744
-0.065254
-0.041669
0.034310
0.023474
0.011792
0.033111
0.009993
0.038216
0.004069
-0.018679
-0.014542
-0.006742
0.036867
0.015282
-0.007202
0.172973
-0.017708
0.052356
0.430549
0.003897
0.007074
0.033981
0.027590
0.136290
0.129613
-0.016237
0.029164
0.029875
-0.005392
0.006754
0.035320
-0.003871
-0.039488
0.033760
0.048905
-0.007680
0.110715
0.082225
0.042969
-0.008728
0.041734
0.001384
0.003867
0.019956
0.029015
0.024509
-0.000893
0.001534
0.002152
-0.012385
0.004657
0.041721
0.019969
0.000621
-0.066721
0.087956
0.043388
0.030060
0.023516
0.115489
0.041517
0.086970
0.030368
0.008907
-0.016658
0.002861
-0.008990
0.000000
0.000714
0.014749
-0.047691
0.066530
0.006639
0.123169
0.017513
0.048209
0.034182
0.018039
0.042739
0.019188
0.075150
-0.069120
-0.028143
0.070217
0.079582
0.072097
0.032513
-0.013122
-0.020361
0.061003
0.097819
-0.051101
-0.036310
-0.004285
0.040496
0.034507
-0.050599
0.094008
0.011784
-0.001904
0.035487
-0.017139
0.022441
-0.000862
0.072484
0.066452
0.037071
-0.002253
0.009133
0.044183
0.016599
0.265232
0.019455
0.024996
0.030693
0.047647
0.058945
0.031708
0.027269
0.010513
0.052527
0.043286
0.017495
-0.044371
0.091486
0.022105
0.023767
0.039985
0.076780
0.070320
0.029209
-0.001001
0.008544
0.058494
0.014456
0.025052
0.080814
-0.045212
0.127066
0.034792
0.003375
0.045150
-0.021332
0.010265
0.024935
0.002745
0.009647
0.005946
0.055797
0.054703
-0.040486
0.002326
0.427439
-0.010096
0.036002
0.036099
-0.015707
-0.037228
0.048347
0.070431
0.021587
-0.007584
0.038640
-0.035524
-0.028548
0.053432
0.044989
0.027168
0.009607
0.039841
0.012166
0.017782
-0.021569
-0.004204
0.029781
0.068770
0.030175
0.132707
-0.023234
-0.013327
0.006552
-0.024047
-0.065132
0.023104
0.032920
0.151700
0.023783
0.029307
0.112179
-0.001620
0.053490
-0.076991
-0.001847
-0.020039
-0.002076
0.038825
0.005309
0.043998
-0.025706
0.022877
0.044361
-0.002732
0.070375
0.150186
-0.011987
-0.015773
0.049020
0.010243
0.023668
-0.004306
0.018631
0.006273
0.055936
0.186713
0.100317
0.010280
0.013560
-0.029607
0.098854
0.017324
-0.029532
0.029101
-0.047783
0.126764
-0.003089
0.067570
0.054552
0.069528
0.004791
0.066264
0.002714
-0.014432
0.053948
-0.024206
0.039005
0.055492
0.034764
-0.037286
-0.028153
0.009425
-0.049899
0.216573
0.041149
0.025977
0.055046
0.055899
0.011458
-0.010059
0.023910
0.003146
0.055955
-0.014657
-0.001853
0.008051
0.000771
0.011527
0.034626
-0.010307
-0.037151
0.065906
0.086002
0.005190
0.034412
-0.036170
0.033200
0.128955
0.011585
-0.012147
0.000117
0.037698
0.009964
0.043364
0.022442
0.046483
-0.003877
0.074710
0.082370
-0.016564
0.016074
0.055414
-0.006837
0.044188
-0.086060
0.034917
-0.032238
0.037020
0.038989
0.037627
-0.010581
-0.002187
-0.050405
0.023002
-0.019203
-0.007703
0.000914
0.029829
0.085987
0.004518
0.018020
0.019272
0.018698
0.079204
-0.010013
0.018130
-0.025887
-0.036561
0.047319
0.002022
-0.014557
-0.048385
-0.027188
-0.039739
0.008598
0.105932
-0.000807
0.008752
0.078795
0.151393
0.006773
0.021103
0.057311
-0.014845
-0.031977
0.026636
0.028693
0.000128
0.009537
0.016899
-0.004694
0.065553
0.050120
0.023832
0.002293
0.039803
-0.041341
-0.089854
0.037097
0.042334
0.028502
0.019303
0.048524
0.019077
0.016853
0.004619
-0.042956
0.000567
0.083934
0.046372
0.005247
-0.031231
0.040911
0.056149
0.122817
0.135055
0.011724
0.037735
0.136339
0.192290
0.047401
0.020930
-0.038546
-0.062682
0.006494
-0.012521
-0.001942
0.024051
-0.033466
0.006416
0.005771
-0.058625
0.009587
0.059295
-0.043461
-0.033288
0.030231
0.001847
0.027891
0.025987
0.114063
-0.028976
-0.029487
0.056905
-0.041707
0.023952
-0.019780
0.034351
-0.016081
0.036206
0.060326
0.041027
-0.024856
-0.005491
-0.006019
0.040844
0.008180
0.045273
0.078194
-0.020098
-0.002574
0.000000
0.050247
0.002732
-0.008021
0.042776
0.024374
0.031257
-0.006927
0.023667
0.044251
-0.003835
0.028512
0.013044
-0.040882
0.067561
-0.032486
0.008695
-0.063145
0.163854
0.022908
0.001575
-0.057959
-0.027986
0.017332
0.020413
0.087598
0.037064
-0.029065
0.005934
-0.082617
0.056546
0.001663
0.040288
-0.013802
0.000000
0.002966
0.009288
-0.058773
0.018641
0.003855
0.003329
0.019290
0.049207
0.031539
0.004546
0.000000
-0.000569
0.012523
0.100002
0.026827
0.022957
0.023697
0.031593
0.070745
0.014158
0.000000
-0.031436
0.105865
0.016076
-0.022829
0.036280
-0.004610
-0.025467
0.131718
-0.017568
-0.027492
-0.022248
0.051179
0.091472
0.065246
0.023968
0.049077
-0.046791
0.016740
-0.004197
-0.019339
0.027434
-0.036317
-0.030443
0.012932
-0.000004
-0.022141
0.064370
0.044624
0.272971
-0.018049
0.110498
0.043502
0.040228
0.051429
-0.051010
0.081210
0.001444
-0.002249
0.046020
-0.024096
-0.009008
0.019511
0.047404
0.043002
0.030643
-0.004809
0.079091
0.005165
0.005293
-0.016322
0.016267
0.030155
0.005760
0.018722
0.014844
-0.015526
0.019787
0.006590
-0.009637
0.039369
0.031447
-0.015108
0.013930
0.020695
0.017324
0.035445
0.083563
0.058886
0.027225
-0.017086
-0.004299
0.275727
0.070577
0.032758
-0.018962
-0.005231
-0.004864
0.014750
0.223589
0.017559
-0.020846
0.015635
0.047325
0.098288
-0.021651
0.019310
0.020061
0.080319
-0.003000
-0.017388
-0.033490
0.009150
0.031986
0.025852
0.066297
0.023922
0.041892
0.062954
0.038008
0.062106
-0.096301
-0.074263
-0.017377
0.032173
0.019996
-0.036280
0.034379
-0.099348
-0.068782
0.024271
0.013151
0.097982
-0.007188
0.014084
0.058715
0.021404
0.013691
0.065531
0.021586
-0.036915
-0.026241
0.009075
0.027018
0.071686
0.012066
-0.009111
0.011275
-0.036652
-0.009135
-0.012932
0.058999
0.117158
-0.002055
0.008026
0.002934
-0.001734
0.007812
-0.003931
0.007346
0.055719
0.058859
0.046387
-0.028527
-0.025356
0.087238
0.118941
0.041024
0.043438
0.008896
0.011924
0.208738
-0.018447
0.000376
0.003345
-0.003423
0.022481
0.050837
0.132102
-0.016487
0.049988
-0.013687
0.039691
0.042363
-0.014054
0.014775
0.052828
-0.014238
-0.026613
0.023047
0.002908
0.022164
0.008564
-0.026057
0.005248
0.038157
0.019402
0.010337
-0.012806
0.001353
-0.021489
-0.016011
0.000905
0.052999
0.030107
0.392333
0.005922
-0.026746
0.027807
-0.033060
0.069576
0.034072
-0.027797
0.012070
-0.033619
0.029261
0.198791
0.049414
0.034988
-0.037315
0.028342
0.005195
-0.005905
0.063035
0.001085
-0.003601
-0.016581
0.062430
0.028951
0.051721
0.057419
0.049272
0.009374
0.093902
-0.001672
0.046310
-0.027751
0.020812
0.013594
0.031482
-0.020353
0.074840
0.011776
0.078730
0.046049
0.034151
-0.031454
-0.032799
0.065581
-0.001959
0.105964
0.031327
-0.052868
-0.014114
0.001289
0.011838
0.141909
0.004352
0.002629
-0.005661
-0.014368
0.024740
-0.008995
0.008182
-0.004291
0.119165
-0.004787
0.067489
-0.006633
0.017278
-0.011998
0.008259
0.028583
0.031251
0.040443
0.026607
0.063304
-0.003774
0.082500
0.003067
-0.029190
0.203167
0.048404
0.035382
0.020907
-0.003253
-0.012225
0.003530
-0.025505
0.014295
-0.011504
0.029055
0.047938
0.025231
0.119379
-0.088278
0.041731
0.116532
0.547654
0.041127
0.005461
0.032054
0.017818
0.003998
0.041817
0.046403
0.036098
0.003989
0.061575
-0.005920
0.006576
-0.007866
0.022580
0.005694
-0.000872
0.021093
-0.053056
0.004539
0.005438
-0.088777
0.043563
0.004630
0.071877
0.040587
0.040950
-0.068804
0.040036
0.000847
-0.012734
0.128387
0.039051
-0.023708
0.044362
0.013664
0.016456
0.043303
0.015294
0.093809
-0.038663
-0.022484
0.045469
-0.016154
0.009052
0.173040
0.003134
0.013972
0.056778
0.081049
0.010013
-0.006556
-0.018370
0.020182
0.001694
0.013257
0.021335
0.015025
0.034546
0.104936
0.010321
0.022738
0.003498
0.096177
0.002599
-0.008860
0.066130
0.018615
-0.060228
0.024744
0.034083
-0.005720
0.014069
0.017207
0.008348
-0.008687
-0.030117
0.034022
-0.007529
0.028656
0.169596
-0.014495
0.048777
0.021891
0.034865
0.067545
0.008114
-0.012346
0.034567
0.022102
0.047715
0.135263
0.013876
0.050384
0.230098
0.003504
0.087101
0.002632
-0.000672
0.156668
-0.007175
0.021373
-0.002672
-0.002857
0.124230
0.001843
-0.004762
0.005819
0.081118
-0.003275
0.069145
0.001790
0.003130
0.047429
0.049425
-0.014473
0.000018
0.013149
-0.017741
-0.053460
0.009085
-0.001173
0.005880
-0.012417
-0.010340
0.012681
0.046449
-0.010506
-0.023156
-0.012026
-0.062679
0.008697
-0.030387
0.029704
0.029486
-0.006370
0.113262
0.026627
0.043963
0.009411
0.031752
0.015427
-0.032566
0.267167
-0.022269
-0.057895
-0.013259
-0.012804
-0.003030
0.020502
-0.009521
-0.011053
0.030237
0.097647
-0.013391
-0.034886
0.047512
-0.001727
-0.006466
0.008978
0.034882
0.034332
0.005482
-0.002042
-0.018428
0.037004
0.043286
0.019667
0.035725
-0.036255
0.010119
0.055740
-0.073636
0.007450
0.018499
0.014022
0.036051
-0.006637
0.000000
0.003985
0.001296
-0.001492
-0.000481
0.016543
-0.012139
0.014061
-0.012919
0.045988
-0.006135
-0.002836
0.082516
0.026506
0.023060
-0.019925
-0.038882
0.001717
0.060764
0.026434
0.009927
-0.010737
-0.052656
0.005276
-0.005935
0.019029
0.005028
-0.027239
0.057628
0.035969
-0.006158
0.016693
-0.079568
0.028007
0.023255
-0.075997
-0.009331
-0.003305
-0.007570
0.007314
0.033832
0.041209
-0.040319
0.057052
-0.114128
-0.024718
-0.005870
0.033359
-0.027543
0.017962
-0.005727
0.005804
0.031951
0.014583
-0.021876
0.005569
0.008341
0.043973
0.016715
0.035598
-0.035751
0.009098
0.022842
-0.036692
0.001884
0.008120
0.019867
0.060067
0.039594
0.040233
-0.050122
-0.029952
-0.005809
0.019789
0.097157
0.053062
0.030020
0.056536
0.056863
0.026950
0.052123
0.042226
-0.009557
0.019703
0.008304
-0.066281
0.037298
-0.022783
0.008118
0.006429
0.031880
0.004491
-0.008218
0.154403
0.000090
0.027911
-0.005636
0.003356
0.018095
0.006019
-0.005976
0.000000
-0.002406
0.148334
-0.049437
-0.049869
0.098755
0.020581
0.000000
0.040451
0.014877
-0.020407
-0.027660
-0.004877
0.018554
-0.034794
0.006308
0.007132
0.020298
0.076660
-0.015483
-0.007020
0.046149
0.018526
-0.005533
0.009276
0.017527
-0.008572
-0.009118
0.000680
-0.029949
-0.000638
0.039657
-0.014012
-0.001239
0.043976
-0.021890
-0.002984
0.030834
0.007809
0.114453
-0.016811
0.013651
0.028278
-0.005022
0.191527
-0.041459
0.074794
-0.035174
0.009762
0.026445
-0.038562
-0.026403
0.002759
-0.028703
0.004689
0.011049
-0.001309
0.101578
0.000815
0.003919
0.021091
-0.029603
0.050200
0.033597
-0.001138
0.022748
-0.053222
0.023001
0.007864
0.022097
0.008648
-0.013825
-0.005227
0.038255
0.025907
-0.016590
0.054594
0.196313
-0.001873
0.029922
-0.057880
0.010571
-0.017493
0.036519
0.042983
-0.091038
0.026205
0.114777
-0.010787
-0.001965
0.000258
0.024158
0.126553
0.096427
0.013873
0.003169
-0.023278
-0.009301
0.078454
0.063651
0.035546
0.032302
-0.037409
0.023639
0.021504
-0.052461
-0.028782
0.032931
0.071696
-0.040791
0.069224
-0.007394
-0.000859
0.016820
-0.032673
-0.007735
-0.058702
-0.020593
-0.021996
-0.002863
-0.000447
-0.047765
0.120309
-0.006912
0.000000
0.000000
0.000000
0.000000
0.059240
-0.000960
0.035108
0.001011
0.064909
0.004858
0.011964
-0.009434
0.037473
-0.062762
-0.006458
-0.001459
0.038166
0.022317
0.050661
0.119706
0.021758
0.050866
0.005511
0.036601
-0.015047
-0.008228
0.021608
-0.037490
0.080921
0.000168
-0.031449
0.068510
0.019079
0.013465
-0.036543
0.012638
0.090362
-0.051524
0.001190
-0.034914
0.047362
0.000738
0.014531
0.055456
0.150322
0.181792
0.031006
0.017854
0.042074
-0.046142
0.020057
0.037568
-0.033566
0.056666
0.039071
-0.085944
0.035193
-0.029405
0.194524
0.010520
0.039912
0.019687
0.026905
0.284039
0.051839
0.119242
0.025348
0.035804
0.107482
0.021095
0.004413
-0.000259
0.064722
-0.030379
0.016267
0.031215
-0.021466
-0.013694
0.054326
0.025742
-0.039223
-0.003501
-0.036071
0.003368
0.023531
0.047720
-0.017427
0.044585
0.062699
0.076313
-0.014384
-0.025826
0.042652
-0.071809
-0.036775
0.068673
-0.012639
0.117164
-0.015775
0.035272
-0.029308
-0.022489
0.012840
-0.001872
0.027539
0.047621
0.008002
-0.031316
0.025732
0.121258
-0.029806
-0.001184
-0.004016
0.008567
-0.002429
-0.003930
0.078690
0.542506
-0.053993
0.000000
0.108404
-0.046610
0.015843
0.000000
-0.010661
-0.059341
-0.002783
0.021442
0.006315
0.073533
0.027681
0.044052
0.024038
0.152526
0.015122
0.056176
0.060927
0.004529
-0.048654
0.027019
0.007873
0.022125
0.002665
-0.026241
0.027250
0.033442
0.014869
0.085018
-0.036035
0.013051
-0.025725
-0.002474
0.014508
0.084558
0.045170
0.147980
0.025301
0.030595
0.013150
0.000735
0.026791
-0.003561
0.084846
0.023951
0.139983
0.074172
-0.012503
0.021272
-0.051041
-0.007995
-0.009648
-0.010707
0.282861
0.002257
-0.002211
-0.010092
-0.013198
-0.002705
-0.018171
-0.018966
-0.016474
-0.025630
0.049706
0.003648
0.001687
-0.005097
0.097794
0.016448
0.065523
0.027159
0.009140
0.000981
0.015557
-0.003791
-0.091501
-0.029297
0.020274
0.020296
0.026523
0.054805
-0.031297
-0.032409
0.004037
-0.043136
0.044072
0.110336
0.008258
0.030198
0.008396
0.014057
0.218499
0.099325
-0.014108
0.103479
-0.003912
0.021742
0.016026
-0.033464
-0.024885
-0.040669
-0.057930
-0.011772
0.012703
-0.003372
-0.002605
0.004747
0.069151
-0.007912
0.074712
0.042087
0.024643
0.066489
-0.019247
0.022006
-0.017001
0.022881
-0.036373
0.006745
0.034061
0.073030
0.002804
0.027999
0.011805
-0.028749
-0.008437
-0.021764
-0.000305
-0.012695
0.039749
-0.033580
0.020302
-0.037079
0.047073
-0.000481
0.028623
0.018156
0.054812
0.001899
0.027686
0.021810
0.086025
0.029430
-0.012161
-0.002321
0.185295
0.070893
0.027515
0.024476
-0.077918
0.002671
0.030452
-0.031659
-0.056783
0.014425
-0.007994
0.071751
0.018490
0.067822
-0.007264
0.000000
0.010160
0.087462
-0.012612
0.004679
0.026917
0.026181
0.003906
0.008498
0.026311
0.069787
-0.033355
-0.016352
0.040824
0.014062
0.051927
0.035953
0.025218
0.017913
0.000000
-0.010094
0.021263
-0.010739
0.034256
0.006034
-0.001561
0.014805
-0.014150
-0.037224
-0.029035
0.025015
0.058229
0.019982
0.094206
0.003607
-0.107072
0.002702
-0.012907
0.040805
0.043124
0.008762
-0.030540
-0.013363
0.016686
0.024301
0.020782
-0.025809
-0.061738
-0.003347
-0.009422
0.041701
-0.014641
0.020938
0.001997
0.000000
-0.006055
0.011956
0.035123
-0.004869
-0.049745
-0.030401
0.012611
0.060187
-0.004180
0.046912
-0.017554
0.084172
-0.024615
0.050651
0.028765
0.023280
-0.022106
0.003175
0.022994
-0.007341
-0.008826
0.043219
0.066968
0.031265
-0.019749
0.006454
-0.020470
-0.014524
0.038167
-0.031242
-0.006529
0.031698
-0.016237
0.001878
0.011994
-0.011909
0.026146
0.094074
-0.021633
-0.015035
-0.017611
0.024611
0.066599
0.006839
0.009100
-0.018520
-0.025959
0.040567
-0.054851
-0.000980
0.106294
-0.002214
0.016091
0.085052
-0.018027
-0.009515
0.014476
0.046495
0.002490
0.021680
0.052752
0.022142
-0.011747
0.366535
0.026255
-0.056246
0.014477
0.033455
-0.046852
0.012802
-0.000685
0.043452
0.009382
-0.004566
0.020277
0.009405
-0.012125
0.015982
0.049917
0.063837
0.011200
0.005153
0.033640
0.032244
-0.024320
-0.023277
0.000802
0.061038
0.067992
-0.006355
-0.045367
0.048432
0.046977
0.015503
-0.004041
0.017626
0.038290
0.017253
0.000858
0.004860
-0.015544
0.023278
0.028442
0.067988
0.033016
0.023478
-0.034925
0.021503
0.044313
-0.008251
0.014826
0.050290
-0.010659
-0.003789
0.128111
-0.058522
0.046773
0.011283
-0.019960
0.086099
0.006081
0.054653
-0.020473
-0.000802
-0.010353
0.044601
0.034390
0.004680
0.001799
0.032503
-0.000426
0.071286
0.020442
0.028196
0.028617
-0.032930
0.025931
0.082442
0.001345
0.015103
0.027552
-0.019909
0.000893
0.006277
0.010183
0.003471
0.062441
-0.003918
0.048923
0.011300
0.000000
0.029854
-0.034909
-0.031391
0.055167
0.052138
-0.033835
-0.033861
0.112960
-0.017280
0.025229
0.026706
0.014833
-0.014375
-0.034629
0.047736
0.008168
0.006720
0.052332
-0.022308
0.019129
-0.007077
0.042916
0.023099
0.085949
-0.026544
-0.036624
0.363012
0.126953
0.003411
-0.025138
0.033375
0.168323
-0.038079
-0.042539
0.120113
-0.080731
-0.022296
0.024911
0.261125
0.071915
0.019150
0.004509
0.026239
0.039039
0.009188
0.006751
0.030807
0.036354
0.033284
-0.015707
0.029335
0.018047
-0.017761
0.031671
0.045365
-0.020532
0.026681
-0.046510
0.077989
0.048614
0.052738
0.068929
0.029029
0.018430
0.000476
0.025622
0.059580
0.116874
0.043189
-0.001192
-0.036008
0.057192
0.070897
0.002322
-0.017164
0.082467
-0.010721
0.001127
0.319404
0.168809
-0.013575
0.107466
0.053877
0.018732
0.023348
0.018457
0.011660
0.019932
0.061207
0.038406
0.013126
-0.005352
-0.002506
0.037139
0.014207
-0.023265
0.021585
-0.028823
-0.028412
0.028594
0.097983
0.015200
0.075649
-0.012939
0.089446
0.002714
0.006801
0.069269
0.024424
-0.012696
0.036140
0.046590
0.122446
0.062453
0.036513
-0.006326
0.460669
0.025126
-0.088726
0.002976
0.013672
0.079561
-0.000654
0.030658
0.013574
0.009860
0.059032
0.009827
0.113839
-0.014185
0.011507
0.041736
-0.014131
0.004062
-0.002700
0.022528
-0.007473
-0.082032
-0.018404
-0.007606
0.002802
-0.008940
-0.003927
0.019171
-0.036684
-0.042682
0.011092
0.009019
-0.010698
0.037955
0.013652
-0.011063
-0.005303
-0.043141
0.057830
0.010013
0.046073
-0.028021
0.060074
-0.041394
0.095562
0.053358
0.050171
0.065403
0.040736
-0.009669
-0.050786
-0.016206
0.001275
0.022674
0.033928
0.070565
-0.018663
0.068866
0.061373
0.030960
-0.057228
0.044211
0.007132
-0.006618
-0.007846
0.046509
0.091389
-0.005249
0.026800
0.001598
0.000000
0.003666
0.018813
-0.014410
-0.005363
-0.004569
0.034092
-0.031028
-0.059607
0.012289
0.001614
0.035754
0.036435
0.047394
0.005648
-0.004363
-0.040122
0.012598
0.500859
-0.003272
-0.030911
-0.025795
-0.000214
0.077922
-0.008595
0.017218
0.047669
-0.030724
0.005401
-0.002577
0.074001
-0.024247
0.067298
0.019734
-0.006730
-0.008513
0.019584
-0.028378
0.064207
-0.040607
-0.000979
0.039625
-0.001339
0.031559
0.021430
-0.001631
0.117600
0.006475
0.003016
0.037375
0.026598
0.024928
0.069082
-0.046942
-0.023996
0.000714
-0.007888
0.010833
0.048087
0.018864
0.121607
0.058384
0.114940
-0.036966
0.030959
0.094297
-0.005879
0.057152
0.002822
-0.027838
0.027027
-0.016018
0.046140
-0.006869
-0.066308
0.004048
0.008158
0.022966
-0.002546
0.006182
0.017147
0.017153
0.007886
-0.006687
-0.024633
0.013260
0.029212
-0.077001
-0.021271
-0.033682
-0.029430
0.058075
0.012485
0.075780
-0.004031
-0.014651
0.102973
0.066806
-0.074982
0.003403
-0.001015
-0.010862
0.025569
0.041401
0.051291
0.116799
0.073828
0.055273
0.063904
-0.019076
0.017489
-0.055733
-0.003695
-0.018109
0.081763
0.040984
0.053400
0.005678
-0.020200
0.034987
-0.021191
0.010457
-0.009149
0.019103
-0.009373
-0.014110
-0.008963
0.011997
0.020261
0.070163
0.003393
0.171627
0.046200
0.020402
0.020392
0.002005
0.082270
0.022833
0.032044
-0.019641
0.045352
-0.045068
-0.000377
-0.017653
-0.010620
-0.045990
-0.026707
0.084198
-0.000905
0.076459
-0.008695
-0.062345
-0.019127
0.031568
0.018033
-0.017555
0.002165
0.008180
0.028789
0.082555
0.067952
0.006117
0.200289
-0.011551
0.016719
-0.028566
0.005585
0.119423
-0.056502
0.020332
0.021875
-0.011229
-0.005050
-0.008680
0.036293
0.007526
-0.064415
0.019250
-0.025136
0.077448
0.003953
0.005680
-0.032600
-0.015476
0.111205
-0.040113
0.032433
0.029672
0.007308
0.011241
0.040766
0.003368
0.066652
0.001728
0.000000
0.051419
0.014061
0.123060
0.020938
0.062854
-0.025550
0.010152
0.010971
0.004624
0.003867
0.023294
-0.032642
0.005873
0.028331
-0.036356
0.012165
0.014685
0.101771
0.029979
0.121756
-0.057395
-0.036515
-0.009112
0.012968
-0.017313
0.039879
0.009804
0.053420
0.008689
0.170795
0.004032
-0.000748
0.008284
-0.005702
-0.004445
0.071696
0.019953
0.023346
0.068459
0.006110
-0.022166
0.032194
-0.016353
0.029537
-0.007216
0.042002
-0.057528
0.044808
-0.003075
-0.021913
0.000323
0.005580
-0.028499
0.006147
-0.008394
0.032205
0.002526
-0.032844
-0.041617
0.009860
0.040064
0.019721
0.026158
0.085933
-0.062797
0.023453
-0.015904
-0.001737
0.035007
0.000562
0.002390
-0.001309
-0.000590
-0.006198
0.003754
-0.001152
-0.022062
0.127442
0.004842
0.012618
-0.011406
0.059221
0.025053
0.044336
0.010412
0.006773
-0.058490
-0.014238
-0.011476
0.018330
0.002748
0.003964
0.007902
0.032166
0.024210
0.024679
0.112542
0.035856
-0.013465
-0.007045
-0.015349
0.044230
0.030623
0.034765
-0.006297
0.023738
0.060175
0.009404
-0.025536
0.003765
-0.017107
-0.025581
0.011525
0.161909
-0.028499
0.016100
0.027055
0.043979
0.008909
0.084017
-0.014848
0.016590
0.672198
0.084158
-0.033727
-0.003313
-0.002200
0.053316
0.079878
0.019208
0.060892
-0.016986
0.023972
0.044088
0.062819
0.010335
-0.037310
0.020415
0.082102
-0.022918
-0.012156
-0.040112
0.041038
0.111313
0.038323
0.021427
0.068878
0.006159
0.187617
-0.007197
0.024654
0.023708
0.065942
0.001162
0.176323
0.044021
0.002958
0.037736
-0.010842
-0.066275
0.000018
0.002916
0.020610
0.001224
0.040705
-0.007712
0.025984
0.164476
0.039102
0.042386
-0.010189
0.050440
0.028321
0.021100
0.038985
0.003210
-0.041744
-0.020972
-0.028553
-0.001519
0.047772
0.048095
-0.043378
0.029505
0.038985
0.048672
0.004142
0.107759
0.043484
-0.008538
-0.012544
0.275161
0.010660
0.017065
0.061063
0.035843
0.049209
-0.045615
0.038422
0.050261
0.189446
-0.013241
-0.013224
-0.005166
0.054238
0.068971
-0.003135
0.018858
0.051210
0.050727
-0.095446
0.054624
-0.041094
-0.015059
-0.000592
-0.040074
0.030238
0.070429
-0.023297
0.024083
-0.019457
-0.007354
0.049368
0.008911
0.053072
0.049352
-0.021725
0.083962
-0.007597
0.005085
0.053133
0.006027
0.021851
0.023206
0.016515
0.057793
0.034578
-0.051788
0.031309
0.065969
0.001657
-0.039062
0.020178
0.019866
0.041337
-0.030052
-0.026516
-0.037778
0.054604
-0.002870
-0.024951
0.055815
0.011797
0.042517
-0.000735
0.037543
-0.000182
0.071067
0.092409
-0.010266
-0.027796
0.012166
0.190614
-0.025535
0.032103
0.044760
0.197421
-0.025418
0.064124
-0.006723
-0.002331
-0.006467
-0.000404
0.031229
0.024099
-0.068383
-0.019770
0.095202
-0.006942
0.011752
0.073238
-0.001340
-0.007073
0.025478
0.075325
0.006800
-0.006687
-0.002171
-0.042881
0.019239
0.074618
0.004874
-0.029941
-0.006901
0.058244
-0.021419
-0.033035
0.011623
0.119932
0.077591
0.020077
-0.033828
0.021885
0.010504
-0.001678
0.007956
0.092826
0.023524
0.025760
0.064184
-0.024721
0.068513
-0.005858
0.092352
0.022929
-0.066922
0.015552
-0.042338
0.126475
0.026682
-0.019057
0.052040
-0.041914
0.011000
0.008273
0.026227
0.057192
0.058396
-0.005585
-0.011943
0.018061
0.015232
0.056753
0.014610
0.028170
-0.038362
0.039128
0.011804
0.090903
-0.008315
-0.013535
0.061227
0.008437
-0.091808
0.042152
-0.025462
-0.029653
0.054613
-0.007890
0.073159
-0.008588
0.023069
0.027572
-0.087826
0.130612
0.011837
0.087536
-0.012006
0.008888
-0.000845
0.023860
-0.020732
0.023582
0.032748
-0.038089
0.038935
-0.012309
-0.010511
0.026727
0.104373
-0.012780
-0.002141
0.018540
0.068436
-0.047048
0.190503
0.011930
-0.036530
-0.022330
0.031211
0.044953
0.039783
0.117346
0.058526
0.069798
0.022478
-0.017562
0.059169
0.040133
0.006221
-0.034173
-0.057157
0.024473
-0.050411
0.070953
0.040195
-0.009561
0.051217
0.130776
-0.045425
0.000617
0.001429
0.081484
0.006885
-0.053894
0.006122
-0.035434
-0.005281
0.191105
0.025874
-0.005452
0.006919
0.060161
-0.012158
0.088706
0.033314
0.071825
0.072137
0.004032
-0.016828
0.042033
-0.009876
0.027752
0.039097
0.287798
0.034809
-0.018953
0.041283
0.019225
0.000179
-0.004480
0.014605
-0.008755
0.002594
0.047033
0.067824
0.023689
0.035689
0.006405
0.039051
0.134610
0.019868
0.049879
0.028708
0.076834
-0.017058
0.073171
0.046852
-0.028475
0.058001
0.046144
0.035105
0.062390
0.045358
0.039036
0.022662
-0.006987
0.035710
-0.023870
0.005772
-0.017315
-0.018658
0.159538
0.015560
-0.005823
0.037828
0.017658
0.069042
-0.029329
0.038737
0.282038
0.027122
-0.000442
0.060827
0.025841
0.508424
0.003248
-0.021220
-0.019519
0.044862
0.032323
0.013679
-0.006993
0.048565
-0.000186
-0.005481
-0.035251
0.001861
0.023103
0.087371
-0.014511
0.074842
0.024990
0.044230
-0.005452
0.019742
0.017174
0.148396
0.001314
0.020614
0.050566
-0.148077
0.057353
0.005780
0.002557
0.103314
0.008147
0.017117
0.000000
0.026262
-0.031254
0.037276
-0.007910
0.015743
0.000383
0.013088
0.016271
0.066872
0.024386
0.008378
-0.021703
0.000993
0.032928
-0.009831
0.030361
-0.045216
0.015113
0.051435
0.030217
0.036622
0.028723
-0.020517
0.004583
0.049986
-0.020854
0.019114
0.021813
-0.031068
0.009729
0.023360
0.031049
-0.010583
-0.036042
0.037302
0.001492
-0.019661
-0.024367
-0.002833
0.051812
-0.014096
0.081095
0.014205
0.027161
0.063992
0.014812
-0.037546
-0.044429
0.011940
0.020188
0.049433
-0.009966
-0.013027
0.035518
-0.000693
-0.010224
0.097412
-0.020564
0.094703
0.092277
0.028002
-0.038959
0.063819
-0.012951
0.003461
-0.049501
-0.055228
0.031441
-0.020730
-0.004863
0.009637
0.074708
0.058980
0.022746
-0.024383
-0.019213
0.015259
-0.018282
-0.034663
0.076587
0.081983
0.014733
-0.012403
0.038701
0.106092
0.019835
0.059068
-0.004209
-0.047855
0.001245
0.062574
-0.006960
-0.012613
-0.005184
-0.019921
0.018917
0.019057
0.021630
0.002001
0.007323
-0.024402
0.005599
0.013922
0.007665
-0.018796
-0.019186
0.189936
0.036480
0.066384
0.016775
0.032056
0.008557
-0.002121
-0.023207
0.051490
0.023567
0.024072
0.030436
0.139513
-0.005355
0.004156
0.024646
-0.022526
0.004772
0.009949
0.046721
0.005355
-0.075813
-0.048647
0.076538
0.022573
-0.041249
0.090433
-0.032036
0.060035
0.031484
0.011952
-0.004201
-0.012140
0.005653
0.050774
0.015045
-0.001027
0.015831
0.004176
-0.039644
0.013902
0.033208
0.022407
0.023006
0.078445
0.013164
0.028411
0.002677
0.042302
0.024868
-0.013058
-0.061562
-0.002255
0.061241
0.045105
0.039650
-0.005305
-0.021200
-0.019001
0.017196
0.039448
0.000929
0.054109
-0.079657
-0.031466
0.027871
0.014808
0.078974
0.004649
0.045853
0.116908
0.058675
0.006996
0.019659
-0.019808
0.017026
-0.039896
-0.037450
0.019233
-0.032806
0.044095
-0.022084
-0.031787
-0.008196
0.081727
-0.013814
0.014735
0.022600
0.010363
0.001127
0.032922
-0.017254
-0.002680
0.061023
0.022391
0.054351
-0.001172
0.058750
0.002139
0.034374
-0.028275
-0.023630
0.092466
0.008625
-0.049515
0.034169
0.021530
-0.030025
0.014798
0.036544
-0.000189
0.098237
0.019961
-0.052907
0.089566
0.056110
-0.033051
0.086755
0.065309
0.059849
0.153440
-0.013631
-0.021482
-0.014156
-0.001344
0.038117
0.001641
-0.012759
0.109851
0.043725
-0.003975
0.011018
0.059122
0.039306
0.016837
-0.067725
-0.013680
0.049504
0.012134
-0.009220
0.078775
-0.067161
0.021559
-0.038604
0.003290
0.111025
-0.019121
0.031934
-0.014418
0.149064
-0.002459
0.020180
0.007156
-0.037195
0.036477
0.347664
0.028252
-0.003394
0.027376
0.038756
0.027979
0.006609
0.053133
-0.028011
0.006094
0.044989
-0.035295
-0.021532
0.004055
0.032727
-0.041368
0.011889
-0.003618
-0.008887
-0.004917
-0.014251
0.036759
0.036973
0.002086
-0.028762
-0.061284
-0.032440
0.001511
0.025634
0.050494
0.000501
0.047846
-0.004322
-0.016343
0.070006
0.003940
0.082637
0.009005
0.014117
0.041770
0.028931
-0.013319
0.009423
-0.039879
0.027235
0.037247
0.034847
0.066678
0.065700
-0.004844
-0.008129
-0.011016
0.017441
-0.013109
0.021375
0.041923
0.024631
0.034534
0.071766
0.014797
-0.026696
0.182623
-0.001876
-0.076856
-0.015440
0.023659
0.009444
0.253880
-0.075215
0.002009
-0.041302
-0.022244
-0.016748
0.003030
0.000000
-0.030622
-0.007574
-0.005083
0.069046
-0.000715
0.009751
-0.024806
0.040376
0.001695
-0.042627
0.069153
-0.011243
0.035198
-0.003312
0.000000
-0.001738
-0.009414
-0.001614
0.000000
-0.030819
0.025548
-0.000478
0.015670
0.018133
-0.039437
-0.016789
0.038547
-0.007432
0.012598
-0.029221
0.016705
0.002175
0.035527
0.009569
0.022061
0.042862
-0.021498
0.018453
0.025900
-0.010848
0.041969
0.047182
-0.004141
-0.012763
-0.020130
-0.019595
-0.034137
0.046740
0.022523
-0.017341
0.039773
0.031537
0.060046
0.022018
-0.009560
0.019187
-0.014692
0.019474
-0.005169
0.034534
-0.009387
-0.013165
0.012567
0.136326
0.001639
0.026547
-0.028814
0.009437
-0.008801
0.062398
0.004710
0.013367
-0.018741
-0.000807
0.027796
0.028200
0.019968
-0.027984
-0.021371
0.176189
0.022101
0.015395
0.066586
0.027469
0.006270
0.008936
0.023926
0.009875
-0.116328
0.047644
-0.074639
0.051772
0.037124
0.014643
0.056312
0.064130
0.059364
-0.028105
0.085590
0.016534
0.060142
0.053293
0.057256
0.018516
0.012339
-0.002497
-0.023152
0.049800
0.059194
0.171874
0.070329
0.064594
-0.028383
0.073859
-0.038629
-0.024958
0.038243
0.000437
-0.010266
-0.026424
-0.004029
-0.009557
0.003738
0.003277
0.002654
0.001432
-0.016757
-0.009601
0.020820
-0.014361
0.028290
0.023013
0.130111
0.002978
-0.009105
-0.027622
0.033535
0.027834
0.046656
0.016299
0.026622
0.302112
0.018264
0.042827
0.071044
0.018945
-0.003939
0.039729
0.053863
0.023902
0.038728
0.022756
0.000811
0.009939
0.071203
0.008963
0.014119
-0.067520
0.011739
0.022389
0.031863
0.078664
0.038297
0.088847
-0.017121
0.075520
0.086722
0.009218
-0.058526
0.033154
-0.014806
0.057930
-0.032744
0.032688
0.004523
0.016959
-0.000568
0.037603
0.034329
0.039050
0.027050
-0.055985
-0.061189
-0.029770
0.072949
0.009850
0.130697
0.009411
-0.034310
0.019454
0.037994
-0.014527
0.032156
0.019348
0.128850
-0.029480
0.018792
0.041856
0.053281
0.064353
-0.017494
-0.006998
0.012490
0.049599
-0.031005
0.016272
0.113345
0.023769
0.043274
-0.016534
0.037130
0.017894
0.052425
0.226977
0.007983
0.052827
0.014938
0.002510
0.056439
-0.013347
0.035938
0.014806
0.006234
0.002578
0.010773
-0.007477
0.064050
-0.016244
-0.009187
0.017083
0.033622
0.206880
-0.001032
0.023163
0.025964
0.032700
-0.012119
0.013378
-0.002179
-0.027161
-0.006068
-0.018383
0.010178
0.082588
-0.011957
-0.008784
-0.020712
0.000648
-0.007178
-0.011248
0.081143
0.013841
0.024502
-0.039001
0.075188
-0.035607
-0.071757
0.098903
-0.000699
0.005878
0.041923
0.068760
0.040877
-0.040379
-0.020268
0.027703
0.032595
0.100319
0.000341
-0.049296
-0.003026
0.062266
-0.020705
-0.038862
0.018787
0.077062
0.018708
0.021778
0.012849
0.035958
0.029716
0.029414
0.000238
0.062413
0.014034
-0.029640
0.056682
0.073266
-0.001569
0.011272
0.012851
0.146446
0.004120
0.045873
0.005702
-0.025199
-0.034473
0.007019
-0.009251
-0.006871
0.071826
0.001927
-0.061465
0.000880
-0.024243
-0.018421
0.031814
-0.002508
0.089683
-0.001677
0.009915
0.052202
0.010548
0.037440
0.011298
-0.013705
-0.010277
0.000000
0.000000
0.000000
0.030488
0.005439
0.011622
0.080719
-0.012591
0.041822
0.026546
-0.034424
0.035324
0.009756
-0.004005
0.015457
-0.001446
-0.011141
-0.010801
0.013629
-0.009131
0.051789
0.019378
-0.000747
-0.005471
0.047866
0.044583
-0.015483
0.000000
0.010230
0.141059
-0.001895
0.014424
0.001428
-0.055783
-0.031933
0.010048
0.033121
0.003544
-0.000501
0.000000
0.001058
-0.028468
0.003460
0.001466
0.099654
0.039720
-0.003427
0.002974
-0.012022
0.081714
-0.010021
-0.019232
0.066325
-0.001494
0.030789
0.007333
-0.008103
0.021713
-0.006228
-0.011908
0.235067
0.016612
0.103072
-0.002055
-0.052890
0.080405
0.027098
-0.073509
0.003771
0.009119
-0.004870
-0.001810
0.008949
0.005229
0.023484
0.025458
0.029587
0.002236
0.000000
0.020426
0.000000
0.050783
0.025277
0.111148
0.076878
0.105368
0.011461
0.013185
-0.007997
-0.037981
-0.008419
0.020335
-0.004249
0.015453
0.000000
0.057830
-0.057244
0.035585
-0.009026
-0.005251
-0.007570
-0.000091
0.000000
-0.003979
-0.029875
-0.006721
-0.035366
0.032480
0.016126
-0.026372
0.054202
0.021236
0.009735
0.025119
0.074253
0.006985
-0.047016
0.022991
0.003612
0.084859
0.055766
-0.006483
0.071030
0.286176
0.078040
0.022479
-0.019087
0.000000
-0.010665
-0.034055
0.000402
-0.000381
-0.010899
0.045024
-0.022408
-0.031847
0.007272
0.014699
-0.041498
-0.015437
0.005191
0.025255
-0.013135
0.069568
-0.004160
0.000000
0.000000
0.000000
-0.001291
-0.004425
-0.022309
-0.006310
-0.011185
0.279233
-0.001309
0.005136
0.025687
-0.020553
-0.023821
0.076839
0.024644
0.007084
0.088895
0.087573
-0.017370
-0.047257
-0.030479
-0.011786
-0.100437
-0.014384
0.059902
0.095292
0.021549
0.057152
-0.007882
0.015572
0.098771
-0.232624
-0.025574
0.107407
-0.008119
0.012531
-0.024838
-0.015252
-0.001291
-0.014899
0.020580
0.081015
0.033712
0.029327
-0.011779
-0.042637
-0.031991
0.019168
-0.006148
0.086858
-0.037461
-0.025991
-0.049059
0.048166
0.100977
-0.059090
0.034758
0.006910
-0.018513
0.034783
0.013617
0.007281
-0.078838
-0.021564
-0.015692
0.021678
-0.000053
-0.057376
-0.006126
-0.008472
-0.000465
0.063179
0.001760
-0.022528
-0.026392
0.072893
-0.015267
0.026846
-0.000880
0.078905
0.030251
0.024710
-0.074186
-0.016040
-0.007772
0.031506
0.032831
-0.067921
0.021837
-0.007992
-0.046835
0.016484
-0.008998
0.033547
0.009141
-0.064025
-0.008760
-0.049777
-0.020649
0.001822
-0.036853
0.002399
-0.000453
-0.003688
0.023022
-0.040382
-0.007910
0.016219
-0.015925
-0.041614
-0.050093
0.074894
0.005313
0.012498
0.013807
0.011044
-0.065003
0.062073
-0.025331
0.005894
0.003714
-0.034081
-0.015757
0.003432
-0.007310
-0.010933
-0.011977
0.020109
0.046154
0.064815
-0.059451
0.010844
-0.018351
0.033938
0.007539
-0.011851
-0.046219
-0.060966
-0.048771
-0.045830
-0.018969
-0.075741
-0.030865
-0.012049
-0.007045
-0.004959
-0.053952
-0.000871
-0.019647
-0.015609
0.041014
0.045602
-0.016015
-0.006302
-0.011138
0.003897
0.026908
-0.011264
0.001837
0.004751
-0.120473
0.020108
0.019832
0.079281
-0.140450
0.041284
0.036058
-0.016718
0.002782
0.002757
0.008647
-0.004669
0.024617
0.112454
0.007936
0.001882
0.088286
-0.014065
-0.012765
0.101328
-0.013592
0.017659
-0.019532
0.041199
-0.014569
-0.029353
-0.053673
0.009693
0.028108
0.003408
0.121959
-0.023484
-0.031313
0.011621
-0.004048
-0.078664
-0.017391
-0.032082
-0.029927
-0.029143
-0.026068
0.024819
-0.044280
0.026152
-0.022218
0.013790
-0.025904
-0.013095
0.005951
-0.018362
0.045066
-0.023513
-0.006355
-0.076368
0.007181
-0.050663
0.016072
0.002601
-0.002651
-0.013842
0.025732
0.005352
-0.003019
0.015724
0.038352
-0.011507
0.067437
0.019810
0.004861
-0.021357
0.011208
-0.012242
0.028358
0.069837
0.004523
0.058433
0.056811
-0.006171
0.048436
0.003288
0.011124
0.000816
0.017900
0.068132
-0.025349
0.016575
-0.038958
0.008784
0.019248
-0.010146
-0.020953
0.000926
0.003346
-0.064280
-0.011803
-0.025988
-0.030889
-0.029255
-0.033838
0.021824
0.002019
-0.012595
0.028190
-0.034452
-0.028679
-0.000657
-0.004903
-0.043564
-0.031451
0.021390
-0.029546
-0.019567
0.005065
-0.031907
-0.009457
0.003117
0.058786
0.011506
-0.007899
0.013269
0.013797
0.010985
-0.033290
-0.034110
0.009924
0.053908
-0.033810
-0.001741
-0.000321
-0.008871
0.051546
0.010017
0.037088
0.019807
0.048176
-0.084014
-0.033403
0.003627
0.012687
0.009674
-0.005291
-0.003841
-0.046242
-0.006293
0.075757
0.060905
-0.042806
0.004073
-0.022052
0.030219
0.021850
-0.004357
-0.030579
0.051516
0.008237
0.011743
0.005507
-0.013100
0.006742
-0.062193
0.007489
0.017858
0.000886
-0.008227
-0.001249
-0.031322
-0.015103
-0.002740
0.004469
0.011845
-0.031319
-0.020483
-0.045023
-0.015274
-0.011431
-0.014642
-0.003255
-0.051697
-0.058176
0.012438
0.083846
0.013603
-0.024346
-0.026045
0.011601
0.052792
-0.019403
-0.033166
-0.020405
0.030972
-0.007113
0.014910
-0.040556
-0.015951
-0.003780
-0.012895
-0.043285
0.128815
-0.044996
-0.008920
-0.015793
0.058462
-0.053864
0.032677
-0.000391
-0.019592
-0.018507
-0.013013
0.032254
-0.006082
0.006014
0.046871
-0.081253
0.004021
0.018038
