0.002233
0.002096
0.010451
-0.017446
0.015463
-0.014203
-0.015278
-0.011947
0.035078
0.000375
0.002535
-0.006705
0.020588
0.004888
-0.003129
-0.010899
0.040230
-0.001773
0.027449
0.010693
0.008944
-0.020613
-0.012206
-0.004128
0.024595
0.000749
0.057731
0.019242
-0.016501
-0.001544
0.024310
0.013578
0.042125
0.021694
-0.009131
0.087929
0.053538
0.003222
-0.010685
-0.002256
0.001869
0.017252
-0.004259
0.033936
-0.006839
-0.019097
-0.001806
0.016593
0.000672
-0.009029
-0.002498
0.009723
0.011927
-0.022116
0.025460
-0.008876
-0.007612
0.004616
-0.039846
0.013353
-0.011718
0.024541
-0.014295
0.002641
0.017244
-0.016693
-0.005116
-0.008227
-0.000524
-0.019947
0.004168
-0.007757
0.029495
0.091635
-0.005762
0.040670
0.005428
-0.012462
0.008532
-0.000125
-0.025845
-0.003645
-0.002113
0.050283
0.002611
0.008454
-0.038400
0.005107
0.018184
-0.005801
-0.044433
-0.009705
0.027423
0.043073
-0.033318
0.008854
-0.010158
0.045763
0.008668
0.037180
0.014293
-0.026519
0.006418
-0.015459
0.004266
0.010826
0.007984
0.015551
0.011637
0.051791
0.034830
0.020618
0.091179
-0.000598
-0.005972
-0.010783
0.286287
-0.001674
0.007845
0.002354
-0.020119
0.003034
-0.005548
0.007661
-0.009057
0.006825
0.015613
-0.002737
-0.003184
0.064093
0.011562
0.013224
0.005069
0.032306
0.006773
-0.013272
-0.011594
0.002504
0.022424
-0.014323
-0.014674
0.013468
-0.029856
-0.010144
-0.002011
-0.006833
0.012501
0.004918
0.041490
-0.013075
-0.005508
0.013084
-0.033019
-0.003302
-0.018668
0.010364
-0.002854
-0.023592
0.006077
0.023045
0.010122
-0.051478
0.007203
0.074278
0.000000
0.000000
0.000000
-0.021436
0.001804
-0.002552
-0.101723
0.000000
0.000000
0.000000
0.000000
0.000000
0.018078
0.005956
0.023770
-0.028964
0.003891
-0.025298
-0.040975
0.271185
-0.018418
-0.024944
-0.002745
0.017242
0.156010
0.009609
0.033623
-0.001033
-0.003905
0.010850
-0.012505
-0.004439
0.000615
0.019769
-0.012650
0.002908
-0.006929
0.033495
-0.007712
-0.003216
-0.000322
-0.003306
0.056592
0.031737
0.000000
0.000000
-0.010911
0.017743
-0.002875
0.014529
0.012513
0.006656
0.338776
0.000000
0.000000
0.000000
0.000000
0.000000
0.000000
0.000000
0.001415
0.108783
-0.010773
0.017465
-0.007614
-0.025087
-0.003822
-0.000011
-0.009832
-0.015077
-0.005450
0.035679
-0.022157
-0.016551
-0.012229
-0.011690
0.076379
-0.013345
0.023130
-0.004705
-0.023015
0.004497
-0.005949
0.031151
0.046432
0.004391
-0.009369
-0.001606
-0.056307
0.000593
-0.004755
0.013123
0.000865
0.005100
0.003158
-0.006519
-0.008245
-0.024094
0.027512
0.020539
-0.043622
0.021284
-0.029491
-0.006229
0.010015
0.023971
0.047393
-0.021702
0.040866
0.008311
0.004900
0.021142
0.005584
0.012432
-0.011468
-0.045314
0.019201
-0.003727
0.035104
-0.019530
0.000179
0.001094
0.001114
0.037532
-0.002946
-0.009624
0.014853
0.073078
0.010291
-0.022281
-0.011734
0.003074
-0.004281
0.005170
0.031960
-0.002397
0.020811
-0.020762
0.000041
-0.016856
-0.018166
-0.007116
-0.003683
0.777279
0.011692
0.008644
-0.012561
0.002345
-0.010292
0.033303
0.010663
-0.022969
0.014029
-0.018891
0.008165
-0.021086
-0.008493
0.003474
0.073586
0.012889
-0.009043
-0.011843
0.001052
0.001051
-0.010030
0.038139
-0.005602
0.001786
0.005771
0.008945
-0.003010
0.000119
-0.006922
0.008550
-0.003961
-0.002767
0.022386
-0.000795
0.000060
-0.001201
0.007535
0.046316
0.000060
0.011231
0.064465
0.000085
-0.009070
0.039845
-0.011981
-0.014292
0.004354
-0.019549
0.013101
0.000090
0.049110
0.007783
0.022896
0.007649
-0.006691
0.095789
0.030130
0.006792
0.012132
-0.018412
-0.004106
-0.016159
-0.001080
0.015723
0.001883
-0.008856
-0.032834
-0.003376
-0.067453
0.005342
0.004583
0.063942
0.000456
0.000257
-0.003264
-0.016295
-0.008788
-0.017585
0.006439
-0.007553
0.028848
-0.008470
0.017503
-0.007481
0.000630
-0.006338
0.022002
0.020356
0.012509
-0.005099
-0.014167
-0.022536
-0.005157
0.013935
0.021797
0.081463
-0.008686
-0.006988
0.045917
0.006031
-0.013767
-0.029192
-0.003624
0.072643
-0.001938
0.001679
-0.019820
0.002511
0.038370
-0.004609
0.036277
0.011361
-0.002880
-0.014261
0.008048
-0.003199
-0.006838
0.009754
-0.012874
0.031201
-0.016235
0.005440
0.075643
0.041043
-0.006079
-0.011738
0.028927
-0.011473
0.001428
-0.016577
-0.024824
-0.005876
0.022476
-0.006700
0.000484
0.010644
-0.008064
-0.040066
-0.019197
0.001679
0.026742
-0.020665
0.002521
-0.000845
-0.000053
-0.008000
0.174897
-0.027965
-0.000543
-0.014214
0.015876
-0.007275
0.040974
0.002223
0.001051
-0.004919
0.023141
-0.007515
0.014952
0.000001
-0.019188
0.013739
0.006580
-0.003151
-0.004714
0.015990
-0.013997
0.007761
-0.003867
-0.036302
0.010464
-0.027327
-0.005348
0.014117
-0.000911
-0.022034
-0.039023
-0.013119
-0.021965
0.008868
-0.005788
0.000319
0.032265
-0.008294
0.007524
-0.014952
0.000342
-0.015994
-0.027561
0.020042
-0.005937
0.008844
-0.006395
-0.013687
0.019870
-0.012480
0.015040
-0.000523
-0.019953
0.027064
0.000169
0.007289
0.017623
-0.032295
0.009486
0.000536
-0.021535
-0.015225
-0.002277
-0.022769
-0.024649
-0.032669
0.009249
-0.003727
0.007763
-0.003142
0.037576
0.013163
0.010157
0.050354
0.039071
-0.004544
0.001519
-0.011066
0.035673
0.061443
-0.012524
-0.022566
0.000439
0.003111
0.000536
0.039129
-0.014767
-0.009685
-0.003540
0.007981
-0.029259
-0.016655
-0.019916
-0.009939
0.063053
-0.005251
-0.017238
0.000225
-0.050062
-0.005803
-0.024503
0.007247
0.030974
0.008364
-0.000241
0.013581
-0.004599
0.000460
0.086696
-0.021347
0.020857
-0.005317
-0.042667
-0.039094
-0.022147
0.010194
-0.011923
0.021800
0.011697
-0.005610
-0.009559
-0.003653
0.027976
0.020836
0.018002
0.006067
0.019651
-0.007997
0.005684
-0.010403
-0.001826
0.009106
-0.001261
-0.034174
0.034055
-0.013133
-0.008508
-0.015090
0.006734
0.053625
-0.002724
0.006546
0.002365
-0.001132
-0.012408
0.002560
0.013095
0.003783
0.044538
0.008851
-0.027069
0.058897
0.006896
-0.020237
-0.004257
0.022600
0.005590
-0.003406
0.038192
0.011713
0.023982
0.014838
0.007022
-0.002855
-0.035592
-0.008799
0.011454
0.003648
0.005746
-0.019008
0.033625
0.038377
0.003932
-0.017595
0.001781
-0.006377
-0.011707
-0.007748
0.108903
-0.002809
0.019685
-0.006061
-0.014272
-0.003469
0.018824
-0.008041
-0.009218
-0.008071
0.002112
0.033188
0.008481
-0.002330
-0.020350
0.006430
-0.025875
-0.001836
0.026680
0.002943
-0.007479
-0.002597
0.001395
-0.028705
-0.005497
-0.028907
0.014072
0.008074
0.011754
-0.003073
-0.044920
-0.001915
-0.016512
0.006645
-0.002762
-0.004682
0.003648
0.029263
0.001643
0.013168
0.013149
-0.013459
0.027777
-0.001152
-0.010926
-0.003186
0.011801
0.007022
0.024048
0.012334
0.003708
0.031919
0.214429
0.062593
-0.011095
0.012959
-0.016662
0.000498
0.004726
-0.003611
-0.007704
-0.009623
-0.009484
0.001510
-0.011833
0.007346
-0.006193
-0.011938
-0.003633
0.001600
0.001822
0.006144
-0.009169
-0.007523
-0.023702
-0.021249
0.064117
-0.011608
-0.003022
-0.027709
-0.013613
0.038587
-0.045168
-0.003271
0.010401
-0.001217
-0.013574
0.000482
-0.074961
0.009207
0.023907
-0.043570
0.002358
-0.025889
0.013658
-0.001716
0.003329
0.008788
-0.015697
0.004380
0.017420
0.000788
0.020790
0.139914
-0.024326
0.003975
-0.005659
0.045480
-0.012932
0.007933
-0.003777
-0.028935
0.016164
0.013517
0.011017
-0.001670
-0.025595
-0.002167
0.021028
-0.014101
0.010051
-0.033004
0.014983
-0.037906
0.044974
-0.017104
0.024848
-0.022324
0.118128
0.001684
0.020625
0.036229
0.059774
0.003173
-0.029249
0.020862
0.035539
0.018082
-0.006400
0.011406
0.016394
0.000176
-0.004248
-0.018014
0.041479
0.008707
-0.012277
-0.003410
0.000999
0.049135
0.005771
0.045242
0.022282
-0.000998
-0.015144
-0.001433
-0.003159
-0.006827
0.003509
0.016005
-0.017299
0.010180
0.019973
-0.004668
0.016648
0.004361
0.004244
-0.007658
0.001601
0.019355
0.022100
0.010688
0.028095
0.007886
0.019605
0.175553
-0.009425
0.084917
0.000175
0.010052
0.000490
0.014457
0.014987
0.005834
0.008140
0.032805
-0.002433
0.007426
-0.004516
-0.010456
0.010759
0.097633
-0.011986
0.023899
0.011683
-0.011991
0.011336
0.063259
0.013837
0.041500
0.064319
0.368002
-0.040475
-0.052212
-0.002811
0.001600
0.025193
-0.004913
0.003561
-0.022762
-0.022105
0.006096
0.014879
0.008335
0.033421
0.003059
0.007063
0.001750
0.026512
-0.019632
-0.026428
-0.007757
-0.002009
0.004646
-0.021989
-0.021560
0.035415
-0.010432
-0.006734
-0.004051
0.001803
0.044813
0.009013
0.027183
0.034243
0.037832
-0.019969
0.002572
0.015759
0.090256
0.002552
-0.001303
0.023321
0.053587
0.020799
0.002641
-0.023067
-0.073709
0.001970
-0.044749
-0.002742
-0.019833
-0.003268
0.011213
0.040967
0.013352
0.002639
0.011960
0.010329
-0.024426
-0.026103
-0.008671
-0.005473
0.013243
0.003067
-0.001370
0.003139
0.037060
-0.009498
-0.006353
-0.093180
0.004177
-0.026403
0.003682
0.037874
-0.004485
0.009327
-0.001035
0.077963
-0.013207
-0.009355
-0.001018
-0.005863
-0.009863
0.009546
-0.011021
0.001665
0.032363
-0.004298
0.007014
0.001014
-0.013590
-0.024760
0.012042
-0.016182
0.009131
-0.009943
-0.006731
-0.044389
-0.002986
0.012241
0.049611
-0.014147
-0.032612
0.000705
-0.004793
0.019700
0.027945
-0.000057
-0.008218
-0.030632
-0.024553
0.009515
0.008048
0.008338
-0.043512
0.000202
0.008969
0.047214
-0.001366
0.024039
-0.000957
0.004695
0.050309
0.006456
-0.016409
-0.002738
0.040705
-0.000154
0.020725
0.000534
-0.030497
0.010695
0.028774
0.006088
-0.049861
0.016241
0.002607
-0.033975
0.009175
-0.010897
-0.001347
0.021103
0.099821
-0.022273
-0.012846
0.081220
0.113776
0.034007
-0.024766
-0.009999
-0.025878
0.014189
-0.004492
-0.000976
-0.021734
-0.002568
-0.007454
-0.020003
0.000280
-0.015745
-0.001579
-0.011174
0.000280
-0.028939
0.010289
0.174040
0.014594
0.008027
-0.011317
-0.017601
0.018004
0.000036
0.058734
0.026456
0.015156
0.031172
-0.005349
-0.020478
0.009585
0.017787
-0.002548
-0.008515
-0.005619
-0.010958
0.009184
0.016341
0.006348
0.066654
0.004418
0.019295
0.004168
0.043187
0.000573
-0.009802
0.040994
-0.002943
0.005848
-0.015325
0.010500
-0.000317
0.022056
0.009637
-0.006578
-0.000076
0.007233
0.022826
0.016081
-0.004157
0.005654
0.001587
-0.052923
0.007269
-0.012643
-0.011537
0.008208
-0.031207
0.003216
-0.005125
-0.015085
-0.009378
-0.000385
0.059613
0.119894
0.043595
-0.011765
-0.016629
-0.013896
0.028242
0.056178
0.029438
-0.000424
0.007091
0.004596
-0.003004
0.001943
0.000985
-0.000474
-0.015682
0.019625
0.014973
-0.017016
-0.001149
0.023201
0.083861
-0.036744
-0.003172
-0.012130
-0.013952
0.000758
-0.001657
0.052352
0.008789
0.009141
-0.019527
-0.001633
-0.018032
-0.002964
0.001216
0.003249
0.014435
-0.010148
0.007992
0.011375
-0.021801
-0.015547
-0.024976
-0.009102
-0.004652
0.006217
-0.009670
-0.011669
-0.020578
-0.004069
-0.014631
0.007954
0.137838
0.018579
-0.008746
0.011850
0.007528
0.042201
-0.000597
-0.024799
0.012402
-0.003444
-0.007868
-0.002505
-0.012332
-0.019884
0.002145
-0.012133
0.015620
-0.005797
0.011201
-0.005750
0.048292
0.014946
0.041182
0.001690
0.076174
0.014175
0.020051
0.060895
0.012577
0.015405
0.028362
-0.008004
0.003670
-0.121186
0.002784
-0.020732
-0.028021
0.001125
0.016862
-0.002314
-0.020603
-0.029300
0.009189
0.016297
-0.000772
0.211108
0.024625
0.003925
-0.004151
0.020167
-0.046566
0.035133
0.000825
0.017953
-0.023467
0.001188
-0.001566
0.003134
-0.021723
0.047276
0.003887
0.014928
-0.023964
0.072283
0.007925
0.004424
0.005021
-0.010890
0.014966
0.007325
0.010694
-0.009135
-0.001660
-0.006612
0.008881
0.049825
-0.002070
-0.018141
0.007919
-0.004361
-0.036869
0.033393
-0.000931
-0.008829
-0.027979
0.012592
0.010963
0.001131
0.007035
0.007893
-0.021969
-0.003156
0.005640
-0.005827
-0.002947
-0.011753
-0.006360
-0.003706
-0.022102
-0.003611
-0.020306
0.030327
0.006487
0.008657
-0.004787
-0.001254
-0.016852
-0.000439
0.004634
-0.004395
0.010857
0.033580
0.007649
0.017975
-0.016839
0.059373
0.006983
0.009895
-0.002025
0.010380
-0.001487
-0.056064
-0.000095
-0.028964
0.007443
-0.006408
0.000201
0.012598
-0.035438
-0.006387
-0.006357
-0.006921
0.097411
0.113117
0.051305
0.000316
-0.027882
0.026678
-0.007911
-0.026953
0.021514
0.006019
0.081677
-0.020279
0.023413
-0.004374
0.002686
-0.026936
-0.009696
-0.033951
-0.000043
0.005570
0.006096
-0.024896
-0.007034
-0.016217
0.020801
0.000856
-0.044972
0.001413
-0.016496
0.004450
0.005995
-0.034247
-0.010774
0.028388
0.004032
0.050252
-0.023070
-0.000367
-0.005523
-0.012355
-0.020594
0.015551
-0.003622
0.038276
-0.000269
0.051769
0.021501
-0.055799
0.003739
0.002492
-0.002276
-0.016404
-0.015670
0.053931
0.001845
-0.013652
-0.029152
-0.003735
0.013490
0.020537
-0.028247
0.010755
0.067773
-0.003728
-0.007759
-0.005751
-0.020197
0.000578
-0.008220
0.068383
0.028686
-0.003034
-0.000052
-0.008342
0.018256
-0.006159
-0.020363
0.018388
0.001372
-0.019240
0.051156
0.006343
-0.009231
-0.023776
-0.003191
0.000820
-0.016956
0.039488
0.001767
0.025956
0.000636
-0.003450
-0.017476
0.032500
-0.008827
-0.002418
0.005652
-0.005287
0.003619
0.004371
0.019531
-0.012277
0.022415
-0.033563
-0.014719
-0.009556
-0.004608
0.035104
0.037749
0.007620
-0.006446
0.000417
0.000219
-0.023317
0.004077
-0.019659
-0.067164
-0.025143
0.010235
-0.054490
-0.005466
-0.007915
-0.008491
-0.006993
0.006951
-0.003204
-0.035230
0.007900
-0.006844
-0.015597
-0.003644
0.004898
-0.007305
0.001878
-0.003895
0.007800
-0.003374
-0.000932
0.004215
-0.008011
-0.005366
0.001436
0.023068
0.090959
0.004759
-0.015974
-0.031331
0.001064
0.001240
0.005766
-0.001259
-0.020824
0.000127
-0.019586
0.011212
0.052332
0.007501
-0.008171
0.014967
-0.035959
-0.005826
0.017378
-0.004693
-0.017045
-0.019680
0.075537
-0.010999
0.009679
-0.008787
-0.018731
0.012038
0.007177
-0.002586
-0.000169
-0.010616
0.024363
0.002225
0.007639
0.015974
-0.016234
-0.007432
0.011394
0.026367
0.002747
0.017072
-0.005388
0.025976
0.008598
0.016076
0.029545
-0.012042
-0.006452
-0.015217
0.046312
-0.000477
0.045003
-0.024944
0.035685
-0.003996
0.002608
0.011077
0.028172
-0.010712
-0.007067
0.009034
0.000171
-0.018346
0.001910
0.117986
-0.008631
-0.008130
0.001248
-0.004379
0.007306
-0.012371
0.000832
0.015388
0.010750
-0.056083
0.001300
0.018737
-0.043573
-0.001710
-0.002918
-0.002187
0.020567
-0.010340
0.004228
-0.012657
-0.013298
-0.015773
0.012121
-0.014062
0.014687
-0.003932
0.007636
0.000193
0.018604
0.013010
-0.007115
-0.014681
-0.006574
-0.004069
-0.002008
0.033626
0.021583
0.001802
0.020372
-0.009990
-0.009476
-0.010041
0.016473
0.011677
-0.003419
0.045861
0.022601
-0.008167
0.015408
0.024216
-0.007215
0.009301
0.003248
-0.016591
0.003026
-0.005840
0.010274
0.031232
0.017295
-0.007455
0.047278
0.022067
-0.009237
-0.004853
0.061007
-0.034769
0.000007
0.012541
-0.014412
0.026828
-0.037635
-0.006243
0.002021
-0.006606
0.001499
-0.011653
-0.003603
0.004004
0.016836
0.101417
0.024081
-0.007359
-0.006151
-0.008883
0.010272
0.014831
-0.004956
-0.008961
-0.008277
0.002146
0.009927
-0.003759
-0.002464
0.010900
-0.013357
0.011811
0.000690
0.011840
-0.059423
-0.022833
-0.009357
-0.009494
0.006254
-0.002725
-0.006304
0.009051
0.248414
0.009217
0.043987
-0.007672
0.004735
0.006104
-0.009462
0.012478
0.000581
0.023384
0.005803
-0.001700
0.008484
-0.008480
0.003830
-0.009152
0.003340
-0.010812
0.034784
0.004787
0.018086
0.003479
-0.011625
0.002772
0.057578
-0.030975
0.000413
0.007702
-0.001979
-0.007465
-0.007299
-0.003169
0.073923
0.000066
0.002249
0.003543
0.017162
-0.028942
0.016048
-0.001272
0.006180
-0.000276
0.002148
0.012641
0.029767
-0.016764
-0.032685
0.018710
-0.006671
-0.012639
-0.001605
-0.021833
-0.004207
-0.000521
0.011828
-0.013464
0.000835
0.015593
0.036241
0.044607
0.022284
0.034606
0.094279
-0.024582
0.038923
0.025406
0.010778
0.001477
0.016719
0.003878
0.023324
0.005788
-0.006242
-0.003623
0.026595
-0.007889
-0.007011
-0.042464
-0.005510
-0.018012
-0.021197
0.000177
0.012453
-0.018965
-0.009686
-0.014573
-0.016528
0.004797
-0.007493
-0.007487
0.040460
0.003973
-0.006614
0.008269
0.006090
-0.007554
0.010269
0.101293
-0.005142
0.012391
-0.003075
-0.008339
-0.007664
0.017371
0.006421
-0.015023
0.019979
-0.013419
-0.003000
0.015066
-0.012016
-0.002991
-0.047115
0.025162
-0.004870
-0.009899
-0.007438
-0.016704
0.001192
0.029830
0.009375
0.006246
0.016329
0.002735
0.101284
-0.017270
-0.014140
-0.024700
0.022939
-0.048670
0.000180
-0.011945
0.052925
0.008399
-0.005401
0.011102
-0.002432
0.000598
-0.005411
0.020769
-0.011782
0.022105
-0.002447
0.016066
-0.014826
0.092043
0.018749
-0.015546
-0.008726
0.020320
-0.007185
-0.016046
-0.010307
0.008807
0.002945
0.001730
-0.018692
-0.019995
0.043924
0.011081
0.004218
-0.003660
-0.020772
0.002657
-0.010503
0.033798
-0.006912
0.032120
0.009441
0.004233
0.010976
0.022628
0.057557
0.019534
-0.013459
0.002290
-0.016868
-0.000951
0.016969
0.030258
0.008132
-0.024235
-0.018669
0.007693
-0.013323
0.003784
0.007473
0.000465
0.023170
-0.016939
-0.034964
-0.026739
0.048585
-0.004635
0.010591
0.007180
0.088683
-0.001494
0.012897
-0.012401
0.006545
0.005018
0.001089
-0.040013
-0.005943
-0.015205
-0.000440
0.062313
-0.011564
-0.008377
-0.004288
-0.018317
0.005380
-0.003785
-0.025475
0.011183
0.062638
-0.016039
0.027344
0.022274
-0.021529
0.015512
-0.008677
-0.005340
-0.010017
-0.009672
0.001290
-0.004670
-0.016143
-0.002505
0.008661
-0.001953
-0.006241
0.020546
-0.022413
0.023425
0.022539
0.009724
-0.009253
-0.018027
0.025109
0.003831
0.009542
0.007935
0.007424
0.012692
0.004620
-0.014273
0.056380
-0.013700
0.003067
0.027319
-0.008730
-0.010306
0.006076
-0.007687
-0.013253
0.062221
-0.009256
0.009945
-0.017067
0.007733
0.011126
0.009546
0.060463
0.008874
0.131582
-0.032356
0.020376
-0.026062
-0.009632
0.028768
-0.010409
0.034487
-0.007035
0.006019
-0.000812
0.029591
0.033050
-0.013908
-0.006622
0.005701
0.006137
0.064681
-0.004403
0.007483
0.242515
-0.009956
0.004683
-0.003102
0.025209
0.029693
0.004731
0.066885
0.008375
-0.001077
0.011803
0.018573
-0.019001
-0.014414
-0.003298
-0.003488
-0.005712
-0.022640
0.005670
-0.001456
0.003985
-0.002111
0.001043
0.027753
-0.013360
-0.000698
0.069867
-0.011165
-0.010554
-0.001580
0.010309
-0.032433
-0.004806
0.022698
-0.027272
0.000640
-0.011931
0.000000
0.000000
0.000000
0.001297
0.022677
-0.007129
-0.005060
-0.015721
0.019232
0.010342
-0.005239
0.049688
-0.005569
-0.012984
0.001242
0.004151
-0.024502
0.022386
0.004171
0.008172
0.022352
-0.021400
0.005090
0.002944
-0.013370
-0.031572
-0.029909
0.009766
-0.001194
-0.013577
-0.003217
-0.025877
-0.007808
0.034413
-0.004101
0.051919
0.029443
-0.010698
0.052362
-0.012646
-0.000639
-0.021501
0.023058
-0.029620
0.013491
-0.011193
-0.003850
0.048230
-0.017825
0.006805
0.017425
-0.015264
0.022317
0.026836
-0.032420
-0.009252
-0.026656
-0.004263
-0.012980
-0.003495
-0.018697
0.055298
-0.001816
-0.004852
-0.020900
0.003721
0.005946
0.020520
-0.017787
0.017143
0.013178
-0.001304
0.062571
-0.020935
-0.020027
0.022235
-0.004698
0.007839
0.001395
0.022455
0.018291
0.026092
-0.008623
0.002504
0.011869
-0.018670
0.042699
-0.016353
0.010619
0.007544
-0.020003
-0.003091
0.014296
-0.017987
-0.006184
-0.019185
-0.014194
-0.007629
-0.024418
0.013963
0.024049
0.010716
-0.014446
0.000961
0.038413
-0.008535
-0.003709
-0.014258
-0.012761
-0.045928
-0.003402
-0.011880
-0.014984
-0.007532
0.037508
-0.022316
0.054564
0.000074
0.081937
-0.012416
-0.007456
0.000128
-0.011493
0.012375
-0.000892
-0.003500
-0.005279
0.035892
0.003543
0.034705
0.054390
-0.002157
-0.004902
0.015283
0.019414
-0.014875
0.022596
-0.026345
-0.000773
0.009797
0.026623
0.018009
-0.018299
0.002904
-0.053763
-0.002750
-0.004022
-0.011480
-0.007806
0.023695
-0.007842
0.014330
0.002552
-0.013649
-0.013204
0.000326
0.004807
-0.016898
-0.003268
0.058400
0.002437
-0.003146
0.021116
0.033070
0.011120
0.008082
-0.006300
0.000188
-0.001186
-0.027169
0.027746
-0.003655
0.001083
-0.037285
0.039578
-0.004461
-0.038454
-0.003211
0.011351
-0.014532
0.014570
0.019105
0.026577
-0.007102
0.000494
0.091727
-0.013379
0.016164
0.020961
0.079301
0.007158
0.137975
0.047876
0.103563
0.023327
0.042288
0.003734
-0.010176
0.013470
0.002462
0.029916
0.001181
0.017777
0.014517
0.013900
-0.003527
-0.023573
0.022244
-0.002304
0.005363
-0.021600
-0.006767
-0.006255
-0.000402
-0.005909
-0.015551
0.057267
0.015758
-0.017909
-0.014284
0.002497
0.032663
-0.028376
0.023620
-0.020880
0.000026
0.059218
-0.037155
0.000398
-0.028923
-0.009747
0.021262
0.036524
0.000640
-0.011045
0.013173
-0.023069
-0.016047
-0.043832
0.004338
-0.008724
-0.004955
-0.001201
-0.009820
0.023059
-0.001077
0.014818
0.034104
0.023276
-0.005298
-0.002132
-0.001816
0.007356
0.007423
-0.018517
-0.010675
0.037473
0.009755
-0.023761
-0.015051
-0.000936
0.009142
0.004797
0.007834
-0.005127
-0.002914
0.004274
-0.016353
-0.004780
0.009275
0.042347
0.016357
-0.010598
0.012072
-0.014746
-0.006282
0.057454
-0.001341
-0.003947
-0.004287
0.000013
0.065972
-0.001934
0.002008
-0.008490
0.020657
0.027413
0.002589
-0.005339
0.008876
0.009486
-0.001188
-0.022949
0.002252
0.004455
0.015706
0.002303
0.047857
0.006472
0.003231
-0.015201
0.002831
-0.004236
-0.022405
-0.003534
-0.015554
-0.019357
0.026430
-0.000805
-0.013474
0.010889
-0.001952
0.000881
-0.057806
-0.026974
-0.035151
0.011150
-0.010813
-0.002961
-0.018516
0.009923
-0.002799
0.013505
-0.019925
-0.028798
-0.012848
0.002755
-0.004846
-0.069227
-0.014165
0.003005
-0.003806
-0.096079
-0.005359
-0.007738
-0.017750
0.025632
-0.012620
0.037722
0.005913
-0.011816
-0.023600
-0.021593
-0.003870
-0.008969
-0.021540
0.001271
0.017565
-0.003807
0.001982
-0.038773
-0.015949
0.006467
-0.001864
0.067307
0.005458
-0.001300
0.019187
0.332654
0.108725
0.003126
0.002280
0.004362
-0.002695
0.003330
0.034900
0.003747
0.236153
-0.000105
-0.008726
-0.027135
-0.012502
-0.016961
-0.069292
-0.003804
-0.006898
0.027829
0.005083
0.019526
0.022703
0.008711
-0.023267
-0.019745
0.000985
-0.001619
-0.008278
0.004238
-0.008533
0.008158
0.003746
0.059393
-0.024658
-0.011145
-0.004432
-0.008027
0.115656
-0.016443
-0.001258
-0.031045
0.011910
0.041341
-0.021424
-0.001189
-0.004202
0.024248
-0.000284
0.002635
-0.006428
0.002019
-0.019790
0.000799
0.014592
-0.028493
-0.005887
0.005351
0.002327
-0.002736
0.002965
0.009637
0.001816
0.092909
-0.017554
-0.008027
0.040978
-0.002759
-0.011052
-0.012779
-0.003654
0.001746
0.018568
-0.010134
0.002395
0.007307
-0.019627
0.004293
0.028818
-0.008139
-0.018943
0.042176
-0.019819
0.000048
0.073915
0.001089
-0.019890
0.034893
-0.000933
-0.010754
-0.014093
-0.019073
0.004306
0.000494
0.005469
-0.017355
0.018815
0.044870
0.006455
0.001665
0.002879
-0.013016
0.007014
0.054917
-0.020881
-0.002910
0.004067
-0.011805
-0.001750
-0.014321
0.009541
0.123356
0.005177
-0.007581
-0.010665
0.019294
0.005558
0.002575
0.009785
0.229620
0.066479
-0.001545
-0.044356
0.031564
0.018710
0.008093
0.142971
0.008528
-0.025661
0.000381
-0.011508
0.013821
0.001722
0.001782
-0.024979
-0.007090
-0.011180
-0.033850
-0.003107
-0.014732
-0.013647
0.004558
-0.024547
-0.004207
0.003983
0.012110
-0.018828
0.006433
-0.028641
0.006664
-0.000692
0.010531
0.017067
-0.001717
-0.006240
0.011666
0.008830
-0.003084
-0.000945
0.093566
-0.004815
0.045672
0.006912
0.017553
0.005487
0.035732
-0.028021
0.028815
0.004465
0.017073
-0.000607
0.010897
0.016878
0.067344
0.015378
0.016585
-0.001787
-0.011240
0.018219
-0.018310
0.012336
0.004273
0.080828
-0.006512
0.019625
-0.020581
-0.025229
0.016317
0.007675
0.038481
0.017682
-0.005921
-0.012736
0.013839
0.004061
0.000246
0.008566
-0.031905
-0.005933
-0.001709
-0.000511
0.099316
-0.025280
-0.007670
-0.009098
0.022900
0.026330
0.005342
-0.006575
0.006791
-0.005513
0.026108
-0.032903
0.001766
0.017323
-0.010980
0.012307
-0.012921
0.014601
0.005237
0.172228
-0.029619
0.009908
0.003397
0.016864
-0.008920
0.003271
-0.012586
-0.004595
-0.023435
-0.005526
0.051170
0.001165
-0.001106
-0.023342
0.011308
0.025640
-0.007729
0.007914
-0.026668
0.039974
0.027588
-0.002923
-0.009350
0.011369
0.019596
0.008143
0.012790
-0.026253
0.000190
-0.011843
-0.000024
0.106384
0.016257
-0.002034
0.038589
0.005539
0.030627
0.004200
0.011935
-0.011991
0.001765
0.006845
0.003239
-0.001020
-0.007067
-0.003873
0.029863
-0.010718
-0.001220
0.006951
0.017549
-0.021307
-0.009219
0.002730
0.012931
0.028489
0.007964
-0.015534
-0.008310
0.007351
-0.009560
-0.004152
-0.001747
0.032005
-0.018529
0.015266
0.002755
0.002160
0.014784
0.006609
0.014856
0.003489
0.019636
-0.002919
0.028797
0.002870
0.019403
-0.005414
0.017467
-0.007583
0.030582
-0.024428
-0.001164
0.021869
-0.005380
0.002076
0.000609
0.008364
-0.017726
-0.017016
0.006657
0.006032
0.007905
0.004762
0.046628
0.007909
0.031458
-0.000192
0.012241
0.003785
-0.006254
-0.001269
0.018164
0.012182
0.010312
0.009077
-0.003774
0.000257
0.002695
-0.025244
-0.022139
0.003045
0.081116
0.024768
-0.024300
0.047761
-0.008219
0.015485
0.030679
-0.013984
-0.004272
0.001753
0.006251
0.034371
0.046842
0.027266
-0.004175
0.008688
0.009588
0.011062
0.000124
0.002147
-0.001429
0.028088
0.009999
-0.007113
0.000304
-0.002083
0.020035
0.003836
-0.006773
-0.036308
0.012009
0.006960
-0.020226
-0.003026
0.018295
-0.001129
0.057952
0.004043
-0.004105
-0.011672
-0.020732
-0.001735
0.043561
-0.000318
0.072924
0.009730
-0.001675
-0.009896
-0.012526
0.018760
-0.007725
-0.011407
-0.004274
-0.033670
0.019010
-0.016552
-0.007351
-0.002424
0.003326
-0.004274
0.017234
0.016897
-0.009035
-0.005404
-0.001803
-0.007232
-0.004618
-0.002011
0.018086
-0.003935
0.014088
0.011263
-0.004068
0.011510
0.004796
-0.008749
0.006843
0.019615
-0.008130
-0.024800
0.004274
-0.016123
0.010939
0.003326
-0.004161
-0.010933
0.003728
0.013420
0.016481
-0.006936
0.007336
0.047652
-0.013161
0.044897
-0.018229
-0.007831
-0.021586
0.004398
0.005206
0.025301
-0.007638
0.004284
0.027877
-0.016425
-0.018556
-0.020085
0.032141
-0.011516
-0.014277
-0.003899
-0.003768
-0.009608
0.092800
-0.015368
0.010782
-0.008210
0.005225
0.023065
0.015655
0.008640
0.019283
-0.011825
0.024636
0.016406
-0.009829
0.031551
0.007624
-0.005573
-0.006671
0.021967
0.014107
0.013005
0.013402
-0.014080
-0.004173
0.032723
-0.023810
0.018132
-0.032659
0.038614
0.035931
0.041668
0.054620
-0.010452
-0.012914
0.003786
0.012840
0.052646
0.049678
0.028980
0.001882
-0.002187
0.008935
-0.011814
0.027825
-0.007177
-0.006510
0.009525
0.025727
-0.008021
-0.009692
-0.000840
0.026235
-0.007178
-0.011589
-0.005661
0.015123
0.039377
0.010180
-0.017159
-0.012654
-0.006748
0.008714
0.008525
0.000000
-0.000311
0.009197
-0.005160
0.005685
0.034327
-0.004315
-0.003572
0.007917
-0.000498
-0.034809
-0.001713
0.033617
0.005951
-0.006757
-0.023869
0.001146
-0.005422
0.022440
-0.005070
0.049321
-0.024242
0.040156
-0.006637
-0.026079
0.029850
-0.011963
0.028782
-0.004417
-0.005909
0.008398
0.022347
-0.005424
-0.006634
0.013710
0.019248
-0.015131
-0.016939
0.048118
0.003111
-0.025398
-0.014799
0.003896
0.011616
-0.017542
0.017061
0.055782
-0.016067
-0.014471
0.047556
0.017965
-0.009670
0.006367
-0.009985
-0.020288
-0.009240
-0.020332
-0.013080
0.000824
0.019497
-0.006497
-0.000593
-0.014013
0.002609
0.003889
-0.005479
0.006822
0.015213
0.000740
0.025944
0.006646
-0.009104
-0.001680
0.000653
-0.016372
-0.015123
0.014859
-0.014675
-0.012187
-0.011385
-0.005806
-0.015718
0.004097
0.004901
0.006107
-0.024183
-0.019098
-0.021007
-0.008265
0.013893
-0.002077
0.002758
0.001023
0.011736
0.029834
0.004470
0.026805
-0.019995
-0.009088
0.021524
0.000038
0.006443
-0.019190
-0.013586
0.000649
0.023172
0.001465
-0.000660
0.000789
0.043617
-0.002768
0.016852
-0.002515
0.048000
0.002967
-0.010228
0.029867
-0.002237
0.001359
0.010367
-0.019099
-0.022393
-0.005184
-0.003894
0.011414
0.028640
0.015179
0.010579
-0.021340
0.013289
0.085297
0.027695
0.001093
0.000389
-0.020280
0.001777
0.000529
-0.020247
-0.006543
0.028718
0.017814
0.044793
0.007386
0.023984
0.009046
0.045158
0.005036
-0.003467
-0.023848
-0.009801
-0.000119
-0.010422
-0.010987
-0.001644
-0.047849
0.012475
-0.007895
0.009342
0.028146
0.012945
0.090775
0.013203
0.000413
-0.020408
0.004371
0.023933
0.048098
-0.001268
0.016487
-0.008077
0.027080
-0.000177
-0.018307
0.015136
-0.001098
-0.018536
-0.017613
-0.022395
0.013306
-0.007858
0.011466
0.014928
0.007707
-0.003143
-0.003042
-0.012641
0.011423
-0.021683
-0.010590
0.002000
0.019916
-0.018246
0.015378
-0.009880
0.044913
-0.000620
-0.007555
0.011608
0.010165
0.005946
0.008549
-0.006371
-0.002616
-0.014484
-0.000087
0.020142
-0.036307
-0.000135
0.005167
0.064133
0.003319
-0.009167
-0.007559
0.006950
-0.010909
-0.006327
0.016863
-0.002364
0.022315
0.018329
0.519865
-0.008174
-0.012082
0.016689
0.021480
-0.012463
-0.011062
-0.003209
0.007054
-0.006687
0.032183
0.058751
0.006499
-0.011708
-0.016452
-0.019197
-0.011192
-0.023163
-0.031406
0.001300
0.007466
-0.016274
0.011715
-0.031048
0.006198
-0.002363
-0.001288
-0.002385
0.001923
-0.030047
0.024209
0.001159
-0.004319
0.000334
0.039521
0.011291
0.079647
-0.000939
0.069021
-0.009669
0.018953
0.029938
-0.011867
0.007054
0.006038
-0.006504
0.012305
0.027016
-0.026801
-0.003031
-0.002722
-0.008571
0.012938
-0.006493
0.005222
-0.002505
0.001811
0.003206
-0.038597
-0.000297
-0.007857
0.017700
-0.002275
0.024874
-0.002768
-0.005206
-0.004371
0.037787
0.020539
0.026382
-0.027404
0.017902
-0.005684
-0.023528
0.025096
0.018563
-0.028555
-0.013513
0.001041
0.006423
-0.014235
-0.009191
-0.001882
-0.003837
0.020621
0.018914
-0.011020
-0.002847
0.009164
0.002460
-0.005042
0.075451
-0.017079
-0.013490
0.045156
-0.012232
0.050621
0.005691
0.012016
0.067556
-0.005497
0.024850
-0.000915
0.008039
0.017454
-0.010387
0.000163
0.014195
-0.021932
0.035320
0.011393
-0.015525
-0.003366
-0.004305
-0.017763
-0.006149
0.041336
-0.024284
-0.010474
0.020897
0.015192
0.002829
0.001617
0.002609
-0.016344
0.010914
0.043088
-0.000140
-0.025025
-0.006863
-0.002583
-0.019495
-0.034925
-0.008416
0.239939
-0.009126
-0.000212
0.039624
-0.017645
-0.011118
0.009294
-0.003681
-0.015976
-0.002475
0.025320
0.035133
0.005682
-0.009784
0.014037
0.004903
-0.018949
0.011889
0.003173
-0.027801
-0.028573
0.006286
0.020241
-0.009250
-0.031960
0.013626
-0.006409
0.002919
-0.005123
-0.026002
-0.006858
-0.019285
-0.048578
-0.036814
-0.014344
0.033223
-0.018648
-0.008600
0.064792
-0.006838
-0.035764
0.001415
-0.018588
-0.007107
-0.015292
0.011586
0.014040
0.035959
0.000523
-0.015837
-0.008769
-0.004936
-0.001872
-0.011210
-0.012994
-0.002112
-0.010283
0.009896
-0.001042
0.006151
0.019262
-0.001318
-0.003929
0.089411
0.014630
-0.019489
0.009445
0.035366
0.019918
0.003236
0.001535
-0.001068
-0.014874
-0.003108
-0.019052
-0.005717
-0.006560
0.005068
-0.007633
-0.013448
-0.017758
-0.002804
-0.016220
0.006954
0.004432
0.008288
0.006787
-0.001136
0.020319
0.041943
0.002219
-0.002168
-0.005841
-0.030501
-0.012377
-0.006870
-0.020540
-0.008225
0.035348
-0.022238
0.040843
0.006664
-0.004301
-0.004632
-0.002900
0.016388
0.002329
-0.019788
0.036478
0.000555
-0.004665
-0.006324
-0.029323
-0.001825
0.040209
-0.007636
0.014951
-0.001547
-0.005259
0.003318
0.025912
-0.015929
-0.006358
0.023270
-0.002047
-0.018886
0.114206
-0.006744
-0.003487
-0.001635
0.024290
0.010026
-0.000022
0.052571
0.008544
-0.039748
-0.000521
0.011513
-0.011491
0.005379
0.002975
-0.009065
-0.027608
0.016196
-0.000037
0.008344
0.000618
0.013231
-0.049893
0.011437
0.010571
-0.004907
-0.061739
0.001608
0.009828
0.000000
0.057497
0.035401
-0.019431
-0.007157
-0.001593
0.009339
-0.000497
0.037592
-0.024895
-0.026400
0.009250
-0.030385
-0.001444
-0.007934
0.024419
0.017424
-0.006111
-0.006751
-0.004520
0.073826
0.029538
-0.008638
-0.061433
0.014927
0.003645
0.008707
-0.007919
0.016332
0.010824
0.004148
0.001811
0.009361
-0.000468
-0.011694
-0.003866
-0.034122
-0.000251
-0.013836
-0.001025
-0.008873
0.003809
-0.006072
0.035449
-0.024046
-0.003466
0.008013
0.014926
-0.008546
-0.001553
-0.000121
0.011518
-0.004139
-0.001164
0.007203
0.029198
-0.013369
-0.032924
0.010495
0.000846
-0.000826
-0.023938
0.014948
-0.017840
0.023043
-0.005579
0.020006
-0.009179
0.022097
-0.004988
-0.004859
-0.014363
0.031703
-0.003602
0.003573
-0.015698
-0.008949
-0.010479
-0.009571
-0.008235
0.010178
-0.026154
-0.021914
-0.001706
-0.004531
-0.003192
0.016965
0.014331
0.013327
0.005043
0.009025
0.004459
-0.013086
-0.008142
0.011145
0.008228
-0.007314
-0.006062
0.011799
0.065922
0.012866
0.006226
-0.005203
-0.006436
0.003062
0.085489
0.002834
0.009927
0.052778
-0.000831
0.026309
-0.013690
0.023500
-0.023087
-0.005235
-0.002966
0.017874
-0.007150
0.016614
0.004677
0.006959
-0.008549
0.035397
0.013331
0.000078
0.025559
0.017145
-0.001401
-0.001885
0.015955
0.008040
0.008623
-0.004628
0.000801
0.001687
0.005809
0.003012
0.019579
-0.000501
0.013082
0.006142
-0.009836
-0.001535
0.068660
0.020649
0.015913
0.023364
-0.006969
-0.014309
0.011497
-0.005519
-0.027742
0.002644
0.006305
-0.006472
0.002533
0.011041
0.006617
0.027175
0.028750
-0.003040
-0.018304
-0.019715
0.003031
0.006176
-0.002552
-0.002315
-0.001466
0.000548
-0.013719
-0.006317
0.002618
-0.005273
0.034904
-0.003575
-0.011023
0.009716
-0.008645
-0.012175
-0.007024
-0.012521
-0.012458
0.007690
0.024031
-0.003876
-0.012567
0.008032
-0.016148
0.003979
0.020871
0.011718
0.011432
-0.003182
-0.005980
-0.002262
0.002246
0.005886
0.011808
0.004055
-0.000123
0.000184
0.013219
0.002068
0.039601
-0.013222
-0.007864
0.021812
-0.006343
0.009789
-0.009485
-0.004096
-0.009543
-0.000871
-0.015078
0.001970
-0.005321
0.035294
-0.001775
0.006580
0.005207
0.018543
-0.011992
0.057592
-0.015805
-0.009425
0.007057
0.013434
0.003451
0.065023
0.005199
0.014991
0.004420
-0.004011
0.018776
0.005214
0.010323
-0.015832
-0.003903
0.006133
0.001824
-0.014074
-0.030682
0.054316
-0.010701
0.001971
0.011259
-0.038995
0.006156
-0.008277
0.002299
0.036227
0.008467
-0.007801
0.011909
-0.005549
0.003207
-0.018234
0.020491
0.020084
-0.019328
-0.019279
-0.013706
-0.031302
-0.006497
0.011645
-0.008610
-0.020806
-0.011808
-0.011320
-0.021513
-0.020546
0.013323
0.004668
0.002072
-0.004403
-0.021915
0.010351
0.009579
-0.013085
0.007252
0.010262
0.003044
0.016763
0.016248
0.010129
0.001987
-0.002594
0.001290
0.000706
0.002971
0.025661
-0.171665
-0.013073
-0.000156
-0.002254
-0.004248
-0.008155
-0.008399
0.005551
-0.009479
-0.001197
-0.002647
-0.006787
0.000233
-0.004817
0.003383
0.014605
0.001782
-0.005742
-0.033321
-0.006685
0.013302
-0.027316
-0.010936
0.016686
-0.003805
-0.001521
-0.003408
-0.004610
0.044143
0.000431
0.019797
0.024170
-0.002301
-0.027655
0.001976
-0.029831
-0.005932
0.005984
-0.013348
0.012745
-0.008649
-0.010134
0.000485
-0.022528
-0.002813
0.000000
0.000804
0.039588
-0.005328
0.000882
0.010418
0.008541
-0.035316
-0.030553
-0.003794
0.001796
0.023108
-0.004665
0.007118
0.002896
0.000000
0.001156
0.012753
-0.005763
0.000000
-0.020415
-0.015116
0.000959
0.011412
-0.020337
-0.008875
-0.007160
0.046819
0.003546
-0.004244
0.025559
0.017803
0.010986
0.020129
-0.000176
0.054035
-0.000277
0.003127
-0.012105
0.017647
-0.014430
0.006568
-0.019438
-0.021913
-0.005778
-0.003290
0.074650
0.133888
0.003073
0.012049
-0.024197
-0.010703
-0.008240
0.003096
-0.041809
0.001728
0.064846
0.012058
0.002989
-0.003387
-0.001934
-0.002787
0.001650
0.010108
-0.144252
-0.027532
0.016807
0.015920
-0.002299
-0.014237
0.004742
0.012421
0.011072
-0.006806
0.046142
0.004748
0.079206
0.019193
0.048195
0.013245
0.007842
-0.003903
0.040610
-0.006942
-0.000119
0.003216
-0.002685
0.157549
-0.004003
-0.001740
0.022049
0.016859
0.012076
-0.022551
-0.011477
0.011390
-0.001657
-0.031271
0.008520
-0.019842
0.017322
-0.009311
-0.016295
0.001131
-0.000664
0.005933
-0.003575
0.035804
-0.034707
0.007218
-0.010773
0.012002
0.028890
-0.021269
-0.027264
0.007383
-0.018239
-0.014272
0.016453
-0.006261
0.003454
-0.001760
-0.026439
0.037851
-0.008640
0.005543
-0.004111
-0.006859
0.001480
-0.011614
0.001727
-0.013706
-0.004724
-0.011553
-0.023386
0.026988
-0.003263
-0.003849
-0.005070
-0.002720
0.015653
-0.002125
-0.008804
-0.033222
-0.013796
0.003475
-0.004958
0.010450
0.045626
-0.010929
0.001597
0.030220
0.276558
-0.011223
0.008288
0.002636
0.006671
-0.011046
-0.003431
-0.003551
0.003820
-0.024519
0.004685
-0.015923
0.042580
-0.001401
-0.018294
-0.003540
0.000641
-0.001112
-0.006330
-0.005611
0.004655
-0.014239
0.009584
-0.016371
-0.003433
-0.001984
0.043396
-0.011226
0.024590
0.027882
0.025269
0.076930
-0.020523
0.016735
0.063540
-0.001995
0.000264
-0.021080
0.009821
-0.008867
-0.001080
0.000404
0.040017
0.032869
-0.000685
0.027162
0.008505
-0.005211
-0.003554
-0.004299
0.018121
-0.001658
0.001589
-0.008415
-0.001556
0.012090
-0.005767
-0.036172
0.018132
-0.012803
0.005255
0.023794
0.003325
-0.005698
0.012608
0.006248
0.029519
0.073715
-0.015669
-0.014056
-0.017131
0.059648
0.019734
0.039386
0.029979
0.016143
-0.002007
-0.005257
-0.013749
-0.016901
0.007604
0.061715
-0.007796
-0.009933
0.194781
0.003460
-0.012599
-0.004133
0.030602
-0.008079
-0.008719
-0.005515
0.045775
-0.004246
-0.001993
-0.004176
-0.020645
-0.004331
-0.012948
0.038556
0.017567
0.014042
0.030058
0.000843
-0.001879
0.022875
0.037085
-0.008784
0.002734
-0.019126
0.019407
0.003209
0.022749
-0.011508
0.000241
0.018640
-0.008106
-0.033849
0.003949
-0.020888
-0.008593
0.005189
-0.001022
0.023033
0.000495
-0.003677
0.075454
0.000011
-0.004135
-0.024348
0.002596
0.003383
0.011532
0.013742
-0.003650
-0.011100
-0.032669
0.052979
-0.012264
0.026875
0.041040
0.006800
0.002787
-0.001505
0.004335
0.043429
-0.008334
0.036884
0.008419
-0.003875
0.019829
0.001429
0.001659
0.017380
0.015447
0.041271
-0.015292
-0.007592
-0.014411
-0.013214
0.003126
-0.013481
-0.026449
0.019624
0.012626
0.003193
0.000000
0.000000
0.000000
0.029836
-0.026384
-0.014772
-0.005172
-0.008688
-0.004991
-0.003241
-0.002517
-0.003387
0.024668
0.048795
-0.015252
-0.010673
-0.002245
-0.004757
0.003228
-0.006794
0.011043
0.007146
-0.012107
-0.016536
0.013636
-0.008820
0.005611
0.000000
0.002103
-0.027781
-0.003629
0.012364
-0.063064
-0.003283
-0.013891
-0.006129
-0.026413
0.006691
-0.003589
0.000000
0.003097
-0.034552
0.009538
-0.002961
-0.036743
0.037911
-0.004598
0.003734
0.010620
-0.005558
0.000292
0.015124
-0.008267
-0.001831
-0.009368
-0.003615
-0.003417
-0.011472
-0.010686
0.020081
-0.037414
-0.001088
0.050008
0.026345
0.035766
-0.004060
-0.006456
0.032614
-0.003126
0.024824
-0.004037
0.000006
-0.006476
-0.015981
-0.000427
0.006464
0.011365
0.003524
0.000000
0.008539
0.000000
0.067963
0.010103
-0.003747
-0.001628
0.008096
0.009818
0.003034
0.000827
-0.004429
0.063714
-0.010572
0.031207
-0.005683
0.000000
0.029784
0.019461
-0.006797
-0.015520
0.018925
0.003361
0.004199
0.000000
-0.011992
0.006095
0.019050
0.006752
-0.020461
0.001838
0.057452
0.024490
-0.005562
-0.018303
0.028767
0.022461
-0.040543
-0.018941
-0.010064
0.049367
-0.002013
0.000080
-0.006190
0.007124
-0.074305
0.013612
0.008481
-0.005213
0.000000
-0.000819
0.005231
-0.018455
-0.007905
0.003521
0.050678
0.020348
0.001340
-0.017147
0.003308
0.025575
-0.005329
-0.006058
0.039117
0.015915
-0.023022
0.002018
0.000000
0.000000
0.000000
0.008458
0.003774
0.007721
0.004380
-0.006119
-0.002346
-0.009881
-0.000790
0.009706
0.010411
-0.010166
-0.005380
-0.012637
0.032325
0.020191
-0.010523
-0.001726
-0.004001
-0.008646
0.001633
0.020623
-0.002487
-0.012500
0.004430
0.023375
0.029338
-0.003130
0.001291
-0.007184
0.040198
0.019573
0.035371
-0.005983
-0.005040
0.018132
-0.008114
-0.007099
-0.007390
0.006890
-0.007512
0.002031
0.000732
0.006790
0.002482
-0.003586
-0.000261
-0.005046
0.005021
0.001839
0.014795
-0.007426
0.025235
0.039068
-0.022742
-0.021770
-0.004974
-0.002691
0.010862
0.007629
0.013708
-0.004348
-0.014411
-0.004789
-0.003412
-0.010682
-0.014082
0.013699
0.004939
0.002332
0.011928
-0.006063
0.015160
0.001274
-0.016799
-0.003623
0.002402
0.018230
0.041022
0.008142
-0.019040
0.007924
-0.012077
0.005136
-0.014967
-0.009416
-0.022364
0.007190
-0.007138
-0.017613
0.027739
-0.009525
-0.024976
0.033759
0.003227
0.001579
-0.008956
0.011994
0.016782
0.008230
0.006465
0.003673
0.000119
0.006866
0.007510
0.006826
0.001952
0.009442
0.026956
-0.001157
-0.015035
0.002672
-0.009107
0.008463
0.027798
0.019948
0.000082
0.000810
-0.019623
-0.003639
0.003662
-0.012418
-0.018010
-0.003189
0.006760
-0.012390
-0.008139
0.010007
0.028057
0.030757
-0.013439
0.006254
-0.012814
0.003200
-0.000522
0.000378
-0.018243
-0.008460
-0.004360
-0.001448
0.030134
0.018280
0.000495
0.000189
-0.005992
-0.007793
0.004370
-0.005543
-0.000787
0.041944
-0.023990
-0.005185
0.002256
0.014233
0.019253
0.000136
-0.002420
-0.001591
-0.003120
-0.012384
-0.016309
-0.012821
-0.010343
0.002465
-0.004672
0.002729
-0.005543
0.002666
0.004523
-0.011910
0.016189
-0.013901
0.001144
-0.016567
-0.007332
-0.002347
-0.009671
-0.010989
-0.007283
0.004281
-0.003306
-0.004154
0.003393
0.005275
-0.017581
-0.012960
0.002184
-0.001758
0.009553
0.013489
0.002432
-0.014885
0.009694
0.036798
-0.002687
-0.002083
0.010473
0.001211
-0.003148
0.009198
-0.002745
-0.009718
0.001581
-0.005305
0.008478
-0.001501
-0.003489
-0.015723
-0.010494
-0.012166
-0.025611
-0.004508
-0.033613
-0.005911
-0.020057
-0.030230
-0.011700
0.014002
-0.012857
-0.002751
0.019077
-0.001224
0.032933
0.006201
-0.004415
0.006885
0.004986
-0.010365
-0.007417
0.019926
0.018499
-0.008339
0.009107
0.016769
0.009744
0.005517
-0.001001
-0.018983
0.003200
0.008869
0.026431
0.014756
-0.017986
0.005631
-0.006801
0.003009
0.001916
-0.033777
-0.009190
-0.001718
0.019571
-0.024493
0.026228
0.020550
-0.006867
0.018757
0.002815
0.015973
-0.002648
0.001667
0.012898
-0.009768
-0.027879
-0.002174
-0.014650
0.004291
-0.006960
0.006251
-0.007539
0.003502
-0.006360
-0.004329
0.007809
-0.010572
-0.000608
-0.012323
-0.000556
-0.002685
0.000099
-0.018852
0.000934
0.005954
0.006741
0.070662
0.006339
0.001055
-0.029242
0.000124
0.014624
0.002238
-0.003034
0.014512
0.009360
0.000335
-0.031289
0.003349
0.003177
-0.014489
0.008590
-0.004304
0.005820
-0.026660
0.038067
0.001938
-0.009279
-0.002480
0.009431
-0.006359
-0.018665
-0.007635
0.002315
0.001920
0.001770
0.137675
0.009866
-0.003528
-0.004466
0.002640
-0.017516
-0.026228
0.006510
0.012361
0.009077
-0.007286
-0.013810
0.009761
0.016076
0.002080
0.019828
0.014405
0.004571
-0.007139
0.002552
0.007409
0.011552
0.003893
0.009379
0.000905
-0.006976
-0.011737
-0.003578
0.001012
0.017518
-0.028277
-0.020846
0.035371
0.008704
-0.014478
-0.006790
0.008231
0.001368
-0.008561
-0.021083
-0.008113
0.015011
0.006592
0.071595
-0.005235
0.003352
-0.007012
0.036524
0.028543
-0.011882
0.000125
0.016779
-0.002953
-0.002151
-0.016073
-0.002579
0.014517
-0.009763
-0.014148
-0.007967
0.001530
