0.003298
0.000290
0.014173
-0.011170
-0.005391
-0.011272
-0.011090
-0.000364
-0.018007
0.004822
-0.005573
-0.001976
0.004035
-0.002959
-0.027946
-0.017440
-0.008009
0.006004
0.006780
-0.005669
0.008594
0.020667
0.027124
0.062159
0.002329
0.043215
0.065047
-0.002434
-0.002522
0.011583
-0.013241
0.003135
0.000638
0.023847
0.002721
0.002369
-0.007417
-0.000799
0.001577
-0.002235
0.012804
-0.002028
0.000316
-0.006265
-0.001129
0.001235
-0.001793
-0.003370
0.003696
-0.006899
-0.011133
-0.012801
0.006650
-0.001241
0.003098
0.001060
-0.002182
-0.003535
-0.000637
0.000725
0.007454
-0.005530
-0.002751
-0.007100
-0.001990
-0.005064
-0.004818
-0.002025
-0.003971
0.001593
-0.023428
-0.007582
-0.002341
-0.001069
0.000000
0.063236
0.000000
0.001894
0.057538
-0.007509
0.000099
0.014802
0.001759
-0.004418
0.000000
-0.003114
-0.000137
-0.001741
-0.030870
0.007793
-0.000047
0.009704
-0.009507
0.002171
-0.016749
-0.008105
0.004422
-0.004401
0.004475
0.008043
-0.003693
0.004216
-0.001389
-0.002198
-0.000105
-0.000610
0.000000
-0.000494
0.000000
0.004581
-0.001797
0.000414
0.001126
-0.001303
0.004612
0.008969
-0.012132
0.011106
0.002606
-0.015531
0.011844
-0.009627
-0.005738
-0.011953
0.016952
0.013772
-0.011699
0.001172
-0.016475
0.012471
0.021974
-0.011708
0.001099
-0.026089
-0.005820
0.015360
-0.013802
-0.014279
-0.002855
0.007257
-0.013116
0.001311
-0.014023
-0.007234
0.002478
-0.013384
0.013468
-0.005699
-0.013772
-0.003900
0.006100
0.000000
-0.003521
-0.003392
-0.004147
-0.010276
-0.000632
-0.000080
0.012074
0.013959
-0.008694
-0.001517
-0.000249
0.043199
-0.011105
0.006315
0.000465
-0.001161
0.000000
0.000000
0.000000
0.031669
-0.025394
-0.017297
-0.033180
-0.005601
0.004148
-0.000874
0.000000
0.000000
0.000000
0.000000
0.000000
0.000000
0.000000
0.000000
0.000000
0.000000
0.000000
0.001728
0.001597
-0.008175
-0.001386
-0.006921
0.008436
0.027668
0.004523
0.000178
-0.013734
0.026298
0.006845
-0.008536
0.028831
0.011764
0.012072
0.063969
0.008351
0.003209
0.016198
-0.007915
0.010557
0.012342
0.011087
-0.015395
-0.003498
-0.002762
0.031414
-0.043875
0.043879
-0.002411
0.014847
-0.023367
-0.019713
0.055561
0.109138
0.141374
-0.006673
-0.001508
-0.008140
-0.000165
0.097205
0.069702
0.028871
0.000131
-0.012795
0.000168
-0.009206
-0.006147
-0.013502
-0.005614
-0.005399
-0.011747
0.003782
-0.034132
-0.004682
0.008681
-0.002614
-0.001795
0.005900
-0.005450
-0.001883
0.012876
-0.006904
-0.004472
-0.015028
-0.013122
0.003126
0.002159
-0.001773
-0.007804
-0.026110
0.001705
0.038606
-0.011913
0.045858
-0.011523
-0.017829
-0.004442
0.000000
-0.026053
-0.023920
0.010597
-0.000715
0.000990
0.005535
-0.013763
-0.007496
-0.014943
0.010240
0.003200
-0.012718
-0.009286
0.014587
-0.003020
-0.006484
0.057025
-0.006244
0.014121
-0.011772
0.001659
0.021229
-0.007221
-0.000317
-0.003822
-0.002458
-0.002648
0.001676
-0.009953
-0.009745
0.121294
0.003090
0.038661
0.001532
-0.012463
0.022044
-0.013173
0.000000
-0.000222
-0.015519
0.001936
-0.007984
0.006641
-0.000829
-0.001707
0.126127
-0.003021
-0.016557
-0.004061
-0.011610
0.001174
0.008085
-0.013879
-0.006302
-0.010627
0.003518
-0.015510
-0.011025
-0.001353
-0.003842
-0.007668
-0.014403
0.018235
-0.016707
-0.016476
-0.016858
-0.008630
0.017250
0.000382
-0.011466
0.013184
0.001636
0.006347
0.006536
-0.021945
-0.016718
-0.011861
-0.008367
-0.011141
-0.009278
-0.001544
-0.003207
0.028705
-0.014486
0.003071
0.012870
0.018123
-0.015929
-0.010919
0.010878
-0.003601
0.006544
-0.007791
0.000000
0.013108
0.000525
-0.005646
-0.004430
-0.009213
-0.000154
0.014549
0.003117
-0.048344
-0.006370
-0.019313
-0.000770
0.001315
-0.001045
-0.088140
-0.009463
0.015555
0.022632
0.036436
0.019229
-0.004158
-0.005397
-0.003985
-0.005108
-0.003588
-0.002361
-0.005867
-0.004775
0.002458
-0.003768
0.004838
-0.005258
-0.003950
0.001591
0.004799
0.010167
-0.024759
0.002487
-0.000972
-0.011748
-0.011331
-0.010344
-0.011296
0.007931
-0.002277
0.007037
-0.007118
-0.037902
0.002609
-0.002575
-0.009075
0.002868
-0.005942
0.003339
-0.024376
-0.002887
0.018664
-0.017008
-0.003997
0.000980
-0.004929
-0.009325
-0.024386
-0.003119
-0.005417
-0.000344
-0.019363
-0.008760
0.004600
-0.006203
-0.009325
-0.007570
0.000766
0.006772
-0.014048
-0.003692
-0.012078
-0.022085
0.003280
0.009343
-0.004225
-0.015516
-0.018733
-0.024820
0.010737
0.002212
-0.003632
-0.004556
-0.016240
-0.006451
0.001950
-0.022572
0.001033
-0.005642
-0.013170
-0.000396
-0.001471
-0.008226
-0.006931
-0.008672
0.008973
-0.007870
-0.012277
-0.016885
-0.000727
-0.012940
0.021578
-0.001225
-0.013227
-0.009291
-0.002812
-0.036284
0.009050
-0.002833
-0.009468
0.005281
-0.008042
-0.024817
-0.016421
-0.001828
0.004999
-0.024609
-0.000400
-0.006119
0.000705
0.005679
-0.004397
-0.012316
-0.002921
0.004772
-0.020892
0.000163
0.011531
-0.001080
0.026456
-0.013211
0.025234
-0.002718
0.000035
0.014245
-0.002407
-0.014321
0.097952
0.004641
-0.025697
0.017177
0.007059
0.048939
-0.006555
0.011493
-0.027626
-0.001247
-0.008879
-0.007196
-0.009811
-0.007952
-0.008708
-0.002810
-0.002239
0.160775
0.004307
-0.010676
-0.004180
-0.023230
0.007126
0.011792
-0.028583
-0.010245
-0.020149
0.008402
-0.000813
-0.008935
-0.013253
-0.010088
-0.005851
-0.017945
0.288830
0.202100
0.000028
-0.008966
-0.017093
0.009782
-0.014254
-0.003466
-0.015937
-0.013953
0.005552
-0.019544
-0.015317
0.007065
0.000683
-0.006428
0.020711
0.005758
0.008507
0.040366
0.006824
-0.000124
0.000568
0.010696
-0.013979
0.004766
-0.012281
-0.000674
0.152586
-0.006355
0.042197
-0.008140
-0.004190
0.006324
-0.012444
-0.010243
-0.010574
-0.020115
0.014750
0.013459
0.001323
-0.007112
0.000891
0.006204
-0.008061
-0.012030
-0.006941
-0.022723
-0.011980
-0.014392
0.014845
0.008604
-0.007352
0.044938
-0.002121
-0.005600
-0.001295
0.005544
-0.002323
0.026769
0.006621
-0.000403
-0.004420
-0.020314
-0.005731
0.008947
-0.017172
-0.028239
-0.007207
-0.001383
-0.000563
0.011691
-0.016870
0.006466
-0.013530
-0.003608
0.003228
-0.001962
-0.007838
0.010214
0.003112
-0.026305
-0.012220
-0.011601
-0.011039
-0.008439
-0.011270
-0.003735
-0.009177
0.005863
-0.000302
0.002384
0.027290
0.045438
-0.019270
0.005939
0.017378
-0.002037
-0.002679
-0.002519
-0.011649
-0.006568
-0.004022
-0.021769
-0.015677
0.038668
-0.012289
-0.024734
0.002014
-0.030810
-0.001740
-0.005496
-0.039164
-0.025666
-0.004295
-0.003583
-0.006257
-0.013113
-0.007408
-0.037477
-0.017468
-0.001649
0.101322
0.008541
0.005271
-0.018846
0.000588
-0.003842
-0.001037
-0.002881
0.000000
-0.027693
-0.004102
-0.012476
0.019937
-0.001030
-0.001574
0.004288
-0.013358
-0.002681
0.049389
0.004864
0.001227
-0.003896
-0.011972
0.011859
-0.011471
0.001160
0.014099
0.005489
-0.027601
-0.000304
-0.006046
-0.018920
-0.007467
0.019873
-0.017858
-0.007205
-0.002566
-0.009496
-0.017753
-0.016378
0.012523
0.002530
-0.002406
-0.007038
0.013445
0.002620
-0.004863
0.025321
-0.011813
0.014113
0.007513
0.007991
-0.001819
-0.004822
-0.011365
-0.004495
0.002973
-0.006383
0.000152
-0.014877
-0.016597
-0.001352
0.004043
-0.000231
0.015137
-0.027447
-0.009456
-0.009050
-0.002272
-0.007435
-0.002830
-0.011148
-0.002149
0.015846
-0.007888
-0.030490
0.021184
0.004707
-0.008024
-0.005148
-0.016766
0.003600
0.019219
0.009920
-0.015600
-0.020041
-0.002866
-0.015973
0.013542
-0.005194
0.018674
0.000635
0.020582
-0.017698
-0.006975
-0.008379
0.006386
0.020183
-0.012687
0.000000
-0.009165
-0.017068
0.003288
0.002950
-0.009633
0.007272
0.009145
-0.003649
0.001063
0.000166
0.008839
-0.001998
0.034759
-0.009083
-0.001293
-0.007350
-0.044631
-0.014277
-0.005769
-0.003421
-0.004467
-0.006626
-0.025615
-0.009245
-0.019575
-0.001002
-0.009926
0.015525
0.025485
-0.018942
0.005925
-0.010264
-0.001549
0.002758
-0.012006
-0.006531
-0.006163
-0.007778
0.000646
-0.005398
-0.004788
-0.021599
-0.004010
-0.003804
-0.001493
-0.005919
-0.001036
-0.009320
-0.036377
-0.005735
-0.010544
-0.018745
-0.008372
-0.004834
0.031673
-0.003059
-0.016046
-0.002808
-0.012346
-0.005399
-0.013826
-0.004009
-0.011002
-0.012130
0.002582
0.004803
-0.008154
0.009841
0.003570
-0.005602
0.002359
-0.018171
-0.011266
-0.001419
0.000606
-0.011593
0.009463
-0.027634
-0.008158
-0.004095
-0.003289
0.000845
0.008030
0.028422
-0.002779
-0.008470
-0.002064
0.000133
-0.006896
-0.009328
0.002875
0.002711
0.001601
0.015887
0.005341
-0.008701
0.000589
-0.008405
-0.018867
-0.008927
0.018120
0.007141
0.009985
-0.030213
-0.009040
-0.008699
-0.013687
-0.022635
-0.004326
0.022632
-0.009277
-0.014426
-0.000323
-0.026097
-0.019416
0.004191
0.001704
0.028250
-0.004335
-0.000644
-0.004241
0.003634
-0.016693
0.019254
-0.000251
-0.019342
-0.003747
-0.000825
0.015109
0.011553
-0.012768
0.025296
0.012431
0.007558
-0.001560
-0.026645
-0.012483
-0.000001
-0.015393
-0.017337
-0.002353
-0.003237
0.027532
0.005520
0.002311
-0.007863
0.025997
-0.008522
-0.005915
0.005074
-0.002067
-0.037113
-0.029720
-0.010009
0.000000
-0.009082
0.004974
-0.013748
-0.003033
-0.016974
-0.016004
-0.005088
-0.007151
0.060608
-0.010226
0.015968
-0.004397
-0.008402
-0.001019
-0.011910
-0.001152
-0.018390
0.002772
-0.008407
-0.015821
0.000696
-0.010209
-0.017553
-0.017747
0.001882
0.003839
-0.002839
-0.014700
-0.017473
0.003048
0.003120
-0.003074
-0.003251
-0.011612
-0.010376
-0.021741
-0.002593
0.010420
-0.002444
0.004655
-0.007407
0.029541
0.004871
-0.002146
-0.022388
-0.006199
-0.010073
-0.006920
-0.003125
-0.000907
-0.014960
-0.014540
-0.010944
-0.016465
-0.005895
0.004952
-0.012721
-0.000586
-0.002306
-0.011427
-0.003034
0.013245
-0.009836
-0.003439
-0.017686
0.023363
-0.026910
0.015519
-0.015392
-0.008000
0.001780
-0.001454
-0.010670
0.028937
0.046525
-0.023335
-0.013069
-0.026354
-0.004984
0.001093
-0.014182
-0.003991
-0.014704
-0.008792
-0.026421
-0.003757
-0.007357
-0.020641
-0.010950
-0.009803
0.004966
0.056680
-0.002818
-0.013452
0.009741
0.000622
0.001095
-0.003546
-0.003527
-0.008236
0.001758
-0.012336
-0.010945
0.009074
-0.012073
-0.003364
0.004840
-0.004878
0.031519
-0.012185
0.006520
0.010035
-0.016530
-0.011327
0.010724
0.015997
-0.010007
-0.000474
0.022851
0.015167
-0.007206
-0.007146
0.000496
-0.010102
-0.003040
0.006051
-0.011928
0.006247
0.003746
-0.011718
-0.011430
-0.004928
-0.019138
-0.014174
0.000494
-0.004474
0.000608
0.011937
-0.000294
-0.006978
-0.002032
-0.002399
-0.020432
-0.003994
-0.037936
-0.016527
-0.010441
-0.009073
-0.009959
0.003362
-0.014889
-0.015786
-0.006808
-0.004456
-0.008601
-0.002065
0.025754
-0.006574
-0.008986
-0.019453
-0.004332
-0.018043
0.084011
-0.013762
0.000000
-0.011529
0.006500
-0.011747
-0.010267
-0.005368
-0.010878
-0.008717
-0.009417
-0.017099
-0.011592
0.002438
-0.002118
0.030256
0.002183
0.001844
0.003450
0.087470
0.001620
-0.008557
0.031479
-0.011696
-0.012886
-0.011995
-0.016656
0.004688
0.003066
-0.003896
0.002331
-0.011551
-0.005489
-0.015235
-0.009049
0.088122
0.051354
0.007855
0.007562
-0.000194
-0.016562
-0.010331
-0.003070
0.000000
-0.006221
-0.011543
-0.000056
-0.011745
-0.021157
0.000050
-0.018056
-0.022819
0.000000
-0.048520
0.017906
0.002070
0.016828
-0.012882
-0.002194
-0.012764
-0.006765
0.005501
-0.005365
0.009852
-0.006786
-0.006045
0.043048
0.005588
-0.000747
-0.011723
0.049045
-0.009881
-0.006415
-0.006209
0.012641
-0.008146
-0.011673
0.013447
-0.014186
-0.006820
-0.004315
-0.006767
-0.017715
-0.014433
-0.007688
-0.005463
0.060749
-0.012320
0.001151
-0.030969
-0.007695
0.016489
0.002303
-0.007399
-0.007369
-0.020482
-0.021087
0.000671
-0.005789
-0.001821
-0.006405
0.004857
-0.011220
-0.006924
-0.003397
-0.003649
0.012176
0.028095
-0.010864
0.012274
0.012772
-0.015618
-0.010750
0.013300
-0.003472
-0.046813
-0.014013
-0.004148
-0.002396
-0.008131
-0.006082
-0.002773
-0.004242
-0.005664
-0.005980
-0.011996
-0.020736
-0.014319
-0.017688
0.003217
0.024538
-0.005878
-0.004802
-0.003104
-0.002767
-0.002421
-0.004820
0.002974
-0.004248
-0.003166
-0.014995
-0.005903
-0.004853
-0.022932
-0.000482
-0.010693
-0.010088
-0.012703
0.009216
-0.008281
-0.016631
-0.009804
-0.012508
-0.019828
0.019203
-0.003760
0.001590
0.004980
-0.017180
-0.011402
-0.010672
0.007498
-0.004768
-0.023190
-0.001673
-0.008197
-0.010936
-0.067838
-0.053299
-0.033525
-0.005558
-0.024453
-0.019709
-0.011286
-0.001441
-0.007755
-0.005308
0.000905
-0.014701
-0.004900
-0.001317
0.023737
0.004335
0.037252
-0.012915
0.008305
-0.001040
0.038260
0.003982
0.001160
-0.030621
-0.000304
-0.006132
-0.005359
-0.006006
0.004934
0.003138
-0.008001
0.008269
-0.011941
-0.028648
-0.017429
-0.007288
-0.013718
0.029732
0.001362
-0.023244
-0.000663
0.005019
-0.014222
0.001862
0.009853
-0.006641
-0.015028
-0.016548
0.008936
0.010590
-0.006621
-0.014442
-0.011198
0.001839
-0.010331
-0.008445
-0.006733
-0.008640
-0.003320
-0.001089
-0.017455
0.002928
-0.006433
-0.004699
0.001439
0.007624
0.054361
-0.002664
0.012341
0.006875
-0.005695
-0.010195
-0.008069
0.029823
-0.012831
-0.005796
0.007691
0.032030
0.001946
0.030668
-0.005227
0.006402
0.001409
0.001526
0.011225
-0.007133
0.002194
-0.011408
0.003710
-0.009438
-0.007528
0.006991
-0.001894
-0.014027
0.005111
-0.014654
0.012338
-0.002550
-0.001637
-0.039518
-0.001672
-0.015344
-0.007509
-0.015118
-0.009272
-0.003399
-0.003002
-0.009330
-0.019766
-0.024929
0.000703
0.006752
0.016899
0.020760
-0.011337
-0.013120
-0.003136
0.004141
-0.005853
-0.011918
-0.007607
0.010021
0.004055
0.001863
-0.032241
-0.007734
0.015811
0.008170
-0.005699
-0.002225
-0.017823
-0.014936
-0.002142
0.000961
-0.006630
0.033983
0.024330
-0.004969
-0.010441
-0.019240
-0.009050
-0.005752
-0.017558
0.016653
-0.044013
0.005020
-0.009168
0.019621
0.005295
-0.007145
-0.003883
0.004786
0.027918
-0.009826
-0.002421
0.034128
0.049257
0.007428
-0.011267
-0.011027
-0.003656
-0.013433
0.013470
0.007261
-0.004692
-0.007240
-0.011766
-0.010160
-0.013602
-0.006177
0.004009
-0.008113
0.008263
-0.023988
0.001521
0.004085
-0.000525
0.003004
-0.000228
0.008809
-0.017084
0.003658
-0.004292
-0.004821
-0.000470
0.005356
0.002785
-0.007735
-0.003009
-0.035417
0.054035
-0.006959
0.000272
-0.043549
0.002316
-0.023305
-0.000766
0.007185
-0.006020
-0.017959
-0.005470
0.002343
-0.004637
-0.006610
0.033502
0.022714
-0.006430
0.007658
0.000584
0.021357
0.046831
-0.004049
0.034419
0.006571
-0.034290
-0.001231
0.087034
-0.000179
0.005783
-0.000307
-0.009354
-0.003796
0.013957
-0.004520
-0.009379
0.014058
0.011014
-0.009927
-0.004494
-0.015668
-0.002451
0.007005
0.002950
-0.002394
-0.005380
-0.009475
-0.010143
-0.010944
0.009972
0.060670
0.028410
-0.005249
0.000514
-0.021354
0.001439
-0.010716
-0.009021
-0.005847
0.008808
-0.008029
0.005026
0.006382
0.000199
-0.004709
0.034354
0.060735
0.006657
-0.002972
-0.022603
0.004078
0.003520
-0.011226
-0.017454
-0.018489
0.119884
0.000295
0.001183
-0.003822
0.001169
0.005117
0.008457
-0.009989
-0.024827
-0.008009
-0.035114
-0.007402
-0.012222
-0.007366
-0.009392
-0.021128
-0.013237
-0.012867
-0.022713
-0.017234
0.275623
0.010397
-0.003001
-0.002410
0.004874
0.013570
-0.046211
-0.003293
-0.006357
-0.005087
0.032018
-0.032386
-0.008009
-0.003008
0.019574
0.003765
0.020266
0.008716
-0.029760
-0.006470
0.002273
-0.004196
0.005037
-0.020633
-0.002175
-0.004131
0.034540
-0.004017
-0.022670
-0.007699
0.002228
0.002455
-0.018105
0.005341
-0.001548
0.028753
-0.001788
-0.022514
0.013333
-0.002683
-0.002321
-0.019589
0.006870
0.001246
0.000000
0.059007
-0.000301
-0.014544
-0.001468
-0.014390
-0.000961
-0.015988
-0.007275
-0.005416
0.012119
-0.025527
-0.000653
-0.008223
0.011568
0.002833
-0.004712
0.024987
-0.015997
0.002838
-0.013003
-0.022718
-0.009808
-0.008171
-0.007907
0.000951
-0.005472
-0.004372
-0.013212
-0.012152
0.015754
-0.005738
-0.002080
0.000231
0.001771
0.011860
-0.005691
-0.020354
0.003825
-0.005047
-0.000162
0.011186
-0.005733
-0.003655
-0.014080
-0.008668
-0.005662
-0.003182
0.021483
0.002273
-0.001723
-0.003804
-0.005854
-0.006133
-0.008077
0.007524
0.005103
0.002653
-0.001537
-0.016255
0.035004
-0.017518
-0.006298
0.023996
0.024567
0.025603
0.005034
0.002275
0.014131
-0.003722
-0.000190
-0.004153
-0.009406
-0.006227
0.010844
-0.025471
-0.015756
-0.001947
-0.013666
-0.008513
-0.009506
0.018982
-0.021433
-0.016007
-0.013424
-0.017733
-0.020146
0.003159
-0.009770
-0.006634
0.006619
0.126636
-0.000812
0.006628
0.001945
-0.007019
-0.003567
-0.004755
0.009977
-0.005814
0.015249
-0.003549
0.000000
-0.012119
-0.013391
-0.016845
0.001161
-0.010195
0.000000
0.000186
0.065995
0.002842
-0.003729
-0.005908
-0.006617
0.003266
-0.013245
0.004107
-0.006347
0.001451
-0.004677
-0.002275
0.004410
-0.005328
-0.017396
-0.003187
0.000774
-0.001777
0.006146
0.003835
0.024005
0.008152
0.003384
-0.005327
0.001160
-0.007254
0.007201
-0.001347
-0.010955
-0.001978
-0.018413
0.001097
-0.007560
0.008913
0.000462
0.003928
-0.015453
-0.005874
-0.010623
-0.019302
-0.008003
0.007053
-0.003316
-0.001558
-0.009319
0.007831
-0.002987
0.005661
-0.001016
-0.011597
0.010770
-0.013969
-0.001582
0.020068
-0.002149
0.029358
0.002412
-0.018777
-0.013465
-0.000106
0.021588
-0.015623
-0.012014
0.003333
0.012264
-0.013680
-0.021870
-0.027554
0.007569
-0.005061
-0.033503
-0.042201
0.006236
0.007366
-0.011508
0.005216
0.001054
-0.017790
-0.010306
0.005334
0.015107
0.156213
-0.043299
0.240422
0.018838
-0.015019
0.008276
0.006060
-0.007576
-0.008662
0.018527
-0.002077
-0.000315
-0.003858
-0.000770
0.001532
0.014919
-0.013636
0.015650
0.003914
0.040365
-0.006819
-0.006707
-0.010202
-0.001772
0.004060
-0.015513
-0.006413
-0.000041
-0.002751
-0.021390
-0.002501
-0.020236
0.009298
0.000000
0.000000
0.000000
0.000000
-0.012491
-0.033749
0.000705
0.019914
-0.029424
0.001522
-0.002823
-0.028974
-0.008887
0.014232
-0.004721
0.005795
-0.018374
-0.006541
-0.016914
-0.005542
-0.014418
-0.002510
0.015180
-0.015021
-0.025837
-0.011695
-0.016414
-0.015921
0.032109
-0.006767
-0.006645
0.000426
0.002219
-0.015310
-0.007055
-0.004702
0.000355
0.000383
-0.001187
0.004290
0.001369
0.000288
-0.009411
-0.000465
-0.002415
-0.004176
-0.009356
0.003216
0.005628
0.007996
0.006782
-0.011355
-0.015159
0.080318
-0.006724
-0.010566
-0.005790
-0.008518
-0.014516
0.008846
-0.031414
-0.001571
-0.017696
-0.006058
0.003912
-0.002242
-0.044795
-0.016603
0.000050
-0.028414
-0.000438
-0.003876
-0.002698
-0.010539
-0.006852
-0.005025
0.008952
-0.007484
-0.011729
0.016929
-0.004400
-0.007130
-0.008153
-0.002014
0.000742
-0.002311
-0.009312
-0.003356
0.014112
-0.004270
0.005175
0.000079
-0.011779
0.024893
0.022651
-0.000146
-0.007893
0.028097
-0.036671
0.036179
-0.015252
-0.009797
-0.007026
-0.010140
-0.007467
0.015887
-0.020380
0.000977
-0.000865
-0.004478
-0.001066
-0.002032
-0.000866
0.005673
0.000000
0.050460
0.020860
0.001926
0.000000
-0.002719
0.002460
0.003980
-0.020724
0.004392
0.000870
-0.001701
-0.011826
0.020709
-0.014042
0.009794
0.000246
0.004412
0.011611
0.054980
-0.030183
0.004462
-0.014599
-0.012881
-0.013420
0.006719
-0.003802
-0.002849
-0.001381
-0.010424
-0.047651
-0.001287
-0.012735
-0.007120
0.009195
-0.022799
-0.009907
-0.022157
-0.011851
-0.018218
0.002620
0.010225
-0.006926
-0.000824
-0.004315
0.003886
-0.003962
-0.003043
-0.008399
0.022474
-0.014937
-0.005908
-0.018344
-0.003844
0.010224
-0.005567
-0.004007
0.007702
-0.004578
-0.011223
-0.005694
-0.000314
0.004459
-0.015000
-0.009094
0.010590
-0.013070
-0.008734
0.009203
-0.011597
-0.012176
0.001779
-0.024898
-0.004871
-0.008831
0.059817
-0.006151
0.003824
0.001190
-0.006997
-0.010363
0.079547
-0.006321
-0.009226
0.001334
-0.015544
-0.004393
-0.026752
0.006002
0.007457
-0.008583
0.021790
-0.005408
-0.011301
-0.005959
-0.010495
-0.003010
-0.014546
-0.001772
0.004288
-0.003628
-0.016651
-0.009980
-0.019735
-0.005967
0.086232
0.007869
-0.001375
-0.012873
0.008344
-0.016309
0.014710
-0.005865
-0.004086
0.006649
-0.008978
0.000263
-0.013202
-0.005785
0.001199
-0.006381
-0.002977
-0.000682
0.061195
0.025315
0.051607
-0.009551
-0.003956
-0.007412
-0.014051
0.008363
-0.009792
-0.003568
0.011391
0.011299
-0.003624
0.000426
-0.000813
-0.000323
-0.002011
-0.002967
-0.009025
-0.007646
-0.012581
0.000668
-0.006852
-0.028921
-0.008209
-0.007152
-0.010161
-0.012388
-0.018353
-0.000279
0.017137
-0.010729
0.015462
-0.007456
-0.005226
0.115740
0.001814
-0.007526
-0.003175
0.000000
-0.005569
-0.012852
-0.000838
0.007451
-0.035405
-0.006671
-0.010073
-0.014121
0.021562
0.014416
-0.007334
-0.009130
0.005540
0.001574
-0.014396
-0.007408
0.000000
-0.000902
0.000026
0.000248
-0.015502
-0.013040
0.005641
0.014891
0.009399
0.042999
0.041627
-0.001610
-0.004078
0.022689
-0.021576
-0.015695
-0.006992
0.027143
-0.005197
-0.002890
0.084000
-0.008373
-0.005390
0.104425
-0.014762
0.002959
-0.020950
0.324914
-0.005769
-0.008922
-0.006873
-0.004416
-0.003988
0.000207
-0.004885
-0.007262
0.003931
-0.004724
0.000000
-0.002695
-0.001076
0.000392
0.002056
0.000215
-0.003598
-0.004877
0.001077
-0.004172
-0.015657
0.003212
0.007144
0.044364
-0.002887
-0.034187
0.002031
0.035053
0.039581
0.008614
-0.006042
-0.003790
-0.005113
-0.010416
-0.015573
0.007317
0.061918
0.000848
0.000484
-0.004681
-0.011593
0.021386
-0.009721
0.016978
0.013451
0.076386
0.030717
-0.008753
0.002256
-0.007266
-0.004958
-0.021382
-0.005080
-0.001173
0.019799
-0.010422
-0.012203
0.024107
0.040453
-0.012138
0.003670
-0.004208
-0.007583
-0.014112
0.007191
0.027225
-0.012754
0.008881
-0.000299
0.048341
0.006647
-0.012572
-0.006353
0.009563
-0.013733
0.069071
-0.010592
-0.005266
-0.001682
-0.002878
0.010670
0.012209
-0.016528
-0.002375
0.109367
-0.010463
0.000333
0.009345
-0.008806
-0.004539
-0.002378
-0.002814
-0.013599
0.000063
-0.014677
-0.012034
0.008328
-0.002065
0.001798
0.008838
-0.006859
0.003163
-0.016254
-0.007697
-0.004360
-0.005668
-0.004786
0.022122
0.005031
0.002573
-0.017450
-0.022555
-0.010173
0.000188
-0.002154
-0.000416
-0.002028
-0.023563
-0.003254
0.003325
-0.006149
0.001211
-0.027547
-0.034195
-0.007420
-0.008165
-0.003636
-0.016909
-0.006468
0.031070
-0.015811
-0.005735
0.005189
0.006681
0.004862
0.003021
-0.005199
-0.005535
0.009545
0.005399
-0.000553
-0.001088
-0.007374
0.005475
-0.004172
0.009011
-0.012719
-0.003588
-0.003832
-0.009203
-0.026238
0.000599
0.000051
-0.002490
0.003307
0.016476
-0.010165
-0.012970
0.012501
0.013121
0.000000
0.011064
0.000342
0.000670
0.004070
-0.012069
-0.037867
0.037483
-0.018535
0.010060
-0.014692
-0.001946
-0.011767
-0.008340
0.008527
-0.023477
0.001351
-0.005496
-0.005002
-0.008135
0.003578
0.000708
-0.004239
-0.008620
0.009133
0.000865
-0.020379
0.022019
-0.012211
-0.013004
0.020187
-0.021850
0.001445
-0.001923
0.007236
-0.003454
0.025756
-0.012559
0.009902
-0.005368
-0.003156
-0.022617
-0.003297
-0.003039
0.002867
-0.011607
-0.000926
-0.018121
-0.016998
0.009325
-0.017427
-0.008428
-0.004633
-0.002343
-0.009238
-0.005976
0.019627
-0.002071
-0.021909
0.001670
0.010872
0.009308
-0.003244
-0.000326
-0.011462
0.089766
0.035737
0.182426
0.001271
-0.006479
-0.003293
-0.020861
-0.013456
-0.009824
0.023568
0.015638
0.003644
-0.001011
0.018955
0.004942
-0.017948
-0.028466
-0.030737
-0.003621
0.010695
0.000561
0.004073
0.008183
0.023070
-0.006563
-0.009790
-0.003056
-0.015680
-0.001601
-0.021998
0.012557
-0.015208
-0.008238
0.007516
-0.006494
0.000414
-0.002479
-0.013179
-0.009781
-0.027792
-0.002033
0.033367
0.000890
-0.012465
-0.000416
-0.001994
-0.007747
0.014374
0.008423
-0.016120
-0.004690
0.003292
-0.002516
-0.005650
0.008332
-0.002579
-0.006796
-0.009320
-0.008660
-0.010390
-0.002140
0.009261
-0.000625
-0.008313
0.002808
-0.004194
0.003879
0.000773
-0.005807
-0.010548
0.005541
0.003145
-0.018002
-0.006046
-0.015100
-0.021482
-0.019010
0.011924
-0.009475
0.074192
-0.012569
-0.003551
0.004718
-0.000300
0.014092
0.011213
-0.000676
-0.007772
0.000979
0.003030
0.003864
-0.001366
0.009469
-0.006286
0.016754
-0.006868
-0.016995
0.000515
-0.000978
-0.001556
-0.025781
0.028947
-0.046923
-0.001643
0.009800
-0.013010
0.001067
0.000089
-0.000485
-0.011926
-0.004934
0.010643
0.004028
-0.005974
-0.010215
-0.010924
-0.013376
-0.004294
-0.023774
-0.003693
-0.021293
-0.003418
-0.001905
0.026166
-0.028968
-0.006646
-0.015703
0.061054
-0.003389
0.009945
0.000512
0.023931
-0.006457
-0.003564
-0.006735
-0.031462
0.010269
0.000195
0.010786
0.001204
0.010630
0.009786
-0.000264
-0.000535
-0.013285
0.032737
-0.011365
0.027676
-0.008109
-0.000735
-0.007400
0.219814
0.019211
0.001156
0.005436
-0.001598
0.022011
-0.003191
-0.004155
-0.007055
-0.008008
-0.003402
-0.003986
0.000769
0.021516
-0.015451
-0.008799
0.028176
-0.046566
0.019064
0.022581
-0.017566
-0.007520
0.002770
0.018097
0.058040
0.000476
-0.002005
-0.003441
-0.002577
0.001114
-0.012742
-0.008374
0.000502
-0.002148
-0.007106
-0.023636
-0.002714
0.002273
-0.000007
-0.001846
0.039966
-0.000014
0.013760
-0.000674
-0.010151
-0.009813
-0.008252
-0.003311
0.042830
0.001975
-0.004962
-0.006364
-0.020152
-0.008258
0.000451
-0.014311
-0.008990
-0.002389
-0.003406
0.002420
-0.022300
0.019056
0.012246
0.008252
-0.010847
0.022869
-0.008647
-0.008291
-0.009185
-0.005420
-0.010389
-0.002928
0.027288
-0.007938
-0.002282
-0.007530
-0.015294
-0.002244
-0.016693
-0.002549
-0.000174
-0.011958
-0.002604
0.015769
-0.003754
-0.001611
-0.008498
-0.035127
-0.002891
-0.020358
0.007366
-0.024644
-0.022140
0.010479
0.013382
-0.001621
0.004457
-0.004882
-0.001480
0.004251
-0.009077
-0.007159
0.000933
0.017429
0.014443
-0.014697
-0.008656
0.003474
-0.007443
0.007990
0.023631
0.008157
-0.011915
-0.001291
0.015479
-0.002103
-0.001113
-0.014544
0.002982
0.002094
-0.005867
-0.042432
0.004334
0.005712
-0.006908
0.019993
-0.002291
0.008560
0.007572
-0.008440
-0.002370
-0.021820
-0.007171
0.004063
-0.006844
-0.021097
-0.004932
-0.004410
0.006035
-0.008041
-0.011309
0.048848
-0.041101
-0.001800
-0.007647
0.009563
-0.008552
-0.004003
0.003189
-0.007003
0.000000
-0.030451
-0.003186
-0.000805
0.117637
0.010127
-0.013870
-0.010618
-0.002325
-0.015731
-0.000889
0.000755
-0.012416
0.002271
-0.002722
-0.007603
0.016343
0.004588
0.002684
-0.009145
-0.005449
-0.009133
-0.003540
0.000902
0.013741
-0.008515
0.006966
-0.023772
0.038679
-0.013573
-0.005529
0.081139
-0.009591
0.005712
0.006659
0.000743
-0.007085
-0.000854
0.002010
0.110745
-0.010369
0.177873
-0.002808
0.033233
-0.024557
-0.004801
0.000607
-0.021372
0.026560
-0.009271
-0.004232
0.004650
-0.018824
-0.000894
0.004883
-0.005555
-0.019777
-0.006177
-0.001879
-0.006429
-0.012318
-0.016929
-0.007859
-0.011780
-0.024412
-0.008684
-0.021354
-0.021884
-0.014104
0.059554
0.026654
0.048408
-0.000409
0.018099
0.007808
-0.000004
-0.004897
-0.001552
0.017560
-0.006420
0.030789
0.003408
0.008630
0.002232
-0.013694
0.025252
-0.000695
-0.004054
0.013546
0.016245
-0.034352
0.007398
-0.004494
0.003289
-0.007647
-0.012097
0.001779
-0.004412
-0.024153
0.003383
0.034244
0.016959
0.150461
0.029713
-0.017458
-0.009530
0.016397
0.034150
-0.007018
-0.018618
-0.009673
0.023150
-0.003799
-0.005426
-0.012548
-0.011658
-0.014207
-0.001747
-0.005825
0.038291
-0.007068
-0.003216
-0.000853
-0.003188
0.056626
0.006968
-0.019064
-0.001452
-0.006298
-0.004732
-0.009987
-0.001208
-0.008439
-0.029237
-0.016144
-0.002010
0.021186
0.004051
-0.009815
-0.023125
0.046101
0.012519
0.001128
-0.014505
0.003157
0.013901
-0.019468
0.022671
0.008252
0.001015
-0.004713
0.011025
-0.015561
-0.015042
-0.014256
-0.002715
-0.003562
0.010194
0.002522
-0.005845
-0.007203
-0.010044
-0.008261
0.001068
-0.021415
-0.001803
-0.005100
-0.019293
-0.014087
-0.019119
0.026058
0.009093
-0.009652
0.020170
0.006103
-0.003199
-0.008331
0.001031
0.012277
0.003384
0.060261
-0.005243
-0.007760
-0.001192
0.005250
0.010313
-0.010353
-0.007447
-0.012650
-0.006859
-0.001590
0.013251
-0.008371
-0.029753
-0.015487
-0.000009
0.003491
-0.012060
-0.018362
-0.016707
-0.016315
0.019382
-0.006862
0.007823
0.012381
-0.009734
-0.009984
-0.016243
-0.004465
-0.004627
-0.015924
-0.013107
0.145889
-0.016882
-0.003205
-0.017080
-0.006164
0.004076
-0.008765
-0.006573
0.018792
0.019578
-0.009893
-0.015133
-0.007528
-0.003591
-0.007279
-0.005285
-0.024283
-0.030993
-0.007097
-0.008380
-0.013952
-0.012572
0.005850
-0.002776
-0.004651
-0.010413
-0.030199
-0.005808
-0.009879
-0.006778
0.000521
-0.010230
-0.011748
-0.014168
-0.007146
-0.020851
-0.005596
-0.003799
-0.011487
0.023472
-0.001565
-0.009108
0.002406
0.000237
-0.009169
-0.015925
-0.000526
-0.013720
0.004674
0.010946
0.001833
0.005354
0.004865
0.008442
-0.007334
-0.011942
-0.001572
0.001447
-0.022286
-0.017287
-0.008054
0.019748
-0.014623
0.001357
-0.009908
0.009314
-0.008054
-0.007471
-0.009958
0.003623
-0.006683
-0.013293
-0.006523
0.003252
-0.002201
-0.009287
-0.001960
-0.036371
0.041172
0.006842
-0.000855
-0.004597
-0.020606
-0.031157
-0.020698
-0.017848
-0.004456
-0.016297
-0.009247
0.021665
0.035456
-0.014902
-0.004396
-0.008112
-0.007131
-0.007971
-0.015312
0.012602
0.003765
-0.011482
0.012374
-0.006663
-0.007603
-0.014184
-0.017450
-0.018834
-0.010132
0.018687
-0.009071
-0.005771
-0.011925
0.019919
0.012478
-0.016347
-0.010926
0.011588
-0.012613
-0.000209
-0.040927
0.135971
0.047033
-0.014397
0.010170
0.022258
-0.013167
-0.014657
-0.005602
0.002436
0.028673
-0.011834
-0.005638
0.012784
-0.006642
-0.010565
-0.006490
0.005057
-0.023602
-0.003219
-0.010168
0.007484
-0.008780
-0.018133
-0.005000
-0.016205
-0.008669
-0.013919
-0.042729
-0.004113
-0.031751
-0.003358
-0.015296
-0.014092
0.015675
-0.006159
0.005735
0.001980
-0.017182
0.009560
0.002850
-0.040517
0.083380
0.038393
-0.005903
0.009676
-0.002722
-0.008868
-0.005667
-0.014299
-0.018501
-0.001807
-0.003070
-0.007169
-0.003390
0.016098
-0.010038
0.000047
-0.000426
0.001193
0.000684
-0.014421
0.019486
0.002478
0.002753
-0.010763
-0.012668
-0.017047
-0.006263
0.000075
0.010961
0.026326
-0.009224
-0.000146
-0.007037
-0.014134
0.022174
0.000163
-0.014540
0.011061
-0.016042
0.006051
-0.022201
-0.003626
-0.030922
0.001064
-0.002934
0.032759
-0.008561
-0.000436
-0.001167
0.005647
0.000549
-0.008851
-0.015791
0.010821
-0.005394
0.000635
0.019779
-0.009396
-0.007604
-0.004966
-0.016799
-0.010728
0.010144
0.010134
-0.021371
0.002690
0.003503
0.007750
0.001542
-0.008417
-0.007907
-0.014609
0.007961
-0.017884
-0.013197
0.004724
0.018189
-0.005206
0.012038
-0.000907
-0.026025
0.001058
0.012940
0.007698
-0.009013
0.055720
-0.003736
-0.027133
-0.008414
-0.003250
0.018098
-0.016194
0.004533
0.025571
0.005392
-0.004407
0.036270
0.009330
-0.019781
-0.003864
-0.005695
0.002336
0.001406
0.031506
-0.032598
0.357157
0.148996
0.148250
0.005620
-0.021191
-0.001468
0.013252
-0.023707
-0.015980
0.000000
-0.035512
-0.024052
-0.032536
-0.010602
0.008787
0.018566
-0.010301
0.013477
0.023959
0.002766
-0.020277
0.003575
0.010766
-0.010879
-0.005734
0.015379
-0.014733
0.035069
-0.024769
0.002552
0.015635
-0.005967
-0.000700
-0.007994
0.024333
-0.005011
-0.027161
-0.003315
-0.007835
0.015330
0.000803
-0.018889
-0.011653
-0.015966
-0.005486
-0.021641
-0.009392
-0.010409
0.090204
0.260895
0.028703
-0.011656
0.008478
-0.012841
-0.016995
-0.001996
-0.029884
0.005193
0.003907
-0.001571
-0.011711
-0.009527
-0.011490
0.002741
-0.001967
0.013923
0.011636
0.007472
0.000619
0.025070
0.001696
0.003543
0.005503
-0.006020
-0.007155
-0.011493
0.014737
-0.007999
-0.007720
0.031913
-0.004236
-0.008821
-0.003931
-0.002316
-0.017422
-0.004513
0.013962
-0.002428
-0.001384
0.008371
0.012203
0.000751
0.012872
-0.000962
-0.000694
0.003715
-0.010228
-0.008993
-0.014166
-0.003715
-0.009299
0.001970
0.010108
-0.001424
0.005566
0.009246
-0.005885
-0.011688
-0.008515
-0.020668
-0.010463
-0.008119
0.003195
0.008765
-0.002861
-0.013519
-0.005794
-0.029988
-0.011911
-0.002959
-0.003538
-0.005207
-0.016521
-0.002392
-0.005192
-0.013168
-0.002275
-0.003095
-0.001049
-0.008164
-0.023408
-0.004099
-0.023695
-0.010974
-0.029658
0.001587
-0.012320
-0.017252
-0.008503
0.008444
-0.020283
0.029758
-0.025725
-0.015161
-0.018550
-0.012002
-0.004405
-0.015336
-0.002808
-0.004808
-0.000200
-0.005995
-0.015740
0.011243
-0.013177
0.000135
0.023555
-0.004275
0.395603
-0.019491
0.180531
0.003395
-0.009082
0.029385
0.012913
-0.010953
-0.004635
0.001423
-0.017992
-0.007406
-0.006099
-0.017782
-0.003436
-0.001966
-0.010715
0.005654
-0.001706
0.008708
-0.003170
-0.002355
0.001287
-0.012515
0.015475
0.003879
-0.003609
0.016656
0.003465
-0.010338
0.006944
-0.007105
0.007802
0.061391
-0.015817
0.003217
-0.003969
-0.004876
-0.000013
-0.011251
-0.010164
-0.016749
0.017227
-0.011563
0.036447
-0.002298
-0.020213
-0.015910
-0.017876
-0.014554
-0.012805
0.012174
-0.007868
-0.006090
-0.005576
0.000106
0.002333
0.042069
0.012794
-0.014453
-0.010571
-0.023526
-0.011277
-0.022772
-0.008634
-0.003725
-0.018178
-0.005678
-0.018545
-0.035076
-0.005883
-0.004855
-0.018458
-0.005793
0.023611
0.010909
-0.027620
-0.011851
-0.005009
-0.001237
-0.006592
0.004429
-0.002444
0.005858
-0.008819
-0.017355
0.000073
0.000234
0.000991
-0.010615
-0.003450
0.009142
-0.000768
0.001157
-0.005293
-0.016096
-0.010701
-0.028461
-0.000003
-0.006236
0.003744
-0.018828
-0.004333
0.006010
0.001090
0.000607
-0.004179
0.009838
-0.012550
-0.014572
0.007947
-0.015178
-0.014620
0.001741
-0.001808
-0.007392
-0.009639
-0.010062
0.028168
-0.007007
-0.021329
-0.035371
0.002070
-0.000133
-0.029434
-0.004424
-0.009629
-0.017861
-0.001635
-0.011459
-0.033820
-0.003735
0.018197
-0.021694
-0.007934
-0.000116
-0.008514
-0.002687
-0.003262
-0.029516
-0.015085
-0.002367
-0.005922
-0.003205
-0.007985
-0.007907
-0.015978
-0.007423
0.003780
-0.007872
-0.000287
-0.006983
-0.010395
-0.004883
0.076383
0.065248
-0.018787
-0.005311
0.028029
0.003404
0.038104
-0.009262
-0.000923
-0.009929
-0.016764
0.001748
-0.004376
0.001460
-0.007203
0.002817
-0.008772
0.008130
0.013340
-0.001803
-0.002216
0.003965
0.000000
-0.009170
-0.000320
-0.006256
-0.005986
-0.000568
-0.010552
-0.001172
-0.010431
0.002879
-0.001171
-0.004090
-0.005667
0.000000
-0.014920
0.010613
-0.002279
0.000000
-0.001315
-0.007960
0.000960
-0.009798
0.007850
0.003328
0.002354
0.009073
-0.022565
-0.013971
-0.004773
0.026196
0.014532
-0.008850
-0.023464
-0.012007
-0.000674
0.001132
0.008917
0.001526
0.007660
-0.019961
-0.019501
-0.018872
-0.010517
-0.010428
-0.006187
-0.016446
-0.000098
-0.005531
-0.002398
0.017096
-0.050758
-0.012276
-0.006271
-0.017145
-0.003515
-0.009394
0.000000
0.002341
0.000892
0.007222
0.000616
-0.026652
-0.005219
-0.017133
0.001432
0.015916
-0.017233
0.017149
-0.022533
-0.011409
0.008380
-0.011932
-0.014444
-0.001070
-0.021675
-0.014371
-0.013443
0.029804
-0.013064
0.016207
0.003936
-0.015358
0.005274
-0.010787
-0.016870
-0.005256
-0.011255
0.000665
0.006611
-0.001143
0.153224
-0.007079
-0.000321
-0.003330
-0.009983
0.002067
-0.022053
-0.006373
-0.004557
-0.007651
0.018316
-0.015551
-0.017101
-0.000137
-0.019856
-0.026683
-0.023239
-0.006803
-0.004300
-0.023162
-0.019406
-0.021110
0.037495
-0.006262
-0.008322
0.031155
-0.011060
-0.011138
-0.007678
0.005221
0.001314
0.013482
0.001253
0.054074
-0.008880
-0.024496
0.005091
-0.013675
-0.016382
0.011971
-0.000975
-0.013270
-0.016122
-0.009501
-0.001319
0.002308
0.004473
-0.011446
-0.006683
0.000287
-0.008797
-0.000565
-0.009883
0.001397
-0.007631
0.070415
-0.021403
-0.003184
-0.000630
-0.005475
-0.009030
-0.002652
0.007957
-0.013038
0.030379
-0.007749
-0.011815
0.009875
-0.010361
-0.001167
-0.000266
-0.004620
0.014413
-0.008246
0.007758
0.022326
-0.008114
-0.015018
0.004725
0.006308
-0.003244
-0.008635
0.006662
-0.001238
-0.025347
-0.003521
0.002068
-0.003820
-0.000078
-0.011476
-0.004362
0.000608
-0.002203
0.041674
-0.001090
-0.030759
0.035093
-0.015668
-0.007656
-0.002976
-0.000067
-0.036683
-0.011534
0.008806
-0.001002
0.001160
0.020894
-0.011161
0.005114
-0.007120
-0.011126
-0.006903
0.001998
0.000327
-0.001186
-0.004556
-0.008178
0.000401
-0.002838
-0.000219
0.005841
0.028219
0.013727
-0.012085
-0.002695
-0.000641
-0.001081
-0.012330
0.009481
-0.000380
-0.040014
0.008500
0.012949
0.011794
-0.023731
-0.007417
-0.002392
-0.014059
-0.005882
-0.003529
0.008340
0.050027
0.016019
0.104045
-0.002481
-0.016317
-0.024456
-0.014413
0.016727
0.001176
-0.005291
0.002579
-0.009793
0.041933
-0.007921
0.002919
-0.007627
0.002558
-0.004714
-0.019391
0.000323
-0.018814
-0.005130
0.008254
-0.001733
-0.014077
-0.009432
-0.001496
0.041327
-0.013883
-0.002534
-0.002540
-0.013013
-0.001716
-0.008426
-0.019344
0.005331
-0.000578
0.005211
0.016157
-0.003433
0.032766
0.023764
0.011793
-0.014378
0.016911
0.005366
-0.002813
0.018063
-0.007699
-0.005404
-0.330538
0.006480
-0.010521
-0.037321
0.084350
0.038025
0.080023
-0.005360
-0.005187
0.000418
-0.004458
-0.016849
-0.003232
0.000000
0.000000
0.000000
-0.005425
-0.022118
0.000795
-0.011310
0.012497
0.006487
0.053533
-0.005441
-0.021304
0.084682
0.002215
-0.006927
-0.010905
0.003627
-0.009222
-0.008658
0.006547
-0.001295
-0.006409
0.006173
-0.014488
-0.008849
0.002698
-0.008440
0.000000
-0.003248
-0.002540
-0.000023
-0.001876
-0.000002
-0.022036
-0.006351
0.011322
0.020198
0.004583
0.009404
0.000000
0.000354
-0.000939
-0.012427
0.008453
-0.011320
0.001505
0.000543
0.006059
-0.000500
-0.022535
0.002931
-0.011321
-0.005869
0.037445
-0.004917
-0.012550
-0.001312
-0.013344
-0.024673
-0.021154
-0.006006
-0.000715
-0.010137
0.001259
-0.019146
0.036400
-0.008841
-0.011049
0.002169
0.003991
-0.003198
-0.001899
-0.023109
-0.033400
-0.024714
-0.003062
0.026341
0.000000
0.003733
0.000000
0.005775
-0.005979
-0.001491
-0.004544
-0.028077
-0.019521
-0.003401
0.006560
0.007592
-0.000152
-0.004063
-0.007406
0.000583
0.000000
0.012131
-0.012396
-0.017264
0.015314
-0.010737
0.000589
0.006902
0.000000
-0.001386
-0.001990
-0.039553
0.007641
-0.000182
-0.009773
-0.010594
0.017347
-0.007697
0.034899
0.000043
-0.004219
-0.001103
-0.004850
-0.013633
-0.005153
-0.002930
0.002314
-0.000185
0.011026
0.278016
0.003743
0.000000
-0.001879
0.037536
-0.005893
-0.014322
-0.005365
-0.007886
0.012875
0.005436
-0.002132
-0.007384
-0.010607
0.006557
-0.015155
-0.001727
-0.003344
-0.001499
0.000000
0.000000
0.000000
-0.003322
-0.000273
-0.002410
-0.003781
-0.002509
-0.008200
-0.028836
-0.018874
-0.035643
0.013520
-0.026863
-0.021886
0.002705
0.006018
-0.014847
-0.021001
-0.004743
-0.004730
-0.007022
-0.019932
0.004241
-0.003332
-0.016858
-0.004151
-0.008053
-0.021994
-0.026014
-0.002545
-0.017776
0.005102
-0.012625
0.000723
0.019791
0.006878
-0.019225
-0.006754
-0.003697
-0.008077
-0.010802
-0.002425
0.004525
-0.000746
0.003884
0.008402
-0.009728
-0.002275
-0.002643
-0.003429
-0.000867
0.000662
-0.002472
0.007162
0.003406
-0.010641
0.005768
-0.012555
-0.016308
0.008582
-0.002183
-0.011564
-0.013009
-0.005034
0.006225
-0.004892
-0.002594
0.004391
0.013763
-0.002579
0.010204
-0.010574
0.001449
-0.000882
-0.025170
0.000055
0.002960
-0.022626
-0.002795
-0.024583
0.015538
-0.004205
0.007361
-0.023691
-0.005664
-0.006359
-0.012374
-0.009857
-0.001983
-0.006424
0.010442
-0.000977
0.004326
0.008220
-0.005373
0.011668
-0.005422
-0.017760
-0.001868
0.024106
-0.014196
-0.005221
0.015351
0.026388
-0.010127
-0.011054
-0.001068
-0.006971
0.016362
-0.021028
0.015371
-0.002671
-0.003469
0.004310
-0.006288
-0.013417
0.001120
0.032800
0.017158
0.001533
-0.016983
-0.034078
0.011809
0.009595
-0.010252
-0.002525
-0.000524
-0.011101
-0.006241
-0.010237
0.006028
0.008973
-0.011883
0.009484
-0.003162
-0.006479
0.004465
-0.001460
0.013482
-0.017113
0.000299
0.007343
-0.006634
-0.012827
0.016789
-0.013397
-0.001667
-0.005460
0.001025
-0.020745
-0.000474
-0.012981
-0.010010
-0.002001
-0.005206
-0.009106
-0.019000
-0.001706
-0.006665
-0.007262
-0.002570
-0.019223
-0.008115
-0.001347
0.000513
-0.000565
0.007611
-0.002086
0.014379
0.028817
-0.029826
-0.010245
-0.003202
-0.007477
0.002199
0.014126
0.002551
-0.024116
0.006218
-0.003949
0.007221
-0.005782
-0.008307
-0.003342
-0.006423
-0.002090
-0.000248
-0.004788
-0.004919
-0.003665
-0.006569
-0.009049
-0.015454
-0.003988
-0.012093
-0.008689
0.004464
0.000323
-0.003688
0.004689
-0.003559
-0.007092
0.022462
-0.016001
0.000011
0.020401
0.042232
-0.002432
-0.006970
0.003665
0.007654
0.020964
0.000467
0.001211
0.001000
0.016714
0.010126
0.044276
-0.015219
0.000410
-0.009703
-0.005692
-0.004981
-0.015498
0.022956
-0.008891
-0.019231
-0.014600
-0.018846
-0.006934
0.026913
0.003293
