0.001557
-0.006790
0.006676
0.008245
-0.033550
-0.025169
0.020716
-0.008149
0.022314
0.003063
-0.003311
-0.011305
0.005379
-0.003661
-0.015899
-0.017024
0.003088
0.002045
0.009671
-0.005435
0.005854
0.009800
-0.018821
0.035504
0.003503
-0.005521
0.042138
-0.002064
0.001644
0.018603
-0.001861
0.001090
-0.000702
0.026188
-0.002032
-0.003610
-0.014692
-0.002298
0.001882
0.006583
-0.003629
-0.002985
0.022442
-0.015130
-0.004580
0.004109
0.004808
-0.004153
-0.009445
-0.007886
0.054643
0.002221
-0.019184
0.005467
-0.003742
0.006813
-0.003984
-0.008979
0.004394
-0.024559
-0.009393
-0.003726
-0.010048
-0.000291
-0.004624
0.007572
0.000203
-0.004505
0.000899
-0.004715
-0.011223
-0.006013
-0.003345
0.057034
-0.001144
-0.000796
-0.017529
-0.001398
0.002874
-0.003722
-0.004405
-0.001726
0.005430
0.012016
-0.010360
-0.022723
-0.000155
-0.007562
-0.011311
-0.015200
-0.000543
0.001169
-0.000110
-0.002341
-0.002178
-0.005054
0.000779
-0.002390
-0.001256
0.006231
0.001030
0.000000
-0.002010
0.000000
-0.002667
0.000000
-0.005892
0.000000
-0.002428
0.000000
0.002755
0.004781
-0.000754
0.005132
0.005490
0.004186
0.004937
-0.010574
-0.014856
-0.005668
0.008054
-0.004734
0.012383
-0.016802
0.033986
0.018027
-0.003355
0.056427
-0.004744
-0.011290
-0.011927
-0.002467
0.003765
0.020692
0.040460
0.009918
-0.018129
0.004898
-0.011448
-0.009348
-0.024144
0.003732
0.002155
0.000000
0.000000
-0.012519
-0.002240
-0.004355
0.000000
0.000000
0.000000
0.000000
0.000000
0.003188
0.002055
-0.015322
-0.005023
-0.018653
0.000000
0.018442
0.004449
-0.004775
-0.005176
-0.001940
-0.001832
0.009392
-0.004102
-0.001636
-0.005165
-0.001275
0.034375
-0.005704
-0.004125
0.047538
-0.028576
-0.006755
0.000000
0.000000
0.006165
0.001964
0.026193
0.004358
0.008429
-0.017299
0.007845
0.000000
0.000000
0.000000
0.000000
0.000000
0.000000
0.000000
0.000000
0.000000
-0.001215
-0.038807
-0.008919
0.004227
0.019772
0.024025
-0.010103
0.003041
-0.001827
0.019104
-0.005414
-0.010336
-0.000659
0.040305
0.010872
-0.008468
0.086090
0.021541
-0.039923
0.004479
0.000434
0.000924
-0.009399
0.000728
-0.013678
-0.003891
0.007579
0.030247
0.053968
0.085218
0.002251
-0.005094
-0.009346
0.074403
0.146225
0.127473
-0.000733
0.004315
-0.001867
-0.003862
-0.007385
0.077823
0.035948
0.022458
-0.002313
-0.015703
0.000703
-0.046858
-0.013254
-0.015821
-0.007054
-0.000521
-0.014654
-0.001574
-0.025622
-0.009675
0.000979
-0.014599
-0.004759
-0.006156
-0.007286
-0.008269
-0.002182
0.002104
-0.021108
0.001282
-0.006095
-0.001082
0.021844
-0.006672
-0.003546
0.002686
-0.001697
0.001427
-0.027463
-0.002369
0.006400
0.000000
-0.022500
-0.012232
-0.006066
-0.008902
0.021542
-0.012553
-0.015809
-0.006443
0.001184
-0.005342
0.007494
-0.028701
-0.007779
-0.007966
0.011349
0.003377
0.022434
0.010109
0.027090
-0.011798
-0.001822
0.000350
-0.002765
-0.002056
-0.004695
-0.012687
0.002488
0.187062
0.004524
-0.010421
-0.000205
-0.006717
-0.000573
0.000000
-0.044910
-0.007042
-0.003514
0.001831
-0.003629
0.001812
-0.004611
-0.007944
-0.018028
-0.005836
-0.006570
-0.008618
-0.002332
0.002853
0.007591
-0.001380
-0.029970
-0.009265
0.009113
0.000939
-0.001067
-0.002635
0.007069
-0.019024
-0.007555
0.002634
-0.000064
-0.036408
0.018017
0.002285
-0.013843
-0.006167
-0.030824
-0.001106
0.002793
0.015832
0.032375
0.004465
-0.013212
-0.002402
0.002389
-0.010792
0.008250
0.000133
0.021323
-0.015759
-0.017923
0.000161
-0.017227
-0.008020
-0.000500
-0.003677
-0.001845
-0.005932
0.000000
0.002176
-0.014187
-0.004661
-0.002354
-0.007570
-0.006082
-0.000402
-0.003324
-0.015426
0.030929
0.001452
-0.004987
0.072726
-0.001581
0.009292
0.036665
-0.027536
-0.001937
-0.002493
-0.005845
0.005941
-0.011331
-0.005129
0.004692
0.007268
-0.022675
0.000096
0.008305
0.002751
-0.011911
-0.002602
0.017906
-0.012080
0.006685
-0.002725
-0.002943
-0.008247
0.000349
-0.006642
-0.005582
-0.004241
-0.015278
-0.007320
-0.007243
-0.031564
-0.002029
-0.008220
-0.001174
-0.001375
-0.018439
-0.007208
0.019577
-0.008899
0.013418
0.001331
-0.018329
0.006178
-0.011395
0.003500
-0.010864
0.001210
0.012972
-0.002819
0.003278
-0.023659
0.022694
0.000566
-0.013923
0.001859
-0.002340
-0.004389
-0.011674
0.009979
-0.003097
-0.003861
0.003555
-0.010058
-0.027825
0.008946
0.005010
-0.026533
-0.016757
-0.005960
-0.015786
-0.010275
-0.005909
0.003365
0.003557
0.075772
-0.010505
0.005931
-0.008544
-0.001497
-0.017982
0.077061
0.247666
-0.007896
-0.016850
0.101622
0.020008
-0.005462
-0.000862
0.052318
-0.010206
-0.021129
-0.011621
-0.016881
0.014230
-0.008124
-0.002982
0.008524
0.001585
-0.010883
-0.018145
-0.004543
-0.000188
0.002829
0.018651
0.011742
0.000500
0.015552
-0.009895
-0.008557
-0.001318
0.005364
-0.024935
-0.011025
-0.000184
-0.001489
-0.010251
-0.025033
-0.030335
0.020179
-0.000887
-0.002263
0.007098
0.000943
0.034149
-0.010575
0.021044
-0.021909
-0.004641
-0.015838
-0.016464
0.008975
-0.014528
0.006593
-0.008317
-0.000081
-0.010311
-0.013159
0.011986
-0.009546
-0.015913
-0.014381
0.005448
-0.004834
-0.027708
-0.016688
-0.008277
0.085745
-0.003305
-0.012177
-0.006978
-0.009708
-0.013286
0.011643
0.006572
-0.003816
-0.019989
-0.004552
0.004246
-0.004395
-0.016693
-0.016463
-0.005945
0.157960
-0.003118
0.169793
0.048196
-0.007732
-0.011155
-0.000710
-0.013062
0.018830
0.000993
-0.017839
0.000111
0.000590
-0.006690
0.002025
0.000045
0.047887
-0.000941
-0.021007
0.001758
0.064443
-0.003946
-0.025539
-0.001092
-0.014405
0.006152
-0.032382
-0.003047
-0.002240
0.008453
-0.008029
-0.007231
-0.008583
-0.016310
-0.014199
0.009529
0.024068
0.014767
-0.015510
-0.006990
0.007858
-0.015123
-0.008964
-0.009805
-0.007412
-0.010194
0.030289
-0.003078
-0.002512
0.026878
-0.003064
0.001881
-0.047246
0.004109
0.003695
-0.000105
-0.008966
0.003145
0.001366
-0.018243
-0.004413
-0.001684
0.000882
0.001249
0.020510
-0.001175
0.020247
-0.015247
-0.024901
-0.004016
-0.007923
-0.003120
-0.014924
-0.016833
-0.008590
-0.018426
-0.020088
0.000316
0.018030
0.003333
-0.013231
-0.009607
0.004792
-0.005789
0.016638
-0.003751
0.005928
-0.003232
0.036799
0.035571
-0.010672
-0.002446
-0.004508
-0.013034
0.004680
0.011036
-0.027980
0.002181
-0.000972
-0.003285
0.000801
-0.028560
-0.009394
-0.004713
-0.032824
-0.003225
-0.017627
-0.010159
0.020797
0.002649
0.041429
0.015813
0.035005
-0.015763
0.006090
-0.022007
-0.000617
0.000135
0.000000
0.008674
-0.007714
-0.000739
-0.005979
-0.008070
-0.010814
-0.004778
-0.002700
-0.010667
-0.003741
0.003682
0.001493
0.000261
-0.010108
0.005960
-0.011123
-0.010805
0.007470
-0.055327
-0.008419
-0.008795
-0.010770
-0.013159
-0.014697
-0.006311
0.001809
-0.035821
-0.006933
-0.022107
-0.007873
-0.007547
-0.004436
0.005032
-0.003398
0.015019
-0.015391
-0.011958
0.011741
0.008122
-0.007048
0.001150
-0.000361
0.009902
-0.013030
-0.003535
-0.004810
0.003651
-0.008166
-0.000722
-0.014655
0.002583
-0.007911
-0.002531
-0.010922
-0.003615
-0.007328
0.006201
0.008594
0.000783
0.010494
-0.028108
-0.009286
0.014609
-0.004318
0.000390
-0.011746
-0.006993
-0.002678
0.044369
0.010663
-0.009584
-0.014396
-0.015580
-0.017396
-0.001686
-0.004121
-0.014548
0.000184
-0.012368
-0.005502
-0.004882
-0.010436
0.004869
-0.026235
-0.007992
0.000000
-0.002222
-0.023140
0.005799
-0.018771
-0.025588
0.025812
-0.006629
-0.001548
0.000008
-0.002408
-0.010133
-0.006793
0.000417
0.006640
-0.003343
-0.005220
-0.010624
-0.006564
0.006790
-0.014274
-0.007782
-0.026216
0.014974
0.012572
0.015278
-0.008062
-0.001540
-0.000327
-0.006296
-0.005399
-0.003050
-0.003322
0.004392
0.012385
-0.020155
-0.020181
-0.020431
-0.010550
-0.003109
-0.010028
0.003001
0.002947
0.001157
-0.013478
-0.006638
0.117877
-0.010557
-0.017084
-0.019079
-0.024433
0.072443
-0.013289
-0.012445
-0.006019
-0.016534
0.002160
-0.011059
-0.002945
-0.005966
-0.011817
0.005617
-0.013558
-0.006826
-0.009865
0.006412
-0.006358
-0.006645
0.013170
0.016299
-0.007419
-0.001143
-0.011808
-0.010337
-0.003339
0.000202
-0.012069
-0.040514
0.002170
0.004680
0.006250
-0.000222
0.001111
-0.006671
-0.005501
-0.004783
-0.005946
-0.008482
-0.005500
-0.020711
-0.002561
-0.018852
-0.001311
-0.012000
-0.009542
-0.001872
-0.019752
-0.003379
0.005688
-0.008118
0.010880
-0.013398
0.007491
-0.004173
-0.018698
-0.013134
-0.009424
-0.002614
0.022529
-0.007022
0.008566
0.001561
-0.005091
0.021019
-0.019880
-0.028667
-0.014465
-0.004710
-0.001957
-0.002144
-0.002458
-0.008295
0.005951
0.011228
-0.002158
-0.016903
0.000313
-0.016171
0.003207
-0.012656
-0.006350
-0.004232
0.001554
-0.012675
0.015003
0.000196
-0.005813
0.007598
-0.011000
-0.007780
0.000000
-0.007406
0.004989
0.004863
0.019035
-0.007684
-0.011790
-0.000914
0.028217
-0.001996
-0.004881
-0.014823
-0.004327
-0.021519
0.004126
0.049295
-0.007905
-0.007335
0.003151
-0.013541
0.003357
-0.012629
0.015637
-0.001215
-0.007355
0.002679
-0.000506
0.001414
-0.008135
-0.008347
0.010492
-0.009968
0.007951
-0.018634
-0.024877
-0.011003
0.002367
-0.003136
-0.014471
-0.018305
-0.014255
-0.028103
-0.010409
-0.008145
-0.008054
-0.005138
-0.007827
-0.005099
0.174707
0.007486
-0.011339
0.001815
-0.000138
-0.005000
-0.018301
-0.008097
-0.004538
-0.006817
0.005156
0.004679
0.010783
-0.001362
-0.007973
-0.012552
-0.000801
-0.001412
-0.000098
-0.001674
0.019381
-0.005656
-0.005675
-0.018934
0.003421
-0.003629
-0.014704
0.014632
0.014665
-0.022286
-0.023091
-0.008375
-0.004192
-0.004676
-0.010932
-0.020688
0.202998
-0.007739
-0.015944
-0.006146
-0.003632
-0.000752
-0.001594
-0.015237
-0.000922
0.003367
-0.002174
-0.012906
0.003629
0.034187
-0.007915
-0.002133
-0.007653
0.042653
0.006630
0.003666
-0.001884
-0.028767
0.003760
-0.006596
0.023331
-0.003408
0.000744
-0.028403
-0.011798
0.000127
-0.018859
-0.001098
0.001639
-0.001230
-0.002640
-0.000219
0.011480
0.010935
0.004000
0.014579
-0.005263
0.027510
-0.010428
0.020018
0.012893
-0.013330
-0.006506
-0.008240
0.004839
0.003690
-0.007461
-0.007111
-0.003751
-0.013417
0.015425
-0.015510
-0.023209
0.011040
-0.002721
-0.010234
-0.008171
-0.002612
0.000506
-0.001660
-0.012671
-0.005898
0.005464
0.008082
0.007623
-0.016309
0.071407
0.012399
0.000000
-0.006999
-0.013461
0.007907
-0.000014
-0.004806
-0.003787
-0.006534
0.012321
-0.002379
-0.035345
0.014892
-0.000346
0.001300
0.050419
-0.006133
0.003139
-0.024426
0.013215
-0.011560
-0.009584
0.012081
-0.015684
-0.000079
-0.005469
-0.013354
-0.019933
-0.011843
-0.005498
-0.001286
-0.000549
0.028384
0.000000
0.036348
0.012173
-0.024936
0.003276
-0.022091
-0.012982
-0.004381
0.000494
-0.010865
0.000000
-0.012423
-0.014891
0.012484
-0.005653
-0.063636
-0.022558
0.006572
0.000000
-0.001660
-0.009306
0.005359
0.005358
0.008179
-0.010776
0.000130
-0.006207
0.002955
-0.007022
-0.003012
-0.001323
-0.008382
0.026615
0.003261
-0.028182
0.005436
0.003286
0.061430
-0.017588
-0.001852
-0.002865
-0.009497
0.003953
0.004992
-0.004637
-0.022399
-0.009392
-0.017402
0.002844
0.000658
-0.003941
-0.012247
0.020316
-0.003343
-0.006969
-0.026036
-0.010356
0.012063
0.014913
-0.002484
-0.007504
-0.013991
-0.016107
0.001991
0.004395
-0.008395
-0.019906
-0.022707
0.008969
0.017332
0.006040
-0.010045
-0.020611
-0.001550
-0.022106
-0.000016
-0.014409
-0.000656
-0.001763
-0.000249
0.002931
-0.006193
-0.001126
-0.011761
-0.000641
0.020234
-0.014907
-0.006321
-0.022722
-0.008291
-0.006305
0.009362
0.000106
-0.004783
-0.004235
-0.010659
-0.005004
0.004689
0.000418
-0.004290
-0.025112
-0.004702
-0.004987
0.015948
-0.000661
-0.003097
0.002378
0.000852
-0.004270
-0.015802
-0.000367
-0.003455
-0.006591
-0.037927
0.016923
-0.000631
-0.000818
-0.014048
-0.016877
-0.000418
0.008978
0.015193
0.012972
-0.005555
-0.005872
-0.074601
-0.069137
-0.004191
-0.009648
-0.002448
-0.035295
0.009212
-0.020760
-0.001651
-0.006074
-0.008379
0.007604
0.004646
0.043595
0.022270
0.023712
0.003813
-0.010928
-0.030371
0.015706
-0.008256
0.008599
0.015651
-0.003308
-0.003278
-0.012559
-0.008642
-0.016538
0.002318
0.021537
-0.006728
-0.011876
-0.002204
-0.016667
-0.012088
-0.004544
-0.013343
-0.000225
0.007887
-0.021335
0.011559
0.006080
-0.008181
-0.002143
-0.004719
-0.003976
-0.002837
-0.001961
-0.004882
-0.006880
0.013940
-0.003396
-0.012595
0.005498
-0.010216
-0.008411
-0.008310
-0.012175
-0.014575
-0.004441
-0.011567
-0.002145
-0.011212
-0.005279
-0.005890
-0.003824
0.019812
0.002348
0.017911
0.033374
0.006004
-0.035843
-0.000369
-0.003371
-0.013343
-0.013583
-0.020605
0.054647
-0.002011
0.006479
-0.005608
-0.005764
0.003245
-0.014136
-0.019268
0.002815
-0.001751
-0.032995
-0.008892
-0.024456
-0.027658
0.006226
0.027166
0.018559
-0.023094
-0.003410
-0.019517
-0.000329
-0.017319
-0.010077
-0.004629
-0.004307
-0.000523
-0.014211
-0.024001
-0.000182
0.002814
-0.003165
0.022374
-0.009056
-0.010902
-0.010083
-0.012333
-0.018118
-0.003286
0.003833
-0.007665
-0.002847
0.011558
-0.007989
-0.001026
0.040573
0.004425
-0.010972
-0.001575
-0.003127
-0.010070
0.012489
-0.006544
-0.003453
0.042829
0.029169
-0.012032
0.009956
-0.005001
-0.001586
0.006131
-0.010303
-0.025469
0.016096
-0.015414
-0.013587
0.018363
0.002157
-0.018317
-0.028708
-0.001103
-0.024789
-0.004055
0.004661
-0.008853
-0.006106
0.130672
-0.005261
-0.014619
0.011602
-0.000435
-0.010508
-0.004461
-0.008994
-0.005933
-0.004664
0.013918
-0.011435
-0.020695
0.011812
-0.006970
-0.029298
-0.001123
-0.006505
0.019567
-0.005299
-0.089875
-0.009670
-0.005612
-0.017916
-0.014461
-0.000946
-0.007574
-0.017299
0.014362
-0.004123
0.036403
-0.001991
-0.008588
0.012874
0.010815
0.023085
0.003229
0.007678
0.000767
0.008378
0.013829
-0.008809
-0.013759
-0.001516
-0.001300
-0.013713
0.016498
0.007971
-0.005697
-0.009786
0.000672
-0.026356
0.018118
-0.004040
0.007184
0.011277
0.024137
0.017417
0.009719
-0.007634
-0.003295
0.017256
-0.004719
0.012088
0.005292
0.005676
-0.013564
-0.002655
-0.004421
-0.004700
0.017776
0.001620
0.000414
0.001334
-0.001931
-0.016089
0.009186
0.019513
-0.001178
-0.000526
-0.004667
-0.005139
-0.013777
0.007932
-0.007253
-0.007833
0.070224
0.012562
0.008546
-0.009423
-0.002249
-0.012917
-0.005126
-0.007895
0.022764
-0.008134
-0.024153
0.004924
0.011053
-0.020130
-0.002460
-0.000066
0.015534
0.050345
0.004255
0.002876
0.009573
-0.008047
0.004806
-0.007432
-0.011853
0.107197
0.002685
0.000971
0.006358
0.020351
-0.013844
-0.011942
0.008563
-0.018469
-0.012215
0.008334
-0.005995
-0.009466
0.005265
0.011926
-0.009642
0.016063
0.257288
-0.042421
0.003422
0.001441
0.007941
-0.004668
0.003081
0.001508
0.001214
0.019218
0.000702
-0.006800
0.001367
0.006788
-0.013114
-0.008727
0.031414
0.002677
0.051028
0.011984
-0.015998
0.002559
-0.000294
-0.009780
-0.009850
0.005579
0.021467
-0.007233
0.007512
-0.014903
-0.007553
0.008209
-0.000087
0.012301
-0.026573
0.013781
-0.003696
0.007993
-0.011479
-0.023579
-0.005320
0.000000
0.028400
-0.015633
-0.017188
-0.001729
-0.020073
0.001840
-0.012254
-0.006854
0.002908
-0.002635
0.001335
0.004835
-0.013752
-0.000384
0.000975
-0.006844
0.016462
-0.017925
-0.002182
0.008707
0.005842
-0.003747
0.001751
-0.005293
-0.006160
-0.007905
0.011423
-0.006211
0.003828
-0.005868
0.038793
0.006946
0.018757
-0.000103
-0.007407
-0.000824
0.010307
-0.001207
-0.001253
0.003273
0.006829
-0.003592
-0.021684
-0.001417
-0.014726
0.008712
0.002427
0.071247
-0.006073
0.000802
-0.004840
-0.012473
-0.001697
-0.001403
-0.006873
0.020260
0.001889
0.001639
0.011114
0.003054
0.004920
0.007370
-0.005898
0.026291
0.018413
-0.025479
-0.002291
0.002742
0.080128
0.008139
0.023041
-0.002337
-0.021663
-0.017955
-0.001962
-0.007846
0.003834
-0.002855
-0.001408
0.001165
-0.019253
0.024019
-0.014424
0.006065
-0.009012
0.011306
0.015681
-0.016862
-0.005158
0.000994
0.137295
0.021043
-0.001247
-0.002840
0.005406
-0.008371
-0.005083
-0.003069
-0.006534
-0.011047
-0.002799
0.000000
0.006954
-0.005950
-0.013704
-0.013341
0.000000
0.000889
0.015722
0.005996
-0.006628
-0.006230
0.004448
0.001209
0.022608
0.002913
-0.009527
-0.013218
-0.005384
0.006475
-0.004909
-0.013574
-0.014318
-0.001016
0.004806
0.018211
-0.005405
0.051786
0.001065
-0.001313
-0.004598
-0.003058
-0.007004
0.007124
-0.011392
-0.014394
0.011089
-0.001540
0.002906
0.007013
0.003315
-0.006000
-0.004870
0.004219
-0.003636
-0.008207
0.015435
-0.003174
-0.018823
0.011916
-0.007352
-0.000570
0.072924
0.007532
0.011409
-0.020642
-0.011311
-0.004757
0.003000
-0.009640
0.006711
0.002945
-0.019220
0.010919
-0.000053
-0.004184
-0.016457
0.080504
-0.018932
-0.010308
-0.022365
0.007655
0.008106
-0.011496
-0.015480
0.014520
-0.000167
0.151172
0.009477
0.001321
-0.011563
-0.011581
-0.014524
-0.002818
-0.002040
0.089805
-0.009283
0.230360
-0.015701
0.035152
0.000757
-0.010119
0.001160
-0.003056
0.004053
-0.008797
-0.003893
0.011236
0.007142
0.004645
-0.010726
-0.009156
-0.026193
0.014679
-0.003117
-0.012331
0.008726
-0.005055
-0.019553
-0.006996
-0.001575
-0.014091
0.006281
0.006860
0.004266
0.000192
-0.004923
-0.013382
0.008711
0.000000
0.000000
0.000000
0.000000
-0.010934
-0.011378
0.008350
-0.008516
-0.025821
-0.006058
0.004996
-0.020422
-0.033397
0.008516
0.007149
0.000144
0.000569
-0.004670
0.000484
-0.008144
0.002155
-0.014268
-0.008259
-0.007077
0.002166
0.051461
0.005474
-0.005386
0.002988
0.003853
0.015211
-0.001039
0.000651
-0.008055
-0.000952
0.007961
-0.003904
0.000395
-0.005208
0.008049
0.009928
-0.001109
-0.011373
0.000630
0.042789
-0.007297
-0.007527
-0.003277
-0.015301
-0.010300
0.021149
0.055476
-0.003324
-0.005260
-0.007791
-0.016186
-0.005626
-0.021210
0.003076
-0.021383
0.000878
-0.000740
-0.007505
-0.019282
-0.019021
-0.026717
-0.003807
-0.011318
-0.026406
0.007307
-0.007653
0.005816
0.006737
-0.005473
-0.004694
-0.020306
-0.004000
0.002216
-0.011948
-0.006035
0.000131
-0.004747
-0.004047
0.017875
0.004508
0.016102
-0.031210
-0.003495
-0.002345
0.010156
0.004079
0.004608
0.039773
0.009009
-0.004256
0.007305
-0.008846
-0.001576
0.000189
-0.016249
-0.009648
0.004881
-0.000261
-0.013155
0.003292
0.000230
-0.005885
0.011540
-0.006122
0.000000
-0.006478
0.004396
-0.002410
0.000000
-0.010481
-0.013657
0.004436
0.010761
-0.006029
0.033235
-0.013954
0.004448
0.001883
0.009504
-0.011573
0.005661
-0.003191
-0.000928
0.003543
-0.004426
-0.008421
-0.013805
-0.038968
-0.003023
0.016576
0.008048
0.004682
-0.011591
0.005075
0.026503
-0.019373
-0.031240
-0.007014
-0.002579
-0.002507
-0.005334
0.001798
0.003738
-0.009572
-0.011799
-0.010966
-0.005188
-0.009391
-0.018946
-0.003687
-0.017032
-0.001406
0.007915
0.071490
0.027015
-0.008893
0.015869
-0.002408
0.018669
0.027394
0.004717
0.000811
-0.008005
0.021061
0.018696
-0.007455
-0.010538
-0.030375
-0.005205
-0.005784
-0.002376
-0.006912
0.030036
-0.013700
-0.002589
-0.006930
-0.024611
0.002525
0.074460
0.011754
-0.005394
0.003227
0.090286
-0.004127
-0.003544
0.008753
0.000071
-0.012755
-0.007510
-0.005857
-0.006538
0.014698
-0.050962
-0.008416
-0.010746
-0.007243
-0.009224
-0.002805
-0.001012
-0.004238
0.007921
-0.015405
-0.019299
-0.051182
0.000345
-0.021626
-0.001939
-0.004820
-0.003199
-0.013741
-0.023045
-0.026223
0.001481
-0.016288
-0.000593
-0.001569
0.000252
0.004339
-0.018886
-0.009807
0.012686
0.015001
0.012805
0.018303
0.005464
-0.020334
-0.026972
-0.042274
-0.025944
-0.008261
0.006363
-0.022127
-0.006865
0.005930
0.004883
0.001993
-0.002057
-0.006987
-0.001653
0.000264
-0.003635
-0.001773
-0.014963
0.004831
-0.005947
-0.028556
-0.005361
0.011439
0.009680
-0.000539
-0.016637
0.001557
0.013021
-0.010500
0.015732
-0.014837
0.001267
0.064621
-0.008271
-0.016278
0.005051
0.000000
-0.020723
-0.008969
0.004789
-0.012494
-0.022172
-0.010456
-0.012247
-0.009470
-0.002475
-0.009626
-0.001053
-0.012271
-0.006856
-0.008347
0.000000
-0.002540
0.013664
-0.011177
-0.008956
0.016326
0.035190
0.033804
0.004912
0.000753
0.013665
-0.004764
0.006985
-0.004513
-0.017971
0.064517
-0.006928
0.009417
0.000061
0.018755
-0.006915
0.017815
-0.031588
0.196152
-0.003577
0.002268
0.029652
-0.005128
-0.017262
-0.003047
-0.006433
-0.012328
-0.002965
-0.006415
-0.014044
0.000000
-0.008866
-0.001090
0.004000
0.003342
-0.007479
-0.004744
0.002650
-0.007897
-0.021178
0.010196
-0.021873
0.045671
-0.022987
-0.005256
-0.005517
-0.047715
0.042441
0.029211
-0.009760
0.002434
-0.000897
-0.010060
0.022580
-0.011925
-0.003290
0.022345
0.045487
-0.021686
-0.001766
-0.010776
-0.007963
0.018206
-0.007100
0.006590
0.016583
0.033662
0.007673
0.011498
-0.004625
-0.005693
0.008531
-0.007015
-0.004216
0.006445
-0.002054
-0.043011
-0.005404
-0.007461
-0.003915
0.001265
0.028225
-0.003794
0.003219
-0.010602
0.019119
-0.017221
0.009289
-0.014413
-0.011257
-0.003139
0.076850
-0.009110
-0.002983
0.004880
-0.001188
0.014272
-0.014631
0.011491
0.079184
0.000824
0.001625
-0.000138
0.010509
-0.002189
-0.002253
-0.001233
-0.003916
0.007606
-0.000169
0.008694
0.014199
0.002815
0.008521
-0.014219
0.003428
-0.004017
0.009478
-0.011475
0.010052
0.010975
0.001890
-0.002987
0.001372
-0.011314
-0.012116
-0.012580
-0.023071
0.030951
-0.002580
-0.004418
-0.010662
-0.002953
-0.010449
-0.012670
-0.007105
-0.008256
-0.006578
0.025787
-0.013557
0.001169
0.010346
0.004677
0.000784
-0.013710
-0.013494
-0.028479
0.008876
0.008609
0.002147
-0.001588
-0.000851
-0.008728
0.002538
-0.018511
0.023622
0.012335
-0.004123
0.001161
0.003011
0.010516
0.007131
0.051323
-0.016245
0.013845
0.049010
0.000000
-0.007771
0.001883
-0.006358
-0.047147
0.006616
-0.026693
0.015772
0.005614
-0.011986
-0.009814
-0.008304
-0.008780
-0.004295
-0.007392
-0.005322
0.012416
-0.003406
-0.002180
-0.003217
0.001026
0.027287
-0.002110
-0.016141
0.024744
0.003494
-0.002599
0.047983
0.023687
0.004146
0.008478
0.002195
-0.025799
-0.003720
-0.009167
0.001943
-0.002574
0.017936
-0.041515
0.002819
-0.006731
-0.008021
-0.012831
-0.025122
0.060736
-0.017098
-0.012615
-0.007372
-0.006142
-0.001590
-0.004311
-0.012811
-0.019889
0.003411
-0.002363
-0.014033
-0.003920
0.003706
0.003907
-0.001286
0.007336
0.005868
-0.004465
0.062157
0.085428
-0.005745
-0.008076
-0.004918
-0.017596
-0.017912
-0.010635
-0.002269
0.003432
0.003097
-0.009038
-0.058894
-0.001089
-0.016315
-0.012269
-0.008582
-0.000597
-0.012912
-0.013919
-0.007703
0.006516
0.031084
-0.007678
-0.011030
0.008772
0.001141
0.007358
-0.006888
-0.006123
-0.001780
0.005419
-0.010950
0.024028
-0.008377
-0.013288
-0.006116
0.006393
-0.003232
-0.017442
-0.014508
-0.004574
-0.003367
-0.008229
0.007983
-0.004354
0.002304
-0.010550
-0.008161
0.002576
-0.004504
-0.007895
-0.013962
-0.001222
-0.024110
-0.001483
-0.000223
0.000430
-0.015510
-0.005463
0.008839
-0.000995
0.011526
-0.008774
-0.015976
0.072410
-0.000978
-0.013393
0.039495
-0.015501
-0.005947
0.002187
0.055346
-0.003898
-0.004682
0.003087
-0.010448
0.010522
-0.004640
-0.007179
-0.027548
-0.006943
0.003089
0.003584
0.001913
-0.008589
-0.042350
-0.005129
0.003421
-0.008230
-0.005385
0.027121
-0.001408
0.007115
0.007076
-0.008066
-0.008596
0.006217
-0.001561
-0.027925
0.000364
-0.006787
-0.013016
-0.002399
-0.005277
-0.013681
-0.014225
-0.006211
-0.006796
-0.003009
-0.013345
-0.011429
-0.012446
-0.001973
-0.021039
0.007941
-0.010013
-0.001602
-0.006455
-0.009669
-0.013008
-0.012499
-0.006986
0.037130
-0.019875
-0.001071
0.020661
0.028351
0.007908
-0.029159
-0.007189
-0.006847
-0.005636
0.005771
-0.011765
0.003249
0.009555
0.007489
-0.007278
-0.009139
-0.030273
-0.013831
0.004613
0.030933
0.106754
0.114214
0.132943
0.003400
-0.001095
-0.007811
-0.011465
-0.013709
-0.008477
-0.006431
0.000314
-0.000285
-0.001444
-0.001062
0.000784
0.006801
-0.008916
0.001435
0.000890
0.011693
0.044783
-0.000194
0.005234
0.037379
0.038594
0.006326
-0.007153
-0.006929
-0.016598
-0.002860
-0.035392
-0.013533
-0.012988
-0.002257
0.000744
-0.025200
0.014956
-0.021912
-0.005631
-0.012081
-0.001883
0.026690
0.020684
-0.000814
0.003237
-0.009516
-0.003352
0.000289
0.015871
0.025202
0.024596
-0.009997
0.001612
-0.004079
-0.006360
-0.004684
-0.018565
-0.016431
0.003218
0.003590
-0.002622
-0.007273
-0.014371
0.021187
-0.001007
-0.000730
-0.020086
-0.005279
-0.000282
-0.010187
-0.009232
-0.008454
-0.002370
0.003095
-0.002888
-0.007198
0.003790
-0.015445
-0.007778
0.000644
-0.004711
-0.009583
-0.005404
-0.010324
0.004913
0.000669
-0.024903
-0.004948
0.002662
-0.001042
0.011876
-0.013853
0.017296
0.001790
-0.000664
-0.013573
-0.020237
-0.005254
-0.001818
-0.007764
-0.022263
-0.006967
0.029460
-0.003970
0.000830
0.000005
-0.008765
0.004353
-0.017261
-0.032504
0.017764
0.004200
-0.010028
-0.018112
-0.007520
-0.010562
-0.019642
-0.002747
-0.006151
-0.004611
-0.009302
0.015913
0.018870
-0.006062
-0.000983
-0.024338
0.001118
-0.002023
0.019470
0.003506
-0.004593
0.027657
-0.005475
0.002322
-0.009723
-0.008733
-0.003077
0.009604
-0.023995
0.002856
0.005930
0.007621
0.004384
-0.005990
0.000742
-0.005134
0.030907
-0.003755
-0.003757
-0.004517
0.000624
-0.009476
-0.000147
-0.012285
-0.011322
0.000000
-0.017842
-0.008711
0.000133
0.175441
-0.006334
-0.001582
-0.002992
0.012338
0.000387
-0.012278
-0.008153
0.002878
-0.017743
-0.016253
-0.013054
0.007980
-0.001875
-0.012456
0.007520
0.002719
0.017193
-0.004289
-0.010129
0.004530
-0.013609
-0.008663
0.006619
-0.021928
-0.005024
-0.020011
-0.010690
-0.009135
-0.010399
-0.024636
-0.003789
-0.003702
0.007088
-0.015935
-0.005088
0.059722
-0.006182
0.070082
0.006491
0.006500
-0.023332
-0.006273
-0.044137
-0.021894
0.000413
-0.000927
-0.006695
-0.012337
-0.006605
0.016434
-0.001873
-0.004681
-0.011698
-0.009495
-0.001543
-0.004819
-0.007664
-0.003963
-0.001335
-0.002466
-0.020180
-0.003216
-0.011879
-0.017890
-0.023476
0.014477
0.045820
-0.005775
0.018389
0.055512
0.014068
0.016453
-0.000582
0.007413
-0.016902
-0.004049
0.012914
-0.007714
-0.036779
-0.018124
-0.013206
-0.003476
-0.006489
-0.010861
0.000172
0.028665
0.002782
0.005455
0.006761
-0.011435
0.015525
0.000586
0.005225
0.000422
0.004250
0.004649
0.086615
-0.014815
0.041418
0.117110
0.020812
-0.003545
-0.012792
0.024410
0.009761
-0.004189
-0.020729
0.009775
-0.001848
-0.001083
-0.003795
-0.001203
0.001516
0.020501
0.001967
-0.002817
0.023138
0.002482
0.048781
0.008736
-0.000803
-0.003940
-0.003823
0.002261
-0.009783
-0.005538
0.003796
-0.007307
-0.014578
-0.000407
-0.006991
0.003179
-0.002119
-0.006726
0.002624
-0.007874
0.004566
-0.006593
0.003723
-0.012301
-0.006353
-0.015323
0.005446
0.003883
-0.007611
0.018540
-0.020898
-0.015756
-0.008166
-0.004702
-0.004467
-0.003282
0.009792
-0.015185
-0.006400
-0.008340
-0.003598
-0.002476
-0.012118
-0.005464
-0.008556
-0.016054
0.051393
-0.009268
0.003088
0.033305
-0.001160
0.018969
0.011409
-0.008412
-0.006982
-0.011432
0.015154
-0.004038
-0.002812
0.017541
0.007797
-0.010001
-0.001489
-0.002185
0.011078
0.001100
0.003425
-0.001833
-0.005035
-0.007547
0.002863
0.004620
0.010687
0.010750
0.001479
0.007761
-0.011250
0.006574
-0.006788
-0.016525
-0.035547
-0.018181
-0.004309
0.032929
-0.014007
-0.004589
-0.000747
0.149809
-0.014762
0.003455
0.001272
-0.012854
0.003520
-0.010673
0.014365
-0.006863
0.009583
0.014571
0.017645
-0.003530
-0.022622
-0.081256
-0.030139
0.012190
-0.029187
0.025115
0.003389
-0.029104
-0.017525
0.012828
-0.021133
0.012741
-0.005041
0.014745
0.007896
-0.016523
-0.012088
0.000035
-0.001626
-0.000134
0.022430
-0.013378
-0.002307
-0.001274
-0.011689
0.028585
-0.000361
-0.010655
-0.012985
0.068219
-0.006023
0.001465
0.000329
-0.004271
-0.023831
0.003072
-0.017691
-0.002616
-0.001116
-0.019737
0.002225
-0.004528
-0.010988
-0.005260
0.001844
-0.023459
0.019639
0.000285
-0.016565
0.009390
-0.002227
-0.005135
0.002340
0.036339
-0.002827
-0.013556
-0.010914
0.004103
-0.012252
0.004887
-0.004384
0.005106
0.001167
0.007813
-0.001294
-0.017086
-0.018996
-0.003119
0.005009
-0.013171
-0.001829
-0.004896
-0.013292
0.021321
0.022162
-0.009288
0.010947
-0.009700
-0.004262
-0.025001
-0.002613
-0.010096
-0.000445
-0.002066
-0.007229
-0.012671
-0.008064
-0.008913
-0.003904
-0.025441
-0.004513
-0.003357
-0.001588
-0.008053
-0.010655
-0.003413
-0.004628
0.000691
0.004571
0.000692
0.010531
0.033211
0.023630
0.184183
0.090313
0.001792
0.022042
-0.004800
-0.019349
-0.032474
-0.021855
0.000367
-0.025739
-0.016229
-0.027117
0.001289
-0.009470
0.001897
-0.009692
-0.015370
0.022083
0.001318
0.002622
-0.011052
0.004877
-0.016361
-0.012516
-0.012508
-0.012767
-0.016906
0.009210
-0.004620
-0.003938
-0.007076
-0.025391
0.006683
-0.008773
-0.017415
-0.027470
0.007839
0.010525
-0.034700
0.079968
0.055847
-0.005792
0.019813
-0.017336
-0.018232
-0.004604
-0.006326
-0.007557
-0.008184
0.000244
0.008095
0.009748
-0.001332
0.003341
-0.011101
-0.013738
0.020952
0.006068
-0.028227
0.027491
-0.005041
-0.002582
0.012098
-0.003139
-0.037212
0.015740
-0.009552
-0.008478
-0.002634
-0.002998
-0.008649
-0.020397
0.016913
-0.002262
-0.014029
-0.019109
-0.009701
-0.005079
0.000480
-0.008469
-0.003739
-0.010579
-0.014810
-0.033335
-0.006831
-0.001912
-0.009733
-0.008187
-0.006747
-0.003921
0.002301
0.002370
-0.005010
0.000914
0.002547
0.008870
-0.000336
-0.008926
-0.001611
-0.009929
-0.012289
0.012524
-0.011219
-0.007048
0.002248
-0.008306
0.067258
0.013989
-0.000707
-0.004402
0.006085
0.031072
-0.011594
-0.006322
-0.005246
0.020342
-0.002208
-0.013779
0.013277
-0.004205
-0.017256
-0.010877
0.002387
0.000264
-0.019516
-0.019624
-0.007528
-0.022394
-0.008624
-0.010149
0.020237
-0.006871
-0.002130
0.010580
0.010297
-0.009024
-0.010194
-0.005916
-0.006684
0.007742
-0.012726
0.308063
0.088450
0.101875
0.035151
-0.002465
0.046013
-0.015423
0.045944
0.052906
-0.010099
0.000000
-0.013070
-0.012228
-0.016568
0.000768
-0.011913
0.078074
-0.005075
-0.021979
-0.003249
-0.014644
0.008954
-0.005858
-0.015171
0.001794
-0.017483
0.015412
-0.005764
0.010676
-0.000073
0.001757
-0.009487
-0.025769
-0.012364
0.006971
0.005049
-0.027687
-0.040501
-0.005804
-0.007746
-0.001400
-0.001595
-0.026060
-0.017124
-0.022115
-0.020598
0.002095
0.007044
0.001420
0.076286
-0.011654
-0.007021
-0.005153
0.000089
-0.004476
-0.014851
0.053438
-0.001158
-0.029082
-0.015416
0.179698
-0.012309
-0.000195
-0.005271
-0.007017
-0.006450
-0.001125
-0.005151
-0.000256
-0.004399
0.004197
0.004609
-0.014559
0.012717
0.026418
-0.005986
0.002990
0.016041
0.004445
0.003599
-0.009235
0.004667
-0.004868
-0.006724
-0.009064
-0.008584
-0.013400
-0.001894
-0.003761
-0.004758
0.027824
0.012601
0.004444
-0.013092
-0.012752
0.010962
-0.016841
-0.002570
0.007037
-0.011408
0.000639
-0.010157
0.002697
0.015029
-0.005162
-0.004574
-0.019375
-0.012161
-0.010096
0.026079
-0.001021
-0.003424
0.000767
-0.003988
-0.011083
-0.001909
0.011939
-0.013765
0.007438
-0.001822
-0.011511
-0.000402
-0.006883
0.000439
0.001772
-0.003662
-0.022791
-0.011048
0.007918
-0.024523
-0.005884
-0.005699
-0.016613
-0.002602
-0.019298
-0.008982
-0.001643
-0.015722
-0.016998
0.000515
0.002658
-0.010600
-0.002267
0.002646
-0.017722
-0.004718
-0.010925
-0.001615
0.006653
-0.012691
-0.006355
0.026952
0.007193
0.308142
0.121942
-0.001945
0.020309
0.000936
0.004706
-0.006429
-0.000479
0.007206
0.005815
0.009929
-0.000105
-0.019479
-0.004556
-0.015166
-0.008037
-0.001696
-0.022207
-0.001964
0.002158
0.001182
-0.007445
-0.002050
-0.002593
0.007417
-0.001206
-0.005740
-0.022992
-0.005891
-0.006702
0.048605
-0.013082
-0.003377
-0.012766
-0.004312
-0.005171
-0.020141
-0.004128
-0.018940
-0.037756
0.005228
0.005421
-0.007312
-0.016205
0.002282
-0.007823
-0.001435
0.000611
-0.006340
-0.009754
-0.002142
-0.005222
0.002068
0.004486
0.014359
-0.019073
0.000114
0.013155
0.005676
-0.003985
-0.026163
-0.006242
-0.004555
-0.019665
-0.060394
-0.023433
-0.004269
-0.009725
-0.008200
-0.003506
-0.000959
-0.021093
-0.004729
-0.010620
-0.003622
-0.009383
-0.006890
-0.010766
0.002107
0.010468
-0.002013
0.010469
0.004793
0.009668
-0.002074
-0.001623
0.000638
-0.003977
0.003619
-0.009906
0.025745
-0.039713
0.003479
-0.008184
0.002212
0.003009
-0.007808
-0.008256
0.001386
-0.010962
0.002510
0.003385
-0.039637
-0.014040
-0.012163
-0.028114
0.004201
-0.008013
-0.008265
-0.002613
-0.001695
0.005920
0.008558
-0.003238
-0.016969
-0.010612
-0.000858
-0.023684
-0.017867
0.015165
-0.031612
-0.006354
0.000903
-0.001913
0.009648
-0.006258
-0.003046
-0.024113
0.003906
-0.017115
0.042882
-0.012302
0.005334
0.001821
0.010760
-0.005501
-0.005688
-0.009855
-0.004143
-0.004483
0.004664
-0.004758
-0.007461
-0.000042
-0.007238
-0.009806
-0.008116
-0.010691
-0.002439
-0.007328
0.032620
-0.007743
-0.008338
-0.012070
-0.000201
-0.008425
-0.002012
-0.030300
0.011949
-0.019793
-0.035939
-0.004317
0.001311
-0.000930
-0.016269
-0.000320
0.017847
0.014765
-0.018586
0.002824
0.000000
-0.010943
-0.000461
-0.007675
-0.002533
-0.002186
-0.008051
-0.008069
0.003004
-0.015793
0.003501
-0.001651
-0.005094
0.000000
0.004073
0.018827
-0.006826
0.000000
0.047248
-0.009329
-0.011575
-0.003589
-0.009084
0.017299
0.000119
-0.021228
0.018094
0.048876
-0.002464
-0.000157
-0.012714
-0.009165
-0.020993
-0.003882
0.005533
0.003630
0.002439
0.016429
0.005012
0.001953
-0.003931
-0.017947
-0.007442
-0.008731
-0.006508
-0.012843
-0.015083
-0.009444
0.002845
-0.013169
0.002306
-0.003002
-0.007642
-0.000080
-0.017692
-0.000881
-0.003145
-0.007816
0.004715
0.007944
-0.006237
-0.007959
-0.015597
0.014526
-0.018987
-0.010737
0.004670
-0.005557
-0.002871
-0.010602
-0.019151
-0.001019
0.009940
0.016239
-0.018745
0.015578
-0.029550
0.025817
0.000300
-0.008422
-0.006090
-0.053811
-0.009486
-0.005815
-0.006851
-0.009909
0.008095
-0.004996
-0.003190
-0.005234
0.089099
-0.005654
-0.011459
-0.007327
-0.044979
-0.007789
-0.035775
-0.004842
0.000171
-0.004100
-0.001725
-0.031141
0.014543
0.001211
-0.015681
-0.017548
-0.027630
-0.007354
-0.017201
0.002098
-0.017651
0.005014
-0.005450
0.007369
-0.014597
-0.002753
-0.010489
-0.015512
0.010838
-0.010799
-0.013755
-0.003577
-0.002892
-0.007056
0.187439
-0.006906
-0.005491
-0.009840
-0.010971
-0.004837
0.008888
0.012449
-0.011798
-0.003079
0.011118
0.014370
-0.004262
-0.007385
0.019625
-0.007524
-0.004864
-0.002171
-0.008452
0.027613
0.102922
0.014858
-0.004728
0.002328
-0.004138
-0.006320
0.000038
0.001408
-0.007612
-0.006954
-0.010431
-0.001393
-0.016530
0.001220
-0.002376
-0.002380
-0.005611
0.017855
-0.014752
0.006066
0.006695
0.008599
-0.014913
-0.003598
-0.006303
-0.010600
-0.005689
-0.007462
-0.015440
-0.016154
-0.000204
0.086075
-0.001621
0.001886
0.002829
0.042537
-0.011266
-0.018974
-0.010177
0.014813
0.003104
-0.009093
0.008981
-0.001875
-0.002286
0.021845
0.020171
-0.003003
-0.013471
0.005995
-0.002320
-0.000951
-0.011431
0.012722
0.000109
-0.002810
0.010331
0.001952
-0.002847
-0.013450
-0.000829
0.000227
-0.015182
0.006231
0.007916
0.020179
0.002641
-0.002543
0.008550
0.009079
-0.012459
0.014820
-0.053229
0.118797
0.030706
-0.011415
0.002816
0.014525
-0.007948
0.003933
0.002101
0.010557
-0.009526
-0.014046
-0.007577
-0.002300
0.020748
-0.013156
-0.004606
0.096866
0.112321
-0.013477
0.016083
-0.021777
0.003124
0.018563
0.005704
-0.014338
-0.000344
-0.005435
0.015434
-0.007764
0.004728
0.004475
-0.001526
0.012860
-0.023175
0.014580
-0.004069
0.006170
-0.010693
-0.020300
0.019844
0.019283
-0.008850
-0.008680
-0.014934
0.000057
0.028698
-0.007391
-0.000388
-0.000086
-0.008814
-0.015941
-0.015601
-0.003850
0.002937
-0.006535
-0.004581
-0.020702
-0.000850
0.024428
0.014983
-0.001734
-0.011203
-0.001956
-0.003573
-0.013391
-0.001828
-0.007832
-0.262908
0.002386
-0.012437
-0.011612
0.019741
0.088687
0.000384
0.132648
-0.004606
-0.001320
-0.012166
-0.003669
-0.014753
-0.006398
0.000000
0.000000
0.000000
-0.003704
-0.011375
0.033209
-0.013394
-0.001553
0.021237
0.024998
-0.023961
0.112637
0.013423
0.004993
-0.012716
-0.018439
0.015868
0.017939
0.000085
0.008609
-0.004752
0.043747
-0.003075
-0.002526
0.002726
-0.006916
0.000000
0.000643
-0.061342
0.001576
0.008239
0.002113
-0.011690
0.001162
0.000189
-0.014187
0.003282
0.002668
0.000000
-0.002574
-0.040294
-0.008775
0.008270
-0.006868
-0.002756
0.006296
-0.008829
-0.012693
0.002176
-0.002271
-0.005500
-0.016052
-0.013135
-0.012517
-0.019570
-0.010037
-0.008407
-0.015226
-0.009347
-0.030971
-0.010191
-0.001749
0.020063
-0.001922
0.002467
0.000997
0.010277
-0.002272
-0.000890
-0.002204
0.011087
-0.022023
-0.013741
-0.002572
0.008310
0.000000
0.010622
0.000000
0.008810
-0.013149
-0.002358
0.001096
-0.021657
-0.003844
-0.001709
-0.017245
-0.015630
-0.008061
-0.009966
-0.003628
0.000000
-0.006872
0.001998
-0.024974
0.057160
0.000144
-0.009526
0.000882
0.000000
-0.024763
0.001777
-0.030800
-0.000398
0.003941
-0.010946
-0.038321
-0.019091
-0.006380
0.015306
0.009023
-0.005635
0.002958
-0.020021
-0.009663
-0.019386
-0.002706
-0.000870
-0.005975
-0.003400
-0.006945
0.003783
0.186526
-0.000098
0.000000
0.009148
0.027769
-0.029436
-0.008436
0.001696
0.014911
0.004893
0.020460
-0.008879
0.032382
0.017252
0.006120
-0.007297
0.003371
-0.014141
0.007151
-0.002333
-0.007712
0.000000
0.000000
0.000000
-0.016099
0.000422
-0.013600
-0.003432
-0.001752
-0.010393
-0.020234
-0.010962
0.027337
-0.009514
-0.011221
-0.005370
0.008850
-0.006680
0.024728
-0.002949
-0.002335
0.007787
-0.005624
-0.026427
-0.006337
0.000397
-0.009398
-0.032559
-0.018251
-0.060402
-0.009603
-0.009187
0.018846
-0.000662
-0.011166
0.017769
-0.014773
-0.004256
-0.010417
-0.000517
0.002911
-0.000133
-0.001071
-0.003156
-0.002482
-0.001440
-0.002307
0.000005
-0.002454
0.004018
0.002409
-0.014055
-0.002228
0.005734
-0.054841
-0.016989
0.019318
-0.017936
-0.008437
0.046541
-0.024398
-0.003953
-0.008347
0.026638
0.014983
-0.014989
0.011125
-0.004623
0.001087
-0.001328
-0.000003
-0.007693
-0.000980
-0.001910
-0.017414
0.019431
-0.025908
-0.005360
-0.003903
-0.010744
-0.010407
-0.018234
-0.019837
-0.018487
-0.008691
0.014310
-0.008351
-0.018933
-0.004896
-0.008156
-0.007554
-0.010257
-0.017085
0.044650
0.001367
0.003024
0.010036
-0.014656
0.007498
0.012104
0.001316
-0.005384
-0.006780
-0.002937
-0.005936
-0.004834
0.006541
0.012305
-0.027572
-0.003181
-0.005404
-0.001577
0.006345
-0.027960
-0.001590
-0.000497
-0.004549
-0.017349
0.000269
-0.008394
-0.005355
-0.010518
-0.000970
0.001865
-0.000696
0.015147
-0.014795
-0.022962
0.040060
-0.002584
-0.009774
-0.022923
-0.004681
-0.005938
0.001045
-0.027473
0.003154
-0.022264
-0.010501
0.003345
0.002633
-0.001241
0.005238
-0.005449
0.000154
-0.010182
-0.003901
0.024909
-0.019436
0.029033
0.014367
-0.001688
-0.005018
-0.013123
-0.011628
0.002161
-0.015808
-0.004240
-0.018349
-0.009243
0.011914
0.005653
0.000242
-0.004063
-0.028647
-0.005971
-0.005939
-0.001603
-0.015139
-0.004685
-0.002975
-0.005298
-0.006241
-0.005006
-0.014763
-0.005142
-0.016591
0.000364
-0.047559
-0.019542
0.000215
-0.012749
-0.005398
0.005012
0.003446
-0.001082
-0.005113
0.021726
-0.003887
0.001929
0.001853
-0.007009
-0.010703
-0.002382
-0.011847
0.008238
-0.002749
-0.016107
-0.006492
-0.015347
-0.003712
0.012384
0.002573
-0.008663
0.011927
-0.001409
-0.000233
-0.006950
-0.005719
-0.003228
0.017076
0.008457
-0.010182
0.001950
0.001554
-0.008761
-0.003718
0.007291
0.002978
0.000159
0.003984
-0.002702
-0.007820
0.015294
-0.006961
-0.007844
0.007496
-0.001530
-0.017406
-0.008401
-0.011169
0.000448
-0.007634
-0.000151
0.013457
-0.002993
0.018818
-0.001113
-0.033314
-0.034175
0.023370
0.000015
0.015949
0.000639
-0.004682
0.011854
0.002065
0.007885
0.010405
-0.005774
-0.024910
0.003119
-0.001696
0.017175
-0.008227
-0.002890
-0.008336
0.003172
0.001650
-0.007632
-0.005181
0.003115
-0.004716
-0.003150
-0.007931
-0.007099
0.015279
0.054778
0.007414
0.001063
-0.002992
-0.001636
-0.009090
0.001184
-0.003679
-0.003076
-0.004239
-0.000987
-0.002786
-0.005825
0.001261
-0.014342
0.006882
-0.007420
-0.009070
0.000177
-0.014424
0.092899
0.002047
0.007407
0.016978
-0.029225
-0.008469
-0.001748
-0.010275
0.026424
0.006962
0.041347
0.030889
0.043129
0.018635
0.023387
0.017782
-0.023020
0.017409
-0.009306
0.032125
-0.022618
0.042165
0.000028
0.008186
0.007014
0.037300
0.002448
0.000586
-0.001704
0.004939
-0.037311
0.277804
-0.000693
-0.001518
-0.017890
-0.005652
-0.014423
-0.017557
-0.011966
-0.005653
-0.001326
0.021986
-0.001889
-0.026033
-0.005602
0.028605
0.018580
-0.012649
-0.012735
-0.009297
0.006511
-0.008970
-0.007077
0.002492
0.009830
0.004965
