0.009360
0.000000
0.000000
0.000000
0.000000
0.000000
0.000000
0.008756
0.000497
-0.003362
-0.012938
0.000000
0.000000
0.000000
0.000000
0.000000
0.000000
0.000000
0.000000
0.000000
-0.010493
-0.009505
0.010380
0.000000
0.000000
0.000000
-0.020238
0.000000
0.000000
-0.015370
0.017701
-0.016463
-0.014213
-0.010882
0.014923
-0.006227
-0.004184
0.010027
0.020698
0.000000
0.000000
0.000000
0.000000
0.000000
0.000000
0.000000
0.000000
0.000000
0.000000
0.000000
0.000000
0.000000
0.000000
0.000000
0.000000
0.000000
0.000000
0.000000
0.000000
0.000000
0.000000
0.000000
0.000000
0.000000
0.000000
0.000000
0.000000
0.000000
0.000000
0.000000
0.000000
0.000000
0.000000
0.000000
0.000000
0.000000
0.000000
0.000000
0.000000
0.000000
0.000000
0.000000
0.000000
0.000000
0.000000
0.000000
0.000000
0.000000
0.000000
0.000000
0.000000
0.000000
0.000000
-0.006885
0.004108
0.000000
0.000000
0.000000
0.000000
0.000000
0.000000
0.000000
0.000000
0.000000
0.000000
0.000000
0.000000
0.000000
0.000000
0.000000
0.000000
0.004802
-0.006014
0.000000
0.000000
0.000000
0.000000
0.000000
0.000000
0.000000
0.000000
0.000000
0.000000
0.000000
0.000000
0.000000
0.000000
0.000000
0.000000
0.000000
0.000000
0.000000
0.000000
0.000000
0.000000
0.000000
0.000000
0.000000
0.000000
0.000000
0.000000
0.000000
0.000000
0.000000
0.000000
0.000000
0.000000
0.000000
0.000000
0.000000
0.000000
0.000000
0.000000
0.000000
0.000000
0.000000
0.000000
0.000000
0.000000
0.000000
0.000000
0.000000
0.000000
0.000000
0.000000
0.000000
0.000000
0.000000
0.000000
0.000000
0.000000
0.000000
0.000000
0.000000
0.000000
0.000000
0.000000
0.000000
0.000000
0.000000
0.000000
0.000000
0.000000
0.000000
0.000000
0.000000
0.000000
0.000000
0.000000
0.000000
0.000000
0.000000
0.000000
0.000000
0.000000
0.000000
0.000000
0.000000
0.000000
0.000000
0.000000
0.000000
0.000000
0.000000
0.000000
0.000000
0.000000
0.000000
0.000000
0.000000
0.000000
0.000000
0.000000
0.000000
0.000000
0.000000
0.000000
0.000000
0.000000
0.000000
0.000000
0.000000
0.000090
0.004954
0.000000
0.007136
0.000000
0.000000
0.000000
0.005172
0.004789
-0.005459
0.000529
0.000000
0.000000
0.000000
-0.012217
-0.004477
0.005148
-0.005370
0.000000
0.001301
-0.017698
-0.018615
-0.012335
-0.013428
-0.015019
-0.017433
-0.019165
0.000000
0.002461
-0.030560
0.120353
-0.007770
-0.015058
-0.012582
-0.005552
-0.010542
-0.013790
-0.009550
-0.007889
0.008925
0.075454
0.022344
-0.006582
0.000000
0.000000
0.071115
0.015272
0.008646
0.019860
0.005262
0.012199
-0.016702
0.000000
0.000000
0.000000
0.000000
0.001014
0.000000
0.004472
0.000000
0.000000
0.000000
0.000000
0.006963
0.000000
-0.012025
-0.002587
-0.007076
-0.012531
0.000000
0.000000
-0.008394
0.000000
-0.010421
-0.007987
-0.003861
-0.005846
0.024516
0.000000
0.000000
0.000000
0.000000
0.000000
0.000000
0.000000
0.000000
0.000000
0.007558
0.000000
0.000000
0.000000
-0.003202
-0.026133
-0.000137
0.076322
0.047399
0.000000
-0.005707
0.000000
0.001527
0.001124
0.000000
-0.013950
0.003857
-0.023998
-0.001353
0.000000
0.000000
0.000000
0.000000
0.000000
0.000000
0.000000
0.003723
-0.001692
-0.016442
0.008869
0.019694
0.000000
0.000000
0.000000
-0.008444
0.031803
-0.019736
-0.009536
-0.007652
-0.017819
0.001791
-0.010276
0.000000
0.005648
0.000000
0.000000
0.000000
0.000000
0.000000
0.000000
0.000000
0.000000
0.000000
0.000000
0.000000
0.000000
0.000000
0.000000
0.000000
0.000000
0.000000
0.000000
0.000000
0.000000
0.039689
-0.010573
-0.000579
-0.010063
-0.005127
-0.003365
-0.007332
0.000000
0.000000
0.000000
0.000000
0.002702
-0.010610
-0.005362
-0.010561
0.000000
0.008784
0.000000
0.000000
-0.028370
0.000000
-0.008353
-0.001472
0.000000
0.000000
0.033461
-0.004276
0.004877
0.023482
0.013704
0.000000
0.000000
0.000000
0.000000
-0.012664
-0.000962
0.033153
0.000000
0.000000
-0.016326
0.012675
-0.006702
0.000000
0.000000
-0.009288
0.029916
-0.010177
0.000000
0.049475
-0.006483
0.000000
0.000000
-0.021322
-0.007970
-0.006105
-0.004852
-0.017264
-0.018353
-0.009624
0.000000
0.000000
0.000000
0.007405
0.004157
0.005552
-0.023371
0.000000
-0.025011
0.010381
-0.030291
0.000449
0.066246
-0.020264
-0.002511
0.000000
0.014566
-0.009556
-0.001766
-0.009164
-0.010566
-0.016709
-0.006369
0.000000
0.000000
0.000000
-0.009616
-0.014465
-0.016501
0.008665
0.025387
0.112564
0.000000
-0.003125
-0.013742
0.006618
0.014032
0.003049
-0.010962
0.000000
0.000000
-0.010422
-0.015510
0.058294
-0.014663
0.147737
-0.009366
-0.010334
0.006793
0.000285
0.000000
0.002253
-0.012877
-0.001634
0.000000
0.000000
0.000000
0.008065
0.004917
0.000000
0.000000
0.000000
-0.015690
0.000000
0.000000
-0.003637
-0.013532
-0.007328
0.000000
0.005024
0.002067
0.000000
0.000000
0.000382
-0.012168
-0.002579
0.013473
0.051893
-0.004261
-0.002759
-0.023723
-0.014932
0.000000
0.002920
-0.009576
-0.005143
0.004909
0.000000
0.031588
-0.011207
0.026497
0.049849
0.043378
-0.015353
-0.019230
0.040680
-0.027854
-0.016341
-0.031418
0.000000
-0.022010
-0.009781
0.000000
0.026092
0.006188
-0.009015
0.000000
-0.001582
0.000000
0.000000
-0.006043
0.003185
-0.025034
0.020408
-0.003844
0.000703
-0.015403
-0.019149
-0.001668
0.047091
0.041345
-0.001022
0.091406
0.065649
0.019430
-0.004088
-0.005913
-0.020539
0.045446
-0.013608
0.013172
-0.022016
0.000000
-0.019001
-0.025872
-0.006301
0.000000
-0.015465
0.100705
-0.005874
0.000296
-0.009787
0.001186
0.100317
-0.007497
0.000000
0.000000
-0.008632
-0.010024
-0.018493
-0.009720
0.000000
-0.005362
-0.032998
0.000000
0.000000
-0.008036
0.000000
0.018896
0.000000
-0.018455
-0.018329
0.051723
-0.010585
-0.018399
-0.005944
-0.016555
-0.037210
0.011234
0.000000
-0.015233
0.000557
0.000000
0.000000
0.009615
0.000000
0.088575
0.002259
0.016702
0.000000
0.035127
0.000677
-0.014535
0.000000
0.000000
-0.016424
-0.012111
-0.025064
0.000000
-0.026473
-0.029256
-0.013052
0.000000
-0.006029
0.002910
-0.008152
-0.007456
0.024759
0.001072
-0.005815
0.004457
-0.009166
0.003394
-0.003450
-0.009203
-0.015902
-0.015371
-0.006258
0.023080
-0.006660
-0.011720
-0.002512
0.000000
0.000000
0.015392
0.000000
0.000000
-0.001622
0.004464
-0.001410
-0.004278
-0.003050
0.000000
-0.004420
0.003473
-0.016440
0.021778
-0.009317
0.010850
0.015300
-0.000339
-0.011841
-0.013872
-0.019082
0.003206
0.000000
-0.017856
0.000000
-0.010762
-0.024251
-0.009546
-0.016561
0.006087
0.000000
0.000000
0.000000
-0.009775
-0.004238
0.009261
0.000000
0.000000
0.000000
0.017214
0.000000
0.000000
0.000000
-0.000345
0.000000
-0.007568
-0.016252
-0.004303
-0.119452
0.000000
0.000000
-0.021622
0.000000
0.000000
0.000000
0.000000
0.000000
0.000000
0.000000
0.000000
0.004125
0.001694
0.004545
-0.026706
-0.007468
-0.028257
-0.011958
0.016781
0.036731
-0.010763
-0.020459
-0.013094
0.000000
0.000000
0.000000
0.000000
0.000000
0.000000
0.000000
0.000000
0.000000
0.000000
0.000000
0.000000
0.000000
0.000000
-0.007220
-0.015134
0.037728
0.008926
-0.009767
0.000000
0.068604
-0.005039
-0.002793
0.000000
0.000000
0.000000
0.000000
0.000000
0.000000
0.000000
0.000000
0.000000
0.000000
0.000000
0.000000
-0.006284
0.003941
0.033679
-0.004091
0.000000
-0.006575
0.010449
-0.024729
-0.025287
0.043670
0.000000
-0.004643
-0.018186
0.000000
0.000000
0.000000
-0.011222
0.000000
-0.004777
0.091150
-0.006036
-0.000407
0.000000
0.000000
0.007019
-0.013754
-0.000974
-0.017983
-0.018675
0.000000
-0.019787
0.021225
0.000000
-0.012440
-0.009081
0.000000
0.000000
0.000000
0.002358
0.005726
0.000000
0.000000
0.000000
0.077568
-0.013529
-0.011200
0.000000
-0.021278
-0.011575
0.000000
0.000000
0.000000
0.009999
0.003869
0.000000
-0.046965
-0.009588
0.000172
-0.011180
-0.006951
-0.003368
-0.018247
-0.003167
0.000000
0.021692
0.015426
-0.018762
-0.011544
-0.004209
0.000000
-0.033611
-0.016829
-0.007665
0.034168
0.001003
-0.007638
-0.017580
0.017575
-0.009056
-0.013946
-0.018050
-0.001731
0.002452
-0.019463
0.000000
0.000000
0.000000
-0.014971
-0.002253
-0.018370
0.009775
0.025275
-0.013202
0.000000
-0.000687
-0.018694
0.001003
0.018641
0.063871
-0.009767
0.000000
-0.018879
0.000677
-0.015767
0.000000
-0.000637
-0.002313
-0.007719
-0.019794
-0.017353
-0.009534
0.036774
0.189033
-0.015969
-0.008540
-0.013999
-0.006584
-0.004215
-0.003203
0.000000
-0.004477
0.000000
0.000000
0.000000
0.000000
-0.015536
-0.018539
-0.025464
-0.057108
0.000000
0.000000
-0.001972
0.000000
0.000000
0.000000
0.000000
0.000000
0.000000
0.000000
0.000000
0.000000
0.000000
0.000000
0.000000
0.000000
0.000000
0.000000
0.000000
0.000000
0.000000
0.000000
0.000000
0.000000
0.000000
0.000000
0.000000
0.000000
0.000000
0.000000
0.000000
0.000000
0.000000
0.000000
0.000000
0.000000
0.000000
0.000000
0.000000
0.000000
0.000000
0.000000
0.000000
0.000000
0.000000
0.000000
0.000000
0.000000
0.000000
0.000000
0.000000
0.000000
0.000000
0.000000
0.000000
-0.014407
-0.007949
0.000000
0.000000
0.000000
0.004476
-0.002499
0.000000
-0.001141
0.000000
0.000000
0.004749
-0.007721
0.000000
0.000000
0.000000
0.000000
0.000000
0.000000
0.000000
0.000000
0.000000
-0.015157
-0.007520
0.014202
-0.007891
-0.001351
-0.008960
0.005055
0.000000
0.000000
-0.002204
0.000000
-0.008598
-0.020981
0.003406
-0.015988
-0.010767
0.000000
0.000000
0.000000
0.000000
0.000000
0.000000
0.000000
0.000000
0.000000
0.000000
-0.003940
0.000000
0.000000
0.000000
0.000000
0.000000
0.000000
-0.017784
-0.008062
-0.007641
0.059869
0.029186
-0.014148
0.000439
0.018757
-0.001865
-0.018475
0.036171
0.000000
-0.008617
0.000000
0.000000
0.000000
-0.009423
0.000000
-0.011532
-0.003323
0.000000
0.028608
0.119522
-0.030856
-0.016244
-0.012763
0.000000
-0.009660
-0.006113
0.000000
-0.008979
-0.003439
-0.020953
-0.009863
-0.003977
-0.005428
-0.005376
-0.010827
-0.021274
0.018163
-0.007891
0.012844
-0.012458
-0.007178
-0.010078
0.000000
-0.003207
-0.004712
0.000000
0.000000
0.000000
0.000000
0.000000
0.000000
0.000000
0.000000
-0.006392
-0.009477
-0.016936
-0.012041
0.000000
0.000000
0.000000
0.000000
0.000000
-0.013166
0.000000
0.037064
-0.014818
-0.038634
0.000000
0.000000
0.000000
0.000000
0.000000
0.000000
0.000000
0.038663
-0.004101
0.000000
0.000000
0.000000
0.000000
0.000000
-0.001251
-0.001818
0.003421
0.000000
0.000000
-0.007067
0.001341
-0.026479
0.012811
-0.009818
-0.003397
-0.015457
0.000000
-0.012795
-0.010082
0.014286
-0.024757
0.006082
0.000000
0.000000
0.000000
0.000000
0.000000
0.000000
0.000000
0.000000
0.000000
0.000000
0.000000
0.035900
0.000000
0.000000
0.000000
0.034340
0.000000
0.041303
0.000000
0.012568
0.000068
0.000000
0.009951
0.000000
0.003524
-0.009857
-0.016825
-0.003231
0.000000
0.000000
0.005406
0.009441
0.008288
-0.025070
-0.011591
0.022285
0.008211
0.006257
0.126085
0.000000
-0.022484
-0.004013
0.015993
0.000000
0.004101
0.000000
0.000000
0.000062
0.000000
0.000000
0.000000
0.000000
0.000000
0.000000
0.000000
0.000000
0.000000
0.000000
0.000000
0.000000
0.000000
0.000000
-0.003139
0.004072
-0.002772
-0.019233
0.000000
-0.017099
-0.002733
-0.003798
-0.015954
0.002564
-0.019182
0.004091
0.033692
-0.005921
-0.016180
-0.001191
0.000000
0.000000
-0.002460
-0.227624
-0.007098
-0.001624
0.000000
0.000000
0.010461
-0.320826
0.000000
0.000000
-0.024924
0.000000
0.015225
0.000000
0.000000
0.000000
0.000000
0.000000
0.001824
-0.011460
0.000000
0.000000
0.000000
0.000000
0.000000
-0.022747
0.000000
-0.009459
0.024244
0.000000
0.000000
0.000000
0.000000
0.000000
0.000000
0.000000
0.000000
0.000000
0.000000
0.000000
0.000000
0.000000
0.000000
0.000000
0.000000
0.000000
0.000000
-0.013669
0.000000
0.003053
-0.013460
0.000000
-0.020764
-0.019111
0.005699
0.025222
-0.011024
-0.007821
0.000000
-0.002278
-0.000730
0.000000
-0.005558
-0.015391
0.004736
0.018378
0.000000
-0.001464
0.000000
-0.011116
-0.009324
-0.015480
0.009044
0.003335
0.000000
-0.002782
0.000000
-0.012037
0.000000
-0.016043
0.003615
0.000000
-0.012516
-0.002292
0.000000
0.000000
-0.015247
-0.012794
-0.009242
0.003045
0.000000
0.023939
0.034062
0.000000
0.000000
0.000000
0.000000
0.000000
0.000000
0.000000
0.000000
0.000000
0.000000
-0.003618
-0.010329
0.000000
-0.002648
-0.004641
0.043090
0.000000
-0.003789
0.000000
0.000000
0.000000
0.000000
-0.012462
-0.007946
0.000000
0.000000
0.000000
-0.003868
0.003795
-0.008653
0.004340
-0.018834
0.033402
0.000433
0.000000
0.000252
0.005408
-0.011197
-0.015977
0.000000
0.000000
0.000000
0.000000
-0.005306
-0.012624
0.000000
0.021629
0.000000
-0.000164
0.000000
-0.009832
-0.005479
-0.003078
0.000000
-0.018487
0.000281
0.015208
-0.008311
-0.045462
-0.003018
-0.015838
0.000000
-0.009307
-0.009008
0.000000
-0.011421
0.014107
0.000000
0.002003
-0.021135
-0.016066
-0.015435
-0.015257
-0.005992
-0.001429
0.012978
-0.000866
0.004584
0.000000
-0.004461
-0.009583
-0.019197
0.066539
-0.002142
0.000000
-0.003855
-0.008753
0.009115
-0.019493
0.000000
-0.010682
0.000000
-0.017643
-0.004639
0.006459
0.005411
0.138876
-0.020219
-0.019322
0.025469
-0.001515
-0.015637
-0.007383
0.004494
0.000000
0.000000
0.000000
-0.015390
-0.001837
0.000000
-0.015716
-0.016631
-0.017345
0.040435
0.063352
0.000000
0.039150
-0.024429
-0.007392
0.000000
0.020131
-0.015254
-0.011127
0.002162
0.025065
-0.014007
-0.009755
0.001491
-0.012177
-0.010242
-0.003827
0.003230
-0.018067
0.010843
0.103355
0.016907
0.009864
0.000000
0.020775
-0.010491
-0.004289
-0.019521
-0.005678
-0.007362
0.000000
-0.002770
-0.011255
-0.005680
0.000187
-0.006453
0.000000
-0.015598
-0.040729
-0.019290
-0.020075
-0.000676
-0.020213
0.002249
0.009240
0.000000
0.000000
-0.006468
0.009463
0.001077
-0.003603
0.002694
-0.026842
-0.010232
-0.009372
-0.013656
-0.013430
-0.005730
0.000000
0.000000
-0.017722
0.292103
0.048987
-0.007550
0.003094
0.007823
0.004160
-0.016734
-0.000854
0.000000
0.039583
0.006136
0.000000
-0.001299
-0.015871
-0.014014
0.001966
-0.004088
-0.022655
0.001375
0.006280
0.074864
-0.038387
-0.012165
0.017248
-0.025086
-0.008069
-0.011919
-0.014349
-0.005899
-0.007267
-0.006187
0.017273
0.035097
0.012073
0.000000
-0.016808
0.000000
-0.024735
0.000000
0.000000
-0.007840
0.000000
-0.010920
-0.004618
-0.019928
-0.011562
0.000000
0.177835
0.003049
-0.010458
-0.000105
-0.025102
-0.011898
-0.013957
0.016344
0.000000
0.000000
0.000000
-0.023239
0.008074
-0.014962
-0.005654
-0.016540
0.083905
-0.002823
-0.014056
0.000000
-0.014957
-0.003323
0.000194
-0.004097
-0.005564
0.003647
-0.019573
-0.007863
-0.003502
0.099673
0.000000
-0.003278
-0.006099
0.000000
-0.001628
-0.000452
0.000000
0.005970
0.000000
-0.001436
-0.004549
-0.015267
0.013762
-0.010323
0.007072
0.001489
0.000000
0.000000
0.000000
-0.023064
0.000000
0.000000
-0.012580
0.000000
0.000000
0.000000
0.000000
0.000000
0.000000
0.000000
0.000000
0.000000
0.000000
0.000000
0.000000
0.000000
0.000000
0.000000
0.000000
0.000000
0.000000
0.000000
0.002496
-0.005753
-0.001618
-0.010236
0.000000
0.000000
-0.011782
-0.002459
0.000682
-0.004243
0.000000
-0.022640
0.000000
-0.009082
0.000000
-0.001254
0.000000
0.000000
0.000000
-0.012748
0.000000
0.000411
0.143460
-0.006471
0.027426
0.000000
-0.021607
0.017831
0.000000
0.000000
0.000000
0.000000
0.000000
0.000000
0.000000
0.000000
0.000000
0.000000
0.000000
0.000000
0.000000
0.000000
0.000000
0.000000
0.000000
0.000000
0.000000
0.000000
0.000000
0.000000
0.000000
0.000000
0.000000
0.000000
0.000000
0.000000
0.000000
0.000000
0.000000
0.000000
0.000000
0.000000
-0.009117
0.000334
0.000884
0.012362
-0.022971
0.000045
-0.020616
-0.024959
-0.007781
0.000000
0.000648
-0.012420
-0.008713
0.015409
-0.009997
-0.015388
-0.012069
0.000000
-0.006793
-0.006063
0.012296
0.034381
0.000000
-0.009604
0.000000
0.000000
0.000000
0.004568
-0.002095
-0.004666
-0.011007
0.000000
0.141622
0.001044
-0.006295
-0.011619
0.000000
-0.000441
-0.018761
-0.029343
0.000000
0.000000
-0.004541
-0.005302
0.000000
0.000000
-0.007835
0.050899
-0.011419
-0.015298
-0.013483
-0.006988
0.014039
-0.005780
-0.020599
0.000000
-0.019326
-0.004930
-0.009268
0.010015
0.000000
0.013461
0.021157
-0.005069
0.000000
0.023717
-0.012656
0.000000
0.000000
0.000000
0.000000
0.000000
-0.009622
-0.017346
0.000000
0.000000
0.000000
0.000000
-0.013600
-0.012196
-0.033791
0.000000
-0.006431
-0.013376
-0.012497
-0.003463
0.000000
0.000000
0.000000
-0.002453
0.000118
0.000000
0.000000
-0.013103
-0.005264
-0.003643
-0.021651
0.027029
0.000000
0.000000
0.000000
0.000000
0.000000
0.000000
0.010041
-0.008817
0.517299
0.000000
-0.020579
-0.003922
0.000000
0.048912
-0.007219
0.004946
-0.006991
0.000873
0.000000
0.000000
0.000000
0.000000
0.000019
0.007216
-0.001267
0.030166
-0.011927
-0.022777
0.020609
0.093146
-0.002346
0.000000
0.005939
-0.011005
0.000000
0.000000
0.046526
0.000000
0.000000
0.006741
0.001473
0.000000
0.000000
0.000000
0.000000
0.000000
0.000000
0.000000
-0.014135
-0.001322
0.005345
0.000581
0.015831
0.000000
-0.022274
0.000000
0.026202
0.000163
-0.002103
-0.009396
-0.034838
-0.004728
0.000000
0.000000
0.000000
0.000000
0.000000
0.000000
0.000000
0.000000
0.000000
0.000000
0.000000
0.000000
0.000000
0.000000
0.007473
0.028169
0.000000
-0.016192
-0.030064
-0.008231
0.000000
0.000000
0.000000
-0.002408
-0.023400
-0.012772
0.000000
-0.007175
-0.006556
-0.008978
-0.014818
0.000533
-0.001656
-0.001206
-0.011408
-0.011568
0.013898
