0.000494
-0.008820
-0.010107
-0.031435
-0.011162
-0.010387
-0.033224
0.003392
0.030154
0.001474
-0.040962
-0.038442
-0.019122
-0.002400
0.002688
-0.030049
0.040811
0.032550
-0.009408
0.015768
0.002303
0.013637
0.006789
0.083349
-0.012481
-0.032127
-0.004722
0.028886
-0.026467
-0.023209
-0.069490
0.004200
0.012338
0.004736
-0.010365
-0.019787
0.001975
-0.015461
-0.060839
-0.005260
0.003133
-0.017232
-0.018771
-0.024626
0.001811
-0.013729
-0.027191
0.351773
-0.057348
-0.019166
-0.012989
0.038581
-0.054015
-0.015145
0.205716
0.128318
-0.008800
0.172683
0.162416
0.080537
0.250713
0.089418
0.175105
0.060621
0.067640
0.061678
0.114817
0.076795
0.008821
0.056504
0.038289
0.059923
0.098099
0.080643
0.067197
0.085282
0.036632
-0.044864
0.064210
0.010045
-0.018212
0.052264
0.049775
-0.036299
0.081895
0.011651
0.093668
0.040467
0.059272
0.071226
0.012534
-0.005242
0.034773
-0.053647
-0.022827
-0.004891
0.078001
-0.011557
0.064576
-0.020168
-0.012136
0.038040
0.022545
0.022786
0.043080
0.053450
0.054170
0.082164
0.042007
0.112135
0.108158
0.169036
0.151215
0.072045
0.070091
0.055296
0.000000
0.052737
0.000000
0.126385
0.000000
0.064999
0.000000
0.062087
0.085192
0.091032
0.056994
0.011975
0.145797
0.014009
0.044776
-0.025764
0.027913
0.035893
-0.020407
0.102392
-0.005918
0.081219
0.007069
0.053646
-0.031018
0.053587
-0.028524
0.095603
0.045498
0.060895
0.000550
0.041985
0.021550
0.033148
-0.029231
0.040197
0.033697
0.043141
0.013769
-0.026492
0.008387
-0.003736
0.022666
0.049361
-0.024790
-0.174272
0.099330
0.000000
0.000000
0.000000
0.000000
0.036193
0.056643
0.020103
0.000000
0.000000
0.000000
0.000000
0.000000
0.000000
0.025455
0.166651
0.120677
0.012684
0.067021
-0.008849
0.036328
0.000000
0.086366
-0.008806
0.074539
0.075353
0.000000
0.064070
0.189177
0.123784
0.075769
0.031052
0.057355
0.006099
0.001204
0.519863
-0.006133
0.046882
0.000180
0.025678
0.042819
0.007582
0.013371
0.014945
0.033902
0.000000
0.000000
0.000000
0.034642
0.140424
-0.035052
-0.002047
0.026884
0.015926
0.000000
0.000000
0.000000
0.000000
0.000000
0.000000
0.000000
0.000000
-0.006650
0.102683
0.015630
-0.057479
-0.002164
-0.004319
-0.035059
-0.006772
0.066722
-0.030620
0.005584
0.062163
0.013555
-0.011394
-0.006032
-0.001350
0.051456
0.022298
-0.039210
-0.005187
0.036270
-0.000178
-0.012078
0.048198
-0.061304
0.008015
0.041305
0.024949
0.059117
0.060867
0.036387
-0.018559
-0.032088
0.079941
0.000679
0.007965
0.015752
0.041566
-0.027764
0.073797
0.007525
0.068287
0.061663
0.032842
0.003635
0.007244
0.030914
-0.019457
-0.053613
-0.021553
0.001309
0.025392
0.046772
0.025782
0.032971
0.007078
-0.023890
0.022475
0.016109
0.015113
-0.022485
-0.038196
-0.012092
-0.016749
-0.029210
0.001724
-0.016846
-0.002738
0.001566
-0.003614
0.103249
-0.009087
0.015762
-0.015561
-0.000808
0.039127
-0.034637
-0.064931
-0.046857
0.035815
-0.067561
-0.005256
-0.030085
0.000000
-0.010104
0.039607
0.075530
-0.016216
0.062560
0.038258
0.078934
0.024011
0.025157
0.046638
0.015633
0.007272
0.015742
0.000541
0.048889
-0.045866
0.005991
-0.042971
0.009790
0.015715
0.013286
0.004650
0.000787
-0.012761
0.056090
-0.014042
0.014081
-0.002389
0.046985
-0.010876
0.007508
0.000675
0.000418
0.002596
-0.008299
0.013942
0.009168
-0.018571
-0.035919
-0.002181
0.000000
0.000238
0.008145
0.003056
0.037674
-0.030834
-0.000636
0.006268
-0.009072
-0.005643
-0.024336
0.034868
0.001644
0.202782
-0.030629
0.018519
0.029778
0.027786
0.070449
-0.039546
0.013827
0.019324
0.060630
0.011517
0.040324
0.007896
0.013629
0.041932
0.066208
0.057937
-0.016170
0.042917
0.006894
0.020270
-0.029934
0.033391
0.043456
0.045517
0.051612
0.019811
0.054972
0.040430
0.011393
0.006350
-0.018040
0.072931
-0.036524
0.003163
-0.037440
0.044639
-0.004764
-0.022352
-0.001780
0.020706
-0.016471
0.000000
-0.009671
0.001936
-0.010544
0.020087
0.004306
0.052913
0.012850
-0.054692
0.051373
0.044586
-0.004622
0.022219
0.024880
-0.015381
0.031394
0.011321
0.016333
0.000272
0.036735
0.056311
0.052569
-0.002027
-0.006745
0.049026
-0.030024
0.001533
-0.009752
0.027423
-0.003919
-0.009687
0.045460
0.048417
0.013723
0.015037
0.030494
0.005676
0.029536
0.006116
-0.003865
0.025052
0.020419
0.040857
0.016615
0.036648
0.014079
-0.013721
-0.016533
0.038081
-0.031551
0.027063
-0.029370
0.021106
-0.031362
0.008261
0.006759
0.048397
0.008393
0.018613
-0.012066
0.001021
-0.041965
0.003909
-0.018353
-0.013908
-0.067672
0.042019
-0.075700
0.032597
0.003805
-0.049530
0.021146
0.010131
-0.006021
0.054769
-0.023230
0.003088
-0.008273
-0.015699
-0.016433
0.042312
0.096522
-0.012722
0.005859
0.066630
-0.061966
0.002331
-0.035897
0.005098
0.034634
0.025527
0.019221
0.041724
0.038637
0.042419
0.063020
0.003448
-0.000540
0.039999
0.046378
-0.000690
0.072381
-0.045964
-0.032642
0.006198
0.009488
0.039190
0.011450
-0.046914
-0.029143
0.054702
-0.001324
0.015244
0.005824
0.014880
-0.007866
-0.007587
0.002177
0.039350
0.059583
-0.007032
0.001272
-0.043201
-0.008842
-0.016187
0.002930
-0.010418
0.007530
-0.008417
0.008710
-0.002784
0.124998
-0.035712
0.007754
-0.018299
-0.004296
-0.044612
0.030035
-0.011107
-0.019405
-0.014161
-0.025414
-0.012494
0.043453
0.005930
-0.035421
-0.013211
-0.024175
0.007504
0.033029
0.046943
-0.003157
0.051315
0.002537
0.029712
0.086139
0.026043
-0.012269
0.006899
0.047820
0.000908
-0.046467
0.047596
-0.008676
0.044265
-0.094319
0.032927
-0.000324
0.137195
-0.005758
0.040580
0.056453
0.128787
0.037305
0.001483
0.041542
-0.002788
0.018687
-0.003960
0.006836
-0.019004
0.014245
0.041361
0.020157
-0.009573
-0.005945
-0.036018
-0.017170
0.005179
0.002262
-0.025362
0.032707
0.050922
0.038421
0.004296
-0.020441
0.013378
0.059700
0.018764
0.040569
0.005790
0.012140
0.008936
-0.000467
0.045766
0.035201
0.067883
0.082367
0.004657
-0.012082
0.016971
-0.012915
-0.009398
-0.013901
0.005535
0.018820
0.009586
-0.013087
-0.015303
-0.013067
0.056420
-0.027026
-0.019210
0.016155
-0.040010
0.032481
-0.008418
0.014646
0.014141
0.048975
0.002641
0.019417
0.077354
0.033958
0.076221
-0.031580
0.018349
-0.025422
-0.017755
0.019397
0.032005
0.009215
0.030650
0.015651
-0.018010
0.016022
0.014148
0.016659
0.019911
-0.009178
0.090086
-0.018518
0.025474
-0.007186
0.003304
0.188672
-0.013522
0.055918
0.041475
0.006332
0.002675
-0.005151
0.036911
-0.009031
-0.024543
0.057507
0.040785
-0.013277
0.000663
0.066265
0.032437
0.046995
-0.023140
-0.054791
0.013739
0.012541
-0.014221
-0.018120
0.030422
0.042930
-0.011285
0.020722
0.077533
-0.027297
0.044136
0.000773
-0.012034
0.031763
-0.010680
-0.066501
0.023798
0.059842
0.032455
0.000254
0.154378
0.032076
-0.007198
0.062733
0.039423
0.016862
0.008212
-0.007195
-0.057899
0.001141
-0.012355
0.021723
0.007542
-0.003609
0.032222
0.040377
0.015984
-0.024127
-0.014638
0.000000
0.027340
-0.003351
-0.032028
0.063154
0.012167
0.008777
-0.068328
-0.005879
0.005912
0.037504
0.000415
0.002492
0.008659
0.016234
-0.005157
0.052821
0.024782
0.050779
0.255911
-0.031029
-0.014578
0.009893
-0.203825
0.024880
0.015429
0.053909
0.020783
-0.057379
-0.004514
-0.001874
0.006719
-0.007617
0.014064
0.032755
-0.034916
0.042681
0.211588
0.187495
0.011572
0.036158
0.006323
0.004548
-0.013142
0.038879
0.008419
0.007736
0.086245
0.031288
-0.053131
0.006943
-0.025306
0.043389
-0.014700
-0.045634
-0.012449
-0.055752
-0.104394
0.008940
0.007428
0.001261
-0.002977
0.015564
0.056010
0.047187
0.053370
-0.022732
0.006857
0.023692
0.008052
-0.003333
-0.021994
-0.010350
0.035964
-0.010322
0.007403
0.006556
0.003532
0.011066
0.028462
-0.026286
-0.052675
0.045790
-0.016497
0.015963
0.008035
0.014903
-0.034265
0.036224
-0.039416
0.008565
0.020120
-0.013531
0.000000
0.000466
0.033271
-0.000372
0.119105
-0.002470
-0.003670
0.009336
0.031887
-0.008126
-0.004294
0.018345
-0.040507
-0.005055
0.032096
0.028469
0.029187
0.055703
-0.016062
0.027041
-0.003364
-0.012938
-0.003736
0.009355
-0.028909
-0.009897
-0.018174
0.054907
0.008863
0.031654
-0.000538
-0.024500
-0.028803
-0.022510
-0.004940
-0.000080
0.045860
0.007224
-0.087106
0.045750
0.005606
0.006543
0.050421
-0.014900
0.055794
0.053774
-0.026976
0.052168
-0.009286
-0.006105
0.064524
0.000632
-0.000070
-0.002838
-0.030465
0.039557
0.038264
0.011391
0.070737
0.058652
0.004527
-0.015164
0.018372
0.037365
0.016527
0.014122
0.000706
0.067597
0.066157
0.037867
0.110363
-0.030051
0.032659
-0.010786
0.051198
0.017142
-0.009003
0.009842
-0.022794
0.019110
-0.015547
0.055109
0.046823
0.049621
0.089001
0.074700
0.026624
0.114813
-0.001634
0.011145
0.005503
-0.004578
0.052709
0.030910
-0.019689
-0.035827
-0.012114
0.026537
0.070574
0.001570
0.011111
-0.048293
0.153924
0.019673
0.001548
0.058247
0.005845
0.028929
0.020173
0.038968
0.008576
0.007743
0.051325
-0.002963
0.025493
0.014424
0.036045
0.076493
-0.041835
0.032891
-0.004875
0.023061
0.002775
-0.001582
0.068400
0.020872
0.020368
0.005538
0.037521
-0.003908
-0.010599
0.018800
0.037637
0.005441
0.029690
0.024059
0.066462
0.015197
0.018078
0.066357
0.038371
-0.018331
0.038597
-0.016332
0.013631
0.135466
0.086561
-0.002809
-0.117642
-0.003267
0.123498
0.009802
0.031606
0.076834
0.062926
0.068075
0.039114
-0.024222
-0.024076
0.000077
0.040670
0.003495
0.046059
-0.010762
0.009979
-0.012280
0.001032
0.035987
0.019376
0.016665
0.023318
-0.008254
0.017922
0.014805
0.035854
-0.024406
0.014403
0.086727
0.016799
-0.019632
-0.001460
-0.008882
0.008825
-0.000848
0.013881
-0.035196
0.006355
0.046314
0.025363
0.016998
0.035669
0.028535
0.083050
0.010400
0.000859
0.069384
0.020569
0.058817
0.079354
0.007607
0.029188
0.003104
0.078415
0.057085
0.075719
0.043329
0.004539
-0.010635
-0.001873
0.018950
0.000948
0.021418
-0.007713
0.063529
0.043713
-0.035638
0.026609
-0.000442
0.006262
0.000221
-0.018741
0.031842
0.016932
-0.054344
0.048613
-0.040848
-0.028563
0.007711
-0.006064
0.099024
0.006907
0.025554
0.024266
-0.012254
0.001021
0.009798
-0.022118
-0.058020
-0.010025
0.050750
0.024341
0.021580
0.009286
0.036113
0.006158
-0.039388
-0.044566
0.050401
0.009980
0.006174
0.050966
0.004527
-0.048001
0.006248
0.027142
0.027761
0.008387
0.004318
0.139702
0.061200
0.008000
-0.018205
-0.003296
0.037482
0.023790
-0.008214
-0.006698
0.005776
0.105904
-0.041554
-0.037461
0.019738
0.017485
-0.016287
0.029401
0.064811
0.049155
0.038185
0.046282
0.013032
0.002605
0.018116
-0.056092
0.009180
-0.030303
-0.007289
0.023813
0.094680
0.038092
-0.002626
0.013274
-0.020608
0.002919
0.002982
0.037454
0.022701
-0.035132
0.018031
0.015233
0.015176
0.044217
0.013470
0.055762
0.007562
-0.011362
0.000760
0.034240
0.003674
0.036312
-0.001356
0.059343
-0.017555
0.012203
0.007688
-0.021242
0.017724
0.019967
-0.015853
0.056952
-0.003092
0.038162
0.016691
0.000283
-0.010285
0.009860
-0.002136
0.043938
0.025340
-0.000778
-0.024778
-0.001085
0.005283
0.000000
0.026062
0.014817
-0.021968
0.013065
0.011285
0.009729
-0.026068
0.016064
0.021531
0.085824
0.046366
0.057284
-0.038972
0.067848
0.032461
-0.032528
0.020066
0.051873
0.052382
-0.041254
-0.000371
-0.018740
0.060454
0.016618
-0.027061
-0.019289
0.053693
-0.098273
0.009273
0.019826
0.113782
0.115551
0.035429
0.000000
0.005214
-0.022895
0.014827
0.093129
-0.012279
0.027800
-0.002503
0.012130
0.036226
-0.023030
0.000000
0.006218
0.019252
0.005712
-0.009724
-0.002895
-0.043574
0.054973
0.071887
-0.032451
0.000000
0.000139
0.103747
-0.020015
-0.013762
-0.018853
-0.024642
0.091119
0.026156
-0.019083
0.040596
0.003414
0.112800
0.039317
0.017036
-0.024268
0.028496
-0.018739
0.011584
0.038377
0.079094
0.010396
-0.016681
-0.052566
-0.022432
0.042200
-0.049151
-0.031546
0.007869
0.023294
0.007937
-0.023287
-0.028335
0.047883
0.040890
0.281826
0.018262
0.006367
0.059398
0.029864
-0.004272
0.029885
-0.000969
0.028206
-0.039661
-0.001678
0.111669
-0.035309
0.005334
0.020508
0.045536
0.028041
0.041954
0.026498
-0.001889
0.030364
-0.016834
0.007882
-0.013540
-0.003122
0.039077
0.029764
0.034714
0.005454
-0.009324
0.050073
0.004143
0.033073
0.033841
0.070185
0.131764
0.126344
0.007661
-0.041430
-0.006481
-0.036024
0.015048
0.017331
-0.004184
0.049158
0.000922
0.007752
0.019020
0.523574
-0.045070
0.016461
-0.019127
0.097449
-0.009738
0.023186
0.080990
-0.020052
0.025432
0.012347
0.027980
0.003012
0.019591
-0.025066
-0.065668
-0.024247
0.093095
0.012010
0.002881
0.031005
0.055000
0.023247
0.004220
-0.032841
0.057968
-0.008433
0.124131
0.015836
0.004677
0.017906
-0.002902
0.001145
-0.007458
0.115640
0.227671
0.027753
-0.001487
0.051746
0.026512
0.007763
-0.013450
0.101054
0.007072
0.092573
-0.026804
0.016989
0.010981
0.047465
-0.011219
0.097157
0.009549
0.025326
0.053074
-0.002278
-0.020648
0.015928
0.040596
0.052952
0.045826
0.002432
-0.052181
0.057675
-0.013093
0.014767
0.041470
0.017955
-0.007102
0.050631
0.003093
-0.002715
0.048366
0.150990
0.073905
0.008507
0.040647
0.089026
-0.056922
-0.018124
-0.027101
-0.040105
-0.016143
-0.007979
0.038706
0.040633
-0.031132
0.034668
-0.031854
0.030546
-0.004850
0.039756
-0.021527
0.043795
0.012553
-0.012571
-0.002729
0.003533
0.007458
0.007326
-0.004539
0.022684
0.005342
0.025259
0.021829
0.060509
-0.023699
-0.044567
0.027132
0.008368
0.048969
-0.005862
-0.035040
0.000959
0.041994
0.056647
0.018270
-0.031115
0.029489
0.014533
0.042300
0.031067
0.004595
-0.016696
-0.022130
-0.005665
-0.022736
0.080826
0.025761
0.038869
-0.015200
0.023680
0.028216
0.072745
-0.002005
-0.010927
0.126688
-0.024309
0.043766
0.054990
-0.083898
0.031113
0.014823
0.017642
0.056627
-0.020346
0.042452
0.012889
-0.011699
0.038388
-0.061310
0.035675
0.019709
0.002034
-0.013636
-0.060242
0.019718
-0.028006
0.089589
-0.011629
0.032534
0.033568
0.002026
0.050594
0.057853
0.036732
0.023348
0.028979
-0.004261
0.026395
0.032487
-0.004353
0.111820
-0.015397
0.084449
-0.002557
-0.000518
-0.005797
0.127030
-0.074900
0.025501
-0.000891
0.014880
-0.018392
-0.004716
0.046020
0.021214
-0.035522
-0.018796
0.055002
0.010103
0.037599
-0.012960
0.049702
0.010433
0.148544
-0.003408
0.017210
0.066028
-0.000771
0.031250
0.026651
-0.030994
-0.042790
0.047201
0.079620
0.028997
-0.030069
-0.096164
0.040485
0.047947
0.013501
0.017599
-0.005300
-0.007321
-0.022804
-0.004240
-0.010405
0.012455
0.188792
-0.000652
-0.002703
0.032089
0.054986
-0.002198
0.017906
0.047926
-0.038796
0.056615
0.076235
0.029608
-0.018558
0.063515
0.037288
0.013120
0.042039
-0.033893
-0.025438
-0.014134
-0.068045
0.038763
-0.047903
0.061447
0.003182
0.028436
-0.014023
0.012705
0.001601
0.048468
-0.003565
0.011715
0.067704
0.049312
0.005031
-0.001121
-0.011421
0.030601
0.005673
-0.005331
-0.034798
0.008352
0.053808
0.006173
0.000902
0.002345
-0.005873
0.056379
0.014646
-0.008298
0.089081
0.021467
0.012360
0.028334
-0.004130
0.000696
-0.015076
0.004601
-0.066756
-0.010681
0.034875
0.093389
-0.077016
0.016546
-0.010468
-0.009201
-0.014588
0.055222
0.041655
0.038820
-0.036494
-0.036764
0.003217
0.000639
0.014942
-0.002549
-0.020334
0.030996
0.040046
-0.003220
-0.018549
0.021807
0.010093
-0.005847
-0.005337
-0.030047
0.012640
0.018378
0.011675
0.007592
-0.013565
0.043266
0.074428
-0.085061
0.015677
0.082064
0.016574
0.004345
0.039474
0.007502
0.020440
0.020168
0.016273
-0.012465
0.003769
-0.005438
0.027091
-0.145528
0.030293
0.013489
0.070127
0.024742
0.001288
-0.015425
0.104571
0.015477
-0.023980
-0.005161
0.043311
-0.030511
0.045122
-0.035251
-0.069402
0.001730
-0.014502
-0.005642
-0.032675
0.014537
0.103190
0.109428
0.182465
-0.005652
0.061725
0.024516
-0.011756
-0.012977
-0.006505
-0.001165
0.074857
-0.024608
-0.018412
-0.011941
0.004910
-0.023832
-0.020261
-0.036214
0.013728
0.002342
0.179252
0.049606
-0.002954
0.036707
0.002074
0.030735
0.000983
0.000000
-0.000781
0.026948
-0.045881
-0.008422
0.022928
0.021877
0.007741
-0.000682
-0.014994
-0.004713
0.008847
0.007126
-0.016858
0.027873
0.008771
-0.001558
-0.021979
0.099077
-0.027189
0.064306
0.001326
0.019062
0.012083
0.010324
-0.029680
-0.026633
-0.007968
0.038940
0.000985
0.016255
-0.081284
0.043566
0.011022
0.013161
-0.004081
0.011601
0.085036
0.026794
-0.014842
-0.014057
-0.010217
-0.033608
-0.001982
-0.014731
0.014391
0.014443
0.012749
0.009409
0.020687
-0.007364
-0.010268
0.020777
-0.002083
-0.053058
0.078097
-0.003421
-0.005971
0.024392
0.092932
0.033444
-0.012179
0.019558
-0.008756
0.005364
0.007142
0.020883
-0.016532
-0.025648
-0.038723
-0.013679
-0.045938
0.003519
0.098887
0.000820
0.000127
-0.031585
0.005638
0.007870
0.006970
0.021375
0.016895
0.029565
0.018250
-0.005724
0.058952
0.019460
-0.010095
0.016528
0.004499
-0.012467
-0.066119
-0.019669
0.212922
0.018249
0.009959
-0.018575
0.019855
0.026898
0.083532
-0.006924
0.000000
0.007531
0.000068
0.032125
0.028119
0.081955
0.339454
0.000000
0.002732
0.022587
0.105085
-0.000684
0.025595
0.022453
0.013677
0.002908
0.013791
0.002055
-0.000560
0.043228
0.036300
-0.009193
0.013639
0.000915
-0.006237
0.005251
-0.013089
0.275039
0.012562
0.030543
0.064813
0.059793
-0.005385
-0.006237
0.026950
0.052725
-0.020190
0.056698
0.054661
-0.002891
0.050504
0.034854
-0.044001
0.424352
0.023769
0.000812
-0.009701
0.002484
0.037477
0.027977
0.014909
-0.015822
0.027532
0.008435
-0.005383
-0.003194
0.055526
-0.064283
0.018236
0.060558
0.015846
0.029394
-0.039752
0.032066
0.030109
-0.006491
-0.019325
0.008334
-0.016013
0.014284
0.010868
0.049508
0.022635
-0.019139
0.024230
-0.018319
-0.023038
0.140440
0.002352
-0.013692
-0.040318
0.034876
0.052026
0.052151
-0.002955
-0.010538
0.005352
0.029521
0.018740
0.007117
0.067227
-0.006286
-0.005974
0.000557
0.018120
-0.000363
-0.001920
-0.014982
0.013313
0.039816
0.058587
-0.085066
0.224737
-0.015826
0.027598
-0.007773
0.005361
-0.002183
0.003209
0.016418
-0.014215
0.014188
0.004330
0.015755
0.050859
0.086494
-0.017493
0.028633
0.039861
-0.010214
0.009569
0.016596
0.018174
-0.001709
0.000000
0.000000
0.000000
0.000000
-0.012888
0.002536
0.085953
0.005072
0.046017
0.022110
0.052225
0.021863
0.028011
0.041185
-0.025256
-0.013542
-0.000238
-0.007102
0.023699
-0.043081
0.046332
-0.020548
0.014828
0.071447
-0.003919
-0.056332
0.002276
0.004334
0.002443
-0.019493
-0.012458
-0.050658
-0.011682
0.013578
0.001202
0.012360
-0.020149
-0.000530
-0.005529
-0.050889
0.032725
0.014507
-0.029892
0.013080
-0.003144
-0.002994
-0.029153
0.029159
0.008370
-0.007599
0.074767
0.117461
-0.009175
-0.030813
0.092454
0.030099
0.002902
0.065922
0.094477
0.022159
0.028563
0.035352
0.034483
0.083400
-0.004606
0.053801
-0.001846
-0.036123
-0.028601
-0.048677
0.067982
0.033926
0.003095
0.021684
0.056535
0.040938
0.038017
-0.032087
0.025178
0.062577
0.030138
-0.011991
-0.101150
0.084477
0.013379
0.038291
-0.003566
-0.020812
-0.045863
0.054536
0.014360
0.014263
0.042207
0.019027
0.104232
0.017797
0.014649
0.058079
0.008732
0.000250
0.056390
0.036722
-0.022974
-0.004088
0.037046
-0.009507
0.051754
0.031094
-0.010326
-0.033777
0.073207
0.001228
0.092260
0.112477
-0.014897
-0.027458
0.005943
-0.009174
0.008640
0.000000
0.070317
0.012902
0.018983
0.000000
0.103035
0.005528
0.023628
0.088850
0.053823
0.015455
-0.011670
-0.047634
-0.051773
-0.006371
-0.011978
0.000490
0.012510
0.029991
-0.202139
0.002314
-0.013494
0.057601
0.015235
-0.007953
0.009597
0.033135
-0.016462
-0.030091
0.039792
-0.009196
-0.016955
-0.009560
-0.005417
-0.006797
0.068181
-0.009284
0.012288
0.005246
-0.016344
0.007799
0.023358
-0.017895
0.016793
0.012121
-0.075932
-0.078762
0.097657
0.014867
-0.046041
-0.011751
0.020998
-0.032790
-0.013780
-0.000517
-0.002239
0.029746
-0.016430
0.073740
-0.038401
-0.046423
-0.041542
0.022046
0.002562
0.052413
0.007723
-0.013312
0.063042
-0.008245
-0.001146
-0.001543
-0.020932
-0.022619
0.000457
0.029033
-0.002201
-0.007142
0.016648
0.141520
0.044274
0.017763
0.038323
0.025099
-0.020230
0.029375
-0.004955
-0.040180
-0.009068
-0.021842
-0.021704
-0.032255
-0.020231
0.025149
0.025712
0.003665
-0.042165
0.011439
0.023987
0.074092
0.055571
-0.013128
-0.007082
-0.012925
-0.013362
-0.031668
0.028986
0.007680
0.026974
0.047776
0.017791
-0.005383
0.039362
0.021900
-0.020921
0.003298
-0.060702
0.010968
-0.022985
0.005073
0.009874
0.044868
0.036290
0.028251
0.024127
-0.008376
0.006356
0.020427
0.006637
0.016138
-0.047391
0.103082
0.072607
0.029171
-0.002511
0.004422
-0.002431
-0.004692
0.000852
-0.004438
0.002030
0.014939
0.016631
0.003638
0.026710
-0.011317
0.004537
-0.035831
0.002195
0.039004
0.029308
0.072498
0.036220
-0.005324
0.147584
0.048403
-0.058711
0.034406
-0.002430
-0.006379
0.005401
0.000000
0.000123
-0.018296
0.039512
0.073109
-0.009145
0.029004
-0.017521
-0.001423
0.007454
0.077575
0.003682
-0.000780
0.040054
-0.019075
0.026132
-0.006980
-0.018024
0.001681
0.000000
-0.022448
0.012385
-0.018636
0.003838
0.004151
0.109368
0.036217
-0.009486
0.040983
0.000941
-0.041446
0.045094
0.037113
0.234719
-0.007696
0.163098
-0.039866
0.029728
-0.000691
0.032257
-0.018636
0.016662
0.062996
0.036379
-0.026900
0.031587
0.042806
-0.007535
0.004920
0.003982
-0.043493
-0.031747
0.021916
0.000799
0.000000
-0.004162
-0.012549
0.048487
0.029679
-0.013062
0.012427
0.023063
-0.019040
-0.023121
-0.013713
0.014700
-0.036977
0.011388
0.000532
0.009700
-0.009466
0.015437
-0.041589
-0.002452
-0.025751
0.033960
0.015631
0.043299
0.021027
0.007099
0.016984
0.032268
0.013150
0.018837
0.018868
-0.001240
-0.020877
-0.023831
-0.007593
-0.018792
-0.017944
0.008409
0.004684
-0.029570
0.005426
0.082898
0.022530
0.000754
0.017287
-0.040965
-0.036710
-0.013923
0.056993
0.061407
0.033347
0.333320
0.007275
0.064087
0.014725
-0.010071
0.020680
-0.007499
0.047447
-0.034445
0.012629
0.003002
0.006280
-0.041323
-0.002817
0.076033
0.026467
0.030981
-0.006514
-0.024691
0.039166
0.006377
0.035445
-0.013697
-0.030377
0.003289
0.022182
-0.016173
-0.007522
0.009229
0.008414
0.013143
0.024282
-0.013381
-0.050220
0.177478
-0.036281
0.002068
0.013745
0.021467
0.036515
0.047928
-0.008991
0.010230
-0.014124
0.014441
0.001091
0.069999
0.011860
-0.006874
0.055401
-0.035228
0.036199
-0.006942
0.007658
0.042740
0.032382
-0.000725
0.003584
0.051415
-0.076130
0.018490
-0.041774
0.003923
0.007209
-0.120548
-0.027830
0.214874
-0.004370
0.007110
0.048302
0.026415
0.123164
0.071155
0.028755
0.001709
0.040959
0.024996
0.109319
0.027420
0.028146
0.013778
0.066442
0.021290
0.007323
0.042235
-0.012984
0.006984
-0.092669
0.005850
0.007039
0.023716
0.028318
0.005247
0.022381
0.086225
0.020477
0.026603
0.010062
0.000988
0.004640
0.000000
-0.020335
0.002159
0.000524
0.045023
-0.057117
0.025573
0.058882
-0.021230
0.067077
-0.029708
0.000063
-0.029314
0.019841
0.063941
-0.013938
0.005616
0.026562
0.010617
-0.000120
0.024442
-0.004056
0.062160
-0.010186
-0.036298
-0.011880
-0.003761
-0.006920
0.010084
0.044494
0.032245
0.027326
0.013309
-0.002393
-0.004669
0.065614
-0.034572
-0.004256
0.000904
-0.001155
0.048415
0.007982
0.005749
-0.003965
-0.004131
0.007098
0.026021
-0.018319
-0.004095
0.064748
0.034884
0.016541
0.075683
0.018663
0.070590
0.014045
-0.064849
0.009962
0.002662
-0.018452
0.094579
0.074149
-0.034436
0.095005
-0.006668
0.041795
0.034925
0.042215
0.013245
0.034149
0.054313
0.027693
0.019250
-0.011216
0.006600
-0.011932
-0.027044
-0.026188
-0.019744
0.046749
0.021081
0.015707
0.246728
-0.026070
0.068488
0.013096
0.022369
-0.001532
0.000324
-0.045478
0.014167
-0.013193
0.008442
0.000687
0.039864
-0.031383
-0.020049
0.003488
0.029607
-0.015804
-0.012607
0.032880
0.029136
0.010126
-0.011696
0.017155
0.024285
0.002656
0.011114
0.026036
-0.000377
0.033461
-0.021050
0.135754
0.017235
0.048982
0.006100
0.029467
-0.014282
-0.004853
-0.012632
-0.012092
0.005924
0.020630
0.019592
0.069155
0.000649
0.028887
0.017781
-0.010879
-0.001920
0.008743
0.076637
-0.035300
-0.006958
-0.038137
0.049467
-0.017114
-0.027049
0.013871
0.001735
-0.014613
0.029421
0.030464
-0.010466
0.014570
-0.004698
0.014603
0.015242
0.029038
-0.007073
-0.000560
-0.007241
0.002691
0.017777
0.039865
0.012926
0.040534
-0.006005
0.074993
0.067364
0.042186
-0.010471
0.012022
-0.022292
0.006118
0.015965
-0.029583
-0.005323
0.010116
0.012036
-0.015718
0.000115
0.047640
0.026814
-0.002290
0.025231
0.064537
-0.007384
0.005758
-0.001095
-0.004851
0.023158
0.010143
0.011753
0.057777
0.034060
0.000000
0.003788
0.014585
0.059990
-0.024018
0.032650
0.005485
0.020524
-0.027084
0.036752
-0.076346
0.055158
0.078560
0.007862
-0.001209
0.022405
-0.005333
0.028643
0.005338
0.090827
-0.018359
0.024858
0.041411
0.070074
0.002439
-0.021269
0.066280
0.000844
-0.002973
0.019144
0.042775
-0.032899
0.149386
-0.003253
0.001075
-0.076866
0.016398
0.039262
-0.040503
-0.012399
0.035246
0.001644
0.006566
-0.031239
0.028176
0.050177
0.023549
-0.036532
0.199023
0.032952
0.016183
0.030716
0.090434
0.023582
-0.018951
-0.017243
-0.001936
0.004631
0.132319
0.018738
0.009927
0.033896
-0.007833
0.026366
-0.007335
-0.023969
0.074634
-0.012542
0.004189
-0.017186
0.049974
-0.028374
0.046573
0.091025
0.187775
-0.002653
-0.003534
-0.030881
-0.004759
0.015135
-0.002125
-0.040218
0.000702
-0.010441
0.131623
0.021080
0.196574
0.030006
0.035765
0.119768
0.011759
0.002419
0.033224
0.006346
0.036723
0.089660
0.051802
-0.032305
0.007690
0.007340
-0.014675
-0.046894
0.023602
-0.041211
0.064755
-0.115320
0.042722
-0.029086
0.017997
-0.005764
-0.008720
0.058990
-0.023035
-0.020288
0.041222
0.011846
0.080429
0.013754
0.004585
0.038289
-0.035552
0.000124
-0.004891
0.009036
-0.023229
0.039589
-0.008042
0.001043
-0.021234
0.008270
0.011767
-0.025726
0.057704
0.071327
0.048185
0.027172
0.022338
0.062017
0.011955
0.053469
0.077679
-0.009756
0.001917
0.027864
-0.000537
0.026302
0.066402
0.013202
0.068037
0.085381
0.032508
0.030132
-0.059254
-0.009098
-0.030755
0.052067
0.022488
0.035938
0.032741
0.006425
0.054105
0.043641
-0.003765
-0.015809
0.032974
0.029934
0.007249
-0.010261
0.022544
0.034177
0.002815
0.007105
-0.002174
0.019043
0.010467
-0.039604
0.006424
0.001664
0.073920
0.150909
-0.003127
0.003146
0.015954
0.034860
-0.029132
0.061954
0.056736
0.131494
0.019815
0.021725
-0.073073
0.006234
0.066581
-0.015246
0.000000
0.028009
-0.002348
0.021121
0.116457
-0.014535
-0.024884
0.011472
0.034975
0.041036
-0.051413
0.067306
-0.037558
-0.047225
0.031279
0.008102
0.016433
0.065201
-0.065879
0.026413
-0.018847
-0.012928
0.029919
-0.022965
-0.083226
-0.021124
0.016636
0.038123
0.029895
-0.058623
0.052117
0.060790
0.032333
0.036328
0.023585
0.016998
0.027248
0.026641
0.098791
-0.051756
0.011261
-0.052598
-0.004590
0.066341
0.006288
-0.008502
0.059149
0.070852
0.042992
-0.006315
0.111534
0.027403
0.012649
0.006717
-0.020981
0.003672
0.019850
-0.004361
-0.032137
0.026173
0.010498
-0.038206
0.006506
0.009489
0.004568
-0.039964
0.018577
0.028879
0.024220
0.047591
0.006916
-0.003708
0.060139
-0.001460
-0.025497
0.015420
0.019460
-0.054922
0.023263
0.059531
0.011220
0.055838
0.044193
0.044420
0.011713
0.014488
0.045407
0.012361
0.028544
0.010409
-0.001955
0.010404
0.056418
0.025480
0.037452
-0.002586
-0.010521
0.042494
-0.027763
-0.047671
-0.024340
0.053914
-0.027799
-0.044194
0.044606
0.031677
0.021111
0.013315
0.026227
0.002661
0.018199
0.038963
-0.010338
0.011148
0.006434
0.012623
0.037262
0.072105
-0.021122
0.040573
-0.027885
0.008347
-0.007807
0.005929
-0.005601
0.048119
0.021624
0.009484
0.045560
0.001914
0.022153
0.015530
0.003106
-0.005722
0.048542
0.084222
0.029509
0.021269
0.040575
0.029297
-0.012722
0.040650
-0.040993
-0.005390
0.040540
-0.015875
0.031528
0.070397
0.042144
0.019784
0.026724
0.013208
0.042734
0.025454
0.003176
-0.035170
-0.001281
0.128534
0.040080
0.053382
-0.019541
0.028726
0.029616
-0.003170
0.007491
-0.003826
0.021605
0.012007
0.003729
-0.016588
0.116297
0.045338
0.002259
0.009265
0.033399
-0.003040
0.004132
0.058215
-0.024350
0.032191
-0.000070
0.099446
0.016884
-0.024307
0.238736
0.074956
0.007657
0.004094
0.037782
0.071304
0.007571
-0.011970
-0.104580
-0.011760
0.001885
-0.022119
-0.020701
0.082462
0.031662
-0.054338
-0.115655
0.030826
0.034587
0.028807
-0.003770
0.038476
0.077999
0.029882
0.003115
-0.041369
0.001313
0.022931
0.001264
-0.001689
0.045829
0.017474
-0.002786
0.018167
-0.013185
-0.015919
-0.013042
-0.002334
-0.007084
-0.006656
-0.050564
0.022733
0.004194
0.090160
-0.010618
-0.022997
-0.000277
0.004628
0.066969
0.025386
0.019802
-0.002835
-0.003141
0.023545
0.036144
0.020932
0.037803
0.042321
-0.000304
0.008990
0.010245
0.027787
0.091633
-0.021023
0.081114
-0.033270
-0.004906
0.013644
-0.016102
0.037182
0.117686
0.007415
-0.004525
0.029267
-0.026974
0.173265
0.093558
-0.027809
-0.059653
-0.018897
0.018384
0.007839
-0.031816
0.033593
0.207159
0.014666
-0.015411
0.043162
-0.013885
0.013785
0.034635
0.013301
0.052272
-0.033708
-0.027993
-0.003845
0.036512
0.034431
-0.013675
-0.036234
0.029345
-0.033324
0.063699
0.053154
0.000005
0.000969
0.117367
0.076864
-0.009368
-0.007170
0.015702
0.001272
0.021467
0.009461
0.006769
-0.008568
0.048370
0.025603
0.019366
0.064686
0.040067
0.004694
0.001598
0.075665
-0.030249
0.007670
0.077660
-0.008243
0.028984
0.062546
0.054515
0.133639
-0.002463
0.025933
0.026931
-0.007368
0.005458
0.021877
0.083139
0.032477
0.072669
0.031127
0.063465
0.009317
0.013941
0.059826
-0.006245
-0.030296
-0.000197
0.009856
0.012024
0.001932
0.091954
0.011325
0.002201
0.078650
0.075523
0.105188
0.036849
0.009934
0.020938
0.032255
0.038387
0.034583
0.124244
0.037204
-0.009587
0.051929
0.033187
0.012937
0.277569
0.021267
0.034920
-0.023852
0.025107
0.084785
0.037489
-0.005502
0.026482
0.011617
0.023373
0.006249
0.052044
0.039649
0.052025
-0.019599
-0.013400
-0.034742
0.048776
-0.037463
0.041502
0.011263
-0.071133
0.025775
0.040456
0.016080
-0.086738
0.009276
0.017274
-0.056519
-0.002206
-0.011031
0.028039
0.029679
0.065100
0.080109
0.084077
0.055936
-0.006256
0.006045
0.051331
0.037307
0.008990
0.001521
0.029305
0.030874
0.084806
-0.006871
-0.014500
0.000981
0.061202
-0.064372
0.032285
0.044959
0.044654
0.073791
0.031046
-0.060713
0.001641
-0.004396
0.006190
0.005327
0.048572
0.042167
0.050761
-0.006925
0.030007
-0.015402
0.029369
-0.007929
-0.040063
-0.015818
-0.015561
0.005791
0.005135
0.048132
0.043012
-0.037960
0.004789
-0.078645
-0.100092
0.019562
-0.018223
0.003300
-0.019173
0.003453
-0.021297
0.046181
0.015706
0.003395
0.031102
0.100538
0.000771
-0.001900
0.034467
0.099159
0.106157
0.021286
0.027917
0.040732
0.038289
-0.031188
-0.016195
-0.016556
0.113983
0.036347
0.012638
-0.014641
-0.032646
0.060694
0.009552
-0.006395
0.052027
-0.043640
0.025842
0.030746
0.026201
0.036979
-0.000242
0.011934
0.026164
0.035857
0.001974
0.069939
-0.010997
-0.007683
-0.019293
-0.002651
-0.017134
0.007088
-0.011228
0.008126
-0.012523
0.014850
-0.010291
0.032745
0.007200
-0.061267
0.012096
0.023735
0.000662
-0.016737
0.012953
-0.031968
0.009360
0.022751
0.071057
0.068476
0.234851
0.031353
-0.023862
0.011798
0.005611
-0.003889
0.518181
0.000000
0.044776
-0.010145
0.036642
0.035997
0.016841
0.024497
-0.020132
0.059181
0.026230
0.002132
0.021256
0.018416
-0.008547
0.008565
0.019208
-0.007348
0.032673
-0.017772
0.041895
-0.040599
-0.014353
-0.015375
-0.028057
0.017329
0.023026
0.039491
0.020588
-0.028584
0.023660
-0.003156
0.001193
0.000962
-0.001704
0.004992
0.124487
0.093879
0.008629
0.017547
0.018636
0.018639
0.023920
0.009239
0.005471
0.128258
-0.002814
-0.015871
-0.003166
0.047249
-0.055762
0.013812
0.013429
-0.034237
-0.019016
0.027353
0.068342
0.008476
0.069811
-0.014177
0.017200
0.010585
0.054280
0.091006
-0.002085
-0.037318
-0.020698
0.047983
-0.011437
0.000823
0.002750
0.002214
-0.010462
0.046804
0.035945
0.035561
0.003349
0.036203
-0.000783
-0.017589
0.032499
0.031006
-0.021299
-0.009032
0.034639
0.035196
-0.023138
0.001101
-0.049682
-0.002507
-0.010632
-0.010787
0.002457
0.016764
-0.004461
0.002915
-0.059422
0.019569
0.179873
0.062773
0.012084
-0.010732
-0.006046
-0.016517
0.033107
0.028601
-0.018675
0.005914
0.151960
0.004939
-0.010398
0.031356
-0.006628
-0.049153
0.049896
-0.036579
0.016852
0.060326
-0.004005
-0.032791
0.015032
0.017555
0.024633
0.115115
0.050556
-0.000399
0.086219
-0.017607
0.044929
-0.009514
-0.019962
-0.010124
0.013695
0.029393
-0.035155
-0.027274
0.002429
0.023111
-0.013370
0.013966
-0.013363
0.013256
-0.051370
-0.021596
-0.022159
0.046865
0.017557
-0.011207
-0.081825
0.002461
0.136856
0.018538
-0.011434
0.017170
0.016724
0.039459
0.028260
0.013010
0.020223
-0.027864
0.008566
0.013756
-0.008196
-0.009976
0.046680
0.089703
-0.000500
0.020181
-0.006775
-0.047191
-0.021178
0.052177
-0.034685
-0.002026
0.004940
0.099798
0.002432
0.029285
0.012043
0.007790
-0.007505
0.073021
0.039855
0.016735
-0.014821
-0.018782
-0.000904
-0.009859
-0.035527
-0.001488
0.092709
0.026998
0.027502
0.017884
0.056545
0.042493
0.024272
0.033766
0.031317
0.034155
0.054149
-0.012625
0.018167
-0.006402
-0.052059
-0.020393
0.026512
0.035087
0.027063
0.010243
-0.015436
-0.039981
0.004721
0.023115
0.044483
0.015133
0.004502
0.046193
0.016319
0.000777
0.028179
0.029475
0.020451
-0.025457
0.042350
0.001847
0.041951
0.003275
0.025994
0.036373
-0.054367
-0.008767
-0.024807
-0.016988
-0.023175
0.028469
-0.022453
0.007690
0.001242
-0.018605
0.013597
-0.109173
0.005176
-0.048133
0.018079
-0.019985
-0.021816
-0.035754
-0.028585
0.013391
0.013462
0.016908
-0.021438
-0.009626
-0.031249
0.120978
-0.005568
0.073066
0.025430
0.018439
0.027192
-0.039755
0.014106
0.055215
0.003682
0.039321
0.007220
0.023476
0.002120
0.036788
0.035685
0.088447
0.051213
0.024591
0.017385
0.024157
-0.022029
0.065228
-0.016290
0.029286
-0.002328
-0.010543
0.015347
-0.003032
0.011307
-0.035857
0.017160
0.043047
0.012262
0.030803
0.015629
-0.053660
-0.091215
0.019922
0.012991
0.017909
0.012895
-0.006718
0.032088
0.024436
-0.008215
0.074695
-0.010850
0.034166
0.018564
-0.024608
0.013801
0.004097
-0.005324
0.040794
-0.011319
0.036828
0.013333
0.081358
0.021264
0.004864
0.041735
0.061146
0.001921
-0.016578
0.017607
0.062646
-0.006945
-0.008001
0.071973
0.029422
-0.025124
-0.004282
0.003025
0.007091
0.043390
-0.068435
-0.020614
-0.054407
0.021762
-0.023416
0.002440
0.000000
0.014225
-0.005491
0.012465
0.028257
-0.008043
0.205868
-0.026558
-0.039309
0.005730
0.058603
0.031589
0.046602
-0.006486
0.008958
0.000000
0.015496
-0.004217
0.259546
0.000000
0.059836
0.011478
0.012132
0.011858
-0.014162
-0.018168
-0.084639
0.007561
-0.002646
-0.013121
0.059739
-0.009507
-0.022517
0.021940
0.011061
0.004845
-0.015786
0.006628
0.013969
-0.005695
0.024917
-0.058136
-0.023655
0.169603
-0.005116
-0.014377
-0.013852
0.001215
0.041937
-0.023883
-0.012655
0.000596
-0.009418
0.052998
0.002331
0.018468
0.003814
0.005443
-0.014095
-0.011170
0.002770
-0.008088
0.016184
-0.026923
0.062956
-0.007613
-0.030440
0.018571
0.004796
0.051821
-0.046265
0.000497
0.070683
-0.020377
-0.024283
-0.005972
0.061940
0.019287
-0.017098
0.035487
-0.002188
0.029625
0.050310
0.064554
0.016028
0.048545
0.081490
0.010318
0.052680
0.032125
0.129607
-0.011643
-0.031007
-0.004662
0.012380
0.014143
0.009149
0.038125
0.077067
-0.026774
0.020629
0.061215
0.045447
0.106275
0.023772
0.004399
0.004576
0.000752
0.035800
0.047047
0.003659
-0.042929
0.027875
-0.050507
-0.030535
0.046089
-0.013423
0.042091
-0.014060
0.027896
-0.007617
0.003550
-0.018673
0.028401
-0.008582
0.012280
-0.001952
0.011565
0.015821
-0.028480
0.044017
-0.009582
0.025637
0.070705
-0.002432
-0.022225
0.026522
0.152093
0.011301
-0.030404
0.015491
0.037288
0.027748
-0.010368
-0.001896
0.057843
0.070020
-0.002887
0.005851
0.009881
-0.004323
0.014063
0.116396
-0.018755
0.015345
-0.000459
-0.011275
-0.025574
0.022618
-0.018661
0.040017
-0.062980
-0.019411
0.260431
0.058956
0.008368
-0.011330
0.011843
-0.037615
-0.000918
-0.018844
-0.014381
-0.000248
-0.037344
0.010171
0.011727
0.007697
0.005960
0.016529
0.000608
-0.008024
0.004103
0.007368
-0.013690
0.014522
0.013398
-0.001869
-0.021163
0.019962
0.029930
-0.018137
0.009715
-0.024729
0.018403
-0.012023
-0.000121
0.010252
0.029651
-0.014049
0.014777
0.028215
0.023956
0.024750
-0.014120
0.045996
-0.002737
0.025955
0.081709
0.006198
0.026653
0.009083
0.103748
0.054037
0.017633
-0.040851
0.169294
0.024863
-0.001877
0.021361
-0.003910
0.124305
-0.035067
0.021924
0.007203
0.031511
0.054162
0.085733
0.001883
0.021123
0.010549
0.024897
0.063856
0.023517
0.015639
0.030903
0.040568
-0.000775
-0.004104
0.044495
0.005861
0.002084
0.028522
-0.017873
-0.014971
0.004640
0.006313
0.011549
0.013767
0.151546
0.002749
0.080291
-0.054881
0.019164
0.018971
-0.023824
0.006674
-0.038656
-0.002775
-0.041087
0.014773
0.037539
0.025872
0.005844
0.026072
-0.003548
0.045132
0.004222
0.011374
-0.004006
-0.016979
0.028009
0.007620
-0.001409
0.001047
0.018397
-0.042680
-0.012940
-0.035597
0.040098
0.032641
0.031731
-0.001629
0.425605
0.053559
-0.011499
-0.014372
0.002544
0.018584
-0.040410
0.034758
0.026725
-0.054715
0.033768
-0.012789
-0.012603
-0.000337
-0.011834
0.041165
-0.027484
0.004651
0.056560
0.036737
-0.016374
0.032925
-0.025937
0.045271
-0.009126
-0.005476
0.016357
-0.010093
-0.027872
-0.016438
0.015774
0.008753
-0.036207
0.005913
0.003251
0.000212
0.000000
0.000000
0.000000
0.030130
-0.012830
0.043965
0.031293
0.015121
0.078798
0.011046
-0.014036
0.092492
-0.062612
-0.018563
0.032588
0.043711
-0.002244
0.044280
0.037222
0.007036
0.004119
-0.003516
-0.002775
-0.036850
0.014516
0.047687
0.001276
0.000000
-0.002314
0.064418
-0.024181
-0.003153
0.012008
-0.003947
-0.015285
-0.038741
0.007556
0.029520
-0.006171
0.000000
-0.008325
0.025761
0.004625
-0.009501
0.055949
0.008525
0.004168
0.005063
0.017280
-0.033805
-0.010018
-0.023309
-0.030026
0.037309
-0.018448
0.016155
0.006370
0.011370
-0.025594
0.035892
0.028970
-0.017719
0.072416
-0.008321
-0.001788
-0.052591
-0.008819
0.061913
0.017748
0.026950
-0.004068
-0.009383
-0.002326
0.065483
0.036834
0.049025
0.003523
-0.018405
0.000000
-0.014509
0.000000
0.023977
-0.027318
0.067376
-0.006556
-0.080538
0.016589
0.017091
0.041220
0.025481
0.025610
-0.007533
0.000882
0.001426
0.000000
0.016536
-0.012102
0.026395
0.003450
-0.007222
0.020266
-0.007997
0.000000
0.068161
0.171891
0.021637
-0.010059
0.016187
0.054009
0.037682
-0.015034
-0.004510
0.075117
0.023074
0.016716
-0.065030
-0.023114
0.049834
-0.012901
-0.015506
0.005380
0.010942
0.010033
-0.367953
-0.028164
0.006069
0.016200
0.000000
0.007410
-0.009969
0.123015
0.009841
-0.015129
-0.012397
-0.036509
-0.013450
0.010672
0.015960
0.053481
0.020404
-0.026128
0.027783
-0.015921
0.033614
0.000766
0.000000
0.000000
0.000000
0.014848
-0.007370
0.049803
0.017198
0.002050
0.155164
0.056448
0.046110
-0.020156
-0.033181
0.057873
0.033850
0.006795
0.026034
0.024086
0.059060
-0.036044
-0.009364
-0.060615
-0.023976
-0.004632
0.021498
-0.063446
-0.010869
0.046901
0.051005
0.061418
-0.016724
0.010331
-0.123743
0.022211
-0.099713
0.014075
-0.023619
0.008127
-0.003826
-0.042055
-0.032605
0.063670
0.002732
-0.036623
0.002009
0.022120
-0.013508
0.012681
-0.014282
-0.024371
0.033029
0.013469
0.034014
-0.073658
-0.035879
0.029998
0.102377
-0.058829
0.021543
-0.020995
0.063233
0.003188
-0.026391
0.024688
-0.006572
0.015302
-0.018698
0.023214
0.116143
-0.013584
0.022586
-0.051036
-0.004663
0.009350
-0.014282
-0.009756
-0.019056
0.068576
-0.040737
-0.024329
-0.001426
0.025737
0.035467
0.141966
0.041622
-0.056471
0.221833
0.025357
-0.024693
-0.062202
0.020364
-0.017725
0.069461
0.034819
-0.026424
0.024189
0.005401
-0.020942
-0.052416
0.033138
-0.051397
-0.025837
0.011487
0.017186
0.018822
0.028959
-0.049098
0.014541
0.022667
0.010486
0.019182
-0.024186
-0.000842
-0.010843
0.036793
-0.011897
-0.017535
-0.051392
-0.036435
-0.017065
0.051074
0.004540
0.054180
0.007655
-0.000159
-0.036079
0.057911
-0.026772
-0.018358
0.014199
-0.029647
-0.036920
-0.040952
-0.022141
-0.042320
0.016519
-0.012708
-0.056465
-0.010940
-0.004119
0.017028
0.014611
-0.027728
-0.013094
0.022842
0.018690
-0.023865
0.038062
0.033626
0.001630
0.051590
-0.071644
0.066831
-0.080998
0.000184
0.026365
0.007406
-0.006198
0.028149
0.050513
0.023574
-0.031855
0.039359
-0.007726
0.091439
-0.080772
0.084960
0.144279
-0.046667
-0.013804
0.080729
0.055802
-0.000833
-0.004056
0.027858
0.035126
0.077394
0.079367
0.050693
-0.005981
0.048347
-0.032889
0.024271
-0.025173
0.033609
0.040262
-0.014858
0.001325
0.018568
-0.063800
0.006367
-0.004899
0.007390
-0.024417
-0.019724
-0.017477
-0.030285
-0.014242
-0.017718
0.030622
-0.022665
-0.107138
-0.060841
-0.038923
0.008124
-0.016988
0.009774
-0.014790
-0.023417
0.010981
-0.028908
0.078475
0.034930
-0.010587
-0.058650
-0.019759
0.036329
0.005447
-0.025275
-0.011203
-0.044927
-0.051478
0.005755
-0.018817
0.065211
0.009412
-0.006205
0.050492
0.019126
0.052058
-0.006040
0.078729
-0.011126
0.038369
-0.001029
0.035235
0.073443
0.056548
0.018219
0.003358
-0.004065
-0.027221
0.000629
0.009905
0.008362
0.051204
-0.007808
-0.040637
-0.040697
0.018034
-0.001356
0.040363
0.021822
0.042083
-0.043223
-0.021597
-0.033902
0.083460
0.021740
-0.023290
-0.010658
0.022631
-0.002764
0.000217
-0.012726
0.040743
-0.003590
0.037037
0.034084
0.040991
0.010817
-0.008632
-0.007695
0.011995
-0.002469
0.004449
0.005868
0.044675
0.013297
-0.008958
0.006374
-0.063348
0.050133
0.003488
0.018741
0.048572
0.004953
-0.030267
-0.024855
0.027803
0.010307
0.068444
0.002426
-0.037670
0.050626
-0.031175
0.069680
0.037872
-0.006716
-0.032160
0.015132
0.021532
0.004007
0.009756
0.012827
0.085797
0.005921
0.013184
-0.032338
-0.030418
-0.017759
0.008430
0.012049
-0.055263
0.036058
-0.090386
0.015346
-0.011921
-0.034475
0.034005
-0.004178
-0.007460
0.012088
0.002515
-0.003091
-0.012780
0.017962
-0.039656
0.008639
-0.005278
-0.004268
0.004882
-0.028700
-0.006679
-0.011353
-0.023791
0.057517
-0.031693
-0.015872
-0.011233
-0.042698
-0.059692
0.043012
-0.008781
0.002674
-0.026810
0.051088
-0.003452
-0.022503
0.073544
0.067634
0.002866
-0.010053
-0.034596
-0.019962
-0.061190
-0.031478
-0.066589
0.172127
0.001824
0.009860
-0.020834
-0.032528
-0.000710
0.005342
0.041395
0.009415
0.005842
-0.015640
-0.043467
-0.041326
-0.043410
-0.047360
0.006457
-0.014458
0.023846
