0.130111
0.048705
0.070427
-0.011701
-0.053441
-0.002595
0.016145
-0.109157
0.018613
0.111705
-0.012998
-0.111600
-0.123978
-0.058034
0.099592
-0.055195
0.102389
-0.002135
-0.012667
-0.011722
0.003638
0.102694
0.031467
-0.048847
0.034735
-0.011722
-0.261284
-0.000409
-0.019102
0.031396
0.126218
-0.020842
0.054548
0.275618
0.250128
-0.150172
0.020748
-0.081141
0.038030
-0.073170
-0.014831
0.280757
-0.073329
0.152205
0.063980
0.036211
0.003029
-0.013682
0.017157
-0.050651
0.034735
-0.005026
0.083275
-0.147205
0.000000
-0.199197
0.048877
0.039836
0.019998
0.029890
0.000000
0.045378
0.017368
0.275938
-0.005026
0.000000
0.101568
-0.019295
0.000000
0.459001
0.090201
0.181232
-0.034768
0.058561
-0.044672
0.000000
-0.114087
-0.061026
-0.000294
0.090399
0.026853
0.001672
-0.002135
0.005972
0.032200
0.031467
-0.038368
-0.003980
-0.130470
-0.155563
0.008778
-0.013774
-0.020750
0.045048
0.285988
-0.038368
-0.012998
0.000000
0.030351
-0.110185
-0.038368
0.019998
-0.103968
-0.013774
0.019998
-0.001809
0.112106
0.028640
0.008778
0.000000
-0.005320
-0.013116
-0.147205
-0.013774
-0.142609
0.128428
-0.054102
-0.035744
-0.613840
0.108661
-0.009130
0.000000
-0.014831
0.031654
0.064689
-0.019148
0.084025
-0.017924
0.031467
0.031467
-0.093206
-0.017924
-0.017924
-0.019213
-0.038228
0.178796
-0.032326
0.030231
0.047757
0.000000
0.189907
0.140555
0.088372
-0.080303
0.029775
-0.031573
-0.009185
-0.018855
0.222158
-0.054759
0.068823
-0.002595
0.001235
-0.005320
-0.030735
0.000000
-0.023158
0.029775
-0.014831
0.042046
-0.005645
-0.045671
-0.005410
-0.036617
0.285988
0.006050
-0.040745
0.017452
0.020748
-0.002674
0.039520
-0.196387
0.046093
0.263986
-0.237994
0.134502
-0.019646
-0.005410
-0.032326
0.030231
0.008549
-0.207792
0.098985
0.026877
-0.012998
0.000000
-0.005410
0.028235
-0.044410
-0.154092
-0.012667
-0.045671
-0.057568
-0.139393
0.032603
0.057307
-0.002595
0.030231
-0.036986
-0.019975
-0.039019
-0.008909
-0.008278
-0.155563
0.068823
0.000000
-0.032114
-0.002135
-0.037989
0.005972
0.224083
0.103599
-0.028318
0.012628
0.041229
0.070500
0.000000
-0.056915
-0.160578
0.029775
-0.054759
-0.038228
-0.038228
-0.103946
-0.062462
0.011627
-0.006889
-0.000327
-0.108527
-0.004917
0.018571
0.042869
0.019998
-0.130470
0.078089
0.000000
0.000000
-0.037102
0.000000
-0.013116
0.099390
0.018613
-0.156101
0.000000
0.072490
-0.026878
0.107263
0.151215
-0.005430
0.028027
-0.003056
-0.003056
-0.009954
0.020473
-0.031960
-0.006889
-0.032114
0.008488
-0.237994
0.280843
0.028027
-0.002969
-0.204973
-0.130470
-0.314991
0.026236
0.095543
0.000000
0.033476
0.058678
-0.008124
-0.170661
-0.038298
-0.018934
-0.004538
-0.004538
-0.088919
-0.036390
0.017153
0.031396
0.099390
0.000000
-0.101853
0.024427
-0.034806
0.029373
0.008778
0.048346
-0.000327
-0.003205
-0.002674
0.044511
0.000000
-0.032710
0.049329
0.070091
-0.178039
-0.019975
-0.098090
-0.020842
-0.005026
0.169037
0.169037
0.169037
0.000000
0.045048
0.078089
-0.034858
-0.005320
-0.006990
-0.037868
-0.108900
0.061174
0.075181
0.036211
-0.037989
-0.011722
0.099390
0.052515
0.012495
0.019998
0.000000
0.052191
-0.019295
-0.000589
-0.096516
-0.080303
0.009833
0.048199
-0.032326
-0.065579
0.144765
0.020473
-0.005320
0.044698
-0.005645
0.084377
0.008736
-0.011701
-0.110315
0.084770
0.000000
-0.012998
0.215668
0.000000
-0.028016
-0.010236
0.041028
0.023135
-0.002595
-0.028177
0.048346
-0.108143
-0.007765
-0.031284
0.080450
-0.009954
0.101059
-0.054759
0.101059
0.006573
-0.018597
0.000000
0.077573
-0.018855
-0.044093
-0.018855
-0.155563
-0.010236
-0.040745
-0.130470
-0.034858
-0.532377
-0.080971
-0.032710
0.028235
-0.369121
-0.035744
-0.012716
0.019730
0.001376
-0.006889
-0.080303
-0.014831
0.026236
0.057307
-0.346813
-0.026716
0.084377
-0.241117
-0.035819
0.042869
-0.009954
0.042305
0.058692
0.050814
0.061174
0.148403
-0.237994
0.119363
0.057307
-0.005320
0.042869
0.000000
0.042869
-0.054759
0.042869
0.000000
0.000000
-0.006990
0.000000
0.041028
-0.028603
-0.090278
0.031396
0.000461
0.012495
-0.014831
0.002353
0.000000
0.101059
0.046992
0.018571
0.101059
0.101059
-0.026878
0.000000
-0.014458
-0.018855
-0.065579
-0.017924
-0.011722
-0.036617
0.026236
-0.031960
0.068823
0.121457
0.029775
-0.035744
-0.012667
0.108661
-0.012667
-0.163588
-0.011701
0.030231
-0.017924
0.036716
0.011560
0.008736
0.000000
0.005972
0.050637
-0.148414
-0.009954
0.020748
-0.003443
-0.002674
-0.039197
0.050637
0.045048
0.020748
0.006573
-0.006990
-0.026354
-0.021691
-0.185331
0.144810
0.142517
0.041547
0.012495
0.012495
-0.130470
0.000000
0.032127
-0.051469
0.020748
-0.023760
-0.013116
0.008736
-0.041419
0.167136
-0.029193
0.020473
0.018613
0.030231
0.050814
0.015808
0.031396
-0.108143
-0.025631
-0.080303
0.028235
0.092494
0.000000
0.061174
0.095785
0.103599
-0.034806
0.032603
-0.012716
-0.055154
-0.012998
-0.012998
0.002353
0.001376
-0.016477
0.001376
-0.010145
-0.053441
-0.037989
0.023207
0.036211
-0.002135
0.020748
0.036199
-0.023246
-0.017924
-0.016477
-0.004538
0.028027
-0.006889
-0.126148
-0.035117
0.036716
0.032603
-0.063754
0.030231
-0.095157
-0.073329
-0.000409
-0.237994
0.029775
-0.004452
0.018613
0.039026
-0.067081
-0.030735
-0.028535
0.000000
0.000092
0.010521
0.013742
0.030231
-0.045671
-0.023760
-0.012667
-0.032710
-0.184386
-0.178039
0.000461
0.003670
-0.014067
0.048346
-0.019975
-0.013774
0.052739
0.008549
0.028027
-0.039197
-0.047249
-0.041419
-0.035819
-0.045671
0.003638
0.263891
0.000000
-0.002595
-0.012667
0.036211
-0.011722
0.000461
0.036199
-0.027695
-0.005320
-0.053441
-0.000589
-0.005320
-0.018597
0.008549
-0.039197
0.270039
-0.155563
-0.186336
-0.130386
0.018613
-0.009954
-0.028774
-0.110404
-0.032710
0.000000
0.069209
-0.022148
-0.042964
-0.059098
0.006912
0.065180
-0.070305
-0.018006
0.009336
-0.037989
0.031396
-0.021771
0.041028
0.036716
-0.009954
-0.045671
0.221780
0.092494
0.020748
-0.031960
-0.032114
0.068455
0.098337
0.049329
-0.005320
-0.085217
0.070500
-0.004452
0.008549
-0.032326
-0.026249
0.001376
0.001376
0.010544
-0.016556
-0.037989
0.000000
0.126119
-0.013774
-0.080303
-0.106177
0.077448
-0.011722
0.016145
0.030231
0.064584
-0.052685
0.000092
0.008778
-0.017787
0.078089
0.078089
0.018613
-0.026878
0.037414
0.001136
0.019998
0.019998
-0.035117
0.000461
0.020473
-0.037989
-0.047249
0.103599
0.035592
-0.011701
0.049329
-0.044672
-0.044672
-0.026716
-0.014831
-0.017436
0.018613
0.071976
-0.002595
-0.019975
-0.023760
0.068823
-0.178039
-0.216593
-0.040652
-0.053441
0.000000
0.008549
0.000286
0.000000
0.071009
0.036211
0.068823
0.068823
0.000000
0.032603
-0.027695
0.008778
-0.024288
0.057307
0.333197
0.095495
-0.013201
-0.054622
0.092494
-0.091164
0.036716
-0.005026
-0.132225
-0.009185
-0.005116
0.028235
-0.017436
0.008549
-0.035819
-0.032710
0.000000
-0.038228
-0.027618
-0.053441
-0.053441
-0.037989
-0.032326
0.079864
-0.146487
0.016679
-0.039850
0.048346
0.000461
0.030142
-0.090496
-0.206722
-0.032326
0.000000
0.110844
-0.038228
0.049117
0.020473
-0.032326
-0.215082
0.049117
-0.008909
0.030231
0.000000
0.027557
-0.009954
0.050637
-0.028774
0.187369
0.051648
-0.061259
0.003638
-0.005442
-0.006889
-0.036561
0.078984
-0.000409
0.029775
-0.073170
0.060743
-0.016477
0.046488
-0.023760
-0.013003
-0.215099
-0.009954
-0.000589
-0.013116
0.000000
-0.027695
0.068669
-0.037989
0.029769
-0.032326
0.018613
0.103920
-0.011701
0.016145
0.112106
-0.031960
0.211901
-0.025631
0.126218
-0.018855
-0.019295
-0.070305
-0.050375
0.194168
-0.004538
-0.000589
0.008778
-0.037868
0.095785
-0.000589
-0.018006
-0.093206
0.023207
0.002353
-0.576022
-0.017013
0.069209
-0.037868
0.039382
-0.026002
-0.002674
0.160403
0.071976
0.054927
-0.172723
0.034735
0.045378
-0.135411
-0.018934
-0.286669
-0.017013
-0.017013
0.032603
0.000000
0.000000
0.005972
-0.039920
-0.006889
0.023135
-0.037868
-0.014808
-0.017611
0.121400
0.025707
0.073648
0.029890
-0.040812
0.030231
0.092034
0.263891
-0.022251
-0.022148
-0.027695
0.006573
0.020473
0.029890
-0.006990
0.020473
0.000000
-0.045671
0.103599
0.023135
-0.019975
0.157380
-0.000589
-0.059425
-0.115416
-0.035117
0.026236
-0.020842
-0.150681
0.100216
-0.008129
0.000092
-0.036617
-0.237994
-0.265307
0.155662
0.061174
-0.074315
0.016679
-0.000327
-0.148424
0.018571
-0.014831
0.095785
0.041028
-0.008909
-0.045671
0.041716
-0.000589
0.000000
0.028027
0.061506
-0.027195
0.048920
-0.058412
-0.011722
0.000000
-0.177550
-0.091323
-0.093959
0.000000
0.025707
0.000000
0.001081
0.157380
0.061174
-0.039019
-0.080303
0.067349
-0.032361
0.014775
0.068669
0.175171
0.108661
0.042046
0.074938
0.000000
0.054609
-0.012614
-0.073170
0.028235
-0.018855
-0.012667
-0.130769
0.000000
0.011284
-0.001809
-0.013774
-0.016477
0.002353
0.112686
-0.016505
-0.023760
-0.018597
0.121510
0.059173
-0.002674
-0.109157
-0.032114
0.028235
-0.033843
0.068823
0.063823
0.021233
-0.109157
-0.009185
-0.041419
-0.108143
-0.006990
0.016145
0.000000
-0.012716
0.033476
-0.080971
0.018613
0.030231
-0.026146
0.049117
-0.013774
0.006573
0.042046
0.141071
-0.019213
0.049117
0.069209
-0.077029
-0.092605
-0.248225
0.000000
-0.031960
0.024544
-0.000409
0.016240
-0.000589
0.000092
0.068823
-0.061089
-0.037989
-0.033605
-0.063595
-0.019975
-0.005645
-0.103120
-0.009185
-0.032326
-0.058618
0.042869
0.030142
-0.009954
-0.000691
0.063823
-0.023760
0.070500
-0.006990
-0.044302
0.025707
-0.029447
0.092494
-0.174204
-0.030735
0.045934
0.075922
-0.031573
0.003638
-0.028774
-0.005410
0.000000
0.099390
0.052787
0.000461
0.008736
-0.036617
-0.120746
0.008549
-0.005473
-0.011643
-0.102796
0.019998
-0.013116
-0.092605
0.054604
0.047740
0.012495
0.047740
-0.130470
0.000461
0.029775
0.023135
-0.191167
-0.026002
0.140874
-0.029818
0.032603
-0.026002
-0.012998
-0.007615
-0.027695
-0.055154
-0.018006
0.030142
-0.073170
-0.014831
0.020515
-0.036980
0.096580
0.042305
-0.012716
-0.002135
0.018613
0.061941
0.226171
-0.104749
-0.026002
0.026877
0.000000
0.041028
0.041028
-0.077029
-0.077029
0.051579
0.001376
-0.289224
0.008778
0.018613
0.050637
0.218955
-0.039432
0.000000
0.218915
0.008778
0.036211
0.023135
-0.029583
0.049117
-0.036617
0.039542
-0.051935
0.018571
-0.073329
-0.073329
-0.013127
-0.002595
-0.035453
0.145138
0.041028
-0.032326
0.054548
0.028235
-0.026716
-0.098090
-0.012716
0.286662
0.000000
-0.009185
0.169037
0.132743
0.084377
-0.001809
-0.032326
0.029775
0.022451
-0.109157
0.017850
-0.025631
-0.080160
-0.005026
-0.002595
-0.054759
0.074517
-0.047249
-0.032710
0.008736
-0.031284
-0.053441
-0.031284
-0.010145
0.384705
-0.031960
0.050814
-0.079482
-0.006990
0.031467
-0.039003
-0.005410
0.020473
-0.014450
0.093707
0.019998
0.000000
-0.005645
-0.018006
0.006573
0.000000
0.031230
0.000000
0.000000
0.005972
0.020473
-0.161545
-0.128853
0.029890
0.049117
-0.073170
0.068823
-0.066247
0.045048
0.031396
-0.130470
-0.003056
0.000000
0.036211
-0.012718
0.000000
0.063823
-0.026878
-0.018855
-0.018855
0.061174
-0.151531
-0.015746
-0.047249
-0.041419
-0.000769
0.034735
-0.398410
-0.034806
-0.446202
0.089237
0.000461
-0.010145
0.008778
0.001376
-0.154092
-0.067081
0.000000
-0.163588
0.200700
0.050814
0.000000
-0.130182
-0.014831
0.052787
0.043367
0.043367
-0.019975
-0.019975
0.036716
0.031396
0.016145
-0.130182
0.006573
-0.080303
0.048346
-0.046376
-0.009185
-0.023134
0.000000
-0.034806
-0.034806
-0.002674
0.022715
-0.030735
0.063980
-0.032326
-0.022148
0.028027
0.054548
0.032603
-0.039850
0.169037
-0.357449
-0.017436
0.008496
0.057307
0.011560
0.097728
0.092494
0.000000
0.008778
0.000000
-0.013263
0.022590
0.010521
-0.055154
0.000000
-0.002135
-0.032114
0.194168
0.039382
0.039382
-0.000769
-0.039197
0.068823
0.008778
0.009833
-0.038228
-0.038228
-0.038228
0.041222
0.031325
0.061174
-0.032710
-0.037868
-0.000769
0.092494
-0.048010
-0.172723
0.041028
-0.005320
-0.073329
-0.002135
0.032603
-0.013774
0.000000
0.025707
-0.108143
0.042305
0.030231
0.081975
-0.106548
0.050637
-0.006889
-0.108900
0.048346
0.000000
0.028550
-0.039197
0.036716
-0.023760
-0.080303
-0.026002
0.009833
-0.040166
-0.038228
-0.080303
-0.008881
-0.037868
-0.035819
0.045048
-0.024382
0.045048
0.036199
0.155520
-0.016943
-0.077075
-0.026716
-0.012667
0.046089
0.061174
-0.009185
0.000000
-0.108143
-0.053441
-0.108143
0.101059
-0.013774
-0.000589
-0.048445
-0.014831
-0.040745
0.000092
0.000461
-0.035809
-0.038368
0.050637
0.000461
0.036199
-0.070444
-0.064230
0.092494
0.049999
-0.017436
-0.012667
0.047740
0.028550
-0.017924
0.143503
0.032603
0.066555
0.020748
0.000000
-0.501390
-0.010145
-0.017924
-0.000589
-0.022251
0.030231
0.023135
0.049329
-0.067081
0.069209
-0.098090
0.000000
-0.035819
-0.000589
0.084377
0.084377
0.169037
-0.032326
-0.022148
-0.155563
0.000000
-0.070094
0.034735
0.011627
-0.069030
0.000000
-0.030735
-0.010236
-0.026002
-0.045671
-0.041748
0.008736
-0.039597
-0.006889
-0.163588
0.026236
0.026236
-0.066622
0.029775
-0.042787
-0.147205
-0.022148
-0.080303
-0.037989
0.020748
0.039456
0.000000
0.052787
-0.025631
0.001376
-0.000327
0.011627
-0.014831
0.089237
0.000000
0.000092
-0.070305
-0.002135
0.012495
0.112554
-0.032114
-0.032114
0.029890
0.096013
-0.216593
-0.013116
-0.135431
0.001376
0.018613
-0.106805
0.008736
0.068823
-0.172723
0.050637
-0.001809
-0.006889
-0.014831
-0.038368
-0.032710
0.010521
-0.013255
-0.000589
-0.019160
-0.000409
0.011560
-0.012667
0.080527
0.000000
-0.015719
0.045048
-0.000769
-0.009440
0.056184
-0.054759
-0.108143
-0.025631
-0.012667
0.173877
0.108570
0.032603
-0.018855
-0.070305
-0.030735
-0.036852
-0.025088
-0.108143
0.217375
-0.147205
0.011627
-0.039019
0.245918
-0.009185
-0.057568
-0.030735
-0.009954
-0.026878
0.000000
0.019690
-0.106937
0.047740
0.016679
0.008549
-0.098090
0.052787
0.020515
-0.011701
-0.163588
0.051518
0.000000
-0.087293
-0.026716
0.110844
-0.032710
-0.010236
-0.008631
-0.004538
0.058746
0.016679
-0.020029
0.036716
-0.011722
-0.032114
0.017452
-0.047249
0.000000
-0.018006
-0.074283
0.072245
-0.092605
0.009183
0.000000
0.112106
-0.000589
-0.002595
0.110844
0.050814
-0.000409
0.019998
0.005972
0.018571
-0.005320
0.000000
-0.009954
-0.131025
-0.035117
-0.019213
0.018613
-0.011701
0.018613
-0.032114
-0.055154
0.019998
0.017452
0.000000
-0.032326
-0.013116
0.030012
0.048862
0.036199
0.049117
-0.064158
-0.108143
-0.011722
-0.010145
-0.036980
0.016145
0.016145
0.002353
0.016265
0.087353
0.036211
-0.050558
0.032603
-0.041237
-0.032114
0.049329
-0.055561
-0.098090
-0.092605
-0.077029
0.043367
0.000000
-0.044672
-0.224426
-0.018650
-0.028774
-0.073759
0.050637
-0.077395
0.008549
-0.065579
0.049117
-0.034361
-0.051181
-0.032710
0.011454
-0.032326
0.023135
-0.012998
0.028027
0.054548
0.030231
-0.044672
0.012495
0.019998
-0.073170
0.137775
-0.032114
-0.002595
-0.016647
0.059086
0.000000
-0.026716
-0.026716
0.016679
0.103599
-0.050375
-0.050375
-0.010048
0.072490
0.107591
0.000000
-0.017924
0.078657
-0.021001
0.050637
0.108661
-0.017611
-0.030735
0.061174
0.112106
-0.019213
-0.038368
-0.013116
-0.003056
0.000000
-0.002135
0.179267
0.046092
-0.001809
-0.002135
-0.034351
0.012495
0.012495
0.121400
0.012495
0.012495
0.012495
0.121400
0.121400
0.121400
0.012495
0.012495
-0.039019
-0.039019
-0.008909
-0.008909
-0.008909
-0.008909
-0.008909
-0.008909
-0.008909
-0.008909
-0.008909
-0.008909
-0.008909
-0.008909
-0.008909
-0.008909
-0.008909
-0.008909
-0.008909
-0.008909
-0.008909
-0.008909
-0.008909
-0.008909
-0.008909
-0.008909
-0.008909
-0.008909
-0.008909
-0.008909
-0.008909
-0.008909
-0.003443
0.012495
0.012495
0.012495
-0.010236
-0.148100
-0.129693
-0.090757
0.189867
0.086898
0.049117
0.000000
0.011560
-0.092605
-0.014831
-0.011722
-0.045671
0.053507
0.000000
-0.022251
-0.108900
0.030231
-0.036617
0.028550
0.010900
-0.023760
0.030231
-0.016477
-0.080303
0.053328
0.031396
0.000000
-0.053441
0.008778
0.000000
-0.039019
-0.175152
0.011627
-0.027618
0.011560
-0.205944
0.000000
0.083414
0.083414
0.083414
0.083414
-0.099950
-0.107121
-0.009185
0.000000
-0.038228
-0.000769
-0.006889
-0.039019
0.083414
0.000000
0.000000
0.000000
0.000000
0.000000
0.000000
0.000000
0.000000
0.000000
0.000000
0.000000
0.000000
0.000000
0.032200
0.032200
0.032200
0.032200
0.032200
-0.003443
-0.003443
-0.003443
-0.003443
-0.003443
-0.003443
-0.003443
0.032200
0.032200
0.032200
0.032200
0.032200
0.032200
0.032200
-0.006990
-0.032114
-0.006990
-0.041419
-0.019213
-0.005410
-0.035117
-0.031960
-0.040745
0.028235
-0.005410
0.072490
-0.170661
-0.065084
-0.077029
-0.020842
-0.107121
0.047740
-0.044672
0.029775
-0.003443
0.116876
-0.077029
-0.017013
-0.038228
0.000000
0.000000
0.049117
0.049117
0.049117
0.049117
-0.041419
-0.040745
0.000000
-0.041419
0.031159
0.045949
-0.037989
0.003670
-0.041419
0.023135
0.049329
-0.017013
0.017452
-0.015626
-0.108143
0.047740
-0.021691
-0.000769
-0.013774
-0.008909
-0.029058
0.078089
-0.111956
-0.044672
0.054548
-0.012998
-0.036617
-0.020842
-0.248292
-0.011722
-0.008067
-0.038368
-0.016477
-0.060137
0.030142
0.030231
0.018571
0.000092
-0.013774
-0.105549
-0.020842
-0.073329
-0.080978
0.104419
-0.065579
0.157380
-0.031284
-0.012998
-0.026002
0.018571
-0.009185
-0.092605
-0.012998
-0.009185
-0.026002
-0.003056
0.000092
0.011627
-0.003443
0.149728
-0.045671
0.078089
0.000092
-0.130182
0.067349
-0.093206
-0.009635
-0.155563
-0.035819
0.026236
0.078089
-0.007563
0.010521
-0.022880
-0.032710
0.029775
-0.053441
-0.092605
-0.009185
0.012495
0.036199
0.110733
-0.031573
-0.017924
-0.032710
0.048346
-0.108143
-0.002595
0.023135
0.000000
-0.008909
0.081648
0.133324
0.000000
-0.163615
-0.000769
-0.107121
-0.247577
-0.032710
0.099390
-0.109157
-0.259359
-0.446202
-0.098090
-0.028774
0.000000
0.023135
-0.041419
-0.199197
0.030142
0.130111
