0.009453
0.000000
0.000000
0.012426
-0.002671
-0.008163
0.000971
0.000000
0.000000
0.000000
0.000000
-0.015671
-0.011253
0.010674
0.000000
0.000000
0.005234
-0.009712
0.002837
-0.010896
0.009222
0.004896
0.024397
0.000000
0.000000
0.000000
0.000000
0.000000
0.000000
0.000000
0.000000
0.000000
0.000000
0.000000
0.000000
0.000000
0.000000
0.000000
0.000000
0.000000
0.000000
0.000000
0.000000
0.000000
0.000000
0.000000
0.000000
0.000000
0.000000
0.000000
0.000000
0.000000
0.000000
0.000000
0.000000
0.000429
0.000000
0.000000
0.000000
0.003288
0.002389
0.000000
0.000000
0.000000
0.000000
0.000000
0.000000
0.000000
0.000000
0.000000
0.000000
0.000000
0.000000
0.000000
0.000000
0.000000
0.000000
0.000000
0.000000
0.000000
0.000000
0.000000
0.000000
0.000000
0.000000
0.000000
0.000000
0.000000
0.000000
0.000000
0.000000
0.000000
0.000000
0.000000
0.000000
0.000000
0.000000
0.000000
0.000000
0.000000
0.000000
0.000000
0.000000
0.000000
0.000000
0.000000
0.000000
0.000000
0.000000
0.000000
-0.000410
0.002893
0.005571
0.009273
0.005781
-0.002132
-0.000104
0.000000
0.000000
0.000000
0.000033
-0.005091
-0.001636
-0.011274
0.007106
-0.002259
-0.017765
-0.010322
-0.009777
-0.013944
-0.011799
-0.014867
-0.007588
0.013710
0.098217
-0.002314
-0.009167
-0.010491
-0.010584
-0.009541
-0.006902
-0.002832
0.004068
0.004636
0.007913
0.010688
0.010570
0.006985
0.096145
-0.005364
0.052062
0.000000
0.020511
-0.004799
-0.006549
0.003886
0.000563
-0.014801
0.000000
0.000000
0.000000
0.000000
0.000000
0.008240
-0.008125
0.000000
0.000000
0.000000
0.000000
0.000000
0.000000
0.000000
0.000000
0.000000
0.000000
0.000000
0.000000
0.017353
-0.000741
-0.006426
-0.004539
0.000000
0.000000
-0.015502
0.001176
-0.010782
0.000000
0.000000
0.000000
0.000000
0.013653
0.000000
0.000000
0.000000
0.000000
0.000000
0.000000
0.000834
0.000000
-0.008406
0.000000
0.000000
0.051165
-0.022513
0.022096
-0.014207
0.057002
-0.004788
0.069732
0.008463
-0.005963
-0.014357
0.013468
0.000000
-0.000905
-0.002907
0.000000
0.000000
0.000394
0.005240
0.000000
0.000865
0.010002
0.013089
0.000000
-0.003276
0.057670
-0.011514
-0.024475
-0.002424
0.004265
0.000000
0.000000
0.000000
0.000000
0.000000
0.000000
0.000000
0.000000
0.000000
0.000000
0.044969
0.002428
-0.029035
0.005285
-0.004539
0.001431
-0.007892
0.000000
0.000000
0.000000
0.000000
0.000000
-0.009083
-0.000630
0.004583
-0.009802
0.000000
0.003036
0.000000
0.000000
-0.004483
-0.004238
0.000000
0.007326
0.007667
0.025264
0.000084
0.008927
0.000000
0.000000
0.000000
0.000000
0.000000
0.000000
-0.004073
0.041443
0.008516
0.000000
0.000000
-0.026929
0.006747
-0.002157
-0.005514
0.047949
-0.013855
0.035458
-0.005365
-0.002369
0.008334
0.008007
-0.009889
-0.012825
0.001549
-0.009539
0.000000
0.000000
0.035332
-0.002274
-0.002698
0.001457
-0.016895
-0.002851
-0.035873
-0.007798
0.054393
0.010810
0.000000
0.050188
-0.012202
0.004099
-0.000573
-0.016590
-0.012528
-0.016711
0.000000
0.000000
0.000000
-0.008131
-0.024418
0.028621
0.018310
0.092483
0.002946
0.012767
-0.005867
0.014648
-0.000949
0.002161
-0.011200
-0.004343
0.118339
0.153573
0.001043
-0.020982
-0.021401
-0.019538
-0.017804
0.007115
-0.005299
0.000000
-0.001733
0.000000
0.000000
-0.017211
0.000000
0.000000
0.000000
-0.015199
-0.007597
0.000273
0.000000
0.003491
0.000000
0.000000
0.069413
-0.009361
-0.005374
0.325053
0.031015
-0.012020
-0.020244
-0.002303
-0.010331
-0.006831
-0.014885
-0.001531
-0.006571
0.001548
0.000000
0.000000
0.027805
-0.007031
0.001090
0.036256
0.028240
-0.023310
0.038221
0.000000
-0.023883
-0.012718
-0.030626
0.000000
-0.018032
-0.002597
0.000000
0.000000
-0.002619
0.000000
0.034620
-0.000364
-0.004061
0.000000
-0.008479
-0.014855
0.035105
-0.003981
-0.015966
-0.025084
-0.003747
0.027778
-0.003284
-0.000253
0.124855
0.005948
-0.004405
-0.012907
0.056329
-0.014550
0.002070
-0.013561
-0.015668
0.002863
-0.020710
-0.004118
0.000000
-0.017348
-0.060602
0.000000
-0.005188
-0.010646
0.025509
0.006931
-0.006874
0.092849
0.006519
0.000220
-0.011477
-0.012439
-0.011634
0.000000
-0.010339
0.006164
-0.018360
-0.011138
-0.015026
-0.003888
0.001760
0.000000
0.040663
-0.009303
-0.017444
-0.010371
-0.001534
0.000000
0.002954
0.000000
0.392076
-0.011907
0.011159
0.000000
-0.005040
-0.012157
-0.010265
-0.013883
-0.041312
-0.016917
-0.000360
0.007167
-0.008103
-0.000440
-0.012850
0.004379
-0.001984
0.062751
-0.006977
-0.002713
0.000786
0.000000
-0.007025
-0.011404
-0.012175
-0.008849
-0.017608
-0.015709
-0.001923
-0.017983
0.004734
-0.009200
0.010241
0.000000
0.000000
0.019701
-0.004170
-0.014609
-0.009848
-0.000824
0.003233
-0.016090
0.021185
-0.013464
0.007564
-0.001504
-0.003609
-0.003381
0.019804
-0.019701
-0.002958
-0.008082
0.005512
0.000000
0.000000
0.000000
0.006831
0.000510
0.000000
0.012326
0.000000
0.000000
0.000000
0.000000
0.012047
-0.018404
-0.002471
-0.116559
0.000000
0.000000
0.013628
0.009289
-0.008835
0.086860
-0.002754
-0.023706
-0.010398
-0.005737
-0.010506
-0.012887
0.010307
0.028793
-0.006137
-0.011601
-0.009321
0.000000
0.000000
0.000000
0.030365
0.000000
-0.005640
0.000000
0.051867
0.001397
-0.003595
0.000000
0.000000
0.000000
0.000000
0.000000
0.009473
0.013822
-0.006126
-0.013562
0.000000
-0.010865
-0.010348
-0.000763
0.084345
-0.014736
-0.016143
-0.009126
0.000000
-0.003977
0.046618
0.001364
0.028067
0.004093
0.008314
-0.021363
-0.011867
0.000000
-0.017292
0.000000
-0.015571
-0.008717
0.035000
-0.012973
-0.007830
0.035748
0.060938
-0.007824
-0.005297
-0.009960
-0.013348
0.000000
-0.001664
-0.035026
-0.005031
-0.004612
-0.008198
0.004173
0.020462
-0.002309
-0.014293
0.001560
0.009974
-0.000789
-0.009415
-0.007189
-0.043412
-0.010126
0.010083
0.000289
-0.013210
0.019178
0.003017
-0.002190
-0.005918
-0.016514
0.000000
-0.016240
0.000000
-0.020599
0.007083
0.015505
0.001137
-0.022965
-0.004140
0.007361
0.054868
-0.011576
0.000000
0.000000
-0.012113
0.002068
-0.018863
0.000000
-0.013293
0.005879
0.000000
0.000000
-0.024709
-0.009160
0.041059
0.084556
-0.020254
-0.001379
-0.011303
0.000000
-0.006984
0.002152
-0.011593
0.000069
0.004288
0.000000
0.000000
0.000000
0.000000
0.000000
0.000000
0.003614
0.000000
0.000000
0.000000
-0.004228
0.001574
-0.052419
0.011672
-0.040539
0.000000
0.000000
0.000000
0.000000
-0.000581
0.000000
0.000000
0.000000
0.000000
0.000000
0.000000
0.000000
0.000000
0.000000
0.000000
0.000000
0.000000
0.000000
0.000000
0.000000
0.000000
0.000000
0.000000
0.000000
0.000000
0.000000
0.000000
0.000000
0.000000
0.000000
0.000000
0.000000
0.000000
0.000000
-0.004445
0.000000
0.002838
0.000000
0.000000
0.009702
-0.007643
0.000000
0.000000
0.000000
0.000000
0.000000
0.000000
-0.020192
0.015250
-0.009644
-0.000456
-0.008213
0.007405
0.006383
0.000000
0.000420
0.000000
0.000000
0.000000
0.000000
0.000000
0.000000
-0.002688
0.000000
-0.019845
-0.007894
-0.018411
-0.011386
0.000000
0.000000
0.000000
0.000000
0.000000
0.000000
-0.009113
0.000000
0.000000
0.000000
-0.016659
-0.009643
0.005927
0.019560
-0.021678
-0.002259
0.015283
0.006828
0.055004
-0.002883
0.000000
0.008320
-0.011813
-0.001714
0.040518
0.084572
-0.004821
-0.011895
-0.006588
-0.008501
-0.009329
-0.037768
-0.012851
-0.011045
-0.004944
0.005952
0.001533
-0.015695
0.012986
-0.005637
-0.010164
0.007755
-0.012848
0.000000
0.048500
0.004686
0.000000
0.000000
0.000000
0.000000
0.000000
0.008128
-0.008334
-0.008774
0.000000
0.000000
-0.009586
-0.006082
-0.022275
0.013783
-0.005964
0.000000
0.001816
0.007995
0.000000
0.000000
0.001524
-0.023180
-0.004261
-0.006731
-0.012029
0.000000
-0.017455
-0.011815
-0.000191
-0.023811
0.005453
0.000000
0.000000
0.000000
0.000000
0.000000
0.029439
0.000000
0.000000
0.000000
0.033002
0.051076
0.014123
0.000000
0.021396
0.000000
-0.009375
0.001329
0.000000
-0.009588
-0.001970
-0.003682
0.000000
0.023949
0.000383
0.049460
-0.000814
-0.186248
-0.035532
-0.010417
0.013631
0.007677
0.011167
0.093046
0.000000
-0.022292
0.001192
-0.003290
0.003780
0.000000
0.000000
0.000000
-0.002030
0.008185
-0.007980
-0.021360
0.000000
-0.011147
-0.011441
-0.004228
-0.017995
0.011108
0.035499
-0.018453
0.020895
0.034452
-0.010023
0.000006
0.000000
0.000000
0.000000
-0.181525
-0.008690
-0.006751
0.000000
0.000000
-0.001616
-0.001359
-0.344357
0.000000
0.000000
-0.017668
-0.005370
0.002403
-0.004225
0.000000
0.000000
0.000000
-0.020085
0.016723
0.000000
0.000000
0.000000
0.000000
0.000000
0.000000
0.000000
0.000000
-0.014816
-0.006697
-0.017595
0.000000
-0.014734
0.025586
0.018630
0.012520
-0.008954
0.001373
-0.004265
0.011466
0.018517
0.000000
-0.011302
-0.007164
-0.000531
0.000000
-0.000680
0.000000
-0.006549
-0.013628
-0.008535
0.009773
-0.003949
-0.004871
0.000000
-0.013355
0.003368
0.000000
-0.009492
-0.006205
0.157662
-0.008348
-0.012833
-0.001470
0.036709
0.028969
0.000000
0.000000
0.000000
0.000000
0.000000
0.000000
0.000000
0.000000
0.000000
0.000000
0.000000
-0.003752
-0.004399
-0.013993
0.000000
0.000000
0.002958
-0.006151
0.022213
-0.006170
0.000000
0.000000
0.000000
0.000000
-0.013231
-0.004347
0.000000
-0.003033
-0.007787
-0.017723
-0.000406
0.000000
0.000000
0.000000
-0.013312
0.012735
-0.003822
-0.023344
-0.005610
0.003067
-0.010985
-0.014067
0.000000
0.000000
-0.001243
0.003254
0.000000
-0.014307
-0.004606
0.000000
0.002952
0.000000
-0.007205
-0.008105
0.020691
-0.012748
0.004714
0.029054
0.000000
-0.023012
0.010298
-0.001408
-0.011106
0.000000
-0.021451
-0.006758
-0.011824
0.008632
0.000000
-0.004065
-0.021820
-0.007593
-0.015452
-0.016737
-0.011525
-0.004847
-0.012021
-0.012610
-0.001249
-0.009125
-0.003153
0.014734
-0.010466
-0.016853
-0.017105
0.047440
-0.007680
-0.000022
0.006909
0.012135
-0.009201
-0.010996
-0.002078
0.010348
0.024433
-0.015748
-0.002487
0.136537
-0.016135
-0.016784
-0.002463
0.007118
0.000272
-0.013107
-0.013424
0.013942
0.010621
0.000000
0.000000
0.000000
0.000000
-0.016711
0.013271
-0.008595
-0.005609
-0.015576
0.014716
0.082600
0.035731
0.001044
0.000000
-0.004354
0.037384
0.004604
0.028728
-0.009405
0.072578
0.027876
-0.011347
-0.002237
-0.006941
0.052351
-0.005638
-0.007745
0.004786
0.108780
0.006486
0.020041
0.000000
-0.011505
-0.002937
-0.007719
-0.002176
-0.001171
0.000000
0.003771
-0.008572
-0.017068
-0.006670
-0.004279
-0.002686
-0.029678
-0.018467
-0.018499
-0.002632
-0.006982
0.000000
0.000000
-0.005338
0.003918
-0.013054
0.005565
-0.007043
0.003760
-0.016649
-0.013333
0.012815
0.280247
0.077777
0.005669
-0.006290
-0.002164
0.000000
-0.002459
0.000000
0.004411
0.058769
0.007783
0.000000
0.028499
-0.011872
-0.014979
-0.009031
-0.011103
0.003094
0.003537
0.055605
-0.025050
0.007566
-0.002356
-0.009860
-0.009104
0.011080
-0.012836
0.000602
0.038917
0.010695
-0.017935
0.000000
-0.017833
0.000000
0.000000
-0.015574
0.000000
-0.004680
0.004896
-0.004952
0.000000
0.127260
0.011303
-0.009686
-0.005818
-0.011626
-0.023076
-0.007603
-0.013774
0.002976
0.014042
-0.020901
-0.004268
-0.014390
-0.015002
-0.014546
0.074652
-0.010631
-0.006442
0.007468
-0.002513
-0.010840
0.003922
-0.010792
0.094935
0.000000
-0.016510
0.002641
-0.014275
0.024534
-0.006792
-0.001259
-0.004857
0.000000
-0.014210
0.000000
0.000000
0.000000
0.000000
0.000000
0.000000
0.000000
0.000000
-0.006178
-0.003848
-0.007380
-0.009578
-0.008303
-0.005829
-0.003208
0.002165
0.000000
-0.010446
-0.000297
0.000000
-0.016131
-0.006663
0.133143
-0.008787
0.009869
0.000000
-0.005926
0.020566
0.000000
0.000000
0.000000
0.000000
0.000000
0.000000
0.000000
0.000000
0.000000
0.000000
0.000000
0.000000
0.000000
0.000000
-0.009092
-0.009918
-0.004130
-0.015346
-0.001030
-0.012044
-0.006134
-0.014739
0.010956
0.021576
-0.003576
0.006585
-0.011065
-0.001364
-0.011128
0.028145
0.000000
0.007139
0.000000
-0.007572
0.005544
0.000000
0.000000
0.000000
-0.001829
0.000000
0.000000
0.000000
-0.000951
0.000000
0.140577
0.001871
-0.015113
0.000000
0.000000
0.000000
-0.007357
-0.017437
-0.022057
0.000000
-0.005403
-0.007196
-0.009014
-0.010265
-0.009996
-0.007727
0.000594
-0.004254
-0.012307
-0.005013
-0.013382
0.000000
-0.011148
0.003539
0.000000
-0.003103
-0.007593
0.005671
0.000000
0.010782
-0.009322
0.000000
0.005980
-0.007882
0.000622
-0.012850
-0.006337
-0.012909
0.000000
0.000000
0.000000
-0.005179
-0.009586
-0.005222
-0.009830
-0.027495
0.000000
-0.009418
0.008692
-0.016074
-0.004948
0.000000
0.000000
0.000000
0.001214
-0.008925
0.006770
-0.021494
0.017660
0.000000
-0.007806
0.515268
0.000000
0.000000
-0.001597
0.000000
0.076173
-0.005437
-0.010709
0.000000
0.000000
0.000000
-0.005254
0.016922
0.001613
-0.003363
0.003424
0.076386
-0.003054
0.000000
0.002129
-0.022345
-0.008309
0.025512
0.000000
0.000000
0.000532
0.000950
0.000000
0.000000
0.000000
0.000000
-0.000296
-0.004879
-0.008530
-0.000821
0.007275
0.000000
-0.019104
0.000000
0.004411
0.003348
-0.016047
-0.009012
0.000000
0.000000
0.000000
0.000000
0.000000
0.000000
0.000000
0.000000
0.000000
0.019122
0.012887
-0.015458
-0.018085
-0.007850
0.000000
0.000000
0.000000
0.000000
-0.013795
0.000577
0.000000
0.000000
0.000000
0.000000
0.000000
0.000000
-0.004162
0.003820
-0.011559
-0.005804
0.000000
-0.002837
-0.003709
0.016185
0.010070
-0.005712
-0.002293
0.021338
0.026049
-0.001560
-0.015744
-0.007127
-0.008315
-0.070591
0.003823
0.008393
0.007143
-0.005638
0.000298
0.019343
-0.009878
0.006418
-0.000786
-0.009165
0.009650
0.031777
0.026560
0.012466
0.035730
0.006803
0.015810
-0.011977
-0.009573
0.013945
