-0.140097
0.005623
0.528172
0.486697
-0.170078
0.076042
0.006768
-0.258572
0.222781
0.259372
-0.187035
-0.017299
0.481804
0.766008
0.067190
-0.555103
0.569924
0.430514
0.154526
0.097111
-0.074784
0.306474
0.327258
-2.673292
0.528574
0.000000
0.738567
-0.139363
1.278168
0.027616
-0.945282
-0.581492
0.235134
0.589450
0.095897
-0.014940
0.238666
-0.551460
0.318431
-0.010941
-0.286363
0.409684
-0.011482
0.000000
-0.337314
-0.015570
0.107552
0.000000
-0.177839
0.133867
0.515039
-0.310136
0.000000
0.146397
-0.227802
-0.091048
0.236869
0.069782
0.141436
-0.086221
0.233965
0.065023
0.226671
-0.180337
0.043798
-0.295083
-0.292318
0.167490
0.338946
0.000000
0.319299
-0.449266
-0.809213
-0.408660
0.000000
0.407034
0.195020
0.423558
0.207520
0.268939
0.328555
0.114899
-0.075647
0.000000
0.065138
0.228745
0.002389
-0.897007
-0.031270
-0.034141
0.426250
-0.156740
0.523292
-0.171989
0.315815
-0.065131
-0.827860
-0.065132
-0.187035
-0.060457
0.609994
0.635473
0.731965
-0.305459
-0.014674
-0.703629
-0.267372
1.924682
0.483220
-0.444654
0.000000
0.124128
-0.093456
0.363490
-0.252292
-0.106346
0.684412
-0.155523
-0.315621
-0.184671
0.000000
0.047878
0.064124
0.525232
0.136266
-0.139363
0.247577
-1.213801
0.493743
0.093939
-0.496649
0.237639
0.296556
0.110370
-0.091048
0.468239
-0.158438
0.080555
-0.017299
0.000000
0.192863
0.045169
0.459375
-0.206504
-0.162321
0.000000
0.247605
-0.258004
-0.746925
-0.439832
-0.724296
0.686072
0.000000
-0.170939
-0.171339
0.000000
0.194744
-0.048902
-0.082190
-0.306425
-0.264484
0.000000
0.340141
0.000000
0.179385
-0.363286
-0.532759
-0.222720
0.121870
0.000000
0.017729
0.697634
0.093108
0.000000
-0.166790
-0.055099
0.009728
-0.162321
0.269953
0.203821
-0.048902
-0.116540
0.002803
0.061082
0.145375
1.127186
0.277522
0.330593
-0.342895
0.795975
0.000000
0.000000
-0.862863
0.042508
0.266566
0.118731
-0.202043
0.371477
0.106359
0.319126
0.694397
-0.476177
-0.482182
-0.308115
-1.258337
0.392883
0.112327
-0.225939
-0.163528
0.046608
-0.042675
-0.251840
-0.037618
0.109724
0.242105
-0.124537
-0.252019
-0.173036
-0.116540
-0.743382
-0.190734
0.979441
0.109724
2.097882
-0.363286
-0.189493
0.953230
-0.201372
-0.427658
-0.096676
0.459282
0.000000
-0.489005
0.141528
0.264139
-0.487640
-0.352775
0.342506
0.430068
-0.055157
0.089849
-0.298766
0.872249
-0.761671
0.796244
-0.224295
-0.157753
0.818650
-0.057008
-0.308115
-0.185618
-1.404489
0.021969
-0.132873
-0.436240
-0.420084
-0.142004
0.238666
0.210063
0.222110
0.741605
-0.648494
-0.384716
-0.277503
-0.086816
-0.162321
-0.645663
-0.291699
0.303322
-0.247274
-0.418412
0.871008
0.190637
0.340657
0.510502
0.431556
-0.064945
0.007734
0.075653
0.098916
-0.138728
-0.109212
-0.015570
-0.582000
0.049824
-0.467087
-0.214045
-0.252292
0.258125
0.400478
0.000000
-0.127513
0.874955
0.085934
1.004659
0.190637
-0.017299
0.049797
0.198569
0.737476
0.000000
0.005737
-0.055866
0.000000
0.393736
0.000000
-0.253450
0.000000
-0.034508
-0.041069
0.166997
0.047878
1.035695
-0.151481
0.677721
-0.196179
-0.295083
-0.373254
0.000000
-0.586304
0.648112
-0.082190
0.271688
0.614418
0.219011
-0.748668
0.000000
0.203959
0.000000
-0.009783
-0.013669
-0.099849
0.185700
0.651194
-0.252018
-0.201521
-0.147138
-0.449429
-0.156190
0.044381
-0.152482
0.185743
-0.127513
-0.441799
-0.047639
0.062309
0.014958
0.116450
0.205928
0.121372
-0.309008
1.022041
-0.186835
-0.169779
0.568703
0.192863
-0.169779
0.085142
-0.469678
0.001025
-0.117967
-0.200489
0.060917
-0.082190
-0.143293
0.009192
0.296556
-0.131311
-0.759925
0.112773
0.504224
-0.103078
-0.139726
0.049824
0.139450
-0.274352
0.211305
0.000000
0.428009
0.046607
-1.021451
-0.177470
0.374493
-0.169180
0.049824
0.594437
-0.143293
0.392116
0.281300
0.184552
0.203370
0.046607
-0.108620
-0.034125
0.000000
-0.085026
-0.128805
-0.270153
0.077196
-0.042675
0.857258
0.445407
0.085833
-0.335495
0.349559
-0.287058
-0.409726
-0.133984
0.356638
-0.105510
0.077487
-1.920569
-0.194781
0.541500
0.260345
-0.117287
0.194631
0.053158
0.449735
-0.252292
-0.058627
-0.225939
-0.599545
0.352312
1.557275
-0.074885
0.173199
0.239499
0.468195
-0.272981
-0.253493
0.550286
-0.330702
-0.026938
0.202011
0.091461
-0.077022
0.450031
0.000888
0.155475
-0.322086
0.000000
0.413634
0.626475
0.922030
0.083024
0.000000
-0.183042
-0.270153
-0.101734
-0.082208
-0.111024
-0.048902
0.005526
-0.098020
0.024521
0.356690
0.014335
-0.751939
0.156213
0.351698
-0.023653
-0.258442
0.103639
-0.281241
0.089849
-0.101221
-0.395718
-0.225939
0.206903
-0.245903
-0.415668
-0.208408
-0.026294
0.000000
-0.009396
0.095840
-0.165617
0.270223
0.470627
-0.712959
-0.191842
0.048979
0.224217
0.051985
-0.047481
-0.428639
0.291357
-0.148807
0.565811
-0.264959
-0.034125
0.116498
-0.252186
-0.366926
0.715109
-0.276827
-0.363837
-0.206711
0.108445
-0.330428
0.091815
-0.869721
-0.466569
-0.148131
-0.234086
-0.765160
-0.131729
0.180880
0.455299
-0.156740
0.367860
0.067757
0.000000
0.057122
0.016337
0.295954
-1.436973
-0.758429
-0.789046
-0.048699
0.154025
0.002500
-0.212857
0.075782
-0.019096
-1.337866
-0.315819
-0.055157
-0.353691
-0.313475
0.120816
0.164142
0.085934
-0.496348
-0.446430
0.063335
0.186437
0.000000
-0.399377
-0.714455
0.192863
0.144603
-0.397222
-0.511696
0.000000
0.698249
1.319272
-0.060770
0.021278
0.973248
-0.280217
0.449710
0.172779
-0.764010
-0.355320
0.000000
0.845322
-0.258572
-0.411737
0.224685
-0.021376
-0.945990
-0.039195
0.108694
-0.488283
-0.026398
0.380781
0.102380
-0.166174
0.062295
-0.336299
-0.025563
0.864016
0.319053
0.249918
0.149622
0.000000
-0.226567
-0.094806
0.119841
0.000000
-0.406627
0.040436
0.236418
0.181845
-0.027511
-0.055161
-0.096677
0.009192
-0.037618
-0.130695
-0.133134
-0.366322
0.002405
0.000000
0.000000
-0.183960
-0.140530
-0.131311
-0.032745
-0.004744
-0.019262
0.261171
-0.566828
-0.533786
-0.036975
-0.311137
-0.118738
0.192841
0.118098
0.049428
0.161455
0.000000
-0.139500
-0.186893
-0.139166
-0.032745
0.053103
-0.017735
0.104104
0.276431
-0.188858
0.083214
-0.606037
0.169065
-0.303272
-1.116538
-0.175572
-0.175572
0.095866
-0.061663
-0.146251
-0.039192
-0.167036
-0.348966
0.233965
0.016161
0.016161
0.034104
-0.094217
-0.279007
0.360866
0.275430
0.148923
-0.237529
0.072400
0.040868
-0.172531
0.165447
0.315366
-0.082190
0.000000
0.148711
-0.166174
-0.145325
-0.065752
0.046744
-0.008919
-0.216271
-0.161940
-0.401425
-0.280517
-0.160291
-0.428451
0.030136
-0.315966
-1.043933
-0.062873
-0.475994
0.674788
0.995906
-0.217755
-0.530300
0.448022
-0.094944
-0.677825
0.072777
0.000000
0.104230
-0.139500
0.625285
0.596570
0.450551
-0.048846
0.000000
0.114175
0.192863
0.028246
-0.717920
0.462375
-0.266634
-0.360159
-0.809213
-0.583750
-0.310328
-0.417921
-0.144158
0.431551
-0.081712
-0.093482
0.311294
-0.441799
-1.344152
-0.159212
-0.139363
-0.042675
-0.042675
0.101642
0.033144
0.000000
-0.846621
-0.077464
0.000000
0.000000
0.083214
-1.218501
-0.494452
0.144603
0.171691
-0.588446
0.366098
0.316705
-0.298766
-0.034125
-0.626645
0.331266
-0.011240
-0.846422
0.435819
-0.580399
0.139413
0.261313
0.049797
-0.252186
0.014335
-0.070179
-0.187712
0.394172
-0.118364
0.000000
-0.353691
0.428105
0.505292
0.062947
-0.134623
0.586482
-0.455720
-1.092741
-0.434874
0.426147
-0.699179
-0.166986
-0.974008
0.142858
-0.165566
0.225690
0.198327
-0.021196
-0.333780
0.336567
0.218683
0.221473
-0.173782
-0.173782
-0.173782
0.108451
0.000000
1.076867
-0.125647
-0.759934
-0.292730
0.000000
-0.082871
0.309540
-0.256192
0.464163
-0.203777
0.024820
0.137448
-0.526677
-0.903129
0.135100
0.171209
-0.555043
-0.165617
0.203370
0.799822
0.262814
-0.473105
-0.716770
-0.072316
0.334104
0.140763
-0.147358
0.334104
0.334104
0.334104
-0.378399
-0.062873
0.171691
0.261430
0.170774
0.360788
0.000000
0.172383
-0.209928
-0.849765
0.000000
-0.607704
0.212430
-0.162651
-0.280217
-0.064972
-0.315820
-0.162908
0.277832
0.277833
0.191810
-0.453406
-0.281834
0.124354
-0.010491
-0.355583
0.421642
-0.147213
-0.058777
-0.332302
0.227193
-0.021044
-0.587106
-0.192433
-1.424914
0.130577
-0.414095
0.058255
0.333551
0.014879
0.007142
-0.296487
-0.606275
-0.755089
0.304858
-0.513127
1.022452
0.211768
0.165662
0.000000
-0.116540
0.205338
0.731265
-0.119393
0.000000
0.134202
0.075199
-0.000789
0.460388
-0.081576
-0.939925
-0.091366
0.183912
0.291357
-0.038731
-0.556048
0.221276
0.321421
0.361397
-0.268734
-0.147213
-0.144404
0.121371
-0.048700
0.306809
-0.117287
0.009728
-0.313222
0.015237
0.430716
0.037053
-0.628775
-0.041026
-0.160631
0.115042
-0.226040
0.000000
-0.003296
0.000000
-0.309705
-0.250083
0.000000
-0.952105
-0.213746
-0.077410
0.000000
-0.204904
-0.482183
-0.228724
0.193486
0.060917
0.785261
0.014488
-0.550274
0.092436
0.008003
-0.063894
-0.003458
-0.064400
0.083214
-0.040651
0.686909
-0.761826
1.301228
0.355954
0.548791
-0.658520
0.000000
1.060219
0.003942
-0.003792
0.007734
0.156929
-0.279371
-0.398064
0.310997
0.131134
0.038267
-0.698047
0.016639
0.000000
0.301382
-0.238871
-0.238871
0.699920
0.151702
0.133867
0.000000
-0.051596
-0.148807
0.281936
-0.081441
0.000000
0.083094
-0.213311
-0.302458
1.795447
-0.831683
0.430983
0.992006
-0.312616
-0.989361
-0.110690
-0.592125
0.277785
-0.536495
-0.520252
0.059494
-0.239570
0.095897
-0.225939
-0.377337
0.000000
0.596569
-0.238756
0.041887
0.069782
0.041887
-0.079224
-0.223115
0.024873
0.569313
0.037440
0.037440
-0.208096
-0.153870
0.020027
0.020027
-0.613133
-0.258005
0.065955
-0.073716
0.062763
-0.457147
0.204312
0.264672
0.132352
0.224684
0.427946
-0.603893
-0.338793
0.593362
0.043477
-0.037777
0.000000
-0.229823
-0.445108
-0.097250
0.007142
0.000000
0.228833
-0.167024
-0.505443
-0.345083
0.573421
0.119841
-0.067035
-0.173782
0.155885
-0.592124
0.114071
0.114071
0.446714
0.420814
-0.490525
0.219747
-0.235546
-0.899390
0.000000
0.108432
-0.258442
-0.111024
0.000000
1.129953
0.377298
0.469822
-0.258442
0.735987
-0.338365
-0.876829
-0.027429
0.121697
-0.330031
-0.140271
-0.114127
0.277254
-0.008744
0.233965
-0.008744
-0.086376
-0.199088
0.390380
-0.101941
-0.894282
0.000000
-0.496348
-0.934696
-0.404419
-0.142306
-0.722776
-0.146441
-0.654909
0.016639
-0.627730
-0.272496
-0.329726
0.572396
0.572396
-0.817928
0.168643
0.120964
0.111033
0.688302
0.222781
-0.056941
-0.091700
-0.040651
0.324407
-0.555459
0.085833
-0.250377
0.970423
-0.072927
0.243854
0.045071
0.135550
-0.497834
-0.080000
0.061170
-0.005594
0.667792
0.582226
0.418038
-0.245772
0.243854
0.243854
0.220440
0.771021
0.299331
0.005234
0.017274
-0.048700
0.252857
0.558040
0.104230
0.414610
-0.437516
-0.012783
0.000000
-0.161941
0.346524
0.921012
0.278461
-0.422036
-0.631635
-0.047861
-0.008238
-0.013669
0.100805
-0.230790
-0.370499
0.000000
0.346445
0.042334
-0.001524
-0.239765
-0.236517
-0.081441
0.114658
0.000000
-0.418418
-0.501672
-0.369455
-0.127513
-0.127513
-0.563191
0.599100
0.059495
-0.421568
1.419507
-0.397222
0.101355
0.038590
0.000000
-0.062868
-0.088528
0.000000
0.640694
-0.250888
-0.133134
-0.512897
0.232288
0.164351
0.020532
-0.753229
-0.285082
-1.044492
-0.041026
-0.343948
-0.170334
0.400477
-0.285082
0.000000
0.295232
-0.306425
0.483612
-0.239184
1.000511
-0.285082
0.398446
0.118731
-0.042115
-0.221673
-0.000013
-0.464399
-0.066704
0.164472
-0.418220
0.036993
-0.099863
0.085767
-0.165046
-0.142241
-0.347291
-0.208096
-0.033862
0.241164
-0.728136
-0.824332
0.063874
0.063874
-0.213700
-0.140802
0.107851
0.158483
-0.257555
-1.129293
-0.257555
0.000589
0.095840
0.366856
-0.165415
0.045759
0.138553
-0.321233
0.204595
-0.056941
0.336698
0.274008
1.190099
0.000000
-0.485530
-0.009751
0.295204
-0.433643
-0.008744
-0.008744
-0.433643
-0.552882
0.684412
-0.441052
-0.485530
-0.274330
-0.181158
0.684534
0.454439
0.300625
-0.031717
0.002405
-0.198504
-0.181158
-0.116267
-0.312627
-0.128910
0.188973
-0.225939
0.667707
-0.015293
-0.380179
0.398446
0.242604
-0.538978
0.133686
1.206681
-0.360702
-0.405574
0.350136
-0.333780
-0.094947
0.322757
0.396884
0.016799
0.046654
-0.024191
-0.765623
-0.032745
0.024521
-0.099849
-1.207744
0.244981
-0.433643
-0.543448
-0.081576
0.164472
-0.260319
-0.051596
-0.247306
0.282506
-0.521533
0.000000
-0.269501
-0.025183
-0.503303
-0.012783
-0.453635
0.000000
0.193816
0.022020
0.008199
-0.084503
-0.083120
-0.266277
-0.266277
0.116971
-0.041206
0.690519
0.041362
-0.270962
-0.416678
0.048908
-0.147138
-0.115166
-0.533587
-0.124509
-0.738230
0.421668
-0.146624
-0.114453
0.082510
-0.587703
0.309313
-0.096555
0.123022
-0.011422
0.428044
0.053846
-0.236680
0.031506
0.000000
-0.083399
0.496181
-0.121338
-0.321313
-0.012655
-0.807341
-0.118185
-0.172556
-0.025745
0.098082
-0.061297
0.161455
-0.292989
0.099261
0.000000
-0.077042
-0.028096
0.229787
-0.093990
-0.096891
-0.262143
-0.301247
0.086822
-0.256990
0.099353
0.053158
-0.118738
0.000000
-0.501877
0.000000
-0.015608
-0.253450
-0.046154
0.386447
0.362119
0.255503
0.786874
-0.251840
0.000000
0.475251
-0.278525
0.419401
0.067643
-0.312887
0.565671
-0.682791
0.328555
-0.250126
-0.064945
0.291925
0.243596
-0.042675
0.000000
-0.163488
-0.189844
0.439978
0.065171
-0.234124
0.770200
-0.250377
-0.104408
0.339195
-0.154578
0.000000
0.089439
0.020557
0.186972
0.013360
0.259156
-0.196328
0.059495
-0.120402
0.059586
-0.086917
0.123579
-0.000001
0.084901
-0.285082
-0.452490
-0.031023
-0.100538
0.346023
-0.380549
-0.290663
0.068488
-0.290675
-1.101941
-0.011240
-0.169180
0.202333
-0.519842
0.198336
0.433403
0.278808
-0.123630
-0.623689
-0.269501
-0.231933
-0.172104
-0.064972
-0.026398
-0.028096
0.082510
-0.422154
-0.173719
0.116610
0.727773
-0.091048
0.397046
-0.338247
-0.455462
-0.165415
0.048650
-0.044883
0.000000
-0.170972
-0.051102
-0.015570
0.028805
0.422848
-0.043659
-0.091048
0.095840
-0.410512
0.301658
0.445407
0.231148
0.000000
-0.629050
0.000000
0.028805
-0.353691
0.237167
-0.363823
-0.470664
-0.287601
0.000000
0.168810
0.706673
0.459282
0.000000
-0.031023
-0.433484
-1.109627
-0.108962
-0.133508
0.071841
0.103992
0.233702
-0.500442
0.000589
0.000000
-0.191191
0.060605
-0.167024
0.139289
0.001607
-0.136082
0.000000
0.172383
0.109804
-0.518633
-0.193840
-0.497834
-0.000112
-1.058127
-0.438738
0.173799
0.378037
-0.388692
0.886208
0.069836
-0.010834
-0.174847
0.554448
0.076565
-0.278386
-0.564344
-1.087842
-0.080019
0.565856
0.087981
-0.398643
0.218683
-0.330528
-0.270153
0.296375
0.185743
-0.596341
0.225714
-0.191340
-0.009396
0.000000
0.009728
0.202115
-0.056941
-0.217021
-0.456995
0.204595
-0.181497
-0.617568
-0.482183
0.210849
-0.100538
1.962695
0.317181
0.515291
0.397623
-0.121338
0.013360
-0.419033
1.008136
0.757700
0.496181
-0.436240
-0.588719
-0.128805
-0.243370
0.107996
-0.136276
-0.152940
0.108451
-0.194277
-0.100124
-0.223346
-0.191235
0.171535
-0.067380
1.076105
-0.143293
-0.295083
-0.141459
0.238666
0.000000
0.296556
-0.237489
-0.122248
-0.101221
-0.011240
0.000000
-0.008919
1.089135
-1.073570
0.072960
-0.170972
0.266566
0.053846
-0.028096
0.075199
0.217662
-0.113789
-0.050381
0.053846
-0.096891
0.000000
0.217662
0.717209
0.532327
0.000000
-1.386240
-0.003458
-0.137016
0.494081
0.019311
0.000000
0.000000
-0.250888
0.377159
0.118098
0.106215
-0.053622
-0.164078
0.020356
0.005137
-0.327607
-0.043073
-0.161940
-0.277617
-0.071884
0.161455
0.239549
0.226671
-0.010834
0.466995
-0.244439
-0.091048
-0.185726
0.656731
-0.635877
-0.243696
-0.535586
0.165266
0.284061
-0.441728
-0.154634
-0.529281
0.365203
0.026794
-0.063961
0.040217
-0.133604
-0.220644
-0.285082
0.102473
0.000000
0.413721
-0.229926
0.000000
-1.159051
0.109395
-0.126986
-0.421692
-0.209036
0.049833
0.178996
-0.441052
-0.273998
0.096202
-0.623558
0.555671
-1.007377
-0.128004
0.212430
-0.146883
-0.582625
0.439504
-0.118185
0.049833
-0.146543
0.139413
-0.380244
0.465013
-0.012878
0.063874
-0.032937
-0.136276
-0.212351
0.000000
0.000000
-0.295083
-0.256990
-0.613133
0.244981
0.000000
0.305120
-0.228291
0.254911
0.023998
-0.256146
0.270096
-0.247274
-0.078640
0.271139
0.336092
-0.237967
-0.136276
0.106215
0.000000
0.000000
-0.133296
0.373382
-0.111024
0.000000
0.000000
0.457296
-0.996224
0.000000
0.005234
0.077666
-0.351537
0.786734
0.202607
-0.218235
-0.200639
-0.828442
0.004976
-0.025596
-1.216220
-0.010006
-0.252018
-0.249932
0.065171
-0.121731
0.563156
-0.373126
-0.031270
0.000000
0.420814
0.065138
-0.114161
0.084901
0.015237
0.218683
0.153261
-0.379165
-0.888149
-0.139280
-0.872630
0.307190
-0.101872
-0.508347
-0.177256
-0.208593
-0.015518
0.115648
-0.077022
-0.287149
0.000000
-0.144004
-0.205570
-0.074221
-0.239829
0.294376
-0.121338
0.385665
0.610006
-0.063961
0.095320
-0.338984
0.086825
-0.588912
-0.099067
-1.038861
0.285551
0.495391
0.384947
0.049833
-0.026023
0.042197
-0.459074
0.367473
0.000000
-0.151247
-0.074388
0.000000
-0.389103
-0.118242
-0.197838
-0.079127
-0.140530
-0.482562
0.247605
0.133867
0.454021
0.101432
-0.009396
0.875254
-0.130478
0.000000
0.159271
-0.020701
-0.366088
-0.492126
-0.098275
0.057122
-0.762259
0.018708
-0.428734
-0.140530
0.090489
-0.223577
-0.678505
0.191931
0.307457
0.524009
-0.251712
-0.627039
-0.432793
0.084577
0.603395
-0.098345
0.265579
0.853324
0.405507
0.160702
0.081664
1.425808
0.676118
0.882989
0.261570
-0.341564
-0.185081
-0.106160
0.000000
0.173199
-0.235574
0.120539
0.760812
-0.220644
-0.753231
0.085142
-0.064945
-0.146942
-0.333780
-0.397096
-0.265432
-0.144158
-0.513887
-0.676891
-0.304249
0.135356
0.157877
0.000000
-0.220403
0.176656
0.154340
0.252737
0.104230
-0.426426
0.164472
-0.280217
-0.072575
-0.130740
-0.058777
-0.167036
-0.271544
-0.181476
-0.695025
-0.695025
0.000000
0.000000
-0.464182
0.241896
0.241896
0.055641
0.142858
-0.020548
-1.334190
-0.273998
0.075390
-0.077125
0.337394
-0.738886
-0.093029
-0.178992
0.466428
-0.016929
0.045224
0.098648
0.778022
0.000000
-0.503283
0.000000
0.748766
0.000000
0.059495
-0.325133
0.227193
-0.002060
0.000000
-0.141764
-0.352775
-0.456453
-0.087941
-0.895030
0.040935
-0.129694
-0.790483
-0.362538
0.243202
-0.593322
-0.108791
-0.597398
-0.138728
-0.173998
0.307457
0.014685
0.000000
0.392317
0.000000
0.929827
0.546815
-0.130357
0.155475
0.243596
-0.055897
-0.561764
0.015209
-0.920590
-0.107559
-0.572440
0.000000
-0.457973
0.037053
-0.291886
-0.375464
-0.507087
0.001047
0.073259
0.095840
-0.108620
-0.091366
-0.146413
0.733774
-0.239829
-0.441464
0.083450
-0.183960
0.021969
-0.638785
-0.380839
0.024521
-0.183433
0.000000
0.091564
-0.008238
0.021482
-0.189227
0.148602
0.129381
-0.351152
0.467087
-0.031717
0.112214
0.337394
-0.032952
0.000000
-0.068651
0.062862
-0.117992
0.361098
-0.114154
0.768194
0.343676
0.063120
0.270096
-0.187035
0.069782
-0.148296
-0.198504
0.676201
-0.418418
0.119648
0.568703
-0.898901
-0.984597
-0.231991
-0.198504
-0.666316
0.000000
0.293392
0.000000
-0.444169
-0.148807
0.119841
-0.058379
-0.282749
0.000000
-0.171468
0.203959
-0.114874
0.000000
-0.187035
-0.194981
-0.121547
0.000000
-0.452436
0.023998
-0.548082
0.252379
-0.956950
-0.048700
0.049428
0.095543
0.155885
0.068592
0.123022
-0.027152
-0.108839
0.000000
-0.121416
0.040028
-0.154917
0.062309
-0.097627
-0.211688
-0.080191
-0.167036
0.000000
0.159271
-0.229355
0.083214
-0.095732
0.000000
-1.161498
-0.334410
-0.136276
0.116316
0.177790
0.558660
0.317654
-0.036963
0.392317
0.657356
-0.144158
0.066237
-0.031270
0.250064
-0.133984
-0.091366
0.676599
0.000000
-0.523258
0.125383
-0.516459
0.776810
-0.050556
-0.377278
0.000000
0.280795
0.080555
-0.167036
-0.432794
0.137078
0.000000
-0.273998
-0.839287
-0.890011
-0.794388
-0.256990
-0.467087
0.065138
-0.094947
-0.140530
-0.533106
0.000000
0.297447
-0.040557
0.614382
0.063874
0.843794
0.000000
0.263500
-0.329528
-0.220644
0.167856
0.354969
-0.193743
-0.127766
-0.011397
0.272176
-0.224832
0.112327
-0.075132
0.501420
-0.101221
0.016182
-0.064092
-0.089199
-0.086589
0.000000
0.157336
-0.193020
-0.250377
0.558660
-0.023344
-0.130357
-0.312795
-0.048902
0.075782
0.049833
0.075390
-0.739146
0.172422
0.431866
-0.503303
0.331084
-0.512317
-0.281241
0.328597
-0.220882
-1.048147
0.080185
0.061575
-0.027511
-0.588995
-0.002562
0.594901
-0.237725
0.146397
-0.270153
-0.121416
0.000000
0.019311
0.296325
0.023235
0.000000
0.119965
0.244981
0.000000
-0.079950
0.497932
-0.132131
-0.374354
-0.075736
-0.417665
0.552465
0.552465
-0.116666
-0.277503
-1.576638
-0.310328
0.515050
0.252972
0.333872
0.247540
-0.246112
0.300613
0.573422
-0.051596
0.052616
0.010284
-0.093075
0.000000
-0.050146
-0.457973
0.544535
-0.295083
-0.100026
0.036555
-0.689956
-0.039543
-0.294013
1.754705
0.554020
0.203954
-0.162651
0.398858
-1.246279
-0.400021
-0.846621
-0.152530
-0.357960
-0.147213
0.001025
0.496203
0.147564
-0.201631
-0.257855
0.712254
0.656756
0.188333
-0.225625
-0.037596
0.097427
-0.081576
-0.034125
-0.034604
0.154025
0.067283
-0.357137
-0.607704
-0.360155
-0.337923
0.372281
0.365372
0.000000
-0.296487
-0.334582
0.876027
-0.329354
-0.295083
0.033483
-0.140571
-0.173719
0.000000
-0.114887
-0.334647
-0.274352
0.011217
-0.191221
0.459282
0.089849
-0.829981
0.097111
-0.226567
0.358434
-0.272496
0.495229
-0.150982
0.000000
0.247528
0.075199
0.061921
-0.063961
-0.028256
0.044587
-0.002388
-0.184547
-0.003049
-0.564344
0.065023
-0.121547
0.195778
0.000000
-0.682560
0.000000
-0.017299
-0.149107
0.024762
0.780303
-0.239765
-0.237725
-0.338247
-0.821055
-0.487148
-0.331992
0.028433
-0.183472
-0.109845
-0.316877
0.714126
-0.184259
0.017233
-0.147213
0.107894
0.142209
-0.034125
0.158542
-0.051596
1.233472
0.460901
-0.024905
2.824012
0.009241
0.020557
0.193338
-0.155457
-0.315848
-0.108875
-0.132873
-0.075683
0.312945
-0.168044
0.371477
-0.093075
-0.157383
0.290106
-0.238157
-0.038076
-0.167036
-0.111024
0.647205
0.392527
-0.136899
1.340288
-0.220392
0.362400
0.284061
-0.185726
0.020666
1.046039
0.261132
-0.074885
0.048361
-0.265871
-0.250316
-0.408840
-0.301487
0.133686
0.148813
0.000000
-0.403479
-0.220494
0.078157
-0.446630
-0.050381
0.068361
-0.183465
0.000000
0.299950
-0.093482
0.424628
0.142640
-0.170939
0.238666
0.098114
0.695640
0.097111
0.153435
-0.011240
0.489374
-0.009027
0.475237
0.069900
0.305978
0.536433
-0.585349
0.000000
0.000000
-0.599214
-0.047639
-0.050381
0.063120
0.095735
0.323448
-0.573886
-1.418844
-0.070916
0.000000
0.233965
-0.148807
0.000000
0.018005
0.000000
-0.106483
-0.121319
-0.258572
-0.385186
-0.148470
-0.063637
0.000000
-0.251189
0.198860
0.339081
-0.047146
0.584351
-0.114154
-0.405179
-0.095732
-0.042115
-0.050931
0.000000
0.107552
0.172370
0.023998
0.000000
-0.497065
0.379262
-0.106143
-0.190734
0.287885
-0.193071
-0.063961
0.005234
-0.005941
0.487038
0.005737
-0.028697
0.000000
-0.259565
0.153435
-0.031270
0.789651
-0.281834
0.104230
0.674405
-0.096340
-0.154917
0.158615
0.000000
0.360120
0.185743
-0.106483
-0.045101
-0.238990
0.383934
0.392527
-0.251189
0.377159
1.456385
-0.366088
0.000000
0.000000
-1.218711
0.102779
0.184165
0.896214
0.015209
-0.150106
0.092568
0.342506
0.145015
0.021311
-0.628223
0.000000
-0.869452
-1.013919
0.038143
-0.118259
-0.175673
0.283069
0.020928
-0.491542
-0.064789
0.276431
-0.171339
0.000000
-0.097627
0.172370
0.021311
0.044587
0.287128
0.000000
0.142640
-0.719007
-0.003296
-0.439790
-0.457973
0.442542
-0.039192
0.061442
0.327996
0.320238
-0.256984
0.957987
0.223527
0.271139
-0.072316
-0.072316
-0.189227
-0.587391
-0.269980
0.242771
0.000000
0.000000
0.000000
0.015227
0.022020
0.033831
0.116800
0.000000
0.000000
0.022325
-1.564803
-0.417665
0.179385
-0.270153
-0.413226
-0.301246
-0.130695
-0.106143
-0.114453
-0.535586
-0.490002
0.285551
-0.088675
-0.334410
-0.677627
0.116450
0.386447
0.181845
-0.121547
0.137303
0.331084
0.753265
0.307924
0.431387
-0.239955
-0.275983
0.413721
0.291925
-0.853226
-0.194812
-0.065132
-0.042115
0.000000
-0.274352
-0.506602
-0.059855
-1.543266
0.129443
0.038843
0.261171
0.065705
0.121871
0.103462
0.016836
0.065333
-0.415446
0.768226
-0.058886
-0.552882
0.000000
0.095390
0.485916
0.786734
-0.014879
0.559471
0.078157
-0.033401
0.242105
0.117370
-0.103619
0.206903
0.303322
-0.537145
0.014488
0.481088
0.625285
-0.772322
-0.421717
-0.172320
-0.312629
0.297447
-0.582169
-1.011766
0.470627
0.116874
-0.111024
0.043168
0.783922
0.684286
0.000000
-0.159212
0.027821
-0.366088
-0.490525
0.313257
-0.296793
0.574089
0.337118
0.258025
0.030384
-0.101143
0.287588
-0.184671
-0.106483
0.994156
-0.111024
0.083450
-0.279007
0.275430
-0.263559
0.062206
0.018005
-1.355261
-0.226040
0.383165
0.070524
0.600529
1.165376
1.009547
-0.287131
-0.197032
-0.013297
-0.117941
-0.064926
-0.082243
-0.004229
-0.072847
0.194920
-0.591989
0.022281
0.000000
0.412990
-0.220392
-0.067859
-0.496994
0.725299
0.384947
0.000000
-0.313000
-0.258464
0.496669
-0.397399
0.639579
-0.190767
-0.125891
-0.030233
0.675028
0.003974
0.350163
-0.149107
0.134124
0.343676
-0.192087
0.228888
-0.512454
-0.606261
-0.363519
-0.292730
-0.356022
-0.160046
0.063120
0.924587
-0.052235
0.133132
-0.350681
0.579006
0.109804
0.510762
0.047878
-0.076977
0.116874
-0.142306
0.154265
0.093939
0.123579
-0.005472
-0.313222
0.122551
0.064187
-0.262143
0.198327
0.558660
0.238666
0.000000
0.364572
0.132438
0.002405
0.935443
0.254549
-0.219586
0.000000
-0.017299
-0.251840
0.291027
0.424218
0.236081
0.000000
-0.678715
-0.226040
0.000000
-0.282476
-0.362330
-0.076876
-0.142306
-0.359759
0.726267
0.024277
0.068357
-0.114444
0.038144
-0.130193
0.060200
-0.015779
-0.310364
-0.069612
0.203362
0.412645
0.000000
-0.043490
0.000000
0.464527
-0.281821
-0.466006
-0.309844
0.129009
-0.063961
-0.111520
0.689389
0.009807
0.436778
0.000000
0.000000
0.053133
-0.074784
0.284061
0.098821
-0.128805
0.052595
0.323448
-0.073716
0.420814
0.036206
-0.018246
-0.223346
0.212430
-0.113673
-0.254202
0.376555
0.092568
0.429526
0.110370
0.110370
-0.037618
-0.043824
-1.151069
0.613067
0.377876
-0.338984
-0.010491
0.464527
0.085891
0.000000
0.274769
-0.243109
0.011464
-0.317763
0.193828
-1.424914
0.086766
0.304858
-0.500822
0.000000
0.095897
-0.096891
-0.101221
0.163576
-0.084171
-0.287149
-0.168507
-0.488283
-0.200489
0.121697
0.412872
-0.058627
-0.068734
0.000000
0.228833
-0.288347
-0.051891
0.115113
-0.129310
0.016793
0.313397
-0.012966
-0.627730
0.228107
-0.703281
0.000000
0.021311
-0.687786
0.518660
0.084876
0.293377
0.569313
-0.515931
0.116273
0.095249
-0.312236
-0.181062
-0.119413
-0.835016
-0.033792
-0.350224
-0.417665
-0.565852
-0.491691
0.456346
0.008199
-0.848493
0.068358
-0.267855
0.000000
-0.815796
-0.131311
-0.548082
0.000000
-0.161211
-0.807690
0.000000
-0.810583
0.309334
-0.327607
-0.037186
-0.276090
-0.180342
0.989297
-0.273998
-0.451908
-0.548082
-0.136990
-0.420758
-0.354026
0.612913
0.204312
-0.226575
-0.410580
-0.156740
0.132235
-0.525497
1.389549
-0.048902
0.163576
-0.188364
0.005512
0.212430
-0.340736
-0.407919
0.072274
-0.014674
-0.601835
-0.258442
0.011200
-0.342213
-0.027511
0.379341
-0.016389
0.123022
-0.529338
-0.063894
-0.622723
-0.120402
-0.112372
-0.312629
0.551229
-0.163192
-1.355189
0.022020
-0.589543
-0.212351
0.529499
-0.014674
0.522050
0.044660
-0.167620
-0.079950
-0.098020
0.084901
0.526654
0.071227
0.075782
0.550555
0.172383
0.496181
-0.726243
-0.268209
-0.366503
0.141436
-0.493498
0.168643
-0.491350
0.000000
-0.628961
-0.196713
-0.008919
0.108694
-0.363286
0.000000
0.392883
0.155442
-1.555071
0.023976
-0.251919
0.118731
0.186972
0.277682
-0.367089
-0.456073
0.300625
-0.921453
-0.185899
0.172825
-0.047106
0.228833
0.171639
-0.482033
-0.251056
-0.163441
-0.149974
-0.471280
0.053694
-0.189207
0.000000
-0.100004
0.198267
-0.521362
0.204526
-0.416281
0.370007
-0.279999
0.358159
0.107404
0.630921
0.000000
0.156929
-0.780112
-0.163528
-0.651624
0.205338
-0.356022
0.306050
0.055641
-1.405977
-0.064731
-0.500053
0.000065
-0.004288
-0.038026
-0.168507
0.013260
-0.380531
-0.479954
-0.082190
0.156370
0.500058
0.247810
0.573422
-0.062062
-0.467873
0.042905
-0.269980
0.000000
-0.592125
0.000000
0.219649
0.086822
-0.034125
-0.510165
0.165662
0.301382
0.449782
-0.003460
0.000000
-0.357145
0.052342
-0.280217
0.000000
0.304257
0.064595
0.731265
-0.155327
-0.298139
-0.305397
0.090996
-0.256983
0.000000
0.336375
0.160221
0.542215
-0.436925
0.118098
-0.270506
-0.001588
0.256881
0.481804
0.000000
0.053423
-0.034542
0.366098
-0.488741
-0.140631
-0.139585
-0.220644
-0.594465
-0.344194
0.203362
0.257757
0.205180
0.133113
0.066069
0.038994
0.276459
0.162124
-0.428969
-0.426108
0.091461
-0.241845
-0.227624
0.186050
-0.059921
0.031186
0.260100
0.731483
-0.437593
-0.162264
-0.062873
-0.502537
0.031381
0.315292
0.052780
-0.613350
-1.260448
0.320300
-0.595200
-0.045636
-0.312887
0.321400
0.000000
0.270096
0.031170
-0.023653
-0.146942
-0.162651
0.307190
-1.018516
0.820548
0.238163
0.755405
0.000000
-0.167036
-0.083902
0.201568
-0.051175
-0.044512
0.470610
-0.312629
0.244163
-0.230790
1.124917
0.657356
0.000000
0.395824
-0.013461
-0.099574
-0.420804
-0.450217
-1.258709
0.244981
-0.031926
-0.327607
-0.181476
0.244163
-0.280616
-0.154840
-0.340736
-0.295226
0.342506
-0.538978
-0.162321
-0.846484
-0.272003
0.005552
0.091189
0.000000
0.190637
-0.475326
-0.294261
-0.043490
-0.631479
-0.963328
-0.227062
0.049833
0.349895
0.212577
-0.027511
-0.095732
-0.305175
0.211305
-0.096677
0.077756
0.233965
0.205903
0.065759
-0.090592
-0.482033
0.282099
-0.167036
-0.027829
-0.755089
0.244981
-0.131885
0.298772
-0.112410
0.264139
0.000000
0.159995
-0.270540
-0.086585
-0.414095
0.025552
-0.008919
0.080213
-0.675489
-0.460956
-0.864755
-0.074888
0.010987
-0.342274
0.162167
-0.293826
-0.443072
-0.439665
0.080185
0.129575
0.737806
-0.945953
0.376555
-0.058627
-0.139726
-0.783343
0.121697
-0.290994
-0.268209
0.007244
-0.269884
-0.263559
-0.308404
0.000000
-0.136893
-0.349133
0.596107
-0.508519
0.004976
-0.736245
0.346350
-0.543448
0.379262
-0.585706
-0.836514
-0.389406
-0.009570
-0.108620
0.000000
-0.279018
0.020378
-0.223346
0.121372
0.808882
-0.215975
0.000000
-0.341254
0.397046
-0.722525
0.000000
0.511129
0.076565
0.182058
-0.017056
0.218683
-0.144004
0.357048
-0.214826
-0.510485
-0.266428
0.121697
-0.739555
0.160479
0.060917
-0.720494
-0.027623
0.000000
0.090394
0.038267
-0.137855
0.275182
0.305429
-0.169513
0.801792
-0.309008
-0.262546
-0.309451
-1.523440
-0.491231
0.223527
-0.144158
-1.323368
-0.726972
0.453612
0.494987
0.000000
-0.839538
-0.097627
-0.049180
0.830878
0.045224
-0.304400
-0.401702
-0.151371
0.000000
-0.024858
0.020557
-0.744028
-1.193286
-0.063919
-0.135417
0.226180
-0.219234
-0.319898
0.709245
0.006890
-0.422319
0.762023
0.052616
-0.513887
0.244163
0.023998
0.135356
-0.299624
0.083214
-0.348138
0.576145
0.492872
0.228069
-0.181223
-0.546488
0.135671
0.114426
0.344925
0.260292
-0.328519
0.287831
-0.294751
0.604432
-0.020393
-0.212092
-0.026211
0.160992
-0.227107
0.000000
0.167131
-0.020548
-0.213940
0.000000
0.000000
0.442429
-0.383637
0.159935
0.089591
-0.530791
0.015856
0.015856
0.015856
0.000000
-0.724951
0.112327
-1.383042
-0.565200
-0.253450
0.062309
-0.009570
-0.163811
-0.006038
-0.580245
-0.037186
0.000000
-0.189937
-0.272648
-0.405574
0.432633
0.000000
-0.086708
0.191786
0.421668
-0.439790
-0.366503
-0.023653
0.000000
0.000000
0.000000
0.000000
0.000000
-0.279026
0.304620
-0.504561
0.000000
0.131575
-0.091048
0.203821
0.303664
0.188333
-0.748401
0.649250
0.390687
-0.003833
1.291134
0.228745
0.000000
0.000000
0.148711
0.081823
0.165444
-0.243350
-0.011063
0.102413
-0.422154
0.091461
-0.719605
-0.051596
-0.398957
0.628733
0.000000
0.173641
1.024671
-0.382398
0.346251
0.079861
0.005552
0.154847
0.089201
-0.327933
0.121651
0.343727
0.147564
-0.114962
0.618375
-0.227067
0.109724
0.115787
-0.147213
0.160479
-0.604661
0.254397
-0.061153
-0.130357
-0.512317
0.928210
0.045837
0.134738
0.475251
0.132938
0.121697
0.607227
0.735987
-0.310246
0.233965
0.200162
-0.094947
0.216175
-0.045101
-0.139500
-0.000815
-0.271970
-0.266204
-0.208408
0.027244
-0.522334
0.003974
0.024873
0.023976
1.139970
-0.091048
0.098114
-0.277617
-0.098884
0.232562
0.160788
0.241056
-0.512581
-0.689381
-0.357271
-0.037420
-0.099849
-0.072472
-0.194902
0.198336
-0.037777
0.073171
-0.603893
-0.151010
0.618212
0.098114
0.055641
-0.174500
0.100472
-0.094947
-0.064789
0.247577
0.594664
-0.227493
-0.232239
-0.051891
0.002405
-0.338984
0.000000
-1.349558
0.224217
0.312945
0.167824
0.114071
0.032875
-0.511696
0.586260
-0.330528
0.378479
-0.397081
0.607050
-0.679887
0.103992
-0.081164
0.000000
0.202607
-0.185618
-0.985766
0.347882
-0.007594
0.274769
0.000000
-0.252558
0.117816
-0.145325
-0.823510
-0.154634
0.139289
0.000000
-0.376908
-0.346047
-0.050381
0.270096
0.837403
-0.064400
-0.023653
-0.382155
-0.547750
0.340688
0.000000
-0.293605
0.770200
-0.477561
-0.117992
-0.017056
0.407034
0.518707
0.179385
-0.423280
0.237711
-0.315732
-0.413254
-0.117967
-0.477242
0.356743
0.599545
0.109024
-0.145325
0.587385
-0.026023
-0.004229
-0.004229
-0.023653
0.447601
-0.359275
-0.591792
0.110370
-0.583750
-0.032745
0.611669
0.095516
0.229787
-0.353691
0.427965
-0.039192
0.313147
-0.145273
0.304858
-0.752365
-0.057059
0.107894
-0.335495
-0.139500
0.316608
-0.052167
-0.385933
0.321421
-0.094947
-0.001778
-0.250316
-0.065132
0.433325
0.282088
0.579428
0.000000
-0.268209
-0.191234
0.212577
0.437436
0.123932
0.382122
-0.482562
-0.233157
-0.106160
-0.288867
0.419401
-0.041898
0.000000
-0.404233
0.000000
0.695640
0.015237
0.206903
-0.062062
0.124899
-0.240081
-0.137855
0.118858
-0.767996
0.262490
0.021311
0.009489
0.346524
-0.269001
-0.192087
0.042752
-0.305175
-0.251189
0.219649
-0.332302
0.137172
0.093675
-0.219586
-0.281593
-0.363182
0.000000
-0.162374
0.031170
-0.551066
-0.851968
0.407642
0.362400
-0.161367
0.045071
0.506246
0.080766
-0.369330
0.123932
-0.359534
-0.115282
-0.026398
-0.228291
0.000000
-0.217755
0.319286
-0.223181
0.600751
-0.349684
0.277682
-0.266428
-0.009396
0.534661
0.424218
-0.150982
0.148813
-0.217409
0.000000
-0.328050
-0.426108
-0.270153
-0.043299
0.883204
0.042948
-0.429954
0.212577
-0.166314
-0.208408
-0.151247
0.203821
-0.451908
-0.133134
0.312945
0.000000
0.291027
-0.260319
-0.136276
0.675028
-0.452490
0.369547
-0.171795
1.083616
-0.121601
0.191931
-0.011240
-0.060523
-0.398079
-0.116932
-0.013988
0.295954
0.217662
0.334773
0.771021
-0.192087
0.000000
0.095320
0.591840
-0.114444
0.064595
0.505292
-0.226567
-0.443655
0.021596
0.088793
-0.656525
-0.310364
-0.647445
0.218305
0.018005
0.020928
-0.058777
0.653154
-0.436020
-0.015570
0.614418
-0.086589
0.000000
-0.109444
-0.084171
0.144956
-0.203631
0.061082
0.424358
0.342301
0.165444
-0.303143
-0.490920
-0.162321
-0.162726
0.000000
0.000000
-0.208096
-0.146090
-0.070902
0.172383
0.083214
0.508097
0.000000
0.049833
-0.131229
-0.242339
-1.005908
0.165444
-0.466024
0.009860
-0.099394
2.544536
-0.313329
-0.338365
-0.138893
-0.500822
0.000589
-0.099067
-0.356125
0.407623
0.019396
-0.405713
-0.009783
-0.009783
0.075251
0.518707
0.470627
-0.253450
0.212184
0.010987
0.000000
0.292711
0.217049
0.457296
-0.037159
-0.208274
0.155475
-0.415549
0.098671
0.413721
-0.101705
0.000000
-0.251189
0.438968
-0.366761
-0.096034
-0.762818
0.000000
1.088543
0.075199
0.072274
-0.336310
0.652996
0.085833
0.467174
1.190099
-0.277374
0.024307
-0.013669
-0.167036
0.053423
0.013785
-0.424212
-0.013743
-0.076840
0.086822
-0.450288
-0.210716
0.095929
-0.219347
-0.722525
-0.231933
-0.582785
-0.004570
0.000000
-0.017244
0.132352
-0.212351
-0.187571
-0.031270
0.283069
-0.274352
-0.081285
0.636931
-0.418220
0.140438
-0.367026
0.465013
-0.266539
0.310092
-0.173719
0.459282
-0.838730
0.021278
0.153435
0.085833
0.000000
-0.843731
-0.756773
-0.021376
0.474750
-0.036665
0.099353
-0.427324
0.883056
-0.113673
-0.685886
-0.452507
-0.073964
-0.624902
-0.592065
1.534077
0.525233
0.165444
0.176713
-0.082190
-0.172180
0.947549
-0.434477
-0.313540
-0.037864
0.000000
-0.262143
-0.447540
0.289741
-0.312887
0.000000
0.096997
-0.037618
1.106068
0.007167
-0.009570
-0.129902
0.015099
-0.139363
0.444026
0.264139
0.600669
0.256143
-0.100026
-0.293564
-0.524631
0.216175
-0.240896
0.093675
0.188157
-0.161940
0.070557
0.137348
-0.308115
0.041887
-0.280217
0.191931
-0.327933
0.088793
0.093939
0.126354
0.000000
-0.048063
-0.394992
0.139413
0.164472
-0.455462
-0.584902
0.034544
-0.079950
-0.077204
0.042508
0.000000
0.000000
0.104104
-0.198686
-0.170317
-0.055633
-0.195067
-0.592057
0.049824
0.482470
-0.130357
0.000000
-0.251712
0.489284
-0.505740
-0.184587
0.404350
-0.089199
-0.538841
-0.650649
0.075199
-0.070359
0.092955
0.000000
-0.274352
-0.107270
-0.603894
-0.091048
0.081823
-0.166541
0.111598
0.000000
0.301741
0.501077
-0.060457
0.000000
0.182712
-0.199456
0.024873
-0.441799
-0.023904
0.114175
-0.329242
-0.027152
-0.592125
0.268836
-0.026678
-0.191234
-0.226040
0.311776
-0.070179
-0.385876
0.032883
-0.070169
0.273391
0.546992
0.114426
-0.265897
0.482847
0.128728
0.167131
0.000000
0.464878
-1.318199
-0.342213
-0.022743
0.009520
-0.745521
-1.829205
-1.428339
-0.097531
-0.097531
-0.189207
0.594901
-0.148470
0.546815
0.115803
-1.134774
0.489284
1.995821
0.051260
0.667988
0.406909
-0.178035
-0.226040
-0.519842
0.295954
0.000000
0.006768
0.173641
-0.133508
-0.239184
-1.175456
-0.113689
-0.333713
-0.804058
-0.415668
0.396638
-0.109620
-0.165617
0.027187
0.060917
-0.070916
0.618690
-0.086585
-0.316674
1.693510
-0.366088
-0.109845
-0.334563
0.083450
-0.191235
-0.464399
0.665239
0.285551
-0.753209
0.430983
-0.509579
0.000000
0.223527
-0.382271
0.024521
0.218821
0.000000
-0.428931
-0.008744
-0.717920
-0.762015
-0.083068
0.094501
0.590171
0.874645
0.291027
0.213051
0.261165
0.223516
0.118098
0.482826
0.319780
0.000000
-0.142878
0.029799
-0.229677
-0.024720
-0.316418
-0.250648
0.282088
-0.749965
0.000000
-0.416678
0.000383
-0.796342
0.151350
-0.028931
-0.116540
0.075199
-0.116563
-0.429550
-0.388367
-0.204781
0.103992
0.002405
0.078157
0.116941
0.226868
-0.420770
0.159321
-0.210716
-0.850123
0.363484
0.074080
0.255503
0.203959
0.000000
-0.278807
0.841629
-0.155391
0.118182
-0.364851
-0.148470
0.053021
0.439504
-0.137067
-0.281834
0.037053
-0.468611
0.001025
-0.459098
-0.294662
0.980571
0.000000
-0.042115
-0.000198
0.240333
-0.369184
0.141436
0.400478
-0.087297
0.038143
0.031170
0.116246
0.247577
-0.004416
-0.522897
-0.184477
0.098571
0.047878
0.288931
0.000000
0.788567
-0.441165
0.007734
0.386524
-0.119557
0.094560
-0.096677
0.240643
-0.257773
-0.163528
-0.433643
-0.417919
-0.327933
0.817888
-0.271544
0.000000
0.051705
-0.118738
0.191931
-0.004416
-0.496348
-0.312887
0.063144
0.186553
0.188153
-0.189035
0.319037
-0.333829
-0.336573
0.605755
0.000000
-0.363182
0.000000
0.009489
0.046607
0.046607
-0.206811
-0.313222
-0.200489
-0.179888
-0.117967
-0.194812
0.175813
0.000000
-0.579715
-0.086589
-0.031023
-0.315820
-0.106143
-0.635111
-0.168480
0.000000
-0.050556
0.442542
-0.163528
0.000000
0.000000
-0.768691
-0.383250
-0.536495
0.516959
0.329269
-0.098718
-0.538841
-0.848493
0.773644
-0.153452
-1.090926
0.030136
-0.114444
0.244077
0.149629
0.059495
-0.994762
-0.048063
0.002405
-0.063961
-0.258005
-0.851968
0.457296
-0.082871
0.036392
-0.101221
-0.062873
0.757029
-0.492157
-0.210716
0.285551
0.117811
-0.094947
-0.599703
-0.418220
0.289503
0.083214
0.000000
0.346350
-0.081576
-0.077042
0.014879
0.030384
-0.183960
0.020928
-0.431616
0.186059
0.678582
0.203959
-0.264958
0.000000
-0.327537
-0.218235
0.075532
0.018100
-0.543258
0.247577
0.116941
0.735673
-0.198504
-0.013461
-0.601320
-0.170972
-0.772100
-0.389261
-0.527868
0.307457
-0.955845
0.019396
0.018000
0.046685
-0.050628
-0.064731
-0.101221
-0.288919
-0.898150
-0.026769
-0.793593
0.172383
0.000000
0.827824
-0.545277
1.771662
0.185700
0.153435
0.062491
-1.096730
-0.585197
0.460284
-0.065132
0.116258
0.327996
0.049833
-0.191816
1.021147
0.511363
0.418641
-0.093675
-0.046395
0.494987
-0.775310
-1.517981
-0.026769
0.109804
-0.457512
0.121371
0.139413
1.190099
-0.170939
0.000054
0.000000
-0.176518
-0.604603
0.144603
-0.851968
-0.000385
-0.144848
0.060917
0.322097
0.158615
0.014657
-0.109529
0.304488
0.069782
0.014207
-0.181158
-0.178290
0.156929
-0.116614
-0.581719
0.000000
-0.051596
-0.109932
-0.181158
-0.009229
0.856100
0.106439
0.121371
0.148868
0.003892
-0.066473
-0.109845
-0.100124
-0.543448
-0.139166
-0.258598
-0.608599
-0.141459
-0.294662
-0.398472
-0.067949
-0.035605
-0.257555
-0.468244
-0.602512
0.095735
-0.198504
-0.425612
-0.500563
0.000000
0.121412
-0.497065
-0.497065
-0.497065
0.560207
0.320300
0.310871
0.420814
0.119841
-0.183465
-0.807882
-1.196118
0.388769
0.000000
-0.011063
0.086766
-0.748668
-0.162651
-0.148470
-0.387688
0.392527
-0.201521
-0.070179
-0.181220
-0.030753
0.319126
0.097552
-0.589543
-0.589543
-0.189035
0.000000
0.000000
-1.238248
-0.139166
0.000000
0.235503
0.309249
-0.291044
0.691372
0.000000
0.010987
0.959903
0.198327
0.198327
0.165266
-0.469581
0.215286
-0.208593
0.036555
0.006942
-0.220644
-0.133134
0.000000
0.086766
0.014879
1.052502
-0.146161
0.307457
-0.220644
0.198336
0.454420
0.000000
0.000000
-0.636874
0.181845
-0.342274
0.020557
-0.334410
0.100801
-0.137016
0.031170
1.128404
0.052342
-0.114453
0.034447
0.120816
-0.088840
-0.088840
-0.180742
0.246112
0.180341
-0.042495
0.237041
0.804245
-0.512897
0.494272
0.203032
-0.390285
-0.042115
-0.150979
0.534661
0.303664
-0.031270
0.193137
0.682973
-0.065752
0.000000
-0.296219
0.635934
-1.801901
-0.231478
-0.400557
0.169079
0.195020
-0.094947
-0.350471
-0.355320
-0.191003
0.634551
0.000000
-0.227299
0.487714
0.000000
-0.108620
0.045071
-0.188858
0.674405
-0.285082
-0.015881
0.000000
-0.061119
-0.000198
-0.274352
0.010284
0.000000
-0.082190
-0.370499
0.284473
-0.743043
0.066275
0.000000
-0.583085
0.000000
0.000000
-0.023344
-0.305175
-0.154634
-0.752365
-0.550022
0.032875
0.103760
-0.796342
0.614627
0.129575
0.000000
0.000000
0.095735
-0.253493
-0.031270
0.522644
-0.100026
-0.307219
-0.045101
0.000000
-0.016929
0.078536
-0.967135
0.098323
0.001025
-0.179888
-0.073342
0.121651
0.121651
0.000000
0.307924
0.465938
-0.953879
-0.401448
0.000000
0.072274
-0.529607
-0.139166
-0.130628
-0.258005
0.142858
0.277833
0.233965
-0.020177
0.129215
-0.070902
0.118858
0.186972
-0.281121
0.516317
-0.048063
-0.051596
0.099353
-0.133134
-0.459074
-0.003012
-0.263382
0.154527
0.276431
-0.295083
-0.062984
1.094604
0.007142
0.000000
0.095866
0.520759
0.081823
0.081823
0.195020
0.352209
-0.074221
-0.133604
0.095735
0.247577
0.016639
-0.193840
0.177771
-0.330179
-0.527705
-0.027152
-0.378399
0.087897
0.123022
0.949929
-0.293605
-0.129829
0.192863
0.591840
0.068357
-0.198845
-0.083902
-0.165046
-0.352504
0.000000
1.347918
-1.365168
-0.408840
0.000000
0.000000
0.000000
0.051428
-0.532890
-0.189207
0.312196
0.316889
0.030797
0.124354
-0.027623
0.140734
0.148813
-0.015518
-0.804058
0.000000
-0.114444
0.667792
-0.292375
-0.159212
0.651801
0.033707
0.000000
-0.114444
-0.077042
-0.454965
-0.719777
0.507745
0.215286
-0.369330
0.147372
0.000000
0.327289
-0.087280
-0.791846
-0.276090
0.573422
0.243596
0.053694
-0.505727
-0.165415
0.085833
0.366271
0.003974
0.075782
0.392527
-0.817182
0.594120
-0.032056
-0.555653
-0.815609
-0.097870
0.155475
0.281300
0.075390
-0.436240
0.323002
-0.173719
-0.231933
0.032875
0.109724
-0.064972
0.586322
0.160479
0.000000
-0.271970
0.593258
-0.718576
-0.041949
0.002405
-0.222435
-0.565716
-0.009027
-0.266428
-0.048063
0.000000
0.169310
0.109724
0.000000
-0.080019
-0.161940
0.000000
0.000000
0.000000
-0.009396
-0.289146
-0.076255
0.074951
-0.058379
-0.058379
0.146370
-0.267055
0.000000
0.000000
0.091461
-0.380549
-0.178503
-0.052235
0.295954
-0.058379
0.370411
0.000000
0.569839
-0.112068
0.000000
-0.162321
-0.169180
0.221223
-0.164050
-0.003792
-0.427658
-0.369362
-0.064945
0.204735
-0.375464
-0.511514
0.584137
1.041188
0.303322
-0.484081
0.053423
-0.137614
0.490893
0.000000
0.097111
-0.312194
0.021311
-0.139166
0.000000
-0.000424
-0.036831
0.278808
0.483543
-0.144884
0.029574
-0.260099
-0.963196
0.034544
0.461550
0.210514
0.313540
-0.666316
0.347445
-0.439883
0.684412
0.667988
0.667988
-0.538978
-0.002562
0.169341
0.099353
0.355951
-0.536277
-0.363258
0.000000
-0.659472
0.051705
0.176973
-0.293605
0.342506
-0.047882
-0.081576
0.069900
0.222781
-0.050931
0.115357
-0.178992
0.033600
-0.137855
-0.116540
0.083450
-0.171120
0.000000
0.040436
-1.064325
-0.548628
0.190637
1.006413
0.470373
0.491900
0.045130
0.000000
0.635048
-0.392331
0.000000
0.233702
-0.519653
0.430229
-0.973333
-0.212857
0.069836
0.068443
0.119841
-0.689368
-0.851968
0.175365
0.137303
0.297447
1.341724
-0.907074
-0.726511
-0.676328
0.184207
0.000000
0.355626
0.855178
-0.294662
0.210495
0.420316
-0.284690
-0.284690
-0.836260
0.015856
-0.753209
-0.753209
-0.541137
-2.271238
-0.009347
-0.070179
0.310874
0.098344
0.000000
0.045130
0.214621
0.212577
0.410094
0.085833
-0.182701
0.038143
-1.092741
0.103992
-0.015570
-0.028018
0.392116
-0.253450
-0.140012
-0.482183
0.054421
-0.011240
-0.128528
0.020557
0.089849
-0.210716
-1.115800
-0.002562
0.038144
-0.187035
0.040436
0.100801
0.889222
-0.165415
0.490402
-0.292375
0.007734
0.173199
-0.073352
0.277833
-0.437516
-0.029975
-0.332302
0.327996
-0.363182
-0.915069
-0.133139
-0.131311
0.009489
-0.648209
0.467928
-0.477166
-0.540961
0.160479
0.023976
0.020928
-0.260633
0.186059
0.360120
-0.510365
0.856090
0.607100
0.386447
0.100472
0.059586
0.049824
0.000000
0.435080
0.083094
-0.257944
0.464527
0.080185
-0.139280
-0.062873
-0.537729
0.031404
0.000000
0.512998
-0.093075
-0.361958
-0.121548
-0.192945
-0.283527
0.204786
-0.543824
0.614265
-0.348996
0.305113
0.182149
-0.348966
-0.378591
-0.358699
0.090394
0.406700
-1.087842
-0.060884
0.337394
0.501343
0.282506
0.044002
0.270096
-0.005472
-0.081576
-0.022922
-0.019096
-0.212785
-0.369184
-0.225975
0.178786
-0.221966
0.016967
-0.148253
-0.105966
0.324545
-0.131311
1.307607
0.103760
-0.086917
0.423597
-0.040651
0.180341
-0.268254
0.127598
0.218960
0.657356
1.506250
0.393191
-0.139500
0.281696
0.000000
-0.312629
0.534661
-0.208096
0.000000
-0.004103
0.365372
0.023998
-0.471535
-0.518495
0.000000
0.068488
0.366271
0.284110
0.000000
0.117485
-0.366926
0.243596
0.000000
-0.846422
-0.846422
0.045998
1.147552
-0.050361
-0.067035
-0.032089
-0.091366
-0.295942
-0.099849
-0.235522
0.223049
-0.038407
-0.239829
0.000000
0.360437
-0.205881
0.726174
0.013616
-0.023344
0.284110
0.254777
-0.192263
-0.143293
-0.077042
-0.258738
0.000000
0.237163
0.118098
-0.397081
-0.168507
0.110957
-0.014674
-0.706469
0.484024
-0.122325
0.156953
-0.719753
0.000000
-0.110681
0.623893
0.892935
0.075390
-0.079950
0.019309
0.086822
-0.073716
0.000000
0.047878
-0.276778
0.003942
-0.050381
0.559471
-0.313222
-0.305459
0.109804
-0.421806
0.272339
-0.074885
0.000000
0.074951
0.139289
0.172370
0.574089
0.334644
0.301410
-0.117941
0.287410
0.049824
-0.148708
-0.148708
0.121372
-0.041026
0.338946
-0.454388
-0.049395
0.278808
-0.166174
0.139463
0.064595
-0.608314
-0.004103
0.247975
0.664554
0.107486
0.447921
-0.137855
-0.342274
0.129575
0.095320
0.178786
-0.486400
0.161455
0.237163
0.074100
0.628893
0.247577
-0.139500
0.016987
-0.494146
-0.815885
-0.014989
0.171691
0.240844
-0.198845
0.023998
0.000000
0.076409
0.297447
0.073919
0.392527
0.101355
-0.512317
1.008085
0.274496
-0.347314
-0.560829
-1.265670
0.218960
0.883204
0.000000
-0.040264
0.000000
-0.618445
-0.117992
-0.377388
-0.293397
-0.330791
-0.002562
0.421995
0.886208
0.139413
0.089849
-0.700931
-0.407710
-0.196328
0.360540
-0.487987
0.000000
0.000000
0.097427
0.200771
-0.088082
-0.110508
0.498246
0.316705
-0.543448
0.449274
-0.046665
0.000000
0.207758
0.116874
0.148813
-0.104835
-0.065132
0.029962
-0.298485
0.475251
0.212430
-0.175572
0.067643
-0.239849
0.046685
-0.187712
0.453430
0.000000
0.178302
-0.003766
0.360540
0.067643
0.492041
-0.130695
0.702189
0.535734
0.160221
-0.686602
-0.212857
0.100096
0.047878
0.475303
0.060200
0.000000
-0.213700
0.091461
-0.243232
0.297447
0.000000
0.060917
-0.805740
-0.301221
-0.028096
0.059540
-0.011240
-0.377186
0.559471
-0.239765
-0.345094
-0.067982
-0.098275
0.040900
-0.496649
-0.543448
-0.039543
-0.981292
-0.173094
0.593874
-0.660990
0.132081
0.303322
-0.496649
-0.873569
-0.079127
-0.130740
0.000000
-0.377436
0.000000
0.910252
0.030987
0.037440
0.030987
0.030987
-0.130357
0.000000
-1.273791
0.119841
0.254740
-0.218071
0.195166
0.145375
-0.209252
-0.673496
0.407143
-0.246641
0.646815
0.049833
0.120325
-0.124171
0.003974
0.176571
-0.092724
-0.084123
0.060621
0.096501
0.614265
0.021311
0.092485
-0.580338
-0.144158
0.684286
0.092485
-0.096891
-0.792962
-0.819198
-1.224965
-0.062873
-0.355545
-0.017299
0.343148
-0.477254
0.000000
0.505292
0.100472
0.000000
0.097952
0.229787
-0.545420
0.289594
-0.065715
0.217662
0.000000
0.186050
0.017190
0.000000
0.033600
-0.213324
0.880882
-1.141441
0.000000
-0.160747
-1.068031
-0.386269
0.120816
-0.279007
-0.247274
0.116800
-0.118738
0.432733
-0.160630
0.000000
0.362230
-0.110508
-0.753071
-0.010491
0.277748
0.015209
-0.810448
-0.068011
-0.772999
-0.231283
-0.276074
0.082899
-0.096340
0.218683
-0.014986
0.000000
-0.116540
-0.102259
0.212430
-0.267853
-0.025183
-0.215975
0.845455
0.392527
0.052595
0.000000
0.421088
-0.139500
-0.210716
-0.136362
0.241896
0.052595
0.099353
0.537100
0.153435
0.071841
0.464878
-0.357190
-0.108791
-0.369184
0.000000
-0.409319
0.263278
0.186371
0.694397
-0.073716
-0.840049
-0.231933
-0.436240
-0.225939
-0.360155
-0.922570
0.097414
-0.173399
0.000000
0.235805
-0.279007
1.078775
0.212577
0.030987
0.030987
0.808518
0.305644
0.169437
-0.117967
0.096501
-0.043634
-0.158830
-0.472914
0.681062
-0.015518
0.076864
0.073919
0.148813
0.045071
-0.205570
-0.205570
0.000000
0.051655
-0.370499
-0.481997
0.076541
-0.180337
0.117388
-0.114874
-0.631635
-0.042115
0.442092
0.171181
0.000000
0.147564
0.523292
0.478809
-0.303272
-0.181223
0.145937
-0.139726
-0.722525
0.442429
-0.722525
0.065814
0.224685
-0.092255
-0.138728
-0.748005
0.392527
-0.056728
0.000000
0.388165
0.247975
-0.073196
-0.400373
-0.677825
0.009728
-0.245100
-0.048063
-0.698807
-0.121319
-0.057587
-0.088746
-0.137821
0.117356
0.184165
-0.100124
0.178494
0.344750
0.217972
0.271875
0.010284
0.206767
0.120537
0.203954
0.078536
0.634166
-0.239849
0.178645
-0.017299
0.250133
0.057744
-0.145325
0.224217
-0.189207
-0.022916
-0.244439
0.233258
0.279688
-0.409606
-0.217021
-0.082871
0.451078
0.203959
-0.252032
0.151702
0.377163
0.160479
-0.183479
-0.062062
0.000000
-0.294662
-1.031659
1.094604
0.226671
-0.457147
-0.077022
0.010380
0.203559
0.089849
-0.802265
-0.212857
0.231036
-0.008329
-0.024882
0.114658
-0.409726
0.065547
0.044194
-0.725013
0.000000
-0.137067
-0.983885
-0.155118
0.427965
0.676337
-0.183465
0.090489
0.280017
0.319126
-0.144004
-0.024720
-0.483116
0.525375
-0.347773
-0.562772
-0.034125
0.075576
0.180124
-0.977778
0.043923
-0.100124
-0.111520
0.172578
0.318837
-0.185531
0.524679
-0.070916
0.454974
-0.139280
-0.041026
-0.533106
-0.301440
-0.026023
-0.436020
0.570542
0.281400
0.243596
-0.455575
-0.050381
0.211768
-0.040557
0.218960
0.063335
0.000000
-0.027623
-0.433737
0.140272
0.015237
-0.666678
0.051655
0.424359
0.046685
0.043328
-0.252582
0.392116
-0.175514
-0.058891
-0.306020
-0.397096
0.199822
-0.024816
-0.136276
0.159271
0.000000
0.205338
0.386110
0.296325
-0.284690
0.042905
0.065138
-0.105895
-0.053798
0.000000
-0.123456
-0.529019
0.709245
0.469574
0.430068
0.427243
-0.000791
0.000000
-0.292375
-0.139500
0.125833
0.052155
-0.139166
0.523292
0.307648
-0.141384
0.343513
-0.596341
-0.763335
0.068361
0.647009
0.203370
-0.491258
-0.276416
-0.262143
0.363688
0.235014
-0.189035
0.000000
0.108694
0.184552
-0.051283
-0.051283
0.198327
-0.263382
-0.519145
-0.292633
-0.064945
0.238313
0.507127
-0.714455
-0.186230
0.042508
-0.118005
-0.181124
-0.036443
-0.388598
0.425525
-0.208341
-0.169201
0.000000
-0.276371
-0.170939
-0.610943
0.534661
-0.271970
0.773644
-0.027829
-0.027829
-0.103616
0.406700
0.000000
0.133927
-0.329724
-0.457952
0.086822
0.181411
-0.087941
-0.194379
-0.087452
0.000000
-0.720538
0.094637
-0.034141
-0.470904
0.142858
0.142858
0.142858
-0.689431
-0.418220
0.065955
0.065333
-0.395876
-0.160630
0.017729
-0.086917
0.451581
-0.190767
-0.014674
-0.200489
-0.095072
0.898054
0.100030
-0.028096
-0.538841
0.154025
0.021278
-0.313475
0.000000
0.726174
0.186403
-0.276315
0.642220
0.229437
-0.252561
0.406909
-0.010834
-0.043586
0.165266
0.492041
0.226618
0.123579
-0.045636
-0.045636
0.248208
-0.015608
-0.017299
-0.209359
-0.793593
-0.003792
0.107851
-0.121533
0.099353
0.001025
0.000000
0.052677
-0.043824
0.574011
0.000000
-0.713589
-0.713589
0.861327
-0.278807
-0.206548
-0.040651
0.064810
0.095665
-0.015881
-0.373126
-0.154917
-0.151010
-0.055161
0.141436
0.000000
-0.324875
-0.313475
-0.165415
0.247605
0.317774
-0.451908
0.508097
0.000000
-0.363286
0.535977
-0.086589
-0.078234
0.345930
-0.717920
0.252449
-0.245099
0.246279
0.819185
0.118098
-0.353691
-0.080019
2.846427
0.886208
0.271139
0.284110
-0.211903
-0.518822
-0.508097
0.007142
0.842705
-1.213801
0.022325
0.148813
-0.355320
0.000000
0.062309
-0.274330
-0.165415
0.269849
0.280935
-0.719799
0.000000
-0.119413
-0.119413
0.128965
-0.456585
-0.719594
0.076864
0.150275
0.053846
-0.686490
-0.129411
-0.183960
0.247605
-0.729999
-0.401448
0.161455
-0.434898
0.670276
-0.187035
0.781235
-0.157383
0.110957
0.065171
0.000000
-0.184239
-0.239535
0.657566
0.801351
-0.154141
-0.169201
0.503340
-0.139280
0.172383
-0.083068
-0.058379
0.000000
-0.313475
0.093148
-0.181062
-0.111520
0.166300
0.075782
0.514513
0.069782
-0.073223
-0.018074
0.397046
-0.027623
0.014029
0.288954
0.132235
-0.448635
0.238666
0.000000
0.008497
0.350867
0.281993
0.369010
0.100801
-0.191302
0.000000
0.161198
0.116941
-0.292730
0.160221
-0.397460
-0.036777
0.350868
0.000000
0.000000
-0.031429
0.086461
-0.046203
0.337394
-0.283527
0.000000
0.000000
-0.114161
-0.147213
-0.367682
-0.041026
0.355589
0.000000
-0.526677
-0.526677
-0.101941
0.226671
-0.056941
0.002836
-0.117837
0.232562
-0.726905
0.068544
0.917022
0.181411
-0.904523
-0.750654
0.180019
-0.173029
-0.173029
0.283248
-0.445536
0.139289
-0.133604
0.110370
-0.117967
0.000000
0.047083
0.541696
0.380781
-0.143070
0.020569
-0.183319
-0.192087
-0.668473
0.097952
-0.162651
-0.762259
0.291925
-0.198845
-1.566510
-0.766276
0.127629
-0.117287
-0.046870
-0.145566
0.772880
0.118731
0.358159
0.060917
-0.187712
-0.271970
0.074080
-0.239955
-0.121319
-0.121319
0.000000
0.102650
-0.350657
-0.511696
-0.221284
0.316705
0.093222
-0.004253
-0.416281
-0.023653
-0.041026
0.304856
-0.198504
-0.507357
-0.017608
-0.009396
0.467174
-0.208096
0.000000
0.485008
-0.099067
-0.056047
-0.225975
0.000000
0.000000
-0.167692
0.000000
0.138718
0.293392
-0.164113
0.533971
-0.073784
0.042508
0.327996
-0.270153
0.252449
-0.046774
-0.232930
-0.660458
0.000000
0.147977
-0.386776
-0.583750
-0.196328
-0.139804
-0.338984
0.472026
0.444026
0.093939
-0.043420
0.317277
-0.455462
-0.228967
0.184552
-0.083120
0.077756
-1.440218
0.041887
0.016793
0.018100
0.325930
-0.260319
0.102779
0.062577
0.000000
0.275430
0.120325
-0.808195
0.137027
0.259775
0.174583
0.000000
-0.023653
-0.014341
0.095320
0.101355
0.132352
-0.057610
0.373280
0.331890
-0.512317
0.336640
0.024521
-0.192087
0.470627
0.358159
0.624765
-0.580622
0.018100
0.145375
-0.106160
0.975572
-0.753229
-0.447430
0.068592
0.291027
0.000000
0.252449
0.000000
0.315468
0.151350
0.173199
0.264602
0.233965
-0.220216
-0.168507
0.128965
-0.027499
-0.418273
-0.256623
0.055809
-0.271528
-0.457973
0.000000
-0.471203
0.000000
-0.031311
-0.154634
-0.552743
0.737054
0.337770
-0.315732
-0.582477
-0.338616
0.080185
-0.315732
0.180471
-0.281241
0.178786
0.021969
-0.166081
0.121412
-0.317763
0.157336
0.112327
0.296623
0.103992
-0.295761
-0.311943
0.000000
0.247527
-0.073805
0.049824
0.005552
-0.111024
-0.181476
0.277833
-0.818308
-0.025183
-0.155854
0.193486
0.000000
-0.168678
-0.009396
-0.062062
-0.003012
0.000000
0.067643
0.398878
-0.592723
0.597790
0.160221
0.195607
-0.104835
-0.023344
0.442092
0.075532
-0.028277
-0.366503
-1.146280
-0.314102
-0.222804
-0.941177
0.060200
-0.006038
-0.050931
0.439978
0.109450
0.098648
-0.183827
0.605755
-0.247399
0.100801
-0.394073
0.000000
0.020557
-0.260319
0.038144
0.190751
-0.074784
-0.061009
0.718862
-0.839287
-0.009751
-0.055153
0.284218
-0.236517
0.031087
0.053158
2.632366
-0.200572
-0.043490
-0.841046
0.029591
0.287831
1.233920
0.069836
-0.121601
-0.022054
-0.121601
-0.411052
-0.148470
-0.189207
-0.031717
-0.189207
0.001446
-0.138728
0.000000
-0.154917
-0.137855
-0.048902
0.077454
0.170774
0.047187
-0.609162
-0.540961
0.709637
-0.124537
-0.268260
0.375620
0.026125
0.158811
0.524337
0.055372
-0.103611
-0.070916
0.163576
0.336092
-0.203312
0.203954
0.063120
-0.093075
-0.212351
0.327928
-0.118738
-0.313404
0.007142
-0.485999
-0.305996
-0.143293
-0.225939
0.000000
0.169779
0.212033
-0.346231
-0.470329
0.128572
-0.207939
0.098383
-0.435284
0.918470
0.171535
0.000000
-0.280543
-0.047639
-0.183465
0.310997
-0.137855
0.014335
-0.016929
0.018000
-0.452407
0.053425
-0.496348
-0.011240
0.236088
-0.215975
-0.194981
-0.091048
0.000000
0.150357
0.166202
-0.077464
-0.049180
0.000000
-0.735946
0.000000
0.139450
-0.067203
-0.551460
-0.120719
-0.409726
0.230032
-1.542077
0.105281
0.354927
0.880882
0.162740
0.483543
0.102779
-0.083902
0.677703
-0.006038
0.010987
-1.069727
0.929827
-0.016929
-1.277003
0.117356
0.117356
-0.678505
-0.161941
-0.727630
-0.000559
-0.065132
-0.058777
0.457885
-0.276834
-0.434075
0.828733
0.185361
0.207758
-0.142306
-0.051283
0.089746
-0.140571
-0.148470
0.209353
-0.086585
-0.086585
0.115357
0.000000
-0.106160
-0.086443
-0.079127
0.689852
0.630848
0.768340
-0.070902
-0.294662
0.052595
-0.347291
0.000000
0.173199
-0.758621
-0.165415
0.025009
0.007142
0.284556
0.028496
-0.137016
0.521424
0.022694
-0.642043
0.181845
0.233965
-0.169180
0.021311
0.125190
-0.121601
0.060842
0.302183
-0.280217
-0.319950
0.000000
0.929698
-0.507008
-0.021602
-0.716650
-0.364962
0.228879
-0.246112
0.203954
-0.099851
0.014958
-0.610258
-0.355232
-0.137614
-0.095732
-1.434684
-0.042176
0.000000
-0.183042
0.171597
-0.181062
0.049910
-0.275700
-0.448620
-0.064400
0.031380
-0.546323
1.455074
-0.035179
-0.514932
-0.298766
0.206796
0.312945
0.187633
0.037440
0.406700
-0.270506
-0.139280
-0.317763
-0.065132
-0.219186
-0.093075
0.121284
-0.605569
0.259850
0.061848
-0.263406
-0.044512
0.323115
0.000000
-0.225939
0.205039
-0.272496
-0.237725
-0.466854
0.253118
0.165662
-0.029413
0.261171
-0.221189
-0.414819
-0.133604
0.016693
0.289972
0.307005
0.377159
0.244163
0.068357
-0.046203
-0.408405
0.000000
0.097111
0.106359
0.557326
0.184552
0.162030
-0.147939
0.343676
-0.858396
0.165449
3.242270
-0.629050
0.005526
-0.259565
0.002500
0.000000
0.062309
-0.097870
-0.027152
-0.424500
0.219649
0.069360
0.149728
-0.305459
0.172383
0.336092
-1.403558
-0.072814
0.305644
0.195609
-1.101252
-0.543448
-0.079122
-0.497074
0.531391
0.000383
-0.481997
-0.481997
0.040672
-0.139280
-0.184477
-0.474713
0.437527
-0.175145
0.144457
-0.045101
-0.269501
0.083267
-0.421384
0.955361
-0.929940
-0.325133
0.137031
0.643847
0.644183
-0.531194
0.000000
-0.192087
0.212577
0.096501
0.255503
0.000000
0.222110
-0.051891
0.499042
0.343676
-0.379560
-0.131311
-0.039543
0.138544
0.296623
-0.207187
0.125904
-0.611505
-0.433643
-0.219586
-0.015256
0.156929
0.075532
0.010987
-0.846422
0.048979
1.334551
0.097427
0.000000
-0.545875
-0.051596
-0.003012
-0.315820
-0.293605
-0.182701
-0.251712
0.064595
-0.998843
-0.274101
0.068592
-0.116445
-0.268209
-0.239955
-0.239955
0.475251
-0.280260
0.000000
-0.197084
0.390519
-0.084171
-0.258005
0.000000
0.102779
0.213536
0.199675
-0.378348
0.137955
-0.056941
0.341560
-0.313475
-0.081576
-0.485477
-0.348966
0.000000
0.451415
-0.049767
-0.334563
0.089746
0.322097
0.078942
-0.033401
-0.870866
-0.966129
0.272839
0.000000
-0.034604
-0.250505
0.494987
-0.215190
-0.604603
0.099539
0.000000
-0.074784
0.152334
1.092433
0.307621
0.165444
-0.131311
0.083214
0.185743
-0.336291
-0.250648
-1.518004
-0.212857
-0.293564
-0.212857
-0.320944
0.113925
0.322097
0.093222
-0.308189
-0.891499
-0.719794
0.118731
0.611292
-0.348229
0.064595
-0.070667
-0.219797
-0.059242
-0.512317
0.002263
0.184207
0.217972
0.155885
-0.293564
0.154527
-0.488283
0.053694
0.590844
-0.578485
0.609860
-0.049180
-1.046390
0.119841
-0.319686
0.095840
-0.485273
-0.099925
-0.294013
-0.666678
0.000000
-0.308733
0.454649
-0.464182
0.247975
0.100762
-0.009570
0.125605
0.091461
-0.370499
0.317466
-0.388201
0.095708
-0.283527
-0.131311
0.274732
-0.059453
-0.335495
-0.346231
0.164280
-0.064400
0.060917
-0.347291
0.343363
-0.183479
0.053133
-0.311137
0.091461
-0.475842
0.132352
0.204312
-0.077204
-0.077204
-0.037545
-0.081983
0.203370
-0.043490
0.184165
0.000000
-0.268209
-0.302830
-0.256037
-0.121601
0.296325
0.248752
0.616699
-0.199065
-0.014341
0.124354
0.124354
-0.487827
0.397046
-0.510485
0.089746
-0.229955
0.466995
-0.034125
-0.342213
-0.586304
0.460284
0.322097
-0.093314
0.000000
-0.478608
-0.330434
-0.611967
0.330593
-0.185348
0.571425
0.280389
1.620159
-0.064731
-0.096891
-0.185726
0.338946
0.110370
0.429819
0.427965
-0.008744
0.000000
-0.023653
0.143658
0.894770
1.053490
0.083214
0.394037
-0.193285
-0.250497
-0.025183
0.000000
-0.340711
0.477720
0.363583
-0.160630
-0.082190
-0.049180
0.267473
-0.291860
0.233599
0.154699
-0.198939
0.369010
-0.201846
0.226767
1.338335
0.000000
-0.586410
-0.420463
-0.161834
0.000000
0.000000
-0.068651
0.031506
0.065023
-0.427056
-0.415129
0.045169
0.449782
0.285551
0.360540
0.000589
0.157336
-0.010123
0.628893
-0.114444
-0.061767
-0.397222
-0.046203
-0.424212
-0.332302
-0.421717
0.000000
0.185700
-0.192263
0.046049
-0.029099
0.000000
-0.199456
-0.003049
0.082630
1.142696
0.000000
0.804047
-0.034141
0.069782
0.309586
-0.030385
0.206796
0.312196
-0.009027
0.000000
0.169079
-0.380244
0.133686
-0.189207
-0.245368
0.000000
0.000000
-0.390839
-0.508347
-0.109160
1.056929
0.303455
-0.014674
0.020036
0.110184
-0.481209
-0.275983
0.172422
-0.010834
-1.001136
0.001432
-0.303143
-0.551085
-0.897045
0.000000
0.059495
-0.756473
-0.223346
0.063335
-0.620181
0.000000
-0.143070
-0.465535
-0.846804
0.013001
0.023998
0.242717
0.574089
-0.125369
0.421119
-0.308189
-0.040651
0.203959
0.483099
-0.760250
0.011464
-0.229669
1.244005
-0.050381
-0.274823
-0.026938
-0.026938
-0.194981
-0.189493
-0.140012
1.149686
0.000000
0.248752
-0.588995
-0.078913
0.004041
0.276459
-0.329242
0.145937
0.045071
0.309320
0.135356
0.631752
0.000000
0.062561
0.098671
-0.410916
-0.293796
0.414419
-0.002367
-0.279842
0.433090
0.092485
0.686670
-0.097531
-0.062873
0.098671
0.340657
0.027932
-0.003792
-0.191234
-0.178455
0.317466
-0.124537
0.674405
-0.330528
0.215305
0.453249
-0.097870
0.092568
-0.573387
-0.009396
-0.135565
0.293662
-0.366271
-0.380199
-0.271528
0.105570
-0.116445
0.000000
0.000000
0.225491
0.476066
-0.026023
-0.048902
-0.391225
-0.378399
0.096501
0.203954
-0.367026
0.014488
-0.033373
0.010987
-0.799853
0.116874
-0.260399
-1.566510
-0.065132
0.278656
0.607100
-0.251840
-0.231933
0.000000
0.280017
-0.009396
0.920280
-0.743682
-0.256146
0.233258
-0.016929
-0.022803
-0.303316
-0.538841
0.000000
-0.133984
0.151350
-0.084123
0.135356
0.300982
0.123579
0.068592
0.620757
0.205437
0.023998
-0.205324
0.182154
0.254537
-0.016132
0.313068
-0.116540
-0.220392
0.015989
0.041868
-0.186242
0.614265
0.691256
-1.038821
0.497389
-0.275983
-0.275951
-0.457512
0.133867
-0.277184
-0.236517
0.149053
-0.352504
-0.358170
-0.369330
0.021311
-0.170972
-0.081441
0.000000
-0.166541
-0.269501
0.000000
-0.272496
0.002405
0.000000
0.084565
0.018022
-0.752223
-0.327933
-0.415129
0.271139
-0.549175
0.212430
0.266401
0.160296
-0.145325
-0.500563
0.139450
0.490402
0.000000
0.000000
0.000000
-0.167024
-0.288919
0.019750
-0.063961
-0.384716
0.000000
0.000000
-0.271528
0.075199
0.031170
-0.599545
0.000000
0.074141
-0.050556
0.191931
0.003837
-0.422154
-0.101941
0.092568
-0.319898
-0.313972
-0.353691
-0.010491
-0.017510
0.000000
-0.239765
-0.143293
-0.467087
-1.409064
0.624122
-0.548933
0.052155
0.020036
0.121372
-0.638621
0.083167
0.195020
-0.069686
0.000000
0.000000
-0.143293
0.000000
0.294288
0.000000
-0.714455
-0.434898
-0.065132
-0.043490
0.000000
-0.700767
-0.229387
-1.596960
-0.677561
0.000000
-0.700767
-0.028257
-0.418273
-0.864011
0.346023
0.116450
0.000000
0.574011
0.496298
0.701622
-0.722525
-0.188858
-0.569534
0.186972
-0.143070
-0.739308
-0.188858
0.150673
-0.104835
-0.504996
0.274769
-0.419033
0.218683
-0.125647
0.123428
-0.714455
-0.015570
0.279433
-0.264145
0.228745
-0.165617
0.169126
-0.257773
0.132235
0.049830
-0.240263
0.247577
-0.402481
-0.130357
-0.338365
0.083450
0.243854
1.576696
-0.250377
0.072274
0.000000
0.618874
0.023106
0.002263
0.353874
-0.239849
-0.436664
0.303664
-0.082350
-0.064926
-0.311137
0.397977
0.044587
0.151350
0.169437
0.116450
-0.015570
-0.550489
-0.116445
0.030384
0.227193
-0.154917
0.214621
-0.115450
-0.023653
0.085767
-0.301635
0.020928
-0.236517
-0.277430
0.354610
-0.387828
0.153435
0.014029
-0.239765
-0.251189
-0.159954
0.328597
0.339363
0.000000
0.867962
-0.044512
-0.023653
-0.229387
0.452003
0.000000
-0.170939
0.000000
0.580358
0.000000
-0.518643
-0.230790
-0.165046
-0.207939
0.083094
0.171246
-0.114154
-0.139166
-0.295083
-0.181158
0.382122
0.283069
-0.925641
-0.142878
0.858848
0.119260
-0.121901
0.000000
-0.122248
0.065333
0.205995
0.051705
-1.093566
-0.102474
0.018100
0.052342
0.219662
-0.214045
0.000000
0.214096
-0.031102
0.083650
-0.010491
0.676357
-0.088675
-0.005580
-0.034555
-0.048902
0.047963
-0.312627
-0.163528
0.621993
-0.280217
0.000000
0.175480
0.295954
-0.020548
-0.148470
-0.106483
-0.045636
-0.015608
0.271688
0.650464
0.688127
0.148149
0.760812
0.363583
-0.051891
0.605755
0.080555
-0.156475
-0.564344
0.041886
0.038069
-0.352166
-0.475041
-0.122248
0.097414
0.097414
-0.674654
-0.130740
-0.053798
0.117391
0.014879
0.117388
0.035282
0.013360
0.000000
0.127709
-0.493498
-0.246112
-0.558078
-0.225939
0.092485
0.177023
-0.208593
-0.143293
0.153435
0.095320
-0.187035
-0.268206
-0.231933
0.259372
1.291111
0.276441
-0.101734
0.014879
0.288954
-0.741459
0.207758
-0.208384
-0.521156
-0.263559
0.764291
0.189927
0.179389
0.277522
0.030136
-0.500033
-0.179134
-0.338365
-1.149093
-0.028096
0.118858
0.635746
-0.020548
0.032307
0.310871
0.919519
-0.184317
-0.102474
-0.857111
0.059586
-0.219586
0.000000
-0.270782
-0.146847
-0.049198
-0.106143
0.020378
-0.438824
0.788427
0.666648
0.193828
0.140955
-1.093336
-0.117992
-0.000946
0.148868
-0.039192
0.000000
-0.168044
0.198134
-0.027764
0.245358
-0.475173
-0.160630
0.355871
-0.258449
-0.666316
-0.713589
0.034544
-0.015123
-0.205324
0.424628
0.475251
0.102380
0.097731
0.084876
-0.080019
-0.056047
0.083214
0.047187
0.115357
-0.298833
-1.286763
-0.185726
0.119080
0.664836
0.439316
-0.338247
0.482417
0.109804
0.284218
0.102380
0.284218
-0.020374
-0.106483
-0.243304
0.181845
-0.167036
0.074951
-0.078796
0.000000
-0.182446
-0.003952
0.000000
0.456276
-0.167972
-0.310364
0.036993
-0.226683
-0.698068
-0.698068
-0.068651
-0.031270
-0.384099
0.117388
-0.187571
-0.114453
0.307924
-0.159277
-0.149107
-0.438738
-0.266277
0.043477
0.474048
-0.256169
0.435716
0.963693
0.288954
-0.161941
-0.646932
0.279892
-0.847862
-0.297198
-0.023904
-0.714455
0.531845
0.095249
0.345097
-0.139500
-0.220396
0.395824
0.032927
0.759960
0.156929
0.000000
0.009728
0.639579
-0.051891
0.214621
0.090366
0.000000
0.095735
0.390731
-0.055284
-0.115410
0.499711
-0.591989
-0.167036
-0.933810
0.000000
0.000000
-0.142241
-0.229291
-0.220564
-0.032952
0.000000
0.352209
0.814834
0.725299
-0.360122
0.238363
-0.276090
-0.559104
0.034104
-0.276090
0.599951
0.000000
0.000000
-0.070179
-0.140631
-0.791710
0.014700
0.154527
0.279530
-0.086585
-0.583043
-0.009396
0.001025
-0.209221
-0.198845
0.247577
-0.327996
0.000000
0.159318
-0.009396
0.094664
0.186972
0.327928
0.134124
0.464432
-0.068651
-0.092347
0.151051
-0.444366
-0.816369
0.929658
0.371045
-0.419715
0.016987
-0.130695
-0.509217
-0.367026
0.166493
0.000000
0.154527
-0.054561
0.099660
-0.362971
0.096501
-0.685602
-0.256037
0.000000
-0.778855
0.000000
-0.186752
0.422848
0.203559
-0.404233
-0.077259
0.178786
-0.384035
0.559426
0.017618
0.139413
0.011464
0.093939
-0.010491
-0.311943
-0.088675
-0.088675
-0.421174
-0.284749
-0.034141
0.559471
0.451102
0.386447
-0.163528
0.160788
-0.142556
0.222781
0.175993
-0.293605
-0.077273
0.433325
-0.624902
0.933484
-0.243574
0.994156
-0.592057
-0.031023
-0.953381
0.223952
0.060917
-0.040557
0.481804
-0.646873
-0.037596
0.000000
-0.017613
-0.017613
0.412990
-0.322564
-0.503303
0.083214
-0.477718
0.509352
-0.299328
-0.316926
0.000000
-0.115187
0.000000
0.357048
0.113001
0.122915
-0.055284
0.165444
-0.383637
1.052787
-0.218235
-0.417665
-0.765623
0.000000
0.424218
-0.002079
0.361347
-0.036975
-0.125647
0.000000
-0.125647
0.158615
-0.925320
0.120325
-0.773198
-0.191235
0.096761
-0.996224
-0.073281
-0.086221
-0.258005
-0.142306
0.369010
-0.166174
0.024873
-0.134552
0.206796
-0.226567
-0.253666
0.151241
-0.116540
1.798232
-0.256935
0.122822
-0.055633
-0.181158
-0.106160
0.222927
0.009728
0.000000
-0.270153
-0.520428
0.191931
-0.070916
-0.821236
-0.373661
-0.691932
-0.691932
-0.762505
0.444026
0.273826
0.618605
0.818766
0.068357
0.101289
-0.138012
-0.045101
-0.257233
0.000000
0.041643
0.055809
-0.259565
0.095109
-0.198339
-0.049180
-0.543448
-0.401702
-0.637359
0.000000
0.227193
-0.040651
0.069782
0.000000
0.161673
-0.226567
-0.208588
0.204312
0.406700
-0.806133
-0.369330
0.122602
0.000000
0.457296
0.020557
0.906119
0.288354
-0.316877
0.112327
0.000000
-0.083902
0.014029
-0.472997
0.037053
-0.011422
0.497795
0.000000
0.159839
-0.167024
-0.384716
-0.052529
-0.305699
-0.148708
-0.285143
-0.664457
0.006230
-0.065132
0.093675
-0.308543
0.234115
-0.103239
-0.707658
-0.110323
0.470627
-0.518643
0.010987
-0.325133
-0.695678
-0.964287
-0.470505
0.062918
0.000000
0.074951
-0.007998
-0.549175
-0.247274
-0.309008
-0.945900
0.362400
0.000000
-0.015779
0.036206
0.089746
-0.061481
0.196487
0.117351
0.223131
0.075390
-1.620937
-0.000198
-0.221189
0.263923
1.092424
-0.440956
0.612841
-0.843325
-0.335951
0.170544
0.000000
-0.122248
-0.122248
0.092568
-0.348673
-0.355320
1.106069
-0.595200
-0.595200
0.069290
-0.247323
0.055641
-0.762259
-0.272410
0.191154
-0.847190
-0.037508
0.347774
-0.099043
0.115787
0.144956
-0.513887
0.038267
0.276176
-0.136158
0.360540
0.000000
0.036206
0.116800
0.377159
0.655375
-0.136899
0.198336
-0.020287
0.000000
-0.511068
-0.170515
-0.082106
0.101289
-0.215975
0.000000
-0.226040
-0.141107
0.065743
-0.009783
-0.011240
-0.784283
-0.250316
-0.181062
-0.337516
0.157336
0.053423
0.088681
-0.533106
-0.712214
0.422201
0.024531
-0.048700
1.255015
-0.169201
0.036555
0.778417
-0.284887
-0.051324
0.337118
-0.062977
-0.519842
-0.137614
-0.063894
0.065955
-0.563742
-0.624902
-0.338511
-0.019798
0.097952
0.000000
0.000000
1.899607
0.334133
0.073919
-0.338365
0.204312
0.080818
-0.918658
0.084120
0.316216
0.011464
0.000000
-0.104835
-0.427323
-0.185726
0.351931
-0.789605
-0.257233
0.015237
-0.590166
0.103992
-0.086443
-0.010491
-0.139585
0.407623
-0.379162
-0.156063
-0.140271
-0.716998
0.044194
-0.008919
-0.064945
0.015237
0.291925
0.428009
-0.273998
0.226671
-0.050556
0.226764
-0.091048
-0.083068
0.288531
0.123022
-0.208593
0.164472
0.449782
-0.062805
-0.027623
-0.317763
-0.148646
-0.083120
-0.139017
-0.475842
-0.719015
0.123579
-0.020548
0.000000
-0.003666
-0.003666
-0.026398
0.078368
-0.477254
-0.509173
-0.064972
0.221778
-0.001999
0.024307
-0.122862
-0.943878
-0.965760
0.924740
0.170774
-0.180414
-0.359372
0.203370
-0.588995
-1.230340
-0.847626
0.046685
-0.692185
0.674405
0.000000
-0.167036
-0.111024
-0.484081
-0.077273
0.277785
-0.086443
-0.095732
-0.276590
0.000000
0.355119
0.189916
0.080818
0.000000
0.016793
-0.086589
0.062918
0.000000
-0.116977
-0.208397
0.036993
-0.484081
0.036993
0.009489
-0.269501
0.161455
-0.649966
-0.464399
-0.404515
-0.056941
-0.208397
0.055641
-0.059885
-0.037435
0.347882
0.168643
-0.804058
0.021311
-0.282161
-0.293564
0.134124
0.022020
0.008199
0.063333
0.064941
0.000000
0.906855
-0.280217
-0.187087
0.321409
-0.080970
-0.804058
0.103992
-0.169681
0.116941
-0.265080
-0.246112
-0.205570
0.081823
-0.208593
0.210281
-0.308835
-0.475954
0.390522
-0.977778
-0.036636
-0.388667
-0.104786
-0.285082
-0.148470
0.279530
-0.048700
-0.015779
-0.109845
0.000000
0.115042
-0.573846
-0.850176
-1.406034
0.000000
0.531939
-0.106160
-0.047481
0.000339
0.284061
-0.446474
-0.078640
-0.151126
-0.302657
0.000000
0.228833
0.494607
-0.196328
0.642239
0.267464
-0.264959
0.019487
-0.331545
0.317828
0.055535
0.070524
0.721105
-0.385933
0.118098
0.493525
0.165662
0.275509
-0.064039
0.000000
-0.313366
-0.063520
-0.281834
-0.707463
-0.086589
-0.601835
1.060876
-0.400557
-1.002756
0.739918
-0.346769
-0.456995
-0.332302
0.083450
-0.470639
0.000000
-0.221189
-0.412303
0.096021
0.000000
0.103760
-0.772399
-0.096340
-0.378755
0.352209
-0.649664
0.144956
-0.269980
0.000000
0.074951
0.074951
0.343676
-0.108791
0.216512
-0.794235
-0.278046
-0.482033
0.044194
-0.197084
0.169437
0.023998
0.000000
0.160479
0.133867
-0.040557
-0.542240
-0.101734
-0.226040
0.422193
-0.159377
0.102473
-0.022144
-0.181220
-0.091048
0.354440
-0.068651
-0.040169
0.090373
0.719066
-0.404673
0.319803
-0.366503
-0.564320
0.282088
-0.114154
0.000000
-0.518643
0.163343
-0.404515
-0.990287
0.440362
-0.245903
0.236174
-0.363822
0.415507
0.377830
0.141436
0.024873
0.024873
-0.706288
0.787736
-0.519692
0.096318
-0.077464
-0.214045
0.084577
-0.276416
0.160310
-0.211934
-0.398570
0.000000
0.261132
-0.226428
0.328555
-0.220882
0.342160
0.068639
0.046957
-0.810342
0.551640
0.000000
0.019116
-0.072316
0.092485
0.021278
0.233965
0.269841
0.145937
0.403872
0.046607
-0.566126
-0.046203
-0.022817
-0.487876
-0.309262
-0.564441
-1.843496
0.116874
0.000383
-0.091048
-0.181062
-0.271970
-0.270078
0.096598
-0.167542
-0.364470
0.624720
0.516317
-0.328273
-0.472989
0.699920
0.303664
-0.177957
0.037053
0.000000
-0.074784
0.031404
-0.114444
0.046685
0.074951
0.711573
-0.096891
0.000000
-0.097870
0.073375
-0.234576
-0.194552
0.429526
-0.098831
0.284490
-0.143070
-0.108791
0.120816
0.335009
-0.527087
0.198034
0.217154
0.093222
-0.139500
0.121697
-0.508347
0.210751
0.000000
-0.112056
0.277682
0.125674
0.394172
-0.025183
-0.355708
0.000000
-0.311137
0.731965
-0.600201
0.059495
-0.578485
-0.584293
-0.766136
-0.604603
0.753556
-0.133984
0.202607
-0.272496
0.000000
-0.475725
-0.433643
0.684412
0.373181
-0.765623
0.059495
-0.272496
0.085934
-0.215975
-0.117075
0.000000
0.000000
-0.180337
-0.598909
-0.220644
-0.180337
-0.159377
0.132235
-0.335495
-0.117075
-0.050381
0.059495
-0.491258
-0.032952
-0.215975
0.117356
0.137448
0.137448
0.000000
0.300982
-0.097531
0.000000
-0.117075
0.303906
0.000000
0.758468
-0.275983
-0.272496
0.000000
-0.212857
-0.063355
0.000000
0.013101
-0.627534
-0.140631
-0.082025
-0.160630
-0.230790
0.000000
-0.284615
1.032529
0.195393
-0.373661
-0.726511
-0.238157
0.204312
-0.070916
-0.055866
0.083586
0.310997
0.000000
0.022325
-0.304802
-0.051891
0.116450
-0.064400
0.010987
0.264602
-0.945215
0.000000
0.000000
0.406700
0.000000
0.308046
-0.027499
-0.146800
0.041824
0.074951
0.083606
-0.011011
0.478809
-0.208096
-0.200489
0.535886
0.064595
0.200099
0.654642
0.081494
-0.898237
-0.002562
0.122298
0.217651
-0.011422
-0.125902
-0.042712
-0.348229
-0.247274
0.227193
0.184552
-0.193020
0.038628
-0.076979
0.000000
0.140169
-0.305175
0.435819
-0.107829
0.000000
-0.047481
-0.189004
0.069962
-0.165046
0.526024
0.085934
-0.056047
-0.363182
0.171391
0.022524
-0.582377
0.000000
0.132235
0.000000
-0.015608
0.000000
0.343676
0.394172
-0.078676
-0.181223
-0.528451
0.114071
0.127658
-0.120402
-0.014674
-0.125647
-0.125647
-0.125647
-0.047481
1.008245
1.779264
-0.580622
-0.700614
-0.810204
0.089439
0.400199
-0.424403
-0.299457
0.000000
-0.579084
-0.461423
0.000000
0.490893
-0.475326
0.057976
0.034544
0.000000
-0.076977
0.536209
0.536209
0.196760
-0.547957
0.188333
-0.556048
0.074080
0.026888
0.317508
-0.189207
0.358159
0.080818
0.237163
0.267165
0.211376
0.281126
0.305757
-0.691932
-0.208593
-0.470806
0.296008
-0.136362
0.490402
0.024521
0.121106
0.310997
0.163576
0.157213
-0.079950
0.880882
0.139289
0.000000
-0.208096
-0.114790
-0.267958
-0.114444
0.045022
-0.193020
0.005500
0.133686
-0.143070
0.020557
0.000000
-0.489135
0.163894
-0.138142
0.000000
0.131575
-0.004253
-0.283527
-0.498230
-0.174847
0.356482
-0.276448
-0.143688
-0.520252
-0.172180
0.073535
0.322097
-0.249725
0.059511
-0.091700
0.355119
0.101355
-0.226697
1.775330
-0.073583
0.188333
-0.208096
-0.167024
0.053423
-0.588995
0.413721
-0.006860
0.068592
0.339363
0.379185
0.095516
-0.312887
0.065138
-0.101734
0.131376
0.337394
-0.161941
-0.161941
0.089177
-0.082871
0.080818
-0.128805
-0.396065
-0.012731
-0.064731
0.587385
0.189070
-0.306424
-0.080664
0.000000
-0.169201
0.014335
-0.045101
0.043285
0.102819
0.217607
-0.063100
0.458872
-0.223346
-0.208860
0.145375
-0.283878
0.335009
0.095516
0.036401
-0.748401
0.000000
0.936607
-0.564904
0.120816
-0.060457
0.048004
0.206796
-0.104835
-0.143070
0.352185
1.280918
-0.400839
0.093939
0.500752
0.046049
-0.185803
0.118098
0.093939
0.053133
0.020036
0.062577
0.358159
0.268303
-0.397242
-0.189227
0.114175
-0.632053
0.300625
-0.108370
0.123022
-0.038076
0.005234
-0.235315
-0.212857
0.000000
-0.633734
0.114175
0.041887
-0.291650
0.046685
0.030976
-0.163355
0.302753
-0.161113
-0.052050
-0.213700
0.039790
-0.250126
-0.159212
-0.159212
-0.159212
-0.159212
-0.085084
-0.293605
-0.040374
-0.206177
-0.050027
-0.220392
-0.689810
-0.140631
-0.212092
-0.485530
-0.022149
-0.191859
0.727766
0.303229
0.358159
-0.163441
-0.272496
0.000000
0.395821
-0.450829
-0.444169
0.223195
0.020928
0.270184
-0.134417
0.000000
0.160924
-0.446471
0.037113
-0.702333
-0.091366
0.151350
0.047878
-0.256146
-0.897186
-0.294013
0.303455
-0.262143
0.237163
-0.253450
0.000000
0.000000
-0.308115
0.133867
0.606668
-0.668690
0.375571
0.044194
-0.117967
-0.412137
-0.237725
-0.441052
-0.385876
-0.117992
0.247975
0.159995
0.080555
-0.828325
0.206227
-0.369184
0.162901
0.076565
-0.083902
-0.189227
-0.378311
-0.117992
-0.151035
-0.437704
0.000000
-0.063894
0.057485
-0.226040
-0.306424
-0.528694
0.278808
0.018005
0.018125
0.000000
-0.197084
-0.023653
-0.115164
0.468731
0.015856
-0.306424
-0.126675
0.000000
-0.055153
0.088798
0.044522
-0.074221
-0.267958
0.053846
-0.009570
0.053846
-0.210616
0.207552
-0.404942
0.625285
-0.623402
-0.227493
-0.070902
-0.372983
0.274355
0.068361
-0.093675
-0.091048
0.192841
0.796031
0.953004
0.117561
-0.207939
0.052342
-0.275983
-0.114658
-0.165631
-0.430392
0.161576
0.080818
0.398446
0.309639
-0.015518
0.000000
-1.189972
0.066882
-0.330751
-0.009396
-0.617951
0.191931
-0.305004
1.278182
-0.404419
0.291473
0.219536
-0.099849
0.444263
-0.587518
-0.003049
-0.046665
0.610381
0.458549
0.605532
0.310363
-0.567303
0.228833
0.089746
0.002851
-1.179655
0.153435
-0.452007
-0.367026
0.447438
-0.175572
2.162813
-0.929957
-0.397273
0.095249
-0.218235
-0.338365
-0.493498
-0.102567
1.492866
-0.056941
1.315517
0.145937
-0.027623
-0.167904
0.083094
2.349271
-0.250316
-0.146883
-0.309262
-0.226428
-0.146017
0.715693
-0.337020
-0.277617
0.233702
-0.031720
-0.235492
-0.450794
0.173975
0.159995
0.063120
-0.026769
0.328597
0.151350
0.277682
0.256493
0.159271
-0.151247
-0.319686
0.000000
-0.115777
0.000000
-0.023036
-0.223346
-0.239849
-0.313475
0.417231
0.191931
-0.252186
0.300625
0.014029
0.000000
-0.063894
0.156773
0.144956
0.033886
-0.776863
0.568221
0.788329
0.695776
0.002500
-0.314769
-0.380244
0.572760
0.000000
0.320300
0.049824
0.709687
0.495391
-0.100004
-0.285082
1.336157
-0.676820
0.018100
0.094184
-0.405726
-0.537691
-0.106160
-0.121338
-0.347291
-0.014649
0.341140
0.120325
-0.249725
0.097676
0.175813
-0.404563
0.524909
0.137303
-0.121416
-0.017056
-1.025504
0.007734
-0.137855
0.065705
0.198327
-0.762880
-0.108620
0.000000
-0.147096
-1.376542
0.886208
-0.091048
0.116233
-0.189227
-0.173719
-0.026023
-0.037596
-0.208408
-0.250597
0.200162
0.006636
-0.695025
-0.695025
-0.121547
-0.096035
0.044458
-0.315820
-0.039251
-0.146161
-0.352504
-0.558078
0.882090
0.193319
0.039874
-0.117967
0.300471
-0.009396
0.020557
0.332259
-0.143234
0.108451
0.046607
-0.079786
0.406700
-0.170972
-0.482033
-0.639963
0.388661
-0.233817
-0.498130
0.150717
-0.183016
0.109804
0.109804
0.065138
0.118731
-0.186013
-0.333780
0.505292
-0.427086
-0.130193
0.901164
0.347774
-0.220392
0.062309
0.700248
-0.195751
1.024697
0.490893
-0.834988
-0.452407
0.391498
-0.316785
0.193486
0.428968
-0.801640
-0.628027
-0.077125
0.041643
-0.023653
-0.121319
0.000000
-0.417665
0.061082
-1.106594
-0.602576
-0.101661
0.009489
-0.184306
-0.198845
-0.173036
0.063335
0.001432
0.334822
-0.136276
0.642874
0.407642
0.544535
0.011464
0.000000
-0.497492
-0.526677
-0.183465
-0.226028
0.053694
0.212430
0.059586
-0.208397
-0.753209
0.000000
-0.399712
-0.169527
1.076211
0.594437
-0.237725
0.266566
0.125605
-1.311055
0.000000
-0.073716
-0.029715
-0.732240
-0.077204
-0.191003
-0.130740
-0.558078
-0.091700
-0.540852
0.186972
-0.178992
-0.290016
0.000000
-0.230790
0.361397
-0.358495
0.307924
-0.675489
-0.051891
-0.113673
0.322097
-0.044512
-0.000198
0.277785
0.675028
-0.635638
-0.292730
-0.292730
-0.162321
-0.086917
-0.039251
-0.250888
0.882362
0.060474
0.091461
0.035551
0.164472
0.011150
-0.122149
0.148779
-0.020548
0.000000
0.002405
0.065162
-0.147138
-0.139585
0.249417
0.178645
-0.671512
-0.136153
-0.475555
0.100321
-0.471583
0.000000
-0.280217
0.118098
0.061082
0.667748
-0.333780
0.215995
0.542526
-0.130740
0.310871
0.157513
-0.633422
0.253118
0.151770
-0.275296
-0.084123
-0.179888
0.010974
2.016831
0.726127
-0.145786
0.284340
-0.719802
-0.172196
-0.241848
-0.168044
0.166300
-0.513887
0.059495
-0.070179
0.121371
-0.164620
-0.675489
-0.239385
0.574089
-0.128805
-0.043213
-0.300225
-0.588146
-0.512570
0.236088
-0.187712
0.661404
-0.194812
0.116241
-0.384881
-1.383042
0.287885
-0.124435
0.086323
-0.198504
0.321926
-0.545891
0.642369
0.102380
-0.253450
-0.083138
0.312077
0.492041
0.139289
-0.529399
1.338335
1.293079
0.181588
0.151241
0.016987
0.016987
0.153354
0.068592
-0.295083
0.009489
0.002835
0.402500
0.228216
-0.357960
-0.670013
-0.497834
0.155885
-0.386637
-0.512897
-0.189493
-0.154917
-0.641349
-0.010491
0.618605
0.501343
-0.108791
0.307924
0.440587
-0.356125
-0.081712
0.458372
0.271688
-0.266277
-0.623402
0.277567
-0.227916
-0.235804
0.355119
0.236939
0.236939
0.364170
1.238384
-0.173238
-0.113673
-0.076255
-0.137067
0.248113
-0.846670
0.232810
0.217662
0.075532
-0.414741
0.000000
-0.017888
0.073919
0.029591
-0.495277
-0.086376
-0.086376
-0.433643
-0.484081
0.133686
-0.087893
0.019396
0.420814
-0.512248
0.000000
0.159839
-0.038734
0.010738
-0.733718
0.196456
-0.140631
-0.018246
-0.291328
-0.331992
0.475251
0.038144
0.263412
-1.291471
-0.181158
0.337394
0.366014
-0.717920
-0.039543
0.142858
0.963807
0.213947
0.030136
0.569679
-0.137067
-0.424008
0.236939
0.080185
0.108538
0.264225
-0.239765
0.625285
-0.436020
0.005234
-0.431995
-0.585349
0.500058
0.236181
-0.196566
-0.256369
0.092485
-0.006475
-0.157383
0.080213
0.587613
0.004759
0.331084
0.095543
-0.464697
0.312450
0.106501
-0.280217
-0.816369
0.531710
0.222781
-0.630805
0.000000
-0.262033
-0.383817
0.000000
-0.145325
-0.105510
0.184165
0.013785
-0.021297
-0.077204
-0.064972
-0.518014
0.306809
-0.139280
0.561386
0.585900
0.392527
-0.586651
-0.456995
-0.237725
0.346350
0.166300
0.398878
-0.370499
0.000000
0.489559
-0.117967
-0.340201
-0.118185
0.098114
-0.462578
-0.377337
0.769030
0.020928
-0.082655
-0.500033
0.456276
0.052342
0.678409
-0.945953
-0.054972
-0.129829
0.377159
0.252972
-0.382209
-0.033401
0.031404
0.000000
-0.280136
-0.539474
0.366736
0.166119
-0.088699
0.165266
0.150275
0.062577
-0.231970
0.000000
-0.875998
-0.190252
-0.301935
-0.818669
-0.298572
-0.124027
0.178645
0.000000
0.346725
-0.086589
0.070677
0.266566
-0.064731
0.211768
-0.156063
0.808114
0.207365
0.000000
-0.417230
-0.129829
-0.521350
-0.274352
0.074951
1.047223
0.000000
0.930788
-0.116540
0.237489
-0.064092
0.328555
-0.064092
-0.064092
0.042197
0.844404
0.093675
-0.277318
-0.149942
-0.466024
-0.192092
0.000000
0.291925
0.117816
-0.097531
-0.270153
-0.278807
-0.336175
-0.080608
0.000000
0.014958
0.000000
0.049797
-0.159377
-0.630201
0.848103
0.454439
-0.019096
0.375207
-0.228291
0.000000
-0.026938
0.198460
0.183902
0.185076
0.000000
0.009192
-0.190734
-0.189937
0.307626
0.252737
-0.068767
-0.117243
-0.121319
-0.120370
-0.185618
-0.098345
0.052462
-0.051596
0.647009
-0.186958
-0.376363
0.265145
0.919085
-0.022539
-0.144004
-0.149946
0.277785
-0.168311
-1.339813
0.491420
0.435634
0.223049
-0.125137
-0.306424
-0.161113
0.560207
-0.311137
-0.101734
0.199606
-0.050661
0.260100
0.016793
0.120816
0.151350
-0.226040
-0.027623
0.277785
0.000000
0.558894
0.073919
-0.565869
-1.473800
-0.847862
0.273290
0.074951
0.059495
0.083606
-0.052866
-0.051147
-0.219797
-1.674487
-0.143932
-0.015123
-0.205002
0.783926
-0.022658
0.069836
0.095866
0.251250
-0.745708
0.195020
-0.474713
-0.026023
-0.274823
-0.274823
0.320269
0.380781
-0.213859
-0.229861
-0.634301
0.220246
0.094388
0.227193
0.227193
-0.378755
-0.109845
-0.002562
-0.076325
0.075199
-0.371104
0.000000
0.000000
0.000000
-0.309008
-0.380549
0.000000
0.351133
0.000000
-0.051891
-0.014097
-0.449934
0.088530
-0.251840
-0.044512
0.517837
0.006942
0.481804
-0.077022
-0.109845
-0.109845
-0.165067
-0.107711
0.407143
-0.265432
0.304919
-0.520553
1.245475
0.146397
0.000000
0.045169
0.113009
0.142858
-0.051283
0.000000
-0.051283
-0.106143
-0.106143
-0.051283
0.055809
0.314137
0.000000
0.000000
-0.065752
-0.434898
-0.060457
0.014958
-0.250648
0.014958
-0.250648
0.014958
0.507745
0.507745
0.507745
-0.051283
0.133867
-0.051283
-0.051283
-0.037618
0.014958
-0.218235
-0.391699
0.285952
-0.062549
0.136266
0.000000
0.400792
0.507745
0.097111
0.097111
0.097111
-0.119262
-0.220882
0.090789
-1.024100
-0.234095
-0.077022
0.219649
0.046607
-0.017608
0.000000
0.000000
-0.106143
0.378373
0.226671
0.000000
0.115357
-0.106143
0.016793
0.000000
0.044194
0.011464
-0.107624
0.616249
0.277785
0.137448
0.000000
0.000000
-0.106143
0.017618
-0.280208
0.000000
-0.162651
-0.337020
-0.009027
0.738567
2.332942
0.284061
0.000000
-0.558330
0.275430
0.000000
0.000000
-0.615590
0.000000
-0.522755
-0.106143
-0.505739
0.280286
0.218960
-0.106143
0.226671
-0.167024
0.279688
0.063919
0.178942
-0.208408
-0.184259
-0.126446
-0.027829
0.827501
-0.320944
0.080336
0.454485
0.044587
-0.114415
0.481804
-0.366088
0.291022
-0.184587
0.478519
-0.083902
0.279688
0.133867
0.133867
-0.533433
0.085833
-0.114453
0.085833
0.114175
0.534661
-0.416678
0.013737
-0.895750
-0.398570
-0.145325
0.422848
0.156370
0.228745
0.000000
0.000000
0.017618
-0.131311
-0.905905
-0.002562
-0.131055
-0.131055
-0.109932
0.616234
0.117356
-0.631579
0.000000
-0.015570
-0.015570
0.093939
-0.057587
-0.057587
-0.057587
-0.026023
-0.057587
-0.057587
0.000000
0.045169
0.000000
0.106359
0.106359
-0.057587
-0.109932
-0.057587
0.000000
0.507745
0.507745
0.228745
0.000000
-0.125137
-0.015570
-0.015570
-0.065715
0.000000
-0.125137
-0.015570
0.000000
-0.125137
-0.065715
-0.125137
-0.065715
0.106359
0.106359
-0.065715
-0.065715
0.051985
0.000000
-0.051283
0.000000
0.000000
0.055076
-0.051283
-0.051283
-0.219586
-0.140097
