-0.473298
0.001595
0.013222
0.024336
0.111937
0.996575
0.438406
-0.764880
0.242243
-1.168852
1.785625
0.458370
1.028077
-0.230986
0.098742
-1.430335
-1.014730
-0.289933
0.078206
1.522606
3.466481
-0.422268
-0.373399
-4.117363
-0.006522
-0.490977
-0.409846
0.147877
-0.942037
0.341858
-0.222791
3.343701
-0.258812
0.212463
-3.387209
0.433821
0.872835
1.489651
6.101014
-0.753503
0.188849
-0.943455
0.001592
-0.401930
2.682403
-0.207751
-0.004577
0.444697
-0.142987
1.162101
-0.037515
0.736148
1.163126
2.072886
-1.533780
0.250812
-2.093936
-0.327338
1.895909
-0.171601
-0.306793
0.180302
-0.120662
-1.144915
-2.627232
0.709522
-2.115258
0.053663
2.358189
-0.117060
-0.884798
0.133094
0.261328
1.694517
-0.157225
0.358597
-0.247433
-0.136639
-0.617074
-0.816655
-1.334360
-0.696300
-0.816078
0.313657
0.299661
0.617567
0.085720
-4.964170
-1.856445
-0.022935
-0.356445
-0.867669
-0.768434
0.859005
-0.297118
-0.717131
0.257599
7.290143
-0.632450
-0.623843
0.924506
-0.183781
0.036482
-0.000968
-0.572995
-0.884120
0.031588
-0.297001
-0.040561
-0.364247
-1.348022
1.118773
-1.016076
-1.676297
-0.965460
-0.500604
2.339407
-0.119094
-0.011460
-1.667508
0.632864
0.567516
-1.026955
0.155396
1.299680
-0.300348
-1.081365
0.937957
0.033269
-1.364056
-2.115258
-1.160765
-0.712529
-0.199181
1.496627
-1.271971
-0.009545
-0.519507
0.149066
-1.667380
0.400420
-0.763947
-0.734925
1.536201
0.144397
-0.925431
-0.280985
0.215094
-1.484679
0.851032
0.211637
-0.245338
0.093039
0.162729
1.634406
-1.011746
-4.272973
-0.196396
-0.176676
-0.876746
-0.873793
-7.793901
-8.353665
-0.039505
-1.855555
5.800364
-0.158335
-1.593062
0.177445
-1.080532
-0.157811
1.978859
0.198177
0.262725
0.287579
0.446737
0.216941
7.352946
-0.436341
0.366864
-0.961142
-0.680989
0.706712
0.629753
0.094912
-1.968121
2.588901
0.638329
-0.772872
-0.858370
0.898805
0.103730
-1.102201
0.368624
0.066451
0.703158
0.356433
0.079753
-0.107509
-0.056211
0.788347
-0.446196
0.391048
9.736247
-0.177267
0.721028
-0.119983
0.645689
0.173444
1.016835
-0.490253
0.419208
-1.926889
0.585925
0.611526
-0.593466
0.351379
-0.339289
1.326404
0.053955
0.170468
0.718827
0.814118
1.035220
0.296736
-2.836810
2.164141
2.891714
1.924695
-0.363786
-0.132863
0.452691
4.615557
2.226971
0.959309
0.381123
-0.271289
1.406874
1.992256
0.485333
-0.015383
0.113280
0.400278
-1.794289
-4.190145
-0.732946
1.791833
1.789198
-0.040018
-7.298597
-1.385226
-1.096264
0.600421
-0.100570
0.555718
-0.206555
-0.606581
1.121987
0.592561
2.553768
-1.312323
0.792772
0.550291
-0.668737
-3.877718
0.713074
1.712036
-0.314443
0.343089
0.774928
3.148800
0.422338
0.724855
-0.745333
0.005292
0.223160
-0.856912
1.091346
-0.082350
-1.441860
0.117008
-1.416631
0.738444
-0.297821
0.621239
0.165046
0.616216
2.467787
0.212406
0.252161
-0.475517
-2.373239
0.022344
-0.822244
-0.081000
0.131600
0.494291
1.355875
-0.147903
0.545647
-0.322736
0.202750
14.589542
0.809335
-0.322637
0.293054
-16.692966
0.549514
-0.040198
2.595556
-2.079654
-0.366093
0.436698
3.436977
-0.190263
-0.110639
-0.092664
0.212679
-0.564437
-0.364866
0.514605
9.104563
-0.015129
-0.667916
2.069837
-0.005989
0.368212
-0.050173
0.340420
-1.185838
0.023701
-0.755387
0.284886
0.452123
-1.471195
0.042655
0.742050
2.373224
0.158254
-0.097445
1.757773
-0.328667
0.133380
-0.996613
0.463510
1.164394
-0.051521
-0.209721
-3.588718
-1.433395
-0.686589
-0.117959
-1.056540
-0.466794
0.188569
-0.357423
0.428294
-0.102304
-2.007642
-0.348695
0.020517
0.876494
0.696718
-1.718630
0.450092
0.072975
0.378222
-0.333452
-1.914558
-0.622281
-0.953888
0.487185
-0.811840
0.555892
0.975364
-1.747390
-0.480717
-0.478306
0.121047
0.270070
1.765398
0.326166
-0.584474
0.010714
-0.805944
-0.123082
-0.166689
0.097509
-0.457781
0.114907
0.278901
-3.686014
0.130001
0.353855
0.180909
-0.702769
-3.772302
0.496204
-2.957406
-0.438745
0.594212
0.231091
0.936484
-0.555612
-0.644036
-1.517676
3.194016
1.102880
0.884404
1.705772
0.095151
-2.476624
0.293109
0.777694
0.778567
-1.041760
-0.027553
-0.297456
0.465543
0.103987
-0.483359
0.086434
-0.665507
4.025267
2.183550
-0.687874
-0.250989
0.579704
0.400388
-0.597941
0.222800
0.080048
0.476200
1.926925
0.482732
0.550615
0.000390
-0.903367
-0.903370
0.500178
-2.616848
5.364973
-0.426955
0.433850
-1.189985
2.145592
0.353276
0.206066
0.180779
-0.454206
0.151163
-0.257017
-1.007326
-0.803857
-0.035559
1.333090
-1.582473
1.183656
-1.180583
0.499605
-0.194726
0.045554
4.418736
-1.547950
-0.977463
0.805925
-0.600914
-0.354142
-1.335699
0.013816
-0.050211
1.343045
-0.892187
-2.897007
-0.136611
-0.237591
-0.779625
-0.312656
0.362949
0.397197
-0.221520
-0.124254
-0.041941
0.307609
-0.579761
0.145369
0.337948
0.818375
0.626171
-0.304054
-1.232367
0.112878
0.772130
-0.045987
2.895103
-0.019611
0.268725
-0.201642
0.083729
0.816540
0.578705
-1.544153
-1.759473
1.506145
-1.981848
-1.022325
-0.574587
0.097207
-2.822929
-0.134206
-0.100622
1.630016
-0.810385
0.930993
-0.528408
-1.127871
-0.076089
-0.853115
0.731520
-4.792407
-0.218778
0.224981
1.747720
0.024670
0.932329
-0.538147
-0.845794
-0.701875
-0.049128
0.364149
-0.885834
-0.970508
1.184622
0.112717
0.974410
0.003837
0.000000
-0.943913
-0.283116
-0.225814
-1.522174
-4.107352
-0.800821
-2.048182
-0.511141
0.745635
-0.431302
0.068476
-1.065230
-0.274870
-0.740426
-0.401057
-1.006888
0.022280
0.602026
0.372745
0.439490
-4.647947
0.640390
0.285793
-1.851794
-0.491544
0.513968
0.326353
-0.130954
-0.207971
-1.214172
1.237266
0.010528
0.763044
-0.913421
0.381363
-0.157208
0.864599
0.748586
-0.237519
-0.604172
-0.597759
0.110176
-0.141487
0.649048
0.069277
0.025087
-0.498401
0.175774
0.176274
0.837540
0.783038
0.162743
-0.069112
-0.715366
-2.524311
0.500337
-0.672507
-0.014879
0.276293
-0.835506
-1.855874
-0.730290
-0.536606
0.058219
-0.012136
-0.043553
0.279378
2.300990
-4.635974
1.317015
0.063915
0.526023
-0.527044
-0.199970
-0.939381
0.477482
-0.822718
0.360921
1.349287
2.375690
-1.019326
0.615989
-2.533029
-0.233788
0.038359
-0.431166
1.532250
-0.030588
-0.662831
-1.540181
0.613880
-0.483252
1.008819
3.329464
-0.112822
-0.595870
0.929535
-2.362581
2.160332
1.133299
-0.906085
-0.168738
1.619663
0.183743
-0.085940
-1.726938
-0.013510
0.121484
0.241388
-0.428927
-0.236291
1.676986
0.332680
0.525830
0.276011
-0.026601
0.128099
-0.966328
0.571218
-0.586852
0.119998
-0.373827
0.180498
-0.725795
-0.313555
-0.310586
0.850759
-0.369892
0.377683
1.165730
0.114725
0.074937
0.574457
2.200078
0.000000
0.369221
0.476310
-1.226040
-0.437180
-6.700242
-0.272721
-0.180219
-0.372132
-1.361879
-3.408992
-1.510714
-0.646999
-0.885699
0.037563
-3.570229
-1.265562
-1.575442
-1.579978
0.028294
-0.794890
-0.448028
1.711216
2.680335
1.059348
0.299799
-0.328803
0.199636
-0.057863
-0.173847
1.256363
0.105948
-0.015133
-0.511218
1.081038
0.532263
1.733586
1.983647
-0.200321
-2.217043
2.370334
0.573529
-0.986717
0.771605
-0.483650
-0.648200
0.780909
-0.566115
-1.970091
-0.269828
0.081456
0.116679
-6.533253
0.979579
1.193834
-0.350481
-0.441487
0.006048
-0.617900
-0.329164
1.758816
-0.233970
0.517298
1.567241
0.205951
0.064526
0.301428
0.629049
5.335549
1.316000
-0.247843
-0.284971
-2.717308
0.272354
-0.357830
0.065244
-0.229051
-0.416296
0.385253
0.048678
0.179914
-2.592307
0.581111
-0.235441
0.679924
2.226179
-1.595029
-0.440824
2.427949
-3.633640
-2.347162
-0.738699
0.301376
1.281812
-0.539147
-0.052743
-1.148422
-0.317422
0.529336
0.092902
0.195416
-0.368245
0.194063
0.299154
-0.109842
0.368367
-1.025191
1.099936
1.793426
-0.593220
0.099690
2.014193
-1.119707
0.070007
-1.348751
-0.855762
1.546772
-5.958642
1.837723
-0.991559
-0.417406
0.244293
0.000000
-0.180534
0.075393
-0.530169
0.033104
1.672833
0.603470
-0.007876
-0.151942
0.376083
-0.082084
2.351983
-0.134933
0.841741
-0.369458
-0.040837
-0.877281
0.430681
0.255213
-3.371272
1.312773
0.206327
-4.038879
-0.584027
0.688443
0.428286
0.076258
0.264808
-0.692775
-1.690727
0.020557
-1.184735
0.203513
-0.698862
-0.535439
0.207784
0.172812
-0.141613
0.059361
0.271331
0.462814
0.229295
-0.039049
0.451850
-0.828957
0.123825
-0.127638
-0.174907
-0.291218
-0.913569
-0.274404
0.306819
-0.433946
-2.941406
0.607905
1.671780
1.576558
1.116281
-1.747261
-1.624478
-0.165458
-0.176468
1.154249
-0.308661
-1.217797
-1.303701
-0.327160
0.251176
-14.038436
0.358841
0.340605
-0.468867
-3.653738
-0.395338
0.000175
0.326967
1.054908
1.592404
0.536795
-1.614377
-0.049857
0.234612
0.239419
0.327096
-0.614993
-1.226846
-0.699787
-0.341906
-0.251755
0.919633
-1.084489
0.313391
-0.009134
-0.039389
2.323270
-0.477766
0.813004
-1.272854
-0.173554
-0.331091
-0.304065
0.105094
2.056497
0.157383
0.168895
-0.181085
-0.403492
0.601544
1.687109
-1.355199
0.013569
-0.627792
0.753207
0.081119
0.045951
2.705506
1.161375
0.231952
-0.091898
0.996245
0.155200
-0.511081
-0.240908
-0.496958
-1.149816
-0.252991
-1.189810
0.326676
2.006503
-0.540069
-1.311806
0.105167
-0.030504
1.102639
-0.612567
-0.769618
1.004207
-0.071575
0.060161
-0.261639
3.972221
-0.454164
-0.828097
0.519859
-1.205464
-1.629403
-1.136747
-0.187575
-2.497277
-0.563280
-0.672929
-1.147425
0.115336
0.090767
-0.135916
-0.666398
0.720622
-1.693007
-2.285056
-3.568369
-1.179685
-0.560345
-1.566320
-1.259698
0.294573
-8.998946
0.047107
-0.384084
0.421922
-1.955333
-0.315621
-2.062188
2.862546
-0.065201
-0.580632
-0.664774
-0.196364
-9.462797
-0.124038
1.574616
0.259201
0.197339
0.106716
-0.112267
-0.299290
-0.493363
0.197096
0.226235
0.707825
-13.353586
-0.302875
-0.074895
-0.293832
-0.134081
-0.487674
0.186980
3.478760
-0.594653
-0.347515
0.594803
0.674799
-0.056007
-0.602752
0.125461
-0.153384
0.709857
0.582843
-0.169440
0.677521
0.110920
-0.174080
-0.139097
-2.426099
-0.564307
0.218452
0.184950
0.105841
-0.208831
1.774362
0.065133
-1.961405
0.042754
1.835294
0.716459
0.449450
-0.279794
-1.061274
-0.025056
0.130469
-1.363421
0.229831
0.034359
-0.288503
0.648533
-0.558609
-0.464868
1.515793
0.220048
1.333391
3.656107
1.072301
1.087421
-0.629647
-0.085374
8.067296
0.145422
0.703791
0.588176
-0.262664
0.024970
-1.113807
0.429989
-0.196291
0.216224
4.090214
0.065793
0.973191
-0.023617
1.134707
0.610452
-0.000031
1.738722
0.661164
0.387716
-0.700222
0.589425
0.054578
0.638317
2.645802
-1.041314
0.258385
-0.037970
0.812272
-7.418306
-0.354658
-0.465324
0.408751
1.427286
0.118651
-0.196278
0.084567
-0.132544
-0.311987
-0.131621
-1.083724
-0.167868
-0.385460
-1.205176
0.888116
-0.056170
0.174718
0.546667
2.543173
0.793040
-0.313042
-0.483092
7.228913
4.414519
2.149647
0.183629
-0.631341
-0.215212
-0.455471
4.894864
-0.553316
0.031462
-1.365029
0.504501
0.116905
1.638644
-0.356672
-0.295015
0.259522
11.903689
0.728660
0.537824
2.472463
-1.141210
-1.402910
-0.338258
-0.134288
-3.077513
0.951727
1.440863
2.434514
-0.153988
-0.193101
0.173650
5.175623
0.728950
-0.429190
2.328051
-0.001461
-0.119924
-2.006521
-0.122353
0.025749
-0.389034
-2.305171
1.632763
-0.556518
0.104796
-0.050739
0.160411
1.816055
-1.354280
-1.212985
1.169392
0.162272
-0.737647
-0.184418
-0.185141
-1.173010
1.026440
-0.284447
-0.232832
-0.280144
-0.832515
-1.687621
-0.268208
-1.629403
2.419100
-0.088747
-1.822167
-0.731201
-0.542675
-3.479906
0.498025
0.456171
0.046282
-0.169181
-0.208393
-1.391986
-0.365800
-0.382274
1.736005
-0.792782
0.329164
0.304579
-0.069297
-0.951987
-0.249442
-0.402503
-0.214351
0.750106
2.150297
2.405178
1.882290
-0.090181
-0.066797
0.542677
-2.527501
8.201549
-1.180019
-1.237693
-0.869432
-0.929307
-0.394549
-1.482426
1.170822
-0.087665
-0.060436
0.153704
-1.163919
1.133047
-1.265222
0.873433
2.038119
-0.028754
-0.335128
-0.603229
0.538881
-0.338922
-0.116084
-2.323546
-1.730035
-0.230868
-4.110621
-0.126618
-0.066475
-2.123056
-0.684597
0.680540
1.518902
0.177828
-0.643343
-0.408959
-0.447587
-1.236689
-0.624000
-0.054106
-5.881265
0.534547
0.957396
2.068699
-0.065041
-0.876320
0.193510
0.817569
0.252762
-0.762773
8.451162
0.431774
2.558406
-0.061174
2.174856
0.647625
-0.682816
-1.085018
0.122820
0.508317
0.633101
-1.403659
0.068851
0.122607
0.102120
3.151828
0.308556
-3.791738
-6.653061
-0.032074
0.159973
0.169750
-0.140577
-1.516587
-0.225396
1.339578
0.309188
-0.004371
4.973914
-0.457704
-0.112698
2.320919
-0.578078
0.000000
-3.385862
1.687226
-0.035631
-0.192134
-0.069507
-0.998145
-0.064902
1.155593
-0.098538
-0.153043
1.467466
-1.135642
-1.229962
0.149142
0.296567
0.161858
-2.549288
1.307600
-2.814988
4.771438
1.145156
-0.272244
-0.133529
-0.795020
-0.035709
0.594213
3.337904
0.497469
-3.635152
-3.313530
1.454072
-0.211519
1.070428
1.299116
0.172018
0.679557
-0.081272
2.641861
1.505500
0.334300
1.087138
0.175025
-0.629455
-2.484317
1.917517
0.697540
1.013511
-0.241744
-1.207802
-0.533848
-0.186318
-0.009862
0.536346
0.700506
0.229654
0.211763
-1.517851
-0.561441
-1.711893
-0.038812
2.682993
0.143127
-0.870464
0.762057
1.312746
3.951131
0.135789
1.177631
0.894073
1.744915
0.449209
-0.051168
3.560171
-1.656399
-2.768281
0.456330
-0.020725
0.129948
0.594750
-0.464285
-1.480801
0.539767
0.844801
-0.149313
-2.636334
-0.673416
0.004628
-0.037226
0.024845
0.030491
0.358522
-0.273967
-0.159921
2.665426
-0.126224
-2.545474
-0.647562
0.734021
-0.241874
1.796345
0.123088
-0.070530
0.618588
0.459950
0.529579
-0.320819
0.458520
-0.163509
0.790702
0.454747
-0.600364
-0.192134
0.644621
6.576879
0.064544
-0.486081
-0.480006
-0.613613
0.129539
0.393007
-0.172639
-0.168614
-0.233495
0.816226
-1.661929
-0.001496
0.199119
-0.278647
-3.777998
0.299926
-0.129820
-0.209200
3.902983
-0.679957
-1.066045
-1.465885
0.077909
0.018677
0.426192
-0.327058
-0.098392
0.309274
0.776627
0.335953
0.050889
0.078365
-0.062869
-2.252181
1.005402
0.231772
-0.490664
0.950022
-1.179940
-0.665452
-4.615265
-0.621703
-0.671584
0.507881
0.035810
-0.141148
-0.332647
-1.578818
-1.472925
0.322238
-1.757557
-1.282491
0.450020
-0.833370
-0.220411
0.583974
0.094422
0.004395
0.970675
-3.230897
-1.025124
0.612427
-0.152362
0.630807
0.156497
0.128978
0.419045
0.433739
0.836942
-0.314792
-0.156946
0.102379
-0.912157
0.330584
0.450116
-5.198951
0.526862
13.484943
0.024386
2.658386
0.122875
0.363373
-0.833043
0.343052
1.256865
-0.190116
-0.551978
0.254238
-0.884302
3.062900
0.095588
-0.072555
-0.188881
-0.062591
-0.945481
-2.248796
0.213145
1.119133
-0.504822
1.216259
-0.059776
0.601544
-0.039558
3.282731
5.201854
2.928758
0.128265
2.213159
-1.864234
-0.395576
-0.609614
-0.090557
-0.399885
0.863445
0.744340
0.599391
2.797497
-1.411182
1.244594
1.299832
0.944280
0.507895
0.655985
-0.980334
-0.044834
-0.942352
-1.306373
-0.017819
-0.394324
0.255096
1.976830
-0.140578
0.398946
1.701949
0.580022
-0.165112
-2.586042
-4.648067
-1.960058
0.931456
1.302520
-3.938911
-0.022782
-1.226064
0.095204
0.012726
-0.128595
-0.319068
0.471202
-0.946446
-1.723279
-0.042834
-0.037579
1.472471
-0.794762
0.021564
-3.106344
0.653201
0.229615
-0.021133
-0.143517
-0.238363
-0.680680
1.131508
1.520340
-0.217396
-3.584477
-0.655565
1.689559
-0.008747
-0.361147
-0.181511
0.314209
-0.470576
0.782601
1.054319
-0.312097
-0.381105
-0.135535
-0.485292
-1.870436
-0.226918
0.015038
-0.020890
-1.712880
0.341955
-0.083067
0.196703
0.104937
-0.190364
-3.641879
0.818324
1.152210
-2.753151
0.844942
0.956461
-2.520459
-1.791600
-3.986365
-0.165177
0.074482
0.069124
-2.630840
0.787244
0.525101
-0.007102
0.414853
2.523226
0.490848
-0.141783
-0.872559
-0.012585
-4.665687
2.146587
-1.013792
0.848083
-0.391999
1.206712
6.153935
1.911460
-0.012104
0.111757
-0.122500
-2.141315
0.828773
-2.335335
-0.087913
-0.377047
-0.114701
-0.838247
1.931439
-0.924627
0.319114
-0.513309
0.305314
-2.212569
-1.499859
2.989173
-0.201557
-0.407379
0.258555
1.446545
1.958072
-2.487993
0.253988
-0.424291
0.490418
-0.513300
0.108494
8.414201
-1.029278
0.253227
-0.059100
0.299588
-0.025883
1.217403
-1.694840
0.945297
0.057555
-0.562512
-1.323413
-0.993363
-0.141529
-0.946368
-0.223879
0.218831
-1.349501
-0.080851
-1.708376
-4.960619
-1.731133
-0.654014
-0.221012
1.884175
-1.044951
-1.357492
-0.427855
1.031031
-0.262147
0.421273
-0.210086
-0.000557
-3.607982
-1.043780
2.115449
-2.243300
0.248412
-1.983693
1.251517
1.024832
0.057842
6.204735
0.785097
0.781197
0.517276
1.317256
-0.418967
-0.277715
1.083756
-0.877439
0.383098
-0.138238
-0.767957
2.821367
1.799729
0.233666
0.311486
0.653000
0.249357
0.913032
0.776361
-0.887971
-0.085223
2.403856
-0.524030
0.000000
-0.147103
2.819487
-0.277768
-0.524704
-0.084067
-2.787551
-1.200257
0.487153
-0.143269
-0.225995
-1.550232
0.078876
-0.404688
1.531842
0.121929
-0.316174
-0.598488
1.029656
-0.603928
-0.228156
0.023319
0.367075
-0.279872
0.341104
-0.617686
-0.618435
-0.157062
0.042539
0.717759
-0.561313
-0.282866
-0.449550
3.487539
-1.708647
-0.368579
2.167644
-0.178560
0.347603
0.532009
1.874178
0.803396
-3.007983
0.795304
0.174380
-0.484880
-0.046717
1.818479
0.793405
0.713406
0.310123
0.593846
-0.990054
-1.630270
0.376081
1.303701
-2.004270
-0.168143
-0.318510
-0.498268
0.880055
0.374565
5.931133
0.370046
0.441474
0.278796
-1.932158
-0.509892
-0.405502
1.124042
-3.192177
-2.320668
1.076939
-0.047286
-0.091197
0.093134
-0.826740
-2.370937
0.337508
-1.257761
0.387602
-0.745984
0.399075
9.051869
0.382050
-6.352888
0.792838
0.356339
-0.547229
-1.869857
0.436969
0.237355
-1.661378
0.474238
0.318358
0.247477
-0.169393
-0.435066
0.905532
-1.176630
1.173762
-1.830485
0.173642
1.333546
-3.096270
1.089081
-0.590584
-0.524074
2.108986
-0.033117
0.215685
0.251712
-0.738448
-0.194363
1.732695
0.266384
0.783685
-0.375449
0.493076
-3.386405
-0.998928
-0.327513
-0.685930
-1.038096
-0.446265
-3.706062
0.622671
0.355601
0.877245
-0.642184
-1.439314
-2.061127
0.035791
0.400543
0.578493
-0.367637
-0.454145
0.751374
0.286596
0.348815
0.007403
0.130483
0.650989
0.173851
-1.786439
0.000000
1.514736
-0.651002
-0.446994
-0.195095
-0.054161
0.647884
-1.651962
-0.361970
0.474210
0.835172
0.771087
0.389388
4.779232
1.731235
-5.942617
-1.150942
-1.095069
-0.384020
2.091771
-1.493112
-0.051348
0.185068
-0.206627
-0.672010
0.811070
-0.084029
0.224992
-0.782269
1.610023
0.149589
0.636961
-0.651976
-2.630331
-0.070635
0.053231
-0.473842
-0.230361
-0.317129
2.240115
-1.287258
-3.170009
-0.568897
0.296945
0.209810
2.010924
3.237853
-0.787444
-1.758156
-0.186765
-0.090766
-0.715398
0.191793
-2.863222
-0.388874
-0.565456
-0.030779
-0.242117
1.691681
0.478980
-3.975068
0.552571
3.336431
-0.845198
0.626646
0.458494
0.161974
0.487065
-0.080041
0.997625
0.562109
1.642230
0.212625
0.058477
-0.039519
-1.622135
1.946388
0.463893
-0.269884
-0.896473
0.162323
-0.261506
1.295233
-0.015398
-2.281171
-1.240907
-0.298026
-0.779924
1.400468
-0.197240
-0.896414
0.216965
-0.957556
-0.123788
-0.985279
-0.062246
-0.537960
-0.833418
0.352777
1.095627
0.921406
4.075702
-0.490898
0.005201
-1.455604
-0.121065
-0.325223
-0.170668
-0.179722
-0.000964
0.249857
1.000399
1.141604
-0.520101
-0.157037
-0.000573
0.399658
-2.208175
0.552713
0.050703
1.495818
-0.078353
0.249923
-0.533381
0.922969
-0.576482
-2.267162
-0.001864
-0.048982
0.915219
-1.297170
-0.177950
0.080902
0.218593
0.155688
-0.979980
0.474391
2.815140
-1.103471
-0.154596
-0.847282
0.650547
0.161099
1.804964
0.282922
0.123987
-0.334475
3.304982
-0.967370
0.087337
0.000000
0.216166
-0.032848
-0.005961
-0.509330
-14.237962
-0.595926
0.494136
0.962865
1.812720
-1.012821
0.796771
-4.604735
3.136727
-0.128860
-0.227156
0.893464
-0.046528
-0.462566
-0.166678
1.497664
1.666695
1.304515
1.491171
0.683032
-0.232810
0.894596
-0.514248
0.115601
0.000000
1.692602
0.205297
-0.207140
-0.370352
0.493945
0.249601
-0.005757
0.439533
-3.760704
-0.313595
-0.798768
-0.361431
-1.612989
0.485322
-0.895454
0.659195
-0.697749
0.580025
0.091077
-0.469543
-2.400686
0.172859
0.753592
0.591740
-0.238043
-0.406634
1.444164
-0.069413
0.247671
0.065155
1.281871
0.772270
2.075611
-0.957682
0.387721
0.414591
7.796571
-0.854805
0.313765
-4.020218
0.148853
0.297685
0.374877
-1.100598
-0.681720
-1.202335
1.677597
-3.207039
-1.565504
2.657736
-0.124736
-0.231480
-0.274275
-1.116331
0.397366
-0.154175
-0.233402
0.250661
-0.146717
0.487491
1.270669
-1.477026
-0.279104
14.891792
-0.429437
-0.815326
-1.521166
0.792218
1.382074
-0.688818
-0.523630
1.040922
0.363421
1.103170
1.658017
-0.298919
0.005259
0.491853
0.337194
-0.186930
-0.351410
-0.465794
0.366443
-1.199755
-4.899119
-0.006977
0.526486
-0.184002
0.859269
1.800694
0.361632
0.593264
1.102455
-0.042530
-0.892043
0.664443
-0.536330
-0.067505
-0.017143
0.070215
0.094448
0.649063
-1.344468
-0.261160
0.619884
0.132595
0.620667
0.086481
-2.148528
0.308247
-2.106540
0.036514
-3.640602
0.241227
1.796047
-0.087583
-2.026459
-0.018512
-0.140905
0.286665
-1.201296
0.241767
-0.373614
4.465468
7.070172
-0.432518
0.473452
4.205688
-1.516814
-0.463692
0.701873
0.012336
0.996881
-0.054635
-0.384821
0.617531
-0.040130
-0.582098
-5.037799
0.994058
0.314865
3.264198
-1.395380
1.463735
1.862217
-0.837772
8.282889
0.092879
0.533306
-1.241500
0.351023
0.275984
-1.676411
3.046508
0.663910
-1.706844
3.582070
0.514186
-2.650015
0.021066
2.447896
-1.377720
1.062735
2.632894
-0.293628
-0.513521
-1.738620
-3.543561
0.453751
1.501673
-0.095058
-0.384228
-0.382952
-1.490508
1.281531
3.380044
0.991248
0.592788
-1.110519
0.486577
6.572617
1.130009
0.843571
-0.493492
-0.051107
0.282940
3.251208
0.534678
0.103846
0.020360
0.607905
0.215906
-0.123018
-0.287333
0.820559
-0.915027
0.638905
1.159792
0.002784
-0.675076
-0.077668
3.565709
-1.073838
1.173330
2.575936
-0.288358
0.204128
0.157363
-0.096235
-0.915450
-0.157755
-0.186344
-0.258776
1.585197
-0.378233
-0.426293
-0.762367
0.133934
3.583347
0.165799
0.400781
0.283046
1.290701
0.115307
0.793848
-0.131343
-4.835988
0.443877
0.750838
0.521024
-0.028576
0.166777
1.709385
0.686879
3.253722
0.316834
1.344150
-0.179018
0.272642
-0.436367
-0.716137
-0.773570
-0.140463
0.080789
-0.781923
0.137634
0.337420
-3.227777
1.305904
0.840485
0.050120
-0.412669
0.285260
-0.361913
2.436018
-0.198162
3.759110
0.093427
-0.664169
-2.273471
0.031273
0.121728
0.431504
0.514187
0.431948
-0.138959
-0.289061
0.336132
-5.737383
0.385790
1.493216
-0.195916
0.870000
1.615876
1.462040
-0.575696
-1.257013
-0.707063
0.556146
-0.079666
-0.189253
0.111269
-0.475282
-0.082372
-0.288442
-0.620624
0.573205
-0.004456
-0.326441
-0.868663
-0.530567
1.011482
-1.524680
-0.316608
0.568316
-0.759421
-0.024850
-6.409076
2.985503
-0.868943
-3.126082
-0.115081
3.585704
0.446818
0.138894
-0.223516
-2.085196
0.342763
-11.788762
2.761314
-0.127847
-0.638264
1.112162
-0.493598
2.141365
1.749282
-1.918438
1.248295
-1.692395
-0.725310
-1.269504
-1.447142
-0.175427
0.373434
-2.524530
2.151074
0.923519
0.652154
0.120664
-1.086500
-0.408292
0.141859
3.225149
4.814221
1.052556
-0.589597
0.003186
1.350985
-0.431956
-0.096322
-0.235499
-0.044651
0.459905
-0.021339
1.182923
0.242231
0.700543
-1.084021
0.131130
2.376408
0.456528
0.528142
-0.638715
-2.388810
0.171813
0.409971
-0.613745
1.945334
-0.291618
-1.195924
0.149372
-0.208226
-0.473631
0.146743
3.043814
0.757417
3.279359
0.967462
-0.317381
0.426076
-1.786432
-1.237875
1.096262
0.207758
0.974724
1.046798
1.953375
-3.688860
-0.504217
0.699528
-0.381366
0.494136
2.914876
-1.265232
1.317015
-0.415147
1.289722
1.953375
0.176749
-0.204606
0.736052
-0.141061
-3.686014
0.102606
-1.180330
-2.478740
-0.287279
2.378677
-0.087179
-0.271860
-0.545281
1.558056
-2.263542
0.114983
-0.568223
-0.400494
3.173670
-0.008947
8.653735
0.363720
0.052841
-0.120837
-0.499103
-0.242170
-2.522893
-0.356242
-0.180562
1.609648
-0.563766
3.414740
-1.177945
-0.706648
0.000000
0.673355
-0.304618
0.310416
-0.229268
-1.210445
0.300788
0.512084
-0.232996
4.219094
0.292844
-0.176304
0.678028
0.646327
1.592303
-0.388379
-0.047154
-0.835267
0.077419
0.603074
-0.093720
0.303628
0.767312
0.178947
-0.105338
0.267056
0.442436
-0.647860
2.528847
-0.484855
-0.479183
-0.733037
0.584315
0.190377
-0.648231
1.046450
4.619942
-0.735544
0.287768
0.226103
-0.471313
-4.496671
-1.104294
3.453723
0.211732
2.111695
-0.016551
-0.969016
-0.239223
0.634345
-0.313437
1.818051
-0.528016
0.199666
0.364099
0.327975
1.538070
0.000000
-3.873547
-0.563189
-1.567313
-0.001730
-2.069642
-1.134765
-0.971327
0.152401
-0.375535
4.894815
2.002490
0.042589
-5.367882
-1.118991
1.497221
3.105118
-0.173899
1.556940
-1.466895
0.092334
1.542172
-1.308445
-1.797793
0.048079
-0.009743
-0.685192
-0.273755
0.080488
-0.398792
-0.256268
0.283683
0.679129
-0.067915
-0.520984
-1.408522
-0.256791
0.339898
0.692399
-0.689131
0.225758
0.022666
0.071904
-1.323636
-0.398661
-0.114123
-0.886684
-0.314374
-0.221332
2.996924
-0.240054
0.399916
0.011966
1.908402
-1.932980
-3.505197
-5.325605
1.518282
1.653643
1.584650
-0.747867
0.968421
0.242455
-3.202664
-0.786023
-0.094465
-0.694739
-9.270674
-4.029969
1.067006
-0.447135
-0.154505
-1.897094
0.292686
2.107066
0.244551
2.103232
0.554491
-1.290610
0.407750
0.350147
0.258359
0.829178
4.622780
0.053585
0.049856
-0.423438
0.403209
-0.271529
0.147117
-1.497746
-1.194623
0.432407
-0.848571
-0.051642
-0.764770
0.749088
-0.582688
-0.322203
-1.484678
0.793414
-0.954347
0.040943
-1.051565
-1.163572
0.462824
0.395349
-1.666397
-0.714372
-0.502941
-0.174987
4.377056
-1.964890
0.430773
0.194796
-0.771163
-1.022256
-3.575528
0.388528
-0.083535
1.645208
-0.032302
1.479066
0.598327
1.467953
-0.772831
0.175428
-0.056379
-0.207312
0.099141
-0.532052
-1.077855
0.142013
-0.689104
-0.913474
0.184787
-0.583530
0.016620
-0.204022
0.381018
1.134741
1.423495
-0.858636
-0.395150
-0.220954
-0.067423
0.146792
0.384530
-1.888464
-0.340603
3.526960
-1.371279
1.407703
0.343509
-0.531172
0.274608
-1.168665
1.371595
0.295191
0.069888
-0.727507
0.064623
1.012427
-3.213751
-4.063013
0.039793
-1.952804
-0.442669
-0.243579
-0.912664
-0.525393
-0.424897
-0.359922
0.275704
-0.813716
-0.227272
-0.450289
-0.116821
-0.626977
-1.193691
1.331986
-1.581754
0.968831
-0.278010
-3.802344
-0.704356
-0.012109
0.929456
0.787490
0.490496
0.154560
1.031374
-1.209304
-3.132629
0.035635
0.861845
-0.867082
-0.360670
-0.315473
-0.364532
0.140739
-1.108984
0.107096
0.118010
-0.034669
-2.643279
0.073274
1.100785
-0.368933
-4.476816
0.923075
0.962930
0.158902
-0.504372
1.641518
0.594887
2.535599
-1.089187
-1.900028
-0.004281
-0.541127
0.715492
-0.168968
-0.116417
-1.069630
-1.659159
-2.689972
0.217936
0.378972
0.925069
0.282000
-1.328605
-0.278706
0.617853
-0.171145
0.609793
0.274909
0.520511
0.807697
-1.198696
-1.050339
-3.199590
6.749570
0.170678
-0.247588
0.209632
-0.313154
3.651525
1.857586
12.605365
-0.913427
-0.636414
-0.102495
0.413458
0.168499
-0.924667
1.246817
0.277465
-0.325219
-0.702298
0.483575
0.108978
1.911868
1.301486
-0.608562
0.283647
-0.702560
-0.722594
-0.161140
0.196640
0.078061
-0.097509
0.818386
0.200662
0.873733
1.087494
-0.251304
0.087035
0.202282
-0.570530
0.010696
0.881084
-0.606138
-0.558830
-0.649008
5.636177
-1.757173
10.369447
0.592400
-0.555345
-1.180517
-0.526921
-4.250871
1.633572
0.719152
0.134706
0.492290
0.068476
-0.134990
-0.356752
2.067460
-0.911852
2.420154
0.485059
-0.474672
-0.385881
1.093812
-0.908717
-0.612596
0.247646
0.966267
0.918111
0.511496
0.731969
0.011739
0.001743
0.336177
0.508711
0.229657
0.157162
-0.813840
1.241430
1.216374
-1.780043
1.718531
-1.692468
1.463090
-1.218322
-0.673972
-0.050444
-0.026155
-0.115210
0.269037
-0.117703
-0.765593
0.196314
1.450195
-0.444230
-0.163046
0.084160
-3.686901
-0.553150
-0.190559
0.038879
0.765877
-0.355022
0.751434
1.049339
-0.622732
-0.237066
-1.033776
-0.461748
-1.634561
-0.369798
-0.739112
1.223309
0.696744
-0.359345
-1.909200
-0.262772
0.027857
-0.551341
-1.049005
-2.123462
1.068774
-0.670788
1.390562
-0.389796
0.082112
0.451316
-0.462460
-0.094526
1.131731
1.441409
1.169337
-0.604303
-27.890722
3.941295
7.101283
0.695083
0.213467
-0.095769
-0.816174
0.259611
0.111582
0.854321
0.011996
-0.572860
-1.214501
-0.014612
0.626970
-1.371886
0.015959
-12.714294
0.653163
0.733203
-0.103103
-0.656449
-0.519809
1.481201
0.774513
2.060700
-1.360472
0.354015
-0.122048
0.142524
-0.313036
-0.482808
-0.159310
-0.434785
0.206009
-0.015667
-0.050810
-0.167096
1.797149
-2.626392
-0.143128
0.623730
1.477296
-0.982368
0.006432
-0.865291
0.342366
-0.157994
0.628719
0.634508
0.125228
-0.480423
-0.477708
-0.587615
-0.466817
-1.011525
-0.071098
0.426419
0.070274
-0.056034
-2.269249
-0.363450
0.748390
5.680948
1.039781
0.074386
1.198676
0.304848
0.965259
-6.451285
3.134070
0.148102
0.203032
-1.209609
1.385036
-0.088952
-0.147455
0.393926
-3.276329
-0.792782
-0.850627
-0.322683
2.475439
-2.342434
0.077224
-0.901251
0.508197
-0.898791
-0.123485
0.099725
1.280289
0.004842
0.011523
-1.164257
-0.981050
0.307290
1.788418
-0.146211
0.169990
-0.278792
3.607260
0.585414
0.342808
-5.116206
0.728780
-0.059377
9.748117
1.013471
-0.357318
-3.465536
-1.464939
0.785062
0.295314
-0.018736
-1.116477
0.250240
-0.475947
0.306281
0.656341
-1.571079
-0.317970
0.163200
-2.098032
-0.657964
-5.376449
0.142413
0.378761
0.334438
-0.826444
-0.326592
-1.693062
-0.191735
-0.263274
-2.216966
-0.672135
0.111195
0.970945
-0.803319
-3.171091
0.231572
0.381401
-0.433061
-1.157461
-1.129679
0.054030
-0.037506
-0.076185
0.958295
-0.762146
1.290513
-0.776605
0.624605
-0.113372
-0.819510
-0.041503
0.778486
-0.206935
0.401251
1.840406
0.113851
-0.657982
0.028189
0.415159
-0.387580
3.077261
-1.354105
-0.777178
-0.119560
0.117104
0.663400
0.206975
-0.352714
-1.226824
0.668423
-0.483506
0.234660
-0.439961
0.390485
0.980232
-0.095523
0.262433
0.191195
0.369456
-2.142259
0.003299
2.185198
-0.605635
-0.235176
0.618842
-0.617349
1.193657
0.303570
-1.116815
-0.392909
-0.358026
2.221684
1.283856
0.344933
0.684914
0.713403
0.509372
0.458390
0.454232
0.916032
-0.244317
-0.303239
1.033816
0.150823
2.918003
-3.107633
-0.063179
-2.653837
0.626480
-0.761931
-0.016096
0.219699
2.455342
0.464797
0.096033
1.119792
-0.269658
-4.505284
-0.629814
3.141475
1.502787
-0.979383
-1.880209
-2.838653
-4.251632
0.001990
-1.323021
0.159709
-0.224159
0.649079
2.459001
-0.401259
-0.113213
-0.140749
2.137048
0.021523
-0.704317
0.994182
0.468415
1.143443
-0.251009
-0.031991
0.056622
-1.751426
-0.393874
-4.898271
0.846175
-0.026685
-0.513067
0.434899
1.250874
0.651294
-1.619483
0.001898
0.524065
-0.324138
2.059340
-0.978225
0.481458
0.162037
0.087150
-0.549294
-0.809845
0.565068
-1.246067
-0.355374
-0.652130
-1.250496
-0.059797
-0.452436
0.211714
-2.957167
1.300396
-0.206489
-0.095664
0.858036
-1.395292
-0.232974
-1.646244
-0.545955
-1.016552
1.503320
-0.020073
0.629205
-0.168404
0.057043
-2.028379
-0.405262
0.472468
0.553395
-0.508704
-0.011176
2.599967
-0.151942
1.494947
3.565066
-0.517590
-0.614596
0.300303
-4.331833
2.093233
0.387705
-2.617910
-0.499987
-1.291984
-0.259617
-1.863144
-0.240637
-0.243526
-0.336544
0.521696
4.891114
-1.456631
0.204500
-0.772744
0.660248
-0.932141
-1.136042
-0.039486
-0.411967
0.773377
1.643470
0.079165
-5.502723
-0.527636
0.549663
0.779423
-0.464157
0.135706
-0.067465
-1.590426
-0.749213
-0.896476
-1.242149
0.613727
0.068416
-0.140294
1.289374
-3.453911
-0.806889
-1.027732
4.888969
-0.964051
-0.637344
-0.336954
-0.219442
-1.273447
-1.524160
-2.453298
-0.008671
-0.035017
-1.143713
0.534610
0.453965
-0.705216
0.578614
-0.333683
0.208948
0.295357
-0.746745
2.883778
0.189077
0.202420
-5.172484
0.103965
-1.709202
0.036671
0.477782
-0.577269
-1.477653
0.343708
0.943327
-0.085109
1.545585
-0.796596
0.140295
0.324964
0.149483
-0.126988
-0.688693
-0.595607
2.242362
0.184242
11.183671
-1.363550
-0.405948
-0.539981
0.333241
0.598655
0.588413
-0.909999
0.050018
-0.122992
0.247725
1.529645
-0.622561
1.877105
-0.081380
1.002045
0.129426
0.955900
0.191078
0.016055
-1.298390
0.103676
-0.083856
-0.351802
0.250631
1.337555
2.603716
4.498888
-3.394686
0.538332
14.550423
1.304656
1.228920
9.105587
-2.145963
-0.019392
2.612177
0.557436
-0.197226
6.502703
-0.466138
-1.119584
0.810795
0.131144
-1.002549
0.811509
0.398681
-0.130343
-0.643094
-1.303295
-0.277491
0.064634
3.990381
-0.196269
0.072849
-0.294246
3.480333
0.836009
-0.189360
-0.119044
3.270897
-0.737449
-1.058678
0.026728
-0.574507
-0.433713
-0.790350
0.998762
-1.097534
0.342767
1.303156
1.281642
0.368826
0.236317
1.377481
0.377557
0.881615
-0.695344
-1.349152
0.387756
0.114456
-0.452975
-0.844372
-1.534658
0.183892
0.856493
0.407095
-0.050804
0.460696
0.193389
-0.332950
-0.209422
0.072118
-0.257845
0.780683
-0.239785
-0.494376
-0.389260
-0.686016
0.569182
0.151805
-1.031351
-0.449017
0.527423
-0.006966
-0.347802
1.499479
0.551113
-0.179876
2.280353
0.806296
0.784385
-0.141042
0.154526
0.114632
-0.423941
1.055973
1.206316
-2.600340
-5.132635
-0.015453
0.517054
-0.165603
-0.320185
1.139177
-0.104072
0.686976
0.029708
-0.046355
-0.001190
0.216097
-1.221174
2.012048
0.115668
0.320982
-0.369817
-0.139761
-3.833818
0.038982
-2.146125
-0.038100
-0.361071
0.122030
-0.113245
-0.194181
-0.628335
-0.148990
-0.712064
0.458085
2.783167
-0.201946
-0.346475
0.200057
-0.091585
-0.541378
-2.437523
-0.109428
-1.346780
0.842377
-4.118993
-0.198370
-0.530172
-0.422136
-0.841686
1.006008
-0.156184
-0.767511
-0.074743
1.770502
1.101495
0.000831
-8.845701
-0.027905
0.190841
-0.826622
0.313605
-0.931397
-3.748760
4.726855
-0.327678
-1.205861
-0.721579
-3.126568
-0.845773
-0.409884
3.117624
-0.397007
-0.066636
1.368517
-0.031481
0.225754
0.562885
0.441816
0.668429
-2.337193
-1.538753
0.063380
0.018350
0.407472
0.298096
0.208512
0.334825
-0.084807
-3.380816
-0.969016
-0.823864
-0.971684
0.936282
-0.156042
0.107818
-0.381376
0.908309
-0.206655
-0.172801
-0.099729
3.108576
-0.025288
-0.824122
3.435338
-0.362851
1.631970
-0.223491
0.559698
-1.064387
-0.082413
0.192537
0.574718
-1.868782
1.622057
-2.208008
-0.200720
0.673404
0.435027
0.153738
0.463419
0.304330
0.000000
-0.543311
0.494742
1.130151
0.063145
-9.736846
0.735665
0.126259
-0.002528
-1.499859
0.663425
-0.780674
0.209531
-2.085423
-4.249692
-1.242483
-0.290356
-0.453943
0.605461
0.201118
-1.948590
-3.404376
1.999988
0.811876
-1.071063
2.261349
-0.226771
0.766127
-0.204517
-1.805547
0.672378
-0.058001
2.141231
1.101978
0.160068
-1.204014
0.092400
0.132796
-0.968586
-1.235277
1.431764
0.158619
-0.591141
-0.885009
-1.462174
-0.982358
-0.070785
-0.695470
-0.071677
-15.601761
-0.228233
0.769558
-5.533661
0.790566
0.230515
1.122791
-0.092020
0.227407
-0.630892
0.439916
-0.534245
-0.994746
-0.669971
-0.755620
0.268170
2.805548
0.388600
-0.647952
1.224290
-1.735629
0.083892
1.473188
0.547215
1.922184
-0.211926
-0.185692
1.743161
-0.740012
-0.608245
0.185256
0.192624
1.766560
0.276150
1.084863
-0.071772
0.181536
-0.029535
0.735321
1.320601
0.167898
-0.624367
-2.632188
0.516085
1.150286
-0.335141
-1.112369
7.045778
1.173908
0.960132
0.390287
0.883506
0.061766
-1.206036
1.859062
0.670706
-1.041572
-0.048737
1.492512
1.388019
1.512933
0.577717
-0.461048
-0.794902
1.713234
-0.094909
-0.416193
0.008650
0.000000
-0.701967
0.360132
0.370716
0.964577
-2.624639
0.841398
-0.641511
0.292960
-0.445799
0.007437
0.083662
-0.515279
-0.032127
1.086119
-0.241638
0.214165
0.158103
-6.097088
-0.111927
1.697425
-1.700780
-1.102690
-0.674705
0.295807
-0.173101
-0.851042
-0.246462
0.038625
0.387359
-1.158759
-0.076088
-0.276963
-0.868034
0.675381
2.331609
1.240120
-0.270363
-0.772368
0.563229
-0.103982
0.663655
0.075579
-0.167896
0.807483
1.016755
-0.286576
-0.477488
0.608018
0.109062
-0.655465
-0.430165
0.819136
0.161155
0.177571
0.588029
-0.610864
2.397390
-0.118728
-0.939404
0.122702
-0.108116
0.137638
0.225486
-2.136346
-0.103277
0.468216
-0.120618
0.290160
0.147569
3.282453
-2.496248
-0.784335
0.042443
-0.512365
0.210423
-1.740529
-3.291110
-0.569560
-0.001344
-0.377033
-0.175569
-0.175569
-0.517569
-0.473760
0.987845
0.572636
-0.886394
1.678593
-0.356948
13.555541
-1.088077
-2.900440
-0.865606
1.628675
0.373823
0.495451
1.089427
0.028513
-1.123508
-0.194702
-6.710834
-4.420567
-0.099171
0.219592
-0.566695
1.026502
0.167326
0.110632
0.493912
-0.624071
0.432013
0.635035
0.370310
0.732181
-0.022278
0.055666
-0.894159
0.336043
-0.080411
1.316078
-0.071929
0.583038
0.871096
-0.050739
-0.168735
0.455064
-0.808935
-0.459323
0.594260
0.570288
-0.041750
0.047366
-1.167612
-1.224062
-0.347425
1.181219
1.073433
4.147150
0.999204
-0.480610
-0.924409
0.081889
2.148710
-0.471244
0.069692
-0.157148
1.814723
-1.256038
0.014257
0.720366
2.961366
2.046477
1.256865
-0.924730
1.304949
0.754947
0.772172
-0.083804
-1.571441
-0.076380
-0.089714
-2.551248
0.724727
0.208507
0.388604
0.553995
0.409694
-0.687144
0.570899
-0.246770
1.120841
0.216652
0.531407
0.372274
-0.395631
-0.746629
-3.022139
-0.782336
-0.384746
-0.054070
0.657812
-1.063807
0.652766
-0.665429
-0.335400
-1.089689
1.288718
0.465563
-1.004354
0.417211
0.188804
0.132860
-0.020660
1.614202
-2.607196
-0.437381
-2.668567
0.105991
0.329491
-1.123722
-0.490360
1.548214
-6.191572
0.022918
-0.226786
-0.840609
0.625739
-3.575717
0.156513
-0.607413
-2.687864
0.316051
-2.337335
0.232985
-0.402195
-2.432131
-1.288335
-0.119440
-0.251718
0.381535
-0.085254
-0.778939
3.455641
-0.056071
-0.735509
0.905292
-4.045849
-0.091915
0.622084
0.248779
0.620920
-1.157725
2.403454
2.452811
0.753345
3.024226
5.799938
0.497186
0.389489
0.093335
0.647073
-0.437020
0.078835
-2.438448
0.201255
-0.250861
0.846077
0.265222
-9.932265
10.892522
-1.102925
1.260135
-0.149695
-0.156210
5.138644
2.737822
0.306829
1.392661
1.980696
-1.958992
-0.439365
-0.331539
-0.127441
0.147032
-1.869087
0.127342
0.456725
-1.324661
0.773830
3.189315
0.074193
0.702999
-0.176238
0.128327
0.861243
0.675178
-0.336185
-0.127282
-1.654499
0.303728
-0.036854
-0.204921
0.119719
-2.315842
0.070063
0.041728
-0.025353
1.254456
-1.470965
0.420415
1.092371
-0.188932
1.110316
-0.271261
1.333502
-2.211474
0.117738
-0.639335
2.853000
0.629627
-0.981856
0.150094
-2.205448
3.276552
2.372331
-1.270620
0.396450
-0.060175
1.322473
0.621839
0.505081
0.532992
1.293801
1.645444
-0.111949
2.907319
1.435645
0.787244
-0.961492
-0.055607
1.226172
0.216535
0.737940
0.462726
1.341658
-2.196096
-0.267826
-0.488466
1.721529
5.013713
2.972322
-0.113236
-0.297135
0.863548
0.510514
0.100499
0.475086
-0.181440
2.705506
-1.468538
0.111265
0.594256
-0.237693
-0.128184
-0.837833
-0.325620
5.147991
-3.451788
1.362496
2.267107
2.556810
1.905124
-0.605136
-1.286692
-0.602086
2.625641
2.052695
0.967719
0.078769
-5.071060
-1.529176
-0.363000
4.632683
1.856376
-0.006327
0.073048
1.174678
-0.306732
-0.428302
-0.764413
-0.570490
0.081171
-0.574308
0.649069
0.489274
0.579919
0.289138
0.182078
-0.829244
-1.839085
0.342466
0.659828
-0.916857
0.306101
0.829197
6.088512
-0.401114
0.017951
1.741537
0.654242
-0.943821
0.505210
0.349214
-0.573544
-0.215648
-0.565578
-0.048225
0.384331
0.043545
0.436985
0.423262
0.194078
1.080814
4.171893
0.459001
0.394583
0.376463
-1.697104
-0.200991
-1.195704
-1.701971
-0.210409
1.148111
1.463312
-0.282249
-0.552790
-1.094462
0.517359
-0.803164
3.761758
-2.017325
-1.054785
-0.003502
2.013783
-0.212279
0.043944
0.087358
-0.455862
-0.475494
-0.013075
0.090687
0.401523
-0.190338
0.719108
0.449556
-0.095571
-0.614715
1.028446
1.871361
0.760725
1.049269
-8.054113
-0.405141
-0.424154
-0.268689
0.320496
-0.233565
-0.164170
1.451731
1.656787
-0.191802
0.321233
0.134006
-0.713992
0.038355
0.705197
-1.124067
1.776434
0.176998
-0.230963
0.314865
-3.025660
0.061820
-0.578376
-0.327167
1.106865
1.081938
-0.518179
-0.454606
1.783685
-0.181071
0.017217
0.103543
-0.846593
-0.006465
0.303484
0.014802
0.878663
-0.346219
1.873499
0.059925
0.966695
0.799947
-0.413382
0.650420
-0.664062
-1.899584
-0.348410
-1.549102
-1.207891
0.429689
-1.465506
-0.286239
1.081829
2.963374
-1.524550
0.515449
-0.205827
-0.694364
0.497532
-7.896716
-0.539975
1.442825
-0.210819
-0.076938
0.619152
0.026631
-0.224210
-0.970407
1.585419
-0.172834
-13.449478
-0.092163
-1.432626
-0.363588
1.375368
-0.126135
0.895221
0.146471
-1.136444
-0.005783
-0.187486
5.854521
-0.313069
-2.508141
0.372838
-0.937193
-0.218198
-1.006196
-0.560310
-1.069357
-2.250645
-0.584389
0.637571
1.796843
-0.543072
-0.158246
0.784631
0.875188
-1.407730
-0.761943
0.296775
0.221556
-1.714304
-0.254406
-0.240517
-0.285546
-0.193289
-1.584718
-0.833198
0.672081
0.118037
1.568736
-1.857998
-2.527447
0.098181
-2.592746
0.281929
-0.146394
-0.592992
-0.207323
-1.529258
1.103144
-0.312832
0.067214
1.895462
-0.229746
-5.836782
-0.771970
-0.076859
-0.285517
-0.389935
-0.434580
-0.138767
-0.224670
-0.699832
-0.287982
0.511039
-1.008993
15.212181
-3.226409
0.342553
0.742811
0.470967
-1.199580
0.311175
-1.441742
-0.378325
-0.025071
-1.092764
1.323549
0.146952
0.094042
-0.347231
-2.010483
-0.027336
-0.954464
0.500109
0.000000
-0.785857
0.019887
-0.398014
0.523863
-1.338628
-2.060119
-0.591382
0.226126
1.411331
-0.332981
-1.421793
-0.656938
1.523286
3.225797
1.443316
2.460816
-0.400499
-0.156486
-1.255798
1.471203
-0.330992
-1.569681
1.676986
-0.550073
-0.721826
-0.904403
-0.426241
-0.596148
-0.735485
0.641508
0.903055
-0.291642
1.169332
0.496626
2.865184
3.007301
0.257429
-0.065320
1.520559
-0.671671
-0.137922
-0.175241
-0.082311
-1.716122
-0.181926
-0.353201
-4.332201
-0.068637
-0.452764
0.095267
-0.014879
0.834376
-0.332268
-0.317195
-0.118888
0.379655
-0.521710
5.473076
-10.957106
-0.076000
6.391724
0.000000
0.526810
-2.196408
0.373211
-0.456306
0.645340
-1.018401
0.494069
0.374414
0.301287
-0.371145
-0.606568
-0.975860
0.034541
-0.942918
0.696748
-0.177978
0.552101
0.502081
3.013587
1.662426
1.298028
0.123987
0.871831
-2.133615
-4.740255
1.465082
0.409968
-0.374795
0.238813
-2.004058
-0.198553
-0.257188
1.840847
-1.129492
3.367719
-1.048275
-0.336493
-0.005589
0.243482
3.443219
1.399092
-0.449393
-1.556022
-1.045679
1.891516
-0.890757
0.189290
-0.208265
0.286978
-0.226768
-1.097544
-0.150104
0.156153
-0.020707
-0.084162
-0.174755
0.027178
1.184157
0.728764
0.135966
-1.736260
-0.296156
0.219066
-0.560571
-2.137334
-1.082889
0.445512
0.339778
1.728622
-0.048963
-0.206889
0.329057
0.175229
-0.975641
4.265443
-1.353676
-1.621681
0.023768
0.283569
2.700005
0.357145
0.550254
-0.035431
-0.099370
-0.327348
1.280145
-1.452216
-0.580233
3.204857
-0.131842
0.221573
0.171578
2.188448
-14.310271
-3.466076
-2.182657
1.512425
0.176308
-0.184012
0.107364
-1.461725
2.536885
0.126541
1.325528
-1.915708
1.099003
-0.085991
-0.156884
-0.117338
-0.000855
-2.612680
-6.283076
-0.121601
-0.483192
0.133395
0.185947
0.134678
1.526862
-0.336726
0.792456
0.418293
-0.785959
2.225629
0.307001
0.572548
-2.329617
-0.665429
-0.870786
0.410891
0.396272
-0.421286
0.501259
0.289577
-0.039067
1.016709
-0.195642
0.772933
-4.009484
-6.472989
0.135444
-0.742369
0.180579
-0.314627
2.185117
0.209365
-1.018813
-2.359481
2.001849
0.977069
0.088230
-0.642785
-0.709750
-0.584437
0.458210
-1.973928
-0.377867
0.017611
-0.862906
-0.617170
0.103382
0.089421
2.070868
-1.559393
0.027124
-0.511081
0.422326
0.355367
0.108902
-0.210765
0.479284
-0.114113
0.049092
-0.920585
0.258696
-1.779304
-0.533478
2.657102
-2.419772
0.177668
7.087142
0.063465
0.139092
-0.117786
0.620528
0.866689
-0.150986
-0.870582
1.591799
1.217222
-0.098346
0.209796
0.202516
0.863548
0.548580
0.106791
0.829389
-4.858386
-0.437721
-1.184954
-0.217316
0.350661
-3.420269
3.941932
-0.944461
-0.856022
0.758259
0.788436
-1.051931
-0.367063
1.507300
-1.380766
-0.388606
1.041355
0.303835
-1.131520
-0.468867
-1.744190
0.423869
0.057639
1.322191
-0.315216
0.893700
-1.021138
0.568523
-0.315049
0.311899
1.062500
-0.864397
0.396719
-0.510650
-0.150475
-1.136482
-0.822036
0.594032
0.150108
0.007594
6.728605
-0.304970
-1.210969
0.807266
-0.311577
0.275356
0.702480
0.067887
1.564140
-0.310514
0.221381
-0.769658
2.202801
-0.227142
1.262539
-0.767069
-2.037373
3.066628
1.054196
0.941643
-0.022228
0.371139
2.576375
-0.756542
0.262430
-0.664193
-0.586217
-0.721773
-1.751282
-0.066220
1.544311
1.698958
-1.059916
-2.493138
-0.218676
-0.086375
0.701629
-1.189235
-0.148945
-2.268077
-1.083581
0.874007
0.560119
-0.206786
0.152434
0.896982
-0.554986
1.595892
1.059414
1.451458
-0.091652
-0.083656
-1.488397
-0.028348
-0.113560
0.037892
8.740401
0.225638
0.524076
-0.709100
0.807923
-0.075157
-0.271749
0.551077
0.587808
0.009676
2.590737
0.201029
-0.371961
-0.910431
-0.058441
1.228540
1.209219
-0.098929
0.723057
1.001944
3.126847
0.239155
0.442842
-0.358025
0.077294
-0.097393
-4.398743
-0.019821
0.185406
0.084800
1.231865
-0.003416
-0.170721
0.185568
-0.124697
0.062294
-0.324516
1.385784
-0.591734
-1.048140
2.578922
-0.069385
-0.232501
0.825387
-1.828772
-0.136813
-3.852198
-1.372741
0.915919
-0.839195
0.222422
4.044458
0.106506
-0.263441
0.487216
-0.997233
0.059360
0.456076
0.141972
-1.083500
-0.714119
0.000000
4.619942
-0.192134
-0.034077
5.109520
2.138492
0.191278
0.238360
0.886708
-0.267234
-0.804709
0.098611
0.063187
-0.560346
-0.716739
-1.109656
0.370375
0.498666
-0.122532
0.460184
0.743694
-1.868337
0.670530
0.407283
1.713135
0.167310
0.928900
-1.065724
-1.421311
-2.625087
-0.125853
1.208426
-2.645630
0.245203
0.411695
0.488807
-0.329647
0.691321
-1.518642
1.201845
-0.410593
0.655486
2.657002
0.039438
-3.851012
-0.541169
0.356331
0.512726
0.215764
-1.954942
-0.224027
0.214794
0.114491
-0.983575
-0.981274
-0.677145
-0.137479
0.077224
-0.441719
0.054295
0.351125
-0.648374
1.325785
-0.274420
-0.974830
-0.172906
0.651373
-0.838914
-0.879001
-1.744190
-6.073570
-1.407665
1.355425
-0.340504
-2.522778
-0.222750
0.885174
0.621397
0.130110
1.152050
-1.240365
1.991782
0.630557
-0.981253
-2.280083
0.051856
-0.696216
0.053722
-1.375818
-1.142231
0.911930
-1.673235
0.567759
0.518463
0.356502
1.774621
0.584159
-0.452187
-1.633237
0.394673
-0.665771
0.885024
-0.010935
-0.943614
1.564177
0.045338
-0.395599
-1.193038
-0.264924
-0.077960
0.717276
-0.366722
0.519962
-0.105890
0.323095
0.198903
-0.051034
2.232057
-0.179872
-0.239850
1.018436
-0.372332
-0.145181
-0.156529
0.180232
-0.623876
-0.775391
-0.204802
-1.790490
-0.170735
0.128865
0.148119
-2.718789
1.298358
1.948048
-0.823118
0.111715
-2.161573
0.085387
1.523602
0.991049
-0.106060
0.573962
0.126837
0.412274
0.086141
1.133531
-0.357415
-0.530994
-0.614715
-0.377637
-0.165935
0.368616
-0.887999
-2.306105
-0.074842
-0.076807
-0.805874
0.101818
-0.275929
0.044361
0.325174
-0.579389
-1.278046
-0.117104
-0.088110
-0.008352
0.570374
-0.676275
-0.323895
3.444885
-0.263287
-1.638549
-0.372864
1.603297
-1.501527
2.050753
-0.108745
-0.470667
-0.129240
-0.656703
1.097949
-0.564874
-0.008215
0.840785
-7.115319
-0.005863
0.180302
2.669329
-0.517126
0.300863
0.210874
0.476431
-1.171244
0.983002
0.277666
1.238634
0.454990
0.254603
-2.533044
0.677364
-0.044499
-0.081915
-0.010320
0.010955
-0.106188
0.411791
-0.260733
-0.664525
0.269471
0.126637
0.033515
-1.636972
0.000649
0.073889
0.189025
-0.099730
0.562649
-0.521373
0.190784
-0.865109
-0.153774
-0.141554
-0.349021
-1.721624
0.812935
0.073031
0.098810
-2.451953
0.204792
-0.273361
0.006590
-0.321700
-0.002414
0.324906
0.018799
-0.033892
-1.428676
-0.055472
1.588293
0.630787
-0.009080
-1.400216
0.071079
-0.220904
-0.620971
-0.504704
1.275542
3.020807
1.839439
-0.801988
0.358188
1.076024
-0.857443
1.250056
0.466983
0.228870
3.180660
-2.725611
-1.036335
2.228120
-0.041764
0.769476
0.346198
-1.089055
-1.288388
-0.457923
0.545220
-0.688194
-0.535891
-0.323225
1.038460
0.837906
0.738720
1.236768
-1.134924
-0.047721
0.194278
0.447106
0.401488
-2.881581
0.096135
-0.265750
0.345791
0.705030
-0.086115
-3.400111
0.073168
0.171600
-0.273758
0.228557
0.018179
0.108825
-0.578982
0.361831
1.878578
-0.516780
0.087321
3.931541
-0.168089
-0.860962
4.419963
-1.617072
0.967676
0.347036
0.228340
-1.985238
-0.897491
-0.014438
0.168867
0.203107
-7.027723
-1.736231
0.450277
-0.243948
1.130953
0.501798
-0.170735
-2.845221
2.245020
5.447701
0.005188
-0.077008
-0.395093
0.197791
-1.207945
-0.290431
0.338477
-1.161998
1.075873
-1.944272
0.912649
-0.141783
0.538705
-0.090557
0.036564
0.049934
-0.984924
-0.142193
-0.124342
0.123416
0.872913
0.835384
0.941737
2.133276
-0.772255
0.115097
2.905472
0.664397
0.000000
0.425020
0.668063
-0.476137
1.291647
3.388664
-0.634106
-0.133062
0.235070
-0.163367
-0.215786
0.584891
0.459237
-1.587856
0.583689
-0.223115
0.259524
-0.766881
0.494370
1.878157
-0.915725
-0.532966
-0.042306
-0.725216
-1.511724
-0.560345
0.345154
-0.098589
0.650981
-0.378739
-0.745759
-0.438948
-0.462695
-0.786231
-0.057215
0.734874
1.028679
0.596110
0.571732
1.135000
-1.380149
0.058121
-0.616673
-1.973111
-0.377956
-0.393329
0.079536
-1.207857
-1.178843
-0.300064
-0.228718
0.010936
0.136324
1.087306
0.207420
1.179894
-0.206915
0.077554
1.477368
0.140476
1.354998
2.116746
-0.169612
-1.441807
0.077861
0.671776
-0.122019
-0.831051
-5.735994
-0.243794
0.099481
1.680655
-2.393645
0.880029
1.155576
1.286605
-4.340522
2.893519
-0.498816
0.530499
-0.125675
2.941049
-1.920304
1.476037
-0.609399
-1.785210
1.486528
-1.230520
1.596419
-0.241414
-3.850897
0.187432
2.320412
0.189584
0.069038
0.435049
0.913665
-0.886697
-0.489785
-0.188995
0.418294
2.531274
0.145481
0.529852
0.522182
4.639576
0.237852
-1.386345
-0.091220
-2.301180
-0.089850
0.561808
0.315748
0.452610
1.806221
1.179646
-1.402076
0.312505
-4.591573
-0.114093
0.633086
0.505122
-0.154921
0.423758
-0.076083
-0.159126
-0.048269
0.333194
0.639669
2.093035
-1.647922
-1.019155
-0.235428
-0.073668
-2.193675
-1.519008
0.055525
0.131054
-0.577028
0.238643
2.383589
0.852373
-1.583851
-2.440933
-0.257798
-2.407317
0.330250
-0.149133
0.768163
-0.860011
-1.177163
4.197395
-0.969778
0.140505
-0.483418
0.101612
0.521337
1.833721
-0.252365
0.900884
-0.144834
-0.150827
-0.119973
-2.656038
7.609447
-0.158612
-2.304186
-0.132377
0.000000
-1.468090
0.087832
-0.561714
1.397423
-1.912519
0.273439
-0.202635
1.326829
-0.396458
1.122847
0.058487
0.496831
0.460389
-1.131166
0.123085
-1.651962
-0.021097
-0.100415
-0.414089
-0.140547
-0.888169
1.369902
1.708644
0.656683
0.232072
1.646502
0.012808
-1.105353
-0.541107
0.792553
0.606824
2.277189
4.699491
-0.211950
1.802844
-2.428949
0.492666
-0.212005
0.008341
2.328877
0.986656
-4.874008
0.053807
0.366129
0.051348
1.972047
0.007613
-0.424060
-0.101544
-0.874103
-0.370914
0.380112
1.792223
5.928866
1.225781
0.275121
-0.054785
-0.574579
0.218280
0.217804
-6.531052
-0.522282
0.352544
-0.094249
-0.062209
0.623833
-0.077370
0.431000
2.003265
1.524795
-0.420568
-0.218222
-0.178915
-0.218607
-5.147287
-0.499675
-0.215583
2.867897
-1.441708
1.373803
0.185831
-1.179542
0.062686
-1.183597
0.763973
-1.115515
-0.647562
0.475547
-0.009171
-1.490266
4.050222
-0.712224
-0.769120
0.544421
0.112278
-0.282384
-0.540399
-0.413349
0.538685
-0.437908
-0.140427
-1.081467
0.059656
0.648818
1.317015
-2.696744
0.506282
-2.477610
-0.140019
0.041651
-0.056591
-0.114544
0.270696
-0.048099
-0.551928
-0.187169
-0.191736
0.798807
4.520922
-0.115352
0.308269
-0.384833
0.884437
1.273057
0.456639
-0.485452
-1.279377
-0.436945
-0.691034
1.454915
-0.157721
-0.110826
-0.141731
-2.043802
0.382615
0.722711
-0.058669
1.603773
-0.540704
2.039778
-6.039705
-2.224316
0.208334
-2.683696
1.611943
-0.612227
1.010020
1.039857
-3.633129
0.000000
-0.976751
-0.281547
0.743056
0.399876
2.008657
-0.487966
2.155008
-0.238669
-0.393574
0.127828
-0.257338
-0.658427
-0.527313
-0.491824
-0.500986
3.133522
-0.768902
1.548938
-0.310376
0.155846
0.702673
0.822428
-9.796625
-2.010870
0.760672
-0.054527
-0.416735
-0.551890
0.155847
-2.492143
-0.206699
0.019145
2.701678
-0.059024
-0.520739
0.010346
0.511733
0.077515
0.548833
1.963847
0.196075
-0.700195
0.278253
1.534291
0.180159
0.856461
-0.384095
2.554744
-1.821855
0.240995
-0.169637
0.251085
2.154505
-0.042437
2.372011
-2.571003
0.377587
0.235164
-0.500994
-0.000809
-0.621782
0.231188
2.566041
-0.049977
0.075347
9.338321
1.474295
-3.479114
-0.297291
-0.428715
6.302509
-0.160765
0.105746
2.606458
-0.587193
-1.103660
0.043801
-0.732332
0.334279
-0.339769
1.101823
-1.698129
0.515430
-0.003912
-0.092507
0.003521
-0.001923
0.344262
-0.030561
-0.560920
-0.081949
-0.650322
0.021307
-0.965779
-0.131602
-0.026622
0.780082
1.119588
1.032682
-1.500357
-0.217466
-0.810405
-0.950713
-1.146043
1.074689
0.429893
0.649886
-0.649837
-0.256467
2.069348
-2.093748
-0.114190
-0.855727
0.085576
0.411632
0.460065
0.318478
-0.686514
-0.348338
0.086329
0.889289
0.066903
0.662988
0.194051
5.557593
-1.657656
-2.572577
-0.096801
-2.148175
-0.432201
0.276097
-2.062215
0.042175
-0.112746
0.591083
3.287018
-0.486575
-0.949278
0.031397
-0.758521
3.524421
-0.390208
-0.088203
0.270354
-8.003402
0.648963
0.475423
0.110967
0.075681
-1.519761
-0.243024
-0.221470
-0.591019
0.335760
1.456745
0.064705
-0.970075
-2.472390
-2.654010
1.368460
-3.606269
-4.670464
-3.106524
-17.760188
-1.505923
-0.015805
-0.434098
0.543245
-0.098779
0.298595
0.489471
6.892620
0.422771
0.548722
0.871510
-0.118860
0.314647
-1.143679
-0.090786
-1.910380
1.274056
1.610546
0.436876
-0.598267
0.447036
0.028827
-1.003964
3.750234
-4.279345
1.077837
-1.629727
-1.111104
0.516538
-1.691506
0.484214
1.085117
-1.513682
-2.151353
-0.048179
-5.354640
1.377970
0.378893
-0.439247
0.534654
1.182854
-0.350957
-0.623673
1.179662
0.698155
0.412572
0.189637
-0.906600
-0.111049
-0.980144
0.373936
-2.362231
-1.029605
-0.819521
0.962458
-1.807823
1.289591
0.833286
1.433822
1.327969
1.188335
-4.871611
4.458646
0.017273
0.777938
-0.674318
1.181102
1.612281
-0.769896
-0.593120
0.208230
1.210374
0.474858
-0.491963
-8.285695
0.544114
0.279465
1.515572
-0.117061
-0.287955
3.356344
-0.618289
-0.588577
-1.292639
-1.524741
0.067755
0.125872
0.361990
-0.814336
1.239849
0.707275
-0.018149
-0.264887
0.862343
0.337901
0.554593
-0.075863
-0.352658
-0.491778
-1.241165
0.515875
-1.451134
-0.241450
0.311022
0.105413
0.454699
-3.852457
-0.354956
-1.897375
0.473991
-0.168212
-2.102590
0.748780
0.306069
0.065052
0.074367
-6.699936
0.603176
0.414712
1.136758
0.881498
0.246373
0.765668
0.719603
0.627342
1.782282
-0.472705
-0.879131
1.009975
-0.915328
-1.587690
-0.027724
-0.209379
-0.081026
0.014488
-2.178985
0.260436
0.167955
-0.923357
0.464746
-2.648347
-3.883201
-0.294373
0.676178
1.108758
3.220678
0.135798
0.924385
-0.272056
1.001450
1.024809
2.339780
3.396763
-1.625405
0.079031
-0.253336
-0.037748
-9.933901
-1.571696
1.442095
0.071344
0.735629
0.139783
-0.334213
1.306988
-0.612839
0.220983
-0.217691
0.013672
-5.231360
0.017055
-1.043666
0.376340
-0.032822
0.781882
-0.251804
0.177654
0.396836
3.601696
-2.087193
-1.089233
0.492355
0.108837
1.017505
1.045207
-0.232168
0.263659
-0.206804
0.752821
-0.270737
-0.486074
2.770282
0.791587
-1.696066
1.785365
0.264293
-0.782148
-0.120475
4.798775
1.518878
-0.009930
0.373345
2.602164
-0.487412
1.945612
-1.239096
-0.444914
-1.798427
-0.500257
1.088202
3.142701
-1.822304
0.401430
-0.855176
4.400165
-0.240076
-1.406728
0.889015
0.479349
-0.289132
-1.162233
-7.330281
-0.789733
-0.441786
-0.200982
-0.001907
0.312074
-0.238869
-0.162051
-0.637920
0.198111
-0.017653
-0.152983
-0.962855
-2.579750
1.253255
-0.571275
0.555672
0.005121
-0.631503
0.783525
1.296453
0.987002
-5.192103
0.046669
3.933687
0.555958
0.846786
-0.269219
1.008145
-1.377740
-0.731525
2.173397
-0.114731
0.787107
-1.295435
2.359912
-0.138207
-0.544257
0.836722
2.492371
-0.566821
1.385550
0.090727
0.595857
1.320432
4.182047
0.560512
3.526680
-0.132713
0.013545
1.918674
-0.155360
-1.018360
1.024176
0.194108
-1.265605
0.195975
-0.183951
2.034131
0.283407
-2.443101
0.151117
0.462605
0.792449
3.078455
1.103674
-0.745673
-1.365630
-0.101313
0.001854
-0.480563
2.080187
-1.371677
5.072341
-0.122378
-0.600788
0.858918
-0.706789
-0.898676
1.261334
-6.119196
-0.822639
0.307447
-0.249245
0.496663
3.456496
0.111759
-0.110271
-1.685273
-0.934037
-0.036024
-1.900938
-0.596218
0.822514
0.308507
0.314865
3.281266
0.879171
-0.219196
-2.080732
-0.283510
-0.396235
0.412537
-1.236807
-0.565072
3.074679
-0.781256
0.216481
0.352353
1.518228
0.069652
0.957879
0.473903
-1.307129
1.223089
-2.651967
0.000000
2.629053
4.872584
-0.893291
-0.390446
-0.286631
-2.074683
0.492323
1.442234
1.650240
-0.050827
-0.295550
-0.167790
-0.578371
0.487688
0.537355
-0.168501
-0.963106
1.691901
0.135534
-0.656351
-0.190975
4.758194
-0.007330
0.293061
1.151222
-0.617512
-5.007403
0.302047
-0.628072
2.200417
1.125157
0.786294
0.734475
0.967326
3.939513
-0.607880
-0.810869
-4.990414
-0.116081
-1.303509
0.771178
-0.016390
1.013071
-0.139599
1.993344
-1.247213
5.375150
-0.960550
0.298821
-0.714884
1.004487
-1.976251
-1.434812
-1.034563
-2.020362
-0.477174
-1.168637
-0.267634
-1.719303
-0.075746
0.446145
1.362104
-0.397617
0.696124
0.653296
-0.675076
0.149396
0.046274
0.584173
0.272787
-1.109458
-0.468013
1.534199
-0.126597
-0.178305
2.044693
-0.676669
2.760576
1.928885
2.030629
0.173340
-1.030956
5.160042
-1.326365
0.699610
0.283428
-2.044343
1.145655
0.604187
-0.446129
2.882492
-0.285306
-0.142462
-0.262558
0.557536
-1.587898
-0.925453
-0.412524
0.610375
1.757590
1.157480
-0.294511
-0.318601
1.128022
0.458086
5.013713
0.015944
0.336180
-1.938761
0.859938
-0.288875
0.125620
2.188806
0.316359
0.173341
-0.071899
-6.849684
-1.146308
-0.064292
-0.674640
0.355455
-0.405109
0.161257
-0.021959
0.217460
-0.083535
-2.510116
-0.592937
1.199597
-0.184440
3.492179
2.800717
-0.003872
-0.350024
0.173135
0.021006
-0.252762
-2.271848
-0.114237
0.229723
2.120473
-0.237301
0.556120
-3.317823
1.847913
-0.410641
0.731818
0.835190
-0.437277
0.394064
0.308177
2.097275
0.624198
-1.974700
1.794708
0.189074
0.346982
-0.968437
4.878875
-1.174410
0.441990
-0.299368
0.384196
-3.077825
0.533038
0.250941
-0.430980
-3.084984
-0.741984
0.268304
-0.271844
-0.859283
-0.623828
-0.341583
-0.328956
-0.588365
1.471499
-0.426140
0.150708
-0.163651
0.738847
-0.316759
-0.153002
0.258535
-1.511567
1.042909
-0.094913
0.743873
-0.297259
0.250475
0.117877
-0.620034
-0.157301
1.313574
-0.629192
0.828315
-1.078502
0.361097
-0.572198
-0.548471
-1.320793
0.061870
0.058449
0.292248
-0.956612
-0.063948
1.278438
1.106181
2.618314
0.614466
-1.398735
0.025355
4.368257
-10.270281
-1.122403
-0.613937
-0.309403
0.376702
0.244391
0.499615
0.512323
0.796745
0.462231
0.046500
3.144515
1.518242
-3.405699
0.015966
2.973025
-1.876619
1.906749
0.060192
0.626876
-2.484547
0.127834
0.718333
0.829445
-1.139930
-0.084277
-0.305039
0.220904
-0.716998
-0.193422
2.470453
-0.321042
0.898944
1.500726
-1.778563
-0.926613
-0.616000
-0.604554
-0.584984
0.219944
0.218552
1.232576
-1.322947
-0.422015
0.507286
-0.152718
-0.725795
-0.173652
3.790419
-0.814345
4.600749
-0.434168
-0.316329
-0.629059
-0.635802
0.545044
0.364934
-0.273496
0.101799
0.414370
0.321223
-0.825580
0.742937
0.877296
-1.060633
-0.037248
0.037424
0.244779
-0.949923
-0.215200
0.210782
-0.761499
-3.014537
-0.906208
1.752187
-1.446959
0.578832
-1.688632
0.098551
0.210071
0.663829
-0.832382
-4.007206
0.108424
0.610631
-0.015828
0.097788
1.369766
-0.423822
-0.400298
1.197466
2.017897
0.100216
0.193367
2.452719
-1.471187
0.049630
0.357705
0.197006
-0.831427
-0.664068
-1.135077
0.248164
-1.098347
-0.472508
-0.286815
0.735457
0.134706
-0.130961
0.893602
1.630549
-0.218407
3.344919
2.071341
0.753150
3.847594
-0.038693
0.730742
-2.565316
0.089894
-0.307556
-0.083888
-0.449501
4.522662
-0.286151
-0.004417
0.773637
-0.547681
0.823845
-3.327019
1.414482
-0.165763
-0.306592
-0.422618
2.084008
-0.632761
-0.309106
1.352932
-0.537712
0.818230
-0.462436
-0.960811
0.792995
0.246919
-0.019504
0.258274
0.335247
-0.051058
0.229931
0.473770
1.145665
-0.932336
-0.569207
0.855177
-0.073445
-0.258318
1.567339
0.221918
3.046221
-0.320440
-0.330757
0.891718
0.412661
0.312839
0.804107
-0.330934
0.882574
1.587865
0.588561
-0.250665
1.682590
3.448067
-1.616485
0.286542
2.185344
-0.398074
-0.378515
-0.439491
0.329415
-0.220446
0.003528
-0.024716
-3.428740
-0.700937
0.674447
-0.129776
0.039968
2.479115
0.870697
4.424128
3.378463
-0.372768
-2.077009
1.321431
-1.509381
1.705496
-0.418210
-0.939304
-0.765252
1.320115
0.094794
0.145435
0.019145
-0.227653
0.506630
-0.946473
0.882336
0.239845
-3.737304
2.746205
1.255084
-1.387658
-8.098786
-0.163533
-1.069465
0.150644
-0.052991
-1.837944
-0.823013
0.202580
-2.170643
1.963706
-0.149561
-1.490368
-0.066533
0.996212
-0.104449
0.778657
0.216484
-0.086735
0.129370
0.157418
0.155250
0.133796
-1.136594
-0.509348
0.704620
-0.547781
-3.773008
-0.487017
0.801704
0.169131
0.000000
1.873056
0.070597
-2.096233
0.812467
0.114099
-0.035626
0.349983
-0.573698
-0.861008
-2.208824
0.321575
1.956692
1.784078
-0.073824
0.610894
0.886077
-0.805107
0.172793
-0.477659
-0.227247
-0.287960
2.221765
-3.528364
0.313770
-0.266765
1.374125
0.115615
-0.631608
-1.333642
-0.743403
1.679583
-2.983183
1.651572
-0.523627
1.179567
0.181050
-0.991754
-3.948061
-0.222779
0.909163
0.292787
-0.631717
4.667722
0.026673
0.442312
2.643971
1.019690
1.002968
0.950578
-0.727223
-1.109672
-0.158801
-0.657315
3.530505
-7.251378
2.045190
-0.167381
-0.118784
0.627108
-0.949546
0.725539
-2.179691
0.468611
-0.679623
0.135408
-0.223333
-0.923255
1.126682
0.251796
-1.005066
2.124906
-0.463180
1.264009
0.079701
-0.412401
-1.058443
-2.386696
0.247661
-0.548241
-0.117118
-0.237721
0.942307
0.960132
-3.398230
-3.661571
-0.340144
0.586467
-0.521191
0.642446
-0.425887
-2.849976
-0.470654
0.620877
-1.112968
2.557171
-2.425815
-0.729964
0.496626
1.393410
0.893319
-0.144770
0.090424
0.358843
-0.351538
-0.116106
-0.733529
-1.009175
2.817900
0.642942
-0.526661
-0.361911
-0.417153
-0.016665
-0.100477
-0.004141
-0.844792
0.277270
-0.281949
-0.199372
0.266823
0.092323
-1.282593
0.107923
-1.660074
0.575828
-0.766895
0.720563
-2.452396
-0.820662
2.016144
-1.315919
0.809094
-2.522916
-1.567613
0.991858
-0.370640
-0.025178
0.046364
-0.907648
-1.106497
-0.259654
-0.319474
1.967328
0.703352
0.272625
-0.387518
1.204072
-0.822488
2.165648
0.208578
-0.021598
0.790566
-0.393981
-0.850386
-0.923518
-0.182668
0.573906
0.449327
-0.388117
4.887311
0.691211
0.092930
-0.082354
-0.025731
-0.657904
-0.382297
2.705592
0.032805
0.519887
-0.081050
-0.775817
0.462846
-0.077677
2.334869
-0.111687
-0.079822
1.567710
0.555064
0.548124
0.554734
-1.034090
-0.978725
0.531561
0.103012
-0.762456
-0.724296
0.912783
-0.155235
-0.197011
0.153831
-0.548450
0.067238
-1.022847
-0.017564
1.479868
-2.321802
0.666017
-0.799916
-0.312729
-0.239196
0.286864
-2.019207
1.333664
-0.731370
-0.330073
0.396945
0.050805
1.024666
0.126673
0.651356
0.353946
0.480676
0.544749
0.353969
-1.914983
0.155781
-0.247442
-1.791120
-1.839954
0.598908
0.008660
0.425121
-0.518660
-0.701000
-0.181490
0.755481
0.061755
-1.421796
-0.613545
-0.028680
-0.848909
0.063024
-0.097036
-0.291664
0.144618
0.768505
-0.586219
-0.517942
-0.425468
0.381603
-3.969991
-0.776687
0.814187
-0.235490
2.106239
1.087812
0.521280
-0.147066
0.172611
-4.559278
0.949594
0.669229
1.471772
1.110939
0.126691
0.841341
-1.231907
-1.043232
0.368821
0.004836
-0.328790
0.439941
1.454178
0.256777
0.020154
1.389426
0.556229
0.477676
-1.242239
1.449300
-0.893279
-1.527705
0.106586
-0.369338
-1.123748
-0.773484
-0.876949
0.358184
1.641067
0.789736
-4.027050
3.382324
-3.436752
-1.293445
-1.274447
0.890121
0.057517
-0.502424
-1.076929
1.670472
-0.351443
-0.404456
-2.176099
-3.825130
0.085035
0.615109
-1.059255
1.190829
-0.919248
2.030751
0.441787
-0.615608
-0.119957
0.874514
-1.456847
1.120367
-0.618409
0.269095
-1.215923
0.061128
0.858653
-1.380499
-0.725119
1.567167
1.445430
-0.038516
-0.052511
0.064404
-1.546542
-1.592473
0.259778
-1.657752
-0.154389
-0.176925
1.690140
0.150642
-3.606693
0.007281
-0.052866
0.512405
-2.145963
-0.036652
2.961241
-0.041027
0.025473
0.384785
0.262537
-0.046291
1.052045
0.928220
0.402877
-0.282291
-0.170411
1.787634
0.941417
1.456702
0.582409
-0.868226
-0.659430
0.897020
1.902868
0.000000
0.267721
1.095232
-0.952986
1.950553
1.427290
-0.402170
0.443949
0.576264
-0.490244
0.175620
1.062948
-0.183130
-0.332659
-1.183229
0.030455
-0.611274
2.182585
4.699491
0.794245
0.546554
0.035491
14.302348
-0.241267
0.927485
1.273940
-0.263713
-0.084571
1.764654
-1.345997
-3.659318
-0.315558
-1.206030
-0.861280
-0.683460
-0.365980
0.223154
0.298330
0.209091
-1.322174
-0.325832
-0.109017
0.049323
-0.841359
-0.523780
0.016706
0.102104
0.767668
0.390335
-0.258874
-2.685150
0.086024
0.205098
2.211459
1.203129
0.844117
1.617573
-2.006733
0.880289
0.719798
-0.081782
1.147750
-1.173949
-0.809573
-0.635208
1.809153
-1.663717
0.000000
0.449472
0.229043
-0.486080
0.407970
-0.951278
0.628691
-2.107377
1.099081
0.012316
-0.211376
-0.759223
-0.257763
0.018348
-0.334608
-1.754582
-0.433937
-1.257508
-0.071780
0.031718
-0.116569
1.002444
0.506738
-0.391877
-1.344144
0.003768
-3.135694
-0.930385
1.492265
-0.937339
-2.154966
0.120905
0.528002
-0.825086
3.362578
0.061461
-1.500696
1.086927
1.066421
-0.014810
0.475114
-0.378643
-0.278104
-0.025100
-0.339228
-0.089841
-1.223154
1.892978
-0.319398
0.208403
0.389303
-0.127899
0.489492
0.477363
0.451862
0.857712
0.196618
-0.015984
1.102096
-0.109340
-0.133281
0.910589
0.486463
0.164201
-0.140769
0.980489
0.167144
0.019788
1.999237
0.240733
0.387400
-2.068493
-0.209779
-0.234096
0.696052
-1.860675
0.755090
-0.121287
0.590427
0.365075
0.251081
0.092348
-0.168319
-1.433393
-0.613440
0.326886
0.178994
-0.786046
-0.152686
1.361017
1.193628
0.292068
-0.270993
-0.026348
-1.940255
-0.262483
-1.279613
0.047927
-0.261424
0.358197
2.242398
-0.063861
0.814378
0.494887
-0.255325
0.530531
1.161292
0.777302
-0.233252
0.794941
0.003684
-0.423468
0.318182
-2.463754
4.584816
-0.572113
1.396664
0.122264
0.599426
-1.619370
0.234405
0.126835
-0.251631
0.251782
-0.363745
-0.343377
-0.594017
0.567549
-0.270993
-0.309493
-1.079332
0.201751
2.498365
0.433392
-0.276496
-0.924976
-0.607528
-0.398013
-0.103343
0.616502
0.587737
-0.033933
0.159336
0.469276
-0.089081
1.817486
4.248063
0.267565
0.229275
-0.808909
-0.181067
-0.345489
-0.597604
1.336637
-0.215922
-0.835918
0.152284
-0.395876
-0.505638
0.734647
-0.443306
-1.336497
-0.017639
-1.115032
0.162849
-0.812570
-0.827772
-0.002693
-0.097464
-0.473487
0.044189
0.213253
-0.100211
0.208883
0.010925
0.170604
-1.243112
0.357432
1.622090
0.435522
0.737648
-0.800348
-1.550909
-0.209464
0.511325
-0.831711
0.336808
0.340144
-0.095971
-0.352906
-0.502766
-4.878855
-0.006334
0.017094
-0.613565
0.611777
3.730357
-0.179129
0.248710
-0.553406
-0.137128
0.146453
0.435818
-0.344103
-0.589827
-1.577299
-0.226881
1.506816
1.231804
-0.207694
0.939994
-1.030384
0.296150
-0.145261
-5.454084
-1.691506
-0.223879
0.283731
-0.969806
1.018800
0.498136
-0.390634
0.210064
-0.437814
0.161165
-1.082795
-0.956190
0.000000
0.866110
-0.009905
-0.055382
-0.138964
-1.025602
-1.820190
1.008055
-1.552153
1.117295
0.017627
-0.278931
0.469017
-0.555522
1.869651
-1.355515
-8.793202
0.477598
0.250462
-1.231666
0.340148
-0.236144
-0.628595
0.048125
0.405145
1.313694
-0.317559
0.930748
0.439923
0.270916
1.642833
-0.927804
-0.002390
3.785616
-0.000064
0.762519
-1.331904
-0.158448
-0.295459
-0.085252
0.344306
-0.342659
-0.564049
0.085986
-0.034799
-0.269706
-2.067195
-0.058267
0.124922
2.435105
1.303898
-0.078756
3.189531
0.030436
-0.723954
-0.072805
-0.443374
3.096130
-0.753478
-2.188107
0.622665
0.553118
0.047404
-0.048008
-0.492959
0.565910
0.055221
0.173276
3.351146
1.933200
-0.173762
-0.423469
0.002180
0.002720
-0.422920
-0.143678
0.009260
0.190900
-1.302374
3.649414
0.501022
-1.015587
0.394466
0.229635
-1.468538
0.152296
-1.500339
-0.352112
0.182046
-0.092833
-0.605496
-0.924150
1.957348
1.125221
0.165681
1.371627
-1.115535
-0.272704
-2.212373
-1.413737
0.946956
0.130261
1.267601
-0.100080
-0.026339
-0.151122
1.438204
-0.847113
1.006118
-0.786834
0.416103
2.420377
-2.084112
-2.325687
-2.048613
-0.029573
-1.000800
-1.048950
1.223056
1.795652
-0.344945
-1.204014
0.702123
-0.991464
-0.786945
1.695208
-2.661168
-1.057514
1.403962
-2.170646
-0.769996
0.212523
-0.657860
5.682281
-0.437495
1.187372
3.028018
0.000000
4.934293
-10.614057
-3.540896
-0.176266
0.039430
-0.206818
0.051515
-0.331714
-0.017542
0.095780
-0.373771
-10.752078
-1.677416
-0.681820
-0.763018
-1.212432
0.184436
0.354995
1.229173
-0.026478
0.621539
0.929521
0.945186
0.033931
0.424363
2.729785
2.028134
-0.251381
0.077086
-1.250853
0.723269
-0.313485
-0.345354
-0.528010
0.261150
-0.457825
0.384696
-1.085120
0.172879
-0.722936
8.263064
0.670452
0.460409
-1.657133
-0.208912
0.128214
0.034224
0.581128
-1.975142
-3.096731
-0.232601
0.938256
0.785406
-0.363926
0.980487
1.382230
-0.188040
0.700510
2.256373
-0.327549
-2.559835
-0.556951
0.041791
-2.249510
-0.894312
0.434627
-1.364701
-1.872804
-2.208358
-1.539535
-0.290446
-0.264723
-0.593915
-0.394342
-0.805487
-0.271668
4.026133
-0.147006
-0.190892
-1.204014
-0.303016
-1.234840
1.927978
-2.983355
1.437211
-1.312775
-0.100797
0.898229
-0.749308
0.446058
-0.011012
-0.108887
0.016722
-0.450673
-0.560779
2.439261
0.284262
1.303886
-0.770393
-2.814369
0.781943
-0.167113
0.071586
0.685115
1.980902
-0.237587
-1.562051
0.292545
-1.102369
-2.395089
-0.833226
0.228976
-0.222418
-0.228629
0.095864
-0.251089
0.055867
-2.333527
-0.212101
-0.406027
0.323505
0.140704
0.476032
-1.784228
0.193501
-1.213997
-0.507052
1.815601
-1.041072
-1.472615
0.168875
0.803246
-0.116655
0.156054
1.600014
1.260300
0.633937
0.349766
0.866214
0.480706
1.514998
-1.412595
-0.091915
-0.150460
2.328328
1.289597
-1.149699
-0.859411
-1.168665
0.402200
0.886633
1.938665
0.143201
1.128140
-0.086708
-0.070573
3.532548
10.267936
1.206978
-2.225166
0.618407
-0.419435
-1.294292
-0.216938
-2.695145
0.277059
1.179725
0.144710
0.188825
0.198570
-0.329517
4.453414
1.567656
0.567696
0.263216
-0.779081
-1.459260
-0.192887
-1.890750
-0.399230
1.852740
0.545256
-3.445854
0.214898
-0.764019
-2.172048
-0.497219
0.108448
0.006878
-0.134369
0.404087
-0.695012
0.070555
-2.716220
-2.892236
0.944656
1.272349
-0.487123
-5.751671
0.265253
0.480859
-0.612032
1.877167
0.599372
-0.299297
0.375850
-1.865616
0.374001
-0.058745
-0.449964
-1.998736
-0.456565
-1.276916
-0.787062
-0.581059
-0.224023
0.088467
1.706200
0.663926
-0.152104
0.091169
-0.096632
0.660147
-1.140881
0.103287
2.012999
1.227301
-2.169766
-0.775254
1.355036
-0.327180
0.581536
-0.058455
0.855739
0.683884
-0.609360
1.030236
1.413806
0.007802
-0.516154
-0.936398
1.706407
0.484955
2.146560
5.059510
2.260430
0.504719
-0.250412
0.511904
-0.140383
0.195930
-0.241682
-0.126271
2.843691
-0.649992
-0.147444
-1.397830
0.781436
0.907625
-0.179835
4.187831
-0.472658
-0.077664
0.917074
-0.446781
0.226249
0.295700
-0.106507
0.397408
-0.183537
1.077030
0.000304
0.342041
-0.664361
-0.212696
-1.624534
0.091242
0.103891
0.419111
1.165676
-0.017745
-0.337594
-0.435872
-1.354931
3.612810
-0.364546
2.170358
2.583552
1.968431
-0.342859
-0.489793
0.691954
0.692913
0.596494
-0.045002
0.529202
-0.151922
0.644938
0.563366
1.877054
-1.086115
-2.899318
0.251976
0.187535
1.326058
0.263885
0.632592
2.854080
-1.258983
0.107361
1.315661
-0.283700
-1.017194
-1.428588
-1.250074
1.006586
1.274269
0.861001
-2.215610
2.019422
0.138418
-0.614310
0.617437
0.454084
0.166633
0.239664
-0.975428
-0.056220
0.572719
-0.258050
-0.463730
-0.364123
-0.583912
-0.163385
1.320602
-0.558193
0.344717
0.576833
-0.127169
0.068153
-0.044344
0.053767
1.360195
-0.684657
-0.955331
0.756120
-0.216077
-2.876062
2.595619
0.084716
-0.462000
-0.183377
-0.133253
-0.031045
1.178635
0.483510
0.159849
-1.294977
-0.640476
-4.313852
0.428052
-0.042418
-0.905842
-1.475023
1.711277
-1.826070
-0.551526
-0.453634
-0.228469
-0.502333
0.580521
0.215852
0.305067
0.469961
0.147605
-3.685018
-0.975457
-0.224595
1.754579
0.163481
-2.236584
1.096018
0.104124
-0.013698
-0.576444
0.012332
0.553405
0.085127
-3.448486
-0.647741
-2.692590
-0.196095
0.000000
-0.508522
-1.232169
-0.454092
-3.331868
0.157842
-2.971827
-1.143516
-0.204326
0.138172
0.180905
-0.101659
0.379655
0.148472
-1.360345
0.447605
-0.600621
1.063185
-0.123082
-0.498965
0.756542
-1.281734
-4.907377
0.194546
0.426734
0.271443
0.089247
-0.206543
-0.082116
-0.223207
-0.443848
0.681451
-0.687031
-0.916547
1.231413
-0.473679
-2.314187
-0.590181
-0.109234
0.077182
0.181892
0.037122
-3.272305
2.174632
-2.897670
-0.168735
1.811019
0.500026
-0.899623
1.531774
0.095781
-0.097237
9.336851
0.608460
-1.144304
0.059073
0.218708
0.285552
0.717157
0.899729
-1.408587
5.645704
2.783250
-0.648234
1.237684
-0.214459
0.056315
-0.172768
0.094742
-2.784991
-0.361013
0.166048
-0.616504
0.052462
0.431823
-0.279400
0.206571
0.062306
1.999662
0.362463
0.419343
0.527795
-0.642199
-0.646064
0.331372
0.944950
-1.856827
1.094758
0.037184
-0.426876
-0.102784
6.711054
-0.451756
0.825160
1.428515
0.721722
-0.530623
-0.594637
4.175697
-2.153728
-4.172014
-1.444189
0.544693
-1.756435
-0.197501
-0.231199
-0.143155
0.153512
-0.299724
0.079062
-0.405981
-1.193252
0.068855
0.158204
0.739408
-0.442968
-6.286630
-0.141731
1.453325
-0.050050
-0.662952
0.080560
0.558875
-2.976171
-0.961142
-0.291974
0.474002
0.257333
-3.074049
0.195837
-1.304749
-0.187948
-8.053948
0.153613
0.153613
8.137990
-0.151463
0.548120
0.010267
0.560957
-0.557336
0.464714
-0.861127
0.000000
-0.592607
1.517857
7.018866
-1.094148
0.174913
-4.510892
3.102864
-0.390786
-1.117903
-0.243794
0.579820
-0.243794
-0.243794
-0.243794
-0.243794
-0.243794
3.052857
-0.243794
0.964969
-4.235762
-1.041855
-2.576854
-0.243794
-0.243794
-5.966745
3.921130
-0.243794
-1.370404
0.966830
1.313979
-0.210672
0.442610
-6.283595
0.543206
0.757960
3.450183
8.165128
-2.014582
0.336659
0.261586
-0.542127
-1.449174
0.314865
0.347941
-0.045662
0.758838
-0.397057
2.072479
0.336665
-1.514281
0.136157
0.340245
-0.141731
-1.230474
0.399579
-0.172409
0.131201
7.225078
-1.093987
-0.214513
-0.783699
-0.390004
0.006831
1.177763
2.440513
-0.226290
1.714137
0.556924
0.266355
-1.251839
-0.024392
-2.108072
1.845301
0.679679
-0.359655
-0.239228
1.201876
0.645171
-1.533949
-0.012296
-0.322807
0.444850
-0.141996
-0.158553
-0.066544
0.000000
1.281148
-0.474287
1.384384
-0.562735
1.722678
-0.230304
-0.971092
-0.393472
0.404590
-0.245148
0.681935
0.617684
-0.306420
0.176939
0.131495
1.087077
-1.364798
-7.985220
-4.673230
-0.001563
0.122412
-0.533667
-0.556901
0.416813
2.265626
0.083885
-0.447692
0.187842
-0.841952
0.766367
0.967151
0.662518
0.047593
-0.116271
0.739554
0.240316
-3.517908
0.021565
0.656419
-0.150549
-1.445911
-0.079637
-0.027961
-0.455556
0.075538
0.093481
-1.184808
-0.232144
-1.005675
0.709999
1.262285
-0.208862
0.829716
1.355171
0.670870
0.417352
0.937464
-0.557368
0.533278
1.950604
-0.158060
-0.405159
-0.350129
-0.938391
1.314311
-0.634756
-0.711267
0.591307
0.012494
-1.027794
-1.064979
-0.851919
-1.026854
-1.279090
-0.099105
1.200035
0.497502
-0.429057
-0.122593
-2.413453
-1.069460
0.551771
0.077652
0.996569
10.336284
0.125079
0.472046
-0.427585
3.222838
0.092941
-0.765263
-3.233300
-0.901678
1.059786
-0.469880
0.397111
0.571557
0.034859
-0.404292
0.339587
1.231796
-0.125396
0.240888
1.791439
-0.918695
-1.349003
-0.578713
-0.345459
-0.246178
-0.644267
-3.797674
-0.345851
-0.593246
-0.949840
0.383467
2.297653
-0.729171
-1.265211
-0.413262
5.619922
0.437992
-0.490969
-0.988750
-0.722480
-0.499241
-0.158496
-0.484478
0.670627
0.245990
1.199667
-0.225119
0.321884
-0.700571
-0.818985
-0.236312
-1.710422
-1.199748
-13.921919
0.619700
-1.269537
-0.419772
-1.358399
-0.047157
1.801702
-0.181766
-3.294489
0.359488
-0.290017
-12.011202
0.404023
-0.424355
0.445935
0.246681
1.417292
-0.311748
-1.631427
-1.610751
-1.401012
-2.712880
2.799335
-2.829574
0.940035
0.059446
1.005662
0.028155
-0.640490
-0.558863
0.752468
1.460556
1.538308
-0.439491
0.240402
-1.561085
-0.208118
-0.405784
-0.405784
0.104703
-1.803403
0.653362
-1.282085
-0.014953
0.124945
0.520666
-0.535548
1.528872
-0.492067
-1.207241
-1.207241
3.395285
-0.203693
1.317015
-0.141775
0.886894
-0.200800
-1.357605
-0.433129
1.042805
-0.672268
3.204938
-0.435824
-0.371005
-0.264057
-0.060845
1.799433
0.954725
-1.697603
1.457912
2.351075
-7.392050
-0.266221
-0.266221
0.791275
-1.157632
0.307929
-0.054278
-0.011309
-0.961142
1.026740
0.607304
-1.098677
-2.181049
1.448206
-0.802991
4.192352
1.332382
-0.542152
-1.489982
-1.560723
-0.531933
-0.423977
-0.624780
1.816156
0.098174
1.251665
-1.042575
0.325023
-2.282561
-1.657078
-1.910173
-0.114308
-5.492039
-2.211944
-2.413453
1.339737
-0.017810
1.317015
0.431974
4.622791
0.993903
3.271801
0.347920
0.935539
-0.456742
0.426811
0.415018
2.216743
-0.983395
0.152082
-0.473000
-0.536220
-0.196538
1.888987
0.210281
-2.516797
-0.295646
0.437535
0.693239
-3.738432
0.404246
-2.206526
3.283221
-0.748717
0.264745
0.059570
-0.146551
0.588905
-1.290724
0.052193
4.011205
1.105232
0.362245
0.683889
0.121404
3.308303
5.350249
11.347792
-0.037431
-0.237975
-0.876021
-0.209664
-1.118034
0.753016
0.522873
-4.988686
-0.335077
0.341511
0.272314
-1.364999
-0.748205
-1.669035
0.697755
1.403678
-0.258940
-1.809226
5.192141
-0.259748
0.081782
0.254380
0.251532
0.536178
1.390668
-0.170136
-0.450429
2.427626
2.292837
-0.464369
2.022083
-7.192184
0.092418
3.531613
0.075446
-2.930427
-2.107587
0.490467
-0.037785
0.044787
-0.251613
0.006501
0.279831
0.254202
0.669475
0.862882
-0.627878
0.609536
-0.439491
-0.534074
0.384338
-0.158328
0.091113
0.230021
1.102858
0.291447
1.495171
-0.502192
3.503084
-0.198765
1.405749
-1.112614
-0.126388
0.000791
-0.771284
3.113022
-0.586948
2.831770
0.137126
-3.781087
0.365752
-1.331797
0.805647
0.433758
-2.322215
-0.443610
-0.541508
-0.472420
1.976693
-0.194330
-0.516393
0.270362
0.881487
0.960231
-0.503694
-2.541307
4.359848
0.007945
1.533137
-0.221206
0.166972
-0.785759
-1.681787
0.758283
-0.876995
-0.861786
0.663451
2.474108
1.174372
0.610552
-0.453100
-5.292531
0.005549
4.806627
0.679348
-0.275466
0.550603
-2.600115
0.201280
-2.632449
0.508485
0.127893
-1.787864
-0.231403
0.752363
2.245359
-1.654562
5.255462
0.338871
-0.527222
0.102053
-0.078402
0.013076
-1.660814
-0.337241
1.132032
0.159932
-0.204122
0.183715
-1.067352
-0.014942
0.557465
2.203437
0.271339
-2.292797
1.512033
0.596043
-1.369615
-0.455081
0.196339
-0.109898
-2.798648
0.178015
0.399897
3.322597
0.083856
0.628577
-1.426882
-3.832588
2.699587
-2.297432
2.578145
0.773412
0.359595
0.287815
1.905255
-0.224345
0.966046
-0.708103
0.805237
3.164227
-1.213502
0.682798
-0.753117
0.336925
-1.083756
1.370021
-1.159900
0.165066
-0.386639
-0.766542
-2.343254
-1.458383
0.041653
0.222828
-0.576861
-0.132393
0.365892
-0.577437
-2.135019
0.299367
0.748054
0.236761
0.210856
-0.020906
0.081576
-1.836226
-0.300423
-0.658531
1.488279
-0.167514
-1.037601
0.256784
-0.120228
-0.724599
-1.221462
5.957548
0.408630
6.843936
0.698361
-1.720654
-1.214846
-0.874386
-0.379551
-1.405854
-0.397162
-0.591687
-0.541772
0.057623
0.880720
-0.026673
0.671819
1.405534
0.055726
0.552549
0.424949
0.497099
0.388235
0.026841
-0.000338
0.078430
0.685585
0.036304
0.874181
1.024165
-0.866653
-0.174691
-4.035644
0.127681
1.886415
-0.820977
0.880947
8.887493
4.396835
-0.283560
-0.311115
0.818389
0.026401
-2.416719
-0.215006
-0.150460
-0.973142
-0.639369
0.905832
0.137399
0.575968
0.044210
0.322973
2.564273
0.432029
0.036005
-1.983810
-0.497918
-0.243794
0.114862
-0.435459
-0.540921
-0.247629
-0.230475
0.753856
0.219747
1.963403
1.143124
-0.232849
-0.566267
0.340253
-0.054206
0.002181
1.399793
-1.021542
-0.726184
-1.227399
0.275060
0.208550
0.483386
0.078252
0.328254
-0.594962
-0.324983
-1.173531
-1.620702
0.078367
2.454563
-7.485990
0.125106
-1.033374
0.056943
1.783079
-1.017548
1.105010
0.016153
-0.491544
1.115288
-0.381885
-0.833847
-0.146583
-0.107524
-2.022400
-0.995998
0.326220
0.222479
-0.260900
-0.382257
0.291824
-0.387908
-0.203690
0.651078
-0.814431
0.725335
0.394969
-1.318285
2.713704
-0.017445
0.129860
1.448525
0.987394
-0.577437
-0.458768
0.415102
-0.160211
0.590847
4.858006
0.418038
-0.021286
0.103245
1.252893
0.103180
0.047347
-0.220721
0.516981
-0.272804
0.200299
-0.791906
0.000483
1.746529
4.549404
-0.152485
0.207736
-0.217225
0.108818
-0.332629
-2.890435
0.388682
-0.031855
0.487967
-0.533034
0.113859
-0.202842
0.511460
-1.966428
0.320608
-0.488202
0.277895
-2.922450
-0.508524
-0.703119
0.752283
-0.869090
-0.261885
-1.686199
-4.439846
-1.452039
1.396878
0.211995
0.779513
-0.758454
-1.059414
0.653161
-5.290259
1.033813
-1.092615
-0.405257
-0.198538
-0.065116
1.137198
-1.128146
-0.008345
2.787984
0.187815
-0.226171
-0.598412
-0.202717
-1.066898
-0.108998
-0.387261
-0.382851
1.177696
-0.661594
-0.817822
0.666111
0.091488
0.406634
-0.736040
-0.132623
-0.022181
-0.110693
-0.242483
-0.617524
-0.223881
0.287575
-0.101955
1.487480
-0.135765
-2.127108
-0.230557
1.395005
0.144370
-0.165370
5.143108
-0.712532
-2.669657
1.094118
0.426619
-0.653264
0.176153
-1.797944
-0.679369
-0.006638
-0.302515
-0.013674
0.862726
-0.256980
-0.467193
-0.455437
0.609871
-2.414274
0.337612
1.079904
-1.417274
-0.960788
-0.711608
1.264578
-0.793164
0.182863
-1.081899
0.011395
-0.168167
-1.007764
0.102865
5.430564
0.967198
-0.054004
-0.611228
0.100081
-0.994485
-0.864958
7.279312
-0.299210
3.306191
-0.030610
0.625581
2.328851
3.844927
-0.521311
-0.919846
0.558780
-0.268123
1.280773
-0.126496
0.967948
-0.227968
-8.970223
0.164530
-3.213841
-0.081955
-0.208830
-0.302787
0.409510
-0.194487
-1.345890
-1.231432
0.363108
-0.113256
0.371482
-0.884181
-0.576736
0.819138
1.051122
0.730076
-0.740436
-1.007281
-0.745875
0.841068
-0.023173
-0.235317
-1.440873
-0.338130
-0.470987
-3.112261
-0.950432
0.655652
0.105542
0.031789
-0.157143
-0.419348
-0.260886
-1.094148
-0.211761
-0.177367
6.599443
-2.260268
-0.110783
-0.821623
-0.347198
1.155533
27.634364
0.452922
0.375914
0.584702
0.143295
0.122061
-0.326612
0.896909
1.621484
0.305991
1.539847
4.835300
-0.591448
0.116902
0.393003
-0.157135
-0.432646
-0.600560
0.256268
-1.001472
1.137373
0.047567
1.498820
0.064153
0.760316
-0.436035
-0.608393
-0.418542
2.379849
10.209177
-2.150216
-1.558491
-0.628208
1.339696
-2.963312
2.228930
0.349320
0.002321
-2.755038
0.217629
1.631334
-1.680962
0.340469
-2.617117
-0.816267
0.214869
-0.500659
0.567457
