0.004146
0.000000
0.000000
0.000000
0.000000
0.000000
0.000000
0.000000
0.000000
0.000000
0.000000
0.000000
0.000000
0.000000
0.000000
0.000000
0.000000
0.000000
0.000000
0.000000
0.000000
0.000000
0.000000
0.000000
0.000000
0.000000
0.000000
0.000000
0.000000
0.021250
0.000000
0.000000
0.017370
0.000000
-0.018743
-0.064758
-0.044733
0.061898
0.038042
0.000000
0.000000
0.000000
0.000000
0.000000
0.000000
0.000000
0.000000
0.000000
0.000000
0.000000
0.000000
0.000000
0.000000
0.000000
0.000000
0.000000
0.000000
0.000000
0.000000
0.000000
0.000000
0.000000
0.000000
0.055029
-0.013295
0.005513
0.057579
0.000000
0.000000
-0.000878
0.000000
0.000000
0.000000
0.000000
0.000000
0.000000
0.000000
0.000000
0.000000
0.000000
0.000000
0.000000
0.000000
0.000000
0.000000
0.000000
0.000000
0.000000
0.000000
0.000000
0.000000
0.000000
0.000000
0.000000
0.000000
0.000000
0.000000
0.000000
0.000000
0.000000
0.000000
-0.048886
-0.020087
0.000000
0.000000
0.000000
0.000000
0.000000
0.000000
0.000000
0.000000
0.000000
0.000000
0.011511
-0.042828
-0.061448
0.068362
0.000000
0.000000
0.000000
0.000000
0.000000
0.000000
0.000000
0.000000
0.000000
0.030424
0.018197
-0.016305
-0.004620
0.098461
0.190363
0.000000
0.000000
0.000000
0.002717
0.000000
0.000000
0.000000
0.000000
0.000000
0.000000
0.000000
0.000000
0.000000
0.000000
0.000000
0.000000
0.000000
0.000000
0.000000
0.000000
0.000000
0.000000
0.000000
0.000000
0.000000
0.000000
0.000000
0.000000
0.000000
0.000000
0.000000
0.000000
0.000000
0.000000
0.000000
0.000000
0.000000
0.000000
0.000000
0.000000
0.000000
0.000000
0.000000
0.000000
0.000000
0.000000
0.000000
0.000000
0.000000
0.000000
0.000000
0.000000
0.000000
0.000000
0.000000
0.000000
0.000000
0.000000
0.000000
0.000000
0.000000
0.000000
0.000000
0.000000
0.000000
0.000000
0.000000
0.000000
0.000000
0.000000
0.000000
0.000000
0.000000
0.000000
0.000000
0.000000
0.000000
0.000000
0.000000
0.000000
0.000000
0.000000
0.000000
0.000000
0.000000
0.000000
0.000000
0.000000
0.000000
0.000000
0.000000
0.000000
0.000000
0.000000
0.000000
0.000000
0.000000
0.000000
0.000000
0.000000
0.000000
0.000000
0.000000
0.000000
0.000000
0.000000
0.000000
0.000000
0.000000
0.000000
0.000000
0.000000
0.000000
0.000000
0.000000
0.000000
0.000000
0.000000
0.000000
0.000000
0.000000
0.000000
0.000000
0.000000
0.000000
0.000000
0.000000
0.000000
0.000000
0.000000
0.000000
0.000000
0.000000
0.000000
0.000000
0.000000
0.000000
0.000000
0.000000
0.000000
0.000000
0.000000
0.000000
0.000000
0.000000
0.000000
0.000000
0.000000
0.000000
0.000000
0.000000
0.000000
0.000000
0.000000
0.000000
0.000000
0.000000
0.000000
0.000000
0.000000
0.000000
0.000000
0.000000
0.000000
0.000000
0.000000
0.000000
0.000000
0.000000
0.000000
0.000000
0.000000
0.000000
0.000000
0.000000
0.000000
0.000000
0.000000
0.000000
0.000000
0.000000
0.000000
0.000000
0.000000
0.000000
0.000000
0.000000
0.000000
0.000000
0.000000
0.000000
0.000000
0.000000
0.000000
0.000000
0.000000
0.000000
0.000000
0.000000
0.000000
0.000000
0.000000
0.000000
0.000000
0.000000
0.000000
0.000000
0.000000
0.000000
0.000000
0.000000
0.000000
0.000000
0.000000
0.000000
0.000000
0.000000
0.000000
0.000000
0.000000
0.000000
0.000000
0.000000
0.000000
0.000000
0.000000
0.000000
0.000000
0.000000
0.000000
0.000000
0.000000
0.000000
0.000000
0.000000
0.000000
0.000000
0.000000
0.000000
0.000000
0.000000
0.000000
0.000000
0.000000
0.000000
0.000000
0.000000
0.000000
0.000000
0.000000
0.000000
0.000000
0.000000
0.000000
0.000000
0.000000
0.000000
0.000000
0.000000
0.000000
0.000000
0.000000
0.000000
0.000000
0.000000
0.000000
0.000000
0.000000
0.000000
0.000000
0.000000
0.000000
0.000000
0.000000
0.000000
0.000000
0.000000
0.000000
0.000000
0.000000
0.000000
0.000000
0.000000
0.000000
0.000000
0.000000
0.000000
0.000000
0.000000
0.000000
0.000000
0.000000
0.000000
0.000000
0.000000
0.000000
0.000000
0.000000
0.000000
0.000000
0.000000
0.000000
0.000000
0.000000
0.000000
0.000000
0.000000
0.000000
0.000000
0.000000
0.000000
0.000000
0.000000
0.000000
0.000000
0.000000
0.000000
0.000000
0.000000
0.000000
0.000000
0.000000
0.000000
0.000000
0.000000
0.000000
0.000000
0.000000
0.000000
0.000000
0.000000
0.000000
0.000000
0.000000
0.000000
0.000000
0.000000
0.000000
0.000000
0.000000
0.000000
0.000000
0.000000
0.000000
0.000000
0.000000
0.000000
0.000000
0.000000
0.000000
0.000000
0.000000
0.000000
0.000000
0.000000
0.000000
0.000000
0.000000
0.000000
0.000000
0.000000
0.000000
0.000000
0.000000
0.000000
0.000000
0.000000
0.000000
0.000000
0.000000
0.000000
0.000000
0.000000
0.000000
0.000000
0.000000
0.000000
0.000000
0.000000
0.000000
0.000000
0.000000
0.000000
0.000000
0.000000
0.000000
0.000000
0.000000
0.000000
0.000000
0.000000
0.000000
0.000000
0.000000
0.000000
0.000000
0.000000
0.000000
0.000000
0.000000
0.000000
0.000000
0.000000
0.000000
0.000000
0.000000
0.000000
0.000000
0.000000
0.000000
0.000000
0.000000
0.000000
0.000000
0.000000
0.000000
0.000000
0.000000
0.000000
0.000000
0.000000
0.000000
0.000000
0.000000
0.000000
0.000000
0.000000
0.000000
0.000000
0.000000
0.000000
0.000000
0.000000
0.000000
0.000000
0.000000
0.000000
0.000000
0.000000
0.000000
0.000000
0.000000
0.000000
0.000000
0.000000
0.000000
0.000000
0.000000
0.000000
0.000000
0.000000
0.000000
0.000000
0.000000
0.000000
0.000000
0.000000
0.000000
0.000000
0.000000
0.000000
0.000000
0.000000
0.000000
0.000000
0.000000
0.000000
0.000000
0.000000
0.000000
0.000000
0.000000
0.000000
0.000000
0.000000
0.000000
0.000000
0.000000
0.000000
0.000000
0.000000
0.000000
0.000000
0.000000
0.000000
0.000000
0.000000
0.000000
0.000000
0.000000
0.000000
0.000000
0.000000
0.000000
0.000000
0.000000
0.000000
0.000000
0.000000
0.000000
0.000000
0.000000
0.000000
0.000000
0.000000
0.000000
0.000000
0.000000
0.000000
0.000000
0.000000
0.000000
0.000000
0.000000
0.000000
0.000000
0.000000
0.000000
0.000000
0.000000
0.000000
0.000000
0.000000
0.000000
0.000000
0.000000
0.000000
0.000000
0.000000
0.000000
0.000000
0.000000
0.000000
0.000000
0.000000
0.000000
0.000000
0.000000
0.000000
0.000000
0.000000
0.000000
0.000000
0.000000
0.000000
0.000000
0.000000
0.000000
0.000000
0.000000
0.000000
-0.022501
0.007074
-0.024227
-0.002181
0.000000
0.000000
0.000000
0.000000
0.000000
0.000000
0.000000
0.000000
0.000000
0.000000
0.000000
0.000000
0.000000
0.000000
0.000000
0.000000
0.000000
0.000000
0.000000
0.000000
0.000000
0.000000
0.000000
0.000000
0.000000
0.000000
0.000000
0.000000
0.000000
0.000000
0.000000
0.000000
0.000000
0.000000
0.000000
0.000000
0.000000
0.000000
0.000000
0.000000
0.000000
0.000000
0.000000
0.000000
0.000000
0.000000
0.000000
0.000000
0.000000
0.000000
0.000000
0.000000
0.000000
0.000000
0.000000
0.000000
0.000000
0.000000
0.000000
0.000000
0.000000
0.000000
0.000000
0.000000
0.000000
0.000000
0.000000
0.000000
0.000000
0.000000
0.000000
0.000000
0.000000
0.000000
0.000000
0.000000
0.000000
0.000000
0.000000
0.000000
-0.001116
-0.001856
-0.037208
0.002287
0.000000
0.000000
0.000000
0.000000
0.000000
0.000000
0.000000
0.000000
0.000000
0.000000
0.000000
0.000000
0.000000
0.000000
0.000000
0.000000
0.000000
0.000000
0.000000
0.000000
0.000000
0.000000
0.000000
0.000000
0.000000
0.000000
0.000000
0.000000
0.000000
0.000000
0.000000
0.000000
0.000000
0.000000
0.000000
0.000000
0.000000
0.000000
0.000000
0.000000
0.000000
0.000000
0.000000
0.000000
0.000000
0.000000
0.000000
0.000000
0.000000
0.000000
0.000000
0.000000
0.000000
0.000000
0.000000
0.000000
0.000000
0.000000
0.000000
0.000000
0.000000
0.000000
0.000000
0.000000
0.000000
0.000000
0.000000
0.000000
0.000000
0.000000
0.000000
0.000000
0.000000
0.000000
0.000000
0.000000
0.000000
0.000000
0.000000
0.000000
0.000000
0.000000
0.000000
0.000000
0.000000
0.000000
0.000000
0.000000
0.000000
0.000000
0.000000
0.000000
0.000000
0.000000
0.000000
0.000000
0.000000
0.000000
0.000000
0.000000
0.000000
0.000000
0.000000
0.000000
0.000000
0.000000
0.000000
0.000000
0.000000
0.000000
0.000000
0.000000
0.000000
0.000000
0.000000
0.000000
0.000000
0.000000
0.000000
0.000000
0.000000
0.000000
0.000000
0.000000
0.000000
0.000000
0.000000
0.000000
0.000000
0.000000
0.000000
0.000000
0.000000
0.000000
0.000000
0.000000
0.000000
0.000000
0.000000
0.000000
0.000000
0.000000
0.000000
0.000000
0.000000
0.000000
0.000000
0.000000
0.000000
0.000000
0.000000
0.000000
0.000000
0.000000
0.000000
0.000000
0.000000
0.000000
0.000000
0.000000
0.000000
0.000000
0.000000
0.000000
0.000000
0.000000
0.000000
0.000000
0.000000
0.000000
0.000000
0.000000
0.000000
0.000000
0.000000
0.000000
0.000000
0.000000
0.000000
0.000000
0.000000
0.000000
0.000000
0.000000
0.000000
0.000000
0.000000
0.000000
0.000000
0.000000
0.000000
0.000000
0.000000
0.000000
0.000000
0.000000
0.000000
0.000000
0.000000
0.000000
0.000000
0.000000
0.000000
0.000000
0.000000
0.000000
0.000000
0.000000
0.000000
0.000000
0.000000
0.000000
0.000000
0.000000
0.000000
0.000000
0.000000
0.000000
0.000000
0.000000
0.000000
0.000000
0.000000
0.000000
0.000000
0.000000
0.000000
0.000000
0.000000
0.000000
0.000000
0.000000
0.000000
0.000000
0.000000
0.000000
0.000000
0.000000
0.000000
0.000000
0.000000
0.000000
0.000000
0.000000
0.000000
0.000000
0.000000
0.000000
0.000000
0.000000
0.000000
0.000000
0.000000
0.000000
0.000000
0.000000
0.000000
0.000000
0.000000
0.000000
0.000000
0.000000
0.000000
0.000000
0.000000
0.000000
0.000000
0.000000
0.000000
0.000000
0.000000
0.000000
0.000000
0.000000
0.000000
0.000000
0.000000
0.000000
0.000000
0.000000
0.000000
0.000000
0.000000
0.000000
0.000000
0.000000
0.000000
0.000000
0.000000
0.000000
0.000000
0.000000
0.000000
0.000000
0.000000
0.000000
0.000000
0.000000
0.000000
0.000000
0.000000
0.000000
0.000000
0.000000
0.000000
0.000000
0.000000
0.000000
0.000000
0.000000
0.000000
0.000000
0.000000
0.000000
0.000000
0.000000
0.000000
0.000000
0.000000
0.000000
0.000000
0.000000
0.000000
0.000000
0.000000
0.000000
0.000000
0.000000
0.000000
0.000000
0.000000
0.000000
0.000000
0.000000
0.000000
0.000000
0.000000
0.000000
0.000000
0.000000
0.000000
0.000000
0.000000
0.000000
0.000000
0.000000
0.000000
0.000000
0.000000
0.000000
0.000000
0.000000
0.000000
0.000000
0.000000
0.000000
0.000000
0.000000
0.000000
0.000000
0.000000
0.000000
0.000000
0.000000
0.000000
0.000000
0.000000
0.000000
0.000000
0.000000
0.000000
0.000000
0.000000
0.000000
0.000000
0.000000
0.000000
0.000000
0.000000
0.000000
0.000000
0.000000
0.000000
0.000000
0.000000
0.000000
0.000000
0.000000
0.000000
0.000000
0.000000
0.000000
0.000000
0.000000
0.000000
0.000000
0.000000
0.000000
0.000000
0.000000
0.000000
0.000000
0.000000
0.000000
0.000000
0.000000
0.000000
0.000000
0.000000
0.000000
0.000000
0.000000
0.000000
0.000000
0.000000
0.000000
0.000000
0.000000
0.000000
0.000000
0.000000
0.000000
0.000000
0.000000
0.000000
0.000000
0.000000
0.000000
0.000000
0.000000
0.000000
0.000000
0.000000
0.000000
0.000000
0.000000
0.000000
0.000000
0.000000
0.000000
0.000000
0.000000
0.000000
0.000000
0.000000
0.000000
0.000000
0.000000
0.000000
0.000000
0.000000
0.000000
0.000000
0.000000
0.000000
0.000000
0.000000
0.000000
0.000000
0.000000
0.000000
0.000000
0.000000
0.000000
0.000000
0.000000
0.000000
0.000000
0.000000
0.000000
0.000000
0.000000
0.000000
0.000000
0.000000
0.000000
0.000000
0.000000
0.000000
0.000000
0.000000
0.000000
0.000000
0.000000
0.000000
0.000000
0.000000
0.000000
0.000000
0.000000
0.000000
0.000000
0.000000
0.000000
0.000000
0.000000
0.000000
0.000000
0.000000
0.000000
0.000000
0.000000
0.000000
0.000000
0.000000
0.000000
0.000000
0.000000
0.000000
0.000000
0.000000
0.000000
0.000000
0.000000
0.000000
0.000000
0.000000
0.000000
0.000000
0.000000
0.000000
0.000000
0.000000
0.000000
0.000000
0.000000
0.000000
0.000000
0.000000
0.000000
0.000000
0.000000
0.000000
0.000000
0.000000
0.000000
0.000000
0.000000
0.000000
0.000000
0.000000
0.000000
0.000000
0.000000
0.000000
0.000000
0.000000
0.000000
0.000000
0.000000
0.000000
0.000000
0.000000
0.000000
-0.014830
-0.001558
0.071496
0.032204
-0.010174
0.000000
0.000000
-0.000082
0.000000
0.000000
0.000000
0.000000
0.000000
0.000000
0.000000
0.000000
0.154691
-0.012748
-0.001662
-0.010907
-0.051961
0.002904
-0.039581
0.024794
0.011352
0.025378
0.000000
0.000000
0.000000
0.000000
0.000000
0.000000
0.000000
0.000000
0.000000
0.000000
0.000000
0.000000
0.000000
0.000000
0.000000
0.000000
0.000000
0.000000
0.000000
0.000000
0.000000
0.000000
0.000000
0.000000
0.000000
0.000000
0.000000
0.000000
0.000000
0.000000
0.000000
0.000000
0.000000
0.000000
0.000000
0.000000
0.000000
0.000000
0.000000
0.000000
0.000000
0.000000
0.000000
0.000000
0.000000
0.000000
0.000000
0.000000
0.000000
0.000000
0.000000
0.000000
0.000000
0.000000
0.000000
0.000000
0.000000
0.000000
0.000000
0.000000
0.000000
0.000000
0.000000
0.000000
0.000000
0.000000
0.000000
0.000000
0.000000
0.000000
0.000000
0.000000
0.000000
0.000000
0.000000
0.000000
0.000000
0.000000
0.000000
0.000000
0.000000
0.000000
0.000000
0.000000
-0.030777
0.033901
0.000000
0.000000
0.000000
0.117192
-0.055341
0.093022
-0.010263
0.000000
0.000000
-0.051239
0.003164
-0.018790
-0.023433
-0.019377
-0.023839
-0.014363
-0.028093
0.005156
-0.022968
-0.039882
-0.018226
0.000000
0.000000
0.000000
0.000000
0.000000
0.000000
0.000000
-0.021552
0.000000
0.000000
0.000000
0.000000
0.000000
-0.048605
0.000000
-0.009839
0.000000
0.000000
0.000000
0.000000
0.007239
0.000000
0.000000
0.000000
0.000000
0.001715
0.000000
0.000000
0.000000
0.000000
0.000000
-0.007103
0.000000
0.000000
0.000000
0.000000
0.000000
0.000000
-0.044509
0.000000
-0.017767
0.000000
0.000000
0.000000
0.000000
0.000000
0.000000
0.000000
-0.017914
0.000000
0.000000
0.000000
0.000000
0.000000
0.000000
0.000000
0.014595
0.000000
0.000000
0.000000
0.000000
0.000000
0.000000
0.126058
0.000000
0.000000
0.000000
0.000000
0.000000
0.000000
0.000000
0.000000
0.012310
0.000000
0.000000
0.000000
0.000000
0.000000
-0.001299
-0.003890
-0.023511
0.033494
0.125549
-0.034698
0.003033
0.020716
-0.044882
0.000000
-0.014055
-0.025802
-0.013715
0.000000
0.000000
0.000000
0.000000
0.000000
0.000000
0.000000
0.024974
0.000000
0.000000
0.000000
0.000000
0.000000
0.000000
-0.011962
-0.025511
-0.070183
-0.003613
0.010686
0.074446
-0.033467
-0.010694
-0.024117
0.026027
0.025074
-0.019019
-0.015432
0.000000
-0.017614
0.000000
0.000000
-0.000696
0.000000
0.000000
-0.014899
0.014155
0.002237
0.043483
0.000000
0.000000
0.000000
0.000000
0.000000
0.023203
0.004737
0.000000
0.000000
0.000000
0.000000
0.000000
0.046282
0.000000
0.000000
-0.013946
0.000000
0.000000
0.000000
0.005036
0.000000
0.000000
0.000000
-0.022363
0.000000
0.000000
-0.007080
0.032978
0.000000
0.002237
0.000000
0.000000
0.000000
-0.026233
-0.019986
-0.010430
0.014358
0.000000
0.000000
0.000000
0.000000
0.000000
-0.011563
0.000000
0.048890
0.000000
0.006677
0.003390
-0.024887
-0.018038
-0.045351
-0.041839
0.017133
-0.031565
-0.010867
-0.019828
0.000000
0.000000
0.000000
0.000000
0.000000
0.000000
0.000000
-0.052187
-0.008822
-0.036527
-0.061061
0.011844
-0.009639
0.000000
0.000000
0.000000
0.000000
0.000000
-0.022664
-0.004654
-0.091525
0.000000
0.000000
-0.029746
0.002049
-0.013775
0.000000
0.000000
0.000000
0.000000
-0.106985
-0.000091
-0.000327
0.000000
0.000000
0.000000
-0.026746
-0.029956
0.000000
0.000000
0.000000
0.000000
-0.055870
0.000000
0.000000
-0.058945
-0.035272
0.006663
0.000000
0.000000
0.000000
0.000000
0.039443
0.000000
-0.000684
-0.036605
0.030216
0.027638
0.006801
0.000000
0.000000
0.000000
0.000000
0.000000
0.000000
0.000000
0.000000
0.000000
0.000000
0.000000
0.000000
0.000000
0.000000
0.000000
0.000000
0.000000
0.000000
0.000000
0.000000
0.000000
0.000000
0.000000
0.000000
0.000000
0.000000
0.000000
0.000000
0.000000
0.000000
0.000000
0.000000
0.000000
0.000000
0.000000
0.000000
0.000000
0.000000
0.000000
0.000000
0.000000
-0.002043
0.005058
0.019858
0.000000
0.000000
0.000000
0.000000
0.000000
0.000000
0.000000
0.000000
0.000000
0.000000
0.000000
0.000000
0.000000
0.000000
0.000000
0.000000
0.000000
0.000000
0.000000
0.000000
0.000000
0.000000
0.000000
0.000000
0.000000
0.000000
0.000000
0.000000
0.000000
0.000000
0.000000
0.000000
0.000000
0.000000
0.000000
0.000000
0.000000
0.000000
0.000000
0.000000
0.000000
0.000000
0.000000
0.000000
0.000000
0.000000
0.000000
0.000000
0.000000
0.000000
0.000000
0.000000
-0.022993
0.023962
0.013826
0.000000
0.000000
0.000000
0.000000
0.000000
0.000000
0.025408
-0.036290
0.038156
0.007398
0.000000
0.000000
0.000000
0.000000
0.000000
0.000000
0.000000
0.000000
0.013802
0.112185
0.003468
0.000000
0.000000
0.000000
0.000000
0.000000
0.000000
0.000000
0.000000
0.000000
0.000000
0.000000
0.000000
0.000000
0.000000
0.000000
0.000000
0.000000
0.147120
0.019908
0.000000
-0.141529
0.038494
0.000000
0.079855
-0.008186
0.000000
0.000000
0.000000
0.000000
0.000000
-0.359506
0.000000
0.000000
0.000000
0.000000
0.000000
0.000000
0.000000
0.000000
0.000000
0.000000
0.000000
0.000000
0.000000
0.000000
0.000000
0.002612
0.000000
0.000000
0.000000
0.000000
0.000000
0.000000
0.000000
0.000000
0.000000
0.000000
0.000000
0.000000
0.000000
0.000000
0.000000
0.000000
0.000000
0.000000
0.000000
0.000000
0.000000
0.000000
0.000000
0.000000
0.000000
0.000000
0.000000
0.000000
0.000000
0.000000
0.000000
0.000000
0.000000
0.000000
0.000000
0.000000
0.000000
0.000000
0.000000
0.000000
0.000000
0.000000
0.000000
0.000000
0.000000
0.000000
0.000000
0.000000
0.000000
0.000000
0.000000
0.000000
0.000000
0.000000
0.000000
0.000000
0.000000
0.000000
0.000000
0.000000
0.000000
0.000000
0.000000
0.000000
0.000000
0.000000
0.000000
0.000000
0.000000
0.000000
0.000000
0.000000
0.000000
0.000000
0.000000
0.000000
0.000000
0.000000
0.000000
0.000000
0.000000
0.000000
0.000000
0.000000
0.000000
0.000000
0.000000
0.000000
0.000000
0.000000
0.000000
0.000000
0.000000
0.000000
0.000000
0.000000
0.000000
0.000000
0.000000
0.000000
0.000000
0.000000
0.000000
0.000000
0.000000
0.000000
0.000000
0.000000
0.000000
0.000000
0.000000
0.000000
0.000000
0.000000
0.000000
0.000000
0.000000
0.000000
0.000000
0.000000
0.000000
0.000000
0.000000
0.000000
0.000000
0.000000
0.000000
0.000000
0.000000
0.000000
0.000000
0.000000
0.000000
0.000000
0.000000
0.000000
0.000000
0.106483
-0.038249
0.030177
-0.029267
0.000000
0.001028
0.000000
0.000000
0.000000
0.000000
0.000000
0.000000
0.000000
0.000000
0.000000
0.000000
0.000000
0.000000
0.000000
-0.025723
0.000000
0.065770
-0.016721
0.000225
0.020223
0.159054
-0.068131
0.008843
0.000000
0.004405
0.065252
0.000000
0.000000
0.000000
0.000000
0.000000
0.000000
0.000000
0.000000
0.000000
-0.023673
-0.001029
0.179058
-0.006192
0.000419
0.024781
0.000000
-0.036471
-0.018201
0.034465
-0.011354
0.026468
-0.020284
0.000000
0.000000
-0.011174
-0.005727
0.000000
0.000000
0.000000
-0.008863
0.000000
0.000000
0.000000
-0.022124
-0.010841
0.298056
-0.021357
0.035922
0.000000
0.000000
0.022662
0.000000
0.000000
0.086254
0.000000
-0.014751
0.033192
0.009813
-0.017406
0.003709
-0.014397
-0.153219
0.065338
0.138851
0.076087
0.014102
-0.030883
0.000000
-0.018776
0.000000
0.000000
0.005969
-0.022574
-0.006336
-0.029923
-0.008271
0.043497
0.006820
0.005585
0.000000
0.000000
0.000000
-0.024323
0.004697
-0.065058
-0.053262
0.000000
0.009199
-0.024578
0.000000
0.000000
-0.053394
0.000000
-0.005895
-0.019038
0.021160
0.007388
0.000000
-0.021038
0.000975
-0.010764
0.000000
-0.002708
0.000000
-0.010445
0.028374
-0.024650
0.030838
0.004258
-0.033521
0.020619
-0.006851
0.000000
-0.012480
-0.010385
0.000000
-0.033828
0.007304
-0.002481
0.014073
-0.036987
-0.001792
-0.034937
-0.016115
0.000000
0.002132
0.000000
0.000000
0.000000
0.000000
0.000000
0.000000
0.000000
0.000000
0.000000
0.000000
0.000000
0.000000
0.000000
0.000000
0.000000
0.000000
0.000000
0.000000
0.000000
0.000000
0.000000
0.000000
0.000000
0.000000
0.000000
0.000000
0.000000
0.000000
0.000000
0.000000
0.000000
0.000000
0.000000
0.000000
0.000000
-0.017023
-0.056994
0.035929
-0.022058
-0.013522
0.000000
0.012858
0.000000
0.000000
-0.048755
-0.041269
-0.003580
-0.038268
0.005035
0.000000
0.000000
0.000000
0.000000
0.020120
-0.003688
0.000000
0.000000
0.000000
-0.008383
0.000000
-0.008447
0.000000
0.000000
0.035983
-0.005759
0.000000
0.000000
0.000000
0.000000
0.000000
0.000000
-0.006325
0.000000
0.000000
0.000000
0.000000
0.000000
0.000000
0.000000
0.000000
0.000000
0.000000
0.000000
-0.004450
0.000000
0.014456
0.000000
-0.003710
0.025501
0.000000
-0.026645
0.037486
-0.065726
-0.013570
0.000000
0.000000
0.000000
-0.010974
0.000000
0.000000
0.004923
0.142528
0.004214
0.004251
0.000000
0.000000
0.000000
0.000000
0.000000
0.000000
0.000000
-0.034100
-0.025359
0.000000
0.000000
-0.065988
0.008708
-0.001623
0.000000
0.000000
0.000000
0.000000
0.000000
0.000000
0.000000
0.000000
0.000000
0.000000
0.000000
0.000000
0.000000
0.000000
0.000000
0.000000
0.000000
0.000000
0.000000
0.000000
0.000000
0.000000
0.000000
0.000000
0.000000
0.000000
0.000000
0.000000
0.000000
0.000000
0.000000
0.000000
0.000000
0.000000
0.000000
0.000000
0.000000
0.000000
0.000000
0.000000
0.000000
0.000000
0.000000
0.000000
0.000000
0.000000
0.000000
0.000000
0.000000
0.000000
0.000000
0.000000
0.000000
0.000000
0.000000
0.000000
0.000000
0.000000
0.000000
0.000000
0.000000
0.000000
0.000000
0.000000
0.000000
0.000000
0.000000
0.000000
0.000000
0.000000
0.000000
0.000000
0.000000
0.000000
0.000000
0.000000
0.000000
0.000000
0.000000
0.000000
0.000000
0.000000
0.000000
0.000000
0.000000
0.000000
0.000000
0.000000
0.000000
0.000000
0.000000
0.000000
0.000000
0.000000
0.000000
0.000000
0.000000
0.000000
0.000000
0.000000
0.000000
0.000000
0.000000
0.000000
0.000000
0.000000
0.000000
0.000000
0.000000
0.000000
0.000000
0.000000
0.000000
0.000000
0.000000
0.000000
0.000000
0.000000
0.000000
0.000000
0.000000
0.000000
0.000000
0.000000
0.000000
0.000000
0.000000
0.000000
0.000000
0.000000
0.000000
0.000000
0.000000
0.000000
0.000000
0.000000
0.000000
0.000000
0.000000
0.000000
0.000000
0.000000
0.000000
0.000000
0.000000
0.000000
0.000000
0.000000
0.000000
0.000000
0.000000
0.000000
0.000000
0.000000
0.000000
0.000000
0.000000
0.000000
0.000000
0.000000
0.000000
0.000000
0.000000
0.000000
0.000000
0.000000
0.000000
0.000000
0.000000
0.000000
0.000000
0.000000
0.000000
0.000000
0.000000
0.000000
0.000000
0.000000
-0.167699
0.020956
0.009980
-0.026665
0.000000
0.000000
0.000597
0.024602
-0.010354
0.000000
0.000000
0.000000
0.000384
0.000000
0.000000
0.006719
0.087281
0.106514
0.000000
-0.029798
0.005204
-0.020716
-0.067158
0.032908
-0.014765
0.000000
-0.033992
-0.016459
0.035309
-0.040034
-0.010638
-0.014818
0.000000
0.000000
0.085727
-0.039201
0.028733
0.099387
-0.030590
-0.006477
-0.008468
0.002996
0.000000
0.004752
-0.038943
0.044267
0.008183
-0.013027
-0.055248
0.063092
0.028083
0.012197
-0.010956
0.008154
0.000000
0.000000
0.000000
0.000000
0.000000
0.000000
0.000000
0.000000
0.000000
0.000000
0.000000
0.000000
0.000000
0.000000
0.000000
0.000000
0.000000
0.000000
0.000000
0.000000
0.000000
0.011076
0.000000
0.013549
0.000000
0.000000
-0.057121
0.000000
0.013955
-0.004809
-0.009605
0.002035
-0.005825
0.000000
0.000000
0.000000
0.014750
0.020538
0.000000
0.000000
0.000000
0.000000
0.000000
0.000000
0.000000
-0.031456
-0.008547
0.009383
0.000000
0.000000
0.000000
0.000000
0.000000
0.000000
0.000000
0.027301
-0.039136
0.006273
0.000000
0.000000
0.000000
0.003460
0.000000
0.000000
0.000000
0.000000
0.000000
0.000000
0.000000
0.000000
0.000000
0.000000
0.000000
0.000000
0.000000
0.000000
0.000000
0.000000
-0.050221
-0.069742
0.006908
0.000000
0.000000
0.000000
0.000000
0.000000
0.001604
0.014845
0.030140
0.008295
-0.001932
-0.016435
0.007791
0.008174
0.007075
0.000000
-0.024323
-0.026094
0.002385
0.000000
0.000000
0.000000
0.000000
0.000000
0.000000
0.000000
0.000000
0.000000
0.000000
0.000000
0.000000
0.000000
0.000000
0.000000
0.000000
0.000000
0.000000
0.000000
0.000000
0.000000
0.000000
0.000000
0.000000
0.000000
0.000000
0.000000
0.000000
0.019716
-0.016130
0.000000
0.000000
0.000000
-0.050117
-0.010405
-0.018761
-0.003162
0.004295
0.000000
-0.012756
-0.010866
-0.048376
-0.035846
-0.004399
0.000000
0.207654
0.007191
-0.024956
0.000000
-0.064562
0.005820
-0.005761
0.000000
0.009859
0.001521
0.000000
0.000000
0.000000
0.000000
0.000000
0.000000
0.011654
0.160228
-0.017500
0.053814
0.012673
0.000000
0.000000
0.000000
-0.006152
0.009539
0.019915
0.007840
-0.000757
0.000000
0.000000
-0.022442
0.000000
0.000000
0.000000
-0.014725
-0.011681
0.000000
0.000000
0.013280
0.000000
-0.033587
-0.008810
-0.011961
-0.001880
0.000000
0.000000
0.000000
-0.032372
0.008294
0.081840
-0.037463
0.037764
0.000000
0.000000
0.000000
-0.024553
0.000000
0.000000
0.000000
0.000000
0.000000
0.000000
0.015201
-0.012627
0.028756
0.015544
0.028429
0.036675
-0.027813
-0.017349
-0.022386
0.000000
0.000000
0.037647
-0.015986
0.000000
0.000000
-0.033508
0.000000
0.000000
-0.040927
0.030655
0.000279
-0.006158
0.006179
0.000000
-0.005940
0.007646
-0.109792
0.229730
-0.023804
-0.001991
0.000000
0.000000
0.000000
0.000000
0.000000
-0.003606
0.000000
0.000000
0.000000
0.000000
-0.006397
-0.022481
-0.004073
0.000000
0.000000
0.000000
0.000000
0.000000
-0.003424
-0.112545
0.007710
-0.022041
-0.027949
0.000000
0.002248
-0.035159
0.009769
-0.010849
0.005501
0.000000
0.000000
0.000000
0.000000
0.000000
0.000000
0.000000
0.000000
0.000000
0.000000
0.000000
0.000000
0.000000
0.000000
0.000000
0.000000
0.000000
0.000000
0.000000
0.000000
0.000000
0.000000
0.000000
0.013422
0.000000
0.000000
0.064955
0.073203
-0.051651
0.078257
-0.009862
-0.004461
-0.002509
0.000000
0.000000
0.000000
-0.004194
0.000000
0.000000
0.014739
-0.011336
0.000000
0.000000
0.000000
-0.004471
0.000000
0.017540
0.019087
-0.035210
0.009755
0.000000
0.000000
-0.004729
0.000000
0.000000
0.000000
-0.025064
-0.009386
0.000000
0.001579
-0.013613
-0.000693
0.039481
0.018173
0.000000
0.001040
0.000000
0.000000
-0.043769
0.011522
0.000000
0.000000
-0.004730
0.000000
0.000000
0.000000
-0.000394
0.012434
0.005578
-0.046058
0.007313
-0.009291
-0.099345
-0.033827
0.023460
0.018679
-0.004305
0.000000
0.000000
0.000000
0.000000
0.007808
-0.030548
0.000635
0.000000
0.000000
0.000000
0.000000
0.005370
0.002352
0.000000
0.006255
-0.004371
0.134020
0.000000
0.000000
-0.005214
0.046221
0.023791
0.000000
0.000000
0.000000
-0.002745
-0.014574
-0.048255
0.011705
0.045575
-0.045908
0.062108
0.002589
-0.024465
-0.048641
-0.011356
-0.085761
-0.000825
-0.034140
-0.005479
-0.032002
0.000000
0.000000
0.000000
0.000000
-0.019717
0.000000
-0.045649
0.204426
0.009015
-0.021681
-0.000495
-0.040833
-0.016582
-0.022516
-0.007353
-0.009534
0.000000
0.000000
0.000000
-0.000312
0.019917
-0.015909
0.027817
0.021216
0.000000
0.000000
0.003412
0.000000
0.000000
0.000000
-0.050642
-0.067470
-0.054656
0.000000
0.000000
0.105506
-0.020306
-0.012011
-0.000571
-0.003704
0.006819
0.000000
-0.018526
0.011386
0.003813
-0.053991
-0.005768
-0.022076
0.000000
0.000000
-0.035968
0.000000
-0.041737
0.000000
-0.023114
0.000000
0.000000
0.000000
0.015677
-0.006081
-0.023941
0.047253
0.008201
0.000000
0.000000
0.000000
0.000000
0.000000
0.000000
0.000000
0.000000
0.003070
-0.002676
0.000000
-0.004322
-0.008898
0.020393
-0.024769
0.016569
-0.041045
-0.005318
0.014503
0.006794
-0.053987
-0.011972
-0.026090
-0.022875
0.000000
0.000000
-0.031456
0.013710
0.000000
0.000000
0.000000
-0.029018
0.000459
0.015584
0.041166
-0.018676
0.000811
0.017252
0.055626
-0.027269
-0.005690
-0.039079
0.037431
0.000000
-0.008309
-0.070900
-0.004636
-0.026613
-0.002050
-0.005874
-0.050056
-0.004851
-0.014972
0.000000
-0.014265
0.000000
-0.002829
-0.009756
0.042938
-0.023499
-0.037100
0.051708
0.006537
-0.048092
-0.020200
0.002190
-0.014591
-0.023821
-0.000847
-0.048703
0.000000
0.000000
-0.034344
0.035002
-0.034739
0.034990
0.009483
0.012882
0.006136
0.046881
-0.021613
-0.000418
0.004120
0.000000
0.000000
-0.026276
0.002633
0.000000
-0.011884
0.000000
0.013744
0.008250
-0.050798
-0.002267
-0.001153
-0.046916
0.020343
-0.002814
-0.005691
-0.004598
-0.009843
0.000000
0.000000
0.000000
0.000000
0.000000
0.000000
0.000000
-0.012758
0.000000
-0.016879
-0.013593
0.000000
0.000000
0.000000
0.000000
0.000000
0.000000
0.000000
0.000000
0.000000
0.000000
0.000000
0.000000
0.000000
0.115106
-0.054184
-0.030232
0.005576
0.018532
0.009299
0.004261
0.000000
0.000000
0.000000
0.000000
0.000000
0.000000
0.000000
0.000000
0.000000
0.000000
-0.070988
-0.014270
0.000000
0.000000
0.000000
0.000000
-0.001371
0.000000
-0.014929
-0.108256
0.143440
0.002724
-0.027393
0.021454
-0.011554
0.000000
0.027726
0.000000
0.000000
0.000000
0.000000
0.021586
-0.037168
0.012074
-0.031839
0.395557
-0.034001
0.005072
-0.035753
-0.006566
-0.027630
-0.012124
-0.029410
0.006476
0.000000
0.000000
0.000000
0.000000
0.000000
0.000000
0.000000
0.000000
0.000000
0.000000
0.000000
0.000000
0.000000
0.000000
0.000000
0.000000
0.000000
-0.078320
-0.023624
-0.004612
0.000000
-0.010802
0.008601
0.003304
0.006136
-0.119269
0.018735
-0.060296
-0.017390
-0.028801
-0.017800
0.009656
-0.027887
-0.009105
0.000000
0.000000
0.000000
0.000000
0.000000
-0.031258
-0.038308
-0.028803
-0.017473
-0.023858
0.043467
0.000000
-0.066143
-0.005445
0.000000
0.000000
-0.057818
-0.027965
-0.019888
-0.016794
-0.015577
0.000609
0.000000
0.000000
0.001040
0.000000
-0.041733
-0.019155
-0.016307
0.000000
0.000000
0.000000
-0.020811
-0.012296
-0.110497
-0.009240
-0.010058
-0.000533
0.004476
0.018191
-0.009419
0.015213
-0.009749
-0.001083
0.000000
0.000000
0.000000
0.006973
0.021079
-0.019756
0.009747
0.000000
0.000000
0.000000
0.000000
0.000000
-0.018543
-0.018147
0.005245
-0.039950
-0.038969
-0.018993
-0.005207
0.023197
-0.013811
0.000000
-0.007613
0.023267
-0.009774
0.011148
0.001483
0.000000
0.000000
0.000000
0.000000
0.000000
0.004338
-0.037773
0.014243
0.000000
-0.013996
0.000000
-0.008520
0.008203
0.000000
-0.028232
0.038641
0.023974
0.015832
0.008355
-0.025622
0.017471
-0.017968
-0.018589
-0.003604
0.002310
-0.007290
-0.020408
0.000000
0.000000
0.000000
0.000000
0.000000
0.000000
0.000000
0.000000
0.000000
0.000875
0.018237
-0.022185
-0.024602
0.000000
0.000000
-0.039998
0.001439
0.008420
0.017581
-0.026092
0.009187
0.000000
0.000000
0.113427
0.039936
-0.004941
-0.113650
0.013377
0.000000
0.000000
0.022675
-0.017370
0.000000
0.000000
0.000000
0.000000
-0.005163
-0.002474
-0.006163
0.002623
-0.047870
-0.017797
0.015644
0.008745
0.007507
0.030640
0.036790
-0.007937
0.000000
0.000000
0.000000
0.000000
0.000000
0.000000
-0.020515
0.000000
0.000000
0.000000
0.000000
0.008337
0.007468
-0.018969
-0.003537
0.000000
0.000000
0.000000
0.000000
-0.006653
0.010610
-0.013128
0.100093
-0.018366
-0.071560
-0.008090
0.000000
0.000000
0.000000
-0.001058
-0.006490
-0.012350
0.000000
0.000000
0.000000
0.000000
0.000000
0.000000
-0.017353
0.009333
0.016626
-0.038764
0.012418
-0.004822
-0.037263
0.028207
-0.000430
0.011949
-0.026606
0.000000
-0.009799
-0.013435
0.000000
-0.023886
0.006500
-0.024315
-0.046989
0.017837
0.004299
0.002223
-0.026373
0.005350
-0.004048
0.000000
-0.014595
0.000000
0.000000
0.000000
0.000000
0.000000
0.000000
0.000000
0.000000
0.000000
0.000000
0.000000
-0.005781
0.000000
0.000000
0.000000
0.000000
0.000000
-0.012507
0.013898
0.042704
-0.015612
0.000000
-0.017769
-0.010056
0.000000
0.000000
0.000000
0.000000
0.000000
0.000000
-0.032195
0.026599
-0.023693
-0.002295
0.000000
-0.062444
-0.017114
-0.006487
0.000000
0.000000
0.000000
0.000000
0.000000
0.000000
0.000000
0.029325
-0.019230
0.171825
-0.056990
0.024109
0.008736
-0.007005
-0.002986
0.000000
0.000000
0.000000
0.000000
0.000000
0.000000
0.000000
0.000000
0.000000
0.000000
0.000000
0.000000
0.000000
0.000000
0.000000
0.000000
0.000000
0.000000
0.000000
0.000000
-0.023700
-0.012328
0.000000
0.000000
-0.022282
0.000000
0.000000
-0.004047
0.000000
0.041975
0.000000
-0.000529
0.021945
0.017978
0.000000
-0.005364
0.000000
0.019799
0.000000
0.005311
-0.027555
-0.008520
-0.051292
0.004704
-0.002657
0.000000
0.000000
-0.006645
-0.008888
0.000000
0.035300
0.033215
0.009711
0.012727
0.009523
-0.006087
0.000000
-0.007558
0.000000
-0.001056
0.000000
0.000000
0.000000
0.000000
0.000000
0.002795
0.013011
0.000000
-0.003399
0.000000
0.000000
0.000000
0.000000
0.005783
-0.001655
-0.022511
0.021599
0.028912
-0.013645
-0.006898
-0.004065
0.025073
0.000000
0.011918
-0.005583
0.000000
0.054995
-0.020339
-0.042800
-0.040223
-0.019683
0.028690
0.019067
-0.013509
0.037270
-0.093990
0.013146
0.000000
0.003282
0.008783
-0.013630
0.049609
0.014133
-0.024274
0.000000
0.000000
-0.030668
0.035740
0.004126
0.000000
0.000000
0.034108
-0.001935
0.027022
-0.021459
-0.008593
0.000000
0.000000
-0.004359
0.000000
-0.019647
0.009364
0.000000
0.000000
0.000000
-0.009229
0.060041
0.018026
0.015493
-0.013660
-0.008131
0.123481
-0.010925
0.000000
0.000000
-0.021064
-0.014331
0.014973
0.000000
-0.004529
0.000000
0.000000
-0.014333
-0.018904
-0.022697
0.006768
0.018071
-0.006686
-0.050217
-0.005814
0.011670
-0.022317
-0.022758
-0.011365
-0.045475
-0.020196
-0.004921
0.000000
0.000000
-0.012027
0.011118
-0.029320
-0.010616
-0.005889
-0.103122
-0.013227
0.000000
0.000000
0.000000
0.000000
-0.010297
0.000000
0.000000
0.141622
-0.008863
-0.009799
-0.012850
0.005116
0.025995
-0.001150
-0.061213
0.000222
0.019973
-0.019329
-0.038400
-0.007692
0.000000
0.018703
0.019095
0.000550
-0.019065
0.000000
-0.016350
0.005603
0.000000
-0.007913
-0.057021
-0.015925
0.016071
-0.013410
0.000000
0.000000
0.000000
-0.006894
-0.004948
0.000000
0.000000
0.000000
-0.006029
-0.001367
-0.004924
-0.062671
-0.012258
0.000000
0.007822
0.000031
-0.005896
0.030265
0.000000
0.040544
-0.001066
0.021181
0.028061
0.012591
0.011775
-0.013559
0.013775
0.014136
-0.015545
0.000000
0.000000
-0.000930
-0.005798
-0.091873
-0.056509
-0.028021
-0.012219
0.019505
0.000000
-0.004643
0.019697
0.000000
0.005165
-0.023119
0.134830
-0.051191
-0.012371
-0.029723
-0.007376
0.000000
-0.020748
0.000000
0.000000
-0.006132
-0.008850
0.000000
0.000000
0.000000
0.000000
0.000000
0.000000
0.046914
0.001543
0.000000
-0.006642
-0.036417
0.000000
0.000000
0.185813
-0.012653
-0.021752
-0.008536
0.000000
0.000000
-0.021179
0.000000
0.000000
-0.033645
0.000000
0.092469
-0.031670
-0.012011
0.094470
0.019804
-0.008321
0.002848
0.210198
-0.005736
0.000000
0.000000
0.000000
0.000000
0.000000
0.017924
0.251347
-0.004198
0.040934
0.003037
0.000000
0.000000
0.000000
0.000000
0.000000
0.000000
0.000000
0.000000
0.000000
0.000000
0.018573
0.026076
0.000000
-0.012168
0.000000
0.000000
0.000000
0.000000
0.068854
-0.023011
0.000000
0.016907
-0.033849
0.013896
0.055412
0.013385
0.051509
-0.030137
-0.015286
-0.026126
0.000000
0.000000
0.020183
-0.025799
0.007875
-0.005651
0.000000
-0.011466
-0.002185
-0.001498
0.000762
0.008985
0.007886
0.027225
0.120348
-0.021919
-0.001602
0.007408
0.063860
0.006694
0.000000
0.056374
-0.008442
-0.050551
-0.026468
0.027967
0.072397
-0.011811
-0.026956
0.000000
0.000000
0.000000
0.000000
0.000452
0.000000
-0.006928
0.000000
0.000000
0.000000
0.000000
0.000000
0.000000
0.000000
-0.002856
-0.024754
-0.014257
-0.016239
0.001818
-0.008091
-0.004852
-0.016695
-0.006169
0.011974
0.016260
0.018951
-0.014365
0.000000
0.000000
0.016253
-0.007561
0.000000
0.000000
0.000000
-0.008077
0.288960
0.018940
0.000000
-0.004368
-0.004893
-0.014312
0.059684
0.040132
0.000000
-0.007158
0.000000
0.000000
-0.034292
-0.004000
-0.051684
-0.080983
-0.040092
0.039382
-0.011975
0.014690
-0.002568
0.000000
0.000000
-0.008214
-0.020346
-0.020926
-0.009736
0.016094
-0.020515
-0.025086
-0.003199
0.000000
0.000000
0.000000
0.000000
0.000000
0.000000
0.000000
-0.009028
0.013959
-0.002019
-0.023471
0.024919
-0.005243
0.036405
-0.017705
0.027447
0.008933
-0.082090
-0.006023
0.015008
0.006942
0.009670
-0.045815
-0.031575
0.019517
-0.035764
-0.012899
0.000000
0.000000
0.000000
0.100690
0.000000
0.191646
-0.003916
0.000000
0.000000
0.000000
0.000000
0.000000
0.000000
0.000000
0.000000
0.000000
0.000000
0.000000
0.000000
0.000000
0.000000
0.000000
0.000000
0.000000
0.000000
0.005840
0.000000
0.009107
0.011973
0.004605
0.000000
0.000000
-0.066235
-0.005777
0.000000
0.000000
0.000000
0.000000
0.000000
-0.000993
0.000000
0.000000
0.000000
0.049295
0.017822
0.000000
0.000000
-0.041740
0.017634
0.001653
-0.055960
-0.005023
0.000000
0.000000
0.000000
0.000000
0.000000
0.000000
0.000000
0.000000
0.000000
0.000000
0.000000
0.000000
0.000000
0.000000
0.000000
0.041191
0.061602
0.000000
0.000000
-0.031984
0.022756
-0.056842
-0.095710
0.052071
-0.034334
-0.014859
-0.008883
0.009370
0.000000
0.000000
0.000000
0.000000
-0.050391
-0.014378
0.006643
0.000000
-0.088507
0.085536
-0.008243
0.058988
0.150001
0.086796
-0.010850
0.000000
0.000000
0.000000
0.000000
0.000000
0.003000
0.000000
0.000000
-0.028164
-0.018153
0.000000
0.000000
0.000000
-0.003245
-0.001595
0.002121
0.000000
0.000000
-0.017429
-0.038742
0.026099
0.030176
-0.015056
0.040924
-0.027142
-0.003078
-0.034673
-0.026661
-0.026162
0.000000
-0.014708
0.136020
-0.051266
-0.017572
-0.015650
0.000000
0.017923
0.023255
0.211694
0.021792
-0.030677
-0.004764
0.000783
0.032192
0.011471
-0.011986
0.000000
0.000000
-0.007302
0.000000
0.000000
0.011190
0.019295
0.023579
0.002460
-0.022879
0.000000
0.023995
0.129861
-0.003434
0.000000
-0.021572
0.012776
0.000000
-0.030431
0.000000
0.027796
0.042419
-0.034634
-0.032511
-0.029562
0.015040
0.018461
0.016436
-0.004073
0.032850
-0.006733
-0.018913
0.000000
0.000000
0.000000
0.000000
0.000000
0.000000
0.000000
0.000000
-0.016348
-0.033241
-0.042118
0.003552
-0.001267
-0.007084
-0.012655
0.000000
0.000000
0.000000
-0.021587
-0.005421
0.000000
0.000000
-0.005919
-0.065667
0.026147
-0.003717
0.056538
-0.054492
-0.026984
-0.008790
-0.027702
0.000000
0.024854
0.015332
0.000000
0.000000
-0.021131
0.021962
0.000000
0.000000
0.063761
-0.007361
0.125891
-0.007552
-0.014294
-0.035962
-0.035403
-0.010250
-0.015956
-0.057516
0.024554
0.006813
0.026445
-0.008101
-0.003323
0.000000
0.000000
0.056507
-0.026704
0.000000
0.000000
0.010569
-0.100727
0.000000
-0.089912
0.000000
0.047937
0.002593
0.003959
0.000000
-0.002641
-0.027832
0.000000
0.005073
-0.031872
0.026966
0.000971
0.000000
0.000000
0.000000
0.000000
-0.004740
-0.030028
0.020908
-0.041150
-0.000263
0.000000
0.000000
-0.016381
0.000000
0.000000
0.041690
-0.005981
0.000000
0.000000
-0.001250
0.000000
-0.029738
-0.007217
0.016016
-0.034853
0.000000
0.000000
0.012736
0.000000
0.000000
0.000000
0.000000
-0.039107
-0.011455
0.000536
0.000000
0.000000
0.000000
0.004450
0.021609
-0.012355
0.000000
-0.025575
-0.000017
0.029463
-0.037729
-0.038815
0.023063
-0.010824
-0.000573
-0.020541
0.017043
0.001560
0.114243
-0.007071
0.037389
-0.002007
-0.007414
-0.016794
0.047050
0.000000
0.008128
0.000000
0.001328
0.000000
0.000000
0.000000
0.000000
-0.020678
0.000000
-0.040768
0.034674
0.000000
-0.067338
0.020994
0.000000
0.000000
0.004282
-0.043860
0.000000
-0.012059
0.000000
-0.004258
0.000000
-0.001501
0.000000
0.000000
0.000000
-0.020311
0.000000
0.000000
-0.002634
0.000000
0.000000
0.004442
0.023387
0.000000
-0.017397
0.000000
0.000000
-0.012170
0.000000
0.000000
0.000000
0.000000
0.000000
0.000000
0.000000
0.000000
0.000000
0.000000
0.000000
0.003500
-0.007482
0.079032
0.000000
-0.010883
0.035270
0.065930
-0.002417
0.039816
0.000824
-0.027749
-0.003977
0.010048
-0.008606
0.000000
-0.022523
0.002117
0.124049
0.001711
0.000000
0.000000
0.000000
-0.033996
0.025432
0.008464
0.000000
0.000000
-0.008393
0.032510
-0.018665
-0.023996
0.000000
0.049896
0.002119
0.034951
0.000000
0.000000
0.000000
0.000000
0.000000
0.020707
0.031580
0.000000
-0.019830
-0.020615
0.106572
-0.019492
-0.003788
0.000000
0.033398
0.000000
-0.009274
0.012578
-0.016570
0.000000
0.000000
0.000000
0.000000
-0.011545
-0.031102
-0.007841
-0.017479
0.032499
0.005791
-0.070862
0.006149
-0.014386
0.000000
0.000000
0.000000
-0.025970
0.020649
-0.061311
0.001649
0.000000
-0.068382
0.017599
-0.008005
-0.018600
-0.011622
-0.022721
-0.009087
0.000000
0.000000
0.000000
0.000000
0.000000
0.000000
0.000000
0.000000
0.000000
0.000000
0.000000
0.000000
0.000000
0.006114
-0.009150
0.000000
0.000000
0.000000
0.000000
0.000000
0.000000
0.000000
0.000000
0.000000
-0.001883
0.000000
0.000000
-0.022281
0.014776
-0.045926
0.007870
0.000000
0.015456
-0.020924
-0.011534
-0.002951
0.000000
0.000000
0.000000
0.000000
-0.001113
0.035053
0.014595
-0.070687
-0.019646
0.000000
0.000000
0.000000
0.000000
0.000000
0.000000
0.000000
0.000000
0.000000
0.000000
0.012287
0.043801
0.000000
0.000000
-0.020157
0.000000
0.000000
0.032353
-0.016101
0.000000
-0.006517
-0.025803
-0.025342
-0.008574
-0.007300
-0.005693
0.029317
0.087995
0.000000
0.019046
0.000000
0.000000
0.000000
0.015982
-0.004614
0.095768
0.070489
0.005287
-0.033015
0.053141
0.031129
-0.009643
-0.024699
0.041905
0.000000
0.000000
-0.044513
-0.010609
-0.029637
0.019268
-0.015473
0.008413
-0.099124
0.039013
0.022198
-0.045628
-0.008567
-0.005028
0.007549
-0.003247
0.000000
0.010281
-0.006720
0.000000
-0.035920
0.000000
0.000000
-0.045344
-0.081366
-0.003670
0.004345
0.002491
0.022089
0.000000
0.000000
0.000000
0.000000
0.000000
0.000000
0.000000
0.000000
0.015131
-0.004497
0.000000
0.026261
-0.031136
-0.019438
0.030161
0.011338
0.000000
-0.007908
0.000000
0.000000
0.000000
-0.018412
-0.008932
-0.020774
0.000000
-0.009811
0.009596
0.000000
0.000000
0.000000
0.000000
-0.002808
0.000554
0.036012
0.000000
0.014373
-0.022858
-0.021526
0.000000
-0.007188
-0.020271
0.018360
-0.014328
-0.021390
0.025581
0.031095
0.000000
-0.019236
0.007021
0.000000
-0.020555
0.000000
-0.010260
0.000000
0.011369
0.026926
0.015638
0.000000
0.000000
0.000000
0.000000
0.000000
0.000000
0.000000
0.000000
0.000000
0.000000
0.000000
0.000000
0.000000
0.000000
0.000000
0.000000
0.000000
0.000000
0.000000
0.000000
0.000000
0.000000
0.000000
0.000000
0.000000
0.000000
0.000000
0.000000
0.000000
0.000000
0.000000
0.000000
-0.034906
0.007527
0.000000
0.000000
-0.002938
0.000000
0.000000
0.000000
0.000000
0.000000
0.000000
-0.051201
-0.028845
0.035986
0.000000
-0.006934
0.000000
0.000000
0.000000
0.000000
0.000000
0.000000
0.011781
0.000000
0.000000
-0.034366
0.024452
-0.003272
-0.004952
0.000000
0.000000
0.000000
0.000000
0.000000
0.000000
0.000000
-0.002961
0.000000
0.000000
0.000000
0.000000
0.000000
0.000000
0.000000
0.000000
0.000000
0.000000
0.000000
0.000000
0.000000
0.000000
0.000000
0.000000
0.000000
0.000000
0.000000
0.000000
0.000000
0.000000
0.000000
0.000000
0.000000
0.000000
0.000000
0.000000
0.000000
0.000000
0.000000
0.000000
0.000000
0.000000
0.000000
0.000000
0.000000
0.000000
0.000000
0.000000
0.000000
0.000000
0.000000
0.000000
0.000000
0.000000
0.000000
0.000000
0.000000
0.000000
0.000000
0.000000
0.000000
0.000000
0.000000
0.000000
0.006539
0.026685
-0.002745
0.003214
-0.024514
0.000000
0.004482
-0.043698
-0.035943
0.005339
0.000000
-0.011779
0.000000
0.007792
0.005795
-0.002339
-0.030568
0.000000
-0.023462
-0.014060
-0.014508
-0.040966
0.000000
0.000000
-0.003524
0.000000
0.000000
0.000000
0.000000
0.000000
0.000000
0.000000
0.000000
0.052827
-0.004707
0.066949
0.002764
0.004673
-0.019611
-0.030539
-0.020547
-0.000900
0.000000
0.000000
0.000000
0.000000
-0.029019
-0.011497
0.000000
-0.010475
-0.004999
-0.044382
-0.033108
-0.016484
0.000000
0.000000
0.000000
0.037013
0.000000
-0.008963
0.000000
0.000000
0.000000
0.000000
0.000000
-0.056134
0.005760
0.000000
0.000000
0.000000
0.000000
0.000000
0.000000
0.000000
0.000000
0.000000
0.000000
0.000000
0.022701
-0.055233
-0.014920
0.017530
0.038132
0.000000
0.000000
0.185848
0.091742
0.001814
0.000000
0.000000
0.000000
0.000000
0.000000
0.000000
-0.010963
0.000000
-0.006085
0.012270
0.000000
0.000000
0.000000
0.000000
0.000000
0.058013
-0.018928
-0.065970
0.000000
0.000000
-0.013513
0.338985
0.017836
-0.005305
0.000000
0.034317
-0.020201
0.000000
-0.024294
0.000000
0.026464
0.110798
0.057896
0.007128
0.010265
0.000000
0.000000
0.000000
-0.010876
0.000000
0.000000
0.000000
0.000000
-0.047250
-0.032704
0.000000
0.000000
0.000000
0.000000
0.016656
0.000000
0.000000
-0.051767
-0.002409
-0.047907
-0.007805
0.000000
0.020024
0.010854
0.017379
0.028841
0.053049
0.243736
-0.037901
0.009624
0.000000
0.000000
0.101039
-0.003897
0.063477
-0.004291
-0.035990
0.001197
-0.027545
0.001291
-0.059124
0.000000
0.000000
0.001381
0.009626
-0.050594
-0.005169
0.000000
0.000000
0.000000
0.000000
0.000000
0.000000
0.000000
0.000000
0.000000
0.000000
0.007273
-0.015434
-0.030811
0.101546
-0.059095
0.000000
-0.005379
0.016800
0.020546
0.021866
-0.025663
0.000000
0.000000
0.000000
0.000000
0.000000
0.000000
0.000000
0.000000
0.000000
-0.033418
0.027927
0.000000
0.000000
-0.009370
0.000000
0.000000
0.000000
0.000000
0.003054
-0.005472
-0.001445
0.080118
0.000000
-0.012555
0.000826
0.018935
-0.035001
0.012523
-0.051166
0.013273
-0.015751
0.000000
0.000000
0.000000
0.000000
-0.012475
0.000000
0.000000
-0.037790
0.000000
-0.004041
0.000000
0.000000
0.000000
0.000000
0.000000
0.000000
0.000000
0.000000
0.000000
0.000000
0.000000
0.000000
0.000000
0.000000
0.000000
0.000000
0.079898
-0.029846
-0.024674
0.000000
-0.004086
0.000000
0.000000
0.000000
-0.009555
-0.036626
0.002386
0.000000
0.000000
0.009189
0.000000
-0.002751
0.029973
0.000000
-0.234851
0.000000
0.000000
0.000000
-0.004884
0.000000
0.000000
0.000000
0.000000
0.000000
0.000000
0.000000
0.000000
0.000000
0.000000
0.000000
-0.009211
-0.010811
0.061598
0.015321
-0.013842
0.000000
0.000000
0.000000
-0.045954
-0.023007
-0.016500
-0.023437
0.000000
0.000000
-0.011704
0.000000
0.000000
0.000000
0.019071
0.000000
-0.007623
0.000000
0.000000
0.000000
0.000000
-0.037490
0.001709
0.014186
0.078480
-0.002366
0.023961
-0.011843
0.004533
0.000000
0.000000
0.000000
0.000000
0.008083
0.015378
-0.010425
0.000000
0.000000
0.000000
0.001853
-0.005158
-0.029473
-0.082820
-0.017187
0.000000
-0.014456
0.000000
-0.020240
-0.066765
-0.009420
-0.006239
-0.012206
0.000000
0.000000
0.000000
0.028685
-0.038173
0.000000
-0.018357
-0.034933
-0.012106
-0.049089
0.000000
0.018319
0.093704
0.014390
-0.003216
0.000000
0.011233
0.000000
0.000000
0.021079
0.000000
0.013281
0.001927
0.002577
-0.007751
0.000000
0.000000
-0.034492
0.016653
0.000000
0.000000
0.000000
0.000000
0.019168
-0.031669
-0.016414
0.025410
0.000000
0.013514
-0.037420
0.010273
0.000000
-0.017135
0.000000
0.000000
-0.028158
-0.035342
0.000000
0.006867
0.002562
0.006184
-0.023186
0.086490
-0.027570
-0.001698
0.011074
0.050437
0.021147
-0.003288
0.000000
-0.011684
-0.033333
0.014574
0.000000
0.000000
0.000000
0.021688
0.000000
-0.011109
0.000000
0.000000
0.008799
0.000000
0.000000
-0.004825
0.000000
0.000000
0.000000
0.000000
0.000000
-0.007196
0.004956
-0.045307
0.005474
-0.008974
0.000000
0.000415
-0.017436
0.000000
0.000000
0.000000
0.000000
0.000000
0.025197
0.000000
0.019963
-0.040172
-0.019846
0.011121
0.000000
0.000000
0.000000
0.000000
0.000000
0.000000
0.000000
0.000000
0.000000
0.000000
0.000000
0.000000
0.012710
0.000000
0.000000
0.036685
0.006340
0.019987
0.000625
0.048711
0.000000
0.000000
-0.008093
0.000000
0.000000
0.000000
0.000000
0.079624
-0.042893
-0.012571
0.000949
0.000000
0.000000
0.000000
0.000000
0.000000
0.001763
-0.051872
-0.008851
-0.031992
0.006665
-0.002974
0.000000
0.000000
0.000000
0.000000
0.000000
0.101184
-0.041208
-0.016996
0.019652
0.069033
0.025022
0.012408
0.042150
0.054603
0.000000
-0.005333
0.000000
0.000000
0.000000
0.000000
0.000000
0.000000
0.000000
0.000000
0.003017
0.000000
0.000000
0.000000
0.009458
0.040878
0.017318
0.000000
0.000000
0.000000
0.000000
0.000000
0.000000
0.000000
0.000000
0.000000
0.000000
0.000000
0.000000
0.000000
0.010245
0.010732
0.021738
-0.023439
0.000000
-0.032904
-0.013422
0.000000
0.000000
0.000000
0.000000
0.000000
0.000731
0.000000
0.000000
0.000000
0.000000
-0.021274
0.011588
-0.015532
-0.035600
-0.001371
-0.024282
0.000000
-0.011770
-0.028861
0.066140
0.000000
-0.032967
-0.024528
0.000000
0.000000
0.000000
0.015877
-0.036267
0.134741
-0.012930
-0.018091
-0.016490
0.016821
-0.033813
-0.002885
0.000000
0.000000
-0.022900
0.000000
0.000000
0.017753
-0.032747
-0.072656
-0.004677
0.000000
0.000000
-0.027538
-0.002966
-0.004504
0.068501
-0.015431
0.017629
-0.042087
0.005292
-0.003407
0.000000
0.000000
0.000000
0.000000
0.000000
0.000000
0.027369
0.042298
0.012014
-0.003398
-0.081768
-0.025871
-0.043389
-0.003400
0.024767
0.000000
0.030417
0.000000
0.000000
-0.024136
-0.059352
-0.087013
-0.035087
0.051164
0.018167
-0.020623
0.007225
0.009230
-0.021980
0.002073
0.000000
0.000000
0.000000
-0.062164
0.000000
0.137603
0.140121
-0.032394
-0.022796
0.000000
0.000000
0.005939
-0.029049
-0.039012
0.011952
-0.034856
-0.015549
0.000000
-0.007044
0.000000
0.000000
0.000000
0.000000
-0.028668
-0.011448
0.005615
-0.011016
0.000000
0.000000
0.000000
0.000000
0.000000
0.000000
0.000000
0.000000
0.000000
0.000000
0.000000
0.000000
0.000000
0.000000
0.000000
0.000000
0.000000
0.000000
0.000000
0.000000
0.000000
0.000000
0.000000
0.000000
0.000000
0.000000
0.000000
0.000000
0.000000
0.000000
0.000000
0.000000
0.000000
0.000000
-0.023261
0.000000
0.000000
0.000000
0.000000
0.000000
0.000000
0.000000
0.000000
0.000000
0.000000
0.000000
0.000000
0.000000
0.007961
-0.001365
0.000000
0.000000
0.000000
0.000000
0.013900
0.000000
0.000000
0.004173
0.000000
0.000000
0.000000
0.012088
-0.013596
-0.031073
-0.027639
-0.002851
0.073727
0.000000
-0.016408
-0.006227
-0.006315
0.000000
0.017418
0.000000
-0.013762
0.021782
0.000000
0.000000
0.000000
0.000000
0.000000
0.000000
0.000000
0.000000
0.000000
0.000000
0.000000
0.000000
0.000000
0.000000
0.000000
0.000000
0.004007
-0.009301
0.000829
0.000000
0.000000
0.000000
0.000000
0.000000
0.000000
0.000000
0.000000
0.000000
0.000000
0.000000
0.000000
0.000000
0.000000
0.000000
0.000000
0.000000
0.000000
0.000000
0.000000
0.000000
0.000000
0.000000
0.000000
0.000000
0.000000
0.000000
0.000000
0.000000
0.000000
0.000000
0.000000
0.000000
0.000000
0.000000
0.000000
0.000000
0.000000
0.000000
0.000000
0.000000
0.000000
0.000000
0.000000
0.000000
0.000000
0.000000
0.000000
0.000000
0.000000
0.000000
0.000000
0.000000
0.000000
0.000000
0.000000
0.000000
0.000000
0.000000
0.000000
0.000000
0.000000
0.000000
0.000000
0.000000
0.000000
0.000000
0.000000
0.000000
0.000000
0.000000
0.000000
0.000000
0.000000
0.000000
0.000000
0.000000
0.000000
0.000000
0.000000
0.000000
0.000000
0.000000
0.000000
0.000000
0.000000
0.000000
0.000000
0.000000
0.000000
0.000000
0.000000
0.000000
0.000000
0.000000
0.000000
0.000000
0.000000
0.000000
0.000000
0.000000
0.000000
0.000000
0.000000
0.000000
0.000000
0.000000
0.000000
0.000000
0.000000
0.000000
0.000000
0.000000
0.000000
0.000000
0.000000
0.000000
0.000000
0.000000
0.000000
0.000000
0.000000
0.000000
0.000000
0.000000
0.000000
0.000000
0.000000
0.000000
0.000000
0.000000
0.000000
0.000000
0.000000
0.000000
0.000000
0.000000
0.000000
0.000000
0.000000
0.000000
0.000000
0.000000
0.000000
0.000000
0.000000
0.000000
0.000000
0.000000
0.000000
0.000000
0.000000
0.000000
0.000000
0.000000
0.000000
0.000000
0.023573
0.019798
0.000000
0.004701
-0.000218
-0.029112
0.021803
0.000000
0.000000
0.098840
0.004410
0.192805
0.018687
0.000000
0.000000
0.000000
0.000000
0.000000
0.000000
0.000000
0.000000
0.000000
0.000000
0.000000
0.000000
0.000000
0.000000
0.000000
0.000000
0.000000
-0.013628
0.000000
0.000000
0.000000
0.000000
0.000000
0.000000
0.000000
-0.052138
-0.015000
-0.017489
-0.010528
-0.007750
-0.037724
0.000000
-0.003491
0.000000
0.000000
0.000000
0.000000
0.000000
0.000000
0.015839
-0.021443
0.207921
-0.008863
-0.003886
0.017892
-0.028924
0.051428
-0.019371
-0.004632
-0.015496
-0.074581
-0.001706
0.000337
0.000000
0.000000
0.000000
0.000000
0.000000
0.000000
0.000000
0.000000
0.000000
0.000000
0.000000
0.000000
0.000000
0.000000
0.000000
0.000000
0.000000
0.000000
0.000000
0.000000
0.000000
0.000000
0.000000
0.000000
0.000000
0.000000
0.000000
0.000000
0.000000
0.000000
0.000000
0.000000
0.000000
0.000000
0.000000
0.000000
0.000000
0.000000
0.000000
0.000000
0.000000
0.000000
0.000000
0.000000
0.000000
0.000000
0.000000
0.000000
0.000000
0.000000
0.000000
0.000000
0.000000
0.000000
0.000000
0.000000
0.000000
0.000000
0.000000
0.000000
0.000000
0.000000
0.000000
0.000000
0.000000
0.000000
0.000000
0.000000
0.000000
0.000000
0.000000
0.000000
0.000000
0.000000
0.000000
0.000000
0.000000
0.000000
0.000000
0.000000
0.000000
-0.009977
0.000000
-0.050702
0.001827
-0.018856
0.039048
-0.029532
-0.010690
0.013918
0.036482
-0.026204
-0.009090
0.008078
-0.026198
-0.030165
-0.003252
-0.021767
-0.000571
0.000000
-0.052630
-0.046667
-0.010801
0.000000
0.000000
0.000000
-0.014386
0.000000
-0.055400
-0.026237
-0.030566
0.014260
-0.054252
-0.012581
0.000037
0.005920
-0.045034
-0.031836
0.000000
-0.062848
-0.048623
-0.021471
-0.027569
-0.002267
-0.065221
0.005104
0.025836
0.000000
0.007924
-0.023099
0.000000
0.000000
0.000000
-0.022627
0.000000
0.000000
0.000000
0.000000
0.000000
0.000000
0.000000
0.000000
0.000000
0.039242
0.024778
0.022201
-0.013974
0.001253
0.000000
0.000000
-0.011337
-0.008754
0.020678
0.022902
-0.013036
0.010058
-0.022821
-0.008591
-0.018826
0.000000
-0.005035
0.000000
0.030329
0.055627
0.000000
0.004594
0.000000
-0.007743
-0.014083
-0.007958
0.000000
0.000000
0.050407
0.025120
0.000000
0.000000
-0.109710
-0.048763
-0.089914
-0.024451
0.007143
0.000000
0.047637
0.017960
-0.045062
-0.006328
0.000186
-0.014309
0.121746
0.007147
0.000000
0.000000
0.000000
0.000000
0.000000
0.000000
0.000000
0.000000
0.000000
0.000000
0.000000
0.000000
0.000000
0.000000
0.000000
0.000000
0.000000
0.000000
0.000000
0.000000
0.000000
0.000000
0.000000
0.000000
0.000000
0.000000
0.000000
0.000000
0.000000
0.000000
0.000000
0.000000
0.000000
0.000000
0.000000
0.000000
0.000000
0.000000
0.000000
0.000000
0.000000
0.000000
0.000000
0.000000
0.000000
0.000000
0.000000
0.000000
0.000000
0.000000
0.000000
0.000000
0.000000
0.000000
0.000000
0.000000
0.000000
0.000000
0.000000
0.000000
0.000000
0.000000
0.000000
0.000000
0.000000
0.000000
0.000000
0.000000
0.000000
0.000000
0.000000
-0.005746
-0.009676
0.000000
-0.020006
0.005741
0.000000
-0.002944
0.000000
0.000000
0.000000
0.000000
0.000000
0.000000
0.000000
0.000000
0.000000
0.000000
0.000000
0.000000
0.000000
0.000000
0.000000
0.000000
0.000000
0.000000
0.000000
0.000000
0.000000
0.000000
0.000000
0.000000
0.000000
0.000000
0.000000
0.000000
0.000000
0.000000
0.000000
0.000000
0.000000
0.000000
0.000000
0.033887
-0.055409
-0.005445
0.000000
0.000000
0.000000
0.020322
-0.024042
0.000000
0.160055
0.000339
0.000000
-0.000126
0.000000
0.000000
0.076253
-0.010502
0.003099
-0.017153
0.025107
-0.048535
0.050778
-0.014715
-0.040534
-0.039222
0.043633
0.026278
0.002195
0.001734
-0.017194
-0.035566
0.000000
0.000000
0.000000
0.001426
-0.012753
0.000000
0.000000
0.000000
0.000000
0.000000
0.000000
0.000000
-0.021629
-0.052548
0.001333
0.000000
0.004165
-0.026552
-0.014045
0.000000
0.000000
0.000000
-0.052803
0.000000
0.028000
-0.012548
0.000000
0.000000
-0.063658
0.003049
0.000000
0.000000
0.000000
-0.046696
-0.020056
0.019625
-0.015556
-0.016989
-0.013573
0.024351
0.023413
-0.009461
0.023220
-0.019724
0.000000
0.000000
-0.004149
-0.023532
0.034149
0.000000
0.004416
0.000000
-0.022484
0.018678
-0.012679
0.003837
0.000000
-0.008534
0.000000
0.000000
-0.120128
-0.070485
-0.007170
0.000000
0.000000
0.000000
0.000000
0.000000
0.000000
0.000000
0.000000
0.000000
0.000000
0.000000
0.000000
0.000000
0.000000
0.000000
0.000000
0.000000
0.000000
0.000000
0.000000
0.000000
0.000000
0.000000
0.029159
0.000000
0.000000
-0.029846
0.000000
-0.045295
0.002856
0.000000
0.000000
0.000000
0.004724
0.000000
-0.033360
0.019261
0.050028
0.080072
0.038556
-0.038602
-0.007939
0.000000
0.000000
0.000000
0.000000
0.006702
0.014005
0.000000
0.062066
0.035726
0.076590
-0.011576
-0.029698
-0.020783
0.000000
-0.007601
-0.009906
0.000000
0.005308
0.000000
0.000000
0.000000
0.035227
0.000000
0.008023
-0.002932
-0.100447
-0.001101
0.000000
0.000000
0.048610
0.025375
-0.005560
0.000000
0.022835
0.000000
0.000000
0.044001
0.028666
-0.046809
-0.025339
-0.062411
-0.037393
-0.001319
-0.098081
0.027075
-0.016708
0.000000
0.000000
0.000000
0.000000
0.000000
0.000000
0.000000
0.000000
0.000000
0.000000
0.000000
0.000000
0.000000
0.017537
-0.030506
0.000114
0.000000
0.016759
-0.084414
-0.003692
0.050067
-0.033085
-0.007187
0.000000
0.000000
0.000000
-0.021544
0.000000
0.000000
0.041098
0.020555
0.051347
-0.017082
-0.064715
0.009614
0.000000
-0.041409
0.000000
-0.016649
-0.014430
-0.039307
-0.009884
-0.003495
-0.025752
0.063460
-0.042055
-0.054911
-0.010816
0.015370
-0.032678
0.000000
0.012997
-0.005082
0.010524
0.009255
0.000000
0.013323
0.046314
-0.037359
-0.015029
0.000000
0.000000
-0.002433
-0.002303
0.003236
-0.059454
-0.017362
0.000000
0.000000
0.000000
-0.025426
0.000000
-0.021491
-0.009352
-0.019122
0.012388
-0.000432
0.000000
0.000000
0.000000
0.000000
-0.024728
0.008709
0.000000
-0.016895
0.017478
-0.020712
0.000000
0.024010
0.013623
0.000000
0.000000
0.000000
0.000000
0.000000
0.000000
0.020383
-0.006074
0.000000
0.000000
0.011376
0.000000
0.000000
0.000000
-0.004380
-0.005797
-0.020143
-0.073516
-0.021674
-0.005975
-0.009901
-0.000741
0.048022
0.013201
0.036045
0.008099
0.292831
0.008475
0.000000
0.027077
0.005603
0.000000
0.000000
0.000000
0.000000
0.000000
0.000000
0.000000
0.000000
-0.024037
-0.016748
-0.026932
0.077220
-0.040477
0.034359
0.004363
0.000000
-0.047151
0.009005
-0.075513
0.007979
0.004167
-0.011255
0.081101
0.178941
-0.005275
0.000000
0.000000
0.000000
0.000000
0.000000
0.000000
0.000000
0.000000
0.000000
0.000000
0.000000
0.000000
0.000000
0.000000
0.000000
0.000000
0.000000
0.000000
0.000000
0.000000
0.000000
0.000000
0.000000
0.000000
0.000000
0.000000
0.000000
0.000000
0.000000
0.000000
0.000000
0.000000
0.000000
0.000000
0.000000
0.000000
0.000000
0.015058
-0.005491
0.002875
0.000000
-0.028443
-0.027337
-0.029625
-0.005758
0.150372
-0.010149
-0.007540
0.000000
0.000000
0.000000
0.000000
0.000000
0.000000
0.000000
0.000000
0.000000
0.000000
0.000000
-0.034962
0.079732
0.000000
0.026317
-0.003309
0.003294
0.032339
-0.001223
-0.003838
0.046406
0.079023
0.000000
0.009444
0.000000
0.000000
0.000000
-0.033221
0.111170
-0.000399
0.043586
-0.017328
0.000000
0.000000
-0.001238
-0.042469
0.000000
-0.033646
-0.072489
0.015532
-0.025959
-0.020975
-0.011803
0.000000
0.000000
0.000000
0.005421
0.000000
0.000000
0.000000
0.000000
0.000000
0.000000
0.000000
0.000000
0.000000
0.000000
0.000000
0.000000
0.000000
0.000000
0.000000
0.000000
0.000000
0.000000
0.000000
0.000000
0.000000
0.000000
0.000000
0.015119
-0.009557
0.000000
0.000000
0.000000
-0.009402
0.000000
0.000000
0.004261
0.000000
0.000000
0.000000
0.000000
0.000000
0.000000
0.000000
0.000000
0.000000
0.000000
0.000000
0.000000
0.000000
0.000000
0.000000
0.000000
-0.003359
0.005077
0.000000
-0.005454
0.000000
-0.012808
-0.002681
-0.009842
0.000000
0.000000
0.000000
-0.044048
-0.013485
0.046976
-0.069807
0.003128
-0.001010
0.000000
0.000000
0.000000
-0.027049
0.000259
0.000000
0.000000
-0.005868
0.000000
0.000000
0.000000
-0.037630
-0.014622
0.000000
0.009820
0.000000
0.000000
0.000000
0.005640
-0.020722
-0.001554
-0.028275
0.002221
0.000000
-0.002709
0.000000
0.000000
0.058820
0.000000
-0.021779
-0.029739
-0.009915
-0.062341
0.027089
0.005175
0.000000
0.000000
0.000000
0.000000
0.000000
0.000000
0.000000
0.000000
0.000000
0.000000
0.000000
0.000000
0.000000
0.000000
0.000000
0.000000
0.000000
0.000000
0.000000
0.000000
0.000000
0.000000
0.000000
0.000000
0.000000
0.000000
0.000000
0.000000
0.000000
0.000000
0.000000
0.000000
0.000000
0.000000
0.000000
0.000000
0.000000
0.000000
0.000000
0.000000
-0.018426
0.041491
0.006174
0.000000
0.000000
0.000000
0.000000
0.000000
0.000000
0.000000
0.000000
0.000000
0.000000
0.000000
0.000000
0.006966
0.017328
0.000000
0.000000
0.046096
0.000000
0.015762
0.000000
0.000000
0.000000
-0.019170
-0.056080
-0.019011
-0.016634
-0.087872
0.008503
-0.015690
-0.003498
-0.019655
-0.007775
0.005633
0.000000
0.000048
0.010405
0.008726
0.000000
0.000000
0.000000
0.005137
0.035646
-0.045007
-0.059330
0.008347
0.000000
0.000000
0.000000
0.029784
-0.064105
-0.022505
0.003097
0.000000
-0.014126
-0.019919
0.092114
0.136323
-0.077442
0.124554
-0.029066
-0.018992
-0.008460
0.000000
0.000000
0.000000
0.000000
-0.003966
0.000000
0.000000
0.000000
0.000000
0.000000
0.000000
0.000000
0.000000
0.000000
0.000000
0.000000
0.000000
0.000000
0.000000
0.014932
0.000000
0.000000
0.000000
0.005176
0.015377
0.000000
0.000000
0.000000
-0.002561
0.000000
0.006869
0.000000
0.000000
0.246917
-0.005046
-0.006587
0.000000
0.000000
0.000000
0.000000
0.000000
-0.044675
-0.037687
0.007485
0.000000
0.000000
0.000000
-0.002749
0.000000
0.000000
0.000000
0.000000
0.000000
0.000000
0.011413
0.000000
-0.013756
0.001281
-0.007901
-0.047401
-0.008559
0.009611
0.000000
-0.022309
-0.024519
0.009372
0.014495
-0.047386
-0.007594
-0.004795
-0.006192
0.000000
-0.015616
0.000000
0.000000
-0.010660
0.000000
0.000000
0.000000
0.000000
0.000000
0.000000
0.000000
0.000000
0.000000
-0.000593
-0.030003
-0.009702
0.000000
0.000000
0.000000
0.000000
0.000000
0.000000
0.000000
0.000000
-0.074542
-0.006670
0.000000
-0.006322
-0.031601
-0.010639
-0.020827
0.034263
0.003167
-0.021098
-0.003606
0.024571
0.001211
0.000000
-0.049794
-0.025728
0.024668
0.005530
-0.017454
0.000000
-0.022055
0.009757
0.016128
-0.015958
0.019250
0.000000
0.000000
0.029912
0.024884
-0.007571
-0.103575
-0.018523
-0.010074
0.000000
0.000000
0.000000
0.000000
0.000000
0.000000
0.000000
0.000000
0.000000
0.000000
0.000000
0.000000
0.000000
0.000000
0.000000
0.000000
0.000000
0.000000
0.000000
0.000000
0.000000
0.000000
0.000000
0.000000
0.000000
0.000000
0.000000
0.000000
0.000000
0.000000
0.000000
0.000000
0.000000
0.000000
0.000000
0.000000
0.000000
0.000000
0.000000
0.000000
0.000000
0.000000
0.000000
0.000000
0.007758
-0.030361
-0.014241
-0.001257
0.000000
0.019995
-0.043773
-0.016564
0.004045
0.007214
0.000000
0.000000
0.000000
0.000000
0.000000
0.018494
-0.004855
-0.047471
0.007440
-0.012726
-0.014638
0.000000
0.004006
0.016060
-0.022584
0.000000
0.000000
0.000000
0.000000
0.000000
-0.005026
-0.018907
-0.005132
-0.024730
0.038521
0.000000
-0.026733
0.000000
0.030089
0.012763
0.000000
-0.019644
0.123747
-0.028780
0.050319
0.022116
-0.011576
0.019428
-0.002430
-0.000329
-0.020346
-0.004584
0.023794
-0.001749
0.043129
0.001087
-0.007680
0.000000
-0.022188
-0.005970
-0.018935
-0.023814
0.028352
0.080877
0.000000
0.001678
0.000000
0.010376
0.030854
0.000000
0.014212
-0.007062
-0.012021
-0.018576
-0.065393
0.051280
0.013003
0.007653
0.003749
0.000000
0.000000
0.075626
-0.018483
-0.032527
0.000000
-0.026931
-0.006406
-0.050878
0.022095
-0.007485
-0.019770
-0.009248
0.076048
-0.008365
-0.040457
-0.029592
-0.012792
-0.003794
-0.019733
-0.010286
0.000000
0.000000
0.000000
0.012182
0.027105
-0.036424
-0.036974
-0.038152
-0.039410
-0.033675
-0.024543
-0.006058
-0.008872
0.005744
0.008502
0.003037
0.031694
0.000000
0.000000
0.000000
-0.014792
0.042146
0.021511
-0.002504
0.000000
0.000000
0.000000
0.000000
0.000000
0.000000
0.000000
0.000000
0.000000
0.000000
-0.018839
0.000000
-0.007737
-0.032484
-0.007351
0.000000
0.000000
0.000000
0.000000
0.011319
0.034370
0.037770
-0.007697
0.000000
0.000000
0.011926
0.055267
-0.020660
-0.001182
-0.045073
-0.002966
-0.001693
0.000000
0.000000
0.000000
0.000000
0.000000
0.000000
0.000000
0.099806
-0.012346
-0.043506
0.015417
0.000000
0.000000
0.000000
0.000000
0.029203
-0.003348
0.000000
0.000000
0.000000
0.000000
0.000000
0.000000
0.000000
0.000000
0.000000
0.000000
0.020040
-0.039361
-0.026300
0.006798
0.000000
0.012530
0.011055
-0.009518
-0.031103
0.016863
-0.003071
-0.017370
0.010953
-0.031989
-0.046420
-0.039660
-0.021123
0.000000
-0.027822
0.000000
0.000000
0.000000
0.019830
-0.002898
0.000000
-0.004716
0.000000
-0.027669
0.000000
-0.025183
0.017413
0.004234
0.000000
0.000000
0.000000
0.000000
0.000000
0.000000
0.062946
0.000000
0.003030
-0.000876
-0.018438
-0.052150
-0.007082
0.000000
0.000000
0.000000
0.000000
0.000000
0.000000
0.000000
0.000000
0.000000
0.000000
0.000000
0.000000
0.000000
0.000000
0.000000
0.000000
0.000000
0.000000
0.000000
0.000000
0.000000
0.031090
-0.015104
-0.025938
0.000000
0.000000
0.000000
-0.002008
0.041751
0.022105
0.000000
0.001860
0.000000
0.000000
0.000000
0.000000
0.000000
0.000000
0.000000
0.000000
0.000000
0.000000
0.000000
0.000000
0.000000
0.000000
0.000000
0.000000
0.000000
0.000000
0.000000
0.000000
0.000000
0.000000
0.000000
0.000000
0.000000
0.000000
0.000000
0.000000
0.000000
0.000000
0.000000
0.000000
0.000000
0.000000
0.000000
0.000000
0.000000
0.000000
0.000000
0.000000
0.000000
0.000000
0.000000
0.000000
0.000000
0.000000
0.000000
0.000000
0.000000
0.000000
0.000000
0.000000
0.000000
0.000000
0.000000
0.000000
0.000000
0.000000
0.000000
0.000000
0.000000
0.000000
0.000000
0.000000
0.000000
0.000000
0.000000
0.000000
0.000000
0.000000
0.000000
0.000000
0.000000
0.000000
0.000000
-0.009006
0.000000
0.000000
-0.009394
-0.009667
0.006498
0.022497
0.000000
0.000000
0.000585
-0.003404
-0.026756
0.010901
0.000000
0.000000
-0.002637
-0.009572
0.003400
-0.052727
0.001654
0.021569
0.000000
-0.009567
0.006900
0.004382
0.000000
0.000000
0.006831
0.003406
0.000000
0.000000
-0.001782
0.011851
0.007976
0.000000
-0.004723
-0.007509
0.036475
-0.055589
-0.005127
-0.040250
0.000000
0.000000
0.000000
0.003105
-0.018414
0.000000
0.000000
0.000000
0.000000
0.000000
0.000000
0.000000
0.000000
0.083207
0.008014
0.000000
0.000000
0.004334
0.014033
0.000000
0.000000
-0.034134
0.029651
-0.018029
-0.020186
0.000000
0.015495
-0.061456
-0.002237
-0.010703
0.000000
0.000000
0.000000
0.000000
0.000000
0.000000
0.000685
0.000000
0.000000
0.000000
0.000000
0.000000
0.000000
0.000000
0.000000
0.000000
0.000000
0.000000
0.000000
0.000000
0.000000
0.000000
0.000000
0.031881
-0.004593
0.000000
0.000000
0.000000
0.000000
0.000000
0.000000
0.000000
0.011833
0.007385
-0.008705
0.010074
0.011667
-0.011295
-0.082036
0.011738
0.000000
0.000000
-0.070692
-0.006156
-0.026575
-0.035572
-0.016496
0.000000
-0.030253
-0.023522
0.000592
0.000000
0.052130
-0.028792
0.000000
0.002126
0.000000
0.000000
0.000000
0.000000
0.000000
0.000000
0.000000
0.001366
0.135068
0.059800
0.034134
0.000000
0.000000
0.000000
-0.079999
0.010423
-0.027137
0.029757
-0.008871
0.001962
0.000000
0.008520
0.019891
-0.022384
0.012241
0.005093
0.000000
0.000000
0.000000
0.000000
0.000000
0.000000
0.000000
0.000000
0.000000
0.000000
0.000000
0.000000
0.000000
0.000000
0.000000
0.000000
0.000000
0.000000
0.000000
0.000000
0.011622
0.000000
0.000000
0.000000
0.000000
-0.158136
0.000000
-0.007139
-0.003791
-0.034238
-0.042555
-0.010470
0.000000
0.000000
0.000000
0.000000
0.000000
0.000000
0.000000
0.034942
-0.012516
-0.011515
-0.016395
0.000000
0.000000
-0.026477
-0.016640
0.000000
0.000000
0.015203
-0.058776
0.064789
0.000000
-0.007685
0.000000
-0.035540
-0.004464
-0.013542
0.000000
0.000000
-0.007206
0.026774
0.011173
0.001097
0.000000
-0.040475
0.155351
0.016336
0.309362
0.006236
0.046964
-0.003065
-0.000532
0.000000
0.000000
0.000000
0.000000
0.000000
0.000000
0.000000
0.000000
0.000000
0.000000
0.000000
0.000000
0.000000
0.000000
0.000000
0.000000
0.000000
0.000000
0.000000
0.000000
0.000000
0.000000
0.000000
0.000000
0.000000
0.000000
0.000000
0.000000
0.000000
0.000000
0.000000
0.000000
0.000000
0.000000
0.000000
0.000000
0.000000
0.000000
0.000000
0.000000
0.000000
0.000000
0.000000
0.000000
0.000000
0.000000
0.000000
0.000000
0.000000
0.000000
0.000000
0.000000
0.000000
0.000000
0.000000
0.000000
0.000000
0.000000
0.000000
0.000000
0.000000
0.000000
0.000000
0.000000
0.000000
0.000000
0.000000
0.000000
0.000000
0.000000
0.000000
0.000000
0.000000
0.000000
0.000000
0.000000
0.000000
0.000000
0.000000
0.000000
0.000000
0.000000
0.000000
0.000000
0.000000
0.000000
0.000000
0.000000
0.000000
0.000000
0.000000
0.000000
0.000000
0.000000
0.000000
0.024385
0.000000
0.000000
0.003293
-0.006908
0.006521
0.000000
0.017031
0.000000
-0.003383
-0.006760
-0.038474
0.000000
0.000000
0.000000
0.000000
0.000000
0.000000
0.000000
0.000000
0.000000
0.000000
0.000000
0.000000
0.000000
0.000000
0.000000
0.000000
0.000000
0.034035
0.148486
-0.074253
0.028681
0.000000
0.000000
0.000000
0.000640
0.000000
0.000000
0.000000
0.011331
0.040085
-0.059807
-0.003280
0.004105
0.000000
0.000000
0.000000
-0.023622
0.032788
-0.011605
0.017878
0.006327
0.000000
0.000000
0.000000
0.000000
0.000000
0.000000
0.000000
0.000000
0.000000
0.000000
0.000000
0.000000
0.000000
0.000000
0.000000
0.000000
0.000000
0.000000
0.000000
0.000000
0.000000
0.000000
0.000000
0.000000
0.000000
0.000000
0.000000
0.000000
0.000000
0.000000
0.000000
0.000000
0.000000
0.000000
0.000000
-0.025425
-0.003107
0.000000
0.000000
0.000000
0.000000
0.000000
0.000000
0.000000
0.000000
0.000000
0.000000
0.000000
0.000000
0.000000
0.000000
0.000000
0.000000
-0.014055
-0.003054
0.000000
0.000000
0.028945
0.000000
0.000000
0.000000
0.000000
0.008609
0.023313
0.011259
0.053239
-0.002469
-0.020773
-0.041445
-0.001157
0.000000
0.000000
0.000000
0.000000
0.000000
0.000000
-0.015181
0.008833
-0.009835
0.062812
0.132439
-0.032549
-0.012167
-0.006534
0.000000
0.000000
0.000000
0.000000
0.000000
0.054538
-0.003938
0.000000
0.000000
0.007329
-0.016111
-0.024795
-0.016685
0.004302
0.000000
0.019535
-0.006555
0.028725
0.031189
-0.009040
0.000000
-0.117515
-0.001008
0.015096
-0.017246
-0.059536
0.120043
-0.002171
0.000000
0.000000
0.000000
-0.014796
0.000000
0.000000
-0.021811
-0.009987
-0.010031
0.000000
0.000000
0.000000
0.000000
0.000000
0.000000
0.000000
-0.019613
0.002179
0.000000
0.000000
0.000000
0.000000
0.000000
0.000000
0.000000
0.000000
0.000000
0.000000
0.000000
0.000000
0.000000
0.000000
0.000000
0.000000
0.000462
0.014928
0.000000
0.000000
0.004049
0.013899
0.029145
-0.020754
0.009252
0.000000
0.000000
0.000000
0.000000
-0.028515
-0.007786
0.000000
0.000000
0.000000
0.001669
0.000000
0.000000
-0.016047
0.000000
0.000000
0.000000
0.000000
0.000000
0.000000
0.007537
-0.011977
-0.018645
0.000000
-0.007357
0.000000
-0.028794
-0.034949
0.031466
0.009118
0.000000
0.000000
0.000000
0.000000
0.026713
-0.014424
0.016034
-0.003352
-0.002393
-0.038208
-0.012898
-0.054498
0.055207
0.032615
0.045998
0.004212
-0.010282
-0.020192
-0.013261
0.000000
-0.046066
0.020615
0.002921
0.017467
0.007400
-0.057097
0.003072
0.000000
0.000000
0.000000
0.000000
0.000000
0.026189
-0.035342
-0.017472
0.027375
0.033039
-0.018182
0.000000
-0.026182
-0.023572
0.000000
0.000000
0.000000
0.000931
0.000000
0.035768
-0.036301
-0.008347
0.000000
0.000000
0.000000
-0.011446
-0.012298
0.004105
0.014045
0.002115
-0.017131
0.039362
0.056752
-0.007058
0.000000
0.000000
-0.024094
-0.009738
0.000000
0.018774
-0.005042
0.000000
0.000000
0.000000
0.000000
0.000000
0.000000
0.000000
0.000000
0.000000
0.000000
0.000000
-0.137665
0.024716
0.026984
-0.003505
0.004133
-0.044857
-0.011216
0.006416
-0.010407
0.000000
0.000000
0.000000
0.026812
0.000000
-0.000257
-0.011674
0.015878
-0.038826
0.035324
0.025942
0.013727
0.000000
0.000000
-0.037811
-0.030175
0.000000
0.038307
-0.015148
0.001766
-0.016525
0.011515
0.000000
0.000000
0.000000
0.055408
-0.033342
-0.019592
-0.039166
-0.009208
-0.031562
0.010090
0.000088
0.000000
0.000000
0.000000
0.000000
0.000000
-0.032286
0.000000
0.000000
0.000000
-0.077438
0.043161
0.000639
-0.021938
0.020965
0.024640
-0.025965
0.018591
-0.036796
-0.046281
0.002476
0.166898
0.014390
-0.004935
-0.095570
-0.080650
0.000563
-0.020307
-0.014702
0.017883
0.009921
0.007378
-0.005339
0.134156
0.001039
-0.006368
0.000000
0.000000
0.034951
0.000000
0.000000
0.000000
0.000000
-0.040793
0.011635
-0.008518
-0.010885
0.001084
0.000000
-0.090074
0.064676
0.026712
0.016733
0.022831
0.000000
0.000000
0.000000
0.000000
0.000000
0.000000
0.000000
0.000000
0.019339
-0.007260
0.000000
0.000000
0.000000
0.000000
0.000000
-0.033255
0.003560
-0.005818
0.049019
0.000000
-0.030313
0.153272
-0.027208
0.000607
0.000000
0.002244
0.025209
0.000000
0.000000
0.012032
-0.020150
-0.033555
0.075453
-0.005265
-0.016205
-0.009638
0.000000
0.000000
-0.003805
0.000000
0.000000
0.000000
0.022996
0.020126
0.006109
0.000000
-0.069721
0.029221
0.378906
-0.027944
0.004006
0.014168
-0.013430
0.000000
0.032582
0.003354
0.000000
0.142021
0.000000
0.024274
0.044549
0.040871
-0.046096
-0.008856
-0.019490
0.000000
-0.018125
0.000000
-0.008984
0.091999
-0.034257
0.000000
-0.000105
-0.018770
-0.030858
-0.015685
0.008212
0.000000
-0.005121
0.047528
0.002649
-0.015101
0.000000
0.000969
-0.004534
-0.009462
-0.006950
0.008353
-0.032585
-0.025059
-0.021288
0.002790
-0.024637
-0.013080
0.000000
0.000000
0.015322
0.046469
0.002058
0.000000
0.003688
-0.009653
-0.041358
-0.006488
0.000000
0.016914
-0.070715
-0.009511
-0.014804
0.028669
0.004300
0.004228
0.075044
0.005247
0.000000
0.000000
0.048860
0.011006
0.000000
-0.015472
-0.002935
-0.044755
0.008928
-0.017030
-0.015894
0.000000
0.000000
0.000000
0.000000
0.000000
0.000000
0.000000
0.000000
-0.035552
-0.046868
-0.019376
0.005730
0.000000
0.013886
-0.004166
0.000000
0.000000
0.000000
-0.023489
-0.016451
-0.003184
0.000000
0.000000
-0.006761
0.006808
0.000000
0.000000
-0.224134
-0.020163
0.000000
-0.024179
-0.008821
0.000000
-0.019344
0.000000
-0.001287
-0.012490
-0.017217
-0.018660
-0.016147
0.000000
0.000006
-0.015832
-0.020740
-0.048122
-0.042821
0.002493
0.044695
0.026969
0.008444
-0.009580
0.030619
0.028432
0.030500
0.014301
-0.009492
0.000000
0.000000
0.000000
0.000000
0.000000
0.000000
0.000000
0.000000
0.000000
-0.024795
-0.016430
-0.017071
0.000000
0.000000
0.000000
0.000000
0.012055
-0.025927
0.000000
-0.007239
-0.003405
-0.007284
-0.033036
-0.031191
-0.028431
-0.052591
0.000000
-0.022276
-0.029773
0.002384
-0.006164
-0.032950
-0.000204
0.000000
0.000000
-0.001374
0.000200
-0.028456
-0.002730
0.036775
0.000000
0.005612
0.000000
-0.003398
0.001881
-0.011837
-0.007925
-0.021555
-0.030791
0.005562
0.070670
-0.011137
0.000000
-0.082331
-0.081393
-0.028611
-0.004519
-0.079091
-0.018525
0.021002
0.000000
0.000000
0.001510
0.000000
-0.014663
0.000000
0.000000
0.000000
-0.010654
0.009256
0.011972
0.068785
0.027408
0.018066
-0.005628
-0.014842
0.013736
0.052041
-0.062745
0.003203
0.000000
0.000000
0.000000
0.000000
0.000000
0.000000
-0.039224
0.119423
-0.015886
-0.041204
-0.023375
0.000000
0.000000
0.000000
-0.023992
-0.007469
-0.059087
-0.015040
0.000000
0.000000
0.000000
-0.019440
-0.019715
0.088017
-0.003019
0.000000
-0.032242
-0.012631
-0.015716
0.000000
0.000000
-0.029784
0.153805
0.009069
-0.002515
0.000000
-0.060478
-0.041706
-0.076820
-0.051989
-0.013095
0.000000
-0.011187
0.054955
0.000000
-0.012113
0.000000
0.000000
-0.001782
0.000000
0.000000
-0.005253
0.000000
0.000000
-0.011392
0.000000
0.000000
0.000000
0.000000
0.000000
0.000000
0.000000
0.000000
-0.021337
-0.000272
0.000000
0.000000
-0.003116
-0.018325
0.000000
-0.003762
0.000000
-0.000323
-0.025196
0.015070
-0.045881
-0.013982
0.030231
-0.052699
-0.004351
-0.007842
0.007204
0.000000
-0.017645
-0.059475
-0.011729
0.021728
-0.020339
0.008791
0.000429
0.000000
0.061420
0.013909
-0.027078
0.016843
0.019651
-0.013667
0.091462
-0.008511
-0.013888
0.053044
-0.017171
0.000000
-0.001904
-0.007880
0.000000
-0.023741
-0.033265
-0.032372
0.013930
-0.002890
-0.012609
-0.003822
-0.010911
-0.010834
-0.024069
0.002136
0.006078
-0.025983
-0.021408
0.000000
0.000000
0.000000
-0.088754
0.027116
-0.002917
0.028314
-0.002361
0.009320
-0.001363
0.000000
0.000000
-0.018245
0.000000
-0.001189
0.003667
-0.038389
0.046433
0.030513
0.000000
-0.002929
-0.023657
-0.001443
0.015791
-0.033057
0.000000
0.000000
0.000000
0.000000
-0.002314
-0.020542
0.047158
-0.014494
-0.010904
0.004530
0.206472
0.041058
0.015811
0.196727
0.116663
-0.023755
-0.008798
-0.015406
-0.015425
0.000000
0.025515
-0.005606
-0.065465
-0.012632
-0.010032
-0.013775
-0.019246
0.005791
0.015220
-0.017888
0.000000
0.000000
0.000000
0.008330
0.000000
-0.026100
-0.027392
-0.025187
0.034069
-0.027330
0.029285
0.011390
0.000000
0.017022
-0.001868
0.000000
0.000000
0.000000
0.000000
-0.008367
-0.044914
0.004291
0.000000
-0.020089
0.013486
-0.031116
-0.040075
0.000000
0.000000
0.012765
-0.010590
-0.014360
-0.032897
0.045282
0.014957
0.126320
0.082951
0.093330
0.000000
0.141764
0.006267
0.005433
-0.034249
0.030748
0.000000
-0.019639
0.000000
0.000000
-0.001539
0.000000
-0.005335
-0.157611
0.026085
-0.000903
0.000000
-0.001542
0.010223
0.002265
0.002657
-0.005880
-0.042146
0.031525
-0.032103
-0.051908
-0.045516
-0.025710
-0.004698
0.000000
0.000000
0.000000
0.026399
0.134308
-0.002261
0.005583
0.000000
0.011803
0.000000
0.000000
0.000000
0.057836
0.066506
-0.013128
-0.045828
-0.005165
-0.024509
-0.005459
0.004215
-0.044402
-0.016878
0.021616
-0.047307
0.000000
0.000000
0.000591
-0.021931
0.020633
-0.001474
0.000000
0.000000
0.000000
0.016099
-0.040844
-0.017864
0.000000
0.000000
-0.027250
-0.000840
-0.019016
0.000000
-0.000816
0.000000
0.000000
0.000000
0.000000
0.000000
0.000000
0.017522
0.038228
0.000000
0.000000
0.005496
0.000000
0.000000
0.000000
-0.004630
-0.015057
0.000000
-0.042453
-0.007726
0.006242
-0.006081
0.013589
-0.010635
-0.005584
-0.041439
0.004663
-0.036288
0.009786
-0.006963
0.000000
-0.040207
0.007005
0.017163
0.019354
0.059215
-0.024202
0.038816
-0.020640
0.008925
0.000000
0.000000
0.000000
0.000000
0.000000
0.018059
0.041324
0.010825
0.010595
-0.019013
0.046262
-0.016267
-0.005270
0.000000
-0.020586
0.000000
-0.012424
0.003696
-0.072606
-0.015878
-0.034232
0.046527
0.000000
-0.071629
-0.011844
0.000000
0.000000
0.000000
0.000000
-0.069530
0.000000
0.000000
0.007439
0.000000
0.000574
0.010304
-0.000325
-0.008585
-0.028906
0.042805
-0.016821
0.025415
-0.008991
-0.036599
0.029134
-0.012234
0.000000
0.000000
0.000000
0.003560
0.000000
0.000000
0.000000
0.000000
0.000000
0.000000
-0.000175
0.000000
-0.009768
0.075537
0.055544
0.030352
0.208991
-0.126023
0.242077
-0.025668
-0.007882
0.008425
0.027582
0.028515
0.115248
-0.027841
-0.026660
0.050871
0.000000
0.000000
0.000000
0.000000
-0.000721
-0.090060
-0.011905
-0.015278
-0.036764
0.022099
0.000000
0.037953
-0.015648
-0.026546
0.004660
-0.008274
0.000000
0.000000
-0.022112
0.000000
-0.017395
-0.001610
0.000000
0.000000
-0.019712
-0.023048
-0.007278
0.000000
-0.005300
0.000000
0.000000
0.005255
0.000000
-0.001176
-0.027761
0.135517
-0.007195
-0.031554
0.038573
0.000000
0.000000
0.015221
-0.011179
-0.019911
-0.035985
0.134087
0.068016
-0.000263
-0.041466
0.038032
-0.004909
-0.052063
0.000000
-0.012464
0.000000
0.000000
0.000000
0.000000
0.000000
0.000000
0.000000
0.000000
0.021085
0.000000
0.005478
0.000000
0.000000
0.000000
0.133853
0.012683
0.000000
0.000000
0.040401
-0.023982
0.015174
0.008939
0.010610
0.010148
-0.082031
-0.017368
0.104181
-0.037662
0.023393
0.015725
-0.012291
-0.012157
0.050533
-0.050687
-0.019236
-0.008681
0.000000
0.000000
-0.096429
0.286341
-0.035648
0.006321
0.000000
0.000000
0.000000
0.000000
0.001456
0.015427
0.078648
-0.016453
0.000000
0.000000
0.033982
-0.004677
0.107240
-0.020378
-0.001809
0.000000
-0.014448
0.000000
0.000000
0.000000
0.000000
0.000000
-0.017237
-0.046313
-0.001076
0.000000
0.000000
0.000000
0.000000
0.000000
0.000000
0.011784
-0.012349
-0.015478
0.000000
0.000000
0.000000
0.000000
-0.012103
0.000000
0.000000
0.000000
0.000000
0.000000
0.000000
0.047553
-0.014128
0.000277
0.012735
-0.006251
0.002769
0.000000
0.000000
0.017780
0.053641
-0.026772
-0.065974
0.015493
-0.001879
0.000000
0.000000
0.000000
0.006944
0.000000
0.031235
0.000000
0.000000
0.000000
-0.020214
-0.054369
0.034114
0.000000
0.027951
0.000000
0.150222
0.000000
0.000000
0.000000
-0.019356
0.007334
-0.003563
0.000000
0.000000
0.000000
0.000000
0.000000
-0.020379
0.000000
-0.014457
0.007780
0.000000
0.000000
0.000000
-0.017907
-0.022862
0.000000
0.000000
0.000000
0.000000
-0.041130
-0.012614
0.089676
0.028473
-0.006666
0.000000
0.000000
-0.072756
-0.011779
0.002045
0.000000
0.000000
0.000000
-0.044672
0.028890
0.000000
0.007903
0.000000
0.000000
-0.023397
-0.009774
0.000000
0.036262
-0.017782
0.002826
-0.004513
0.001259
0.033841
0.105127
0.041412
0.013406
0.000000
0.000000
-0.037410
0.000512
-0.019729
0.000000
0.000000
0.000441
0.007512
0.000000
-0.024720
0.000000
0.015633
0.000000
-0.017074
-0.014275
0.006326
-0.047226
0.020630
0.000000
0.000000
-0.037435
0.001740
0.000000
0.029468
-0.005309
-0.014063
0.000000
-0.005701
-0.004103
0.000000
0.000000
0.000000
0.000000
0.000000
0.000000
0.000000
0.000000
0.000000
0.000000
0.066964
0.043007
-0.006916
-0.006900
-0.003711
0.032738
0.026059
-0.051416
-0.005628
0.000000
-0.000142
0.000000
0.000000
0.014046
0.011369
-0.025627
0.074032
0.010255
0.000000
0.048479
-0.046428
-0.016299
-0.002487
-0.000303
0.000000
0.008419
-0.013566
-0.035470
-0.000338
-0.008042
0.018640
-0.039164
-0.037434
-0.001582
0.000000
0.000000
0.000000
0.000000
0.000000
-0.013505
0.000000
0.028869
-0.052204
0.000000
0.006491
0.000000
0.000000
0.000000
0.000000
-0.023022
0.044488
-0.072390
0.008671
-0.026576
-0.015823
0.079317
-0.121173
0.012040
-0.003103
0.103387
-0.000077
-0.010621
-0.010485
0.000453
0.013514
0.016581
0.000000
0.007602
-0.028743
0.000000
0.000000
0.007231
-0.009227
0.000000
-0.013595
-0.002374
0.015741
0.003497
-0.023850
-0.004617
0.000000
0.000000
-0.005716
0.000000
-0.078687
-0.025900
0.040370
-0.002686
0.003162
-0.009265
-0.005324
-0.034123
0.018997
0.000000
-0.008850
0.000000
-0.012493
0.011788
-0.071265
0.002733
-0.001978
0.000000
0.000000
0.000000
0.000000
0.000000
0.000000
0.000000
0.000000
0.000000
0.000000
0.000000
0.005693
0.000000
-0.012707
-0.029186
0.027283
0.112071
0.003386
0.032737
0.000000
0.000000
0.004252
-0.005132
0.000000
0.034876
-0.017042
-0.034257
0.112674
-0.019194
0.000000
-0.049153
-0.003057
0.000000
0.000000
0.043586
0.035493
0.000000
0.042351
-0.005997
0.037288
-0.009136
-0.013128
-0.001222
-0.016338
-0.032259
-0.002907
0.025772
-0.031231
-0.014824
-0.077608
-0.014722
0.019373
-0.035930
0.030935
0.004053
0.001257
0.037029
0.000000
0.000000
0.005392
-0.046133
-0.011512
0.000000
0.029454
-0.030004
0.021377
0.028359
-0.027707
-0.043597
-0.005432
0.000000
0.000000
0.046854
0.008635
-0.016939
-0.038945
-0.026144
0.011436
-0.003397
-0.001755
0.037821
-0.021762
-0.008670
-0.031455
-0.001144
-0.016892
-0.002599
-0.004471
0.000000
0.000000
-0.025265
-0.016829
-0.018954
0.144953
-0.006862
0.000000
0.000000
0.000000
0.000000
0.003260
0.000000
-0.063327
0.005474
-0.031069
-0.016871
-0.014127
0.009302
-0.001006
0.000000
0.000000
0.000000
-0.010043
0.000000
-0.018406
0.037890
0.000000
0.037995
-0.014167
-0.029575
-0.006496
-0.041953
-0.050818
-0.035653
-0.047834
-0.010320
0.001767
0.000000
-0.071585
-0.010749
-0.032121
0.000000
0.001310
-0.002554
0.000000
0.000000
0.000000
0.000000
0.000000
-0.030679
-0.012652
0.004612
0.000000
0.000000
0.000000
-0.042937
0.000000
-0.003550
-0.009410
0.000000
0.000000
-0.015978
-0.019433
0.074929
0.010657
-0.004323
0.003716
0.000000
0.000000
0.000000
-0.055370
-0.008320
0.109468
-0.027965
-0.004790
0.000000
0.000000
-0.013142
-0.014409
-0.021892
0.013728
-0.007864
-0.006333
-0.053045
-0.006081
-0.022414
0.000396
0.002421
-0.040382
-0.002097
0.000000
0.000000
0.000000
0.000000
0.000000
0.001527
-0.031127
-0.017977
0.000000
0.000000
0.000000
0.000000
0.000000
0.005028
0.000000
-0.006037
0.018985
0.000000
-0.001738
0.000000
0.000000
0.000000
0.000000
0.000000
0.000000
0.000000
0.000000
0.000000
0.000000
0.000000
0.000000
0.000000
0.000000
0.000000
0.000000
0.000000
0.000000
0.000000
0.000000
0.000000
-0.007946
-0.006700
0.000000
0.000000
0.000000
0.000000
0.000000
0.000000
0.000000
0.000000
0.000000
0.000000
0.000000
0.000000
0.000000
0.000000
0.000000
0.000000
0.000000
0.000000
0.000000
0.000000
0.000000
0.000000
0.000000
0.000000
0.000000
0.000000
0.000000
0.000000
0.000000
0.000000
0.000000
0.000000
0.000000
0.000000
0.000000
0.000000
0.000000
0.000000
0.000000
0.000000
0.000000
0.000000
0.000000
0.000000
0.000000
0.000000
0.000000
0.000000
0.000000
0.000000
0.000000
0.000000
0.000000
0.000000
0.000000
0.000000
0.000000
0.000000
0.000000
0.000000
0.000000
0.000000
0.000000
0.000000
0.000000
0.000000
0.000000
0.000000
0.000000
0.000000
0.000000
0.000000
0.000000
0.000000
0.000000
0.000000
0.000000
0.000000
0.000000
0.000000
0.000000
0.000000
0.000000
0.000000
0.000000
0.000000
0.000000
0.000000
0.000000
0.000000
0.000000
0.000000
0.000000
0.000000
0.000000
0.000000
0.000000
0.000000
0.000000
0.000000
0.000000
0.000000
0.000000
0.000000
0.000000
0.000000
0.000000
0.000000
0.000000
0.000000
0.000000
0.000000
0.000000
0.000000
0.000000
0.000000
0.000000
0.000000
0.000000
0.000000
0.000000
0.000000
0.000000
0.000000
0.000000
0.000000
0.000000
0.000000
0.000000
0.000000
0.000000
0.000000
0.000000
0.000000
0.000000
0.000000
0.000000
0.000000
0.000000
0.000000
0.000000
0.000000
0.000000
0.000000
0.000000
0.000000
0.000000
0.000000
0.000000
0.000000
0.000000
0.000000
0.000000
0.000000
0.000000
0.000000
0.000000
0.000000
0.000000
0.000000
0.000000
0.000000
0.000000
0.000000
0.000000
0.000000
0.000000
0.000000
0.000000
0.000000
0.000000
0.000000
0.000000
0.000000
0.000000
-0.018994
0.002437
0.011113
0.000000
0.007898
0.000000
0.000000
-0.046095
0.003761
0.000000
0.000000
0.208619
0.023650
0.000000
0.013757
-0.002744
0.000000
0.000000
0.000000
0.000000
0.000000
0.000000
0.000000
-0.033664
0.000000
0.026741
0.000000
0.000000
0.000000
0.000000
0.000000
0.000000
0.000000
0.020387
0.000000
-0.005491
0.000000
0.000000
0.000000
0.000000
0.000000
0.000000
0.000000
0.000000
0.000000
0.000000
0.000000
-0.015499
0.000000
0.000000
0.000000
0.000000
0.000000
-0.007379
0.000000
0.000000
0.028467
-0.039396
-0.043873
0.034872
0.000000
0.000000
0.000000
0.000000
0.000000
0.000000
0.000000
0.000000
0.000000
0.000000
0.000000
0.000000
0.000000
0.000000
0.000000
0.000000
0.042888
-0.023821
-0.000681
0.000000
0.000000
0.001030
0.001968
-0.018149
0.000000
0.000000
0.039556
-0.006512
0.005193
0.006869
0.000000
0.000000
0.000000
0.000000
0.026903
0.000000
-0.022203
0.031266
-0.004064
0.046478
-0.038581
-0.022714
-0.004380
0.035547
0.032197
-0.009141
0.007793
0.000000
0.054387
-0.001709
0.000000
0.000000
0.000000
0.000000
0.000000
0.000000
0.000000
0.000000
0.000000
0.043746
0.000000
0.000000
-0.027631
0.046838
0.000000
0.000000
0.000000
0.009363
0.000000
0.041080
-0.015880
-0.045042
0.004576
0.000000
0.000000
0.000000
0.000000
0.000000
0.000000
0.000000
0.000000
0.000000
0.000000
0.000000
0.000000
0.000000
0.000000
0.000000
0.000000
0.000000
0.000000
0.000000
0.000000
0.000000
0.000000
0.000000
0.000000
0.000000
0.000000
0.000000
0.000000
0.000000
0.000000
0.000000
0.000000
0.000000
0.000000
0.000000
0.000000
0.000000
0.000000
0.000000
0.000000
0.000000
0.000000
0.000000
0.000000
0.000000
0.000000
0.000000
0.000000
0.000000
0.000000
0.000000
0.000000
0.000000
0.000000
0.000000
0.000000
0.000000
0.000000
0.000000
0.000000
0.000000
0.000000
0.000000
0.000000
0.000000
0.000000
0.000000
0.000000
0.000000
0.000000
0.000000
0.000000
0.000000
0.000000
0.000000
0.000000
0.000000
0.000000
0.000000
0.000000
0.000000
0.000000
0.000000
0.000000
0.000000
0.000000
0.000000
0.000000
0.000000
0.000000
0.000000
0.000000
0.000000
0.000000
0.000000
0.000000
0.000000
0.000000
0.000000
0.000000
0.000000
0.000000
0.000000
0.000000
0.000000
0.000000
0.000000
0.000000
0.000000
0.000000
0.000000
0.000000
0.000000
0.000000
0.000000
0.000000
0.000000
0.000000
0.000000
0.000000
0.000000
0.000000
0.000000
0.000000
0.000000
0.011600
0.000000
0.000000
0.000000
0.000000
0.005763
-0.013797
-0.000304
0.000000
-0.033017
0.014078
0.004622
-0.007865
0.000000
0.002542
0.001603
-0.031970
0.000000
0.000000
0.000000
0.000000
0.000000
0.000000
-0.045665
-0.030057
-0.033248
0.032240
-0.017958
0.029196
0.117394
-0.026827
-0.058240
-0.003833
0.017532
0.000945
0.011367
0.000000
0.029603
-0.006462
0.000000
0.000000
0.000000
-0.005445
-0.032314
-0.051261
-0.002147
0.001035
-0.008286
-0.095892
0.035536
-0.020036
0.000000
0.010227
-0.013925
-0.025657
0.000000
0.000000
0.010935
0.000000
0.000000
-0.002371
0.246440
0.005835
0.029259
-0.055931
0.272499
-0.003064
0.000000
0.000000
0.000000
0.008294
0.000000
0.000000
-0.014296
0.000000
-0.009530
-0.044122
-0.017042
-0.091928
-0.007207
-0.016761
-0.048002
-0.031448
0.015743
-0.063234
-0.000000
-0.072531
0.015913
-0.022907
-0.049195
0.002135
0.000000
0.034599
0.024060
-0.009594
0.003077
0.000000
0.000000
-0.002239
0.000000
-0.006186
0.000000
0.000000
0.000000
0.000000
0.000000
0.000000
0.000000
0.000000
-0.010814
-0.007042
0.016842
0.166287
0.000000
0.000000
0.000000
0.000000
0.006423
-0.064500
0.024154
-0.018754
-0.006424
-0.003870
0.000000
0.000000
0.000000
0.000000
0.000000
-0.057105
-0.027141
0.000000
0.000000
0.000000
0.000000
0.000000
0.032060
0.015934
0.015587
0.000000
-0.011662
0.000000
0.000000
0.000000
0.000000
0.000000
0.009146
0.000000
0.000000
0.000000
0.000000
0.000000
0.000000
0.000000
0.000000
0.000000
0.000000
0.000000
-0.048194
-0.019881
-0.090411
-0.025700
-0.006835
0.000000
0.000000
0.000000
0.000000
0.025450
0.000000
0.000000
0.000000
0.000000
0.000000
0.000000
0.000000
0.000000
0.000000
0.000000
0.000000
0.000000
0.000000
0.000000
0.000000
0.000000
0.000000
0.000000
0.000000
0.000000
0.000000
-0.006672
0.000000
0.000000
0.000000
-0.001053
0.000000
-0.002001
-0.044962
0.000000
0.040930
0.000000
0.223035
0.007681
0.000000
0.000000
0.000000
0.000000
-0.042773
-0.001167
-0.021369
0.012020
-0.040999
-0.037165
0.007200
0.027956
-0.065968
-0.026711
-0.046344
-0.007251
-0.014857
0.023311
-0.045270
0.003985
0.017607
0.057271
0.000000
0.002001
-0.015920
-0.017402
-0.005287
0.001374
-0.031828
0.003783
0.000000
-0.030711
-0.038776
-0.012544
-0.011742
0.000000
0.000000
0.000000
0.000000
0.000000
0.059209
0.040168
-0.059972
-0.036120
0.000000
-0.000853
0.000000
0.000000
0.000000
0.000000
0.000000
0.000000
0.000000
0.000000
0.000000
0.000000
0.000000
0.000000
-0.025477
-0.030082
-0.001207
0.000000
0.000000
0.015652
0.014953
-0.014988
-0.016253
-0.013166
0.000000
0.000000
0.000000
0.000000
0.000000
0.000000
0.000000
0.000000
0.000000
0.000000
0.000000
0.000000
0.000000
0.000000
0.000000
0.000000
0.012598
0.000000
0.017692
0.013004
-0.013009
0.000206
0.000000
0.000000
0.051551
0.000000
0.017354
0.077420
-0.041315
0.063277
-0.005896
0.012361
-0.000194
-0.023838
-0.033046
0.000000
0.000000
-0.019235
0.000000
0.005867
0.008692
0.000252
0.001209
0.058646
-0.013089
-0.048485
0.000000
0.075268
0.011493
0.020140
0.019252
0.049758
-0.007966
-0.010486
-0.045232
0.025171
0.044275
0.014032
0.020191
0.000000
-0.017284
0.000000
0.000000
-0.004109
0.012749
-0.071141
-0.026742
0.011840
0.000000
0.018555
0.007960
0.000000
0.000000
0.000000
0.000000
0.000000
0.000000
0.000020
-0.020125
0.003011
0.000000
0.000000
-0.045133
0.019263
-0.017449
0.000000
0.000000
0.000000
0.000000
0.000000
-0.020196
0.028836
-0.064726
0.000000
-0.007086
-0.014423
0.007703
0.008818
0.032758
0.047295
0.046762
0.007865
0.003925
-0.031035
0.000000
0.000000
0.000000
0.000000
0.000000
0.028457
0.003462
-0.034155
-0.013783
0.001640
0.000000
0.028057
-0.053531
-0.003322
0.000000
-0.032768
-0.038295
-0.008858
0.000000
-0.007433
0.000000
0.000000
-0.026263
-0.008863
0.006423
0.000000
0.007827
0.000000
-0.056124
0.082436
-0.000370
0.000000
-0.012361
0.018204
-0.030786
0.021301
0.007556
0.000000
0.000000
0.024724
0.014218
0.000000
0.000000
0.000000
0.000000
0.000000
0.000000
-0.008786
0.000000
-0.016884
0.000000
0.000934
-0.027564
0.339037
-0.010102
0.073860
-0.037512
-0.020003
0.000000
0.000000
0.000000
-0.003427
0.000000
0.000000
-0.001740
0.023151
0.000000
0.000000
0.000000
0.000000
0.000000
0.007754
0.008660
-0.027668
-0.032271
-0.004052
0.000000
0.000000
0.000000
0.000000
0.000000
0.000000
0.000000
0.000000
0.038348
-0.020584
0.000000
-0.005744
0.000000
0.000000
0.000000
0.000000
0.000000
0.000000
0.000000
0.000000
0.000000
0.000000
0.000000
0.000000
0.000000
0.000000
0.000000
0.000000
0.000000
0.000000
0.000000
0.000000
0.000000
0.000000
0.000000
0.000000
0.000000
0.000000
-0.006173
-0.016231
-0.056670
0.049228
0.007322
0.000000
0.000000
0.000000
0.000000
0.000000
-0.004715
0.000000
0.000000
-0.025742
-0.004814
-0.012733
0.008705
0.010271
0.012884
-0.026075
0.029933
0.000000
0.037972
0.050385
-0.008723
0.000000
0.000000
0.000000
-0.000751
0.000000
0.000000
0.000000
0.000000
-0.009389
-0.015091
0.011732
-0.012162
0.000000
0.001652
-0.016213
0.000000
0.000000
0.000000
0.000000
0.000000
0.000000
0.000000
0.000000
0.000000
0.000000
0.000000
0.000000
0.000000
0.000000
0.000000
0.000000
0.000000
0.000000
-0.013204
0.000000
0.052971
-0.119197
-0.005605
0.000000
0.000000
0.000000
0.000000
0.000000
0.000000
-0.015382
0.000000
0.000000
0.000000
0.000000
-0.006032
0.022945
-0.006801
0.000000
0.015641
0.074892
0.055092
-0.008100
0.000000
0.000000
0.000000
0.000000
0.000000
0.000000
0.000000
0.000000
0.000000
0.000000
0.000000
0.000000
0.000000
0.000000
0.000000
-0.003032
0.029363
-0.105401
-0.006838
-0.027629
-0.024908
0.001359
-0.020692
0.005163
0.000000
0.000000
0.000000
0.000000
0.000000
0.000000
0.000000
0.000000
0.000000
0.000000
0.000000
0.020292
-0.012065
-0.011401
0.012080
0.000000
0.000000
0.000000
0.000000
0.000000
0.000000
0.000000
-0.005044
-0.030328
-0.041236
0.000000
-0.034084
0.017992
0.018493
-0.006799
0.000000
0.000000
0.000000
-0.032713
0.016994
-0.018486
-0.024639
0.023974
-0.028336
-0.003766
0.020314
-0.007755
-0.021956
0.000000
-0.014194
-0.005032
0.000000
0.000000
0.000000
0.000000
0.000000
0.000000
0.000000
0.000000
0.000000
0.000000
0.000000
0.000000
0.000000
0.000000
0.000000
0.000000
0.000000
0.000000
0.000000
0.000000
0.000000
0.000000
0.000000
0.000000
0.000000
0.000000
0.000000
-0.022192
-0.018193
0.000000
-0.036243
-0.108320
0.197394
0.256082
0.008617
0.000000
0.000000
0.000000
-0.007439
0.000000
0.000000
0.000000
0.000000
0.000000
0.012044
-0.008111
-0.013995
-0.038464
-0.035977
-0.015477
-0.019996
0.000000
0.000000
-0.020419
0.000000
0.000000
0.001191
0.000000
0.000000
0.000000
0.000000
0.000000
0.000000
0.000000
0.000000
0.000000
-0.070824
0.017829
0.000000
-0.015201
0.000000
0.000000
0.000000
0.000000
0.000000
0.000000
0.000000
0.018402
-0.015178
0.057780
-0.005979
0.000000
0.000000
0.000000
0.000000
0.000000
0.000000
0.000000
0.000000
0.000000
0.000000
0.000000
0.000000
0.108832
0.008499
0.000000
-0.021840
0.000000
-0.018028
0.007615
-0.010310
-0.018701
0.000000
0.000000
0.000000
-0.015509
-0.030889
-0.048161
-0.015737
0.000000
-0.024772
0.000000
0.000000
0.000000
0.001774
0.000000
0.000000
0.000000
0.000000
0.000000
0.000000
0.000000
0.000000
0.000000
0.000000
0.000000
-0.005557
0.013067
-0.021758
0.000000
0.000000
0.007958
-0.011381
-0.034742
-0.001513
-0.006982
-0.012988
0.000000
0.000000
0.000000
0.000000
0.000000
0.000000
0.000000
0.000000
0.000000
0.000000
0.000000
0.000000
0.000000
0.000000
-0.010900
0.000000
0.008782
0.000000
0.001820
0.015725
0.052704
0.004025
-0.015476
0.056309
-0.005743
0.000000
0.000000
0.011561
-0.004922
0.000000
0.000000
0.016292
0.001797
0.000000
0.004897
-0.012340
0.000000
0.006820
0.000000
0.000000
0.000000
-0.020453
0.000000
0.000000
0.000000
0.000000
0.000000
0.000000
0.000000
0.000000
0.000000
0.000000
-0.022939
0.000000
-0.008732
0.015620
0.016557
-0.026839
0.000000
-0.001298
-0.006344
0.000000
0.000000
0.012194
-0.000534
0.000000
0.000000
0.000000
0.000000
0.000000
0.000000
0.000000
0.000000
0.000000
0.000000
0.000000
0.000000
0.000000
0.000000
0.000000
0.000000
0.000000
0.000000
0.000000
0.000000
0.000000
0.000000
0.000000
0.000000
0.000000
0.000000
0.000000
0.000000
0.000000
0.000000
0.000000
0.000000
0.000000
0.000000
0.000000
0.000000
0.000000
0.000000
0.000000
0.000000
0.000000
0.000000
0.000000
0.000000
0.000000
0.000000
0.000000
0.000000
0.000000
0.000000
0.000000
0.000000
0.000000
0.000000
0.000000
0.000000
0.000000
0.000000
0.000000
0.000000
0.000000
0.000000
0.000000
0.000000
0.000000
0.000000
0.000000
0.000000
0.000000
0.000000
0.000000
0.000000
0.000000
-0.010250
0.000000
0.000000
0.000000
-0.000494
0.000000
0.000000
0.000000
0.000000
0.000000
0.000000
0.000000
0.000000
0.000000
0.000000
0.000000
0.000000
0.000000
0.000000
0.000000
0.000000
0.000000
0.000000
0.000000
0.000000
-0.023934
0.000000
0.000749
0.000000
0.000000
0.019560
-0.027235
0.000000
0.000000
0.000000
-0.015945
0.000000
0.000000
0.000000
0.000000
0.000000
0.000000
0.000000
0.000000
0.000000
0.000000
-0.054856
0.000000
0.000000
-0.104746
-0.056861
0.000000
-0.078617
0.000000
0.147229
0.022017
0.017540
0.074910
-0.007933
-0.024590
-0.031313
0.015170
-0.009915
-0.005425
-0.001912
0.000000
0.000000
0.000000
0.000000
0.000000
0.000000
0.000000
0.000000
0.000000
0.000000
0.000000
0.000000
0.000000
0.000000
0.000000
0.000000
0.000000
0.000000
0.000000
0.000000
0.000000
0.000000
0.000000
0.000000
0.000000
0.000000
0.000000
0.000000
0.000000
0.000000
0.000000
0.000000
0.000000
0.000000
0.000000
0.000000
0.000000
0.000000
0.016465
-0.013120
0.008978
0.000000
0.000000
0.000000
-0.042628
0.062344
0.006238
0.000000
0.266159
0.048463
0.004890
-0.015471
0.074415
-0.030586
0.093022
0.000000
0.000000
0.000000
0.000000
-0.014116
0.014905
0.008120
0.009482
-0.070927
0.004988
-0.005701
-0.093172
0.008118
-0.021778
-0.003254
-0.007441
-0.037001
0.118768
-0.024456
-0.027101
-0.058953
0.008177
-0.005223
-0.033620
-0.025136
0.068449
0.045767
0.012545
-0.013772
0.047489
-0.090970
-0.123770
0.120692
0.015056
0.043476
0.039513
-0.073996
-0.013890
-0.011841
0.000000
0.000000
0.000000
0.000000
0.000000
0.000000
0.000000
0.000000
-0.025333
-0.041397
-0.005213
0.004810
0.000000
0.000000
-0.001170
0.003512
-0.002284
-0.003022
-0.036062
0.000000
0.000000
-0.008938
-0.088760
-0.027152
-0.068375
0.006915
-0.112965
0.019101
-0.008938
0.199636
0.002629
0.008354
-0.030870
-0.031748
-0.002373
-0.010910
-0.023445
0.021732
0.007747
0.073902
-0.084705
-0.022106
-0.054103
-0.034064
-0.015556
-0.016948
-0.026350
0.012270
0.002278
-0.002032
-0.027828
-0.009589
0.005664
-0.009180
-0.033716
-0.014668
0.010540
0.002877
-0.011586
0.036168
0.010236
0.025961
-0.066126
-0.022045
-0.016119
0.000000
-0.058839
-0.009775
0.000000
0.000000
0.006398
-0.030346
-0.024498
0.057381
-0.002547
0.034840
0.000000
0.000000
-0.072861
-0.040116
0.045354
-0.029474
0.118591
-0.027489
0.025993
-0.130824
0.000000
0.000000
0.000000
-0.015177
0.016566
-0.046152
0.003044
