0.029242
-0.009225
0.003777
-0.030999
-0.084932
0.042726
0.119659
0.017415
0.046079
-0.004116
-0.015576
-0.004868
0.067909
0.006318
0.022741
0.002547
-0.003794
-0.170650
0.240107
-0.038079
-0.106904
-0.057781
0.005015
0.023565
0.002391
-0.060595
0.317078
0.024969
0.000000
0.273220
0.087042
0.011044
0.004163
0.002995
0.052727
0.080782
0.026049
0.012448
0.179781
-0.015013
0.014374
-0.042019
-0.042417
0.079391
0.057859
0.088923
-0.065565
-0.044882
-0.083440
-0.009352
0.033357
-0.001235
-0.032857
0.576192
0.026580
0.045997
0.099126
-0.010605
-0.038681
-0.016398
-0.024724
0.003122
0.004906
0.011572
0.016524
0.035338
-0.005800
0.017014
0.024239
0.012026
0.038458
0.010266
-0.012689
-0.131071
0.006284
0.020505
-0.003003
0.088297
0.017412
-0.043552
0.084474
0.077124
0.134200
0.071832
0.072647
-0.035306
-0.002221
0.006365
0.022935
-0.061099
0.031597
0.027344
0.089188
0.054921
0.111633
0.012523
-0.035763
0.020091
0.063281
0.097782
0.130351
0.095808
0.077446
0.024264
0.008713
0.115856
0.012525
0.009275
0.043477
0.041856
0.056277
0.035109
0.009575
0.015969
0.028716
-0.052363
0.000000
0.004130
0.000000
0.015274
0.000000
0.005889
0.000000
0.022193
0.002943
0.015171
-0.019937
0.044053
-0.006655
0.029621
-0.007695
0.035458
0.011095
0.032254
0.011386
-0.012190
0.044708
-0.003913
0.022469
-0.006760
0.028429
0.030188
0.035379
0.057785
0.021738
0.058259
0.060335
-0.014514
0.023920
-0.051486
0.120882
0.018106
0.052088
-0.033372
0.048565
0.042761
-0.014863
-0.019122
0.019947
0.036600
0.059332
0.082596
-0.102122
0.000000
0.000000
0.000000
0.000000
0.076225
0.026788
-0.010997
0.000000
0.000000
0.000000
0.000000
0.000000
0.000000
0.016808
0.012576
0.128377
-0.021927
0.025370
0.045949
-0.054923
0.000000
0.070135
0.019277
0.009771
0.056085
0.000000
0.089326
0.168712
0.044718
0.091244
0.001990
0.038781
0.020883
0.021330
-0.009650
-0.035035
-0.013875
0.005871
0.035376
-0.029976
0.025506
0.009524
-0.002741
0.018278
0.000000
0.000000
0.000000
0.164316
-0.041966
-0.241685
-0.005557
-0.013464
0.098315
0.000000
0.000000
0.000000
0.000000
0.000000
0.000000
0.000000
0.000000
-0.007606
-0.060019
0.061048
0.025054
0.003144
0.075757
-0.029074
0.030560
0.031794
0.104158
0.018961
0.050343
0.012944
0.038646
0.107478
-0.014487
0.078337
0.155990
-0.011412
0.059706
0.064183
0.072380
0.020591
0.048916
0.180737
0.026678
0.079207
0.063115
-0.010219
0.103983
0.075365
0.008849
-0.053345
0.067378
0.029565
-0.040349
0.017103
-0.016363
0.029419
-0.026985
-0.011238
0.111260
-0.059348
0.079108
-0.021488
0.011331
-0.166039
0.180221
-0.128585
0.038545
0.031411
0.070712
-0.016190
-0.023869
0.069336
0.140670
0.088908
0.029264
-0.007727
0.029248
0.020525
0.056566
0.003144
-0.021786
0.078922
0.048660
0.075817
0.151890
-0.049005
0.044248
0.007020
-0.032948
0.014927
0.033184
0.075039
-0.002105
0.107419
0.073103
-0.012874
0.030207
0.113020
-0.008505
0.036758
0.000000
0.071007
0.004999
0.134994
0.006981
0.091594
0.012334
-0.010884
0.004211
0.104564
0.088466
0.032871
-0.011583
0.041107
0.019889
0.029833
-0.053347
0.014896
0.017181
-0.011983
0.010435
-0.027824
0.001041
0.048902
0.021131
0.002573
0.009485
0.011080
-0.003407
0.022788
-0.005999
0.035073
-0.004734
0.147160
0.032649
-0.051465
0.067710
0.026077
-0.091574
-0.000388
0.039991
0.000000
-0.056204
0.052738
0.008153
0.023187
0.145054
-0.036280
-0.026601
0.005535
0.019681
0.073669
0.049876
0.072135
0.001523
0.115144
0.143177
0.044553
0.005802
-0.025550
0.051161
0.059710
0.062049
0.145349
0.027941
0.087719
0.005469
0.035313
0.074696
0.065235
0.015602
0.016159
-0.053535
0.020218
0.068922
0.136613
-0.006808
0.028284
-0.009857
0.065690
0.018929
0.069935
0.053886
0.089959
0.034275
-0.046382
0.053202
0.219660
0.050155
-0.033286
0.073822
0.113792
0.009964
-0.000792
0.018706
0.121467
0.000000
0.013089
0.059407
0.073596
0.044653
0.044972
0.077344
0.065112
0.085174
0.064581
0.088161
0.091290
0.017683
0.028259
0.001133
0.067873
0.009204
-0.014497
0.009149
-0.015686
0.033298
-0.069204
0.044601
-0.013615
0.001054
-0.004650
-0.014757
-0.080500
0.015065
-0.027336
-0.010808
0.009383
0.066180
0.020029
-0.079521
-0.009351
0.012479
-0.002394
0.034767
0.009058
-0.003104
0.086124
0.001691
0.023252
0.058388
0.010067
0.034412
-0.087923
0.056817
-0.015094
0.083011
0.091270
0.025245
0.052085
0.074669
0.008800
-0.007443
0.046600
0.024965
0.159964
0.013067
-0.052276
0.000851
0.008799
0.044479
-0.059851
0.096018
0.113787
-0.004059
0.088372
-0.054110
-0.022322
0.021259
0.008449
0.060262
-0.046904
-0.007904
0.034903
0.015194
0.075499
0.169430
0.031035
0.016986
0.104599
0.065691
0.062382
0.051172
0.127449
-0.059811
-0.028688
0.035083
0.093798
0.019802
-0.106196
0.124504
-0.055987
0.024350
0.013570
-0.066739
0.069371
0.037471
0.054058
0.119716
0.008452
0.025574
-0.022801
0.142255
0.000995
-0.017261
0.067809
0.001192
0.005896
0.130565
0.023366
0.088339
0.085853
0.030619
0.070963
0.032344
0.040219
0.006889
0.036041
-0.009744
0.032349
-0.053104
0.035447
0.008955
0.086482
-0.009230
-0.011833
-0.001905
-0.012193
-0.006475
0.024271
0.025607
0.053359
-0.039335
0.100669
-0.019274
0.128272
0.074993
0.054164
0.046307
0.063001
0.009390
0.023678
-0.016199
-0.031457
0.043010
-0.010175
-0.019492
0.001429
0.045148
-0.009100
0.076341
-0.012983
0.056081
0.173109
0.007983
0.116114
-0.056411
0.052747
0.120000
0.133654
-0.088785
0.061232
0.025966
0.030350
0.013206
-0.010823
0.082846
0.098312
0.003061
0.085571
0.080455
0.050602
0.035040
-0.001985
-0.029000
-0.002105
0.059172
-0.007040
0.082962
0.039040
0.237998
0.020413
-0.047732
-0.006233
-0.060409
0.017059
0.176398
0.039914
0.017699
0.028618
-0.011161
0.003691
0.085937
-0.006582
0.010928
0.139502
-0.092162
0.084702
0.132955
0.064701
0.005818
0.021521
-0.012239
-0.027638
0.094223
0.045277
0.092593
0.017630
0.023865
0.077897
0.072082
0.035445
0.067628
0.046592
-0.037247
0.013890
0.054291
0.001179
-0.007471
-0.007847
0.061845
0.079360
-0.001751
0.016606
0.008402
0.035619
-0.012326
0.059746
0.008873
0.052127
0.041436
0.029266
0.103402
0.058632
0.130306
0.078226
0.085458
0.043275
0.029759
0.225474
0.065202
0.172756
-0.028784
-0.002594
0.122244
-0.031028
0.063419
0.055595
0.093200
0.087704
0.039009
0.104602
0.079039
0.128618
0.069881
-0.022900
0.079078
-0.034245
-0.024270
0.026747
0.054974
0.032587
0.417475
0.027412
0.048292
0.085377
0.064350
0.013906
-0.019950
0.013743
0.045227
0.029176
0.068410
0.020124
-0.018056
0.084833
0.073940
0.017041
-0.012842
-0.009164
-0.065535
0.021027
-0.003007
0.007702
0.139704
-0.075207
0.003843
0.064019
-0.022653
0.027076
0.027623
0.231795
0.121968
0.053594
-0.003633
0.067836
0.015375
0.063858
0.015403
0.008425
0.139875
0.020792
0.068173
-0.037962
0.068962
-0.044979
0.081823
0.046558
-0.006543
0.000000
-0.015003
-0.001176
0.008613
0.064326
-0.022159
0.067084
-0.090399
0.058081
0.022909
0.161256
0.017217
-0.008452
0.000652
0.089834
0.046132
0.074035
0.043958
0.008032
0.496823
0.064461
0.097219
-0.002371
-0.052653
0.058605
0.097452
0.145967
0.070283
-0.045210
0.012507
0.047878
0.050632
-0.018556
0.059458
0.104626
0.030828
0.081027
0.055182
0.025240
0.122130
0.052389
0.102915
0.048219
0.010010
-0.040077
0.014983
-0.006661
0.006739
0.014815
0.045808
0.123617
0.116970
0.016307
0.040375
0.029114
-0.055939
0.085317
0.101985
0.026884
0.025125
0.034471
0.058484
0.024038
0.020080
-0.022022
-0.001002
0.026606
0.020082
0.093900
0.164151
0.086273
0.098896
0.008954
-0.007942
0.003956
-0.018010
0.029069
-0.032122
0.080619
0.063322
0.061101
0.015846
0.057098
0.004552
0.037524
-0.003389
0.034723
0.070618
-0.002761
0.007713
0.051803
0.004452
0.027963
0.000000
0.005539
-0.002684
0.031756
0.091197
0.008705
0.105115
0.028673
0.116807
0.014084
0.098607
0.076159
-0.050829
0.065554
0.045898
0.161246
0.039889
0.128061
-0.008588
0.068765
0.076924
0.065881
0.002409
0.032990
0.117203
-0.017005
0.013811
0.009261
-0.018019
0.144618
0.025433
0.056761
-0.021604
-0.044290
-0.017610
0.094820
0.055320
0.103539
-0.040624
0.074090
-0.033306
0.079738
-0.008252
-0.038796
0.017427
0.041331
0.054740
0.078530
0.031437
0.026695
0.030503
-0.009873
0.065090
0.073152
0.019999
0.018571
-0.069504
0.138539
0.021555
-0.064092
0.146814
-0.014410
-0.107387
-0.008855
0.023312
0.085780
0.013014
0.167748
0.121774
0.109224
0.125569
-0.007067
0.093132
0.025727
0.077707
0.033421
0.014995
0.027581
0.024668
0.101647
-0.019826
-0.023335
0.014621
0.074451
0.006374
-0.022440
0.064409
-0.083469
0.042056
-0.051598
0.016837
-0.013188
0.047474
0.062012
0.062307
0.147089
0.099478
0.018781
0.043014
0.059261
0.043172
0.075785
0.139598
0.047569
0.016929
0.095602
0.029555
-0.026980
0.023654
0.126075
-0.006234
0.012520
0.088146
0.062331
0.061948
-0.031871
-0.061933
0.139148
0.031979
0.108648
0.044121
-0.017129
0.021211
0.015448
0.062799
0.092896
0.022011
0.090733
0.091843
0.097005
-0.051083
-0.002007
0.066239
0.021829
0.048835
-0.006232
0.002390
0.005516
0.122269
0.085303
0.024482
0.026933
0.115195
0.124249
0.014496
0.015972
0.024187
0.072279
0.046280
0.087563
0.125803
0.060855
-0.015056
-0.089283
0.199119
0.042133
0.028506
0.050158
0.060459
0.016169
0.043767
0.042091
0.230147
-0.010519
0.046472
0.054984
-0.069943
0.128588
0.001889
0.088339
0.032295
0.089070
-0.000285
0.121039
0.011667
0.015580
0.042298
0.121576
0.061132
0.117595
0.045926
0.014124
0.039522
-0.016626
-0.030286
0.064357
0.064770
0.114484
0.016861
-0.067632
0.022282
0.039136
0.034787
0.059151
0.040464
0.160469
0.107146
0.065871
-0.005675
0.050634
0.046165
0.077317
0.158633
0.062462
0.165003
0.095742
0.108432
-0.110128
0.021917
0.079539
0.057760
-0.003517
-0.045034
0.094790
0.069858
-0.001169
0.040913
0.042493
0.084477
0.048190
-0.017375
-0.015696
0.067091
-0.096623
-0.004929
0.039730
0.095415
0.187014
-0.000017
0.060997
0.005455
0.089159
0.067998
-0.046371
-0.020458
-0.018068
-0.063646
0.076167
0.004617
0.086526
0.026389
0.074825
0.107925
-0.038413
0.044713
0.005160
-0.003276
0.076222
0.044960
-0.001025
-0.031630
0.050137
0.083634
0.090927
0.070770
-0.045620
0.020296
0.054524
0.006838
0.039794
0.124782
0.026496
0.056088
0.072430
-0.018411
0.092811
0.064809
-0.044197
0.038341
-0.026098
-0.052422
0.052652
0.044582
0.086921
0.057583
-0.013768
0.037824
-0.012124
0.040867
-0.043641
0.022619
0.086789
0.009335
0.133242
0.060468
0.041352
0.017148
-0.028030
0.030756
-0.027682
0.033235
0.047954
0.067594
0.021489
0.044202
0.008383
0.094439
0.080281
0.008064
0.193956
-0.045112
0.088620
0.031038
0.107269
0.143801
-0.030983
0.133738
-0.060695
0.069092
0.024058
0.067655
0.040295
0.063644
0.148665
0.066362
-0.077914
0.064684
0.265427
0.047549
0.094378
0.074185
-0.032542
0.041450
0.056265
-0.013639
0.019799
0.061470
0.186798
0.016260
0.070621
0.009647
0.070830
0.000000
0.010271
-0.006080
-0.008978
0.024187
-0.001753
0.006403
0.123838
0.013533
0.094527
0.080275
0.050531
0.148772
0.115130
0.135593
0.048158
0.051240
-0.046305
-0.065858
-0.033120
0.088686
-0.013486
0.007342
0.085754
0.016879
0.076390
0.040575
0.064020
0.096685
0.028345
0.024565
0.093094
-0.002567
0.005235
0.000000
0.005294
-0.028944
0.062210
0.037771
0.014188
0.087849
0.051968
0.026870
0.046390
-0.009272
0.000000
-0.001803
0.107871
-0.079836
0.099182
-0.033151
0.053758
-0.007966
0.006570
-0.003336
0.000000
-0.115588
0.015916
0.008665
-0.037275
0.004815
0.023665
-0.058161
0.045338
-0.045492
0.031806
0.028825
0.015866
0.058000
0.132900
0.033302
0.036360
0.131063
0.101203
-0.013796
0.043504
0.010370
0.052273
0.054686
-0.005534
0.072382
-0.026326
0.055218
0.058938
0.023732
-0.030923
-0.036042
-0.021898
-0.038851
0.095672
0.145119
-0.020866
0.102307
0.035961
0.006798
0.062554
0.064075
-0.008086
-0.030135
0.009543
0.123627
0.094706
0.130245
0.008704
0.208823
0.052958
0.064578
0.087841
0.048919
-0.039503
-0.020644
-0.025435
0.090258
0.062698
0.117555
0.150274
-0.013309
0.032145
0.124880
0.128585
0.131484
0.054181
0.000618
0.173387
0.083079
0.123680
0.129775
0.037380
0.113454
0.042515
0.125802
0.047872
0.031021
0.097345
-0.015947
0.046704
0.023287
0.022077
0.055743
0.080989
0.160822
0.067191
-0.078043
0.014757
0.028138
0.029425
-0.034304
0.022443
0.094078
0.005911
0.226954
0.049563
0.133826
0.069328
-0.089329
-0.057208
0.069534
0.056700
0.104647
0.069515
0.004701
0.069112
0.007849
0.045032
-0.023582
0.120114
0.072756
0.014581
-0.003925
-0.038120
-0.083104
0.081237
0.165474
0.112897
0.055935
0.014838
0.036749
0.083600
0.095619
-0.037781
0.039533
0.008920
0.047842
-0.053205
0.060972
0.004172
-0.073154
0.045367
0.205853
0.012191
0.019797
0.170778
0.081020
0.089862
0.086064
0.093562
0.181591
0.093979
-0.000834
0.152748
0.016288
0.033710
0.011902
0.047796
0.046548
0.091040
0.025116
-0.028530
0.005360
0.030846
0.027424
-0.038857
0.110433
0.067187
-0.031450
0.232249
0.046747
-0.043018
0.067206
0.083621
0.020544
0.096869
0.361033
0.057456
0.018436
0.003180
0.118798
0.059871
-0.044552
0.056067
0.046264
0.141806
-0.006558
-0.009926
0.079648
-0.071597
0.028771
0.042377
0.002489
0.034368
0.068100
0.067926
-0.000996
0.102752
0.190611
-0.074260
0.032158
0.012474
0.062329
0.094286
0.020782
0.039731
0.089848
0.032869
0.041117
0.119635
0.031600
0.024136
-0.004052
0.102099
0.047393
0.058954
0.074824
-0.051670
0.014232
-0.001904
-0.069313
-0.128466
-0.027266
0.107992
0.010735
0.099684
-0.012835
0.028217
0.027766
0.001762
0.178781
0.154754
0.072575
-0.056617
0.089427
0.043338
0.035145
0.049570
0.055001
0.099358
0.091322
-0.003404
0.083421
0.070760
0.120522
0.006866
-0.005099
0.038122
0.021336
-0.005087
0.018488
0.000539
0.021080
0.062928
0.040328
0.084589
0.014070
0.067996
0.115620
0.091212
0.128743
0.048324
-0.037540
0.016675
0.024493
0.049137
0.069446
0.011079
0.045646
0.076480
0.051731
0.110818
0.022468
0.048460
-0.015644
0.027112
0.111705
0.047176
-0.047792
0.067213
0.065339
-0.058569
0.025698
0.050378
0.077503
0.090470
0.020765
-0.059438
0.079139
-0.011445
0.050438
-0.002649
-0.032588
-0.033426
0.043436
0.056032
0.086344
0.018378
0.112418
0.086567
0.100928
-0.020611
0.014584
0.045039
-0.009681
0.035250
0.074822
-0.030400
0.057767
-0.002859
0.030634
0.029600
0.025800
0.084145
0.046457
0.097752
0.004096
0.020419
-0.022123
0.042806
0.014450
0.203036
0.121452
0.029716
0.026537
0.040241
0.008064
0.092763
0.047009
0.048925
0.040179
0.215363
-0.002142
0.157929
0.012706
0.024759
-0.017833
0.044339
-0.008317
-0.006547
0.085199
0.002742
0.140739
0.033082
0.071880
0.067817
-0.006832
0.000148
0.032460
-0.011280
0.068913
0.010393
0.085585
0.083116
0.033011
0.020384
0.048827
0.034195
0.023081
0.126515
0.115835
-0.045613
0.046076
0.021742
-0.009957
0.001351
0.097558
0.049465
0.008303
0.050974
0.064795
0.088916
-0.041698
0.019493
0.007055
-0.001491
0.037860
0.027869
0.051805
0.093206
0.089848
-0.012142
0.065472
0.030571
0.038144
0.001183
-0.086851
0.044524
-0.007468
0.030263
0.001395
0.049134
-0.052671
0.053605
0.016927
0.027584
0.024795
0.067716
0.065451
0.000196
0.131142
-0.004995
0.118513
0.060485
0.049870
0.010002
0.053452
0.042295
0.082096
0.072076
0.024979
-0.053971
0.183488
0.134728
0.132011
0.030594
-0.011127
0.074923
0.022255
0.162649
0.144952
0.080981
0.043950
0.062670
0.112526
0.027967
-0.065551
0.058011
0.082376
0.171900
-0.078899
0.128163
-0.059442
0.044263
0.007346
0.006757
-0.051679
-0.011236
0.053920
-0.122448
0.088830
0.014199
-0.003104
0.054502
0.003971
0.086319
-0.012285
-0.036146
0.017466
0.015011
0.028819
0.005911
0.050421
-0.048976
0.009132
0.063172
0.047433
0.037836
0.145740
-0.038577
0.011901
0.035958
-0.040509
-0.075722
0.038262
0.000000
0.016870
0.001186
0.039316
0.049890
0.011358
0.007915
0.058174
0.040979
0.010802
-0.006015
0.044650
0.041859
0.036088
-0.001328
0.031731
0.108063
-0.014243
0.051997
0.004806
-0.034336
-0.006504
-0.010270
0.058764
-0.007215
-0.022269
-0.015042
-0.028577
0.106555
0.082976
0.059869
0.135443
0.120246
0.087750
0.167816
0.165857
0.017536
0.042171
-0.007527
0.033911
-0.017296
0.002995
-0.055353
0.016112
-0.094660
0.013751
-0.026679
0.022990
-0.041331
0.008222
-0.052398
0.013895
0.067542
-0.042775
-0.089303
0.037122
0.022539
0.090530
0.078143
0.116606
0.018166
0.099075
-0.049186
-0.040094
0.031954
0.009167
-0.022531
0.009593
0.037816
-0.060823
0.096196
0.034364
0.070404
0.168591
0.053671
0.015378
0.189452
0.073377
-0.003600
-0.005736
-0.012047
0.063103
0.031353
0.119762
-0.052851
-0.137863
-0.029794
0.012032
0.000487
0.013888
-0.000813
0.034945
0.131467
0.022146
0.046595
0.089624
0.020118
0.017450
0.025391
0.016038
-0.015189
0.000000
-0.019387
0.065455
0.074147
0.233192
0.025645
0.051292
0.000000
0.005588
-0.006306
0.078224
-0.011199
0.033901
0.056150
0.103073
0.005714
-0.091864
0.042509
0.047944
0.137980
0.017032
0.035924
0.106176
0.068011
-0.012007
-0.017475
-0.053916
0.042664
-0.000107
0.063502
0.039408
0.021225
0.099290
0.093293
0.005313
0.035687
-0.019208
0.006980
0.019703
0.073008
0.217337
0.060682
-0.030362
0.030973
0.003227
-0.048560
0.091419
-0.004653
0.071068
0.097883
-0.016140
0.056131
0.101450
-0.050715
0.014175
0.029084
0.006994
0.078471
0.072584
0.027768
-0.008556
-0.012783
0.071371
0.009531
0.076384
0.059677
0.105122
-0.006102
0.043063
-0.004200
0.061601
0.044975
0.114682
0.282603
0.061256
0.031871
0.110997
-0.020577
0.013720
0.024346
-0.065604
-0.058558
0.048303
0.050199
0.090324
0.096741
-0.020892
0.011195
0.103716
0.003556
0.100998
-0.118963
0.004813
0.000006
0.021774
0.040389
0.063413
-0.000695
0.053253
0.113473
0.017748
0.002850
-0.013904
0.007592
0.118214
-0.043685
-0.024672
0.030965
0.078765
-0.019825
0.055941
0.009173
-0.005545
0.043327
0.067130
0.124495
-0.005210
0.132178
0.120156
0.068783
0.143553
0.079243
0.021668
-0.002985
0.000000
0.000000
0.000000
0.000000
0.149006
0.062271
-0.052144
0.038642
-0.017806
0.092709
0.030264
0.044939
0.042837
0.080162
0.015510
0.124205
-0.047023
0.101785
0.047745
-0.022121
0.144308
0.071073
0.045387
0.066924
-0.047640
0.013622
0.092409
0.058332
0.058820
-0.007463
0.073740
-0.014466
0.014144
-0.024137
0.013909
0.010481
0.035871
0.049208
0.014603
-0.050131
0.217084
0.155053
0.229576
0.105147
0.085973
-0.002717
0.014275
0.070462
0.047817
0.034596
0.062719
0.106064
0.007616
-0.027965
0.109016
0.096489
0.020683
0.025743
0.009174
0.021544
-0.020175
0.041396
-0.085289
0.068451
-0.043506
0.116481
0.032179
0.039284
0.114030
0.097237
-0.083676
-0.015491
0.041563
0.031318
0.067488
0.041410
-0.071094
0.106609
-0.005395
-0.028009
0.000252
0.023636
0.106469
0.067789
0.063523
0.103203
0.064865
0.050623
0.126190
0.039527
0.015454
0.028221
0.124436
0.030036
-0.032760
0.040460
0.033311
-0.007410
0.002114
0.002101
0.082334
0.047894
0.149428
0.048228
0.049937
0.048763
0.022883
0.134131
0.016671
0.035964
0.001035
-0.004561
0.059164
-0.028399
-0.016037
0.005267
0.018230
0.050335
-0.019689
0.000000
0.010664
0.066508
0.049135
0.000000
0.129908
0.045563
0.001300
-0.005384
0.237640
0.029888
0.031266
0.146110
-0.019090
0.043708
0.068331
-0.022777
0.087106
0.164229
0.024468
0.011793
0.022170
0.057909
0.081821
0.101767
0.013911
0.049865
0.007507
-0.028343
0.114254
-0.037442
0.016924
0.008597
0.032460
0.069855
0.126847
0.072346
0.064991
0.024523
-0.018652
0.062966
0.091639
-0.027445
0.108472
0.172749
0.129215
0.132889
0.028438
0.015436
-0.076280
-0.004714
0.090189
-0.010495
-0.017457
0.027745
0.036262
0.040448
0.019960
0.061414
-0.013144
0.028840
-0.002648
0.011111
-0.060087
0.054448
-0.018470
0.011337
-0.058956
0.042428
0.128734
0.053215
0.082392
0.073346
-0.028138
0.027332
-0.000372
0.063524
0.085526
0.026935
0.052806
0.094603
0.075164
0.066213
-0.020857
0.100419
0.032395
0.174725
0.035241
0.045497
-0.008622
-0.021728
0.025823
0.082570
0.087771
0.131929
-0.050325
0.035642
-0.047677
0.032519
0.037030
0.068519
0.091615
0.030395
-0.008322
0.090882
0.048785
0.025272
0.024505
0.000824
-0.051462
-0.004546
0.030347
0.125299
0.072917
0.076869
0.004122
0.020942
-0.031315
0.145358
0.050812
0.106610
-0.017754
-0.027730
0.108839
0.072664
0.111029
0.093691
0.053579
0.102914
0.012021
0.029928
0.028266
0.032786
0.037479
0.059289
0.096811
0.110832
0.061588
0.040844
0.067664
-0.121011
0.043599
0.079122
0.048806
0.016343
0.060557
0.082385
0.026557
0.092031
0.107170
0.100513
0.038201
0.059335
-0.074340
0.015027
-0.046834
0.071599
0.085669
-0.019212
-0.009147
0.000000
0.029002
0.025715
0.012705
0.012824
-0.052130
0.024048
-0.078357
-0.097827
0.054503
0.085365
0.126597
0.011054
0.138747
0.085753
-0.057086
0.037118
0.028956
0.033161
0.000000
0.037971
0.017311
0.112592
0.042878
0.003847
-0.006381
0.079877
0.061154
0.053120
-0.024150
0.029673
0.015453
-0.016002
0.105033
0.029753
0.018492
0.131888
0.163727
0.015767
0.050536
0.045451
0.007777
0.053375
0.079775
0.122464
0.006426
0.110627
0.007945
0.023901
0.051771
-0.000274
-0.042977
0.006420
0.074080
0.000000
0.008505
0.035139
0.196152
0.128156
-0.001138
0.163914
0.022605
0.146398
-0.020362
0.055019
-0.006625
0.084209
0.044081
0.032941
-0.004675
0.064086
-0.015118
0.072858
0.125366
0.044407
0.055891
0.019570
-0.062587
0.022890
0.016124
0.057811
0.040407
-0.050470
0.090666
-0.054328
0.033136
0.007556
0.011900
0.071962
-0.024786
0.053274
0.089234
0.059568
0.005673
-0.046082
0.030903
0.012183
0.076479
0.083977
0.070907
0.085168
0.022104
0.069571
-0.042810
0.025497
0.059278
0.019309
0.109757
0.055980
0.030264
0.026406
0.015111
0.082432
0.065716
0.021954
0.016020
0.061364
0.006269
-0.078164
-0.006609
0.131490
-0.010814
0.137283
0.100552
0.002543
-0.005712
0.058997
-0.033839
0.030911
-0.003922
0.049155
0.037592
0.040176
0.185180
-0.042331
0.074992
0.055115
0.137626
0.002786
0.033113
0.075316
0.067001
-0.102049
0.038724
0.064008
0.102779
0.079673
0.052483
0.105154
0.026104
0.095603
0.163048
0.055687
0.064703
0.090425
0.031527
0.119543
0.148509
-0.025090
0.129058
0.053928
0.131419
0.097617
0.016250
-0.050817
0.070094
0.008739
0.015270
0.011102
-0.078848
0.075973
0.055411
0.074512
0.139639
0.069928
0.003775
0.019501
0.102888
0.017574
0.013622
0.107868
0.060469
-0.033245
0.187797
0.184323
0.015754
0.043414
0.024706
0.032559
0.036736
0.055028
0.032577
0.004151
-0.015004
-0.039438
-0.007552
-0.104375
0.054243
-0.049187
0.029264
0.090035
0.103344
0.102897
0.063620
0.047789
0.000000
0.025145
0.099272
0.063647
0.051330
0.092432
0.006276
0.024034
0.024861
0.105893
-0.001915
0.072219
-0.209006
0.081936
0.027528
-0.032423
0.115328
-0.034625
-0.063125
-0.053355
0.018667
0.070178
0.034000
0.053875
0.005722
0.108093
0.047840
0.030194
-0.003069
0.013645
0.057435
0.057633
0.021829
0.037034
0.015531
-0.099754
0.008226
0.047665
0.036608
0.046929
0.032332
0.078188
0.037663
0.012950
0.054838
0.042729
0.053067
0.004464
0.078950
0.039140
0.045583
-0.068617
0.095667
0.032458
0.055639
0.055691
0.048804
-0.028571
0.052111
0.081811
-0.023858
0.041996
-0.009173
0.078275
-0.000566
0.080299
0.063429
0.128246
0.028222
0.009760
0.045598
0.056090
0.051475
0.076035
0.084728
0.010842
0.089268
0.008642
0.008780
0.108543
0.098416
0.038697
-0.043420
0.058615
-0.005544
-0.079049
0.069533
0.128477
0.006532
-0.013629
0.004967
0.003531
0.049771
0.126479
0.013918
0.090170
0.058487
-0.057970
0.134280
0.079376
0.070310
0.041464
-0.047001
-0.056660
0.047293
0.045773
0.023816
0.063660
0.033441
-0.047157
-0.056717
0.080933
-0.002183
0.115638
0.117167
0.006267
-0.000826
0.039513
0.059864
0.009520
0.106294
0.093571
0.017633
0.062181
0.025284
0.139326
-0.004375
0.044389
0.094901
0.089409
-0.014358
0.039560
0.061058
0.017335
0.214488
-0.010905
0.066571
0.005046
0.020030
-0.035708
0.056199
0.057735
-0.008686
0.156929
0.102861
0.147113
-0.003797
-0.023645
0.023878
0.035886
0.053923
0.059679
-0.061279
0.039004
0.020763
0.002740
0.121787
-0.031456
-0.080681
0.126976
0.058439
0.086074
0.070088
0.140201
0.089570
0.037633
-0.009611
0.039312
0.037614
0.009620
0.024281
0.102105
0.104976
0.074672
0.030103
0.056877
-0.017978
0.100516
0.006600
0.021670
0.028546
0.051156
0.087513
0.124221
-0.001842
-0.011791
-0.013163
0.000000
0.003017
0.093539
0.035329
0.194355
0.059353
0.017955
-0.028210
-0.105662
0.099571
-0.065687
0.022499
0.037669
0.093938
0.056849
0.032803
0.039892
-0.008453
0.058729
0.071975
0.059909
0.063483
0.076987
0.092757
0.057825
0.025171
-0.069076
0.008753
0.075042
0.032917
0.027910
0.104740
0.032381
0.025210
0.033260
-0.035221
0.023622
0.102163
-0.004565
0.032724
0.115842
0.060832
0.022509
0.173694
0.075756
-0.006233
0.007122
0.212442
0.013684
0.068873
0.108308
0.040264
0.064890
0.071240
0.016887
0.046441
0.000207
0.004261
-0.002841
0.066643
0.125365
0.073761
0.043788
0.035920
0.013275
0.049197
-0.038789
0.195912
0.020520
0.091389
0.054973
0.156023
0.051429
0.062223
0.019190
0.040391
0.039692
0.058962
0.004091
0.068711
0.022530
-0.001147
0.002928
-0.013898
-0.011544
0.058860
0.074594
-0.142417
-0.042008
-0.026583
0.056341
-0.004523
0.014771
-0.004415
0.018230
0.060283
0.027205
0.064205
0.014097
-0.006542
0.025354
0.067026
0.091246
-0.038875
0.084669
0.015077
0.053278
-0.012243
0.053836
-0.004407
0.009517
0.090416
0.075798
-0.020647
0.041328
-0.020574
0.020581
0.054028
0.057958
0.054432
0.112774
0.003267
-0.001631
0.059542
0.113894
0.147557
-0.026243
-0.044059
-0.020896
0.032517
0.016651
0.023169
0.046443
0.015215
0.136258
-0.009511
0.135411
0.013054
0.031380
0.066289
-0.065310
0.073112
-0.012504
-0.000740
0.053180
0.082555
0.143899
0.098172
0.052631
0.012117
0.025493
0.030843
0.169639
0.053935
0.041225
0.034148
0.094926
0.128707
0.103102
0.122066
-0.008649
0.051438
0.024718
-0.034299
0.011435
0.078102
0.030306
-0.034192
0.095286
-0.008233
-0.051450
0.064665
0.015230
0.082929
0.095845
0.040799
0.061913
0.042969
0.071269
0.076992
0.074197
-0.047428
0.078418
0.028354
0.032507
0.046804
0.075895
0.133128
0.061207
-0.007385
0.161538
0.039254
0.136842
0.007327
0.000000
0.047786
0.043869
0.047427
0.051011
0.138864
0.120355
0.048859
0.017915
0.085863
-0.023925
0.039074
0.009022
0.006544
-0.012241
0.046209
-0.002819
0.095208
0.038881
0.075982
0.067297
-0.090577
-0.015666
0.104450
-0.035616
0.012876
-0.003536
0.214998
0.084154
0.013817
0.040854
0.048306
0.064721
0.065116
0.075472
0.032225
0.074200
0.118774
0.080346
0.152201
-0.057702
0.012538
0.123229
-0.038755
-0.028189
0.043457
0.057501
0.017943
0.066178
0.048457
-0.034248
-0.009505
0.018171
0.016075
0.084312
0.011929
0.045843
0.014563
-0.015159
-0.053765
0.049986
0.095685
-0.011892
0.054024
-0.010824
-0.028125
0.033178
-0.001199
0.031191
0.049927
-0.029498
0.020829
0.053237
0.035671
0.055317
-0.034333
0.106001
0.001422
0.037728
0.016476
0.003555
0.051293
0.083091
0.085831
0.065044
0.030199
0.083499
0.117493
0.112120
0.047463
0.074562
0.070982
-0.017375
0.125888
0.072404
0.124256
0.026101
0.018085
0.017728
0.002813
0.112912
0.015618
0.058379
0.094309
-0.016891
0.114343
0.003465
-0.017950
0.130438
0.008177
0.024534
0.116843
0.100115
0.068340
0.042291
0.111356
-0.055639
0.057552
0.061698
0.115150
0.017909
0.010200
0.073865
-0.010623
0.092287
0.099469
0.035957
0.022112
0.007421
0.104196
0.079025
0.021511
-0.017385
0.178131
0.060226
0.153037
0.239520
0.012028
0.020066
0.021063
-0.060903
0.083511
0.007601
0.093225
0.130051
0.129839
-0.010787
0.064585
0.031647
0.040342
0.021146
0.057021
0.009866
0.052168
-0.056361
-0.086366
0.029576
0.045234
0.099073
0.044687
0.009333
0.079152
0.155490
0.040416
0.025246
-0.048093
0.155431
0.019514
-0.057361
-0.039257
0.104373
0.087940
0.020109
-0.005070
0.062655
-0.025443
-0.001686
-0.028974
0.075251
0.008345
0.026607
0.036584
-0.034511
-0.031421
0.041827
0.083591
0.020416
-0.052082
-0.074864
0.064540
-0.007913
0.064716
0.050937
-0.006941
0.012709
0.125309
0.000054
0.029335
-0.059402
-0.046331
-0.009496
-0.080388
0.004033
0.024576
0.086884
0.034321
0.137999
0.039067
-0.025325
0.150650
0.126685
0.006083
0.074713
0.044208
-0.005218
0.059362
0.053880
-0.010180
0.039530
0.030821
0.139899
-0.010342
-0.052376
-0.025359
-0.104385
0.083241
-0.044717
0.006171
0.027734
0.037655
0.052372
0.075128
0.005854
0.128425
0.038618
0.109908
0.059806
0.076890
0.106382
-0.022501
-0.001773
0.036461
0.222944
0.102906
0.043243
0.054647
-0.012696
-0.022738
0.094391
0.098010
0.115065
0.008728
-0.042729
-0.016817
0.018993
0.005013
0.072735
0.125957
0.002213
-0.057585
0.033310
0.030760
0.034993
-0.119916
0.040854
0.076872
0.013290
0.035478
0.010223
0.050548
0.012681
0.022579
0.097997
0.102449
0.031808
0.000986
0.112178
0.020196
0.084184
0.008185
0.083654
0.085326
0.076882
-0.033298
-0.007596
0.022130
0.022048
-0.001375
-0.006734
-0.017262
0.041080
-0.033884
0.066305
0.068412
-0.093128
0.084490
0.028446
0.016860
0.037316
0.048642
0.015656
-0.117972
0.071775
0.076090
0.029290
0.159071
0.088338
0.159556
-0.014197
0.069112
0.230387
0.019893
0.042606
0.059003
0.147107
-0.053364
-0.032394
0.092267
-0.026179
0.058894
0.011682
-0.021845
0.036751
0.022226
-0.019453
0.092735
0.102839
0.039466
-0.016337
-0.019851
0.013581
0.006752
-0.009167
-0.013104
0.051653
-0.010498
0.085933
0.019794
-0.000189
0.109866
0.086029
0.041132
0.002049
0.043810
-0.044100
0.081175
-0.010147
-0.010586
-0.110702
0.022265
-0.047858
0.032941
0.031417
-0.011181
0.184857
-0.033542
0.061120
0.073778
0.028026
0.146721
0.126847
0.060420
0.008233
-0.022931
0.028054
0.140804
0.060496
0.066464
0.138059
0.066126
0.031071
-0.030311
0.037142
-0.033081
0.019110
-0.009221
0.074603
0.067181
0.084332
0.057209
-0.086269
0.058614
-0.029784
0.029212
0.080330
0.048878
0.001424
0.127838
0.013304
0.130218
0.061601
0.079259
0.060787
0.056252
0.086947
0.067321
0.122471
0.053460
0.056919
0.008175
0.119244
0.184782
0.003939
0.009631
0.171910
0.064675
0.082862
0.034834
0.095392
0.036916
0.053217
0.044520
0.085354
0.059677
0.050949
-0.056358
0.066634
0.016911
-0.011554
0.033697
0.074517
0.113956
0.031781
0.190891
0.116248
0.125670
-0.056774
-0.001338
-0.010551
0.019539
0.108170
0.118201
0.023187
-0.036666
0.043967
0.012576
0.039487
0.020146
0.006637
-0.000216
0.044859
0.160729
0.062019
0.079754
0.117777
-0.036307
0.025025
0.083230
-0.058144
0.059249
0.055155
0.111651
0.038646
0.014079
-0.007695
-0.068124
-0.024207
0.004133
-0.077181
0.102001
0.060756
-0.020275
0.107376
0.157080
0.068233
0.011879
0.023853
0.036325
0.054154
0.024480
0.020754
0.006915
0.062389
0.003624
0.024712
0.017538
0.012083
-0.092569
-0.047245
0.057906
0.004445
0.094191
0.096508
0.080138
0.013748
0.015915
0.011101
-0.026056
0.090366
0.182195
0.032740
0.022165
0.052404
0.051993
0.075150
0.050161
0.083624
0.023710
-0.008389
0.061662
0.074035
0.018535
-0.045840
-0.015333
0.135600
0.035018
0.058823
0.018409
0.055116
0.000000
-0.018058
0.013741
0.085489
0.067971
0.002933
0.148046
0.000751
0.049828
-0.031552
0.070755
0.061790
0.084445
0.011044
0.016560
0.032493
0.027103
-0.133974
0.012084
0.116888
0.004365
-0.010399
0.142813
0.031959
-0.029499
0.124295
-0.066524
0.035195
0.010112
-0.055286
0.073088
-0.005728
0.044117
-0.015191
0.022814
0.056790
0.161704
-0.001003
0.092459
-0.129159
0.144904
0.110862
-0.016155
0.018943
0.143282
0.001926
0.018053
0.104086
0.111154
0.047007
0.074550
0.006055
0.003732
0.039536
0.077005
0.138601
0.035348
0.096470
0.022208
-0.018492
0.008111
-0.034057
0.100017
-0.043841
-0.073850
0.004252
-0.076907
0.016802
0.071921
0.057145
0.016187
0.079260
0.111285
-0.089282
0.002394
0.045938
0.022999
0.048107
0.070763
0.007124
0.093434
0.040179
0.139743
0.068268
0.036800
0.035658
0.042537
-0.090505
0.023670
-0.027264
0.017527
0.016640
0.032080
-0.018786
0.063681
0.002412
-0.064603
0.067656
-0.084068
0.066736
-0.002889
0.107883
0.095663
0.105572
0.004870
0.020317
0.035327
0.032095
0.030289
0.085101
0.014529
0.012666
-0.066351
0.102317
0.049378
0.015507
0.061998
0.020552
0.061736
0.015872
0.028797
0.019077
0.165193
0.103212
0.058498
0.100569
0.060250
0.000172
0.076352
-0.014726
0.112907
0.061717
0.053769
-0.113662
-0.027337
0.018207
-0.056043
-0.011371
0.073773
0.001246
0.006394
-0.030144
-0.040768
0.113550
-0.030275
-0.072877
0.053781
-0.051028
0.086692
0.100856
0.056153
-0.092849
0.032890
0.022281
0.023565
0.014756
-0.051668
0.131670
0.014985
0.144179
0.025500
0.055598
-0.002144
0.002589
-0.014277
0.033405
-0.014079
0.005297
-0.001825
0.034274
0.119894
-0.016779
0.039671
0.024996
0.198866
0.141229
-0.018548
-0.018938
-0.036086
0.000128
0.002412
0.039196
0.058239
-0.026366
0.019181
0.014862
-0.057052
-0.002332
0.069359
-0.102099
0.051140
0.135555
-0.002704
0.005246
0.017541
-0.027142
0.099179
0.061175
0.002131
0.036240
0.006503
0.034542
0.072133
0.011900
-0.024329
-0.034820
0.119888
0.012404
0.090009
0.086413
0.041607
-0.035705
0.016969
0.027576
0.027065
0.058043
0.036615
0.066224
-0.011953
0.028602
-0.002257
0.059514
0.047612
0.013240
0.012476
-0.004471
0.024443
0.028724
0.009050
-0.027427
0.050734
0.028455
0.036057
-0.061113
0.018071
0.002458
-0.026274
-0.011403
0.047738
0.095317
0.023646
0.020861
0.032060
0.073916
-0.002861
0.034289
0.114355
-0.041441
0.017825
0.014497
0.031012
0.045767
0.105107
0.037976
0.064114
0.032171
-0.029954
-0.023983
0.070609
0.050546
0.147242
0.108611
0.117337
0.101230
0.054439
-0.040548
0.083953
0.125917
-0.034307
0.029455
0.088967
0.006551
0.045311
-0.004382
0.042156
0.020635
0.058736
-0.005531
-0.006527
-0.018293
-0.018615
0.004601
0.057550
0.043635
0.057469
0.014405
0.050046
0.073880
0.073897
-0.039969
0.026403
-0.002000
-0.083311
-0.012677
-0.044390
0.046898
0.004064
0.029893
0.089300
0.026242
0.048864
0.060505
0.033232
0.095849
0.091537
0.035718
-0.018787
0.023475
0.033896
0.169776
0.046545
0.049151
-0.014542
0.182058
0.072750
-0.013943
0.025816
-0.002735
-0.002250
-0.007244
0.087485
0.031883
0.094434
0.035161
0.122831
0.096825
0.083762
0.060790
0.035783
-0.018457
-0.078863
-0.096556
-0.035508
-0.060579
0.097418
0.002349
0.000000
-0.002718
0.002321
0.081232
0.122275
-0.036482
0.034349
0.086655
-0.030242
0.074184
0.167196
0.004167
0.046676
0.037972
0.058928
0.000000
0.088790
0.055024
0.035790
0.000000
0.101241
0.001409
0.027610
0.019236
0.013455
0.042935
-0.039411
0.011268
0.000919
-0.019603
-0.025339
0.046471
0.086609
0.005709
0.034785
0.042261
0.137218
0.043980
-0.001364
0.069820
0.024343
0.059199
0.034819
-0.069703
0.023110
0.071598
0.042805
-0.054860
-0.001576
-0.043386
-0.015234
0.019840
0.060232
0.016452
-0.036289
0.068171
-0.000262
0.052393
0.118523
-0.021763
0.046283
0.086482
0.078870
0.009339
0.061103
0.054443
-0.006737
-0.002609
0.028123
0.098131
-0.009257
0.012780
0.037061
-0.107616
-0.029798
0.011841
0.114594
0.037551
0.101169
-0.032783
0.002161
-0.090064
0.038159
0.126063
-0.000270
0.023761
0.031013
0.092225
0.025513
0.117622
0.097697
-0.005788
0.055841
0.032885
0.005797
0.056262
0.044266
0.062408
0.122219
0.073813
0.045920
-0.011683
0.048954
0.155441
0.054456
0.107430
0.086824
0.028101
0.015655
0.024963
0.089880
0.082014
0.102434
0.145978
0.025946
0.059492
-0.048218
-0.000274
0.078603
0.081406
0.025820
0.005278
0.013905
0.049637
0.020198
0.014481
0.050651
0.026387
-0.018374
-0.048281
-0.007588
0.044412
0.075940
0.096959
0.033579
-0.099881
-0.015775
0.029337
0.035022
0.048906
0.001884
0.010322
-0.064836
0.058582
0.018832
0.107330
-0.003133
0.011141
0.001263
0.239097
0.026154
-0.011737
-0.001787
-0.072173
-0.019965
-0.010366
0.084919
0.054011
-0.025087
0.003928
0.098237
0.083281
-0.018209
0.052905
0.123978
0.039802
-0.015141
0.003134
-0.027060
0.077707
0.103039
0.052155
-0.016805
0.015276
0.030342
0.071698
-0.027376
0.036175
-0.013325
0.037168
0.085265
0.070797
-0.062161
0.002246
0.076869
0.087050
-0.013906
0.034541
-0.021091
-0.050286
0.014013
0.008566
-0.025568
0.032377
0.017459
0.066409
-0.045832
0.054992
-0.011985
0.066127
0.039953
-0.025479
-0.021161
0.069461
-0.006164
-0.028219
0.075137
0.066335
0.013924
0.034547
-0.018663
0.124651
-0.025282
0.124574
-0.061923
0.038354
-0.003028
0.121514
0.073957
0.051614
-0.028873
-0.005570
0.040303
-0.026860
0.099750
0.035540
-0.002296
0.102182
0.074454
0.026873
0.049606
0.037157
0.046158
0.043370
-0.008091
-0.004228
0.022340
0.024631
0.051905
0.085068
0.016541
0.035858
0.067094
-0.001112
0.024203
0.030538
0.029547
0.143381
0.022031
0.070909
0.092344
0.091386
0.011410
0.042338
0.033396
0.127606
0.074298
0.032320
0.042973
0.119711
0.034496
0.014698
0.069080
-0.007741
0.044041
0.031003
0.080974
0.044267
0.129929
-0.057622
0.016208
0.119812
0.111590
-0.010210
0.013581
-0.032077
-0.023295
0.021143
0.041037
0.035082
-0.043155
0.046856
0.021369
0.153055
0.084940
0.008562
-0.023654
0.050322
0.096844
0.018386
0.144412
0.106830
0.194791
-0.003816
-0.040553
-0.032153
-0.033813
-0.102182
-0.028589
-0.006513
0.088936
0.060024
0.106324
0.074039
0.022768
-0.037878
0.081956
0.018955
0.019106
0.071057
-0.007262
0.050051
0.010871
-0.000835
0.059863
-0.019511
-0.096760
0.022654
0.000000
0.000000
0.000000
0.019358
-0.020983
-0.024618
0.094068
0.010949
0.028565
-0.013598
0.027752
-0.013197
0.108862
-0.011542
0.094785
0.013706
0.083599
0.035653
0.065180
0.048119
0.038602
-0.023276
-0.095345
0.016789
0.026541
-0.029336
-0.006828
0.000000
0.110840
0.080410
0.078202
0.055535
0.117744
0.173187
0.093360
-0.015564
0.076144
0.044147
-0.019389
0.000000
0.044455
0.044339
0.014696
0.015577
0.117247
0.057451
0.123067
0.067445
0.063220
0.017349
-0.000140
0.041490
-0.041790
0.023147
-0.028480
0.123638
0.080580
0.022433
0.048767
0.053293
0.043607
0.115832
0.014722
-0.005842
0.039923
0.156411
-0.033406
-0.045821
-0.009609
0.044689
-0.004044
0.086979
-0.011500
0.077903
-0.006930
0.022852
0.027521
0.025061
0.000000
0.001211
0.000000
0.102354
-0.000549
0.128918
0.022457
0.138238
0.071568
0.029149
0.115994
0.115454
0.060055
0.036171
0.000996
0.010614
0.000000
0.081762
0.061018
0.173810
0.023043
-0.018791
0.042544
0.021483
0.000000
0.049175
0.010709
-0.009677
0.048964
0.038802
0.084786
0.018148
0.070953
0.063099
-0.004527
-0.032021
-0.020151
-0.068102
0.125390
-0.022950
-0.028938
-0.006082
-0.004762
-0.049597
0.000323
0.207390
-0.023638
-0.016247
0.070161
0.000000
0.074416
0.020244
0.112563
0.060641
0.092076
-0.060712
-0.027103
0.138429
0.104216
0.048195
0.005171
0.028768
0.081595
0.029367
0.043988
-0.051760
0.039270
0.000000
0.000000
0.000000
0.002289
-0.008418
0.091359
0.043422
0.016753
-0.023773
0.022618
0.027527
0.016893
0.073364
0.017902
-0.004948
0.106850
-0.179184
0.079537
0.003126
-0.112727
-0.070544
-0.048886
-0.075389
0.049606
-0.026816
-0.083139
-0.016723
0.071833
-0.025311
-0.009414
0.054279
0.038508
-0.020334
0.094413
-0.065269
-0.057995
-0.022695
-0.033229
-0.011867
-0.004810
0.013657
0.004646
-0.026401
-0.031795
-0.008703
-0.051731
0.034006
-0.007949
-0.003796
0.042298
-0.037943
-0.007837
-0.153280
-0.097655
0.161140
0.222788
-0.132661
0.082451
0.005350
0.007631
0.009104
0.035736
-0.000324
-0.066263
-0.034815
-0.024021
-0.013855
0.017570
0.038892
0.052430
0.048186
-0.005128
0.034698
-0.021709
-0.045310
-0.110675
-0.054927
-0.022936
-0.076071
-0.023508
-0.050459
0.026152
0.016049
-0.067062
0.060242
0.043901
0.003374
-0.075211
-0.087703
0.052842
-0.055365
-0.027540
0.092918
-0.085998
-0.025255
-0.087475
-0.063190
-0.035361
-0.016480
-0.031808
-0.021800
0.026122
-0.018693
-0.012564
0.025534
-0.024055
-0.036232
-0.021256
-0.048977
-0.026614
-0.022116
-0.041732
-0.046585
-0.002544
0.021050
-0.009257
-0.020013
0.019593
-0.026586
-0.071395
-0.058754
-0.024733
-0.046418
-0.052880
0.012026
-0.034135
-0.117696
-0.118798
-0.083642
0.031884
0.034084
-0.169735
-0.044449
-0.024754
0.020813
-0.012946
-0.033048
-0.058171
-0.018270
0.035488
-0.031066
-0.054029
-0.133567
-0.031636
-0.028072
-0.014281
-0.015293
-0.002658
-0.041119
0.056392
-0.012606
0.041849
0.037947
-0.172968
-0.051845
0.004992
-0.034900
-0.067072
-0.028297
-0.015719
0.016914
-0.018793
-0.007497
0.017310
-0.054960
-0.028108
0.018158
-0.065691
0.006705
-0.023353
0.043454
-0.017927
0.060258
-0.102646
-0.018149
0.061598
-0.039665
-0.015992
-0.015220
-0.069427
-0.029195
0.004351
0.010451
-0.003883
0.074444
-0.032624
-0.042414
-0.030880
0.020104
-0.034096
-0.022785
-0.008330
-0.044595
-0.001237
-0.029491
-0.030450
-0.005724
0.012240
-0.050976
-0.087455
-0.022948
-0.110089
-0.046672
-0.006150
-0.040516
-0.082875
-0.020132
0.017892
0.001625
-0.023180
0.035048
-0.108433
0.002141
-0.014418
-0.123992
-0.005459
0.040281
-0.102544
-0.008538
-0.057923
-0.037318
-0.051068
-0.093956
-0.122143
-0.032482
-0.047522
-0.132936
-0.013282
-0.041050
-0.056001
-0.040748
-0.049698
-0.108298
-0.051080
0.008449
-0.010411
-0.059614
-0.020532
-0.008492
0.060350
-0.126735
-0.045049
-0.012609
-0.063029
-0.018850
0.005871
-0.031974
-0.140238
-0.060552
-0.056747
-0.069827
-0.044336
-0.043944
0.043324
-0.105549
0.033019
-0.085315
0.005688
-0.030522
-0.074426
-0.030221
-0.010727
-0.037466
-0.034985
-0.078614
-0.066505
-0.037236
-0.049571
-0.049690
0.019310
0.019290
-0.012747
-0.044019
-0.042843
0.003020
-0.007471
-0.053377
-0.030577
-0.025685
-0.038622
-0.011431
-0.062808
-0.018098
-0.040237
-0.030649
-0.053552
-0.042890
-0.031431
0.013873
-0.036216
-0.042068
-0.074289
-0.024935
-0.043222
-0.091671
-0.037972
-0.160476
0.076928
0.025671
-0.042233
-0.064901
-0.093209
-0.142153
0.013222
-0.012396
-0.090033
-0.030522
-0.061706
-0.027562
-0.011533
-0.121679
0.024696
-0.022520
-0.028861
-0.051105
-0.079919
-0.008564
-0.034900
0.004273
-0.093156
-0.017667
-0.091413
-0.008050
0.007160
-0.014224
-0.035695
0.017668
-0.032476
-0.135168
-0.048763
0.036964
-0.004214
-0.059515
-0.077304
-0.030183
-0.062294
-0.034231
-0.043904
-0.025417
-0.073896
-0.035439
-0.111067
0.028296
-0.039559
0.071391
-0.077571
-0.051071
-0.063659
-0.045782
-0.028642
-0.051272
0.080481
-0.049769
-0.033288
-0.066143
-0.067918
-0.096538
0.066919
-0.016965
-0.032210
-0.073391
-0.055505
0.050477
-0.113704
-0.025855
-0.043469
0.075586
-0.012445
0.001097
0.031846
-0.030188
-0.065189
-0.113143
-0.113317
-0.048361
0.058758
