0.012943
0.129880
-0.210061
0.073745
0.165199
0.076471
-0.506237
0.277638
-1.184201
0.000000
0.515670
-0.104851
0.000000
-0.006380
0.010002
-0.632662
0.000000
0.311135
0.665727
0.846626
0.059735
-0.913364
0.725284
0.241575
-0.021038
0.057669
0.049041
-0.014602
0.318956
-0.274150
-1.152828
0.054730
-1.044580
0.845784
0.414611
2.190717
-0.157609
0.210617
-0.158087
-0.141646
0.105064
-1.177361
-0.266058
-1.796865
-0.709222
0.257436
-0.965007
0.121044
-1.584959
0.517511
0.745847
0.000000
0.574236
1.500697
0.000000
0.660478
0.000000
-4.210354
0.000000
0.000000
0.000000
1.338867
0.000000
0.000000
0.000000
-0.264556
1.134293
-0.984778
0.000000
1.904691
0.188822
-0.143265
-0.958723
2.449349
0.052258
-0.948888
0.000000
1.619545
0.000000
0.177798
0.000000
0.578648
-0.035132
1.079119
0.000000
0.000000
0.000000
-0.159744
0.000000
0.381766
0.847001
-0.054579
0.134580
-0.472686
0.248502
-2.009436
0.000000
-1.560992
0.000000
0.000000
-0.554538
2.256110
-0.378902
1.496315
0.320440
0.240830
-0.479784
0.000000
0.000000
0.000000
0.000000
0.274512
-0.043164
0.809350
0.337057
0.104032
-0.015811
0.601367
0.431790
0.665567
1.451726
1.829082
0.000000
0.005057
1.563375
-1.736707
0.000000
-2.120150
-0.112506
0.837113
1.623947
-5.087445
2.952818
0.505711
0.314168
0.296134
-0.050492
-0.051143
0.034235
0.386068
-0.272991
0.944240
-0.858337
-0.981192
-0.912711
0.000000
0.000000
0.668621
-0.377626
-1.240880
-0.436305
-1.100700
0.000000
0.456854
-0.140047
0.000000
0.000000
2.332255
0.504219
0.000000
0.000000
0.479710
-0.153862
-0.131884
1.181198
1.021169
0.022080
0.366207
0.226308
-0.084335
-0.162624
-0.025766
0.000000
-0.689602
0.069083
0.000000
0.000000
0.000000
0.472264
-1.129207
-0.221795
0.352580
-3.574963
-0.049746
0.000000
0.000000
0.000000
0.000000
0.000000
0.000000
0.000000
0.000000
0.000000
0.000000
0.000000
0.000000
-0.101137
-0.481661
0.000000
-1.933928
-0.067442
0.006397
2.329482
2.507859
0.000000
0.000000
0.473060
-1.389967
-0.071862
-0.328210
0.020307
0.000000
0.000000
-0.524152
5.127307
-0.076055
-0.634706
-1.551638
-0.265138
0.700370
-0.558087
-1.248165
0.000000
-0.300768
1.049039
-0.170034
-1.372599
0.918032
0.850640
-0.004950
0.396746
-0.176539
-0.328820
0.303557
0.000000
-0.328358
0.000000
0.000000
-1.629545
-0.162969
0.348799
-1.122601
-1.741292
-0.072486
0.000000
-0.713670
0.000000
-0.792496
0.000000
0.000000
0.000000
-0.173478
0.864125
0.000000
0.037706
0.435253
0.000000
-1.068986
2.385376
0.000000
-2.360783
0.015815
0.473550
-1.686733
-0.173117
1.434072
-0.599555
-1.891450
0.000000
-0.796936
0.034277
0.293449
0.917527
0.000000
0.000000
3.049476
0.412609
-2.679388
5.265910
-0.341708
-0.796404
-0.936993
-0.005946
0.760595
-0.069746
0.000000
0.000000
-0.326807
1.291551
0.195815
-0.113050
-1.066669
-0.331338
0.000000
0.080944
-0.776455
-0.333913
0.680293
0.000000
5.694424
-3.905852
0.316005
0.058227
0.000000
-0.171915
-0.568048
0.108969
1.280420
0.000000
0.000000
0.269720
0.000000
-0.077730
-4.023756
0.000000
-0.045722
0.000000
0.000000
0.460940
0.173142
0.000000
-0.225886
0.000000
0.907060
-0.123438
0.000000
-0.981192
0.087630
-0.950581
0.000000
-3.565669
0.058239
-0.377553
0.793741
1.419759
0.207915
0.000000
-0.390765
-2.080607
0.000000
5.279680
-2.373193
0.000000
-0.284609
-0.064117
-0.071635
-0.029101
1.599441
2.675641
0.000000
0.000000
-5.499598
0.000000
-2.753685
-0.639426
0.842089
1.301835
-0.286025
1.309668
1.542948
0.708065
0.053953
-0.355093
0.000000
1.375414
-1.824237
0.164079
0.827833
0.000000
0.000000
0.451646
1.572626
0.000000
1.834853
3.862057
0.268208
0.693461
0.497418
0.129904
0.027501
0.363554
2.077907
1.867235
0.199556
0.000000
-0.256160
0.342853
-0.291181
-0.033352
0.261471
6.592113
0.000000
1.178818
0.907060
0.000000
0.000000
0.000000
1.968136
0.369747
-0.019604
2.433618
-1.050173
-2.405636
0.152709
0.397438
-0.526540
2.142521
-5.369286
-1.148581
0.955337
0.000000
0.000000
-0.093119
0.000000
-1.237201
-0.984517
-0.070216
-0.215750
0.923228
-0.198328
0.000000
0.182730
0.000000
0.232894
0.503058
-2.297824
-0.282546
0.235128
0.000000
0.187419
-0.314603
-1.240197
0.791368
0.000000
0.251724
-0.238906
0.284857
-1.244736
0.108595
-0.146052
-0.167548
-1.152363
0.188825
-0.201931
0.984520
0.000000
-1.578377
-1.134776
0.797482
-0.362663
-1.643043
-0.724351
0.000000
0.000000
0.000000
0.000000
0.000000
0.891453
0.000000
0.000000
0.366521
0.920476
0.122455
0.000000
0.265252
0.000000
-3.796924
-0.196179
-0.319786
2.825130
0.619311
0.000000
0.000000
2.481017
0.602032
0.250456
-2.111321
0.896674
-2.312911
0.363602
0.433923
-0.456950
-0.550661
0.086442
-0.328986
-0.028968
-0.029133
0.900357
1.551661
-0.174368
-0.198300
-0.862398
-7.045369
0.613016
-0.336729
0.000000
2.116400
0.289968
0.394903
0.000000
-0.090894
0.852202
-0.442722
0.000000
-0.551705
0.188450
-0.216773
0.000000
3.504689
0.000000
0.471553
-0.172654
-0.026090
-0.207228
-0.935336
-0.259120
0.313091
-1.082260
0.045557
1.109156
0.000000
0.023659
0.421710
-0.142741
2.745500
-3.499237
-3.655390
0.000000
0.000000
-6.489981
0.000000
-1.037652
-0.103730
0.000000
0.000000
0.000000
-3.534664
-0.028599
0.523933
-0.229210
-0.096199
-0.153970
0.023125
0.318042
-0.612476
-0.811181
2.676877
-1.282485
0.000000
0.000000
0.000000
-1.794477
2.653412
0.241458
-0.183254
0.322428
-0.346689
0.710660
-1.774168
-0.095096
0.174583
-1.201580
0.183189
0.000000
0.000000
-0.860124
0.000000
-0.082058
-0.744517
-1.878743
0.000000
-0.412607
-0.131199
0.318733
-0.753284
0.225654
0.425828
-1.018215
-0.277033
-0.536176
-1.013954
-0.962798
-0.083015
0.683695
-1.825275
4.361662
-2.772971
0.000000
0.000000
-0.463719
0.246348
0.485537
-0.250870
-0.165635
0.608538
-0.740919
2.547571
1.492564
0.000000
0.000000
0.000000
-0.722711
0.000000
-0.918934
0.197316
-1.636108
-0.580855
1.402559
0.000000
0.075977
0.000000
0.000000
3.753826
-0.046979
-0.139193
0.305780
0.000000
0.629369
0.000000
0.000000
0.000000
0.504669
-1.944985
3.890740
0.000000
-0.026748
1.595568
-1.579995
0.438460
0.236393
3.897739
0.000000
0.000000
0.219369
0.777801
0.000000
0.000000
0.000000
0.000000
0.107403
0.000000
-0.388684
-0.176120
-0.581516
-2.214053
-0.779879
0.527420
-0.127393
0.722437
-1.280195
0.000000
0.000000
0.620688
0.000000
1.673395
-0.292704
0.000000
-0.205785
-0.159147
0.000000
0.000000
-0.452440
-0.870045
-0.213380
0.349135
-1.913630
-0.281939
0.000000
0.000000
-0.838989
-1.355914
0.110942
-0.310057
0.302670
0.000000
-1.611380
0.064182
0.834699
-0.207839
0.000000
0.000000
-0.247877
0.000000
0.000000
-0.037706
0.000000
0.000000
0.289120
0.000000
0.639411
1.138536
4.021820
-1.295081
2.095840
0.000000
0.106930
-2.202079
-0.261091
1.212787
0.000000
0.000000
1.262912
-0.031389
0.000000
1.683088
-1.017949
0.097836
4.502551
0.000000
-2.537142
-1.265637
0.000000
0.000000
1.424867
0.832270
-0.266635
-0.492304
0.000000
-3.940382
-0.860272
0.096008
0.000000
-0.504979
1.794524
-0.864609
0.096629
-1.378591
0.244047
-0.007514
0.000000
2.047805
0.105687
0.715513
0.007992
0.581466
-0.879214
0.000000
0.000000
0.000000
3.510845
1.157078
-0.550702
0.000000
1.747204
0.000000
0.401007
0.693436
-0.250207
0.000000
-0.483417
2.316295
0.000000
-0.629462
-2.411094
0.000000
0.000000
-0.877156
4.731480
-1.051437
5.827071
-3.357324
0.408276
-0.392946
-0.055193
-0.320156
0.000000
1.930209
1.204595
-1.105387
0.729382
0.000000
-0.958066
1.291579
-0.234051
0.185372
0.333264
0.000000
0.000000
1.536059
0.000000
0.000000
0.000000
3.052856
0.000000
1.987101
0.000000
0.769885
0.849237
-0.387026
0.000000
0.000000
-0.306903
-0.481037
-0.953292
0.314372
-0.802130
0.000000
0.301550
0.000000
0.861928
-0.290652
1.323602
1.007452
-2.539517
2.060601
0.000000
0.000000
-0.225362
0.000000
-0.191552
0.000000
-1.144540
0.493934
0.000000
-0.957357
0.000000
0.000000
0.000000
0.646204
0.000000
0.000000
-0.690528
0.000000
0.000000
-0.755688
-2.301634
-1.140763
-5.656921
-0.245050
-0.296657
0.436226
-0.826259
-0.988637
0.518607
0.338115
-0.589660
-0.265806
0.903262
0.000000
0.000000
-0.329222
1.691105
0.774607
-0.149771
0.311523
-0.630731
-0.289648
0.000000
0.246446
2.132853
-0.180725
-6.056510
-0.155210
-0.229306
0.046499
0.505887
0.000000
0.000000
1.245249
0.377521
-0.071146
-0.980169
0.000000
-1.015204
0.000000
0.237441
0.000000
0.000000
-0.668107
0.500462
0.000000
0.315610
2.246542
0.000000
0.000000
2.229816
0.000000
-4.088947
-0.004243
-3.923215
1.279676
0.970966
0.461915
-0.785274
0.000000
-0.790146
0.000000
0.244473
-0.499094
0.000000
0.000000
-4.494752
0.000000
0.000000
0.000000
0.000000
-2.292694
-0.167548
-1.478157
0.000000
0.000000
0.000000
-0.266058
0.100321
-0.281490
0.000000
1.638814
-1.139984
-0.052511
-0.110166
-0.367588
0.689205
-1.459009
0.000000
-0.475375
-0.427146
-1.470818
0.201160
0.000000
0.000000
0.000000
1.011584
1.022221
-2.870421
3.687357
0.455402
-0.130403
0.000000
0.000000
0.677679
1.968136
-1.598237
0.000000
-2.654381
0.561558
0.000000
0.000000
0.532861
0.606762
0.000000
0.697458
0.000000
0.000000
0.000000
0.976483
0.000000
0.000000
-0.249522
0.000000
0.406725
0.000000
0.714675
3.255399
-1.067163
0.000000
-1.815103
-0.020798
0.000000
1.084789
0.000000
-0.836468
-1.336131
0.000000
0.000000
-0.861164
-0.371582
0.377763
-0.188381
0.000000
-1.490100
0.580765
0.838280
-0.612799
0.070029
-0.183014
0.139287
0.000000
-4.349067
-0.405931
0.000000
1.390761
-0.219825
-1.148581
-0.604567
0.798011
0.000000
0.000000
1.878882
0.000000
0.000000
0.032994
0.000000
0.000000
0.000000
-1.451699
-3.707501
-0.002436
0.270385
1.294370
-0.052043
-1.217989
0.000000
0.917527
0.508845
0.013968
1.548863
-0.806450
1.694129
0.000000
-0.320698
2.160747
0.761975
-0.077696
-0.133270
0.000000
0.793144
0.000000
0.099830
-0.741161
-1.460114
0.681284
-0.398221
-1.538566
0.000000
-3.412693
0.096714
0.443299
1.012113
-2.209321
0.437950
0.111925
-2.811056
0.000000
-0.482294
0.000000
0.205657
1.220533
0.000000
0.958774
-0.342415
-1.007219
-0.179516
1.482056
-0.925657
0.000000
0.673232
0.000000
0.000000
0.000000
0.032765
-0.388321
-0.722871
0.000000
1.297807
0.482412
-0.936104
-0.060087
1.169549
0.000000
-1.743895
0.000000
0.665029
-0.813371
0.000000
0.000000
0.000000
-5.397506
0.000000
0.000000
0.944240
2.308630
0.000000
0.603351
0.262912
1.163972
1.478212
-0.291542
0.000000
-0.811181
0.083890
-5.475463
0.000000
-1.605731
0.699305
8.462636
0.140235
0.000000
1.152006
0.000000
-0.503697
-0.037376
-0.378874
1.968136
1.882512
1.759013
0.000000
0.000000
1.134851
-0.023230
0.794740
0.000000
0.998771
-0.602094
0.000000
0.000000
1.323349
0.607098
0.000000
1.051028
0.294461
-1.134776
0.000000
0.000000
0.230102
0.000000
0.000000
-0.463929
0.000000
0.129532
0.000000
0.000000
-1.077578
0.000000
-11.106884
-1.835836
0.000000
0.000000
1.525706
2.670846
-0.811464
0.000000
-0.550702
0.000000
-0.482858
0.015664
0.423676
0.003175
0.000000
-1.560527
-5.119493
-0.691395
0.000000
-0.240586
-0.856047
-1.194307
-0.468871
0.000000
0.000000
0.000000
0.000000
0.000000
-0.132575
0.000000
0.076563
-0.122280
0.272035
0.070312
0.000000
-1.406616
3.053953
-0.477958
-0.617028
0.000000
0.148892
-0.127528
0.000000
1.744420
-1.402182
-0.707544
0.000000
-1.841093
-0.377082
1.462323
-0.329343
0.201433
0.686252
-6.602807
0.724038
-0.093045
2.052982
1.641031
-0.181567
0.613514
-1.191478
-0.886575
0.000000
-0.512848
0.325807
-0.186101
0.000000
-0.861318
4.077542
0.113767
0.000000
-0.815448
0.000000
0.000000
-1.176360
-0.142627
0.000000
0.152709
0.000000
0.000000
0.000000
-0.305981
0.179263
0.000000
-2.408422
-0.344444
1.944087
-1.605219
-0.722868
1.850075
-0.275788
-8.008277
1.110420
0.308738
0.684429
-0.455991
0.705913
1.241898
0.000000
1.063255
0.000000
0.000000
-2.046027
-0.728719
-1.985832
0.385262
-0.533644
-1.352935
0.000000
0.000000
0.000000
1.780494
-0.387026
-2.077358
0.000000
3.353829
0.000000
0.000000
-0.519032
0.000000
0.000000
-3.260909
-0.581516
1.805251
-4.157667
0.000000
0.294461
-0.331959
2.595015
-0.217198
0.215310
0.229885
0.000000
0.000000
0.608530
0.122237
-3.410585
0.433923
1.114515
0.000000
0.000000
0.305746
-2.211749
0.229885
-0.286029
0.000000
-0.276191
-1.469622
-0.399740
-1.515970
2.037127
0.000000
0.000000
0.510862
0.000000
-2.545216
6.792880
-0.581516
0.000000
-2.169615
0.000000
-0.156280
1.168603
-0.005897
-0.683011
1.002301
0.000000
-0.166446
0.518607
0.272893
-0.170476
-0.140047
-0.085347
0.000000
0.000000
0.000000
-0.247877
0.000000
-1.359384
3.676707
-1.913634
0.000000
0.000000
1.042673
0.000000
-0.055193
-0.223508
0.230464
1.388092
-0.229047
0.000000
0.000000
0.000000
-2.202957
0.000000
-2.733125
7.109241
0.000000
-0.351124
0.000000
-2.757076
0.000000
2.027787
0.207758
-0.339088
-1.607052
0.155680
0.037468
0.209059
-0.255416
0.102108
0.201004
-1.437776
-0.052822
-0.251020
0.000000
0.000000
0.231154
1.877760
0.542633
0.172796
-0.948611
-0.278833
0.000000
-0.048799
0.000000
-0.404329
-0.202380
0.024204
-1.884242
-0.555234
0.549667
3.404467
0.000000
1.195148
-0.615108
0.000000
0.000000
0.000000
0.829570
-1.241262
-0.306012
-0.088716
-0.118553
-0.494951
-1.031915
0.937051
0.000000
0.330010
0.287055
0.000000
0.000000
0.000000
0.511095
0.000000
-0.026090
0.000000
1.414636
-0.001191
0.000000
-0.013886
0.000000
-0.374277
1.315552
-2.976886
-0.796404
-0.299858
0.000000
-0.387026
-0.218467
-0.774406
-0.147379
-0.392704
-0.484291
-0.154690
0.632430
0.131076
-1.689535
0.000000
-0.271890
-0.421824
1.115602
0.393477
-2.021319
-0.972585
-0.004884
0.000000
-0.058682
0.882505
-0.356071
0.870167
-1.332703
-0.388610
-1.200869
0.257388
-0.155183
-0.480992
0.319136
0.286976
0.693111
0.664028
0.000000
-0.466403
-0.016001
0.000000
0.352849
0.266806
-6.476194
-0.554606
0.000000
0.267106
0.000000
3.113425
0.543801
-2.903199
0.000000
3.042337
-1.113094
3.335397
1.449998
0.537227
-0.522514
-0.454755
-0.612823
0.084472
0.000000
-0.640664
-0.303070
-4.490219
0.175074
-1.022232
0.368882
-0.329101
0.613941
0.000000
1.760788
0.692087
-0.549390
0.000000
0.365720
-0.556920
-0.107029
0.326844
10.435936
-0.560049
0.000000
0.678095
-0.443634
0.000000
-0.493473
0.000000
0.000000
0.000000
0.000000
0.203653
0.600784
-0.277033
0.000000
2.039305
0.100886
0.042739
-0.559902
-0.139347
0.439036
-0.451629
0.074042
0.197502
-0.179647
1.255621
-1.134096
0.344466
0.021443
-0.706939
-0.151351
0.000000
-3.491595
-1.057000
0.000000
1.286035
0.642924
0.000000
0.318318
-0.313346
-0.717191
-0.548373
-0.453247
0.000000
0.179231
-1.797487
3.902825
-1.046736
0.000000
-0.256401
-1.311818
2.403068
-1.178988
0.058454
-0.098415
-2.103869
-0.147104
-0.197074
0.477965
0.172796
-1.295225
0.595320
-0.505366
-0.249693
0.000000
0.221359
0.662196
0.000000
-1.287842
0.000000
-0.116252
-0.072445
-0.197700
0.000000
-1.609563
0.024866
0.000000
-0.186906
1.439440
0.000000
0.059437
0.213992
0.560065
0.000000
0.404252
-0.430874
0.000000
0.703984
-0.573633
0.034609
-0.214931
-0.220144
-0.360600
-0.498730
-0.471939
0.150604
-0.139008
0.000000
-1.461925
1.712760
0.000000
0.000000
-0.245310
0.716860
-1.219224
-0.145207
0.226286
-0.364107
-0.309971
0.000000
0.000000
0.807038
-1.034493
-0.976142
0.000000
0.000000
0.630404
1.343867
-0.066321
-0.499723
-0.194358
1.700926
0.000000
-0.677157
-0.389284
-5.209528
-1.179835
1.550829
0.207806
-0.184539
-0.134178
0.343877
1.240365
-3.190242
0.680203
-0.040589
-0.713761
-0.366811
0.000000
-0.886958
-1.406983
-0.683337
0.000000
0.234541
-0.251575
0.678644
0.000000
0.000000
-0.138477
0.000000
-0.216288
-0.555422
-0.154688
-0.646232
0.000000
7.151765
1.694129
0.000000
-2.110724
1.132606
-0.713761
-0.369434
0.000000
0.412203
0.572745
0.000000
0.368558
-1.396021
0.000000
0.000000
1.683962
-3.380319
1.229384
-0.442724
-2.526141
6.762665
3.594658
0.365093
0.000000
-0.555483
-0.954731
0.000000
1.613095
2.520016
0.000000
0.000000
0.046609
-1.400259
-0.705938
0.000000
2.158199
1.236667
0.000000
0.000000
-0.394227
-0.770600
-0.003704
-0.036390
0.813194
2.180011
-0.317686
1.486888
0.000000
-0.101304
0.167401
-0.167375
1.020674
0.480633
-2.114679
0.117934
0.542633
-0.082565
0.171083
-0.499476
-3.260909
0.555432
1.487276
0.000000
-0.563119
-0.322522
1.731124
0.000000
0.687283
-0.351781
0.000000
-0.706372
0.000000
0.699822
-2.757076
1.509447
0.422361
-0.130911
0.000000
-3.037691
0.000000
-0.565750
0.201200
0.042806
-0.206043
-0.688371
-0.380035
0.000000
-0.195328
0.000000
0.000000
0.944240
-0.016190
-0.005552
-4.590134
1.063255
0.000000
-0.328559
0.000000
-0.168732
0.597485
0.000000
-0.204016
0.996077
0.000000
0.360125
0.131660
0.604360
-0.246175
0.029950
-0.995446
-3.466984
-4.490630
-0.812635
0.420429
1.026611
0.099533
-1.007229
1.079152
-0.437665
-0.203940
-0.037397
0.135202
-0.061345
-0.995446
0.582370
-0.071614
0.000000
-2.061771
0.627720
0.000000
0.040861
0.000000
-0.076446
-0.403511
0.000000
-2.711501
0.000000
1.956559
0.000000
1.326079
1.340556
0.000000
0.000000
-0.224641
-3.719035
-0.926192
-2.223136
-1.170631
0.000000
-0.067207
0.998546
-2.277413
-0.130403
-1.560293
1.641262
-0.403249
0.044356
-0.756496
-0.161756
-1.083703
0.303150
1.139441
-0.916287
2.975079
0.000000
1.959809
2.274321
0.091316
0.000000
1.408557
-1.608805
-0.301565
0.057436
0.542052
0.081507
-0.128997
-0.926192
0.234505
-1.415467
0.000000
-0.981701
0.077429
-0.142518
2.193662
-1.623191
2.493943
0.000000
0.690759
0.000000
-0.310024
0.035603
2.071485
0.081341
-0.622047
1.759645
-1.326948
0.000000
0.000000
-0.396691
0.000000
1.081363
0.000000
-0.949911
-0.841882
0.000000
-6.265497
0.000000
-0.342658
0.004249
0.542902
0.698057
-2.044934
0.000000
1.119959
-0.090710
0.000000
0.090036
-0.567501
0.459131
1.328343
2.228133
0.000000
-0.053455
0.000000
0.000000
0.000000
0.000000
0.000000
0.232366
0.232693
-0.686202
0.000000
0.000000
0.172826
-1.804249
-1.261350
-0.228345
0.297467
0.331252
-0.171710
0.000000
0.000000
0.127678
0.000000
0.336283
0.167454
-0.790152
0.000000
-0.229469
-0.207978
2.429022
8.858790
0.000000
2.362274
0.000000
0.000000
0.000000
0.000000
-0.093079
-1.865933
-0.104003
-0.256401
0.082194
0.027108
0.429495
0.000000
-1.093426
-0.235924
-0.200521
-0.393450
-0.289648
0.104923
0.000000
-0.387026
3.364820
0.000000
-0.216439
-3.160370
-1.961391
0.212287
0.138868
-3.804207
0.000000
0.000000
0.850529
0.000000
0.000000
0.000000
0.182244
-0.605882
-1.043264
-0.145046
-1.169603
0.000000
-0.294004
0.000000
0.470354
-0.171809
0.106895
-0.388327
0.040852
-0.624234
0.000000
0.000000
-0.373625
0.000000
0.000000
0.000000
-0.167672
-3.454232
-1.178948
0.000000
1.992150
-1.012093
0.238820
0.661083
-0.877962
0.000000
0.234300
-0.204262
-1.091535
0.556649
0.000000
0.000000
0.000000
0.000000
0.000000
0.748860
0.995230
0.000000
-0.870225
-0.122808
-0.673859
0.000000
0.034116
0.000000
-0.389383
0.000000
2.157893
0.806446
0.010441
0.000000
-0.066178
4.544445
0.271921
4.795125
0.000000
0.000000
0.153370
0.341128
-1.005898
0.000000
0.430183
0.132089
0.297257
0.432974
1.578618
-0.205184
0.000000
0.204627
2.056875
1.566999
0.430257
0.000000
2.017188
-0.125813
0.000000
0.083890
2.412729
-0.534574
0.379873
0.056477
-0.278310
0.000000
0.000000
-0.048511
0.816231
-0.299251
0.000000
-1.179447
2.403068
0.000000
1.937446
0.000000
0.378991
0.000000
1.624673
0.090054
0.215313
-2.147258
-0.505149
0.129904
0.000000
0.000000
-3.568718
-0.344352
-0.736204
0.046860
2.857620
0.000000
0.000000
-0.970838
-0.154868
0.735149
0.000000
0.000000
0.000000
1.491462
-0.251254
-1.336605
0.000000
0.000000
0.000000
-1.521639
1.489098
-5.397506
-1.826674
-0.103717
-0.219995
-0.603451
-3.024393
0.606854
0.033702
-1.174305
1.627768
-0.119902
-0.521903
0.875740
0.000000
0.259532
-0.078253
0.312055
0.703666
0.000000
0.205585
-0.575872
-0.348713
-0.166924
2.889844
0.770454
0.000000
-1.705737
-1.024805
-0.015370
0.000000
0.000000
0.000000
0.935508
0.242273
0.016360
-0.132858
0.000000
0.297257
-0.104145
1.825876
0.378991
0.000000
0.078068
-3.346718
0.373896
-0.131714
0.000000
-1.201734
0.950023
-0.505732
-2.492196
0.443462
-0.296479
0.076530
1.000577
0.379954
-3.030167
0.000000
-0.096496
0.000000
-2.350557
-0.697548
0.000000
1.520123
3.929428
-6.270293
0.442500
-4.411364
-0.166814
-0.142448
0.000000
3.548109
0.000000
0.035462
0.000000
0.000000
1.604201
2.648045
0.383441
-1.118783
0.716969
0.591782
0.000000
0.506594
0.477325
-0.176610
-8.118263
-0.306830
0.000000
0.028609
0.049603
0.000000
-0.555916
0.000000
0.063920
-0.835909
0.000000
-0.638218
0.000000
-0.893508
3.954088
-0.898517
0.627848
0.000000
-0.938143
0.982196
-0.743819
2.365606
-0.265055
0.000000
4.772415
0.407516
0.648995
0.000000
-0.190196
2.178290
0.000000
-0.166924
0.000000
-0.874370
-0.056723
0.001356
-0.438435
-0.002949
-0.833751
0.000000
0.957488
-2.019560
-0.431308
0.000000
0.207414
2.333265
0.185992
-0.048682
0.039244
11.946314
0.000000
0.847442
0.000000
-1.672438
-1.418443
-0.236151
-0.081729
0.192987
-3.259592
0.133647
-0.897567
0.000000
0.172551
-0.218494
0.000000
1.402559
-0.508370
0.000000
-5.548076
0.000000
0.000000
0.298847
-0.566552
0.374285
0.881182
0.000000
0.071610
-0.107468
-2.727961
-0.171438
0.509936
0.464828
0.188893
0.000000
-0.824105
0.308186
-0.124268
0.648168
0.991237
-1.424110
0.000000
-0.142077
0.204057
0.531276
-0.316625
0.258061
-0.203359
0.678095
0.000000
0.823012
4.300509
0.058811
0.000000
0.000000
-1.701682
0.901461
-1.099213
0.000000
-1.098233
-0.588694
-0.064439
3.551214
0.189250
-0.359462
-1.249612
-0.291778
0.399721
0.480983
-0.168428
0.000000
-2.768136
2.094361
-0.996348
2.894319
-0.758694
-0.165627
0.443906
0.000000
-0.666885
0.000000
0.000000
1.763897
-0.143603
-0.158605
-1.169715
0.507455
0.541411
-0.159296
0.158822
-0.476047
-0.055302
-3.857306
-2.020330
1.649885
-0.768895
0.000000
0.000000
-1.158657
0.951645
0.000000
0.000000
-0.001842
-2.089666
0.000000
10.954911
-0.165496
0.044904
0.000000
1.804390
-0.707640
0.000000
-9.052758
0.000000
0.380856
-0.429189
-7.582831
0.000000
0.034487
-2.609183
0.000000
0.000000
0.000000
0.000000
-0.792484
-1.588225
0.490628
0.000000
0.376617
0.526654
-1.087621
0.347866
0.098739
0.000000
0.000000
-0.412164
0.824260
-0.962141
0.000000
0.000000
4.699563
0.000000
-0.024458
0.900950
0.000000
0.423303
0.295957
-0.581516
0.000000
-0.148519
-2.864411
0.229885
0.400032
1.037437
0.528220
0.604177
-0.351387
0.000000
-0.165220
-0.595435
2.161962
-0.156802
-1.092779
0.000000
-0.081094
-0.062796
0.000000
-0.449371
-0.075472
-0.881056
0.000000
0.332567
2.071485
0.304726
0.000000
-0.735013
0.000000
0.000000
0.013555
0.000000
0.744483
0.000000
3.123426
0.000000
-0.288063
0.263747
-0.857040
-1.054974
-2.050200
0.000000
-1.697585
8.997090
0.000000
0.518326
-7.531424
0.000000
0.000000
0.167490
0.000000
-2.646570
2.281222
-2.206086
0.403903
0.175288
-0.577879
0.000000
-0.364071
0.047151
0.000000
-0.241305
-0.722870
0.000000
0.131795
0.000000
0.000000
0.047323
-0.469703
1.373643
0.000000
-1.061540
-2.725781
0.000000
0.000000
0.000000
0.371664
-1.368648
5.925508
-0.796404
0.000000
-2.416109
-2.326730
1.505557
-0.273567
0.137592
0.004958
0.897993
0.068260
-0.511702
-0.314705
-0.557728
-0.703960
0.000000
1.132914
-0.140544
0.000000
1.172836
-0.388162
0.303249
0.000000
-0.993280
-1.807154
0.000000
0.041105
-1.188954
0.000000
0.000000
-0.131653
0.081203
0.512189
0.936036
-0.038355
0.000000
0.000000
0.000000
-0.450906
0.000000
0.000000
-7.670758
-0.974066
-0.381605
-0.801470
0.000000
-0.247877
0.000000
-0.008806
0.032236
0.000000
2.518838
0.000000
1.978537
0.000000
0.000000
0.000000
-0.219451
-0.250012
0.000000
-0.522406
0.141792
0.000000
-0.023809
0.000000
-0.840720
-0.771979
1.992160
0.000000
-0.314313
-0.060208
-0.128155
0.691064
0.000000
0.141792
0.000000
-0.291479
0.000000
0.000000
0.000000
0.065403
0.560532
-0.282947
1.383426
1.181611
0.000000
0.298915
-0.078223
-0.462071
0.639930
0.182005
0.061793
0.145171
0.531276
-1.384153
0.000000
-0.192700
1.714878
-0.249038
0.000000
-0.140831
-0.256256
-3.644475
-0.061921
0.985187
0.884601
0.351003
-0.194023
0.353267
-0.238044
0.083890
2.119223
-0.155142
-0.296519
-0.407965
0.733426
0.000000
-0.106600
-0.987309
0.000000
0.000000
0.000000
0.000000
0.119943
0.363182
-0.144277
0.000000
0.372792
-11.074899
2.482504
1.098630
-0.687700
0.000000
-0.148753
-0.472635
1.651334
0.680938
1.161666
0.000000
0.000000
-0.346364
2.183438
0.000000
-2.021863
0.374274
0.000000
-0.145292
0.488230
-0.110544
0.000000
0.419174
-0.838372
0.646893
-0.668107
0.017499
2.214237
-1.083281
0.000000
-2.305036
0.000000
-1.281088
0.293072
0.436440
-0.932470
3.380824
0.000000
0.554805
2.479986
1.623947
1.933575
0.252083
-0.687234
0.766900
-0.845834
0.853883
0.273319
0.000000
0.068618
0.360797
-1.083561
-1.990842
-1.018735
0.147343
0.870461
-0.118364
0.117200
0.000000
0.365626
0.508466
0.199023
0.787111
0.000000
0.108195
-0.332363
0.000000
-0.463192
1.285913
-2.641187
-0.123727
-0.116669
-0.170389
0.387404
0.587864
-0.141248
-0.232578
-0.314874
0.037706
0.000000
-0.741446
-4.934510
1.987052
0.761441
-1.322389
0.260552
0.000000
0.000000
0.031605
-1.279870
-0.012859
-0.816141
0.382313
0.504784
0.000000
-0.713409
-0.690528
-4.554075
0.000000
0.000000
-0.569186
0.000000
-2.389597
0.000000
0.000000
0.000000
0.000000
0.224413
-0.082830
0.403987
-1.511037
-0.217359
2.329934
0.453750
3.223332
0.575700
2.152762
0.000000
0.000000
0.000000
0.282279
1.073370
-0.694057
0.260628
0.155948
0.020335
0.622083
-0.329960
0.479473
2.653379
-0.271085
0.000000
1.415183
-0.225694
-0.556206
0.376875
0.907486
-0.016588
-0.087127
0.000000
0.000000
0.386301
-2.672999
0.270778
2.194252
0.101543
-8.432729
-1.732655
0.000000
1.166796
0.379109
2.071485
-1.210663
0.421749
0.219895
0.208409
-0.745134
0.000000
0.069372
-0.168818
0.208632
0.813267
0.000000
0.003155
0.796996
-4.570942
0.000000
0.000000
-0.049513
0.000000
0.000000
0.273303
0.427845
0.588117
1.968136
0.000000
0.000000
0.080248
0.000000
0.248582
0.217273
0.000000
2.095708
-0.296903
0.000000
-0.243049
0.000000
0.229716
0.237597
3.535079
0.000000
0.000000
-0.022826
0.000000
0.406182
0.000000
-1.209322
-1.244766
0.000000
1.618506
-1.907379
-0.984397
0.000000
0.381487
3.534886
-0.568195
-10.776784
1.255595
0.184885
1.204747
-0.218647
-0.106804
0.000000
-0.694938
0.000000
0.000000
0.000000
0.000000
0.923318
0.797140
1.362972
0.036068
-0.151692
0.214248
-0.423325
-1.346607
7.956850
-1.429508
0.020507
4.798247
0.000000
-0.539747
0.179340
0.085724
0.435770
-0.072159
0.000000
-0.104778
0.000000
0.000000
0.000000
0.000000
3.049476
0.000000
2.464968
0.286565
0.000000
-1.489213
0.000000
-0.526199
0.062911
-0.236483
0.112786
-0.247341
-0.003619
-1.221475
0.000000
-0.195421
0.000000
-4.546248
1.083631
-0.322404
0.271981
-0.295444
2.124263
-1.576483
-0.247877
-0.996170
2.145358
-0.397051
0.000000
0.000000
-0.903066
0.253037
0.000000
1.558961
0.000000
-0.387050
5.266453
-0.282869
-0.207653
-0.409920
-0.362270
0.207481
0.000000
-0.577928
0.000000
0.338299
-1.316808
0.000000
-0.144640
1.515963
0.000000
-0.169802
0.000000
0.530913
0.000000
0.000000
0.000000
0.519398
0.000000
5.938163
0.000000
-0.439745
-1.309123
-0.256693
0.000000
-1.272317
-0.238573
-0.579653
-1.942742
0.174778
0.000000
0.000000
-1.033765
0.000000
-0.355185
0.242925
0.251484
0.000000
0.000000
0.000000
-0.121850
-0.944524
0.207191
0.989731
-1.408640
-1.760932
-0.228342
-0.562453
-0.281442
-0.139008
0.914960
0.578290
0.532503
0.693037
6.030115
-0.732500
0.000000
-0.121648
-0.604261
0.000000
0.037706
-2.829569
-0.208208
0.000000
-0.544423
0.281381
-0.332363
-0.707640
0.000000
-1.658365
0.135154
-0.329812
-2.641187
0.244939
0.921423
-0.575746
0.000000
0.000000
0.728049
-1.467511
-0.809375
0.000000
0.000000
-0.075714
-0.821375
0.000000
0.034697
-0.760225
0.000000
0.000000
0.165928
2.607813
-5.317011
1.176002
2.655119
-0.182521
3.206689
3.063191
-2.209321
0.000000
-0.444275
0.527545
2.755495
0.525053
-0.482813
-1.305887
-0.612316
0.000000
0.000000
0.000000
0.000000
-0.225564
-0.641992
-2.531074
2.284941
-0.085377
1.402559
-0.396652
1.439195
-0.651465
-2.187200
0.507141
0.608749
0.000000
-3.085972
0.175428
0.000000
1.586968
0.313866
0.324621
0.000000
-1.441206
0.000000
1.150929
0.000000
0.178315
0.000000
0.335135
0.000000
0.000000
3.061621
0.209060
-1.033765
-2.096787
1.012382
-1.977136
0.006116
0.243272
0.314767
0.686481
-0.017724
0.631907
-0.038622
0.108652
-1.140763
-0.388436
-1.107651
0.076227
-0.440513
-0.137128
0.417011
0.000000
-0.696570
-0.315639
-0.856252
0.052138
3.594658
0.000000
-0.813541
0.000000
-0.495418
0.586615
0.287045
1.835610
-3.437833
0.000000
-5.572659
-0.602828
-0.081126
0.118807
0.000000
0.874122
0.000000
0.000000
4.252181
7.730546
0.000000
7.566001
-0.297107
0.000000
0.316475
1.181830
-0.435015
1.454809
2.742627
-1.885757
0.564545
0.000000
1.486518
-1.668557
0.000000
0.000000
0.000000
0.000000
-0.007680
0.707836
0.000000
0.000000
-3.137666
0.000000
0.000000
0.255278
-8.927065
2.655119
-4.383772
-0.628432
0.000000
0.000000
0.000000
0.443195
-0.081126
-0.738330
0.000000
1.809723
0.000000
-2.032261
0.000000
-0.923765
0.172286
-0.422618
-0.884137
-0.514241
-1.902210
0.075515
0.419006
-0.313969
-0.719511
0.225500
0.000000
0.000000
0.000000
-0.026724
-0.708925
-0.041137
0.000000
-2.543595
0.799311
0.138575
0.000000
1.741394
0.000000
0.015177
0.047678
0.441065
-2.409690
-0.105870
0.226482
0.434654
-0.502921
-0.051604
-1.218547
-0.318201
-0.403404
0.000000
0.074201
0.000000
-0.299481
-0.056701
0.000000
-0.706251
-1.010759
0.000000
0.000000
0.361578
-0.091367
0.367253
0.000000
0.361122
-0.054824
-0.284663
-1.634218
-0.191350
2.130392
-0.728137
0.106592
0.000000
0.000000
0.716236
0.861792
-0.836468
0.715905
-0.253502
0.645359
3.007604
0.000000
1.227946
-1.735723
0.000000
-3.260909
0.485473
-0.230290
1.419207
3.404467
0.508585
-0.858530
-0.850268
0.077729
0.000000
0.000000
4.467540
1.879882
-0.213859
-0.318698
0.000000
1.035746
-2.126712
-0.363334
-1.146925
1.052380
-0.181259
0.114957
0.517769
-1.643455
1.039792
-2.594185
0.675865
-0.886958
-4.718680
-0.392605
0.000000
0.321341
-0.404814
-0.836468
0.000000
0.000000
-2.500183
-1.105228
0.243091
-0.030318
2.153351
-0.948763
-1.063951
0.559264
0.646229
-0.618611
-4.295537
0.148338
0.863188
-0.442722
1.016344
-0.397606
0.628767
0.014838
1.094333
-0.028751
0.164765
2.791500
-1.675899
0.000000
2.441258
-0.176902
-0.248815
-0.704169
0.408613
0.000000
0.000000
0.105463
-0.968682
-0.384212
-0.524576
0.000000
0.000000
0.000000
0.000000
0.000000
-1.191773
4.941257
0.000000
0.680559
-0.718502
-0.366811
-0.367588
-0.167494
0.515022
-0.133092
1.561520
1.288032
1.849537
0.690842
0.396276
0.000000
-0.055193
0.242192
0.000000
-1.591606
-0.126223
0.346002
0.000000
0.000000
0.502198
1.761396
0.245170
-0.382025
-0.075224
5.653351
1.186078
0.000000
-0.528240
-0.103482
0.761028
-0.220667
0.235414
0.000000
0.000000
0.464392
0.000000
-0.895475
-0.734824
0.000000
0.000000
-1.890555
0.000000
0.816085
0.000000
0.134796
1.209864
1.555643
-0.474836
7.045498
-1.039016
0.452906
0.223415
0.493397
-0.226031
0.000000
2.020670
-0.277789
-0.052953
-1.116479
0.195561
0.000000
0.000000
3.380824
0.496921
-0.045490
1.842104
-0.325492
-0.322505
0.000000
-0.169705
-0.440208
0.923916
-4.351005
0.173986
-0.877399
3.429130
-0.703568
1.250330
0.000000
0.009390
-0.094848
0.251764
-0.178899
-3.531891
0.416536
-0.133832
0.044879
5.653753
0.135169
-0.474978
1.421435
0.157936
-0.173551
0.000000
-7.934114
0.000000
-4.550005
0.000000
2.882037
0.458430
0.000000
-6.425881
0.000000
-0.057590
-8.230831
2.018818
-0.207866
0.347597
0.632996
1.908393
-0.089263
0.037187
0.000000
0.033528
-0.105870
-0.059488
0.000000
0.453660
0.000000
-0.557881
-0.165513
0.267081
0.458478
1.996570
-1.190714
3.145578
-0.579009
0.000000
0.082124
1.252579
-1.153335
0.666119
0.316001
3.220039
0.000000
0.986377
0.079833
0.307635
0.000000
0.000000
0.000000
2.683891
0.000000
0.479436
0.715811
-2.274685
9.923654
0.000000
1.142693
-1.224303
0.400032
-1.162466
-0.411098
-0.018201
-0.170172
0.674201
-0.609556
0.000000
0.000000
0.000000
0.000000
1.440401
0.000000
0.000000
-1.453579
0.000000
0.000000
4.361947
1.051498
-1.555655
0.000000
0.863140
1.515963
0.000000
-0.349241
0.232802
-0.275091
0.120942
-0.895695
-0.109578
0.000000
0.000000
0.193363
-0.146010
0.000000
1.428084
-0.815705
0.550742
5.359062
-0.704863
0.000000
-0.202402
0.000000
-1.357092
-0.826163
0.597162
1.011329
0.000000
0.832445
-2.738466
1.295965
0.000000
-0.616083
0.581466
-0.567745
0.226197
-0.585356
0.000000
-0.419474
0.657414
0.000000
0.000000
-0.267358
-2.209321
-0.066636
5.531032
0.056494
1.952590
2.341668
-0.426739
1.500634
0.000000
-2.223171
-2.259369
0.716482
0.000000
-0.787372
0.276765
-0.292497
0.000000
-2.386458
-0.747782
0.444207
-0.032413
-0.139008
0.112321
0.155173
0.012651
0.000000
0.819129
-0.542137
0.015677
-0.132472
-2.660784
-0.939308
0.000000
-1.085541
0.295126
0.908905
1.514972
0.172838
0.190792
2.399161
1.474781
2.369666
0.000000
0.423691
0.666132
-1.029274
-0.976409
3.080776
0.000000
0.000000
0.000000
-0.275771
0.373903
-0.058886
0.000000
0.647953
1.672738
0.131659
0.000000
0.000000
-3.355982
0.000000
0.465688
5.574172
0.000000
0.000000
-0.446864
0.625075
0.612657
0.365093
0.000000
1.616995
0.452906
0.000000
0.542052
-0.091550
0.000000
0.127283
0.000000
0.014763
-5.021721
-0.239326
-0.154769
0.169697
1.026354
-0.921096
-0.015891
-0.846022
0.253511
0.756424
-0.150974
-1.148586
-0.060649
0.000000
-0.525092
0.347304
0.790083
1.104019
0.000000
0.000000
-0.633809
-7.107538
0.000000
1.573590
-0.332336
-0.639390
0.000000
2.095708
0.139469
1.524553
0.000000
-0.507079
0.000000
0.000000
-3.632295
0.000000
0.000000
1.006176
-0.142033
0.370449
-0.210339
0.370707
1.437232
0.000000
-2.733565
0.000000
1.146771
1.530221
0.000000
-1.072431
-1.982630
-0.161332
0.055146
0.000000
0.303102
0.327013
0.000000
-0.447779
-0.024764
0.571474
-1.067129
-0.037952
0.000000
0.074095
-0.107921
0.572948
1.917831
0.024965
0.261380
-0.643669
-0.274160
0.322044
0.266398
-0.169157
0.000000
-0.599548
0.186531
0.000000
0.690135
0.176780
-0.028352
0.823351
0.187269
-1.384455
-0.340566
0.076281
-0.180406
-1.099213
0.197424
-0.329571
0.138315
1.042323
-0.106416
-0.607654
-4.708811
0.012454
0.000000
1.172836
0.097184
0.000000
0.000000
0.000000
-1.441499
0.000000
2.294383
0.000000
0.000000
-1.935576
0.107754
-0.358413
0.320596
-0.765205
-0.031761
-3.593762
0.068900
0.458474
0.000000
-1.027871
0.000000
0.424842
-0.499723
0.000000
-1.317201
0.000000
-0.095912
-0.856252
1.240635
-1.355749
-0.006463
0.000000
1.312291
0.000000
-1.126195
0.000000
-0.462071
0.000000
0.051923
0.000000
-0.296039
0.000000
1.129400
1.482056
-1.153335
0.000000
0.000000
0.000000
-1.368648
1.974759
2.241197
-0.094487
-1.320976
-0.337204
0.000000
1.288248
2.403068
0.000000
-0.712420
-0.911395
-0.276059
-0.275155
-0.555857
0.000000
0.210382
0.000000
0.000000
0.000000
0.000000
0.000000
0.000000
0.999430
0.000000
0.069888
0.068664
-0.307364
-2.218291
-1.899775
-0.571368
0.000000
2.603054
-0.254954
-0.101880
-0.514901
0.000000
0.403312
0.901560
0.000000
-0.774205
-0.357475
-1.039513
0.262455
-3.510541
-0.344124
0.128958
-0.232406
0.338872
0.300906
0.000000
1.439382
0.965487
-3.608369
0.185885
0.050171
0.000000
-1.527117
0.435988
-0.716672
1.451155
0.000000
0.054309
3.404467
0.000000
0.875740
0.000000
-6.099376
0.000000
-0.480690
0.387043
0.178392
0.271090
0.000000
0.000000
0.000000
-0.476047
-0.801792
0.000000
0.000000
0.342066
0.087534
-0.060406
0.000000
0.896907
0.000000
1.414001
-1.133282
0.000000
0.000000
2.160683
2.715150
0.000000
0.199719
0.000000
-1.524664
-0.013866
0.522944
0.296550
0.054474
-2.232933
0.000000
-0.369842
-0.104551
-0.259234
-0.400526
0.000000
0.000000
0.030124
-0.408206
-0.226633
1.099936
0.000000
0.228546
0.000000
0.132347
-0.798172
-3.166273
0.000000
0.000000
0.748189
-1.304246
-0.350711
-0.492581
0.000000
0.000000
-1.179274
-1.099213
-2.194560
-0.736672
0.935508
-0.082527
0.669868
1.778961
0.639411
0.000000
-0.833008
-0.025113
-1.560964
-1.948181
-0.438435
-0.934262
-0.584629
8.354837
0.688751
-4.535674
-0.021349
-1.152012
-2.074948
-0.061698
0.000000
-0.731257
-1.573309
0.000000
0.000000
-0.518560
0.247492
0.000000
-2.124865
-1.165125
1.408551
0.537934
-1.355749
0.986057
-0.200613
-12.195187
0.000000
1.974514
0.000000
1.600243
0.000000
0.000000
3.439456
-0.668107
0.000000
-0.197966
0.000000
-0.159266
0.000000
-0.315297
0.088044
2.062148
-0.879214
12.350531
-0.476462
-0.353012
-1.039513
-3.260909
0.000000
0.323535
-0.549330
-0.192216
-0.755223
-0.918263
-0.323613
0.000000
1.775505
0.682498
-0.385864
0.000000
-0.861579
-0.492127
-0.994801
0.000000
-3.760379
-0.012680
-0.269561
-0.392308
-0.706410
0.668621
0.627280
0.000000
0.000000
-0.187219
0.000000
0.000000
0.000000
2.674256
-1.971993
0.415934
2.842415
0.076466
0.139495
0.115676
1.319364
0.000000
-0.410714
-1.504516
0.000000
-2.680269
0.000000
-0.552845
1.062786
0.159474
0.664236
2.655119
-1.895638
-0.431800
-0.433366
0.000000
0.420242
0.000000
0.727796
0.237794
0.387286
-0.353859
0.000000
-1.608240
-0.545636
-0.145895
-0.272595
-0.870313
-0.033473
0.000000
0.902978
0.000000
-0.435672
0.000000
0.031964
0.000000
1.142336
-0.330212
0.000000
-0.048617
3.644168
-0.131066
0.000000
0.000000
-0.590776
0.000000
-2.202318
1.498282
0.000000
0.000000
3.591283
0.054774
0.093030
-0.769514
-1.753958
-0.215750
0.000000
0.083018
0.371076
0.113143
0.023961
0.000000
0.551847
-2.205698
2.698398
-0.119314
0.050190
-0.040525
0.000000
0.000000
0.000000
0.000000
1.247801
-0.469270
0.000000
0.440368
0.046308
0.958732
-0.288798
0.230808
0.000000
-1.146639
0.123818
0.000000
0.777572
0.361614
-1.378355
0.485075
-0.796393
-0.548373
-0.475135
0.000000
-0.967704
0.000000
1.040912
0.226905
-0.112111
-0.159334
-1.336895
0.285524
0.333656
1.020047
-1.022658
0.000000
-0.422638
1.379711
0.303000
-0.117181
-0.130861
0.140141
0.000000
-0.846534
2.203904
-0.189466
0.639419
-0.220629
0.000000
0.470504
0.199802
0.371686
0.201773
-0.317414
0.094161
0.740180
0.304970
0.000000
-0.218974
0.603170
2.010798
-0.240481
-1.050257
0.000000
-0.073789
0.000000
0.000000
0.000000
0.576098
0.135868
-0.231208
0.732593
-0.541612
0.893746
0.057265
0.050038
2.675573
0.399309
0.060775
-3.946408
0.000000
0.481873
-3.379610
0.000000
-1.787633
-3.856806
-0.690528
0.000000
1.228980
0.364920
-10.683465
0.000000
0.000000
0.976976
-0.532529
0.452121
0.942362
1.312918
0.594322
-0.331781
0.026089
0.574236
0.000000
-2.799210
-0.331781
0.000000
0.000000
0.000000
0.000000
0.000000
0.000000
0.000000
0.000000
0.000000
0.000000
3.382712
0.000000
0.000000
0.000000
0.000000
12.899455
0.000000
0.000000
0.000000
0.000000
0.000000
0.000000
0.000000
2.132853
0.000000
0.000000
0.000000
0.000000
0.000000
0.000000
-0.127731
1.183493
0.082193
-1.677506
0.204057
0.783969
0.000000
0.389944
-0.577216
0.000000
-0.317193
-0.730909
0.000000
0.000000
0.000000
0.000000
0.000000
0.525870
0.000000
0.000000
-12.385036
0.578426
0.000000
0.000000
0.000000
0.615446
-0.045108
0.000000
0.000000
0.000000
0.000000
0.000000
-0.578026
0.520463
3.508828
0.000000
-0.026679
-0.060087
0.528375
1.968136
0.000000
-0.527448
0.000000
0.000000
0.000000
0.438116
0.427637
1.306412
2.329482
0.000000
2.248991
1.090149
0.073810
1.059840
0.826818
0.000000
1.662252
0.000000
-0.225093
0.139192
-0.037952
-0.965007
0.000000
0.000000
0.000000
0.169861
0.000000
0.000000
0.000000
-0.231238
-1.446175
-3.111187
-0.282374
0.569468
-2.653271
0.000000
-0.503442
0.583106
0.000000
0.000000
0.536638
0.000000
0.867061
0.000000
0.000000
-0.306048
-0.459188
0.000000
-0.678486
0.000000
-1.282993
0.000000
-1.224215
-0.266058
-0.567859
