0.389239
0.110376
-0.123137
-0.077693
-0.009644
0.047356
-0.261978
0.081878
-0.122987
-0.010976
-0.067563
-0.067563
-0.040727
-0.027774
0.052623
-0.053878
0.079055
0.006643
-0.027359
-0.005130
-0.025303
-0.034020
0.171228
-0.031969
-0.058464
0.006903
-0.038598
0.040863
-0.088110
0.005633
-0.017689
0.003983
-0.027774
-0.038060
0.282095
0.005633
0.010622
0.085719
-0.124171
0.116400
-0.222305
-0.065023
-0.018117
0.192022
0.192022
-0.007965
0.037380
-0.025798
0.080485
-0.122364
-0.049755
0.104798
0.036953
0.031313
-0.017921
-0.040836
0.004096
-0.060271
0.011493
0.124896
-0.066069
0.032280
-0.016359
0.105840
-0.015342
-0.002456
-0.037228
0.150111
-0.067810
0.030806
-0.025798
0.027753
0.016071
0.156974
-0.034149
-0.021334
-0.009272
-0.088263
0.012797
-0.070004
0.054560
0.047641
0.067884
0.009371
0.062364
-0.183885
-0.078693
-0.078693
-0.035974
-0.060654
-0.012967
-0.000893
0.066713
0.147926
-0.027231
-0.131434
0.051552
-0.026987
-0.017333
-0.022533
-0.114743
-0.059156
0.027996
-0.017150
0.006949
-0.145491
-0.134560
0.132079
-0.009557
-0.022533
0.016924
0.023144
-0.091953
0.013574
-0.038060
0.000000
0.017913
0.020720
-0.100775
0.046964
-0.536160
-0.167826
-0.058464
-0.046101
-0.007895
-0.086616
-0.062118
0.011307
-0.059625
0.015018
-0.104699
0.016924
0.017177
0.084569
-0.004946
-0.118819
0.034211
-0.014042
-0.047372
0.000000
-0.169948
-0.061008
-0.030179
0.137471
0.026822
-0.046288
-0.111660
-0.049259
0.123955
0.026998
-0.185004
-0.006594
0.000787
0.097905
-0.021597
-0.121575
-0.064517
-0.069158
0.090337
0.009185
0.037543
0.014658
0.014658
-0.255546
0.175920
0.064915
0.016426
0.022395
-0.170377
0.016426
-0.102401
0.045371
0.198824
-0.001453
-0.271301
0.137835
-0.071947
-0.002456
-0.031070
-0.044944
0.117070
-0.113328
-0.053793
0.105957
0.003363
-0.006003
0.133362
-0.095190
-0.010280
0.074876
-0.139241
-0.001944
-0.010280
-0.002304
0.108599
-0.347147
0.121754
-0.157380
-0.065657
-0.016648
0.003318
-0.253798
0.013799
0.121857
0.033558
0.013799
0.073549
0.033281
0.028532
0.010375
-0.105861
0.027987
0.004347
-0.027471
0.157927
0.013799
-0.152358
-0.237568
-0.197049
0.054154
0.000000
0.028980
-0.010714
-0.245269
0.168749
0.013800
-0.094324
0.012001
0.033784
0.020207
-0.042241
0.008539
0.013411
-0.220170
0.030416
0.033281
0.013662
0.085867
0.030416
0.014740
-0.012995
-0.210865
-0.269275
0.015948
0.014183
-0.004545
-0.034421
-0.010280
0.087530
-0.006003
0.004347
0.041269
0.041269
0.105206
0.033558
-0.142355
0.036930
-0.194349
-0.032296
0.266993
0.024811
0.054398
0.027936
-0.007611
-0.015403
-0.064723
-0.046638
-0.258522
-0.019746
-0.055439
0.029151
-0.020309
-0.014042
-0.035879
0.028980
0.076219
-0.015765
0.001554
0.001554
-0.037228
0.005347
0.117070
-0.028989
-0.013423
0.000000
-0.162697
0.046546
0.001403
-0.022567
0.000000
-0.086480
0.018414
0.000000
-0.061959
0.014169
0.024615
0.066031
-0.028462
-0.065022
0.018596
0.018279
0.035639
0.035452
0.022973
0.059066
-0.023259
0.017622
-0.097988
-0.027359
0.326522
0.000000
-0.119149
0.038900
0.051542
-0.059856
-0.136766
0.083870
0.057685
0.046968
0.156974
0.014740
0.000000
0.041269
-0.042633
0.097905
-0.026323
-0.182583
-0.237310
0.013576
-0.002253
0.000000
-0.039871
0.000000
0.032445
0.000001
-0.014020
0.000000
0.069814
-0.004667
0.053263
-0.021387
-0.187379
-0.004788
0.129303
0.113808
0.090016
0.096546
-0.002575
0.015453
-0.137474
0.062921
0.057469
-0.027359
-0.057430
0.096296
0.205564
0.085669
0.213438
0.027733
0.050469
-0.035225
-0.168686
0.000238
0.000000
0.028770
-0.021334
0.000238
0.170529
-0.217923
0.125939
0.110736
-0.066237
0.192437
0.046749
0.012000
0.062736
0.014065
-0.121575
0.046427
0.075259
-0.242251
0.032656
-0.017921
-0.000393
0.017135
-0.027774
-0.302719
-0.083271
-0.007458
-0.006003
0.025171
0.295672
0.035846
0.046905
-0.002877
0.080380
-0.162697
-0.162697
-0.052456
0.095670
-0.126849
-0.066755
0.000000
-0.008356
-0.095304
-0.102461
-0.074456
-0.138882
-0.000302
0.068533
0.223046
-0.038324
-0.233505
0.058502
0.025030
0.006764
0.031674
-0.010461
-0.099854
-0.130182
0.011316
0.009792
0.043666
-0.071493
0.189090
0.116762
0.117640
-0.038657
0.036453
0.031147
-0.024814
-0.008328
-0.506711
0.124933
0.103160
-0.006003
0.069094
0.020720
0.012941
-0.028512
-0.087850
0.011639
0.076810
-0.078095
0.064040
-0.163861
0.028576
0.000000
0.131087
-0.022384
0.134289
-0.248556
0.000000
0.214720
-0.018659
0.037986
0.192022
-0.081525
-0.018659
0.052243
0.000000
-0.220617
-0.004667
-0.056428
0.008783
-0.066643
0.017066
0.010586
0.053453
0.064217
0.041086
0.009371
-0.240988
0.021838
0.145041
-0.112865
0.051077
-0.033267
-0.000302
-0.025584
-0.016177
-0.151780
0.000742
0.112616
0.061129
0.000000
0.173262
0.085293
-0.311530
-0.000379
-0.033806
-0.187379
-0.004298
0.002848
0.000000
-0.251368
0.038412
-0.000720
0.206831
-0.051828
0.038412
0.085969
-0.092978
0.082595
-0.030723
0.013411
0.024067
0.019814
-0.115593
-0.094324
-0.006319
0.004446
0.000000
0.012858
0.000000
-0.451719
-0.151780
0.029814
-0.038195
0.394702
0.025325
-0.194349
-0.002443
0.000000
-0.052984
-0.174171
-0.063092
-0.070324
0.121427
0.082939
-0.039617
0.000238
0.247323
-0.039880
-0.088183
0.008484
0.000000
0.032656
0.087888
0.043561
0.288828
-0.268056
0.028667
0.148058
0.007678
-0.136909
-0.029207
0.024350
0.031674
0.014926
0.000000
0.121058
0.011307
-0.001944
-0.168185
0.048051
-0.055867
0.445173
0.111391
-0.046714
-0.047007
0.049855
-0.005485
-0.009723
0.077049
0.004565
0.000000
-0.225484
0.103304
-0.015937
-0.060654
0.017709
0.090544
-0.014042
0.048051
0.001485
-0.287514
0.029814
-0.024488
0.108599
0.078122
-0.025798
0.235233
-0.083271
-0.027050
-0.054732
0.259563
-0.012967
0.051712
-0.000179
-0.026483
-0.081261
0.020346
0.064076
0.016004
0.093480
0.036993
0.037558
-0.113991
0.000000
-0.081261
-0.085931
0.133716
0.004922
-0.079647
0.013574
-0.197842
-0.080015
-0.007141
-0.020234
0.025666
0.025666
0.024321
-0.090678
-0.133902
-0.507610
-0.189446
0.037856
-0.068222
0.059411
0.099497
0.025230
-0.109564
0.035528
0.078035
-0.018378
-0.025082
0.034763
-0.102461
-0.010441
0.010095
0.016620
-0.030515
-0.125862
0.107206
0.011307
-0.118819
0.025363
0.000000
0.049974
0.052623
0.054560
-0.269275
-0.008328
0.027437
0.007166
0.572907
-0.084473
0.001580
0.067274
0.060119
-0.043360
0.059987
0.000000
-0.031695
0.000000
0.071927
-0.012932
0.000000
0.173020
-0.048003
0.071927
-0.027231
-0.100006
0.137535
0.072695
0.039081
-0.049232
0.000000
0.066308
0.033804
0.000000
-0.112027
0.008794
-0.193188
0.040593
0.000000
-0.004408
0.045318
0.089640
-0.103985
0.009569
-0.020359
-0.151398
0.119331
0.047488
-0.038324
0.131932
0.077876
0.025363
0.000000
0.036509
-0.022533
-0.224643
-0.092872
0.014740
-0.016648
-0.029597
0.252769
-0.081694
0.048851
-0.044392
0.000000
0.000000
-0.101012
-0.006276
-0.095504
0.032727
0.060101
0.017267
0.000000
0.053969
-0.152358
0.143785
-0.084323
-0.103894
-0.042736
-0.040920
-0.041648
0.054560
0.043262
0.097905
-0.034421
0.003392
0.025087
-0.218550
-0.043041
0.016004
0.000000
0.119778
-0.194247
0.057112
0.097687
-0.142875
0.054560
0.144997
0.062199
0.004000
-0.018378
-0.174154
0.075744
-0.033806
0.049159
0.153970
-0.122735
0.053453
-0.041490
-0.098785
-0.030931
0.009455
0.102341
0.188588
-0.116741
0.033821
0.017134
0.014421
0.058169
-0.003341
0.013330
-0.102045
0.293790
-0.173736
-0.007379
0.032656
0.046968
0.000000
0.025939
0.000000
0.002000
0.008124
0.000000
-0.010441
-0.002877
-0.027231
0.140903
0.195385
-0.133902
-0.046674
-0.133902
-0.015000
-0.183685
-0.208277
-0.004545
0.000000
-0.241394
-0.032632
-0.024297
0.134764
0.148827
-0.118819
0.090040
-0.124140
0.000827
0.028770
0.028770
-0.004101
0.000000
0.043529
0.014740
0.156516
-0.014411
0.153400
0.268453
0.033658
0.047654
-0.043934
0.029226
-0.263716
0.057782
0.005420
-0.036827
0.200486
0.182065
0.001554
-0.245944
0.005504
0.049235
-0.104643
-0.143306
0.024876
0.043695
-0.044319
-0.010441
-0.185004
0.045802
0.054154
-0.010399
-0.033806
0.000000
0.068685
0.025171
-0.044392
-0.038060
-0.126144
-0.016919
0.097905
0.095602
0.073231
0.111834
0.029444
-0.447276
0.000000
-0.099126
-0.042736
0.037196
0.176065
-0.026323
-0.071493
0.025171
0.043529
-0.002877
0.091950
0.033944
-0.128601
0.067455
-0.093305
0.069152
0.032656
-0.373500
0.057782
0.036744
-0.033757
0.002413
0.105206
-0.065324
0.018209
-0.005017
0.000000
0.066545
0.148701
0.004347
-0.085499
0.000000
0.122643
0.122344
0.116555
0.027260
0.026661
-0.097593
0.033281
0.005227
-0.155932
0.025852
0.000000
-0.023154
0.026307
-0.057617
0.119331
-0.104162
0.023331
-0.058464
0.000000
-0.025082
0.013799
0.023528
0.000000
0.066617
0.082604
0.045507
0.086243
0.011076
0.117640
0.000359
0.042686
0.017293
0.103716
-0.178087
-0.146133
-0.002336
-0.031062
-0.000715
0.016426
0.006903
-0.002304
-0.023421
0.157600
0.013799
0.239362
-0.218550
-0.242251
-0.895861
0.000000
0.084780
-0.010961
-0.037030
-0.027050
0.091615
-0.176009
0.044611
0.025363
0.070588
0.000000
0.128691
0.037169
0.003327
-0.006768
-0.023154
0.032168
-0.019106
0.176481
0.111833
-0.126479
-0.233505
0.004347
-0.160986
0.023528
0.023331
-0.120607
-0.042087
-0.053441
0.006624
0.037986
-0.218550
0.012797
-0.185004
0.077876
-0.023074
0.000000
0.004102
0.000000
0.039272
0.001521
0.025939
0.032445
-0.158253
-0.005485
0.042185
0.062199
-0.092260
-0.028424
0.045514
0.012001
0.042686
0.002314
0.197474
-0.028407
0.000234
-0.008328
0.077876
0.160012
-0.051750
0.052421
-0.050446
0.076474
0.000000
-0.000436
0.052094
0.127799
0.125214
0.052817
-0.117774
0.025171
-0.142875
0.017425
0.057631
-0.028551
0.032461
-0.032650
-0.044720
-0.003825
-0.045860
-0.026652
0.122665
0.011632
-0.007141
0.031026
0.039389
-0.000436
-0.043041
-0.007965
0.000923
0.102794
0.000000
0.087190
0.116083
0.070219
0.018730
0.018730
0.042185
-0.130361
0.208733
0.012797
0.101185
0.000000
0.016071
0.076219
-0.034809
0.013554
0.134670
0.054607
0.000000
0.098972
-0.044392
-0.026323
0.006624
0.107395
-0.047014
-0.013803
-0.035974
-0.024678
0.054832
0.075854
-0.079508
0.121754
-0.152358
0.042686
0.003713
-0.144733
-0.006258
0.205786
-0.045860
0.030884
-0.017921
-0.002304
-0.242251
-0.014349
-0.024770
0.039081
-0.023612
-0.009272
-0.005393
-0.014042
0.094462
0.097852
0.041002
0.007564
-0.097753
0.101713
-0.002456
0.171291
0.161770
0.069427
0.073231
0.069427
0.008002
-0.030931
0.057924
0.000000
0.000000
0.187431
-0.178087
0.086243
-0.102700
0.000000
0.022352
-0.025573
-0.066237
-0.023972
-0.022970
-0.197049
0.019819
0.031313
0.069066
0.043515
-0.032966
-0.096016
0.084644
0.093899
0.000000
0.140903
0.067884
0.124273
-0.067563
0.032445
0.005931
0.073336
-0.040920
0.013960
0.034211
0.037169
-0.004510
0.013574
0.036843
-0.174924
0.160529
0.117640
-0.013720
0.014065
-0.127849
0.125214
-0.000715
0.114883
-0.022533
-0.025082
-0.046714
0.364292
-0.119040
0.017425
-0.183885
0.079671
-0.187300
0.045530
0.000000
0.048171
0.186760
0.000000
-0.127114
0.027260
-0.100778
0.013330
-0.126479
-0.042633
0.245306
-0.054732
0.189318
0.004303
0.000000
-0.155932
0.041952
-0.086686
0.000000
-0.135637
-0.317008
0.071508
0.054154
-0.155358
-0.001527
0.011469
-0.019365
-0.182238
-0.193188
-0.024770
0.094990
0.000238
0.000000
0.000486
-0.022837
0.004347
0.090086
-0.017140
0.112975
0.021311
0.094006
0.029226
-0.071616
0.000000
0.000234
0.101532
-0.013599
-0.078328
0.028635
0.000234
-0.018760
0.000000
-0.032619
0.028635
-0.142253
0.065231
-0.124093
-0.038451
0.060119
-0.112160
-0.046674
-0.000210
0.001671
0.132065
-0.016919
0.104906
-0.025091
-0.035762
-0.000715
-0.019290
0.086067
0.076220
-0.006307
-0.367174
0.000000
-0.007141
0.000000
0.080873
0.093900
0.034492
-0.046584
-0.011621
-0.188352
0.054970
-0.086524
-0.006198
-0.018121
0.266993
-0.015137
-0.065606
0.004666
-0.075411
0.078676
-0.056598
0.116719
-0.022384
0.136056
-0.010101
0.000000
0.029630
0.000000
0.046905
0.046905
0.008124
-0.004938
0.016745
0.039651
0.050125
-0.029463
0.082604
-0.036973
0.026172
0.028770
0.071034
-0.163315
0.028989
-0.027018
-0.084473
0.073547
-0.029597
-0.074546
0.069664
0.029107
0.164800
-0.092656
-0.002511
-0.079789
-0.009557
-0.051364
0.039651
-0.003815
-0.202257
-0.047441
0.043757
0.000001
0.013194
-0.210731
0.006624
0.067771
-0.038075
-0.013062
-0.052244
0.018817
0.046678
0.000000
0.062078
0.030225
0.072528
-0.126479
0.061851
-0.127961
-0.005553
0.040593
0.001072
0.018817
0.033757
0.037169
-0.084473
0.181789
-0.290976
-0.000350
0.050976
-0.036888
-0.009557
-0.014433
0.129826
-0.062794
-0.162734
0.027715
0.006901
0.069981
-0.161694
-0.005553
0.000000
0.078122
0.001554
-0.182583
0.029226
0.387118
-0.122489
0.000000
0.021644
-0.003150
-0.146460
0.043594
-0.004510
0.002413
0.057284
0.044568
0.000000
-0.010821
0.083842
-0.083923
0.081841
0.018868
0.052085
0.030416
-0.014411
0.027260
0.038140
0.029769
0.049991
0.021838
0.025363
-0.038075
0.105206
0.033784
-0.025696
0.080767
-0.024297
0.025087
0.027929
0.095681
-0.118819
0.119331
-0.127961
0.190696
-0.162730
0.029769
0.103304
0.007166
0.000000
0.036970
0.058853
0.000000
-0.064964
-0.081261
0.025452
0.000000
0.056969
0.005206
0.007166
0.000000
0.068685
-0.014349
0.045318
0.107840
-0.008236
0.068736
-0.178974
-0.053996
0.000000
0.000000
0.019814
-0.047308
0.025171
0.028989
0.139020
0.103432
0.000000
-0.074456
0.216514
0.099753
0.057556
0.091775
0.022943
0.088639
-0.036635
0.071729
-0.009723
0.099674
0.000000
-0.007361
-0.135956
-0.190815
-0.010976
0.025666
0.061114
0.052421
0.221881
0.001028
0.079671
0.080485
0.000000
-0.038324
-0.039254
0.052421
-0.065023
-0.021334
-0.207099
-0.053441
-0.014349
0.046964
0.125231
-0.058464
-0.203001
0.140207
-0.022567
0.044647
-0.034462
-0.000436
-0.038324
0.037196
0.046319
0.037057
-0.030947
0.028294
0.028371
0.056162
-0.040920
0.003363
-0.117033
-0.038002
0.000000
0.113976
0.127553
0.018279
0.074876
0.000000
0.079271
-0.008356
0.024682
0.072695
0.067401
-0.034253
0.014658
-0.042579
0.000000
-0.150186
0.000238
-0.092455
-1.626390
-0.207099
-0.496415
-0.187379
0.022233
-0.081255
-0.041802
-0.037358
0.022233
0.035680
0.032361
-0.024786
-0.127961
-0.096457
-0.016919
-0.287514
0.088742
0.014534
0.000000
-0.024163
-0.025091
0.000000
0.183702
-0.010714
0.108599
0.000000
0.000000
-0.019290
0.004922
0.003363
0.105844
-0.197377
-0.085710
0.000000
-0.046674
-0.047057
0.041497
0.037986
0.029573
0.085210
0.059304
-0.053441
0.060432
0.053345
-0.182238
-0.094108
0.000000
-0.097369
-0.001787
0.014169
-0.015363
0.045318
0.021335
-0.002575
0.000000
-0.026483
0.263446
0.266993
-0.016729
0.039077
0.004347
0.004096
0.005420
0.008002
0.032727
-0.000337
-0.044720
-0.121575
-0.162697
-0.091391
-0.225374
0.076669
0.018279
0.348106
-0.002336
0.046678
0.006980
-0.259549
0.043695
-0.013696
-0.052244
-0.062708
0.150344
-0.269275
-0.038002
0.018085
0.059304
0.001926
0.038965
0.104525
0.021401
-0.070440
0.001403
-0.059856
0.101185
0.018279
0.068920
0.016426
-0.061554
0.146610
-0.276168
0.026307
-0.027633
-0.000715
0.032569
0.186139
-0.006357
-0.008253
-0.240988
-0.020234
0.055204
0.021401
0.037200
0.000000
-0.034421
-0.259549
-0.026953
0.055012
-0.059156
-0.004372
-0.150186
-0.223275
0.057146
-0.154814
0.025363
0.011494
0.028989
-0.071616
0.011307
0.039651
0.057054
0.000000
-0.081261
0.026307
0.071508
-0.009272
-0.109374
-0.006109
-0.075342
0.062078
-0.020234
0.035637
-0.408828
-0.008301
0.064040
0.022233
0.041686
0.049235
0.049235
-0.127120
-0.007379
0.004446
-0.364601
-0.183885
-0.017921
-0.226523
0.188366
-0.066089
-0.133132
-0.025544
-0.018121
0.000000
0.058346
-0.004495
-0.259549
0.022352
0.125379
0.013554
0.072815
-0.058809
-0.043041
0.029468
0.380851
0.038371
-0.019365
0.228322
0.129642
-0.006357
-0.276168
0.008539
-0.017140
-0.251368
0.148071
0.000000
0.055204
-0.002304
-0.237568
0.032656
-0.003276
-0.039871
-0.276168
-0.020940
0.369074
-0.070673
-0.023612
0.054154
0.030070
-0.020557
-0.011975
0.077836
0.102777
-0.021815
0.000000
-0.233269
-0.014554
0.031674
-0.044047
0.000000
-0.182583
0.010586
0.043187
0.337305
0.000000
-0.013423
-0.134048
-0.083619
-0.125048
-0.021815
-0.010821
0.073875
-0.069969
0.000000
-0.144098
-0.112914
0.109489
-0.034020
-0.016301
0.000000
-0.008301
0.000000
0.000000
0.024125
-0.077893
0.107206
0.000000
-0.082212
0.083277
-0.109497
-0.125800
0.065248
-0.593296
0.052491
0.011494
-0.018378
0.101500
0.100765
0.084569
0.023978
0.033784
-0.033857
0.013554
0.155454
-0.149300
-0.013803
-0.178974
-0.049306
0.037856
0.041933
-0.157582
0.084343
0.000689
0.033281
-0.018760
-0.054112
-0.013042
-0.121685
-0.085931
0.006980
-0.127961
0.041269
0.093900
0.032792
-0.251368
-0.027018
-0.056468
0.039456
0.035846
-0.046101
0.107205
-0.014042
0.005633
0.000000
-0.174983
0.012673
-0.115202
-0.157442
0.027733
-0.039134
-0.038045
0.162664
-0.145965
0.110230
-0.075190
0.033278
0.140903
0.050078
-0.025766
-0.271301
-0.004400
0.066037
-0.033806
-0.113750
-0.058070
-0.003926
0.049235
0.070557
0.035452
-0.015363
-0.116287
-0.176009
-0.034020
-0.080376
0.000000
-0.007379
0.000000
0.008465
-0.061963
-0.024770
-0.024770
-0.024770
0.068685
0.058502
0.039651
-0.020004
-0.058120
-0.028989
-0.105861
-0.118819
-0.016729
0.036287
0.030070
0.121879
-0.171295
-0.002780
-0.008763
-0.027702
0.013574
-0.125669
0.057631
-0.016648
0.000000
0.019305
-0.023612
-0.811927
-0.015363
0.012858
0.011494
0.001554
0.062199
0.000000
-0.000210
-0.042901
-0.018781
0.007564
-0.023264
0.000000
-0.011621
0.071441
0.007326
0.014183
0.120791
0.001403
0.036316
0.068966
0.000000
0.000000
-0.016729
0.032656
0.013574
0.046678
0.113552
0.000000
0.089274
0.058810
-0.016301
0.000000
-0.056766
-0.258522
0.187431
-0.048505
0.016071
-0.087662
-0.002456
0.014903
0.066545
-0.088263
0.059781
0.038284
0.030295
-0.024488
-0.102461
0.038284
-0.008356
0.023979
0.021216
0.003237
-0.121575
0.029814
-0.033806
0.000000
0.030225
-0.000290
0.000000
0.000872
-0.059156
0.266993
-0.078752
0.148782
0.038690
-0.019290
-0.059251
0.014183
0.045253
0.028427
-0.001750
0.031907
0.008850
-0.144098
-0.035974
-0.000302
0.015921
0.114883
0.038001
0.010605
0.133438
0.010605
0.029151
0.004102
-0.007611
0.007562
-0.009765
-0.076419
0.033526
0.033526
0.002184
-0.034490
-0.016177
-0.042579
0.080485
-0.191650
-0.019229
0.085669
0.167882
-0.294203
-0.027231
0.054646
0.899002
-0.183752
0.101892
-0.070065
0.000000
-0.023767
0.000000
0.117640
0.005100
0.015576
0.024426
0.068736
0.055063
-0.097342
-0.048828
0.146918
0.113247
-0.017689
-0.022876
-0.001375
0.000000
-0.000350
0.011076
-0.061201
-0.081018
0.088182
0.104713
0.053243
0.251564
0.131669
0.000000
-0.009889
0.068966
0.052109
0.000000
-0.002780
-0.042242
-0.009272
-0.010976
-0.146811
0.016924
-0.016919
0.031674
0.051270
-0.044396
0.000000
-0.083923
0.018890
-0.004591
-0.016025
0.002848
0.010899
0.002848
-0.045536
0.029773
0.041269
0.065129
-0.002780
-0.058809
-0.151780
-0.075933
0.000000
0.023144
-0.351028
0.000000
0.033281
-0.289842
-0.025573
-0.037406
-0.004580
-0.002304
-0.034020
0.194640
-0.077764
0.041260
-0.116108
0.002413
-0.020557
0.067229
0.000000
-0.021228
0.071785
0.035543
0.234147
0.004446
-0.032958
-0.019365
0.000000
0.078366
-0.017257
0.000001
-0.000393
-0.013042
0.012797
-0.172789
0.014065
0.024615
-0.031646
0.017130
0.000000
-0.009723
-0.002035
0.014065
-0.010311
0.000000
0.000000
0.082271
0.011307
-0.149300
0.062420
-0.004545
0.174391
-0.009272
-0.155830
0.055255
0.010605
0.020250
0.042399
-0.114572
-0.012042
0.118331
0.044054
-0.011309
0.062199
0.077484
-0.048482
0.032656
0.007868
0.011494
-0.121200
0.070976
0.051100
0.035216
0.068920
-0.033132
-0.067299
-0.322965
-0.176765
0.215834
0.029107
-0.089707
-0.083271
-0.071520
0.159988
0.000000
-0.054361
-1.626377
0.000000
0.029107
-0.004946
0.000000
-0.028551
0.321812
0.033746
-0.061008
-0.078235
0.000000
-0.081261
0.104995
0.375151
0.008467
0.062420
0.079671
0.014134
-0.007458
0.031062
-0.233505
-0.187379
-0.031600
0.077057
0.063916
0.089477
0.116400
0.062420
0.042399
0.007118
-0.031703
0.051100
0.068920
-0.006594
0.067771
0.193905
0.036722
-0.240988
0.074498
-0.004957
0.017130
0.059411
0.014740
0.100484
-0.000489
0.112795
0.091775
-0.033093
-0.195764
0.096925
0.000000
-0.029161
0.048051
0.024098
0.101185
0.014540
-0.095319
0.003392
0.081404
-0.042633
0.023978
0.026799
0.040863
0.031088
0.004565
-0.107895
0.526658
-0.009840
-0.084473
-0.067370
-0.095471
-0.035343
-0.153459
0.000000
0.124665
-0.015167
0.038613
0.028576
0.092317
0.121531
0.061851
0.017255
0.015921
-0.061963
0.077057
-0.038884
-0.004505
0.033821
-0.017365
-0.182583
-0.021698
-0.002780
0.083870
-0.026323
-0.582739
-0.191451
0.139186
-0.022671
0.013330
0.009996
0.041602
-0.074544
0.017425
0.022959
0.026498
-0.014042
-0.080266
0.040752
0.159411
-0.105861
-0.130824
0.010375
0.104734
0.030225
-0.023972
-0.008806
0.003431
-0.071775
-0.033267
0.119331
-0.013681
0.058867
-0.193174
0.004347
0.288828
0.055204
-0.170479
0.262180
-0.000196
-0.067299
-0.052984
-0.215731
-0.112027
-0.075236
0.031313
0.060432
-0.079529
0.080873
-0.052984
0.062716
0.213862
-0.044988
-0.024786
-0.031341
0.029107
-0.170219
-0.061963
0.255688
-0.024297
0.121754
0.000000
0.045318
-0.127899
-0.260948
0.000000
-0.112392
0.033526
0.005420
-0.080595
0.071249
-0.042579
-0.052368
0.027473
0.014183
0.022422
0.069981
0.000000
-0.007379
-0.017365
-0.093805
0.051100
0.124519
0.000000
0.163023
-0.034149
-0.024488
0.006198
0.036956
0.288828
0.031674
0.085630
0.008290
-0.165893
-0.165735
0.047641
0.000000
-0.170397
0.055063
-0.027050
-0.016666
-0.225374
0.012797
-0.118177
0.000000
-0.006003
0.227693
0.005420
-0.193980
0.029151
0.034211
-0.105861
-0.142875
0.011494
-0.000720
0.155831
0.191982
0.168691
0.000000
0.017970
-0.021698
-0.053841
0.101532
-0.142875
-0.006656
-0.102376
-0.007422
-0.265771
0.026307
0.097500
-0.095582
0.028901
0.031907
-0.052984
-0.047874
-0.184918
0.020740
0.040863
0.033043
0.092287
-0.022333
0.056059
0.000258
0.031522
0.000000
0.031674
-0.050741
0.263446
-0.046714
-0.349104
-0.032644
-0.023612
-0.516570
0.096664
-0.014042
-0.037030
0.034914
0.198408
-0.037030
0.071729
0.174799
0.000258
-0.002176
-0.007843
-0.042802
-0.187379
0.245306
0.030028
-0.105515
-0.000379
-0.022671
0.048674
-0.044720
0.251252
0.068678
-0.102461
0.218979
-0.002456
-0.156893
0.000689
-0.002176
0.007961
0.011370
0.058502
0.087626
-0.280678
0.000000
-0.182556
0.067250
-0.001573
0.003363
0.008473
0.085367
-0.004485
-0.368403
0.036843
0.059189
0.244356
0.068678
0.026144
0.028576
0.032280
0.118859
-0.081694
0.006666
0.024067
0.035846
0.125016
-0.185004
0.088639
-0.010271
0.000000
-0.003149
-0.027774
0.070561
-0.186749
0.071113
0.016562
-0.033857
-0.033857
-0.033857
0.043666
-0.105861
-0.048505
0.033470
0.000000
0.135645
-0.019365
0.121754
0.000000
0.062199
-0.027247
-0.010350
-0.033806
0.008484
0.100839
0.000000
0.000000
-0.023074
0.033504
0.021838
0.004096
0.033784
-0.065606
-0.331140
-0.000420
0.062924
-0.000436
0.290437
-0.038075
0.000000
0.048851
-0.069131
0.160741
0.056169
0.014412
-0.051083
0.042468
0.051128
0.052043
0.044611
-0.052411
-0.010271
-0.053310
-0.038060
-0.125193
0.030225
0.051552
0.020346
-0.126521
0.020346
0.185596
-0.020557
0.000000
0.000000
0.015194
-0.023754
0.117070
0.047875
0.048809
0.015102
0.010506
-0.021108
-0.124171
-0.081785
0.044047
0.066545
-0.046101
-0.015403
-0.488108
-0.049641
-0.007567
-0.060785
0.013915
0.000000
0.004096
0.029729
-0.014477
0.015161
0.065708
0.107645
-0.017921
-0.197049
0.064803
0.174102
-0.002456
0.162257
-0.178020
0.028831
-0.047677
0.089560
0.408574
0.069688
-0.293923
0.145934
0.000000
0.030416
0.078845
0.080295
0.038412
-0.030947
0.012001
-0.146917
0.291273
0.012858
0.000000
-0.019746
0.000000
0.062736
-0.029816
-0.007458
-0.008806
0.044568
-0.052984
0.007506
-0.016177
0.017134
0.090467
-0.186350
0.071785
0.013799
0.036287
0.036287
0.122905
0.010095
-0.011890
-0.035994
0.314458
0.073231
0.088915
-0.407854
-0.048270
0.118039
-0.002304
0.000000
-0.238617
0.074460
-0.019156
-0.000392
0.032445
-0.006258
-0.105861
0.026998
0.102341
-0.020940
-0.004408
-0.095433
0.075744
-0.343404
0.000000
-0.021815
0.017425
-0.047372
0.035680
0.011307
-0.025091
0.037256
-0.127961
0.253231
0.026307
-0.179941
0.027997
0.159244
-0.030947
0.057729
0.062199
-0.179941
-0.022287
0.021838
0.000000
-0.141188
-0.079529
0.016426
-0.021075
-0.203001
-0.271301
-0.271301
-0.178974
0.088401
-0.174132
-0.101657
0.039651
0.081878
0.054377
-0.008599
0.135329
-0.304837
-0.023804
0.014935
-0.118220
0.007584
0.035361
0.080295
-0.011621
-0.014492
0.033746
0.027733
-0.155573
-0.049232
0.072724
0.000000
0.044993
0.014183
-0.112914
0.022450
-0.162697
-0.058809
-0.150287
0.020346
0.058502
0.008794
0.035452
0.000000
0.055787
-0.059260
0.000000
0.014607
0.000000
-0.021178
0.133438
0.076488
0.029773
-0.016359
0.001403
0.012858
-0.016729
0.065231
-0.023333
-0.144098
-0.144098
0.161892
-0.088493
0.073336
-0.053878
0.007562
0.121754
0.000000
0.086559
0.157781
0.028243
-0.054732
-0.002807
-0.025091
-0.034020
0.000000
0.000000
-0.043797
-0.012995
0.005633
-0.247448
0.250810
0.050520
0.096580
0.018730
0.110287
0.086243
0.000000
0.097010
-0.071573
-0.098496
-0.009840
0.000000
-0.008328
0.167643
0.133232
0.009371
0.046521
0.012001
-0.025442
-0.413280
0.037684
-0.141059
0.037221
-0.090495
-0.030517
-0.012995
0.137494
-0.045860
0.001403
0.076474
0.048171
0.164905
-0.036013
-0.103709
0.055063
0.174102
0.046546
0.035543
0.035452
0.026307
-0.035225
-0.000392
-0.035879
0.028635
0.037069
0.190093
0.095357
0.010586
0.017095
0.007678
0.016426
0.192726
0.079997
0.282915
0.109499
-0.057128
0.015513
-0.049372
0.060119
0.083460
0.003983
0.034620
0.029814
-0.023074
0.011307
0.011632
-0.067299
-0.223152
0.037684
0.009569
0.288579
0.029652
-0.073421
-0.122758
-0.023972
-0.062157
-0.043647
0.239224
0.057469
0.000000
0.035465
-0.149300
0.007854
0.005879
-0.015130
0.000000
0.036843
-0.162249
-0.048578
0.024876
0.077049
0.042399
-0.054534
-0.061868
0.008778
-0.289444
-0.067299
0.140934
0.028576
-0.097342
0.166455
-0.023074
0.009426
-0.041722
0.087605
0.051100
0.000000
-0.021720
-0.038075
0.180026
-0.014479
0.000258
-0.138781
0.023646
-0.050377
0.043695
0.242436
0.000000
0.026087
-0.205479
-0.058809
0.007166
-0.015650
0.027997
0.037986
0.039166
-0.048270
0.000000
0.081390
0.007584
0.085630
0.028576
0.032569
0.008473
-0.032792
0.044698
-0.078009
0.016875
-0.020269
0.078757
-0.034745
0.008693
-0.029118
0.000000
0.103432
0.000000
0.065231
0.067250
0.079671
0.036843
0.067884
0.055063
-0.290976
0.022440
-0.035994
0.000000
0.195889
0.098972
0.004565
0.023378
-0.059518
0.008794
-0.017618
0.085630
-0.028407
0.057469
0.096803
0.015753
0.096803
0.000000
-0.011975
0.037169
-0.290976
0.062397
0.134489
0.000000
-0.010714
-0.007965
0.056831
0.121805
-0.259549
0.013150
0.113552
-0.148208
0.053509
-0.154771
0.043187
0.057146
0.139927
0.035465
0.072603
0.008484
0.000000
0.020207
-0.004400
0.107861
-0.046674
-0.022384
0.036091
0.038412
-0.057576
-0.139213
-0.071616
-0.019365
-0.018760
0.044611
-0.047308
-0.081949
-0.079716
-0.038225
-0.005764
0.097078
0.035637
-0.079529
0.029652
0.009371
-0.073332
0.054047
0.055406
-0.034809
0.016426
0.107840
0.042686
0.028427
-0.003926
-0.002607
0.197766
0.064076
-0.083619
0.088409
0.139828
0.000000
-0.020481
0.091050
-0.008356
-0.065289
0.000000
0.046678
0.052043
-0.050377
0.084378
-0.127961
0.046578
0.055259
-0.002780
0.029652
0.091775
-0.152302
0.022018
-0.044392
-0.152358
0.053453
0.071508
0.008484
-0.309689
0.030416
0.072815
0.026023
-0.058464
0.000000
0.025666
0.035770
0.022548
0.083870
-0.014042
-0.014042
0.073168
0.055204
0.000001
0.161525
-0.042579
0.266993
-0.065818
-0.027633
-0.044115
-0.022347
-0.074456
0.051712
0.106154
-0.179712
-0.237568
-0.069869
0.153048
0.097852
-0.046600
-0.067299
-0.182583
-0.023972
-0.034020
0.016875
-0.042901
0.058913
-0.140580
0.065129
-0.178974
0.000000
-0.383977
-0.249410
0.245306
-0.061963
0.000000
0.028989
-0.047677
0.043016
0.000000
-0.043041
-0.024814
0.055731
0.055731
-0.049764
0.010284
-0.153348
0.156974
0.021216
0.040271
0.000000
-0.010976
0.066901
0.062924
0.033757
-0.016825
-0.001944
-0.004408
-0.059518
0.000000
0.000000
0.023978
-0.064674
0.025666
-0.004510
0.055204
0.111777
-0.038884
0.000000
0.070561
-0.066755
0.040271
-0.021815
-0.068485
-0.034149
-0.071618
0.089079
0.019748
0.202288
0.000000
0.043016
-0.010399
-0.088183
0.023378
-0.000392
-0.427418
-0.034020
-0.016177
0.053977
0.013330
0.052757
0.072815
0.081817
0.060432
0.058677
0.068966
0.051988
0.119331
0.105709
-0.002304
-0.060818
0.093900
0.015130
-0.101657
0.037169
-0.101697
0.046905
0.061244
0.139520
-0.077116
0.096668
0.126557
0.021043
0.029125
0.000000
0.109905
-0.019825
0.096664
0.071508
0.003983
0.040271
-0.002035
0.033729
0.030806
-0.077893
0.115477
0.093100
0.023378
-0.009557
0.027987
0.095537
0.074273
-0.014349
-0.030208
0.140941
-0.018121
0.084569
0.060432
0.074948
-0.028780
0.068367
-0.014349
-0.049641
0.060432
0.074948
-0.289444
0.051712
0.087835
0.016924
0.018616
0.010043
0.062493
-0.035879
0.084569
-0.017140
0.042164
0.048051
0.000000
-0.123313
-0.193188
0.000000
-0.002176
-0.142298
-0.174983
0.052757
0.076474
0.062924
0.000000
-0.050638
0.020720
-0.027622
-0.220610
0.000000
0.098094
-0.060818
0.024631
0.000000
0.037200
0.097852
0.152354
-0.121575
0.008124
-0.182990
-0.168506
0.011836
0.096664
-0.142875
0.048171
-0.003150
-0.042736
0.016924
0.011632
0.016924
-0.353497
0.179590
0.101532
-0.024125
0.122964
0.010822
0.022985
-0.186299
0.014740
0.000000
0.000000
-0.017676
-0.010976
-0.019290
-0.123313
-0.123313
0.059304
-0.014349
0.016924
0.000000
-0.194349
-0.218550
0.027987
0.041164
-0.383977
-0.004408
0.044790
0.016924
0.000000
0.015130
0.015130
0.000000
0.016924
-0.113509
-0.027557
0.017425
-0.063188
0.031313
0.062736
-0.593296
-0.138152
-0.008301
0.032445
0.061194
0.049396
-0.026323
0.017425
-0.158400
-0.172434
-0.004629
-0.046674
0.080380
-0.022567
0.000000
0.000000
0.097592
0.019221
-0.210731
-0.037514
-0.152302
-0.066224
0.030416
0.057631
0.033746
-0.004957
-0.047372
-0.006357
0.049855
-0.026483
-0.031070
-0.044944
-0.009840
-0.021108
0.018817
-0.091374
-0.064415
-0.029068
0.060432
-0.006594
0.200010
0.041164
0.073965
-0.009557
0.036993
0.099558
0.017267
0.000000
0.000000
0.000000
-0.001573
0.000000
0.000000
0.033784
-0.269275
0.142403
-0.054631
0.140903
-0.284116
0.005272
0.030416
-0.033016
-0.149300
0.059488
0.119331
0.019589
-0.007858
-0.169315
0.122766
-0.019489
0.076087
0.052085
-0.002780
0.053410
-0.007965
0.008794
-0.003815
-0.016177
0.071727
0.054154
-0.027367
-0.081694
0.027260
0.036993
0.000000
0.064027
-0.002780
0.048086
-0.046600
-0.050741
0.003981
0.063744
-0.089409
0.048851
-0.023804
0.091264
0.121857
-0.203001
0.070123
0.046964
-0.052528
0.148662
-0.008937
-0.000302
-0.178974
0.060432
-0.117461
0.000000
0.095537
-0.007379
0.085117
-0.025948
0.000000
0.260941
0.030866
-0.106217
0.086243
-0.026483
0.000000
0.052109
0.062199
-0.038288
-0.038288
0.100629
-0.008301
0.017130
0.168526
0.000000
-0.052368
-0.225374
0.029729
0.004922
-0.049764
0.031313
-0.124772
0.054154
-0.111364
0.094990
-0.047014
-0.050481
0.119290
0.000000
-0.094324
0.094463
0.055015
-0.042380
-0.099132
-0.026722
0.000000
0.048851
-0.002035
0.028635
-0.054956
0.032176
-0.028551
0.044749
0.034930
0.076370
0.041744
0.015854
-0.121575
-0.027018
0.002997
-0.083923
-0.135956
-0.075398
-0.002304
-0.026652
0.020250
-0.057386
-0.084473
-0.083293
-0.050741
-0.414387
0.186570
0.000000
-0.004946
-0.014179
0.000000
0.025171
0.124659
-0.035974
-0.001787
-0.002877
-0.022671
-0.027098
0.033281
-0.004400
0.018817
0.025117
0.061244
0.039456
-0.149890
-0.004545
0.007929
0.029814
0.000000
0.009569
-0.111114
-0.101657
-0.019290
-0.014307
0.088915
-0.018659
-0.023259
0.034211
-0.080459
-0.059942
0.038794
0.139592
-0.051750
0.062576
-0.085073
0.021401
-0.003447
-0.029694
-0.004545
-0.003926
0.020242
-0.123313
0.143520
0.080474
0.070399
0.080873
0.231901
0.110230
0.068208
0.067771
0.069651
0.093089
0.043561
0.045318
0.044698
0.052109
-0.023259
0.036843
-0.033757
0.000000
0.195281
-0.134832
-0.028989
0.073231
0.146536
0.001771
0.000000
-0.003276
-0.018378
-0.000350
0.103432
-0.170339
0.051100
-0.034326
-0.002072
0.020346
0.037196
-0.102461
0.000000
0.213291
0.033526
0.000000
-0.022521
0.013411
-0.133902
0.105206
0.038794
-0.027231
-0.028424
0.008036
0.062420
0.023331
0.128258
0.000234
-0.179941
-0.027774
-0.455073
-0.108468
0.055015
0.027260
-0.017921
-0.012995
-0.280430
-0.036635
0.000000
0.000000
-0.404472
-0.016177
0.011076
0.034979
0.053478
0.058603
-0.123313
0.134820
0.000000
0.035465
0.086737
-0.036827
-0.259549
-0.546985
-0.031854
-0.035974
0.033757
-0.026483
-0.232077
-0.622884
-0.062825
-0.042579
0.029226
-0.013006
0.062560
-0.022384
0.054198
0.270135
0.107144
-0.142298
-0.020557
0.263446
-0.027018
0.074037
0.141469
-0.172591
-0.074441
-0.042241
0.000000
0.068618
0.115824
-0.028989
0.041269
-0.023612
-0.178087
0.006980
0.047992
0.081310
0.069094
0.000000
0.157781
0.144568
-0.043041
0.099030
0.000000
-0.123313
0.083042
0.005633
-0.230188
0.025562
0.041164
0.266993
0.022616
-0.309781
0.085077
-0.015491
-0.088263
0.026998
0.086188
0.063712
-0.078627
0.015823
0.060019
-0.063635
-0.187379
-0.085931
0.031026
-0.000393
-0.053441
-0.000302
-0.047372
-0.026538
-0.016301
0.019940
0.029829
-0.025766
0.044790
-0.024870
0.069640
0.007562
0.001403
0.006903
-0.234076
-0.238301
0.134492
-0.061201
0.037865
-0.127965
0.000000
0.109905
-0.050754
0.015161
0.261852
0.007584
-0.010311
-0.020557
0.097905
-0.047677
-0.038075
-0.032958
-0.009272
0.130646
0.014607
-0.039871
0.000000
0.007506
0.149186
0.000000
0.027143
-0.016359
-0.016359
0.018160
0.000000
0.025666
0.036970
-0.010714
0.000000
0.026087
-0.004408
-0.004408
0.067902
0.068073
-0.030931
0.000000
0.012001
0.012001
0.012533
-0.061008
-0.050377
-0.085620
-0.047007
0.084644
-0.086471
0.055295
0.074037
-0.007905
0.001403
-0.024786
0.016875
0.047523
0.023978
0.032445
0.000000
0.024615
-0.032411
-0.213447
0.048851
0.048674
0.048674
0.153400
0.013411
-0.004629
0.137357
-0.034421
0.041081
-0.000460
0.007602
-0.061395
-0.157582
0.022018
0.000000
0.003983
-0.021815
-0.023259
-0.003684
0.094990
0.155865
0.052295
0.047488
0.043325
-0.123313
0.099346
-0.018411
-0.011621
-0.039134
0.000000
-0.024119
-0.037514
0.051289
-0.087576
-0.088263
-0.151780
-0.131571
0.081492
0.190027
0.119331
-0.008830
0.096216
-0.051750
-0.016177
-0.026483
-0.007379
0.068073
0.027856
0.002747
0.048674
0.000000
0.051100
-0.047014
-0.002435
-0.026483
-0.002575
-0.017140
0.031313
0.086243
-0.024770
0.114883
-0.105861
0.072927
-0.005017
0.116400
0.039651
0.047488
-0.045712
0.070237
0.117939
0.029151
-0.002780
0.031313
-0.035974
0.260870
0.076219
0.038472
0.054093
0.024876
0.033191
-0.053252
-0.037384
-0.027774
0.052735
0.029652
0.005591
-0.083923
0.014183
0.146766
-0.020234
-0.407854
0.157781
-0.138152
-0.218550
-0.181368
0.002522
0.036843
-0.258398
0.028427
-0.047305
-0.131571
-0.018760
-0.071493
0.061056
0.164542
-0.031813
0.020034
0.008787
-0.158010
0.030070
-0.081261
0.207575
-0.003437
-0.024770
0.013960
0.000000
0.045318
-0.011621
0.007506
0.000000
0.058149
0.000000
-0.127965
-0.022533
-0.022533
-0.042241
0.000000
0.002199
0.000000
0.016620
0.082271
0.013330
-0.123027
0.000000
0.076474
-0.167587
-0.085931
0.004510
0.031313
0.116719
0.022775
0.223755
-0.443049
-0.028407
0.048402
0.000000
-0.233003
-0.245269
-0.349187
0.024615
0.051343
-0.011621
0.195980
0.025666
0.096803
0.052623
-0.010903
0.073413
0.156974
-0.031070
0.137466
-0.143907
0.077283
0.000000
-0.182583
0.071785
0.146834
-0.006656
0.023870
0.104106
0.164639
-0.081689
0.056550
0.084645
0.065566
0.065096
-0.030947
0.129600
0.000000
0.024098
-0.029597
-0.240988
0.043593
0.041164
0.117070
0.000000
0.140759
-0.010280
0.045318
-0.034263
0.011307
0.047488
-0.002304
0.042468
0.012858
-0.060159
0.210518
-0.047445
-0.092978
0.068506
-0.038430
0.052085
0.035284
0.028667
0.026998
0.033526
0.000000
0.097905
0.104268
0.103694
0.028635
0.165188
0.061244
-0.001750
0.000000
0.009043
0.034914
0.103852
0.030070
0.062078
0.041382
0.000000
0.111834
0.000000
0.007678
-0.157582
0.058386
0.035465
0.133375
0.000000
0.033795
0.065231
0.122929
-0.024125
0.017130
-0.279275
-0.046638
-0.014020
-0.014020
-0.154640
0.083870
-0.174983
-0.174983
-0.174983
-0.031070
-0.027633
0.038460
0.108599
0.028989
0.056268
0.094461
-0.084473
0.011076
-0.014042
0.036993
0.002413
0.161914
0.016694
0.049159
-0.033016
0.096616
0.143520
-0.044467
-0.145142
-0.002035
0.000000
-0.015561
-0.153169
0.048851
0.095756
0.156974
0.242798
0.136309
-0.193188
-0.035225
0.014399
0.000000
0.096163
-0.034020
-0.000302
-0.096457
0.007562
0.089183
-0.002035
0.109499
-0.028424
0.033757
-0.175779
0.003983
-0.085784
-0.000436
-0.038878
0.000000
0.031385
0.068736
0.043760
0.000000
0.121879
-0.048172
-0.034149
-0.112914
0.000000
0.000000
0.097733
0.029284
0.016426
-0.021815
-0.039134
0.007678
0.000000
0.016395
0.001554
-0.037628
-0.010714
-0.085931
0.049855
0.032656
0.053354
0.000000
0.026300
-0.061201
-0.001750
0.000000
-0.027633
0.028667
0.000000
-0.147720
0.021336
0.008850
0.010289
-0.025544
-0.151780
0.001028
0.019921
0.222725
0.004664
-0.088263
0.013554
0.013799
-0.261978
0.034914
0.034914
-0.074523
-0.022964
0.073058
0.044752
-0.027098
0.000000
0.004279
0.145313
0.000000
0.037856
0.067884
0.015161
0.011645
-0.046178
-0.023074
-0.023074
-0.023074
-0.022964
0.074357
0.014903
-0.094324
0.131087
-0.122868
0.094990
-0.078730
-0.182238
-0.046670
-0.028551
0.062880
-0.000715
0.035452
-0.069158
0.013799
-0.002304
-0.011621
0.026087
0.059302
-0.166224
0.067274
-0.008806
0.005256
-0.025307
0.054500
0.027064
-0.072938
0.000742
-0.123313
0.001866
0.013574
0.073209
-0.287909
-0.223480
-0.016177
-0.008806
-0.101150
0.017425
0.083870
0.030416
-0.045228
-0.046183
0.000000
0.112804
0.004435
-0.026483
0.265018
0.025087
0.011713
-0.010441
0.000000
-0.097882
0.026480
-0.081681
-0.002877
0.015161
-0.023074
0.079671
0.026822
-0.219899
0.073547
0.054970
0.147398
0.035087
-0.009146
0.000000
0.000000
0.095658
-0.089809
0.000000
-0.026483
0.000000
0.029814
0.016004
-0.017365
-0.026483
0.004565
0.033526
0.001771
0.004096
0.060432
0.099558
0.001926
-0.010976
0.076622
-0.130971
0.118417
0.046546
-0.032139
-0.387715
-0.119019
-0.032582
0.025101
-0.362007
0.087964
0.033757
0.000000
0.140207
0.093077
0.043760
-0.052368
0.091950
0.058913
0.015182
0.101185
-0.233505
-0.001107
-0.053345
0.315990
-0.045276
-0.016910
-0.163315
0.021216
0.114920
0.002413
0.099537
0.352986
0.091274
-0.046714
-0.280471
-0.058608
-0.026652
-0.026652
0.131016
0.013330
0.038794
0.021798
-0.045612
0.007309
-0.147230
0.032187
0.187037
0.000000
-0.233505
0.028635
0.086067
0.002848
-0.023612
-0.058809
0.000528
0.097749
0.016745
-0.053751
0.020250
0.144920
0.000000
0.097749
0.047488
-0.056468
0.081141
-0.123142
0.036993
-0.131618
-0.020931
0.000000
0.000000
0.013554
-0.034145
0.019918
-0.032792
-0.073228
-0.261978
0.059866
-0.404472
-0.261978
-0.013720
0.000000
-0.236835
0.071152
0.221219
-0.122489
0.000000
-0.000302
0.080658
-0.003302
-0.053345
0.028667
0.073549
-0.016729
0.067561
-0.003276
-0.025091
0.000000
-0.000582
-0.147850
0.014740
-0.101657
-0.020557
-0.046638
0.015921
-0.061201
0.041086
0.016924
-0.035974
0.004565
0.020720
-0.009847
0.004347
-0.451719
0.000000
0.032107
-0.007422
0.000000
-0.000179
0.014412
0.000000
-0.044319
-0.060511
0.000000
-0.127965
0.000000
0.102777
0.051552
-0.037228
0.024876
-0.004667
0.103716
-0.024675
0.096370
0.035452
0.011539
0.034763
0.042686
-0.032958
-0.018760
0.064004
0.141776
-0.266161
-0.018620
0.067771
-0.026483
-0.000393
0.070557
-0.109680
0.014412
0.078062
-0.192777
-0.073163
0.000001
-0.007210
0.041081
0.008493
-0.182238
0.008539
-0.026483
-0.148648
0.021798
-0.118413
-0.009723
0.017394
0.000000
0.019266
0.007562
-0.063135
0.006764
-0.127899
-0.122489
0.000000
0.038140
-0.153169
0.033795
-0.155932
0.012005
0.013411
0.002848
-0.024488
-0.036190
-0.023259
0.113718
-0.172384
0.000000
-0.249750
0.000000
-0.018140
-0.197049
0.241857
0.000000
0.043666
0.000000
0.052231
0.000000
-0.003150
0.002413
0.187431
0.000000
0.108515
0.007166
0.027473
0.080873
0.031582
-0.146338
-0.121575
-0.033757
0.001403
0.043666
0.067274
-0.033757
-0.009723
-0.123313
0.056978
0.092595
0.023528
-0.023612
0.049067
-0.004425
0.061851
-0.133902
-0.053878
-0.885307
-0.110846
0.000000
-0.003216
0.101185
0.254417
0.087695
0.086481
0.028989
0.005416
0.036287
0.000000
0.175635
0.000000
-0.052244
0.023331
0.105206
0.078676
-0.156534
0.000000
0.027733
0.000000
-0.185220
0.078109
0.096664
-0.169929
0.041602
0.136512
0.013330
-0.005755
-0.033857
0.026998
0.011713
0.034211
-0.051750
-0.009136
0.006903
0.109472
0.019049
-0.121575
-0.164214
-0.407854
0.164677
-0.000446
-0.024678
0.026558
0.002958
0.035206
-0.039134
0.111074
-0.009557
-0.073995
0.000000
-0.145791
0.068920
0.014658
0.000000
-0.454242
-0.048505
-0.038060
0.093132
-0.053878
-0.398108
-0.044392
-0.010399
-0.098031
0.054970
0.073547
0.082271
0.085630
-0.016262
-0.010280
0.136309
0.008290
0.008290
-0.054956
0.005100
-0.034490
0.027124
0.119331
-0.016301
0.121189
0.031674
-0.117033
0.051542
-0.056468
-0.032792
0.159630
-0.000460
-0.029597
0.103716
-0.006656
0.102777
-0.024675
-0.025091
-0.228796
0.046678
0.044611
0.004347
0.071651
-0.001750
0.272486
-0.003815
0.021982
-0.040701
0.025363
0.107840
-0.047372
-0.151780
-0.039871
-0.013720
0.000000
-0.075646
0.027987
0.198719
0.046916
0.017622
0.000238
-0.204538
-0.133902
0.000000
0.093900
0.053969
-0.122686
0.037590
-0.112409
0.073547
-0.116216
0.048398
0.014862
0.101532
-0.099635
0.000000
-0.219282
0.068678
0.005218
0.081759
0.000872
0.055901
-0.131618
0.133655
-0.009852
-0.013803
0.066117
-0.546985
-0.036827
-0.151317
0.034211
-0.018477
0.055466
0.000000
0.052045
0.016068
0.133024
0.025470
-0.004545
-0.034149
0.031582
0.104321
0.010586
-0.174748
0.058913
-0.016025
-0.454242
-0.024675
0.084352
0.035770
-0.047007
0.101713
-0.002780
0.000000
-0.000302
0.016426
0.002969
0.043695
-0.008344
0.137207
0.024876
0.113332
0.013799
0.126113
0.023378
-0.014349
-0.017676
0.000000
0.011350
-0.127899
-0.383977
0.198408
0.077827
0.051542
0.053263
-0.006017
-0.157264
-0.078693
0.010586
-0.013511
0.015947
-0.081525
0.039651
0.119690
-0.037228
0.000000
0.052623
-0.020309
-0.178087
-0.026987
-0.065023
-0.000720
0.000000
-0.038884
0.013117
0.012001
-0.013042
0.000000
-0.149519
0.072450
0.113962
0.052702
0.003363
0.031062
-0.219282
-0.080266
-0.211835
-0.030965
-0.023972
-0.071122
-0.081261
-0.056468
0.000000
-0.013331
0.029814
0.056268
0.010448
0.000000
0.051712
0.172884
0.054590
0.034211
0.184317
0.067274
-0.150186
0.026087
0.057631
0.008473
0.026480
-0.027774
0.101362
-0.088263
0.035846
0.109905
-0.020940
-0.003978
0.032446
-0.240988
0.045507
0.016004
-0.011138
0.018106
0.000000
0.074037
-0.028551
0.102341
0.133438
0.023927
0.020201
-0.014020
-0.083923
0.000608
0.043429
0.005218
0.056621
-0.031695
0.014795
0.041086
-0.028551
-0.014042
0.020346
-0.000720
-0.004400
-0.010280
-0.012031
-0.093456
-0.026987
-0.100064
0.156974
0.156974
0.000000
0.164555
0.007166
-0.014020
0.014658
0.035846
-0.043360
-0.338222
-0.001394
-0.104520
-0.167893
0.245774
0.079838
0.000000
-0.172504
0.000001
0.000000
0.029765
-0.080662
-0.035149
0.054377
0.000359
0.143520
-0.033887
0.000000
0.087852
0.162779
-0.238181
0.057631
-0.178087
0.054198
0.000000
0.146423
-0.005485
0.122643
-0.026987
0.012797
0.188548
0.087605
0.000000
-0.008806
0.044698
0.013960
0.080380
0.027473
0.140903
0.000000
-0.000179
-0.025091
-0.024870
0.048237
-0.012594
0.012797
-0.021178
0.028576
0.058489
-0.185259
0.041081
-0.000210
0.066151
-0.023259
-0.127961
0.015130
-0.007458
-0.034020
-0.022575
-0.153169
0.060432
0.001580
0.000000
-0.136201
0.032445
-0.059856
-0.024786
-0.022533
-0.084163
-0.276168
0.186694
-0.162005
0.140903
0.153400
0.199626
-0.019491
0.080485
-0.000210
-0.002900
-0.087115
0.052623
0.051780
-0.032619
-0.050481
0.104093
-0.001192
0.103655
-0.034490
0.067401
0.079758
-0.127961
0.052043
-0.057800
-0.015078
0.051658
0.012001
0.000000
-0.039134
0.000000
-0.097287
-0.007611
0.150265
0.032025
0.012639
0.000000
0.036843
-0.037228
-0.001787
0.076474
-0.101657
0.103432
0.000000
0.271502
0.065129
0.052109
-0.026987
0.069981
-0.112383
0.064040
0.026987
-0.197049
-0.055096
-0.002942
-0.000290
0.016071
0.129092
-0.027869
-0.078248
0.033821
-0.153169
0.125017
0.005591
0.156974
-0.127961
-0.003815
0.003194
-0.028551
0.055015
-0.010714
0.036993
-0.102461
-0.072989
0.015194
0.008124
0.000000
-0.023154
0.000000
-0.066001
0.062420
0.085669
-0.037514
0.231901
-0.047007
-0.026483
-0.310744
0.033191
0.094153
0.135545
-0.005629
-0.010961
-0.193188
-0.048505
-0.022671
-0.041802
-0.000673
0.013960
0.069152
-0.022533
-0.280678
0.000000
0.059302
0.266993
-0.008579
0.000000
-0.021108
-0.043613
0.032352
-0.131568
0.026998
-0.271301
-0.048505
-0.087576
0.059302
0.077836
-0.178087
-0.016522
-0.044944
-0.022970
0.000000
-0.186694
-0.125741
0.182016
0.069107
0.000000
0.038140
0.000827
-0.031070
-0.066755
0.077057
0.049855
0.000000
0.000000
-0.085710
0.043529
-0.042937
-0.006003
0.014740
0.022233
-0.009563
-0.042105
-0.002575
0.037057
0.000000
-0.019859
0.160012
0.057054
-0.364645
0.000238
0.057817
-0.002877
0.036998
0.000001
-0.135414
0.055287
-0.043360
0.090629
0.018817
0.051918
0.033757
0.095756
0.037057
-0.037030
-0.056766
0.179686
0.003363
-0.094848
0.072695
0.033504
0.038284
0.020250
-0.004400
-0.017676
-0.065023
-0.117244
0.091775
0.078366
0.098085
0.012543
0.075852
0.024538
0.033558
-0.124131
-0.060818
0.082604
0.163686
-0.027050
-0.025040
-0.049372
-0.018961
0.063128
-0.020309
-0.018366
-0.150294
-0.024814
0.020720
0.000000
0.018596
-0.009272
-0.059560
-0.165757
0.078398
0.010574
-0.025285
0.000000
0.117963
-0.001838
-0.006003
-1.117433
-0.000715
0.017255
0.036993
0.000000
-0.105861
0.053662
0.014740
0.117070
0.000000
0.000000
0.084985
0.084985
0.014935
-0.182583
0.000000
-0.091460
-0.043766
-0.041626
0.104525
0.063128
0.084985
0.042468
-0.035225
0.186669
-0.637894
0.015194
0.000000
0.052735
0.121754
-0.145524
-0.040920
0.000000
-0.052244
0.141008
0.048051
-0.150186
-0.035808
0.018629
0.030806
0.082271
-0.017921
-0.383786
0.061244
0.076396
-0.081525
-0.042087
-0.038045
-0.059156
-0.054556
-0.054956
-0.147823
-0.074164
-0.038324
0.028667
0.352019
-0.002207
-0.022964
-0.000200
0.016276
-0.074546
0.010899
0.014658
0.027733
-0.014042
-0.000179
-0.012725
-0.185004
-0.144098
0.072528
-0.035699
0.072302
-0.014020
-0.022964
-0.049372
0.000000
-0.034561
-0.162697
-0.102461
-0.113991
-0.046817
0.113808
0.049235
-0.011187
0.034447
0.024067
-0.047677
-0.010019
-0.024814
0.000000
-0.000673
-0.121575
-0.053406
0.187431
0.067126
0.016875
-0.249166
-0.003452
-0.102095
0.015921
-0.000715
0.109355
0.003983
-0.007858
0.126463
-0.044799
-0.157813
0.024615
-0.004505
-0.060818
-0.012368
-0.047139
-0.152358
0.093114
-0.095668
0.059066
0.001771
0.030806
-0.042633
-0.183885
-0.249166
0.036091
0.025363
-0.035181
-0.032792
-0.024163
0.006624
0.104525
-0.012472
0.050247
0.000000
-0.101657
-0.010441
0.160113
0.039137
0.000000
-0.028407
0.013531
-0.131571
0.372774
-0.367174
-0.019290
0.000000
0.000000
0.076220
0.140190
0.031582
-0.053441
0.046465
-0.150186
-0.155932
0.000000
-0.010311
-0.014042
-0.137560
0.091775
0.124966
-0.065210
0.013330
0.035570
0.036864
-0.112914
-0.023154
-0.067299
0.013411
0.097535
-0.211378
0.029151
0.000238
0.000827
0.075349
-0.020557
0.038412
-0.005393
0.000000
0.107555
0.033281
-0.023612
-0.027367
0.067771
0.052701
0.051712
-0.122698
0.063593
-0.007611
-0.038045
0.000000
0.000000
0.117640
0.008473
0.024067
-0.050377
-0.123983
0.005262
0.079812
-0.008937
-0.004946
0.073957
-0.022444
0.038390
-0.030931
0.010095
-0.010903
0.041997
-0.155932
0.016065
-0.061201
0.060066
-0.060818
0.089249
0.011494
-0.038075
-0.010399
0.015161
0.063128
0.014862
-0.034736
0.094683
0.008783
0.115215
-0.184467
-0.038868
0.002031
-0.061868
0.171789
-0.102509
0.013195
-0.085238
0.142586
0.007166
0.139786
-0.022828
0.000000
-0.233505
-0.041869
0.054358
0.000872
-0.097593
0.021798
0.001028
0.057631
0.095670
0.051032
0.099762
0.108520
0.014118
-0.009607
-0.049372
0.004347
0.008002
0.069981
0.010506
0.097116
-0.380166
0.019326
0.242010
0.256094
0.157781
-0.061008
0.000000
0.034211
0.036998
0.181496
0.097905
0.006901
0.000000
-0.184467
0.007929
0.027473
0.081841
0.000000
0.088746
-0.030931
0.032656
-0.021387
0.081492
0.028980
0.000000
0.047533
0.020585
0.056883
0.003713
-0.014042
0.082604
-0.033806
0.050169
0.080295
0.041602
0.077145
-0.002336
0.057817
-0.032792
0.025171
-0.016301
-0.024125
-0.043317
0.035846
-0.036635
-0.061125
-0.043041
-0.054956
0.051812
0.028667
0.062078
0.019814
-0.185004
-0.000608
-0.116413
0.197607
-0.001787
-0.013627
0.011076
-0.057212
0.067274
0.195319
0.062924
0.133438
-0.046714
-0.009723
-0.070777
-0.024770
0.167173
-0.057128
-0.145546
0.014412
-0.172255
-0.112027
0.267725
0.061244
-0.032958
0.112713
0.136066
-0.258522
-0.000180
0.034211
0.000234
0.051552
0.016704
0.052757
0.013554
-0.008328
0.000000
0.039311
0.097749
0.014625
0.026998
0.124856
0.062364
0.105140
-0.010931
0.090594
-0.142634
0.054607
-0.066790
0.076615
-0.035974
0.009274
-0.121575
0.037590
0.319001
-0.169929
0.263446
-0.207099
0.067771
0.058913
-0.047445
0.060264
-0.027367
-0.001573
0.017622
0.000000
-0.033887
0.082604
0.008165
0.013554
0.033792
-0.097950
-0.081133
0.084644
0.002848
-0.238181
0.047641
-0.009408
0.077100
0.000000
0.096803
0.113808
0.041871
0.026144
-0.000179
0.010586
0.118306
-0.052456
0.049077
-0.060818
-0.088263
-0.280678
0.064871
0.124758
0.013554
0.027987
-0.006198
0.045318
0.013554
0.105660
0.004102
-0.003692
0.025666
-0.103753
-0.009350
0.052565
0.057631
0.047682
-0.113991
0.015132
-0.023612
-0.049232
0.169257
0.020250
0.059979
-0.070592
-0.003341
-0.315370
0.000000
0.024615
0.014089
0.030806
0.000000
-0.024948
0.215947
-0.126479
-0.012967
0.000000
-0.010643
-0.040920
-0.000436
0.077876
-0.010441
0.033941
-0.081525
0.117694
0.022523
-0.113991
-0.151780
0.029773
0.031826
0.266993
0.000000
0.012488
0.266993
0.000000
0.000000
0.013946
0.008124
0.040752
-0.184467
-0.022533
0.004565
0.048674
0.030416
-0.020940
-0.000409
0.024356
0.000000
-0.152358
0.027997
0.000000
-0.032619
-0.025734
0.010605
-0.046158
0.018209
0.002413
-0.106145
0.149076
-0.256443
0.136835
0.020923
-0.046600
0.109499
-0.002035
-0.027050
0.010586
-0.133902
-0.053878
0.005633
0.067187
0.000000
0.044749
0.026998
0.031522
0.005420
0.038794
0.002848
0.023798
0.000000
-0.040730
0.029107
0.037865
0.029773
-0.083619
-0.009272
0.094839
0.019246
0.043067
-0.003851
0.040511
0.124982
0.000827
0.001926
-0.349165
-0.105861
0.111050
0.000827
0.011831
-0.018366
0.000000
-0.013042
0.083306
0.053969
-0.070191
0.013411
-0.092713
-0.240988
-0.004510
0.026822
-0.041374
0.006901
-0.061008
-0.022694
0.005420
0.022352
0.019456
0.003644
0.000000
-0.116369
0.115178
0.041081
0.000000
0.000000
-0.012995
-0.073058
0.023978
-0.001787
0.062078
0.201210
0.064004
0.061022
0.036970
-0.003882
-0.010903
0.146536
-0.042241
0.106824
0.036998
-0.933022
-0.101657
0.000000
-0.111224
-0.013423
0.071927
0.000000
0.015252
0.077668
0.071491
-0.032619
-0.046674
0.031907
-0.004505
0.330048
0.044375
0.042468
1.097184
0.000000
-0.152358
-0.030931
-0.290976
0.035846
0.015456
0.047752
0.038557
-0.002336
-0.024163
0.024936
0.086481
-0.011579
-0.207099
0.027733
0.097031
-0.022267
-0.183885
-0.061510
0.026511
-0.002799
0.099416
0.000000
-0.060293
0.097780
0.078366
-0.060109
0.000000
0.000000
0.052085
0.015415
0.008473
0.067250
0.183456
0.093936
-0.026652
0.048237
-0.054732
0.036843
0.216706
0.240205
0.039077
0.121857
-0.038884
0.022898
-0.020557
-0.133858
0.000000
0.033558
-0.035225
-0.135548
-0.024786
-0.028069
0.037476
-0.173507
0.189742
-0.000681
0.013411
0.076474
0.000000
-0.084560
-0.085931
0.069705
0.000000
0.017130
-0.019365
0.276509
0.179590
0.166654
0.030884
0.052295
-0.024297
-0.010821
0.003134
-0.028620
-0.219282
0.014065
-0.018959
0.215596
-0.013627
-0.052456
-0.027350
0.084076
0.031447
0.000000
0.003423
0.083842
-0.061452
0.014183
0.066893
0.057054
-0.153169
-0.071493
-0.203001
-0.020234
0.023144
0.011307
-0.002877
-0.017921
0.007055
0.108676
0.125214
0.000000
0.017255
-0.000302
0.018817
0.044501
-0.113991
0.266993
-0.102461
0.023819
-0.037310
0.157818
0.011076
-0.295389
0.018937
0.040088
-0.039666
-0.000460
0.084913
-0.017140
0.008290
0.016982
0.000000
-0.062841
0.263446
0.021838
0.019854
-0.020175
0.087605
-0.030890
-0.010976
0.065279
-0.290013
0.033746
-0.031130
0.022265
-0.000715
-0.027018
0.035770
0.173130
0.071785
0.209572
0.046223
-0.012995
0.037069
0.036843
0.073231
0.074912
0.039081
-0.018959
0.057146
0.019814
0.000000
-0.029597
0.186668
0.058677
-0.086686
-0.004835
0.070559
0.079218
0.058995
0.102341
-0.003525
-0.023259
0.094153
0.115581
-0.002072
0.015751
0.046798
0.128073
0.093787
-0.042241
0.057054
-0.141059
0.000000
0.000000
-0.147354
-0.035994
-0.018659
0.032607
0.081492
-0.004408
0.014169
0.058913
0.026822
-0.004103
0.007166
0.001926
0.082246
0.116950
-0.017333
0.035983
0.000000
0.009068
0.174803
0.053969
0.000123
0.080485
0.029630
-0.017315
0.000000
-0.010441
0.171132
0.012718
0.015211
-0.051889
-0.349165
0.327281
-0.102461
-0.133296
-0.008301
0.080873
-0.035879
-0.249166
-0.047007
-0.152582
0.030806
0.000000
0.043561
-0.056766
0.003134
0.055204
0.042686
-0.000436
0.024444
0.024098
0.085969
-0.001746
0.030806
-0.007422
0.035680
0.019266
0.022018
0.110140
-0.027620
0.058692
-0.142298
0.000000
-0.007611
-0.037030
0.203118
0.097749
-0.014020
0.000000
0.045576
0.037406
-0.047308
-0.018959
0.037591
-0.004835
0.000000
-0.003733
0.050247
0.026144
0.065129
0.000000
0.000579
0.007678
-0.002176
0.015921
0.156974
-0.055569
-0.050377
-0.176009
0.002260
0.012364
0.010605
0.020791
0.007929
0.000000
0.051602
-0.018659
-0.002780
0.041352
0.029773
0.015921
-0.063598
0.013799
0.000000
0.041086
-0.001746
-0.071042
0.015194
0.029282
0.042399
0.125015
0.029689
0.028427
-0.008950
-0.029718
0.206614
0.066743
0.027987
0.006624
0.025666
0.000000
-0.117689
0.018884
-0.031190
0.080744
-0.051606
0.000000
0.000000
0.008850
0.001580
0.008794
-0.049191
-0.187379
0.071058
0.000838
0.008290
0.103716
0.015161
0.059066
0.008002
0.096803
0.057782
0.085779
0.073875
-0.029588
-0.170339
0.036163
-0.044847
0.005633
-0.009864
0.070561
-0.029419
-0.045139
0.058677
-0.001192
0.080873
0.052085
-0.027098
0.000000
-0.013006
0.084747
0.000000
0.052623
0.029589
-0.072504
0.033842
-0.000455
-0.026483
-0.057456
0.014935
-0.065807
0.000000
-0.002176
0.011180
0.008124
0.119331
-0.066237
0.138966
0.012858
0.110904
-0.029133
0.015387
0.041164
0.027260
-0.122725
0.062924
0.006903
-0.275753
0.000000
0.122317
0.000000
-0.034421
0.212634
0.015854
0.059702
0.059066
-0.074707
-0.087766
-0.083271
0.083436
0.035846
0.021252
0.007562
-0.127562
0.009015
0.004096
0.020720
0.066947
-0.094725
0.076353
-0.047007
0.000000
0.071729
-0.030196
0.043016
0.001554
0.027260
-0.000720
0.000000
-0.033093
0.042537
0.014658
0.028980
0.000000
-0.091393
0.228933
0.054826
0.115178
-0.087576
-0.050481
-0.017689
-0.022533
-0.213761
-0.024786
0.057631
-0.038002
0.007562
0.080485
-0.028158
-0.046638
-0.004545
-0.233269
-0.029118
-0.012995
-0.017140
-0.071616
0.268438
-0.258522
0.012042
-0.042901
0.061453
-0.044944
-0.044944
-0.032616
-0.035574
0.026087
0.046546
0.057469
-0.007858
-0.019530
-0.090053
0.023331
0.005639
-0.097593
0.013574
0.100701
0.036953
0.117694
-0.162697
-0.052244
-0.233505
-0.052244
0.038140
0.026307
-0.061005
0.070811
-0.009960
0.150566
0.026987
-0.028354
0.003392
-0.205692
0.049855
0.017425
0.151821
0.125231
-0.103950
-0.289444
-0.083923
0.067428
-0.087763
0.065231
0.016071
-0.407854
-0.102642
-0.014042
-0.015403
0.144672
0.000000
-0.044910
-0.067299
0.048761
0.142732
0.031026
0.043187
-0.101657
0.179815
0.015161
0.021216
0.076817
0.000000
0.000000
0.046905
-0.468654
0.020207
0.032727
-0.019963
-0.038324
0.092877
0.016762
-0.484608
0.029652
0.092205
0.110218
-0.187179
-0.063152
-0.002780
0.007118
-0.024814
-0.015929
0.055731
-0.141059
-0.001746
0.053969
0.037057
0.020207
0.035380
-0.015167
0.066071
-0.233269
-0.024257
0.012230
0.009371
0.031582
0.085630
-0.025544
-0.020557
0.055426
0.113485
0.000742
-0.106145
0.081809
-0.025091
-0.049232
-0.009872
0.131016
0.118657
0.192820
0.218450
0.014738
-0.127099
0.004446
-0.008328
0.280407
-0.027633
-0.013042
0.000000
-0.010903
0.000001
-0.053441
0.077049
0.007112
0.000000
-0.022671
-0.033093
0.008444
0.017130
0.084689
0.016875
0.054607
-0.546985
-0.018378
0.043666
0.124992
0.017425
-0.048705
-0.017140
0.044698
0.043636
-0.166647
-0.013592
-0.033132
0.011494
0.044698
-0.398108
0.049235
-0.002304
0.037200
-0.053245
0.048674
-0.017676
0.001580
0.074852
0.085698
-0.689275
0.199672
-0.007858
0.025087
0.007166
0.268438
0.048851
0.095537
0.014658
-0.072484
-0.061365
0.203013
0.046579
-0.244246
0.000834
-0.005553
0.150479
-0.077692
-0.017319
0.265435
0.166601
0.137276
-0.018366
-0.040920
-0.053345
0.100786
-0.017365
-0.058905
0.069814
0.053263
0.085665
0.004439
0.006901
-0.136909
0.190230
-0.279419
-0.034171
-0.042859
-0.075049
0.087580
-0.009272
-0.148499
-0.071493
0.036091
0.087605
0.029729
-0.000282
0.078842
0.000000
0.065231
-0.174983
0.036642
0.055627
-0.106589
0.036993
-0.001787
0.076219
-0.383977
0.000000
0.140903
0.027997
-0.061963
-0.020269
-0.141059
0.083870
0.053969
0.029560
0.043561
0.125014
-0.249166
0.097852
0.057817
0.068589
0.069094
0.052735
0.231901
0.026144
0.037144
-0.124570
-0.199755
0.066545
0.071508
-0.117033
0.050247
0.000000
-0.046714
-0.008806
0.077057
0.007929
0.125013
-0.046259
0.125965
0.025325
-0.004667
0.005177
0.073089
-0.233269
0.075740
0.125019
0.104995
0.033526
-0.072740
-0.188710
-0.150576
0.000000
0.054708
0.026998
0.084569
0.000000
-0.194349
-0.127965
0.000000
-0.027359
-0.033016
0.008850
-0.000715
-0.049232
0.073336
0.019940
-0.020557
0.062924
-0.073811
0.204109
0.167179
0.065073
-0.071895
0.063744
0.026998
-0.223480
-0.223480
0.046465
-0.057128
0.000000
-0.002456
-0.002456
-0.027359
-0.027359
-0.027359
-0.027359
0.010899
0.086653
0.086653
0.086653
0.086653
-0.152358
-0.027359
0.113661
0.005497
0.133362
-0.048505
0.073298
-0.086339
0.000000
0.033526
-0.006307
0.000000
0.104581
-0.010903
0.035680
0.000000
0.126676
0.000000
0.026998
0.026998
0.231901
0.000000
-0.102875
0.009068
0.086653
0.075744
0.066674
0.000000
0.041164
0.067193
0.025325
0.009068
-0.010714
-0.167587
-0.030179
0.028239
-0.051750
-0.036328
0.000827
0.009068
-0.013437
0.019266
0.026998
0.001771
-0.000933
0.069981
0.019266
0.028980
0.070797
-0.007965
0.057817
-0.017150
-0.017333
-0.006307
-0.099891
-0.170339
-0.004667
0.092790
-0.004667
-0.051750
-0.038988
0.031313
-0.007895
0.135003
0.008484
-0.000393
0.026998
-0.030947
-0.045116
-0.071493
0.025612
0.000000
-0.017676
0.149334
0.000000
-0.070133
0.000000
0.117640
-0.010280
0.000000
0.139186
0.044684
-0.122695
-0.140318
0.036325
0.140142
0.028980
0.026698
0.017130
-0.144523
0.049619
-0.014411
-0.046600
-0.018121
0.058677
0.192022
-0.032011
0.033784
-0.194349
0.000000
-0.105861
0.081087
-0.019739
-0.007895
0.046678
0.013799
0.067193
0.036970
0.130938
0.063428
0.026822
0.026822
0.026822
-0.017140
-0.017140
-0.017140
-0.017140
0.026822
-0.017140
-0.004667
-0.017140
-0.017140
-0.017140
-0.017140
0.086653
-0.016506
-0.029118
-0.039666
-0.017333
0.071785
0.097852
0.027987
0.076406
0.013960
0.057631
0.108599
0.010899
0.075744
0.076219
0.023978
-0.010714
0.022523
-0.006307
0.094990
0.058846
-0.000933
-0.009840
0.023978
0.000000
-0.060818
0.006903
-0.009889
-0.056766
0.012220
0.097116
-0.034836
0.116400
-0.032011
0.004922
0.250810
-0.032011
0.297623
0.036998
-0.046600
-0.089409
0.070945
-0.202567
0.035452
-0.065023
0.097852
-0.049915
0.052623
0.082901
-0.021387
0.115178
-0.001573
0.071716
0.076087
-0.001573
-0.183885
0.067193
0.007118
0.007118
-0.027500
0.000000
0.000000
-0.030947
0.000000
0.108521
0.147312
0.021838
0.076219
0.005633
0.000000
0.009068
0.097116
0.071113
0.003192
-0.065023
-0.037003
-0.000933
0.036998
0.040752
-0.184467
-0.006594
-0.007422
-0.007422
0.008473
-0.053878
-0.007905
0.001485
-0.053878
-0.122695
-0.046600
-0.046600
0.032906
0.071927
-0.178087
0.019195
0.046678
-0.010280
0.033281
0.131016
0.000000
0.047641
-0.014042
-0.034836
0.000000
0.131016
0.087413
-0.028551
0.071927
0.049396
0.011307
0.046678
0.114495
-0.053878
0.097852
-0.167587
-0.028551
-0.053878
-0.028551
-0.006594
-0.067299
0.000000
0.028980
0.003713
0.000000
-0.046600
0.031313
-0.058809
0.001485
0.057817
-0.034836
-0.048286
-0.115593
0.141373
-0.043750
0.013799
-0.027500
-0.290976
-0.027359
-0.051750
0.028971
0.067274
0.008473
-0.051750
0.059369
0.170060
-0.017676
0.078890
0.025171
-0.009889
0.024067
0.217931
-0.063780
-0.033977
0.099558
0.000000
0.059766
0.069981
0.031062
0.021252
0.074876
-0.013958
-0.021387
0.104995
0.067274
0.006901
0.107010
0.000000
0.028665
0.017130
-0.000179
0.183702
0.183702
-0.017921
0.018421
0.029125
0.000000
-0.017150
0.003713
0.026987
0.000000
0.000000
0.088401
0.192022
0.048674
-0.051258
0.001926
-0.019859
-0.064674
0.247323
-0.017333
0.007868
-0.003926
-0.051750
0.047641
0.022233
0.053263
0.051712
0.135285
0.000000
-0.026987
0.068736
-0.007422
0.118039
0.000000
-0.006594
0.000000
0.027733
-0.008328
-0.051258
0.076817
-0.051258
0.012941
0.051712
0.052323
0.003713
0.060995
0.015130
0.076087
0.088639
0.156974
0.043187
0.028980
0.018279
0.000000
-0.060655
0.000000
-0.051750
0.088401
-0.000002
-0.001944
0.088639
0.000000
0.116400
0.082166
-0.295143
0.076353
0.000000
0.043818
0.067274
0.009471
0.057817
0.026087
-0.023686
0.327281
0.061911
0.057054
0.000000
0.221881
-0.026987
-0.006594
-0.122695
0.057469
-0.004667
0.038284
0.067320
-0.031305
0.003713
0.010899
0.125014
-0.009727
0.072208
-0.002806
0.194347
-0.057771
0.105206
-0.042736
0.047488
0.017130
-0.223480
-0.050026
-0.185004
-0.032792
0.007118
0.006530
0.045482
0.105206
-0.078693
0.000000
0.000000
0.105206
0.086653
0.060432
-0.047812
0.036790
0.049235
-0.006594
0.049235
-0.008328
0.073104
-0.007905
0.007118
0.105206
0.018279
0.108606
0.053969
0.007929
-0.027359
0.022523
0.065454
-0.001944
-0.060818
0.029589
0.074770
-0.149300
-0.017676
0.021838
0.073547
0.057817
0.006254
0.066545
0.040752
0.067274
0.083870
0.021537
0.124933
-0.024789
0.072528
-0.017676
-0.103686
-0.040727
0.068966
0.055063
-0.183885
0.000000
0.018817
-0.034020
0.000000
0.020242
0.081492
-0.016177
-0.078693
-0.008328
0.088915
-0.081259
-0.034020
-0.021720
0.052755
0.051712
0.124933
-0.064674
0.036806
-0.058809
0.131016
0.022523
0.056268
0.028027
-0.078693
-0.017676
0.000000
0.013500
0.006740
0.007118
-0.010280
-0.051750
-0.016177
0.000000
0.042399
0.000000
0.031313
0.047641
0.060939
0.000000
0.094153
0.036998
0.055731
0.007118
0.028667
-0.051750
0.067274
0.017130
0.059302
-0.179941
0.046678
-0.046378
0.017066
-0.022118
0.015513
0.288828
0.012001
-0.295143
0.008850
0.000000
-0.003926
0.076353
-0.000350
0.053263
-0.036190
0.028545
0.097852
-0.008050
0.035680
0.080295
-0.172155
0.485745
