0.006307
0.000000
0.000000
0.006651
-0.000482
-0.012690
0.001113
0.000000
0.000000
0.000000
0.000000
0.000000
0.000000
0.000000
0.000000
0.001796
-0.009247
0.012438
0.000000
0.000000
0.001231
0.000000
0.000000
0.000000
0.000000
0.000000
0.000000
0.000000
0.000000
-0.008962
0.017086
-0.009083
0.009455
0.008065
0.000000
0.024112
0.000000
0.000000
0.000000
0.000000
0.000000
0.000000
0.000000
0.000000
0.000000
0.000000
0.000000
0.000000
0.000000
0.000000
0.000000
0.000000
0.000000
0.000000
0.000000
0.000000
0.000000
0.000000
0.000000
0.000000
0.000000
0.000000
0.000000
0.000000
0.000000
0.000000
0.000000
0.000000
0.000000
0.000000
0.000000
0.000000
-0.001034
0.000000
0.000000
0.000000
-0.000667
0.003903
0.000000
0.000000
0.000000
0.000000
0.000000
0.000000
0.000000
0.000000
0.000000
0.000000
0.000000
0.000000
0.000000
0.000000
0.000000
0.000000
0.000000
0.000000
0.000000
0.000000
0.000000
0.000000
0.000000
0.000000
0.000000
0.000000
0.000000
0.000000
0.000000
0.000000
0.000000
0.000000
0.000000
0.000000
0.000000
0.000000
0.000000
0.000000
0.000000
0.000000
0.000000
0.000000
0.000000
0.000000
0.000000
0.000000
0.000000
0.000000
0.000000
0.000000
0.000000
0.000000
0.000000
0.000000
0.000000
0.000794
0.000773
-0.000488
0.004306
-0.005091
-0.000143
0.000000
0.000000
0.000000
0.000000
0.000000
0.000000
0.000000
0.000000
0.000000
0.000000
0.000000
0.000000
0.000000
0.000000
0.000000
-0.001823
-0.016010
-0.007852
-0.001908
-0.002730
0.000488
-0.000915
-0.019582
-0.009947
-0.007887
-0.009188
-0.006339
-0.016607
0.000000
0.000000
-0.008319
0.022646
0.094878
-0.005455
-0.012347
0.001975
-0.007486
-0.007752
-0.005987
-0.003609
0.000000
-0.001314
0.003521
0.009701
0.009919
0.016739
0.008521
0.010165
-0.020097
0.099933
0.000000
-0.000337
0.057018
0.000000
0.014901
-0.015251
-0.004162
-0.000476
-0.006334
-0.014825
0.000000
0.000000
0.000000
0.000000
0.000000
0.000328
-0.007019
0.000000
0.000000
0.000000
0.000000
0.000000
0.000000
0.000000
0.000000
0.000000
0.000000
-0.006432
0.015550
0.003860
-0.004394
-0.004057
0.000000
0.000000
-0.012521
0.008996
0.000000
0.000000
0.000000
0.000000
0.000000
-0.003375
-0.007296
0.000000
0.000000
0.000000
0.050113
-0.019416
0.063578
0.016949
-0.005763
0.003675
0.068893
0.004135
0.004253
0.000341
0.009793
0.000000
0.006725
-0.000917
0.000000
0.000000
0.003424
0.007131
0.000000
0.008990
-0.003930
0.006813
0.005365
0.000000
0.000009
0.063090
-0.019775
-0.023882
-0.008170
0.000055
0.003238
0.000000
0.000000
0.000000
0.000000
0.000000
0.000000
0.000000
0.000000
0.058582
0.000000
0.010190
-0.020303
0.001280
-0.005089
0.000000
-0.010854
-0.005021
-0.003030
-0.007813
0.000000
0.000000
0.000000
0.000000
0.000000
0.000000
-0.007423
0.026655
-0.004461
-0.009612
0.000000
0.007156
0.000000
0.000000
-0.012375
-0.008360
0.000000
0.003526
0.013182
0.020215
0.017085
-0.000133
0.003610
0.000000
0.000000
0.000000
0.000000
0.000000
0.000000
-0.003745
0.038955
0.011154
0.000000
0.000000
-0.016458
0.009476
-0.001483
-0.005033
0.031715
-0.018402
0.000000
0.023666
-0.006323
0.000915
0.010109
-0.011821
-0.010283
0.001285
-0.008415
0.000000
0.000000
0.040661
-0.011990
0.006515
0.000457
-0.015615
-0.001540
-0.027684
-0.002247
0.035397
0.009719
0.000000
0.052108
-0.008840
0.008131
-0.000481
-0.008022
-0.020485
-0.008947
-0.016651
0.001830
-0.011417
-0.012243
0.000000
0.000000
0.012313
0.022904
0.020256
0.000000
0.015585
0.062547
0.019452
0.026383
-0.007146
0.014975
0.001825
-0.010903
0.008450
0.233351
0.127768
-0.000628
-0.027720
0.001246
-0.019764
-0.011337
0.010102
0.000000
-0.002343
0.000000
-0.013485
-0.004588
0.000000
0.000000
-0.015099
0.000000
0.000000
-0.008050
-0.001798
0.007415
0.000000
0.002628
0.000000
0.044994
0.006648
-0.019427
0.001606
0.011304
0.013781
0.363004
0.038948
-0.004570
-0.012324
-0.008044
-0.003500
0.000000
-0.006012
-0.010257
0.004716
-0.006513
0.004214
0.000000
0.026597
-0.009108
0.005006
0.046140
0.017057
-0.019911
0.034332
0.000000
-0.023334
-0.013193
-0.031584
0.000000
-0.016715
-0.004160
0.000000
0.000000
-0.006471
0.000000
-0.012821
0.043788
-0.010509
0.000153
-0.003812
0.000000
-0.001227
-0.011916
-0.006287
-0.014358
-0.022600
0.010682
0.012090
-0.003182
-0.005798
0.000000
0.102034
-0.003601
-0.015031
0.040391
-0.016982
-0.002179
-0.002965
0.000000
-0.014693
-0.015077
-0.005171
-0.015645
-0.005597
0.000000
-0.015380
-0.097787
0.000000
0.000000
-0.053879
-0.007102
-0.015543
0.034203
-0.011097
0.105763
0.005305
-0.010802
-0.002194
-0.014499
-0.018959
0.000000
0.033864
-0.006678
0.012260
-0.023062
-0.015216
-0.017777
-0.007702
0.006067
0.000000
-0.002731
-0.007114
-0.016969
-0.007619
0.000000
0.000000
0.025311
-0.004263
0.000000
0.387406
0.001495
0.013433
0.000000
-0.000061
-0.007138
-0.009481
-0.011254
-0.031036
-0.016270
-0.006260
0.009455
-0.006426
0.001589
-0.014829
0.028704
0.002485
-0.004863
0.062497
-0.006060
-0.003031
0.000386
0.000000
-0.009116
-0.010577
-0.003003
-0.009452
-0.009601
-0.017126
-0.006568
-0.019563
-0.000229
-0.010264
0.009862
0.000000
0.000000
0.018340
-0.006097
-0.002510
-0.013670
-0.006561
-0.013247
0.016710
-0.016497
-0.003486
-0.000295
-0.003188
-0.008195
0.007700
-0.015072
0.000069
-0.011165
0.009046
0.005746
-0.002138
0.000000
0.010494
0.000000
0.000000
0.000000
0.009518
-0.018573
0.002507
-0.121470
0.000000
0.000000
0.000000
0.013215
0.006776
-0.009878
-0.005080
0.117730
-0.002994
0.017157
-0.025676
-0.011047
-0.004458
-0.011276
0.013056
0.022126
-0.006756
-0.013528
-0.008705
0.000000
0.000000
0.000000
0.033221
-0.004357
0.002112
-0.003125
0.000000
0.000000
0.000000
0.000000
0.000000
0.005534
0.012462
-0.005104
-0.005910
0.000000
-0.008677
-0.006448
0.004698
0.074988
-0.011795
-0.013263
-0.007276
0.000000
-0.007935
0.033101
0.000110
0.021548
0.001665
0.010979
-0.019795
-0.001594
0.000000
-0.014089
0.000000
-0.010652
-0.033564
0.027014
-0.010426
-0.009508
0.083918
0.051048
-0.008454
-0.003249
-0.009039
-0.013046
0.000000
-0.005198
-0.035437
-0.005240
-0.006498
-0.004958
-0.106739
0.024219
-0.007331
-0.007030
0.005623
-0.016879
-0.003236
-0.036858
-0.004556
0.025287
0.023733
0.002490
-0.003999
0.000030
-0.019507
0.000000
-0.019672
0.000000
0.000000
0.000000
0.000000
0.000000
0.000000
0.000000
-0.016102
0.005613
0.021905
0.001502
-0.011176
-0.002793
0.001927
0.038454
0.000000
0.000000
0.000000
0.000000
-0.009659
0.000000
0.000000
0.000000
0.038908
-0.008737
-0.005205
-0.018657
0.000000
-0.016692
0.000000
0.000000
0.000000
0.000000
0.000000
-0.024953
-0.016502
0.034556
0.058325
0.005057
0.003011
-0.006324
0.000000
0.005843
0.005651
-0.017792
-0.002295
-0.018115
0.000618
0.000000
0.000000
0.000000
0.000000
0.000000
0.000000
0.000000
0.000000
0.000000
0.000169
0.000000
0.000000
0.000000
-0.008338
0.016514
-0.026383
0.000000
0.000000
0.000000
0.000000
0.001070
0.000000
0.000000
0.000000
0.000000
0.000000
0.000000
0.000000
0.000000
0.000000
0.000000
0.000000
0.000000
0.000000
0.000000
0.000000
0.000000
0.000000
0.000000
0.000000
0.000000
0.000000
0.000000
0.000000
0.000000
-0.001794
0.000000
0.003603
0.000000
0.000000
0.000000
0.006847
-0.005112
0.000000
0.000000
0.000000
0.002628
-0.004679
-0.001242
-0.005391
-0.000234
0.005748
0.000000
0.001067
0.000000
0.000000
0.000000
0.000000
-0.004490
0.000000
-0.025134
-0.003899
-0.012861
-0.016304
-0.008828
0.000000
0.000000
0.000000
0.000000
0.000000
0.000000
-0.011306
0.000000
0.000000
0.000000
-0.013446
-0.009275
0.014430
0.011915
-0.015889
-0.001249
0.023648
0.006958
0.066642
-0.002472
0.000000
0.000000
0.017431
-0.006185
-0.004082
0.042693
0.073559
0.001945
-0.013003
-0.006765
-0.009983
-0.011138
-0.017030
-0.011873
-0.009956
0.005928
-0.000151
0.076517
-0.010627
0.009528
-0.023088
-0.011950
0.006985
-0.003926
0.024123
-0.010847
0.000000
0.048381
0.004686
0.000000
0.000000
0.000000
0.005482
-0.010464
-0.008390
0.000000
0.000000
-0.010044
-0.004625
-0.011839
0.008088
-0.007359
-0.001307
0.000000
0.002233
0.000000
-0.023633
-0.007429
0.000835
-0.009680
-0.005280
-0.017684
0.000000
-0.008941
-0.013272
0.003453
-0.015520
0.005572
0.000000
0.000000
0.000000
0.024962
0.000000
0.000000
0.000000
0.033687
0.041712
0.011839
0.000000
0.015960
0.000000
0.005722
-0.003541
0.006114
0.000000
-0.014048
-0.004674
-0.005748
0.022679
-0.004575
0.000837
-0.043366
-0.182805
-0.032270
-0.012406
0.012255
0.012214
0.019384
0.092219
0.000000
-0.018349
0.015854
-0.008711
0.000781
0.000000
0.000000
0.000000
-0.001950
0.007486
-0.002392
-0.015436
-0.018259
0.000000
-0.013858
-0.012782
0.005557
-0.004630
-0.019824
0.015281
0.053301
-0.016071
0.019717
-0.009933
0.002977
0.000000
0.000000
0.000000
-0.144456
-0.011809
-0.003794
-0.009517
0.000000
0.000527
-0.006101
-0.330033
0.000000
0.000000
-0.009385
-0.010381
0.001020
-0.004746
0.000000
0.000000
-0.017272
0.010133
0.000000
0.000000
0.000000
0.000000
0.000000
-0.013127
-0.003803
-0.013280
0.000000
-0.016022
0.033445
0.030265
0.044778
-0.011071
-0.006376
-0.006883
0.014594
0.031231
0.000000
-0.016710
-0.005203
0.000932
0.000000
0.000733
-0.002414
-0.015472
-0.016830
0.003056
0.009058
-0.000239
-0.005370
0.000000
-0.010766
-0.001069
0.000000
-0.010955
-0.003924
-0.012450
0.165772
-0.010772
-0.000396
-0.002269
0.029127
0.000000
0.000000
0.000000
0.000000
0.000000
0.000000
0.000000
0.000000
0.000000
0.000000
0.000000
0.008536
-0.020976
0.000000
0.000000
-0.001420
-0.001218
0.018670
-0.006007
0.000000
0.000000
0.000000
0.000000
-0.007912
-0.002661
0.000000
-0.008557
-0.008034
0.001828
0.000000
-0.026051
0.007444
0.000000
0.000000
0.000000
0.000000
-0.009392
0.016930
0.000323
-0.026915
-0.011294
-0.002511
-0.009223
-0.012118
0.000000
0.000000
0.000000
-0.000694
0.006133
0.000000
-0.019886
0.000146
0.000000
0.005671
-0.008804
-0.007230
0.027722
-0.013653
0.003056
0.027253
-0.006329
0.025883
0.001738
-0.008381
0.000000
-0.018260
-0.000694
-0.010583
-0.000297
0.002249
0.000000
-0.010426
-0.009607
-0.012609
-0.015293
-0.006345
0.000212
-0.009240
-0.015065
0.001108
-0.009557
-0.004920
0.000000
0.014116
-0.006288
-0.001563
-0.010710
-0.018320
-0.003935
-0.009296
-0.010916
0.012011
0.000000
0.012743
-0.010974
-0.010889
-0.007048
0.008826
0.015844
-0.006533
-0.011753
0.019112
-0.005607
0.007632
0.133683
-0.014492
0.006489
0.002554
-0.014861
-0.011603
0.020682
0.004285
0.007769
0.000000
0.000000
0.000000
-0.015796
0.011608
-0.004937
0.003016
0.081770
0.031197
-0.001975
0.000000
0.001352
0.036828
0.001643
0.036512
-0.003982
0.031717
0.063040
-0.007009
-0.003242
-0.002408
-0.011643
0.053830
0.117948
-0.010062
-0.015595
-0.008044
0.110347
0.022344
0.000000
-0.008267
-0.004945
-0.015663
-0.009105
-0.003824
0.000738
0.000000
0.001981
0.003093
0.032052
-0.018406
-0.004565
-0.002521
-0.003386
-0.026639
-0.018027
-0.016766
-0.015409
-0.005735
0.008922
0.000000
0.000000
0.000000
0.000000
0.000000
0.000000
0.000000
-0.003164
0.010290
-0.010882
0.011042
-0.001555
0.003142
-0.013246
-0.010451
0.013811
0.260906
0.102990
0.014507
-0.001871
0.000000
-0.000824
0.000000
0.004598
0.065265
0.002689
0.000000
-0.008522
-0.019342
-0.005359
-0.000011
0.000159
-0.000843
0.047589
-0.022818
0.009826
-0.005791
-0.012671
-0.000939
-0.017875
-0.005880
0.046770
0.017687
-0.017262
0.000000
0.000000
-0.015343
-0.008580
0.001564
-0.002488
-0.006458
0.000000
0.091018
-0.002576
-0.006548
-0.018784
-0.012031
-0.017982
-0.012810
0.001362
0.012318
0.017795
-0.017862
-0.005048
-0.013516
-0.013717
0.000461
0.053502
-0.010078
0.002404
0.074131
-0.003501
-0.007575
-0.015703
0.104822
0.000000
-0.013145
0.008277
-0.018480
0.024287
-0.003539
0.000683
-0.005042
0.000000
-0.015757
0.000000
0.000000
0.000000
0.000000
0.000000
0.000000
0.000000
-0.011451
-0.011130
-0.003397
-0.011095
-0.010328
-0.009561
0.000000
0.000000
-0.001760
-0.000586
0.000000
-0.003858
-0.003364
0.000000
-0.009590
-0.003795
0.144183
-0.010138
0.001921
0.006642
0.000000
-0.009295
0.021254
0.000000
0.000000
0.000000
0.000000
0.000000
0.000000
0.000000
0.000000
0.000000
0.000000
0.000000
0.000000
-0.011914
-0.002757
0.000872
-0.022088
-0.013946
-0.013836
-0.015526
-0.013499
-0.030665
0.009204
0.039556
0.003563
0.007273
-0.005226
0.001064
-0.011831
0.024600
0.000000
0.006553
0.000000
-0.003740
0.008178
0.000000
0.000000
0.000000
-0.006336
0.000000
0.000000
0.000000
0.000000
0.001090
0.000000
0.130778
0.006021
-0.017562
0.000000
0.000000
-0.008561
-0.000852
-0.022663
-0.022237
0.000000
-0.002463
-0.012108
-0.008008
-0.003221
-0.006770
-0.002008
-0.015612
-0.013253
0.005353
-0.012077
0.000000
-0.015497
0.012272
0.000000
0.000000
0.000000
-0.014007
0.001061
0.000000
0.010344
-0.010965
0.000000
0.003101
-0.007006
-0.009781
-0.003860
-0.009232
0.000000
0.000000
-0.007115
-0.005036
-0.026614
0.000000
-0.012181
-0.017488
-0.005999
0.000000
0.000000
0.000000
-0.007865
-0.000039
-0.005186
0.002742
-0.018906
0.013541
0.000000
-0.005825
0.506648
0.000000
0.000000
-0.001882
0.000000
0.057644
0.001401
-0.010413
0.000000
0.000000
0.000000
-0.000597
0.014722
0.000656
-0.012555
0.004611
0.065857
0.064654
-0.002655
0.000000
0.002231
-0.017780
-0.009996
0.025294
0.000000
0.000000
-0.002830
0.004341
0.000000
0.013716
-0.008080
0.001564
0.000588
0.000000
-0.021591
-0.003615
0.004113
-0.023928
-0.006886
0.000000
0.000000
0.000000
0.000000
0.000000
0.000000
0.000000
0.022034
0.016330
-0.012830
-0.002637
0.000000
0.000000
0.000000
-0.011938
0.000246
0.000000
0.000000
0.000000
0.000000
0.000000
0.000000
0.000000
0.000000
0.000000
0.000000
0.000000
0.000000
-0.004701
0.001044
-0.028153
0.000000
0.000000
-0.017959
-0.015346
-0.008967
0.000000
0.000000
0.000000
0.002737
-0.009618
0.016956
0.000000
0.000000
0.000000
0.000000
-0.005424
-0.004642
0.008150
0.001871
0.008845
0.032437
0.040701
0.008732
-0.018437
0.000000
0.000000
0.000000
0.000000
-0.012058
-0.008007
-0.013538
-0.059395
-0.003634
0.004601
0.011990
0.009617
0.007301
0.014410
-0.002672
0.003836
0.000226
0.014672
0.044246
0.047306
0.058703
0.016488
0.022052
-0.000444
-0.005950
-0.007084
0.011488
0.000883
-0.012370
-0.001530
-0.001112
0.008156
-0.010328
0.030318
0.015194
