0.001518
0.005127
-0.000776
0.010884
0.009595
0.009835
-0.005063
-0.007663
0.004912
-0.015118
-0.001174
0.004033
0.004970
-0.027229
0.008985
-0.002532
-0.004250
0.003592
0.001397
0.006658
0.023430
0.002165
0.042133
0.002830
0.044403
0.060031
-0.002494
-0.002852
-0.012499
-0.009721
0.002548
-0.001371
0.026350
-0.006137
0.007043
-0.005300
0.000649
0.005677
0.001230
0.000158
0.038824
0.002554
0.020879
-0.004357
0.003402
0.017382
-0.001389
-0.019373
-0.010222
-0.004756
-0.008625
-0.001333
-0.006414
-0.000785
-0.000927
-0.008022
-0.013766
0.002739
-0.005733
-0.015352
-0.014276
-0.001640
-0.006048
-0.003013
-0.001647
-0.000310
-0.004114
0.002729
-0.005905
-0.005208
-0.004555
-0.007062
0.051423
0.000000
-0.001475
0.000696
-0.007970
0.015767
0.000000
-0.004624
0.004325
-0.002983
-0.002778
-0.025630
0.027980
-0.011281
0.006545
-0.018001
-0.019565
-0.005172
0.006895
0.002674
0.005980
-0.003314
-0.001332
0.000711
0.001383
0.002885
0.000075
0.006703
0.002029
0.001567
0.000000
-0.001294
0.000000
-0.006859
0.000000
-0.004408
-0.002600
-0.005597
0.004365
-0.007126
-0.002756
-0.002927
-0.004161
0.002975
-0.004203
-0.005911
-0.007121
-0.006239
-0.006107
0.003372
-0.019167
0.012074
-0.012199
-0.002732
0.017969
-0.006497
-0.001285
-0.000310
0.012775
0.028648
0.008794
-0.012014
-0.012579
-0.003411
-0.017561
-0.009470
0.006846
-0.005851
-0.001510
0.006333
-0.007394
0.003553
-0.002726
-0.016504
-0.003153
-0.006265
0.000000
-0.001905
-0.001528
-0.010721
-0.000034
-0.002016
0.000484
-0.009418
0.003743
-0.000413
0.014649
-0.002023
0.064881
-0.003967
-0.002031
-0.025745
-0.003683
0.000000
0.000000
0.000000
0.051382
-0.008018
-0.007819
-0.050386
0.010587
0.009993
-0.038488
0.000000
0.000000
0.000000
0.000000
0.000000
0.000000
0.000000
0.000000
0.000000
0.000000
0.001252
-0.007522
0.001532
-0.000443
0.002237
0.012296
0.006860
-0.006494
0.001010
-0.019761
0.002779
0.008817
-0.010969
0.020222
0.013006
0.002340
0.096805
-0.021452
-0.006705
0.014262
0.014211
-0.017689
-0.002864
0.002056
-0.008343
0.017937
-0.001230
0.028575
0.039261
0.018718
0.029560
-0.006836
0.001285
-0.001874
0.062362
0.112041
0.113390
0.007938
-0.003084
-0.007033
-0.004014
0.116970
0.097873
-0.013461
-0.007250
-0.015621
-0.011472
0.010014
-0.000942
-0.018095
-0.003930
-0.006227
-0.011808
0.000403
-0.026937
-0.001693
-0.001958
-0.013072
-0.007366
-0.000955
-0.020077
-0.013750
-0.006474
0.005913
-0.006369
0.004359
0.001650
-0.007603
-0.004239
-0.009650
-0.001128
-0.019854
0.002191
0.022614
-0.004638
0.014265
0.004482
0.008190
0.004406
0.000000
-0.033255
-0.007173
0.010329
0.006380
-0.002854
-0.006883
-0.014579
0.019027
-0.009718
-0.003335
0.004049
-0.021288
-0.011447
-0.009944
-0.013102
-0.020415
-0.015990
-0.011646
0.005798
0.019533
0.003325
-0.012968
0.014320
-0.001913
-0.002409
-0.002052
-0.008880
-0.001759
-0.012233
-0.005079
0.164301
0.001880
0.016269
0.001800
-0.024749
0.006098
-0.010589
0.000000
-0.027696
-0.005033
0.024087
0.013822
-0.001620
0.009246
-0.004463
-0.005861
-0.001943
-0.021562
-0.004449
-0.003125
0.001187
0.006744
-0.019872
-0.002686
0.003492
-0.010193
0.000924
-0.029241
-0.009162
-0.001144
0.015650
-0.007411
0.026781
-0.000176
0.001434
-0.031519
-0.010706
0.068950
-0.014623
-0.006006
0.021224
0.001405
-0.010188
-0.004296
-0.010462
-0.014155
-0.002514
-0.013261
-0.006753
-0.005087
-0.015312
-0.006103
-0.013884
0.018633
-0.012916
0.003118
0.002453
-0.003827
0.020158
-0.002197
0.006668
-0.000954
0.000000
0.004811
-0.008233
-0.007633
-0.006437
-0.001516
0.009096
0.003038
-0.040635
-0.010683
-0.003508
0.018342
-0.000550
-0.004612
0.030515
-0.004022
-0.004756
0.054546
0.029363
0.001295
-0.004569
-0.005842
-0.006541
-0.004899
-0.016728
-0.003263
0.000838
0.021446
0.023377
0.008416
0.016777
-0.007206
-0.008348
0.007682
0.010060
-0.020992
-0.004270
0.012595
0.011030
-0.013397
-0.021276
0.030432
0.005280
-0.008017
0.010476
-0.007463
-0.007758
-0.016619
-0.007840
0.000296
-0.003217
-0.005231
0.017109
-0.009613
-0.001350
0.023444
-0.013887
0.014724
-0.000045
-0.021960
-0.014176
0.000256
-0.002791
0.000106
0.033660
0.008310
-0.006861
0.001058
-0.013534
0.045956
0.017045
-0.002713
-0.017990
-0.004989
-0.014624
0.003057
-0.021314
0.013612
-0.015585
-0.001655
-0.011504
-0.012722
-0.026898
0.004514
-0.009115
0.005724
-0.011901
-0.005599
-0.018897
0.009521
-0.005434
0.004113
-0.011089
0.055786
-0.007804
-0.006301
-0.011595
-0.002427
0.001292
-0.002384
-0.002854
0.043304
0.001074
-0.021311
-0.017555
-0.002412
-0.009309
0.010165
-0.012186
0.000856
0.000877
0.016133
-0.019101
0.006485
0.004254
0.000371
0.006603
0.019457
-0.001636
-0.005062
-0.000469
-0.005917
-0.017661
-0.003054
-0.000391
0.001731
-0.000537
-0.007246
-0.007967
-0.003370
-0.018698
-0.012133
-0.009333
-0.028753
0.008064
0.005881
0.019444
0.007907
0.002519
0.000278
-0.000861
-0.004300
0.059739
-0.000976
0.002067
-0.008246
0.015908
0.014692
0.028963
-0.016143
0.000548
-0.009966
0.001887
-0.013390
-0.014660
0.002307
0.012052
-0.016991
-0.000544
-0.016439
0.007346
0.119104
-0.001647
0.000284
-0.002628
-0.010355
-0.001901
0.013367
-0.006480
-0.006267
-0.004891
-0.023354
-0.005572
-0.004117
-0.002599
-0.003420
-0.003226
-0.015504
0.238728
-0.006017
0.163219
0.028303
-0.009912
-0.014940
-0.027479
0.006354
-0.004995
-0.009911
-0.046089
-0.000175
-0.021791
0.029799
-0.003585
-0.000909
-0.004325
-0.005490
0.030739
0.071178
0.005423
-0.003991
0.021096
-0.028130
0.011429
0.005150
-0.011873
0.036267
-0.001106
0.049905
-0.002033
0.004446
0.006355
-0.007524
-0.008903
0.010282
-0.015559
0.008282
-0.012777
-0.004997
0.014660
-0.006961
-0.008744
-0.005042
-0.010120
0.044416
-0.015164
-0.007354
-0.022069
0.024111
-0.015558
0.000881
0.046833
0.001156
0.004567
0.000562
-0.002172
-0.002231
0.000087
0.009732
0.001753
-0.020304
-0.008953
-0.000308
0.005091
-0.021275
-0.007449
-0.011847
0.001066
0.005677
-0.000053
-0.018602
-0.007760
-0.024597
-0.018493
-0.010554
-0.009866
-0.009774
0.007798
-0.015317
-0.005182
0.009347
0.011325
-0.004701
-0.021668
0.013813
0.007698
-0.004953
-0.000797
0.073183
-0.004443
-0.006740
0.016635
0.006696
0.004261
0.014308
-0.003673
-0.001635
-0.009384
-0.003347
-0.000722
-0.030934
0.019279
-0.035721
0.022084
-0.004740
-0.005213
-0.006327
0.001443
-0.028025
-0.027378
-0.004083
-0.008137
-0.005149
-0.007413
-0.009561
-0.018100
0.009317
-0.001930
0.189117
0.012589
0.003878
-0.015998
-0.003244
-0.012567
-0.008349
-0.004996
0.000000
0.002895
-0.028201
-0.017415
0.012820
-0.005134
-0.025862
-0.001844
-0.010900
-0.000721
0.025976
-0.009236
0.009473
-0.023124
0.017890
-0.024412
-0.004376
0.016936
0.049086
-0.007568
-0.017674
-0.004141
0.003039
-0.011465
-0.034060
-0.009827
0.021508
-0.002145
0.003245
0.004030
0.009805
0.010932
-0.005432
-0.007402
0.001450
-0.007290
-0.005200
0.017322
-0.016460
-0.017049
0.007126
0.000427
0.008834
-0.001106
-0.010644
-0.005077
-0.001438
-0.011995
0.009041
-0.005443
-0.015065
-0.007082
-0.004737
-0.001107
-0.001523
0.000028
-0.011498
-0.015863
-0.005995
-0.008011
0.003394
-0.000691
-0.015554
-0.008618
0.040542
0.002780
-0.005835
0.005633
0.000846
-0.013502
0.006046
0.012834
0.028367
-0.001682
-0.001906
-0.000315
-0.002417
-0.015965
0.009181
0.001042
0.006934
-0.006834
-0.029898
-0.011242
0.003833
-0.010494
-0.007910
-0.019943
-0.016490
0.000000
0.003299
-0.017350
-0.020165
0.002052
-0.010447
-0.002737
-0.001068
-0.015650
-0.000500
-0.006975
0.010773
-0.025451
-0.018936
-0.003907
-0.000858
0.003318
-0.019121
-0.020908
-0.014704
-0.008659
-0.005064
0.014490
-0.007479
-0.008525
-0.016357
0.011296
0.035725
0.015788
0.011301
-0.000067
-0.012035
-0.003575
-0.009010
-0.002049
-0.004263
-0.002180
0.001576
-0.006322
-0.008803
-0.016721
-0.005076
-0.001625
-0.003618
-0.000183
0.003677
-0.002901
-0.011966
-0.007863
-0.007164
-0.010436
-0.016545
-0.015775
-0.021349
-0.003920
0.054097
-0.009754
-0.001728
-0.003643
-0.018225
-0.001489
-0.009784
0.000793
-0.009802
-0.032155
0.006401
-0.021150
0.000447
0.001431
0.013109
-0.016622
0.012928
-0.012570
0.004502
0.022472
-0.000536
0.010435
0.003964
-0.034805
-0.002651
-0.006189
-0.014149
0.004395
-0.000014
-0.005277
0.006844
0.008539
-0.012504
-0.002442
-0.005934
-0.003839
-0.004105
-0.004900
0.000059
0.000064
0.010362
0.024885
-0.004200
-0.012634
-0.004772
-0.009605
-0.006708
-0.004468
-0.004959
-0.012960
-0.014976
-0.001986
0.024536
-0.024233
-0.002084
0.012854
-0.012887
-0.003018
0.013026
-0.002944
-0.014731
-0.007985
0.051475
-0.001955
-0.000221
-0.000331
-0.008048
0.033329
-0.028796
-0.035476
-0.014228
-0.002285
-0.002687
0.021787
-0.000508
-0.016121
0.041891
0.016385
0.001841
-0.011169
-0.027045
-0.012718
-0.000772
-0.010661
-0.007102
0.022515
0.003914
-0.002438
-0.002018
0.011351
-0.000380
0.004066
-0.004566
-0.013066
-0.008995
0.000000
-0.001628
0.010280
-0.006651
0.001083
-0.007487
-0.007812
-0.004557
0.116258
0.009930
-0.003779
-0.023366
-0.009731
-0.007505
-0.011157
-0.019559
-0.001789
-0.001182
-0.006225
0.007336
-0.004073
0.007592
-0.014290
-0.000611
0.010108
-0.012619
0.017250
0.003213
-0.000156
-0.006689
0.004625
-0.015117
0.005590
-0.005555
0.014476
-0.012848
-0.013931
0.006387
-0.022596
0.001825
0.018990
0.012040
-0.008501
-0.012854
-0.020326
0.010418
-0.009744
-0.005159
-0.030484
0.000198
-0.010826
-0.014897
-0.004217
-0.001838
-0.011059
0.002819
-0.004493
-0.002218
-0.006456
-0.009610
0.024297
0.021977
-0.002383
-0.006680
-0.003123
0.019827
0.048839
0.029363
-0.014928
-0.015148
-0.007380
-0.004033
-0.009166
0.014540
0.025745
0.007057
-0.013571
-0.046770
-0.018277
0.017002
-0.011193
0.000663
-0.000915
0.001708
0.002636
-0.010689
-0.014842
-0.009319
0.032435
0.101671
-0.000184
-0.003083
-0.004032
-0.018506
0.013598
-0.000406
-0.005362
0.002203
-0.005236
-0.001134
0.004194
-0.008175
0.001349
-0.026499
-0.007775
0.020761
-0.016102
0.002916
-0.006455
0.015343
-0.015243
-0.002440
-0.014473
0.009136
-0.000450
-0.006445
0.051615
-0.003266
0.000750
-0.013815
0.019394
0.003926
-0.007577
-0.002884
0.029578
-0.010765
-0.005229
-0.017431
-0.003966
-0.016518
-0.000623
0.008578
-0.015738
-0.017519
0.009923
-0.005704
0.019786
-0.008081
0.026647
-0.005857
-0.006650
-0.003040
-0.004416
-0.007007
-0.018016
-0.004368
-0.017009
0.050999
-0.006697
-0.012015
-0.009415
-0.005038
-0.007701
-0.004383
-0.013404
-0.007240
0.020791
-0.003587
-0.007331
-0.002609
-0.005605
-0.019341
0.075716
-0.002740
0.000000
-0.008025
0.016943
0.010892
0.008809
-0.000423
-0.011722
-0.011444
-0.005471
-0.005716
-0.009157
0.000437
0.003285
-0.021195
0.007994
0.007359
0.043865
0.030179
-0.023387
0.024099
-0.031560
-0.013865
-0.016261
-0.011619
0.002747
0.001731
-0.006394
0.004721
-0.005554
-0.012501
-0.006944
0.049657
0.000000
0.081380
0.021746
0.009355
-0.012739
-0.006174
-0.002526
-0.008911
0.007463
0.000000
-0.010931
-0.019378
-0.000198
0.007709
0.027462
-0.014907
-0.044200
0.000000
-0.035095
0.011252
-0.002463
0.025179
-0.019111
0.009391
-0.008638
-0.002325
0.010860
-0.001068
-0.007722
-0.005909
-0.019931
0.027565
-0.025871
-0.023257
-0.009595
-0.011742
0.000580
0.050375
-0.023205
-0.008000
-0.004933
0.010652
-0.009529
-0.012106
0.007310
0.015161
0.015590
-0.007790
0.001283
-0.005335
0.011122
0.008180
0.025743
0.013988
-0.003068
-0.001467
0.004264
-0.012645
0.017622
-0.002753
-0.004189
-0.002303
0.023441
0.002331
-0.000626
0.005288
-0.003705
0.000407
0.012062
0.009036
-0.004362
0.001388
-0.003406
0.006732
0.002235
0.000895
-0.003824
-0.013983
0.010489
0.016814
-0.016635
0.030944
0.000885
-0.010843
0.004816
-0.005223
0.017790
0.000893
-0.006416
-0.001709
-0.028066
0.001529
-0.007360
-0.009759
0.010949
-0.000308
-0.001838
0.000386
-0.010404
0.008214
-0.013082
-0.018150
-0.004310
0.012395
-0.014814
0.004926
-0.013789
0.000869
-0.013470
-0.012664
-0.008785
-0.008126
-0.006497
0.007237
0.001585
-0.010084
-0.019120
0.014863
0.005433
0.004780
0.000527
-0.023783
-0.003174
-0.016890
-0.012664
-0.002109
-0.011542
-0.001401
-0.013030
0.004984
-0.077477
-0.064709
-0.003088
-0.008190
0.006088
-0.044933
-0.013621
-0.008387
-0.003392
-0.000130
-0.003596
-0.008266
-0.004983
0.018430
0.013183
0.016321
0.001785
-0.010618
-0.007414
0.014244
0.003087
0.005100
0.008451
0.006363
-0.000884
-0.006786
0.012091
0.006530
-0.000998
-0.034828
-0.009443
0.014878
-0.009128
0.010069
-0.006904
-0.005309
0.001820
0.003350
0.004419
-0.010299
0.014085
0.037636
-0.004269
0.000052
-0.021749
0.003921
-0.004172
-0.012557
0.027219
0.017487
-0.009442
-0.008702
0.003441
-0.019926
-0.015176
-0.011965
-0.022223
-0.013721
-0.003132
-0.012494
-0.000385
0.000510
-0.004823
0.010949
-0.005295
0.025415
-0.006763
-0.022980
0.013044
0.010529
-0.020765
0.003753
0.005845
0.001342
-0.005764
-0.012624
0.008408
-0.023327
0.010673
-0.000125
0.002588
0.006337
0.001718
0.002052
-0.006688
-0.003490
0.011273
0.011675
-0.000216
-0.008334
0.009157
-0.013727
-0.011467
0.001610
0.038514
0.024689
0.007377
-0.002060
-0.016469
-0.008816
-0.019064
0.006117
0.001987
-0.028097
-0.022208
-0.003162
-0.004202
-0.004482
-0.008358
-0.006134
0.005422
0.013379
-0.002856
-0.000972
-0.019580
-0.008216
0.042996
0.000350
0.000764
-0.006226
-0.001566
-0.001422
0.002675
0.000309
-0.006890
0.026757
0.012496
-0.000424
-0.004354
0.004745
-0.011125
0.004846
0.069400
-0.006761
0.051794
0.037374
-0.007411
0.079457
-0.002293
-0.012809
-0.008057
-0.000440
-0.001690
-0.042915
0.013678
-0.020281
-0.006837
-0.001270
-0.021855
0.012680
-0.011710
-0.005504
-0.002792
0.001030
0.059352
-0.003453
-0.012668
0.017355
-0.011808
0.021345
-0.003425
-0.012717
-0.020573
-0.005432
0.001440
-0.003418
-0.000734
-0.009736
-0.002610
-0.022821
0.017171
-0.002807
-0.006971
0.004956
0.000364
0.000250
-0.013151
0.006324
-0.008530
-0.004419
-0.000973
-0.001032
-0.006498
0.030497
-0.003617
-0.017715
0.001786
-0.016408
0.008457
0.000912
-0.006510
-0.007552
-0.017057
-0.001728
-0.000950
-0.006522
0.003618
-0.002353
-0.010292
-0.007320
-0.015039
-0.002338
0.004755
0.000619
0.008372
0.026940
0.011181
0.015042
0.005597
0.015621
0.022287
-0.010606
0.023807
-0.004563
-0.000722
-0.016108
0.129669
-0.003890
0.006772
-0.012846
-0.034548
-0.001379
-0.004637
-0.002737
0.001958
0.000755
0.006376
0.005691
0.005216
-0.007743
-0.011641
-0.006125
0.028951
0.000676
0.001471
-0.007370
-0.011798
-0.002297
-0.014962
-0.000605
0.059348
0.021490
0.005691
0.000487
-0.011742
-0.005013
-0.011508
-0.019531
-0.013244
0.011764
-0.005536
0.004542
0.005785
-0.001517
0.018806
0.023564
0.055816
0.005761
-0.002314
-0.016267
-0.004279
-0.006190
-0.014423
-0.008082
0.004069
0.138712
0.000976
0.000414
-0.001240
-0.000759
-0.014325
0.004856
-0.018585
-0.005968
-0.008224
0.003332
-0.013411
-0.008861
-0.012200
0.006666
0.008434
0.006468
-0.037153
-0.005986
-0.010611
0.272812
0.006097
0.000343
-0.015467
-0.015747
-0.012272
0.004372
0.000420
-0.009066
-0.006717
0.058882
-0.021411
0.014489
-0.003984
0.006784
-0.003573
0.020486
0.007418
-0.006995
0.007437
-0.008666
-0.013159
-0.001908
0.002701
0.012145
0.025296
0.006175
-0.018229
-0.005263
0.013891
-0.033432
-0.020942
0.000313
-0.006591
0.000534
0.018508
-0.010084
0.001918
-0.010671
-0.004451
0.002017
0.000000
0.067002
0.010134
-0.007135
-0.003700
-0.015202
0.018604
-0.013249
-0.010732
0.011541
0.000728
-0.008710
-0.005219
-0.010326
0.007067
0.001990
-0.065909
-0.014254
-0.001434
-0.002878
-0.010518
-0.000586
-0.005045
-0.003075
0.003001
-0.003071
-0.000271
-0.006264
-0.013513
-0.006273
0.008812
0.002653
-0.008073
0.006026
0.008396
0.005314
0.000419
-0.012911
-0.016136
-0.002099
-0.011375
0.004803
-0.020654
-0.000996
-0.008644
-0.009983
-0.021103
-0.004541
-0.018716
0.005775
-0.005684
0.008177
-0.006579
0.003792
-0.005543
0.013806
-0.015419
-0.000195
0.009911
0.010746
0.002424
-0.012947
0.006656
0.019781
0.008335
0.007932
-0.003329
0.004600
-0.010179
0.013959
-0.005809
-0.003566
-0.001357
-0.016060
-0.000530
-0.030152
-0.003309
-0.014070
-0.004469
-0.004067
-0.004912
-0.017077
-0.027664
0.015252
0.006249
-0.006373
-0.009240
0.005246
0.178005
0.003696
-0.022362
0.008054
-0.007671
-0.008588
0.001412
-0.008814
0.000078
0.002976
-0.006550
0.000000
0.011269
-0.011557
-0.003473
-0.014256
0.000000
0.000305
0.050806
-0.011053
0.007588
-0.007117
-0.010672
0.001167
0.000318
0.005621
-0.007011
0.005868
0.008999
-0.009008
0.012676
-0.003980
-0.005271
-0.000142
0.001500
0.004208
-0.015638
0.033537
0.027926
0.014950
-0.001905
-0.002148
-0.004417
0.009372
0.001592
-0.001920
-0.004851
-0.021914
0.005425
-0.002621
-0.003640
0.000896
-0.003766
-0.027355
-0.005783
-0.010328
0.007710
-0.000036
-0.006045
0.006728
-0.007904
0.011953
-0.009497
-0.006433
0.021916
-0.007109
0.020553
-0.008956
-0.011241
-0.002436
-0.005181
-0.009320
-0.019939
0.010168
0.000691
0.009894
-0.006180
0.020568
-0.014624
-0.004638
0.010060
-0.012426
-0.022460
-0.002999
-0.005913
0.019947
0.023436
0.011440
0.003099
0.227117
0.011628
-0.013111
-0.004263
0.012053
-0.009427
-0.005772
0.004127
0.078543
-0.007191
0.173756
0.000135
-0.004176
-0.000448
0.000636
-0.000327
-0.007163
-0.006359
0.001746
-0.005563
0.003313
0.000160
0.005424
0.003613
-0.025724
-0.006154
0.016370
0.001921
0.023919
-0.020311
-0.008256
-0.020315
-0.007772
0.004302
-0.008463
-0.001651
-0.007502
-0.005537
-0.014469
0.002169
-0.009076
0.009252
0.000000
0.000000
0.000000
0.000000
-0.017164
-0.038056
-0.011507
0.003299
-0.035971
0.004261
-0.009854
-0.024414
-0.010644
0.006927
-0.001106
-0.013688
-0.029418
-0.011016
-0.024981
-0.002747
-0.010334
-0.007248
0.023147
-0.006843
0.043402
-0.018269
0.010415
-0.018618
0.000971
-0.011024
0.017824
-0.008871
-0.014799
0.000337
-0.005904
-0.003703
-0.005702
0.000755
-0.004313
0.014574
-0.005374
0.022789
-0.014617
0.008107
-0.004691
0.003678
-0.010830
-0.002854
0.004482
-0.002324
0.006501
-0.003238
0.003235
0.069288
0.011281
-0.012596
-0.020472
-0.010596
-0.007317
-0.004941
-0.033273
-0.008135
0.014659
-0.005791
0.004696
-0.003262
-0.031434
-0.029578
-0.015708
0.005859
-0.004781
-0.002797
-0.005393
-0.009224
-0.000795
0.002154
-0.005913
-0.011841
0.025954
-0.007691
0.000695
0.004062
0.002651
0.004353
0.015457
-0.004867
-0.016825
-0.006892
0.013365
0.021620
-0.011505
0.025635
0.011824
0.005435
-0.001269
0.031939
0.028137
-0.020532
-0.018112
-0.017472
-0.002805
0.005359
0.005852
0.004790
-0.014194
-0.007289
-0.008665
0.000358
0.001185
0.001385
-0.010047
0.000000
0.066370
0.004540
0.001506
-0.002491
0.000000
0.022572
-0.014966
-0.000498
-0.005188
0.003373
0.002391
0.009263
0.000280
0.009352
0.007534
0.007756
0.011634
-0.024448
0.043316
-0.021162
-0.008694
-0.008680
-0.013259
0.001037
-0.009033
-0.000392
-0.007618
-0.005260
-0.000456
-0.013652
-0.003409
-0.016425
0.012666
-0.003836
-0.007217
-0.035931
-0.007263
-0.013019
-0.008042
-0.001589
-0.008108
0.001183
-0.002301
-0.003199
-0.004398
-0.003182
-0.005973
-0.006923
-0.005104
0.012826
-0.023644
-0.008811
0.010333
-0.011674
-0.000518
0.010977
-0.006771
0.001939
-0.004619
0.020273
-0.001129
0.012445
-0.009978
0.002939
0.004699
-0.009747
-0.004498
-0.005676
-0.003292
-0.023702
-0.004540
-0.034999
-0.011770
-0.011961
0.029212
-0.004435
0.003614
0.005299
0.015551
-0.000130
0.024944
-0.000670
-0.014551
-0.005064
-0.002125
0.007854
-0.010685
0.008056
-0.000876
-0.009383
-0.012794
-0.000712
-0.011105
-0.036447
-0.020760
-0.000394
-0.000748
-0.014272
-0.006590
0.000107
-0.004529
-0.010076
-0.005894
-0.006299
-0.010434
0.106896
-0.010912
0.027299
-0.007844
-0.002418
-0.009830
-0.020147
-0.009515
0.008030
0.001980
0.000252
-0.010535
0.003704
0.001082
-0.021203
-0.002729
0.014107
-0.005812
0.007583
-0.012867
0.000231
-0.005824
-0.014959
-0.007744
0.009057
0.008010
-0.005106
-0.005558
-0.002229
0.002432
0.000313
0.000442
-0.002139
-0.007663
-0.011772
-0.011542
-0.010624
-0.008123
0.004425
0.000623
-0.017622
-0.024086
-0.002153
-0.019509
-0.015165
-0.001335
0.004809
0.007559
-0.002427
-0.023936
-0.005955
0.048745
-0.016358
-0.015022
-0.001375
0.000000
0.021700
-0.002532
-0.017453
0.015600
-0.025810
-0.004983
-0.008443
0.074178
-0.001041
-0.021997
0.014885
-0.003971
-0.006183
-0.006872
-0.018032
-0.031901
-0.005762
0.000000
-0.004384
0.002613
-0.003286
0.019311
-0.014494
0.019399
0.018609
0.005789
0.043540
-0.004671
0.006677
-0.012283
-0.006508
-0.012645
0.018630
0.004633
-0.005839
0.119738
-0.011663
0.013953
0.079445
-0.013715
-0.010620
-0.013503
0.344809
-0.004552
0.002142
0.007341
-0.018996
0.000628
-0.005668
-0.003983
-0.008746
0.003267
-0.001629
0.000000
-0.005638
-0.008193
0.001620
-0.009233
-0.008963
-0.000904
-0.012380
-0.007789
-0.012546
0.009207
-0.012345
0.028849
-0.024316
-0.002279
-0.001470
-0.083594
0.008806
0.025833
0.002986
0.020823
0.002346
-0.012505
-0.015490
0.004228
-0.005316
0.005684
0.004328
0.005814
-0.003293
-0.005914
-0.005968
0.016994
-0.012091
0.052032
0.015947
0.054131
0.036650
0.000768
0.007086
-0.007573
-0.002908
-0.012909
-0.008584
0.001381
0.001736
0.027221
-0.003192
-0.008421
-0.006696
-0.002851
-0.006699
-0.014079
-0.021538
-0.008499
0.001770
-0.006524
-0.002644
0.034289
0.024304
-0.007581
0.020731
0.010574
-0.005497
0.025467
-0.010296
-0.000060
-0.009293
0.000536
0.007503
0.014686
-0.017353
0.005565
0.098350
-0.011372
-0.003175
-0.001796
-0.006946
-0.000401
-0.003608
-0.005230
-0.011817
0.000582
-0.010789
-0.006828
0.003632
0.016241
0.023819
-0.009686
0.004859
-0.006031
-0.007715
-0.003580
-0.002669
-0.005513
0.012935
0.006166
0.018099
-0.031043
-0.011155
0.003955
0.000237
0.000716
-0.007482
0.024289
-0.004447
-0.002897
-0.012225
-0.018437
-0.026700
-0.003845
0.004500
0.006824
-0.001446
0.006591
-0.014884
-0.011740
-0.013863
-0.000181
0.000821
-0.014604
-0.010337
0.021951
0.028872
-0.012790
0.005484
-0.004128
-0.007085
-0.003416
-0.010583
0.011358
-0.009517
0.018682
-0.006031
0.024903
-0.026696
0.008839
-0.002234
-0.010320
0.018662
0.013445
-0.003519
-0.009725
0.020170
0.046237
0.000000
-0.005163
-0.012327
0.004839
-0.003709
-0.039676
0.013024
-0.027537
-0.001098
-0.016664
-0.007424
-0.002525
-0.014333
-0.024993
0.009837
-0.013181
0.000772
-0.004098
0.009699
0.003713
0.003229
-0.004644
-0.009298
0.004698
0.000956
-0.002253
0.015424
0.001692
-0.017805
0.017280
0.013229
-0.011491
-0.010639
0.002177
-0.000811
0.008867
0.008882
0.011823
-0.026919
0.004118
-0.014882
-0.002059
-0.007494
-0.006132
0.003956
-0.013169
0.002470
0.001892
-0.014254
-0.000484
0.010239
-0.009381
-0.014847
0.008537
0.006475
-0.016617
-0.011034
-0.011547
-0.007003
-0.003633
0.007158
-0.005844
-0.001981
0.073464
0.118656
0.000267
-0.002711
-0.005867
-0.019411
-0.020961
-0.012563
0.034928
0.011594
-0.016367
-0.004208
-0.056398
0.046430
-0.002655
0.009527
-0.022874
-0.004468
-0.015835
-0.003776
0.009779
0.009715
0.002218
-0.007256
-0.011986
0.006261
0.007219
0.002679
0.002326
0.002616
-0.010050
-0.013669
-0.013072
-0.005166
0.025635
-0.009597
0.001965
-0.002520
-0.017051
-0.008250
0.026433
-0.010738
-0.011487
0.000368
-0.012476
0.003728
-0.013417
-0.003910
-0.007923
-0.000487
0.003494
0.001798
-0.041696
0.002816
0.001583
-0.005371
-0.008565
-0.004074
-0.000113
0.028980
-0.001225
-0.003774
0.009236
0.003074
-0.000088
0.004811
0.000048
-0.017434
0.000873
-0.008236
0.026849
0.001002
-0.019454
-0.029306
-0.016595
-0.016953
0.119604
-0.004264
-0.002229
-0.001361
0.015833
-0.004318
-0.013280
-0.004216
0.001006
0.003691
-0.023493
-0.000752
-0.000654
-0.002986
-0.004531
-0.009609
-0.031170
-0.003530
0.003439
0.001247
-0.003957
0.021909
-0.031383
0.001236
0.018173
-0.008618
-0.008253
0.019510
0.002522
0.001205
-0.009215
-0.004019
0.013422
-0.000599
-0.008823
0.002111
-0.000774
-0.019744
0.003307
-0.017655
-0.000375
-0.001798
-0.009212
-0.010254
-0.001940
-0.034204
0.002008
-0.006606
0.065902
0.008043
-0.004316
0.000486
0.044705
-0.001437
-0.014083
-0.009232
-0.005686
-0.002332
-0.011296
0.001932
-0.007157
0.010647
0.001501
0.013154
0.045491
-0.008648
0.004212
-0.025182
-0.015454
0.002568
0.029402
0.231402
0.014504
0.001964
-0.004549
0.003721
0.011207
-0.005660
-0.008229
-0.015439
-0.010388
-0.001940
-0.002274
0.014784
0.001007
0.003772
0.010416
0.007909
-0.018011
0.021998
-0.001788
-0.002507
-0.005627
0.002442
0.019006
0.048805
-0.004305
-0.001157
-0.006188
0.009025
-0.001860
-0.008838
-0.000622
-0.006805
0.010755
0.000320
0.003847
-0.001401
0.018156
0.010230
-0.001568
0.011175
0.001473
0.045402
-0.004260
0.019260
-0.002488
0.000260
-0.009493
-0.005699
0.000201
0.034971
-0.006845
-0.014111
-0.001214
0.002668
-0.000736
-0.018419
-0.013407
0.005209
-0.006855
-0.029594
-0.007759
0.015281
-0.001998
0.022607
-0.012604
-0.006500
0.006981
0.005508
-0.009422
-0.007360
-0.005768
-0.003758
-0.012345
-0.000520
-0.036202
0.002791
-0.012317
-0.026061
-0.036035
-0.004466
-0.004774
-0.012929
-0.007069
-0.003512
-0.002373
-0.006444
-0.011496
0.039678
-0.003096
-0.014003
0.009240
0.008853
-0.003259
0.007841
0.010415
-0.000177
0.007529
0.005160
-0.002535
-0.007599
-0.004556
-0.018733
-0.005313
0.023661
0.035562
0.000370
-0.005008
0.002286
0.004913
0.013892
0.024022
0.026144
-0.000788
0.002452
-0.011112
-0.000135
0.018910
0.014483
0.009619
-0.008512
-0.006279
-0.008796
0.001605
0.008427
0.000680
0.024603
0.000512
0.007291
-0.003632
0.002836
0.000168
0.000694
-0.000905
-0.013888
-0.000106
-0.002236
-0.007838
-0.004295
-0.005937
0.006827
0.092753
0.010595
-0.011351
-0.003799
0.029408
0.003598
-0.000491
-0.000302
0.017981
-0.008992
-0.002768
-0.010745
-0.008001
0.000000
-0.002196
-0.006968
-0.000910
0.094016
-0.022785
-0.012812
-0.010769
-0.007226
0.004211
-0.013915
-0.011166
-0.013549
-0.004538
-0.015368
-0.003648
-0.003325
0.000026
-0.004802
-0.000079
-0.012669
-0.018762
-0.002130
-0.000529
-0.007421
-0.005079
0.001513
0.016458
-0.009350
-0.001290
-0.012820
-0.007078
0.034757
-0.006463
0.005711
0.002337
-0.026375
0.000351
0.012017
0.003532
0.017168
-0.017071
0.142446
0.005954
0.045883
0.003775
-0.005086
-0.018856
-0.014637
0.001697
0.002109
0.008632
-0.004128
-0.002056
-0.014442
-0.008355
-0.008360
-0.013848
0.002930
-0.017604
-0.012001
0.001925
-0.016530
-0.017162
-0.010637
-0.005493
-0.007150
-0.021818
-0.009696
-0.013841
0.051088
-0.006336
0.074549
0.005377
0.078499
0.012237
-0.004313
-0.004008
-0.001897
-0.030380
-0.008602
-0.013185
-0.002160
-0.010688
-0.006904
-0.020515
-0.014829
-0.007440
-0.013399
-0.021162
0.014326
-0.024113
-0.020338
-0.010672
-0.013855
0.043384
-0.002774
-0.016559
-0.010562
-0.004716
-0.006150
-0.001806
0.044736
0.029956
0.146118
0.040779
-0.005333
0.030579
0.006001
0.053740
-0.001905
-0.012833
-0.008058
0.042210
0.002132
-0.001112
-0.005142
-0.014212
0.000877
0.015460
-0.003778
0.001114
0.000667
-0.013249
0.001649
0.048568
0.024202
-0.009914
0.004199
-0.001738
0.019759
-0.002438
-0.001617
-0.000370
0.003856
-0.006809
-0.009823
0.015890
0.001379
-0.008622
0.001697
0.028406
-0.001559
0.003901
-0.005190
0.023674
0.004820
-0.006417
0.016423
0.006934
0.007748
-0.004116
0.010916
0.026113
-0.014432
0.013328
-0.004885
-0.003334
-0.002789
0.034654
0.002624
-0.011401
-0.005101
-0.018271
-0.003848
-0.014363
-0.008387
-0.001616
-0.022827
-0.039195
-0.016849
0.015273
0.019280
-0.001669
0.006402
-0.021373
-0.020078
-0.024515
-0.003673
-0.006643
-0.002417
-0.003188
-0.010630
0.002673
-0.027894
0.011668
0.005326
0.000933
-0.002708
-0.007127
-0.009417
-0.002795
0.004591
-0.011133
0.000500
-0.006853
-0.007622
-0.011733
-0.004213
-0.000871
-0.010995
-0.013576
-0.006400
0.080926
0.007801
-0.028321
0.031208
-0.031717
-0.010606
0.003542
0.004377
-0.001260
-0.010038
-0.004558
-0.020569
0.120660
-0.006961
-0.013350
-0.025213
0.005643
-0.020468
0.003443
-0.004860
0.008911
-0.003405
0.001060
-0.014500
-0.017275
-0.028645
-0.016076
-0.012599
-0.022788
-0.030866
-0.019628
-0.007179
-0.016342
-0.007933
-0.001578
-0.002311
-0.025751
-0.006341
0.016264
-0.009711
0.011179
-0.002816
0.006258
-0.031124
0.010597
-0.006790
-0.013669
-0.004141
0.001249
-0.004834
0.008166
0.030625
-0.003911
-0.005214
0.001522
0.004805
-0.013005
-0.002619
-0.023528
-0.001693
0.006593
-0.012897
-0.016163
0.003737
0.019434
0.002079
-0.001969
-0.006109
-0.007257
-0.009277
-0.007730
-0.008766
-0.003979
-0.016975
-0.001099
-0.004508
0.004885
-0.024915
-0.013344
-0.007883
-0.006082
0.002458
-0.027987
-0.016672
0.001801
-0.005530
-0.007153
0.013249
-0.046346
0.006912
0.000366
0.006799
0.028228
-0.048791
-0.040777
0.003405
-0.013489
-0.017580
-0.000854
0.012886
0.077564
-0.005157
0.000621
0.006689
0.004435
0.003243
0.005123
-0.002722
-0.000466
-0.000712
-0.003970
-0.000383
-0.007797
0.027864
-0.015638
-0.007737
0.007330
-0.019165
-0.011387
-0.008159
0.005888
-0.003597
-0.011327
-0.010597
0.010449
0.005961
0.034008
-0.014072
0.176581
0.048416
0.038707
0.012900
-0.023109
-0.024364
0.004103
-0.099140
-0.007404
-0.034035
-0.004602
0.006530
-0.035560
0.002611
-0.018343
-0.004194
-0.010317
-0.019281
0.003307
-0.002809
0.003964
-0.007145
0.006103
-0.011026
-0.007684
0.038987
0.001234
-0.010382
-0.002341
-0.010266
0.005717
-0.007919
-0.005359
-0.005436
0.002086
-0.000371
0.008830
-0.005047
-0.004911
-0.001650
0.018651
-0.004589
0.048579
0.039792
-0.009519
-0.007126
-0.001836
-0.004438
-0.003464
-0.000411
0.036850
-0.012537
0.007114
-0.003931
-0.009853
-0.017483
-0.007607
0.007885
0.004068
-0.006331
-0.005845
0.003050
-0.003063
-0.005152
-0.007429
0.010830
-0.011673
0.012734
-0.009747
-0.011420
-0.003088
-0.007785
-0.005033
-0.019717
-0.006618
-0.000405
0.007017
0.000903
-0.014636
-0.001866
0.013059
-0.018353
0.016062
-0.018075
-0.006660
-0.024594
-0.007492
0.000707
0.091357
-0.003866
-0.003127
0.002148
-0.001563
0.007205
-0.004799
-0.004696
0.007756
-0.003417
-0.022461
-0.043468
0.008798
0.000494
-0.006797
-0.017591
-0.009710
0.004291
0.001526
-0.009909
0.019402
0.009365
0.043926
-0.011527
0.002590
-0.016939
-0.008005
0.007994
-0.033960
0.008936
0.017154
0.016872
0.022741
0.000571
-0.008583
-0.011665
0.005775
0.022543
-0.006012
-0.016802
0.023126
-0.005039
-0.030016
-0.009893
-0.010286
-0.009086
-0.020409
-0.004940
-0.003212
-0.010481
-0.001649
-0.008814
-0.002212
-0.001539
-0.013072
-0.003024
-0.002974
0.020285
0.023601
-0.012702
0.393334
0.237906
0.125980
0.000855
-0.002416
0.025525
0.034897
-0.003219
-0.016411
0.000000
-0.021840
-0.023114
-0.022427
-0.006210
-0.024785
0.002984
0.009241
0.000472
0.052278
0.086409
0.000488
-0.018851
0.002561
0.002311
-0.006361
-0.001703
-0.004325
-0.002195
-0.004286
0.008475
-0.017478
0.029910
0.006604
-0.005864
-0.008263
-0.023117
0.011349
-0.027139
-0.003240
-0.007605
-0.005355
-0.005288
0.001826
-0.002802
-0.013231
-0.018702
-0.023190
-0.001810
-0.018160
-0.006314
-0.019746
0.072190
-0.001323
-0.000669
0.002491
-0.017114
-0.003238
-0.005811
-0.016547
0.022981
-0.002859
0.027445
-0.007591
-0.013211
-0.015322
-0.003120
-0.022648
-0.009783
0.015122
0.023834
0.006667
0.001573
0.028749
0.020377
0.004066
-0.011954
-0.013626
-0.002751
-0.024843
0.000348
-0.011212
0.002252
0.029393
-0.005318
-0.008241
-0.012059
-0.027472
-0.004768
-0.008930
0.025990
-0.010816
-0.004813
-0.014244
0.014430
-0.023590
0.005304
-0.007319
-0.005286
0.003712
-0.007020
-0.003243
-0.005916
-0.031772
-0.000421
-0.014075
0.002356
0.009438
-0.004919
-0.005952
-0.008981
-0.004267
-0.019842
-0.006301
0.005532
0.001656
-0.005409
-0.010055
-0.003256
-0.012103
-0.012563
-0.006668
0.020282
-0.014422
-0.000244
-0.022052
-0.003524
-0.002744
0.001047
0.002483
0.000703
-0.009697
0.020959
-0.021323
-0.013356
-0.023104
0.001527
-0.005568
0.013329
-0.012737
-0.007061
0.003187
0.005659
-0.013959
-0.019830
-0.003188
-0.011120
-0.001521
-0.006073
0.003361
-0.007204
0.001838
-0.011289
-0.003177
-0.004182
-0.019563
-0.001576
-0.010026
-0.010084
0.339787
0.199959
0.011881
0.006286
0.023171
-0.003480
-0.004234
-0.005259
0.006941
-0.013189
0.006545
-0.000643
-0.002632
-0.020745
-0.004180
-0.000422
0.003964
-0.015203
0.001320
-0.011162
-0.027346
-0.023961
0.002997
0.021995
-0.012878
-0.008063
0.000898
0.000700
-0.013213
0.098925
-0.023391
-0.018775
0.000165
-0.011645
-0.004846
-0.009579
-0.014190
-0.004442
-0.018407
0.005152
-0.008593
0.021828
0.010870
-0.013584
0.001006
-0.017067
0.001234
-0.019246
0.006383
-0.001348
-0.001197
0.002598
-0.005224
0.010418
0.058673
0.020543
0.000714
-0.000523
-0.001588
0.001477
-0.029619
-0.002056
0.005249
-0.009173
-0.009803
-0.005329
-0.012959
-0.004518
-0.003093
-0.009265
0.008882
0.022516
-0.003519
-0.009287
-0.007295
0.005145
0.001288
-0.008894
-0.006157
-0.003258
-0.027813
-0.001970
0.017136
0.007523
-0.007324
-0.007631
-0.009104
-0.001301
-0.003820
-0.005812
-0.009129
-0.010711
-0.004403
-0.009078
-0.004842
0.017320
0.013746
-0.020763
-0.006759
-0.003901
0.003337
-0.000037
0.003876
-0.024454
-0.004276
-0.004374
0.011406
-0.012210
-0.008643
-0.004870
0.001986
-0.010648
-0.003137
-0.018516
0.021724
-0.007691
0.000271
-0.011557
-0.010319
0.025859
0.022590
-0.008074
-0.027414
-0.013452
0.000970
-0.000655
-0.036211
0.002650
-0.017856
0.009555
0.005382
-0.017589
0.012488
0.017054
-0.013460
-0.005658
-0.004582
-0.001133
-0.010184
-0.004921
-0.004975
0.021460
-0.008850
-0.004222
-0.001101
-0.011183
0.001169
-0.006294
0.010924
-0.007025
0.018823
-0.005576
-0.017231
0.001432
-0.008555
-0.002330
-0.003689
0.013716
0.011393
-0.005686
-0.018314
-0.003080
-0.004274
0.003513
-0.007209
0.003925
-0.020873
-0.012451
-0.023879
-0.000597
0.000000
0.008978
-0.001392
0.010886
-0.020749
-0.007267
-0.009705
-0.005205
-0.002907
-0.018702
-0.011592
-0.013610
-0.003469
0.000000
-0.019679
0.021376
-0.008931
0.000000
-0.015690
-0.007477
0.001451
-0.002080
-0.005956
0.003766
-0.000800
0.009410
-0.031576
-0.008047
-0.001352
0.013619
-0.009178
-0.014578
-0.003204
-0.018967
0.002221
-0.003596
-0.017771
-0.006103
-0.011621
-0.002265
-0.024085
-0.002803
-0.008715
-0.007182
0.000035
-0.020896
-0.006433
0.003249
0.020406
-0.022908
-0.008059
-0.007262
0.004134
0.000191
-0.006640
0.000000
-0.005820
-0.016426
0.010883
-0.003676
-0.024765
-0.013570
-0.003871
0.027597
-0.008333
0.002348
-0.032029
-0.026501
-0.010076
-0.012440
-0.007403
-0.007556
-0.005178
-0.020140
-0.003020
0.034012
-0.010726
0.001358
-0.006702
-0.020954
0.024128
-0.004065
-0.005031
-0.018721
0.001927
-0.004984
0.004746
-0.000563
0.160813
0.009008
-0.009954
-0.009530
-0.003639
0.006587
-0.010985
-0.005357
-0.007338
-0.014276
0.009527
-0.009707
-0.016863
-0.008135
-0.014522
-0.012160
0.008861
-0.024748
-0.082289
-0.010287
-0.025781
-0.017024
0.000054
0.005455
-0.008711
0.026202
0.036683
0.044464
-0.016357
-0.011297
-0.007465
0.005708
-0.006466
-0.009756
-0.000997
-0.002121
-0.005496
0.148879
0.007799
-0.026527
0.016242
-0.005242
-0.017257
-0.014416
-0.009501
-0.001309
-0.007636
-0.007901
0.002300
-0.007729
-0.022051
-0.002806
0.003673
-0.011222
0.002031
-0.001951
0.022053
0.001432
0.099259
0.001380
-0.005744
-0.002299
0.005391
0.004845
-0.000217
-0.009979
0.000609
-0.016016
-0.008082
-0.004637
-0.008273
-0.004616
-0.009142
-0.002766
-0.001336
0.004728
0.009962
-0.002225
-0.010396
-0.001270
-0.026178
-0.009142
-0.016180
-0.023564
-0.004247
-0.008198
-0.002146
-0.006137
-0.012715
-0.006199
0.001220
0.015311
0.003014
-0.004943
-0.003859
-0.004181
0.028465
-0.014352
-0.009369
0.004633
-0.001818
-0.010717
-0.000932
0.005872
0.012578
-0.003032
0.015866
0.004857
-0.006664
-0.002419
0.009604
0.002934
0.008840
-0.008001
-0.008304
-0.013167
-0.005228
-0.004774
-0.009265
-0.002805
-0.016020
0.006485
-0.007331
-0.003114
0.020832
0.004501
0.003958
-0.003793
0.015683
0.012141
-0.020111
-0.021420
-0.010973
0.016592
0.004167
0.011911
0.002306
-0.004396
0.001997
0.008622
-0.008857
-0.007405
-0.010507
-0.001789
0.008674
0.023790
0.009463
0.123797
-0.033768
0.015640
-0.014040
-0.001670
-0.008091
-0.008580
0.009536
-0.053859
-0.003312
0.006206
0.012275
-0.010594
-0.010893
-0.007037
-0.008415
-0.009191
-0.019227
-0.008703
-0.013124
-0.009780
0.008601
-0.007848
-0.016501
-0.042200
-0.033351
-0.006372
0.014491
-0.014306
0.000766
0.001019
-0.002584
0.001132
-0.017382
-0.014448
0.018984
-0.011470
-0.011053
0.051224
-0.010783
0.002622
0.017889
0.012633
0.003922
0.026637
-0.011102
-0.011890
-0.026349
-0.003622
-0.007732
-0.308670
-0.004219
-0.003184
0.000000
0.005900
0.090968
0.060658
0.074087
-0.015068
-0.007142
-0.004410
-0.009978
-0.022616
-0.004640
0.000000
0.000000
0.000000
-0.007036
0.013791
0.031464
-0.008700
-0.001402
0.015806
0.017067
-0.008203
-0.010894
-0.041273
0.074750
0.006969
-0.011112
0.000002
-0.016043
0.005210
-0.003683
0.004999
0.001025
-0.000182
0.028166
-0.014492
-0.007326
-0.002056
-0.006672
0.000000
-0.011350
-0.010828
-0.000301
-0.001388
-0.003526
0.002630
-0.000385
0.002024
0.015555
0.022497
0.007756
0.000000
0.008064
-0.025804
-0.003429
-0.005695
-0.011120
-0.006452
0.002299
0.005620
0.006105
0.010582
0.011300
-0.009297
-0.004454
0.011384
-0.003007
-0.017997
-0.019007
0.009312
-0.004626
0.006453
-0.008325
-0.000993
0.020484
-0.006206
-0.014491
-0.018219
0.012182
0.024007
0.001646
0.000975
0.002198
-0.007563
-0.041498
-0.012926
0.004299
-0.004684
0.031622
0.000000
-0.006735
0.000000
0.011600
-0.000346
-0.017000
-0.009492
-0.020673
-0.009517
0.001214
-0.020041
0.002766
0.001746
-0.030480
-0.008903
-0.001646
0.000000
0.054195
-0.004095
0.002228
0.008470
-0.029908
-0.007856
0.012203
0.000000
-0.016919
0.004484
-0.012739
0.003032
-0.000857
-0.009959
-0.021664
0.018418
-0.008366
0.037681
0.001575
-0.002788
-0.005322
-0.000447
-0.007413
-0.017965
-0.000851
-0.005429
-0.003914
0.005083
0.009392
0.338831
0.000826
0.000000
-0.003366
0.032186
-0.009205
-0.014422
0.007021
-0.005115
-0.019492
0.008594
0.003465
-0.005729
-0.009147
-0.010709
-0.007621
-0.013095
-0.010659
0.001410
0.000000
0.000000
0.000000
-0.014418
-0.002335
-0.015601
-0.009342
0.001768
-0.021554
-0.036734
-0.019400
-0.001155
0.006309
0.001947
-0.014258
0.034982
-0.016237
-0.042725
-0.007478
-0.005395
-0.014364
-0.002817
-0.001460
-0.003040
-0.003901
-0.012579
0.001458
-0.003593
-0.004003
-0.002315
0.006813
-0.011417
-0.020000
0.000103
-0.011254
0.003183
-0.001230
0.000004
-0.000373
-0.003158
-0.000992
-0.001922
-0.003890
-0.006571
0.000780
-0.012553
-0.002718
0.034360
-0.009122
-0.005957
-0.007367
-0.004212
0.009353
-0.025665
0.033263
-0.021472
-0.012083
-0.005963
-0.010119
0.004540
-0.004338
-0.007412
-0.001711
-0.001993
-0.002108
0.015371
0.004105
-0.002236
0.009332
-0.009225
0.014249
0.017177
0.007595
-0.010814
-0.018653
0.004383
-0.007067
-0.015106
0.004935
-0.002177
-0.005968
-0.001496
0.014688
-0.005485
0.003725
-0.005727
-0.015523
-0.009972
0.002908
-0.010369
0.002132
0.006637
-0.003321
0.014292
0.007981
-0.001673
0.007564
-0.000400
0.005270
-0.001865
-0.004979
-0.003911
-0.012378
-0.019378
0.017898
-0.017873
-0.007836
-0.009198
-0.008443
0.010038
0.070138
-0.023453
-0.012635
-0.006752
-0.004618
0.005167
-0.009262
0.000529
0.015284
-0.010612
0.015030
-0.004127
-0.015215
0.015234
-0.003249
0.000299
-0.009660
-0.046722
0.034818
-0.012111
0.002909
-0.006214
-0.009445
0.001365
-0.002822
0.004022
-0.000743
-0.016481
0.005506
0.006007
-0.004566
-0.008701
-0.009829
0.000293
-0.001457
0.010939
-0.015944
-0.006262
0.026724
-0.018111
-0.015009
-0.016016
-0.011468
0.004652
0.003832
0.005512
-0.008521
0.003826
0.002263
0.006235
-0.001529
0.004718
-0.002607
0.001506
-0.003198
-0.005554
-0.002977
-0.005483
0.031135
-0.009202
0.001021
-0.008613
-0.006663
-0.015047
-0.017097
0.003512
-0.016842
0.022605
-0.011986
0.000436
0.007490
-0.000080
-0.005161
-0.004767
-0.009011
-0.009852
0.008786
-0.006519
-0.000333
-0.001470
-0.008415
-0.010085
-0.006339
-0.009243
-0.000707
0.003398
-0.021397
-0.003195
-0.003839
-0.005168
-0.003884
-0.001998
-0.004603
-0.008228
-0.003981
0.003108
-0.000621
-0.014423
-0.004594
-0.012003
0.001549
0.018461
-0.001962
-0.000572
-0.004241
-0.007987
-0.001748
-0.004116
-0.007358
0.002588
-0.006765
-0.008962
-0.008737
0.007866
-0.013161
0.004021
0.008024
-0.005019
-0.002174
-0.009549
-0.001494
-0.004170
0.273623
-0.003349
-0.008454
0.000272
0.005297
-0.016345
0.028937
0.016905
0.022255
0.020430
0.001277
0.003124
0.003730
-0.006436
0.022585
0.007378
0.004750
-0.002124
0.057285
0.015235
0.002805
-0.004052
0.005792
0.002048
-0.004316
-0.005948
-0.003895
0.438879
0.017179
-0.007687
-0.018706
-0.011083
-0.009510
-0.004431
-0.010908
-0.005375
-0.028304
0.001572
0.001317
-0.020926
0.011350
-0.003151
0.002735
