0.007150
0.000000
0.000000
0.000000
0.000000
0.000000
0.000000
0.000000
0.000000
0.000000
0.000000
0.000000
0.000000
0.000000
0.000000
0.000000
0.000000
0.000000
0.000000
0.000000
0.000000
0.000000
0.000000
0.000000
0.000000
0.000000
0.000000
0.000000
0.000000
0.017916
0.000000
0.000000
0.002594
0.000000
-0.008919
-0.007788
0.144043
-0.024825
0.022180
0.000000
0.000000
0.000000
0.000000
0.000000
0.000000
0.000000
0.000000
0.000000
0.000000
0.000000
0.000000
0.000000
0.000000
0.000000
0.000000
0.000000
0.000000
0.000000
0.000000
0.000000
0.000000
0.000000
0.000000
0.000000
0.000000
0.000000
0.000000
0.000000
0.000000
0.000000
0.000000
0.000000
0.000000
0.000000
-0.014037
-0.005397
0.014130
0.000000
0.000000
-0.000898
0.000000
0.000000
0.000000
0.000000
0.000000
0.000000
0.000000
0.000000
0.000000
0.000000
0.000000
0.000000
0.000000
0.000000
0.000000
0.000000
0.000000
0.000000
0.000000
0.000000
0.000000
0.000000
0.000000
0.000000
0.000000
0.000000
0.000000
0.000000
0.000000
0.000000
0.000000
0.000000
0.000000
0.000000
0.000000
-0.024712
0.025128
0.000000
0.000000
0.000000
0.000000
0.000000
0.000000
0.000000
0.000000
0.000000
0.000000
-0.016296
-0.030156
-0.017213
0.018398
0.000000
0.000000
0.000000
0.000000
0.000000
0.000000
0.000000
0.000000
-0.012761
-0.016537
-0.004293
-0.050540
0.181503
0.147749
0.000000
0.000000
0.000000
0.000000
0.003670
0.000000
0.000000
0.000000
0.000000
0.000000
0.000000
0.000000
0.000000
0.000000
0.000000
0.000000
0.000000
0.000000
0.000000
0.000000
0.000000
0.000000
0.000000
0.000000
0.000000
0.000000
0.000000
0.000000
0.000000
0.000000
0.000000
0.000000
0.000000
0.000000
0.000000
0.000000
0.000000
0.000000
0.000000
0.000000
0.000000
0.000000
0.000000
0.000000
0.000000
0.000000
0.000000
0.000000
0.000000
0.000000
0.000000
0.000000
0.000000
0.000000
0.000000
0.000000
0.000000
0.000000
0.000000
0.000000
0.000000
0.000000
0.000000
0.000000
0.000000
0.000000
0.000000
0.000000
0.000000
0.000000
0.000000
0.000000
0.000000
0.000000
0.000000
0.000000
0.000000
0.000000
0.000000
0.000000
0.000000
0.000000
0.000000
0.000000
0.000000
0.000000
0.000000
0.000000
0.000000
0.000000
0.000000
0.000000
0.000000
0.000000
0.000000
0.000000
0.000000
0.000000
0.000000
0.000000
0.000000
0.000000
0.000000
0.000000
0.000000
0.000000
0.000000
0.000000
0.000000
0.000000
0.000000
0.000000
0.000000
0.000000
0.000000
0.000000
0.000000
0.000000
0.000000
0.000000
0.000000
0.000000
0.000000
0.000000
0.000000
0.000000
0.000000
0.000000
0.000000
0.000000
0.000000
0.000000
0.000000
0.000000
0.000000
0.000000
0.000000
0.000000
0.000000
0.000000
0.000000
0.000000
0.000000
0.000000
0.000000
0.000000
0.000000
0.000000
0.000000
0.000000
0.000000
0.000000
0.000000
0.000000
0.000000
0.000000
0.000000
0.000000
0.000000
0.000000
0.000000
0.000000
0.000000
0.000000
0.000000
0.000000
0.000000
0.000000
0.000000
0.000000
0.000000
0.000000
0.000000
0.000000
0.000000
0.000000
0.000000
0.000000
0.000000
0.000000
0.000000
0.000000
0.000000
0.000000
0.000000
0.000000
0.000000
0.000000
0.000000
0.000000
0.000000
0.000000
0.000000
0.000000
0.000000
0.000000
0.000000
0.000000
0.000000
0.000000
0.000000
0.000000
0.000000
0.000000
0.000000
0.000000
0.000000
0.000000
0.000000
0.000000
0.000000
0.000000
0.000000
0.000000
0.000000
0.000000
0.000000
0.000000
0.000000
0.000000
0.000000
0.000000
0.000000
0.000000
0.000000
0.000000
0.000000
0.000000
0.000000
0.000000
0.000000
0.000000
0.000000
0.000000
0.000000
0.000000
0.000000
0.000000
0.000000
0.000000
0.000000
0.000000
0.000000
0.000000
0.000000
0.000000
0.000000
0.000000
0.000000
0.000000
0.000000
0.000000
0.000000
0.000000
0.000000
0.000000
0.000000
0.000000
0.000000
0.000000
0.000000
0.000000
0.000000
0.000000
0.000000
0.000000
0.000000
0.000000
0.000000
0.000000
0.000000
0.000000
0.000000
0.000000
0.000000
0.000000
0.000000
0.000000
0.000000
0.000000
0.000000
0.000000
0.000000
0.000000
0.000000
0.000000
0.000000
0.000000
0.000000
0.000000
0.000000
0.000000
0.000000
0.000000
0.000000
0.000000
0.000000
0.000000
0.000000
0.000000
0.000000
0.000000
0.000000
0.000000
0.000000
0.000000
0.000000
0.000000
0.000000
0.000000
0.000000
0.000000
0.000000
0.000000
0.000000
0.000000
0.000000
0.000000
0.000000
0.000000
0.000000
0.000000
0.000000
0.000000
0.000000
0.000000
0.000000
0.000000
0.000000
0.000000
0.000000
0.000000
0.000000
0.000000
0.000000
0.000000
0.000000
0.000000
0.000000
0.000000
0.000000
0.000000
0.000000
0.000000
0.000000
0.000000
0.000000
0.000000
0.000000
0.000000
0.000000
0.000000
0.000000
0.000000
0.000000
0.000000
0.000000
0.000000
0.000000
0.000000
0.000000
0.000000
0.000000
0.000000
0.000000
0.000000
0.000000
0.000000
0.000000
0.000000
0.000000
0.000000
0.000000
0.000000
0.000000
0.000000
0.000000
0.000000
0.000000
0.000000
0.000000
0.000000
0.000000
0.000000
0.000000
0.000000
0.000000
0.000000
0.000000
0.000000
0.000000
0.000000
0.000000
0.000000
0.000000
0.000000
0.000000
0.000000
0.000000
0.000000
0.000000
0.000000
0.000000
0.000000
0.000000
0.000000
0.000000
0.000000
0.000000
0.000000
0.000000
0.000000
0.000000
0.000000
0.000000
0.000000
0.000000
0.000000
0.000000
0.000000
0.000000
0.000000
0.000000
0.000000
0.000000
0.000000
0.000000
0.000000
0.000000
0.000000
0.000000
0.000000
0.000000
0.000000
0.000000
0.000000
0.000000
0.000000
0.000000
0.000000
0.000000
0.000000
0.000000
0.000000
0.000000
0.000000
0.000000
0.000000
0.000000
0.000000
0.000000
0.000000
0.000000
0.000000
0.000000
0.000000
0.000000
0.000000
0.000000
0.000000
0.000000
0.000000
0.000000
0.000000
0.000000
0.000000
0.000000
0.000000
0.000000
0.000000
0.000000
0.000000
0.000000
0.000000
0.000000
0.000000
0.000000
0.000000
0.000000
0.000000
0.000000
0.000000
0.000000
0.000000
0.000000
0.000000
0.000000
0.000000
0.000000
0.000000
0.000000
0.000000
-0.002939
0.040018
0.001133
0.000000
0.000000
0.000000
0.000000
0.000000
0.000000
0.000000
0.000000
0.000000
0.000000
0.000000
0.000000
0.000000
0.000000
0.000000
0.000000
0.000000
0.000000
0.000000
0.000000
0.000000
0.000000
0.000000
0.000000
0.000000
0.000000
0.000000
0.000000
0.000000
0.000000
0.000000
0.000000
0.000000
0.000000
0.000000
0.000000
0.000000
0.000000
0.000000
0.000000
0.000000
0.000000
0.000000
0.000000
0.000000
0.000000
0.000000
0.000000
0.000000
0.000000
0.000000
0.000000
0.000000
0.000000
0.000000
0.000000
0.000000
0.000000
0.000000
0.000000
0.000000
0.000000
0.000000
0.000000
0.000000
0.000000
0.000000
0.000000
0.000000
0.000000
0.000000
-0.004185
-0.041734
-0.004182
0.002850
0.000000
0.000000
0.000000
0.000000
0.000000
0.000000
0.000000
0.000000
0.000000
0.000000
0.000000
0.000000
0.000000
0.000000
0.000000
0.000000
0.000000
0.000000
0.000000
0.000000
0.000000
0.000000
0.000000
0.000000
0.000000
0.000000
0.000000
0.000000
0.000000
0.000000
0.000000
0.000000
0.000000
0.000000
0.000000
0.000000
0.000000
0.000000
0.000000
0.000000
0.000000
0.000000
0.000000
0.000000
0.000000
0.000000
0.000000
0.000000
0.000000
0.000000
0.000000
0.000000
0.000000
0.000000
0.000000
0.000000
0.000000
0.000000
0.000000
0.000000
0.000000
0.000000
0.000000
0.000000
0.000000
0.000000
0.000000
0.000000
0.000000
0.000000
0.000000
0.000000
0.000000
0.000000
0.000000
0.000000
0.000000
0.000000
0.000000
0.000000
0.000000
0.000000
0.000000
0.000000
0.000000
0.000000
0.000000
0.000000
0.000000
0.000000
0.000000
0.000000
0.000000
0.000000
0.000000
0.000000
0.000000
0.000000
0.000000
0.000000
0.000000
0.000000
0.000000
0.000000
0.000000
0.000000
0.000000
0.000000
0.000000
0.000000
0.000000
0.000000
0.000000
0.000000
0.000000
0.000000
0.000000
0.000000
0.000000
0.000000
0.000000
0.000000
0.000000
0.000000
0.000000
0.000000
0.000000
0.000000
0.000000
0.000000
0.000000
0.000000
0.000000
0.000000
0.000000
0.000000
0.000000
0.000000
0.000000
0.000000
0.000000
0.000000
0.000000
0.000000
0.000000
0.000000
0.000000
0.000000
0.000000
0.000000
0.000000
0.000000
0.000000
0.000000
0.000000
0.000000
0.000000
0.000000
0.000000
0.000000
0.000000
0.000000
0.000000
0.000000
0.000000
0.000000
0.000000
0.000000
0.000000
0.000000
0.000000
0.000000
0.000000
0.000000
0.000000
0.000000
0.000000
0.000000
0.000000
0.000000
0.000000
0.000000
0.000000
0.000000
0.000000
0.000000
0.000000
0.000000
0.000000
0.000000
0.000000
0.000000
0.000000
0.000000
0.000000
0.000000
0.000000
0.000000
0.000000
0.000000
0.000000
0.000000
0.000000
0.000000
0.000000
0.000000
0.000000
0.000000
0.000000
0.000000
0.000000
0.000000
0.000000
0.000000
0.000000
0.000000
0.000000
0.000000
0.000000
0.000000
0.000000
0.000000
0.000000
0.000000
0.000000
0.000000
0.000000
0.000000
0.000000
0.000000
0.000000
0.000000
0.000000
0.000000
0.000000
0.000000
0.000000
0.000000
0.000000
0.000000
0.000000
0.000000
0.000000
0.000000
0.000000
0.000000
0.000000
0.000000
0.000000
0.000000
0.000000
0.000000
0.000000
0.000000
0.000000
0.000000
0.000000
0.000000
0.000000
0.000000
0.000000
0.000000
0.000000
0.000000
0.000000
0.000000
0.000000
0.000000
0.000000
0.000000
0.000000
0.000000
0.000000
0.000000
0.000000
0.000000
0.000000
0.000000
0.000000
0.000000
0.000000
0.000000
0.000000
0.000000
0.000000
0.000000
0.000000
0.000000
0.000000
0.000000
0.000000
0.000000
0.000000
0.000000
0.000000
0.000000
0.000000
0.000000
0.000000
0.000000
0.000000
0.000000
0.000000
0.000000
0.000000
0.000000
0.000000
0.000000
0.000000
0.000000
0.000000
0.000000
0.000000
0.000000
0.000000
0.000000
0.000000
0.000000
0.000000
0.000000
0.000000
0.000000
0.000000
0.000000
0.000000
0.000000
0.000000
0.000000
0.000000
0.000000
0.000000
0.000000
0.000000
0.000000
0.000000
0.000000
0.000000
0.000000
0.000000
0.000000
0.000000
0.000000
0.000000
0.000000
0.000000
0.000000
0.000000
0.000000
0.000000
0.000000
0.000000
0.000000
0.000000
0.000000
0.000000
0.000000
0.000000
0.000000
0.000000
0.000000
0.000000
0.000000
0.000000
0.000000
0.000000
0.000000
0.000000
0.000000
0.000000
0.000000
0.000000
0.000000
0.000000
0.000000
0.000000
0.000000
0.000000
0.000000
0.000000
0.000000
0.000000
0.000000
0.000000
0.000000
0.000000
0.000000
0.000000
0.000000
0.000000
0.000000
0.000000
0.000000
0.000000
0.000000
0.000000
0.000000
0.000000
0.000000
0.000000
0.000000
0.000000
0.000000
0.000000
0.000000
0.000000
0.000000
0.000000
0.000000
0.000000
0.000000
0.000000
0.000000
0.000000
0.000000
0.000000
0.000000
0.000000
0.000000
0.000000
0.000000
0.000000
0.000000
0.000000
0.000000
0.000000
0.000000
0.000000
0.000000
0.000000
0.000000
0.000000
0.000000
0.000000
0.000000
0.000000
0.000000
0.000000
0.000000
0.000000
0.000000
0.000000
0.000000
0.000000
0.000000
0.000000
0.000000
0.000000
0.000000
0.000000
0.000000
0.000000
0.000000
0.000000
0.000000
0.000000
0.000000
0.000000
0.000000
0.000000
0.000000
0.000000
0.000000
0.000000
0.000000
0.000000
0.000000
0.000000
0.000000
0.000000
0.000000
0.000000
0.000000
0.000000
0.000000
0.000000
0.000000
0.000000
0.000000
0.000000
0.000000
0.000000
0.000000
0.000000
0.000000
0.000000
0.000000
0.000000
0.000000
0.000000
0.000000
0.000000
0.000000
0.000000
0.000000
0.000000
0.000000
0.000000
0.000000
0.000000
0.000000
0.000000
0.000000
0.000000
0.000757
-0.010579
0.028647
0.019570
0.006887
0.000000
0.000000
0.005513
0.000000
0.000000
0.000000
0.000000
0.000000
0.000000
0.000000
0.055830
-0.008782
-0.001522
-0.010392
0.000545
0.025286
0.014395
0.047854
-0.021609
0.027209
0.000000
0.000000
0.000000
0.000000
0.000000
0.000000
0.000000
0.000000
0.000000
0.000000
0.000000
0.000000
0.000000
0.000000
0.000000
0.000000
0.000000
0.000000
0.000000
0.000000
0.000000
0.000000
0.000000
0.000000
0.000000
0.000000
0.000000
0.000000
0.000000
0.000000
0.000000
0.000000
0.000000
0.000000
0.000000
0.000000
0.000000
0.000000
0.000000
0.000000
0.000000
0.000000
0.000000
0.000000
0.000000
0.000000
0.000000
0.000000
0.000000
0.000000
0.000000
0.000000
0.000000
0.000000
0.000000
0.000000
0.000000
0.000000
0.000000
0.000000
0.000000
0.000000
0.000000
0.000000
0.000000
0.000000
0.000000
0.000000
0.000000
0.000000
0.000000
0.000000
0.000000
0.000000
0.000000
0.000000
0.000000
0.000000
0.000000
0.000000
0.000000
0.000000
0.000000
0.000000
0.000000
0.069622
0.022833
0.000000
0.000000
0.000000
0.000000
0.000000
0.000000
0.000000
-0.016565
-0.002483
-0.016758
-0.017627
-0.002788
-0.020295
-0.018482
-0.024510
-0.034953
0.000071
-0.035218
-0.027825
0.002674
-0.015229
-0.002029
-0.014057
0.000000
0.000000
0.000000
0.000000
0.000000
0.000000
0.000000
-0.015088
0.000000
0.000000
0.000000
0.000000
0.000000
0.009543
0.000000
0.006954
-0.007728
0.000000
0.000000
0.000000
0.000000
-0.022963
0.000000
0.000000
0.000000
0.000000
-0.013572
0.000000
0.000000
0.000000
0.000000
-0.008857
0.000000
0.000000
0.000000
-0.008366
-0.007603
0.000000
0.000000
0.000000
0.000000
0.000000
0.000000
-0.012969
0.000000
0.000000
0.000000
0.000000
0.000000
0.000000
0.000000
0.000000
0.005174
0.000000
0.000000
0.000000
0.000000
0.000000
0.113290
0.000000
0.000000
0.000000
0.000000
0.000000
0.000000
0.000000
0.000000
0.000000
0.014147
0.000000
0.000000
0.000000
0.000000
0.000000
0.067980
0.089812
-0.020091
-0.043562
-0.005540
0.019052
0.000000
-0.021800
-0.000399
-0.006626
0.000000
0.000000
0.000000
0.000000
0.000000
0.004194
0.000000
0.000000
0.000000
0.000000
0.000000
0.000000
-0.017557
-0.031554
-0.017485
-0.003760
-0.002537
-0.024490
-0.029265
-0.019959
0.032171
0.003495
-0.006927
-0.017254
0.000000
-0.007101
0.000000
0.000000
-0.018091
0.000000
-0.006070
-0.011535
-0.022825
0.000000
0.033870
0.000000
0.000000
0.000000
0.000000
0.000000
0.005067
0.000000
0.000000
0.000000
0.005886
0.000000
0.000000
0.000000
0.012015
0.000000
0.000000
0.000000
-0.001776
0.000000
0.000000
0.000000
-0.004335
0.000000
0.020226
0.018044
-0.001627
0.000000
0.000000
0.020461
-0.026278
0.024610
-0.001533
0.000000
0.000000
0.000000
0.000000
0.000000
-0.018071
0.000000
-0.006769
0.000000
-0.028362
0.025194
-0.012876
-0.034981
0.008155
-0.009438
-0.036780
-0.022746
0.024853
-0.009746
0.000000
0.000000
0.000000
0.000000
0.000000
0.000000
0.000000
-0.012062
0.014010
0.025886
0.003336
-0.000155
-0.015120
-0.012189
0.000000
0.000000
0.000000
0.000000
0.000000
0.000892
-0.020077
0.001463
0.000000
0.000000
-0.015522
-0.025749
0.003891
0.000000
0.000000
0.000000
0.000000
0.035336
0.034415
-0.007920
0.000000
0.000000
0.000000
-0.019267
-0.011245
0.000000
0.000000
0.000000
0.000000
-0.027641
0.000000
0.000000
-0.020356
-0.004879
0.000000
0.000000
0.000000
0.000000
0.029213
0.000000
-0.021372
-0.025684
0.000463
0.000000
0.000000
0.000000
0.000000
0.000000
0.000000
0.000000
0.000000
0.000000
0.000000
0.000000
0.000000
0.000000
0.000000
0.000000
0.000000
0.000000
0.000000
0.000000
0.000000
0.000000
0.000000
0.000000
0.000000
0.000000
0.000000
0.000000
0.000000
0.000000
0.000000
0.000000
0.000000
0.000000
0.000000
0.000000
0.000000
0.000000
0.000000
0.000000
0.000000
-0.015036
0.004812
-0.020246
0.000000
0.000000
0.000000
0.000000
0.000000
0.000000
0.000000
0.000000
0.000000
0.000000
0.000000
0.000000
0.000000
0.000000
0.000000
0.000000
0.000000
0.000000
0.000000
0.000000
0.000000
0.000000
0.000000
0.000000
0.000000
0.000000
0.000000
0.000000
0.000000
0.000000
0.000000
0.000000
0.000000
0.000000
0.000000
0.000000
0.000000
0.000000
0.000000
0.000000
0.000000
0.000000
0.000000
0.000000
0.000000
0.000000
0.000000
0.000000
0.000000
0.000000
0.000000
0.000000
0.000000
0.000000
0.000000
0.000000
0.000000
0.000000
0.012440
0.014723
0.036352
0.000000
0.000000
0.000000
0.000000
-0.018018
-0.035610
0.002008
0.000000
0.000000
0.000000
0.000000
0.000000
0.000000
0.000000
0.000000
0.006600
0.072210
0.002555
0.000000
0.000000
0.000000
0.000000
0.000000
0.000000
0.000000
0.000000
0.000000
0.000000
0.000000
0.000000
0.000000
0.000000
0.000000
0.000000
0.000000
0.107610
-0.021436
-0.029525
0.000104
0.000000
0.004675
-0.019169
0.000000
0.000000
0.000000
0.000000
0.000000
0.021702
0.000000
0.000000
0.000000
0.000000
0.000000
0.000000
0.000000
0.000000
0.000000
0.000000
0.000000
0.000000
0.000000
0.000000
0.000000
0.000000
0.000000
0.000000
0.000000
0.000000
-0.001911
0.000000
0.000000
0.000000
0.000000
0.000000
0.000000
0.000000
0.000000
0.000000
0.000000
0.000000
0.000000
0.000000
0.000000
0.000000
0.000000
0.000000
0.000000
0.000000
0.000000
0.000000
0.000000
0.000000
0.000000
0.000000
0.000000
0.000000
0.000000
0.000000
0.000000
0.000000
0.000000
0.000000
0.000000
0.000000
0.000000
0.000000
0.000000
0.000000
0.000000
0.000000
0.000000
0.000000
0.000000
0.000000
0.000000
0.000000
0.000000
0.000000
0.000000
0.000000
0.000000
0.000000
0.000000
0.000000
0.000000
0.000000
0.000000
0.000000
0.000000
0.000000
0.000000
0.000000
0.000000
0.000000
0.000000
0.000000
0.000000
0.000000
0.000000
0.000000
0.000000
0.000000
0.000000
0.000000
0.000000
0.000000
0.000000
0.000000
0.000000
0.000000
0.000000
0.000000
0.000000
0.000000
0.000000
0.000000
0.000000
0.000000
0.000000
0.000000
0.000000
0.000000
0.000000
0.000000
0.000000
0.000000
0.000000
0.000000
0.000000
0.000000
0.000000
0.000000
0.000000
0.000000
0.000000
0.000000
0.000000
0.000000
0.000000
0.000000
0.000000
0.000000
0.000000
0.000000
0.000000
0.000000
0.000000
0.000000
0.000000
0.000000
0.000000
0.013170
0.016493
0.021883
0.000000
0.001080
0.000000
0.000000
0.000000
0.000000
0.000000
0.000000
0.000000
0.000000
0.000000
-0.007692
0.000000
0.023904
0.002579
-0.020806
-0.012299
0.229737
-0.017013
-0.002537
0.000000
0.004030
0.069280
0.000000
0.000000
0.000000
0.000000
0.000000
0.000000
0.000000
0.000000
0.000000
0.014644
-0.004298
0.009734
0.049849
-0.005603
0.002514
0.000000
-0.005344
-0.005714
0.015530
-0.028254
-0.007019
0.000000
0.000000
0.008678
-0.026073
0.000000
0.000000
0.000000
-0.073743
-0.017751
0.000000
0.000000
0.039994
0.006596
0.081966
0.092899
0.008134
0.000000
0.000000
0.000000
-0.008300
0.000000
0.000000
0.023767
0.000000
-0.004016
0.008750
-0.015502
-0.019980
0.015883
-0.017505
0.043095
0.140729
-0.007626
-0.012089
-0.019579
0.000000
-0.028605
0.000134
-0.002029
-0.055069
0.000041
-0.025446
0.005722
0.001991
0.000000
0.000000
0.000000
-0.055250
-0.019692
0.011604
-0.025129
0.000000
-0.003479
-0.000078
0.000000
0.000000
-0.017820
0.000000
0.017762
0.007533
-0.013142
-0.000567
0.000000
0.000672
-0.011094
0.001539
0.000000
0.015175
0.000000
-0.016637
0.012391
-0.002563
-0.019821
-0.003921
-0.022930
0.000000
-0.009633
0.012726
0.000000
0.008155
0.000480
-0.011467
0.029688
-0.011687
0.023614
0.056483
0.009599
-0.004411
0.000000
0.000000
0.000000
0.000000
0.000000
0.000000
0.000000
0.000000
0.000000
0.000000
0.000000
0.000000
0.000000
0.000000
0.000000
0.000000
0.000000
0.000000
0.000000
0.000000
0.000000
0.000000
0.000000
0.000000
0.000000
0.000000
0.000000
0.000000
0.000000
0.000000
0.000000
-0.010057
0.014867
-0.003209
0.029038
0.000000
0.018688
0.000000
0.000000
0.030636
-0.003031
-0.006692
-0.002893
0.005199
0.000000
0.000000
0.000000
0.000000
0.033837
0.007533
0.005283
0.000000
0.000000
0.000000
-0.006317
0.000000
-0.004944
0.000000
0.000000
-0.019910
-0.006403
0.000000
0.000000
0.000000
0.000000
-0.005588
0.000000
0.000000
0.000000
0.000000
0.000000
0.000000
0.000000
0.000000
0.000000
0.011355
0.000000
0.047360
0.000000
-0.004660
0.008185
0.000000
-0.001665
-0.009556
0.017103
-0.007881
0.000000
0.000000
0.000000
0.000046
0.000000
0.000000
0.010000
-0.000585
0.002871
-0.010470
-0.027669
0.000000
0.040121
0.000000
-0.004803
0.000000
0.000000
0.000000
0.000000
0.000000
0.011379
-0.014421
0.000000
0.000000
-0.012916
0.000988
0.000604
0.000000
0.000000
0.000000
0.000000
0.000000
0.000000
0.000000
0.000000
0.000000
0.000000
0.000000
0.000000
0.000000
0.000000
0.000000
0.000000
0.000000
0.000000
0.000000
0.000000
0.000000
0.000000
0.000000
0.000000
0.000000
0.000000
0.000000
0.000000
0.000000
0.000000
0.000000
0.000000
0.000000
0.000000
0.000000
0.000000
0.000000
0.000000
0.000000
0.000000
0.000000
0.000000
0.000000
0.000000
0.000000
0.000000
0.000000
0.000000
0.000000
0.000000
0.000000
0.000000
0.000000
0.000000
0.000000
0.000000
0.000000
0.000000
0.000000
0.000000
0.000000
0.000000
0.000000
0.000000
0.000000
0.000000
0.000000
0.000000
0.000000
0.000000
0.000000
0.000000
0.000000
0.000000
0.000000
0.000000
0.000000
0.000000
0.000000
0.000000
0.000000
0.000000
0.000000
0.000000
0.000000
0.000000
0.000000
0.000000
0.000000
0.000000
0.000000
0.000000
0.000000
0.000000
0.000000
0.000000
0.000000
0.000000
0.000000
0.000000
0.000000
0.000000
0.000000
0.000000
0.000000
0.000000
0.000000
0.000000
0.000000
0.000000
0.000000
0.000000
0.000000
0.000000
0.000000
0.000000
0.000000
0.000000
0.000000
0.000000
0.000000
0.000000
0.000000
0.000000
0.000000
0.000000
0.000000
0.000000
0.000000
0.000000
0.000000
0.000000
0.000000
0.000000
0.000000
0.000000
0.000000
0.000000
0.000000
0.000000
0.000000
0.000000
0.000000
0.000000
0.000000
0.000000
0.000000
0.000000
0.000000
0.000000
0.000000
0.000000
0.000000
0.000000
0.000000
-0.003684
-0.020701
-0.021346
0.023961
-0.030055
0.064115
-0.003903
0.000000
0.000000
0.000000
-0.009738
0.000000
0.000000
0.054161
-0.039520
0.076400
0.000000
0.000000
-0.011249
-0.008200
-0.021253
-0.006461
0.062137
0.000000
0.005416
-0.039468
0.011609
0.030866
-0.001574
-0.003291
0.000000
0.000000
0.033807
-0.046875
0.014519
0.001153
0.002580
-0.002708
-0.007087
0.000000
-0.011722
-0.026779
0.000000
-0.011921
-0.022086
0.016109
0.014514
-0.017279
0.016349
-0.001252
0.003876
-0.000485
-0.012182
0.002279
0.000000
0.000000
0.000000
0.000000
0.000000
0.000000
0.000000
0.000000
0.000000
0.000000
0.000000
0.000000
0.000000
0.000000
0.000000
0.000000
0.000000
0.000000
0.000000
0.000000
0.007955
0.000000
-0.008151
0.000000
-0.020213
0.046782
-0.015447
0.002815
-0.020351
-0.006013
0.000000
0.000000
0.000000
-0.028912
0.035286
0.000000
0.000000
0.000000
0.000000
0.000000
-0.013408
0.014660
0.000000
0.000000
0.000000
0.000000
0.000000
0.000000
0.000000
-0.014997
0.011522
-0.007552
0.000000
0.000000
0.000000
0.000000
0.000000
0.000813
0.000000
0.000000
0.000000
0.000000
0.000000
0.000000
0.000000
0.000000
0.000000
0.000000
0.000000
0.000000
0.000000
0.000000
-0.053533
0.021214
0.048327
0.000000
0.000000
0.000000
-0.011824
0.038178
0.018386
0.004327
-0.016849
0.003266
0.000000
0.008118
-0.006386
0.001480
0.000000
-0.039471
-0.017040
0.001644
0.000000
0.000000
0.000000
0.000000
0.000000
0.000000
0.000000
0.000000
0.000000
0.000000
0.000000
0.000000
0.000000
0.000000
0.000000
0.000000
0.000000
0.000000
0.000000
0.000000
0.000000
0.000000
0.000000
0.000000
0.022320
-0.010514
0.000000
0.000000
0.000000
0.013923
-0.008307
0.000501
-0.021627
-0.014780
-0.014925
-0.008654
-0.000149
0.000000
0.064742
-0.010868
-0.017737
0.000000
-0.016669
0.002128
-0.013740
0.000000
-0.014681
-0.008090
0.000000
0.000000
0.000000
0.000000
0.000000
0.000000
-0.014765
0.019184
-0.019892
-0.001814
0.006702
0.000000
0.000000
0.000000
-0.023222
-0.009923
0.134169
-0.012597
0.007723
0.000000
0.000000
-0.023488
0.000000
0.000000
0.000000
0.003164
0.023495
0.000000
-0.009965
0.000000
0.013827
-0.006519
-0.000061
-0.004887
0.000000
0.000000
0.000000
0.000000
0.000000
-0.005091
0.181842
-0.007266
0.008744
0.000000
0.008076
0.000000
0.000000
0.000000
0.000000
0.000000
0.000000
-0.013211
-0.032528
0.014983
-0.003782
-0.017706
0.006158
0.000791
0.009930
-0.004185
-0.013999
0.004378
0.004436
0.000000
-0.018960
0.000000
0.000000
-0.035603
-0.015862
-0.007292
0.010105
0.000000
-0.003430
0.009505
0.009291
-0.034621
-0.012073
0.000000
0.000000
0.000000
0.008133
0.000000
0.000000
0.000000
0.000000
-0.015085
-0.014057
-0.001708
0.000000
0.000000
0.000000
0.000000
-0.001525
-0.011765
-0.007226
-0.011880
0.003025
0.000000
-0.016098
-0.028344
0.068521
0.039532
0.009387
0.000000
0.000000
0.000000
0.000000
0.000000
0.000000
0.000000
0.000000
0.000000
0.000000
0.000000
0.000000
0.000000
0.000000
0.000000
0.000000
0.000000
0.000000
-0.009500
0.000000
0.000000
0.082181
0.014405
0.012782
-0.027960
0.005868
-0.007666
0.017981
0.000000
0.000000
-0.009663
0.000000
-0.004586
0.000000
0.000000
0.019845
0.000000
-0.002207
0.049278
0.033820
0.002211
0.000000
-0.007053
0.000000
0.000000
0.000000
-0.003243
-0.008115
0.000000
0.026894
0.004530
0.000026
-0.023398
0.000000
0.000201
0.000000
0.000000
-0.007799
0.000242
0.000000
0.000000
-0.005619
0.000000
0.000000
0.000000
-0.013108
-0.001899
0.003589
-0.018088
0.026828
-0.011221
-0.026036
-0.021138
0.003512
-0.001306
0.000000
0.000000
0.000000
0.000000
-0.021330
0.013006
0.000000
0.000000
0.000000
0.003299
-0.008140
0.000000
0.029018
0.111460
0.113646
0.013660
-0.050528
0.024412
0.000000
0.000000
0.000000
-0.022488
-0.031122
0.022223
0.003759
-0.009111
-0.000981
-0.002873
0.000000
0.000000
0.087023
-0.007445
-0.010536
0.004897
0.008343
-0.050561
-0.012616
-0.009590
0.100239
0.037981
0.000000
0.000000
0.000000
0.000000
-0.006748
0.000000
-0.007711
-0.013731
0.002518
-0.042957
-0.001633
0.000000
0.003666
-0.031096
-0.009667
-0.013122
0.000000
0.000000
0.000000
-0.014303
-0.000361
-0.021753
0.032501
-0.009858
0.124487
0.028778
0.000000
0.000000
0.000000
0.000000
-0.000624
0.000000
0.000000
0.000000
-0.011499
0.044272
-0.046933
0.000000
0.000000
0.204629
0.006496
0.026766
0.004367
0.003809
0.000000
-0.004405
-0.017425
0.049490
-0.114650
-0.015907
-0.024059
-0.001995
0.000000
-0.016515
0.000000
0.019399
0.000000
-0.020709
0.000000
0.000000
0.000000
-0.014777
0.018695
-0.022606
-0.024069
0.003702
0.000000
0.000000
0.000000
0.000000
0.000000
0.000000
0.000000
0.000000
-0.026525
-0.005010
-0.002043
0.048554
-0.014495
-0.027831
-0.005376
0.004591
-0.016638
0.005636
-0.003125
0.011152
0.000000
0.000000
-0.034570
-0.004955
0.000000
0.000000
-0.025059
-0.006018
0.000000
-0.009028
-0.015784
-0.014255
-0.025650
-0.019519
-0.025333
-0.026149
-0.011436
0.009477
-0.001250
0.000000
-0.029271
-0.000893
-0.002215
-0.022702
-0.019633
-0.007833
0.003724
-0.011412
0.000000
-0.006222
0.000000
-0.010239
-0.024743
-0.012831
-0.008282
-0.016142
-0.004587
-0.025926
-0.009764
-0.018916
0.005755
-0.018251
-0.001806
-0.002590
0.000000
-0.023951
-0.032103
-0.040681
-0.004648
0.004487
-0.002109
0.165866
-0.007373
0.000543
-0.005360
0.004645
0.004385
0.000000
0.000000
0.032106
0.002971
0.000000
0.011564
0.000000
-0.003993
-0.020136
0.023044
-0.003079
0.006303
-0.010355
-0.084717
-0.036609
-0.013187
-0.003781
0.000000
0.000000
0.000000
0.000000
0.000000
0.000000
0.000000
0.000000
-0.003931
0.000000
0.001664
-0.013606
0.000000
0.000000
0.000000
0.000000
0.000000
0.000000
0.000000
0.000000
0.000000
0.000000
0.021940
0.026529
-0.009760
0.002104
-0.025189
-0.001197
0.000000
0.000000
0.000000
0.000000
0.000000
0.000000
0.000000
0.000000
0.000000
0.000000
-0.028824
-0.002859
0.000000
0.000000
0.000000
0.000000
0.000000
-0.007953
0.000000
0.041764
-0.016103
0.002587
-0.025279
-0.033997
-0.009090
0.000000
-0.006567
0.000000
0.000000
0.000000
0.000000
-0.024320
0.070753
-0.031361
-0.006461
0.245641
0.055056
-0.023090
0.006567
0.005837
0.011827
-0.007945
-0.002007
-0.001669
0.000000
0.000000
0.000000
0.000000
0.000000
0.000000
0.000000
0.000000
0.000000
0.000000
0.000000
0.000000
0.000000
0.000000
0.000000
-0.030444
0.043421
-0.008572
0.000000
0.008568
0.056432
0.008470
-0.019492
-0.009725
0.005745
-0.031591
-0.008670
0.013052
-0.018835
-0.012062
0.006370
-0.005169
0.000000
0.000000
0.000000
0.000000
0.000000
0.008202
-0.033158
0.000000
0.001525
-0.000667
-0.023518
-0.005664
-0.001770
-0.034651
-0.013581
0.000000
-0.011357
0.072142
-0.036525
-0.044893
-0.007226
0.000000
0.000000
0.031657
0.000000
0.012417
-0.015665
-0.014926
0.000000
0.000000
0.000000
-0.026799
-0.006753
-0.035207
0.054124
-0.012418
0.016743
0.000000
0.011930
-0.022186
-0.007970
0.000000
0.000000
0.000000
0.005570
0.008199
-0.002482
0.004546
0.000000
0.000000
0.000000
0.000000
0.000000
-0.003597
-0.044361
0.009341
-0.005549
-0.023678
-0.031202
-0.001646
0.003450
0.000000
0.008388
0.013932
-0.012228
-0.006956
-0.004443
0.000000
0.000000
0.000000
0.000000
-0.012016
0.010645
-0.003752
0.000000
-0.014142
0.000000
0.000000
-0.037227
0.001670
0.000000
-0.014369
0.038324
-0.009685
-0.004238
-0.006549
0.031195
-0.024445
0.012623
0.043550
-0.015461
0.049021
-0.033203
0.013036
0.000000
0.000000
0.000000
0.000000
0.000000
0.000000
0.000000
0.000000
0.000000
0.000000
0.000000
-0.010762
-0.020153
-0.014307
-0.020324
0.000000
-0.026713
-0.026515
-0.035550
0.050440
-0.007110
0.000000
0.000000
0.027606
0.004969
0.000893
0.021583
-0.008390
0.000000
0.000000
0.004045
-0.008496
0.000000
0.000000
0.000000
0.000000
-0.006033
-0.001073
0.060453
-0.001882
-0.001225
0.021798
0.000800
0.011766
-0.012436
0.020491
-0.004678
0.000000
0.000000
0.000000
0.000000
-0.010296
0.000000
0.000000
0.000000
0.000000
-0.015236
-0.005799
-0.028480
-0.016669
0.000000
0.000000
0.000000
0.001910
0.039746
-0.003852
0.052552
0.001071
0.009620
-0.008568
0.000000
0.000000
0.000000
-0.009725
-0.013531
-0.003323
0.000000
0.000000
0.000000
0.000000
0.000000
0.000000
-0.028584
0.015545
0.000000
0.003679
0.015086
-0.022805
-0.009503
-0.003543
0.017118
0.000241
-0.006191
0.087449
0.000000
0.001466
-0.000339
0.005441
-0.043607
-0.002280
0.004562
0.005107
0.004841
-0.004969
-0.011583
0.000000
-0.011018
0.000000
0.000000
0.000000
0.000000
0.000000
0.000000
0.000000
0.000000
0.000000
-0.001482
0.000000
0.000000
0.000000
0.000000
0.000000
0.000000
-0.015112
0.005675
-0.039718
-0.019640
-0.011784
0.006326
0.000000
0.000000
0.000000
0.000000
0.088043
0.003084
0.016457
0.001998
0.000000
-0.025876
-0.002345
-0.002803
0.000000
0.000000
0.000000
0.000000
0.000000
0.000000
0.000000
-0.014405
0.009162
-0.005841
-0.003510
0.009001
-0.009909
-0.006712
0.000000
0.000000
0.000000
0.000000
0.000000
0.000000
0.000000
0.000000
0.000000
0.000000
0.000000
0.000000
0.000000
0.000000
0.000000
0.000000
0.000000
0.035185
-0.000627
0.000000
0.000000
-0.014191
0.000000
-0.002931
-0.001012
-0.009946
0.000513
-0.023966
0.000000
-0.013778
0.000000
0.008424
0.000000
-0.010570
-0.027478
-0.016633
0.013468
-0.005780
-0.001572
-0.001709
0.000000
0.006116
0.016668
0.000000
-0.005712
-0.016195
-0.000146
0.019142
-0.006219
0.000000
-0.000526
0.000000
0.000000
0.000000
0.000000
0.008967
-0.001901
0.000000
-0.000457
0.000000
0.000000
0.000000
0.000000
0.015603
-0.024207
-0.000060
-0.011232
-0.024101
-0.001274
-0.004916
0.000000
0.009999
0.006159
0.000000
0.006806
-0.027190
-0.004225
-0.003843
-0.000758
-0.004910
-0.014907
-0.017041
-0.016753
-0.009644
-0.004076
0.000000
-0.024072
-0.000723
-0.009690
-0.001930
-0.002554
0.000000
-0.033666
0.007943
-0.004353
0.000000
0.000000
0.015716
0.003149
-0.029070
-0.022444
0.011920
-0.000717
0.000000
0.000000
-0.004105
0.022054
-0.003372
0.000000
0.000000
0.000000
-0.018655
0.113718
0.000000
-0.015995
-0.019473
-0.002759
0.014320
-0.026928
0.000000
-0.036072
0.019138
0.000000
-0.023229
0.000000
-0.002605
-0.002344
-0.021790
0.052364
-0.004328
-0.011490
0.004988
-0.026457
-0.008849
-0.003928
-0.021693
0.020687
0.015733
-0.014335
-0.007136
0.000000
0.000000
0.003562
-0.033653
-0.004219
0.004034
-0.001237
-0.005055
0.000000
0.000000
0.000000
-0.004349
0.000000
0.000000
0.059133
-0.013686
-0.002815
-0.000765
-0.016870
-0.080827
-0.048946
-0.008144
-0.007518
0.045215
-0.032404
0.000982
-0.001385
0.000000
0.021074
-0.013003
-0.008121
0.000000
-0.109968
-0.018798
0.000000
-0.014864
-0.003492
-0.002774
-0.035847
-0.003216
0.000000
0.000000
-0.006751
-0.023270
0.000000
0.000000
0.000000
-0.025788
-0.001158
-0.003837
-0.010094
0.009014
0.009389
0.000000
0.061113
-0.036840
-0.030063
0.000449
0.000000
-0.034238
-0.027821
-0.006723
0.045098
0.007090
-0.005453
0.002869
-0.024089
-0.028929
-0.006892
-0.013362
0.000000
0.000000
-0.003889
0.002758
-0.013261
0.018049
-0.003392
0.000000
-0.000573
-0.004020
0.000000
0.026523
0.042704
0.030288
0.000000
-0.024196
-0.016673
0.006075
0.004618
0.000000
-0.006141
0.000000
0.000000
0.003526
0.003873
0.000000
0.000000
0.000000
0.000000
0.000000
0.000000
0.073267
-0.017485
0.000000
-0.015623
-0.014609
0.000000
0.000000
-0.093952
0.072985
0.014319
-0.011775
0.000000
0.000000
0.000000
-0.021783
0.000000
0.000000
-0.002902
-0.033198
0.006386
0.000024
0.005678
0.015491
0.047940
-0.007075
-0.001653
0.065209
-0.019506
0.000000
0.000000
0.000000
0.000000
0.000000
-0.005665
-0.028154
-0.004247
-0.007533
0.000000
0.000000
0.000000
0.000000
0.000000
0.000000
0.000000
0.000000
0.000000
0.000000
0.010092
-0.007703
0.020465
0.000000
-0.000293
0.000000
0.000000
0.000000
-0.005724
0.033251
0.000000
-0.020315
-0.010637
-0.032481
0.008900
-0.028313
-0.037886
-0.007862
-0.003809
0.000000
0.000000
0.028531
-0.018068
0.013890
0.038910
-0.024468
0.000000
0.005786
-0.018459
0.001409
-0.006170
0.009663
-0.014537
0.082474
0.004852
-0.008854
0.003162
-0.018080
0.021882
-0.000773
0.000000
-0.001287
0.019952
0.003140
-0.007722
0.093390
-0.002896
-0.008698
0.000000
0.000000
0.000000
0.000000
-0.007271
0.000000
-0.002990
0.000000
0.000000
0.000000
0.000000
0.000000
0.011379
-0.017954
-0.000271
-0.009596
0.012318
-0.008581
-0.033472
0.007313
0.005952
-0.017281
0.018119
-0.011018
-0.009927
0.000000
0.000000
-0.005006
-0.012953
0.000000
0.000000
0.000000
-0.019421
0.111026
-0.005484
0.000000
-0.012370
0.003669
0.012392
0.081285
-0.020555
0.000000
0.010783
0.000000
0.000000
0.006626
-0.002345
0.011503
0.014219
-0.000002
0.005324
-0.003750
0.000000
0.000000
0.002081
-0.032922
-0.002793
-0.023973
0.025938
-0.014587
0.001985
-0.008038
0.000000
0.000000
0.000000
0.000000
0.000000
0.000000
0.000000
-0.022055
0.109178
-0.039519
0.014261
-0.028819
0.011309
-0.005385
-0.014925
-0.005854
0.003928
-0.000090
0.044124
-0.005259
-0.012965
0.001649
-0.001315
-0.010044
0.000000
0.000000
0.022642
0.000000
0.000000
0.118659
-0.004745
0.000000
0.000000
0.000000
0.000000
0.000000
0.000000
0.000000
0.000000
0.000000
0.000000
0.000000
0.000000
0.000000
0.000000
0.000000
-0.015653
0.009895
-0.010690
0.008267
0.000000
0.000000
0.006340
0.000000
0.000000
0.000000
0.000000
0.000000
0.000000
-0.003367
0.000000
0.000000
0.000000
-0.020503
-0.000838
0.000000
0.000000
-0.030780
-0.058496
-0.015649
0.009266
-0.025643
0.007224
0.000000
0.000000
0.000000
0.000000
0.000000
0.000000
0.000000
0.000000
0.000000
0.000000
0.000000
0.000000
0.000000
0.000000
0.000000
0.000000
0.000000
0.008587
0.000000
0.017331
0.022003
0.019557
-0.012637
-0.025326
-0.013398
-0.013692
-0.001602
0.013080
0.000345
0.000000
0.000000
0.000000
0.004167
0.000000
0.000000
0.000000
0.000000
-0.005998
0.008873
0.000000
-0.021058
0.080329
-0.000189
0.008652
0.135701
0.085651
-0.003906
0.000000
0.000000
0.000000
-0.015296
0.000000
0.000000
0.011862
-0.007900
0.000000
0.000000
-0.002252
0.012188
-0.012555
0.000000
0.000000
0.006192
-0.017205
0.063024
0.011994
0.012373
-0.000338
-0.001139
0.036719
0.044795
0.000280
-0.006612
0.000000
-0.022407
-0.008179
-0.004750
-0.002710
0.000000
-0.000779
-0.023084
0.077043
-0.011898
-0.022791
-0.012068
0.001133
-0.041112
-0.012812
0.000079
0.000000
0.000000
0.023481
0.000000
0.000000
-0.023253
0.002313
-0.011622
-0.000020
-0.006069
0.000000
-0.002159
0.083175
-0.010833
0.000000
-0.021025
-0.002132
0.000000
-0.012397
0.000000
0.000525
-0.028877
-0.035908
-0.045800
-0.029427
0.003396
-0.014788
-0.004393
0.000005
0.021662
-0.005108
-0.008130
0.000000
0.000000
0.000000
0.000000
0.000000
0.000000
0.000000
-0.011651
-0.001513
-0.010323
-0.029738
-0.003711
0.018000
0.011022
0.001387
0.000000
0.000000
0.000000
0.010475
-0.004314
0.000000
0.000000
-0.008351
-0.023973
-0.010685
0.000053
-0.013473
0.015748
0.013339
0.032702
0.011498
0.009133
0.000000
-0.009693
0.012137
0.000000
0.000000
-0.012123
0.000018
0.000000
0.000000
0.050630
0.024668
0.003744
-0.004491
0.016367
-0.001818
-0.014102
0.004713
0.004536
-0.019228
-0.017203
-0.002685
-0.004677
0.037864
-0.002025
0.000000
0.000000
0.003165
-0.008656
0.000000
-0.115108
0.000000
-0.131252
0.000000
0.012070
0.003636
-0.027745
0.023315
0.009161
0.000000
0.008168
-0.031812
0.002826
0.000000
0.000000
0.000000
0.000000
-0.005245
0.017623
-0.003445
0.010341
-0.000753
0.000000
0.000000
0.006179
0.000000
-0.003307
-0.013191
0.000000
-0.028610
0.000000
0.002201
0.022322
-0.045923
-0.001042
0.000000
0.000000
-0.006424
0.000000
0.000000
0.000000
0.000000
0.004854
-0.000917
0.000000
0.000000
0.000000
-0.007662
-0.012028
-0.009605
0.000000
-0.021125
-0.017349
-0.013964
-0.015877
-0.002809
-0.001131
-0.022852
0.015007
-0.050755
-0.028176
0.004946
0.000000
-0.001936
-0.046598
0.021119
-0.000587
0.006645
-0.024283
0.000057
0.000000
-0.008307
0.000000
0.003900
0.000000
0.000000
0.000000
-0.004850
-0.032270
0.003582
0.000000
0.009742
-0.026423
0.000000
0.000000
-0.011224
0.031482
0.000000
-0.005530
0.000000
-0.004992
-0.005279
0.000000
0.000000
0.000000
0.001805
0.000000
0.000000
0.015052
0.000000
0.000000
0.011850
0.017067
0.000000
-0.017819
0.000000
0.000000
-0.008622
0.000000
0.000000
0.000000
0.000000
0.000000
0.000000
0.000000
0.000000
0.000000
0.000000
0.000000
0.005210
-0.032767
-0.020936
0.000000
0.003646
0.007648
0.062579
-0.006143
-0.008264
0.023584
0.017778
-0.002577
-0.016094
-0.010805
0.000000
-0.012194
0.031571
-0.013532
-0.005636
0.000000
0.000000
-0.012868
-0.007658
0.007065
0.000000
0.000000
0.002629
-0.000267
0.078183
0.033308
0.000000
-0.027413
-0.025161
-0.019626
0.000000
0.000000
0.000000
0.000000
-0.008891
0.006178
-0.038659
0.014319
0.003943
0.007193
0.009782
0.046003
0.000000
-0.020477
0.063803
-0.025742
0.000000
0.000000
0.000000
0.000000
-0.041267
0.011126
-0.028658
-0.028571
-0.000576
-0.012467
0.004305
-0.022075
-0.005152
0.000000
0.000000
0.022689
0.002419
-0.006290
-0.013457
0.045947
-0.023949
-0.021936
0.019854
0.003279
-0.008773
-0.008700
0.000000
0.000000
0.000000
0.000000
0.000000
0.000000
0.000000
0.000000
0.000000
0.000000
0.000000
0.000000
0.000000
-0.006173
-0.004613
0.000000
0.000000
0.000000
0.000000
0.000000
0.000000
0.000000
0.000000
0.000000
-0.011162
0.000000
0.000000
0.024548
-0.010650
0.005397
-0.003707
0.000000
-0.013675
0.001866
-0.005752
-0.007653
0.000000
0.000000
0.000000
0.000000
0.000000
-0.002960
0.032350
-0.006086
0.000000
0.000000
0.000000
0.000000
0.000000
0.000000
0.000000
0.000000
0.000000
0.000000
-0.006119
-0.001431
0.001980
-0.014106
0.000000
0.000000
0.108980
-0.007850
0.000000
-0.017430
0.002549
-0.004557
-0.098660
-0.025944
-0.026317
0.016541
0.019753
0.000000
0.022229
0.000000
0.000000
0.000000
0.003118
-0.026024
-0.003191
-0.039691
0.057583
-0.007272
0.006022
-0.035537
-0.088712
-0.012975
0.000000
0.000000
0.003144
-0.015148
-0.004738
0.056812
-0.016820
-0.001434
-0.082824
-0.032637
-0.018343
0.015343
0.013151
0.011166
0.000000
0.067362
-0.012597
0.000000
-0.010859
0.000000
-0.002315
-0.012694
0.011703
-0.004840
0.011752
0.019930
0.000000
0.000000
0.000000
0.000000
0.000000
0.000000
0.000000
0.000000
0.018532
0.012358
0.000000
-0.017283
0.034198
-0.027590
0.004893
0.000000
-0.001564
0.000000
0.000000
-0.009617
-0.006035
0.004698
0.000000
0.003982
-0.005165
0.000000
0.000000
0.000000
-0.010755
0.002992
0.066402
0.000000
-0.017138
-0.027175
0.000712
0.000000
-0.016077
-0.017136
-0.008547
0.002043
-0.016490
0.017703
-0.025167
0.000000
0.014154
0.000000
-0.002381
0.000000
0.003121
0.000000
-0.009583
-0.008360
0.000683
0.000000
0.000000
0.000000
0.000000
0.000000
0.000000
0.000000
0.000000
0.000000
0.000000
0.000000
0.000000
0.000000
0.000000
0.000000
0.000000
0.000000
0.000000
0.000000
0.000000
0.000000
0.000000
0.000000
0.000000
0.000000
0.000000
0.000000
0.000000
0.010673
0.014831
0.000000
0.000000
-0.004214
0.000000
0.000000
0.000000
0.000000
0.000000
-0.008331
0.010420
0.000483
0.001716
0.000000
0.000000
0.000000
0.000000
0.000000
0.000000
0.007122
0.000000
0.000000
0.007905
0.038796
-0.086382
-0.004235
0.000000
0.000000
0.000000
0.000000
0.000000
0.000000
-0.002402
0.000000
0.000000
0.000000
0.000000
0.000000
0.000000
0.000000
0.000000
0.000000
0.000000
0.000000
0.000000
0.000000
0.000000
0.000000
0.000000
0.000000
0.000000
0.000000
0.000000
0.000000
0.000000
0.000000
0.000000
0.000000
0.000000
0.000000
0.000000
0.000000
0.000000
0.000000
0.000000
0.000000
0.000000
0.000000
0.000000
0.000000
0.000000
0.000000
0.000000
0.000000
0.000000
0.000000
0.000000
0.000000
0.000000
-0.012613
0.001578
0.004966
-0.013688
-0.013558
0.000000
-0.002691
-0.003330
-0.001893
-0.001885
0.000000
-0.015201
0.000000
-0.000074
0.010554
0.009952
-0.008084
-0.001186
-0.004579
0.000000
0.000000
-0.014105
0.000000
0.000000
0.000000
0.000000
0.000000
0.000000
0.000000
0.000000
0.007299
-0.013626
0.004583
-0.009059
-0.054930
-0.021852
0.016225
0.000000
0.000000
0.000000
0.000000
0.000000
0.000000
0.000000
0.000000
-0.014522
-0.005860
0.000000
0.045566
-0.006413
-0.010134
-0.001311
0.005444
0.000000
0.000000
0.043873
0.003848
0.000000
0.000000
0.000000
0.000000
0.017305
0.003520
0.000000
0.000000
0.000000
0.000000
0.000000
0.000000
0.011463
-0.004376
-0.004402
-0.013789
0.012297
0.000000
0.073956
0.000003
0.000000
0.000000
0.000000
0.000000
0.000000
0.000000
0.003011
0.000000
0.008455
-0.001656
0.000000
0.000000
0.000000
0.000000
-0.018121
-0.031477
0.000000
0.000000
0.205468
0.002686
0.355654
-0.014871
-0.007440
0.000000
-0.019611
-0.016193
0.000000
-0.020753
0.000000
0.011123
0.033881
-0.007040
-0.004461
0.000000
0.000000
-0.000031
0.000000
0.000000
0.000000
0.000000
0.000000
-0.027123
-0.019598
-0.010314
0.000000
0.000000
0.000000
0.000000
0.000000
-0.001473
0.000000
0.000000
0.000000
-0.005530
-0.005473
0.016401
0.000000
0.037399
-0.010351
-0.000096
-0.033512
0.059340
0.100531
0.001595
0.000000
0.000000
0.104102
-0.031364
-0.076090
0.011530
-0.066187
0.009031
0.008723
-0.023416
-0.035498
-0.017134
0.000000
0.000000
-0.001765
-0.005135
-0.005358
0.001208
0.000000
0.000000
0.000000
0.000000
0.000000
0.000000
0.000000
0.000000
0.000000
0.000000
0.000000
0.000000
0.000000
0.035204
-0.011699
-0.013458
-0.036714
0.063965
-0.003191
-0.010757
-0.008410
0.026350
-0.001104
0.000000
0.000000
0.000000
0.000000
0.000000
0.000000
0.000000
0.004614
0.009067
0.000000
0.000000
-0.019543
0.000000
0.000000
0.000000
0.000000
-0.040136
-0.007616
0.025733
0.031978
-0.014822
0.000000
0.005043
-0.044007
0.006347
-0.018933
0.001576
-0.025922
0.002845
-0.008205
0.000000
0.000000
0.000000
0.000000
-0.012661
0.000000
0.000000
0.001664
0.000000
-0.067981
0.001261
0.000000
0.000000
0.000000
0.000000
0.000000
0.000000
0.000000
0.000000
0.000000
0.000000
0.000000
0.000000
0.000000
0.000000
0.000000
0.026760
-0.001875
-0.008811
0.000000
-0.013722
0.000000
0.000000
0.000000
-0.021673
-0.022929
-0.009901
0.000000
0.000824
0.000000
-0.003556
-0.023048
0.000000
-0.019898
0.000000
0.000000
0.000000
-0.007636
0.000000
0.000000
0.000000
0.000000
0.000000
0.000000
0.000000
0.000000
0.000000
-0.026893
-0.007787
-0.039934
-0.000936
-0.010084
0.000000
0.000000
0.000000
-0.025579
0.005175
-0.042476
0.001217
0.000000
0.000000
0.011370
0.000000
-0.000879
0.000000
0.000000
0.000000
0.004717
0.000000
0.003639
0.000000
0.000000
0.000000
0.000000
-0.001439
0.004627
0.002794
-0.010671
-0.003077
-0.014273
0.023576
0.004592
0.000444
0.000000
0.000000
0.000000
-0.029688
0.003033
-0.000875
0.000000
0.000000
0.000000
-0.007243
-0.014110
-0.005994
0.012597
-0.008056
-0.003175
0.000000
0.000503
-0.020648
0.002847
0.000000
0.000000
0.000000
-0.012871
-0.012188
0.000000
0.011671
-0.007684
-0.001247
-0.011203
0.000000
0.004586
-0.014013
0.015909
-0.012504
0.000000
0.006004
0.000000
0.016936
-0.021770
-0.006175
0.000000
0.000000
-0.003278
0.019526
0.000000
0.000000
0.000000
0.000000
-0.044789
-0.010263
0.027215
-0.001276
0.000000
0.142319
-0.010245
-0.024792
0.000000
-0.015706
0.022668
-0.002873
0.000000
0.000000
0.000000
0.002813
0.000000
-0.020145
-0.015739
-0.014770
-0.020492
0.061154
-0.022189
-0.023434
-0.008043
-0.018722
-0.002012
-0.009522
0.003718
0.005561
0.000000
0.000000
0.000000
0.004973
0.000000
-0.010699
0.000000
0.000000
-0.007026
0.000000
0.000000
0.003605
0.000000
0.000000
0.000000
0.000000
0.000000
-0.058808
-0.012460
0.052297
-0.044157
-0.023958
0.000000
-0.002742
0.008282
0.000000
0.000000
0.000000
0.000000
0.000000
-0.022151
0.000000
0.071562
0.015307
-0.041970
0.000372
0.000000
0.000000
0.000000
0.000000
0.000000
0.000000
0.000000
0.000000
0.000000
0.008023
0.000000
0.000000
0.008298
-0.018665
0.014919
0.049053
0.000000
0.000000
0.000000
0.000000
-0.015131
0.000000
0.000000
0.000000
0.145763
-0.012396
-0.000900
0.000000
0.000000
0.000000
0.000000
0.000000
-0.014255
-0.019693
-0.000566
-0.018844
-0.004139
-0.003040
0.000000
0.000000
0.000000
0.000000
0.000000
0.004160
-0.017383
-0.000083
0.071868
0.017858
0.027391
0.017451
0.000000
0.000000
-0.007380
0.000000
0.000000
0.000000
0.000000
0.000000
0.000000
0.000000
0.000000
-0.007122
0.000000
0.000000
0.000000
-0.010983
0.072375
0.000000
0.004330
0.000000
0.000000
0.000000
0.000000
0.000000
0.000000
0.000000
0.000000
0.000000
0.000000
0.000000
0.000000
0.002317
0.004648
-0.010917
-0.002873
0.000000
0.000000
0.000000
0.000000
0.037894
0.000000
0.000000
-0.017402
0.041126
0.000000
0.000000
0.000000
0.000000
0.000000
0.000000
-0.008738
0.000000
0.000000
0.000000
0.000000
-0.004104
-0.001831
-0.015927
-0.016151
-0.012446
0.012771
0.000000
-0.013116
-0.007929
-0.012416
0.069809
0.000000
-0.046532
-0.008503
0.000000
0.000000
0.000000
0.000000
0.000000
-0.020229
-0.012001
-0.016245
-0.016534
-0.013883
-0.011550
0.003354
0.002544
-0.009132
0.000000
0.000000
0.005032
0.000000
0.000000
0.028976
0.000414
0.010800
0.001779
0.000000
0.000000
0.067997
-0.019076
-0.006259
-0.005027
-0.015134
0.012896
0.007783
-0.001421
0.000000
0.000000
0.000000
0.000000
0.000000
0.000000
-0.035989
0.012028
-0.001436
0.066603
0.000787
0.046587
0.001429
-0.018846
-0.004608
0.000000
0.000000
0.000000
-0.013270
0.000000
0.000000
-0.072480
-0.037226
-0.011832
0.338684
0.013134
0.048658
-0.061356
-0.009128
-0.008927
-0.010716
0.000000
0.000000
0.000000
-0.023964
0.000000
-0.015411
0.032881
-0.011398
0.041587
0.031248
-0.008856
-0.009121
-0.016148
-0.020120
0.000000
-0.013697
0.000000
0.000000
0.000000
-0.007046
-0.017918
-0.005734
0.018771
0.000000
0.000000
0.000000
0.000000
0.000000
0.000000
0.000000
0.000000
0.000000
0.000000
0.000000
0.000000
0.000000
0.000000
0.000000
0.000000
0.000000
0.000000
0.000000
0.000000
0.000000
0.000000
0.000000
0.000000
0.000000
0.000000
0.000000
0.000000
0.000000
0.000000
0.000000
0.000000
0.000000
0.019489
0.000000
0.000000
0.000000
0.000000
0.000000
0.000000
0.000000
0.000000
0.000000
0.000000
0.000000
0.000000
0.000000
0.000000
0.000000
-0.018573
-0.033595
-0.007948
0.000000
0.000000
0.000000
0.000000
0.010500
0.000000
0.000000
0.016282
0.000000
0.000000
0.000000
0.000000
0.051057
-0.017609
-0.029028
-0.030326
-0.011528
0.030399
-0.009167
-0.004347
-0.008310
-0.011659
0.025371
-0.001189
0.000000
0.000000
0.000000
0.000000
0.000000
0.000000
0.000000
0.000000
0.000000
0.000000
0.000000
0.000000
0.000000
0.000000
0.000000
-0.007446
0.001476
0.000000
0.000000
0.000000
0.000000
0.000000
0.000000
0.000000
0.000000
0.000000
0.000000
0.000000
0.000000
0.000000
0.000000
0.000000
0.000000
0.000000
0.000000
0.000000
0.000000
0.000000
0.000000
0.000000
0.000000
0.000000
0.000000
0.000000
0.000000
0.000000
0.000000
0.000000
0.000000
0.000000
0.000000
0.000000
0.000000
0.000000
0.000000
0.000000
0.000000
0.000000
0.000000
0.000000
0.000000
0.000000
0.000000
0.000000
0.000000
0.000000
0.000000
0.000000
0.000000
0.000000
0.000000
0.000000
0.000000
0.000000
0.000000
0.000000
0.000000
0.000000
0.000000
0.000000
0.000000
0.000000
0.000000
0.000000
0.000000
0.000000
0.000000
0.000000
0.000000
0.000000
0.000000
0.000000
0.000000
0.000000
0.000000
0.000000
0.000000
0.000000
0.000000
0.000000
0.000000
0.000000
0.000000
0.000000
0.000000
0.000000
0.000000
0.000000
0.000000
0.000000
0.000000
0.000000
0.000000
0.000000
0.000000
0.000000
0.000000
0.000000
0.000000
0.000000
0.000000
0.000000
0.000000
0.000000
0.000000
0.000000
0.000000
0.000000
0.000000
0.000000
0.000000
0.000000
0.000000
0.000000
0.000000
0.000000
0.000000
0.000000
0.000000
0.000000
0.000000
0.000000
0.000000
0.000000
0.000000
0.000000
0.000000
0.000000
0.000000
0.000000
0.000000
0.000000
0.000000
0.000000
0.000000
0.000000
0.000000
0.000000
0.000000
0.000000
0.000000
0.000000
0.000000
0.000000
0.000000
0.018094
0.089197
0.000000
0.230765
0.012439
-0.009368
0.006404
-0.009264
0.000000
0.027042
-0.023331
0.065768
0.006990
0.000000
0.000000
0.000000
0.000000
0.000000
0.000000
0.000000
0.000000
0.000000
0.000000
0.000000
0.000000
0.000000
0.000000
0.000000
-0.016020
0.000000
0.000000
0.000000
0.000000
0.000000
0.000000
0.000000
-0.012498
-0.005472
0.007298
0.049810
-0.006352
-0.035346
0.000000
0.020395
0.000000
0.000000
0.000000
0.000000
-0.015576
-0.012256
-0.014678
-0.024915
0.112551
-0.035561
0.009119
0.024539
0.018223
-0.009083
0.008388
-0.009213
-0.005709
-0.021732
0.000198
0.000000
0.000000
0.000000
0.000000
0.000000
0.000000
0.000000
0.000000
0.000000
0.000000
0.000000
0.000000
0.000000
0.000000
0.000000
0.000000
0.000000
0.000000
0.000000
0.000000
0.000000
0.000000
0.000000
0.000000
0.000000
0.000000
0.000000
0.000000
0.000000
0.000000
0.000000
0.000000
0.000000
0.000000
0.000000
0.000000
0.000000
0.000000
0.000000
0.000000
0.000000
0.000000
0.000000
0.000000
0.000000
0.000000
0.000000
0.000000
0.000000
0.000000
0.000000
0.000000
0.000000
0.000000
0.000000
0.000000
0.000000
0.000000
0.000000
0.000000
0.000000
0.000000
0.000000
0.000000
0.000000
0.000000
0.000000
0.000000
0.000000
-0.009497
0.000000
0.000000
0.000000
0.000000
0.026626
-0.005600
0.007360
0.035835
0.026598
-0.008680
-0.008314
-0.011624
0.003889
-0.010872
-0.024282
0.013363
0.016431
0.010118
-0.003577
0.000000
0.049529
0.003864
-0.002301
0.000000
0.000000
0.001744
0.000000
0.002457
0.016235
-0.016899
-0.004501
-0.005894
0.007319
0.007389
-0.028168
-0.001004
0.000000
-0.036579
-0.027528
0.000237
0.010591
-0.006081
-0.003336
-0.006669
0.013044
0.000000
-0.024232
-0.011862
0.000000
0.000000
0.000000
0.000000
-0.014072
0.000000
0.000000
0.000000
0.000000
0.000000
0.000000
0.000000
0.000000
0.000000
-0.023896
0.008679
0.004644
-0.004943
0.000000
-0.007789
0.004793
0.010515
-0.016602
-0.004374
-0.002587
-0.003537
-0.020186
-0.024184
0.000000
-0.024554
-0.022551
0.003981
0.000000
-0.010918
-0.011012
-0.004842
0.000000
0.000000
0.025300
0.033595
0.000000
0.000000
-0.032173
0.000000
-0.006897
-0.006273
-0.004057
-0.005944
0.000000
0.081247
-0.008245
-0.030561
0.010619
0.011713
0.000000
0.000000
-0.025057
-0.028572
0.003644
0.000000
0.000000
0.000000
0.000000
0.000000
0.000000
0.000000
0.000000
0.000000
0.000000
0.000000
0.000000
0.000000
0.000000
0.000000
0.000000
0.000000
0.000000
0.000000
0.000000
0.000000
0.000000
0.000000
0.000000
0.000000
0.000000
0.000000
0.000000
0.000000
0.000000
0.000000
0.000000
0.000000
0.000000
0.000000
0.000000
0.000000
0.000000
0.000000
0.000000
0.000000
0.000000
0.000000
0.000000
0.000000
0.000000
0.000000
0.000000
0.000000
0.000000
0.000000
0.000000
0.000000
0.000000
0.000000
0.000000
0.000000
0.000000
0.000000
0.000000
0.000000
0.000000
0.000000
0.000000
0.000000
-0.016864
-0.006371
0.000000
-0.029604
0.018704
0.000000
-0.002242
0.000000
0.000000
0.000000
0.000000
0.000000
0.000000
0.000000
0.000000
0.000000
0.000000
0.000000
0.000000
0.000000
0.000000
0.000000
0.000000
0.000000
0.000000
0.000000
0.000000
0.000000
0.000000
0.000000
0.000000
0.000000
0.000000
0.000000
0.000000
-0.009739
0.012076
-0.009017
0.008236
-0.002516
0.000000
-0.002873
0.000000
0.010384
0.000000
-0.010457
0.000000
0.000035
-0.025240
-0.007852
0.017311
-0.031583
0.016669
0.021871
0.079140
-0.022047
0.017614
0.004593
0.076342
0.017163
0.009862
0.000000
0.000000
0.000000
0.003528
-0.005253
0.000000
0.000000
0.000000
0.000000
0.000000
0.000000
0.000000
0.020873
-0.012540
-0.027211
-0.015300
0.000000
0.000000
0.000000
-0.014040
-0.025043
-0.001737
0.000000
0.000000
-0.049611
-0.012189
-0.006254
0.000000
0.000000
0.000000
-0.031415
0.004034
-0.004976
-0.014253
0.007695
0.005660
-0.002778
0.001307
-0.013147
-0.005579
-0.013796
0.000000
0.000000
-0.014497
-0.013696
-0.013677
0.000000
-0.050733
0.000000
-0.010759
-0.018251
-0.005475
-0.012246
-0.005532
0.000000
0.000000
-0.013494
-0.004269
0.000000
0.000000
0.000000
0.000000
0.000000
0.000000
0.000000
0.000000
0.000000
0.000000
0.000000
0.000000
0.000000
0.000000
0.000000
0.000000
0.000000
0.000000
0.000000
0.002158
0.000000
0.000000
0.009231
0.000000
-0.038539
0.001517
0.000000
0.000000
-0.012889
0.000000
-0.011519
-0.016208
0.013034
-0.019283
-0.013861
0.000000
0.000000
0.000000
-0.011428
-0.021519
-0.019380
-0.005248
-0.008241
-0.011986
-0.009805
0.000000
-0.032238
-0.019769
-0.000383
0.000000
0.000000
0.000000
0.018979
0.000000
-0.008743
0.040761
0.163136
-0.008777
0.000000
0.000000
-0.013657
0.011330
0.077951
0.000000
0.029878
0.000000
0.000000
-0.033934
0.002847
-0.031762
-0.000786
-0.015143
-0.013163
-0.014118
-0.010713
0.000000
0.000000
0.000000
0.000000
0.000000
0.000000
0.000000
0.000000
0.000000
0.082020
-0.009627
-0.014103
0.000000
0.042107
0.013579
-0.020645
-0.012574
-0.005647
0.000000
0.000000
0.000000
-0.006288
0.000000
0.000000
0.002110
0.011934
-0.003572
-0.009907
-0.033880
-0.017755
0.000000
-0.024437
0.000000
0.000479
0.004025
0.003417
-0.001231
-0.006856
0.010162
-0.001341
0.019632
-0.009368
0.006537
-0.029267
-0.017313
0.000000
-0.002607
-0.018303
-0.005196
-0.003087
0.000000
-0.014300
0.097230
0.059191
-0.007253
0.000000
0.000000
0.032080
0.000027
-0.011784
-0.015190
-0.020556
0.000000
0.000000
0.000000
-0.011268
0.000000
-0.039924
0.043597
0.048781
-0.007527
0.003511
0.000000
0.000000
0.000000
0.000000
0.004946
-0.004512
0.000000
-0.003355
-0.016972
0.005342
0.000000
0.016675
0.000672
0.000000
0.000000
0.002821
-0.006852
0.000000
0.000000
0.001394
0.000000
0.000000
0.000000
0.023771
0.022248
-0.009322
0.093677
-0.024537
-0.046232
0.048195
-0.032004
-0.026789
-0.050612
0.026648
-0.025044
0.051242
0.003375
0.010164
-0.002887
0.000000
0.000000
0.000000
0.000000
0.000000
0.000000
0.000000
0.000000
-0.011470
0.004521
0.001391
0.049401
-0.039882
-0.010945
0.000000
-0.016969
-0.019382
0.007438
-0.014859
0.004161
-0.001947
-0.019637
-0.001418
-0.005747
0.000000
0.000000
0.000000
0.000000
0.000000
0.000000
0.000000
0.000000
0.000000
0.000000
0.000000
0.000000
0.000000
0.000000
0.000000
0.000000
0.000000
0.000000
0.000000
0.000000
0.000000
0.000000
0.000000
0.000000
0.000000
0.000000
0.000000
0.000000
0.000000
0.000000
0.000000
0.008796
0.003210
0.000000
0.029854
0.011175
-0.005346
0.074609
-0.010376
0.003301
0.000000
0.000000
0.000000
0.000000
0.000000
0.000000
0.000000
0.000000
0.000000
0.000000
-0.072172
0.085074
0.051886
0.000000
0.013478
-0.022610
-0.005473
-0.030154
-0.038107
0.001591
-0.025149
-0.039642
0.000000
-0.036731
0.000000
0.000000
0.000000
0.010269
0.194220
-0.019745
0.027241
-0.028243
0.000000
-0.025416
-0.020709
0.000000
0.028913
0.004363
0.160729
0.018198
-0.033958
0.009830
0.000000
0.000000
0.003795
0.000000
0.000000
0.000000
0.000000
0.000000
0.000000
0.000000
0.000000
0.000000
0.000000
0.000000
0.000000
0.000000
0.000000
0.000000
0.000000
0.000000
0.000000
0.000000
-0.003310
-0.000898
0.000000
0.000000
0.000000
-0.004173
0.000000
0.003019
0.000000
0.000000
0.000000
0.000000
0.000000
0.000000
0.000000
0.000000
0.000000
0.000000
0.000000
0.000000
0.000000
0.000000
0.000000
0.001819
-0.004315
0.000000
0.004849
0.000000
-0.003991
-0.034590
-0.008771
0.000000
0.000000
0.000000
-0.005404
0.005822
0.038861
-0.019925
-0.042578
0.001099
0.000000
0.000000
0.000000
-0.020666
0.019702
0.000000
0.000000
-0.002498
0.000000
0.000000
0.000000
-0.040962
-0.002573
0.000000
-0.015999
0.000000
-0.005818
0.091805
-0.010973
-0.010590
0.000000
0.031249
0.000000
0.000000
0.131554
0.000000
-0.005727
0.018152
0.005072
-0.002506
0.001218
0.000000
0.000000
0.000000
0.000000
0.000000
0.000000
0.000000
0.000000
0.000000
0.000000
0.000000
0.000000
0.000000
0.000000
0.000000
0.000000
0.000000
0.000000
0.000000
0.000000
0.000000
0.000000
0.000000
0.000000
0.000000
0.000000
0.000000
0.000000
0.000000
0.000000
0.000000
0.000000
0.000000
0.000000
0.000000
0.001599
0.008562
-0.001433
0.000000
0.000000
0.000000
0.000000
0.000000
0.000000
0.000000
0.000000
0.000000
0.000000
0.000000
-0.021986
0.008212
0.000000
0.000000
-0.008791
0.000000
0.010154
0.000000
0.000000
-0.002588
-0.016816
-0.009118
-0.010593
-0.012118
-0.030088
-0.007136
-0.046878
-0.017739
0.001102
-0.013617
0.000000
0.000000
-0.033771
0.001913
0.000000
0.000000
0.000000
0.000000
0.000000
0.000000
0.004689
0.040350
-0.025086
-0.015009
0.004750
0.000000
0.000000
-0.008874
-0.017517
-0.011770
0.018840
-0.000824
0.019315
0.001895
0.021305
0.072975
0.006621
0.160842
-0.004142
-0.028427
-0.010354
0.000000
0.000000
0.000000
0.000000
0.000547
0.000000
0.000000
0.000000
0.000000
0.000000
0.000000
0.000000
0.000000
0.000000
0.000000
0.000000
0.000000
-0.018307
-0.001325
0.000000
0.000000
0.000000
0.005557
0.000000
0.000000
-0.001353
0.000000
-0.003137
0.000000
0.000000
0.040060
-0.011955
-0.002820
0.000000
0.000000
0.000000
0.000000
0.025589
-0.011663
-0.005348
0.000000
0.000000
0.000000
-0.017953
0.000000
0.000000
0.000000
0.000000
0.000000
0.000000
0.002418
0.000000
0.004519
-0.136082
-0.000832
-0.005945
-0.014650
0.001951
0.000000
-0.003617
0.008205
-0.008479
-0.030247
0.019430
-0.010536
0.000557
-0.006755
-0.037241
0.000000
0.000000
-0.010314
0.000000
0.000000
0.000000
0.000000
0.000000
-0.016449
0.060671
-0.008164
0.000000
0.000000
0.000000
0.000000
0.000000
0.000000
0.000000
0.000000
-0.030122
0.000000
-0.049681
-0.011847
-0.008560
-0.007309
0.001698
0.002797
-0.005889
-0.008887
-0.000953
-0.002899
0.000000
-0.003557
0.001577
-0.017579
0.006523
-0.016026
0.000000
-0.010434
-0.027630
-0.000148
0.000000
-0.021896
0.034604
0.000000
0.000000
0.024479
-0.005031
-0.007594
-0.037260
-0.022049
0.000199
0.000000
0.000000
0.000000
0.000000
0.000000
0.000000
0.000000
0.000000
0.000000
0.000000
0.000000
0.000000
0.000000
0.000000
0.000000
0.000000
0.000000
0.000000
0.000000
0.000000
0.000000
0.000000
0.000000
0.000000
0.000000
0.000000
0.000000
0.000000
0.000000
0.000000
0.000000
0.000000
0.000000
0.000000
0.000000
0.000000
0.000000
0.009385
-0.030911
0.008522
-0.031752
0.000000
-0.018988
-0.005862
0.003884
0.000000
0.000000
0.000000
0.000000
0.000000
-0.002536
0.019261
0.004725
-0.023959
-0.005307
0.038113
0.004703
-0.000835
-0.009963
0.000000
0.000000
0.000000
0.000000
0.000000
-0.022853
0.014512
0.004928
-0.005691
-0.035509
0.014035
0.006020
0.000000
-0.011652
0.000000
-0.023450
-0.005335
0.000000
-0.014860
0.011744
0.026161
0.026422
-0.011589
0.010935
-0.042892
-0.022573
-0.023690
-0.000727
0.042384
-0.004074
-0.011576
-0.025460
-0.010014
0.085618
0.003636
-0.016631
0.003370
-0.005428
-0.047961
0.000000
-0.000249
0.000000
-0.004054
0.089558
0.000000
-0.008526
-0.003501
-0.013126
0.019042
-0.004662
-0.015781
-0.011662
-0.011545
0.004167
0.000000
0.000000
0.043938
-0.006154
-0.000414
-0.021540
0.000000
-0.022995
-0.008221
-0.003949
-0.011052
0.001860
0.000309
-0.030532
-0.003350
-0.004741
-0.006290
0.000367
-0.000490
-0.002969
-0.000890
-0.007183
0.000000
0.000000
0.000000
0.009447
-0.004799
-0.024212
-0.016420
-0.032149
-0.004859
0.007269
0.014487
0.009694
0.032533
-0.002390
-0.002452
0.053847
0.000000
0.000000
0.000000
0.003335
-0.032409
0.013787
-0.005331
0.000000
0.000000
0.000000
0.000000
0.000000
0.000000
0.000000
0.000000
0.000000
0.000000
-0.011305
0.015167
0.001596
0.006011
0.000000
0.000000
0.000000
0.000000
-0.017472
-0.025893
-0.019819
-0.009014
0.000000
0.000000
0.130236
-0.008869
0.008066
-0.085016
-0.026321
-0.013330
0.000000
0.000000
0.000000
0.000000
0.000000
0.000000
0.000000
-0.019747
0.007347
0.014597
0.002421
0.000000
0.000000
0.052253
-0.002090
0.000000
0.000000
0.000000
0.000000
0.000000
0.000000
0.000000
0.000000
0.000000
0.000000
0.011987
-0.018672
-0.012114
-0.002691
0.000000
-0.020450
-0.010847
0.006132
-0.024352
-0.017330
-0.003887
-0.027627
-0.005759
-0.034804
-0.004649
-0.002675
-0.021407
-0.002839
0.000000
0.000000
0.000000
-0.018691
-0.031406
0.000000
-0.004074
0.000000
-0.000390
0.000000
-0.022779
-0.009864
-0.019248
-0.007533
0.000000
0.000000
0.000000
0.032342
0.000000
-0.007528
-0.011718
-0.008699
-0.016899
-0.005990
0.000000
0.000000
0.000000
0.000000
0.000000
0.000000
0.000000
0.000000
0.000000
0.000000
0.000000
0.000000
0.000000
0.000000
0.000000
0.000000
0.000000
0.004115
-0.010301
0.000000
0.000000
-0.000904
0.000000
0.000000
0.000000
0.006648
-0.051030
-0.046511
0.000000
-0.000089
0.000000
0.000000
0.000000
0.000000
0.000000
0.000000
0.000000
0.000000
0.000000
0.000000
0.000000
0.000000
0.000000
0.000000
0.000000
0.000000
0.000000
0.000000
0.000000
0.000000
0.000000
0.000000
0.000000
0.000000
0.000000
0.000000
0.000000
0.000000
0.000000
0.000000
0.000000
0.000000
0.000000
0.000000
0.000000
0.000000
0.000000
0.000000
0.000000
0.000000
0.000000
0.000000
0.000000
0.000000
0.000000
0.000000
0.000000
0.000000
0.000000
0.000000
0.000000
0.000000
0.000000
0.000000
0.000000
0.000000
0.000000
0.000000
0.000000
0.000000
0.000000
0.000000
0.000000
0.000000
0.000000
0.000000
0.000000
0.000000
0.000000
0.000000
0.000313
0.000000
-0.007686
-0.035409
0.000000
0.000000
0.000000
0.000000
-0.009665
-0.013802
0.000016
0.000000
-0.012366
0.003731
0.017258
-0.017954
0.000000
0.000000
0.022460
-0.031599
0.028334
-0.003276
0.011746
0.013500
-0.009778
0.008516
-0.003853
0.000000
0.000000
-0.002967
0.003263
0.000000
0.000000
-0.021033
-0.000411
-0.004581
0.000000
-0.002452
-0.000549
0.065536
0.014148
-0.014263
-0.002810
0.000000
0.000000
0.000000
-0.003229
0.000000
0.000000
0.000000
0.000000
0.000000
0.000000
0.000000
0.000000
-0.002428
-0.005102
0.000000
0.000000
-0.036855
0.010303
0.000000
0.000000
0.060327
0.008843
-0.051483
-0.003984
0.000000
-0.006208
-0.014349
-0.004103
0.000000
0.000000
0.000000
0.000000
0.000000
0.000000
-0.007755
0.000000
0.000000
0.000000
0.000000
0.000000
0.000000
0.000000
0.000000
0.000000
0.000000
0.000000
0.000000
0.000000
0.000000
0.000000
0.042536
-0.006648
0.000000
0.000000
0.000000
0.000000
0.000000
0.000000
-0.016364
-0.001727
-0.010254
-0.029781
-0.000227
-0.004614
-0.042092
0.018256
0.000000
0.048949
-0.018564
-0.040220
-0.006735
0.000000
-0.007020
-0.006436
0.000000
0.064748
-0.022313
-0.019697
-0.001940
0.000000
0.000000
0.000000
0.000000
0.000000
0.000000
-0.015997
0.001182
0.012358
0.000000
0.000000
0.000000
0.003757
0.002359
-0.012917
0.061422
-0.005319
0.000000
0.011875
0.008556
-0.002034
-0.003474
-0.006430
0.000000
0.000000
0.000000
0.000000
0.000000
0.000000
0.000000
0.000000
0.000000
0.000000
0.000000
0.000000
0.000000
0.000000
0.000000
0.000000
0.000000
0.000000
0.012862
0.000000
0.000000
0.000000
0.000000
-0.067376
0.086987
0.000000
0.026926
-0.032362
-0.003194
-0.007450
-0.009881
0.000000
0.000000
0.000000
0.000000
0.000000
0.000000
-0.005007
0.000165
0.002024
-0.000408
0.000000
-0.015130
-0.001474
0.000000
-0.004241
0.022588
0.000000
-0.014337
0.000000
-0.012745
-0.002720
-0.009898
0.000000
0.000000
0.000000
-0.029240
-0.042631
-0.011894
-0.006606
0.000000
0.053842
0.128747
0.090728
0.318324
-0.018749
-0.012612
0.001424
0.000000
0.000000
0.000000
0.000000
0.000000
0.000000
0.000000
0.000000
0.000000
0.000000
0.000000
0.000000
0.000000
0.000000
0.000000
0.000000
0.000000
0.000000
0.000000
0.000000
0.000000
0.000000
0.000000
0.000000
0.000000
0.000000
0.000000
0.000000
0.000000
0.000000
0.000000
0.000000
0.000000
0.000000
0.000000
0.000000
0.000000
0.000000
0.000000
0.000000
0.000000
0.000000
0.000000
0.000000
0.000000
0.000000
0.000000
0.000000
0.000000
0.000000
0.000000
0.000000
0.000000
0.000000
0.000000
0.000000
0.000000
0.000000
0.000000
0.000000
0.000000
0.000000
0.000000
0.000000
0.000000
0.000000
0.000000
0.000000
0.000000
0.000000
0.000000
0.000000
0.000000
0.000000
0.000000
0.000000
0.000000
0.000000
0.000000
0.000000
0.000000
0.000000
0.000000
0.000000
0.000000
0.000000
0.002439
0.000000
-0.046450
-0.009587
-0.003130
-0.002485
-0.001708
0.000000
-0.011217
-0.029438
0.000000
0.000000
0.000000
0.000000
0.000000
0.000000
0.000000
0.000000
0.000000
0.000000
0.000000
0.000000
0.000000
0.000000
0.000000
0.000000
0.000000
0.000000
-0.014058
-0.000530
0.005359
-0.024644
0.000000
0.000000
0.000000
-0.008925
0.000000
0.000000
-0.028422
0.056470
-0.002371
-0.021264
0.004894
0.000000
0.000000
0.000000
-0.038883
0.014939
-0.003582
0.000000
0.003028
0.000000
0.000000
0.000000
0.000000
0.000000
0.000000
0.000000
0.000000
0.000000
0.000000
0.000000
0.000000
0.000000
0.000000
0.000000
0.000000
0.000000
0.000000
0.000000
0.000000
0.000000
0.000000
0.000000
0.000000
0.000000
0.000000
0.000000
0.000000
0.000000
0.000000
0.000000
0.000000
0.000000
-0.011739
-0.003655
0.000000
0.000000
0.000000
0.000000
0.000000
0.000000
0.000000
0.000000
0.000000
0.000000
0.000000
0.000000
0.000000
0.023539
-0.010882
0.000000
0.022326
0.000000
0.000000
0.000000
0.000000
0.014395
-0.051766
0.010071
-0.016691
-0.024875
-0.047489
-0.011875
0.000000
0.000000
0.000000
0.000000
0.000000
0.000000
0.000000
0.000000
0.002140
0.022896
-0.003405
0.029125
0.036889
0.004844
-0.003504
0.000000
0.000000
0.008026
-0.012703
0.000000
0.070889
-0.019093
-0.004479
-0.012873
-0.010313
-0.010215
-0.014132
-0.021677
-0.006835
0.000000
-0.019895
-0.001178
-0.002873
0.000000
0.000000
0.000000
0.000000
0.000386
0.005882
0.039780
-0.008289
0.000000
0.000000
-0.001151
0.000000
0.000000
-0.002920
-0.000513
0.000000
0.000000
0.000000
0.000000
0.000000
0.000000
0.000000
-0.027249
-0.015743
0.000000
0.000000
0.000000
0.000000
0.000000
0.000000
0.000000
0.000000
0.000000
0.000000
0.000000
0.000000
0.000000
0.000000
0.000000
0.000000
0.000000
0.001834
-0.008094
0.000000
0.000000
-0.049705
0.024063
-0.004093
-0.014326
0.004465
0.000000
-0.007485
0.165614
-0.004125
0.000000
0.000000
0.000000
0.075382
0.000000
0.000000
-0.000578
0.000000
0.000000
0.000000
0.000000
0.000000
0.000000
-0.014998
-0.018865
0.006651
0.000000
-0.011501
0.000000
0.007180
-0.015800
-0.002990
0.015386
0.000000
0.000000
0.000000
0.000000
0.001533
-0.007266
-0.020609
-0.017122
-0.015364
0.006024
-0.017961
0.022801
-0.043456
-0.002281
-0.002098
-0.020687
-0.008217
-0.011564
-0.003485
0.014087
0.008070
-0.000981
-0.075155
-0.008986
0.000000
0.000000
0.000000
0.000000
0.000000
-0.018891
-0.012362
0.004588
-0.016162
-0.009747
0.016125
-0.018224
0.000000
0.000000
0.001755
0.000000
0.003859
-0.011912
-0.008418
0.000000
0.000000
-0.003620
-0.003767
-0.002011
-0.002693
-0.009532
0.000820
-0.009427
-0.015473
-0.011670
0.000000
0.000000
-0.016981
-0.005727
0.000000
-0.010278
-0.004628
0.000000
0.000000
0.000000
0.000000
0.000000
0.000000
0.000000
0.000000
0.000000
-0.028332
0.011947
-0.012664
-0.005813
-0.003973
0.007792
0.011771
-0.008064
-0.007934
0.000000
0.000000
0.000000
0.074109
0.000000
0.000000
-0.003082
0.000194
-0.026918
-0.012674
-0.037810
0.015427
-0.012787
0.000000
0.000000
0.015846
-0.017664
0.000000
0.002814
-0.010195
0.008350
0.000947
0.002585
0.000000
0.000000
0.000000
0.015412
-0.031288
0.010985
-0.035500
-0.015587
0.008935
-0.003050
0.000000
0.000000
0.000000
0.000000
0.000000
-0.006406
0.000000
0.000000
0.000000
0.082699
-0.011564
-0.004411
-0.009164
-0.021664
0.030411
-0.019304
0.036007
-0.128605
-0.004715
0.119524
-0.028468
0.052237
-0.018986
0.043586
0.000000
-0.011408
-0.028097
0.004977
-0.007629
-0.002503
-0.005402
-0.010217
0.002538
0.000000
0.002816
0.000000
0.000000
0.000000
-0.006031
-0.009791
-0.001990
-0.002310
-0.008670
0.000000
-0.009526
-0.014211
0.018078
-0.003401
-0.017923
-0.002874
0.000000
0.000000
0.000000
0.000000
0.000000
-0.036941
-0.015487
0.000000
0.000000
0.000000
0.000000
-0.010666
0.004151
-0.052939
0.016073
0.000000
0.080869
-0.033986
0.117916
0.029495
-0.002719
0.027233
0.000000
-0.010182
0.000192
0.002697
0.000000
0.000000
0.008897
-0.016119
0.091534
0.010532
-0.002584
-0.005481
-0.004192
0.000000
0.000000
-0.065446
-0.005869
0.000000
0.000000
0.000000
0.008612
-0.001064
-0.001554
0.000000
-0.015421
0.000896
0.518652
0.013803
-0.016001
-0.016564
0.000000
-0.027935
0.005626
0.000000
0.078194
0.000000
0.012910
0.114762
0.107738
-0.033583
0.021949
0.002221
-0.004287
0.000000
0.000970
0.000000
-0.008803
0.043059
-0.013213
-0.021858
-0.005402
-0.045627
0.002866
0.000000
-0.005187
0.012229
0.000480
-0.025386
0.000000
0.004220
0.003325
0.015701
-0.010998
-0.008307
0.016553
-0.020074
0.001277
-0.008586
0.000000
0.000000
-0.021520
-0.025400
-0.005747
0.000000
-0.012893
-0.002818
-0.004800
-0.025528
-0.004150
0.065184
-0.012515
-0.001087
-0.028040
0.015361
0.057473
0.006660
0.000000
0.000000
0.029494
0.003853
0.000000
-0.022825
-0.007849
-0.019690
-0.018606
-0.008926
0.000000
0.000000
0.000000
0.000000
0.000000
0.000000
0.000000
0.003203
0.006227
0.009157
-0.011511
-0.003908
0.000000
0.000000
0.000000
-0.022084
-0.008046
0.000000
0.000000
-0.004247
-0.012458
0.000000
0.000000
0.046249
-0.015379
0.000000
0.009215
0.000000
-0.008654
0.000000
0.011400
0.010085
-0.028020
-0.004556
-0.000355
0.000000
0.000849
-0.028522
-0.031998
-0.011797
0.006169
0.015334
0.001593
-0.012979
-0.008025
0.005648
0.001291
0.021124
0.017246
-0.002300
0.000000
0.000000
0.000000
0.000000
0.000000
0.000000
0.000000
0.000000
-0.006548
-0.013053
0.000000
0.000000
0.000000
0.000761
-0.008357
0.000000
-0.002935
-0.001269
-0.007773
-0.017566
-0.002843
-0.019392
0.000000
-0.011991
-0.005408
-0.021405
-0.007382
-0.017113
0.000000
0.000000
0.000000
-0.004298
-0.011761
-0.004443
-0.001190
0.000000
0.035647
-0.015194
-0.015217
-0.005682
-0.003252
0.047905
-0.019824
-0.003084
0.000508
-0.003022
0.000000
-0.012762
0.021653
0.000916
-0.000508
0.027658
0.002914
0.000000
0.000000
0.001713
-0.007961
0.000000
0.000000
0.005961
0.099876
-0.045828
-0.044574
0.005263
-0.025980
-0.032180
-0.028887
0.003178
-0.015572
-0.012421
0.000000
0.000000
0.000000
0.000000
0.000000
0.000000
0.000000
0.000000
0.019790
-0.000216
-0.010290
-0.032395
-0.007817
0.000000
0.001904
0.002592
-0.002073
-0.009354
0.000000
0.000000
-0.005867
0.010830
-0.012919
0.025832
0.053971
0.000000
0.001552
-0.005983
-0.015398
0.000000
0.000000
0.074751
0.080668
-0.016153
0.000000
0.003890
0.041002
-0.016674
-0.025029
-0.009420
0.000000
-0.001642
0.021745
0.000000
-0.010503
0.000000
0.000000
-0.023778
0.000000
0.002495
0.038811
0.000000
0.000000
-0.004814
0.000000
0.000000
0.000000
0.000000
0.000000
0.000000
0.000000
-0.020282
0.003638
0.002157
0.000000
0.000000
-0.029016
0.016952
0.000000
0.000514
0.000000
-0.002525
-0.010516
0.012905
-0.001671
-0.038771
-0.010375
-0.045876
-0.011290
-0.015239
0.000000
-0.005425
-0.016506
-0.005366
0.015423
0.005858
-0.018625
0.000000
0.019724
-0.004549
0.025436
-0.005913
0.015266
-0.003571
-0.008978
0.002533
-0.022162
-0.021263
0.000000
0.015198
0.020402
0.006964
-0.041922
0.028831
-0.014754
-0.015870
-0.009479
-0.033664
0.019549
-0.009611
0.010763
-0.011727
0.067864
-0.013178
0.000000
0.000000
0.000000
-0.006441
0.002383
-0.008171
0.017258
0.004405
-0.015229
-0.000403
0.000000
-0.007743
0.000000
0.005286
-0.006928
-0.018889
-0.015131
0.000000
0.000000
0.000000
0.000000
0.004736
0.000000
-0.016135
0.001286
-0.012896
-0.002159
0.000000
0.000000
0.000000
0.000000
-0.023752
-0.028540
0.025276
-0.012760
-0.005488
-0.008909
0.108767
0.023172
0.001195
0.079231
0.155157
0.000000
-0.026230
0.039935
0.003154
0.000000
-0.008025
-0.014289
-0.000768
-0.005021
-0.017832
-0.030608
0.012137
0.019325
-0.003295
0.000000
0.000000
-0.023584
0.000000
-0.006023
0.037721
-0.026256
0.030751
-0.013702
0.013110
-0.006953
-0.005137
-0.050230
-0.016248
0.000000
0.000000
0.000000
0.000000
0.017440
-0.007471
-0.049841
-0.001745
0.000000
-0.010829
0.002027
-0.005350
0.017186
0.000000
0.000000
0.002434
0.009904
-0.013748
0.018473
-0.003274
-0.011676
-0.014120
0.012995
0.100489
0.000000
0.137702
-0.004059
0.016210
0.025289
-0.010283
0.000000
-0.016816
0.000000
0.000000
-0.009457
0.000000
0.031880
-0.023506
0.001796
0.000000
-0.009323
0.002779
0.123117
0.065926
-0.017662
-0.017789
-0.015874
-0.004716
-0.011376
-0.004129
0.028280
-0.007686
0.000000
0.000000
0.000281
-0.017958
0.014098
-0.007056
-0.009047
0.000000
0.000000
0.000000
-0.019513
0.075656
0.002148
-0.015297
-0.018630
-0.000696
-0.000401
-0.020268
-0.025969
-0.014635
0.000000
-0.039394
0.000000
0.000000
-0.002079
0.001493
-0.016597
-0.011613
-0.010054
-0.056257
-0.013663
0.000000
0.000000
0.000000
0.000000
0.000000
0.000000
0.000000
-0.004384
-0.012433
0.000000
0.001469
0.000000
0.000000
0.000000
0.000000
0.000000
0.007727
-0.058133
0.000000
0.000000
-0.009714
0.000000
0.000000
0.000000
0.013618
-0.010935
0.000000
-0.013995
0.009566
0.037156
-0.031994
-0.016094
0.002833
0.001932
0.002478
-0.032125
0.005621
-0.012664
0.000000
0.001130
-0.004769
-0.006864
0.079427
0.066699
0.003803
-0.001321
-0.008158
0.000000
0.000000
0.000000
0.000000
0.000000
-0.038717
-0.008266
0.019765
0.013026
0.001232
-0.052230
0.000000
0.009872
0.000000
-0.011977
-0.006033
0.002536
0.004058
-0.007572
0.028096
0.000000
-0.008368
-0.012081
0.000000
0.000000
0.000000
-0.024041
0.000000
0.000000
0.013108
-0.003515
0.000420
-0.017334
-0.002814
-0.031904
0.001116
-0.004904
-0.016933
0.008126
-0.020152
0.004567
-0.002006
0.000000
0.000000
0.000000
-0.005788
0.000000
0.000000
0.000000
0.000000
0.000000
-0.003101
0.000000
-0.015445
0.001803
-0.016171
-0.019630
0.160483
-0.004495
0.209132
-0.028483
-0.031810
0.007257
0.000000
0.000000
0.000000
0.000000
0.037938
0.108692
-0.006429
0.003703
0.087905
0.000000
0.000000
0.000000
0.000000
-0.020383
0.036814
0.045650
0.002392
-0.064279
0.017253
0.000000
-0.020464
0.007127
0.005578
-0.008330
-0.006621
-0.004596
0.003945
-0.014893
0.000000
-0.001133
-0.026200
0.000000
0.001790
0.000000
0.000000
0.007086
0.000000
-0.020046
-0.006538
0.094189
-0.015848
-0.021339
0.004841
0.000000
0.000000
0.011307
-0.000389
-0.034812
0.000000
-0.037218
0.027332
0.012623
-0.013107
-0.012814
-0.005379
-0.003290
-0.017297
0.000355
0.000000
0.000000
0.000000
0.000000
0.000000
0.000000
-0.004729
-0.001738
0.000000
0.000000
0.000000
0.148929
0.008324
0.000000
0.000000
-0.006875
0.003560
-0.009335
-0.002261
0.008799
0.025930
-0.010543
0.004387
-0.006226
-0.014709
-0.022192
-0.027213
0.000393
-0.028178
-0.044247
-0.014243
0.000000
-0.024905
-0.016953
0.008275
0.001588
0.000000
0.000000
0.000000
0.000000
-0.015594
0.103569
-0.009382
0.000000
0.034169
-0.005785
-0.028332
-0.032423
-0.015507
0.000000
0.000000
0.000000
-0.011908
0.000000
0.000000
0.000000
0.000000
0.000000
0.012647
0.032196
-0.006004
0.000000
0.000000
0.000000
0.000000
0.047305
-0.010489
0.000000
0.000000
-0.004825
0.000000
0.000000
0.000000
0.000000
0.000000
-0.062381
-0.003742
-0.001893
0.004651
-0.002125
-0.009716
0.000000
0.000000
0.001600
0.007524
0.017272
0.033170
-0.011143
0.007732
-0.007317
0.000000
0.000000
0.000000
0.002847
0.032890
0.000000
0.000000
0.000000
-0.010192
-0.006397
-0.009091
0.000000
0.003110
0.159826
0.000000
0.000000
0.000000
-0.010565
-0.005199
0.000000
0.000000
0.000000
0.000000
0.009453
0.000000
-0.003845
-0.018638
0.000000
0.000000
0.000000
-0.006763
0.006486
0.000000
0.000000
0.000000
0.000000
-0.004058
0.017467
-0.006837
-0.005940
0.000000
0.000000
-0.016789
-0.003363
0.004095
0.000000
0.000000
0.000000
-0.029951
0.006109
0.000000
0.000698
0.000000
0.000000
-0.002310
0.000000
0.016893
0.014445
-0.011039
0.002897
0.010480
0.011303
-0.013907
0.000865
0.000000
0.000000
-0.009164
-0.012689
0.007330
0.000000
0.000000
-0.019406
-0.011487
0.000000
-0.008310
0.000000
0.005610
0.000000
0.003228
-0.041966
-0.006442
-0.037344
-0.025979
0.000000
0.000000
-0.015803
-0.017738
0.000000
0.143896
0.005325
-0.012477
0.000000
-0.014163
-0.004060
0.000000
0.000000
0.000000
0.000000
0.000000
0.000000
0.000000
0.000000
0.000000
0.041041
0.026168
0.041263
-0.022484
-0.000273
0.009957
0.003998
0.005135
0.008048
-0.010868
0.000000
0.003555
0.000000
0.000000
-0.000075
-0.004665
0.002693
0.047477
-0.000975
0.000000
-0.033383
0.018459
-0.031548
0.019263
-0.008885
0.000000
-0.031482
-0.021315
-0.004792
-0.013568
0.015956
-0.015873
-0.020900
-0.004714
0.000000
0.000000
0.000000
0.000000
0.008193
0.000000
-0.012328
0.050323
-0.000968
0.000000
0.000000
0.000000
0.000000
-0.004962
0.002578
0.008473
-0.030969
-0.031713
-0.005334
0.033027
-0.013002
-0.007905
0.029710
-0.012434
-0.013347
-0.038311
-0.011587
0.001902
-0.009184
0.012506
-0.022941
0.000000
0.000000
-0.010833
-0.013152
0.000000
-0.024630
-0.000034
-0.018209
-0.012300
0.008049
0.011348
0.000000
-0.023310
-0.050480
0.014582
0.000000
-0.000208
0.014966
-0.014155
-0.000229
0.000934
-0.015285
-0.009187
0.000000
-0.026324
0.000000
-0.004229
-0.024703
-0.014503
-0.017928
-0.002431
0.000000
0.000000
0.000000
0.000000
0.000000
0.000000
0.000000
0.000000
0.000000
0.000000
-0.011456
0.000000
-0.013012
-0.013561
0.048502
0.011716
-0.003468
0.056108
0.000000
0.000000
0.004965
-0.017247
-0.000965
-0.025861
0.029713
0.163741
-0.014329
0.000000
0.000000
0.002576
-0.008358
0.000000
0.000000
-0.006589
0.064568
0.000000
-0.032720
0.097305
0.040836
0.056803
-0.009705
-0.015512
0.002674
-0.042086
-0.025463
-0.025840
-0.014685
-0.042714
-0.004823
-0.035155
0.000121
0.001276
0.013046
0.000972
0.028871
0.000000
0.000000
0.014661
-0.007140
0.008489
0.000000
-0.022393
-0.019560
-0.034801
0.008087
0.029285
-0.019683
-0.000562
0.000000
0.000000
-0.010273
-0.021135
0.014868
0.036456
0.030780
0.011335
-0.008443
-0.013523
-0.017769
-0.018132
0.002854
0.021393
-0.010306
0.021161
-0.005938
0.000000
0.000000
-0.009575
-0.007732
0.029765
0.039314
-0.021822
0.000000
0.000000
0.000000
0.000000
-0.004238
0.000000
0.000941
-0.023301
0.000977
-0.019243
-0.004053
0.000000
0.000000
0.029021
0.000000
-0.029640
-0.019807
0.000000
-0.002468
-0.016952
-0.008350
-0.008266
-0.042273
0.011274
-0.009654
-0.008865
-0.020947
-0.010600
-0.021695
0.005034
-0.002744
-0.002116
0.000000
0.000000
0.000000
0.000000
0.000000
-0.005995
-0.011611
-0.002760
0.000000
0.000000
0.000000
-0.043376
0.000000
0.004186
-0.009099
0.000000
0.000000
0.002875
-0.021903
0.015051
-0.030625
-0.017080
0.004039
0.000000
0.000000
0.000000
0.000000
0.000000
0.010674
0.012364
0.005558
-0.010716
0.000000
0.000000
0.059460
-0.002111
-0.035569
0.006602
-0.004015
-0.021697
-0.009933
-0.008991
-0.009649
0.022122
-0.000571
0.008890
-0.007253
0.000000
0.000000
0.000000
0.000000
0.000000
0.000149
-0.000536
0.004903
0.000000
0.000000
0.000000
0.000000
0.000000
-0.022910
0.000000
0.007385
-0.004404
0.000000
-0.000597
0.000000
0.000000
0.000000
0.000000
0.000000
0.000000
0.000000
0.000000
0.000000
0.000000
0.000000
0.000000
0.000000
0.000000
0.000000
0.000000
0.000000
0.000000
-0.013446
-0.004444
0.000000
0.000000
0.000000
0.000000
0.000000
0.000000
0.000000
0.000000
0.000000
0.000000
0.000000
0.000000
0.000000
0.000000
0.000000
0.000000
0.000000
0.000000
0.000000
0.000000
0.000000
0.000000
0.000000
0.000000
0.000000
0.000000
0.000000
0.000000
0.000000
0.000000
0.000000
0.000000
0.000000
0.000000
0.000000
0.000000
0.000000
0.000000
0.000000
0.000000
0.000000
0.000000
0.000000
0.000000
0.000000
0.000000
0.000000
0.000000
0.000000
0.000000
0.000000
0.000000
0.000000
0.000000
0.000000
0.000000
0.000000
0.000000
0.000000
0.000000
0.000000
0.000000
0.000000
0.000000
0.000000
0.000000
0.000000
0.000000
0.000000
0.000000
0.000000
0.000000
0.000000
0.000000
0.000000
0.000000
0.000000
0.000000
0.000000
0.000000
0.000000
0.000000
0.000000
0.000000
0.000000
0.000000
0.000000
0.000000
0.000000
0.000000
0.000000
0.000000
0.000000
0.000000
0.000000
0.000000
0.000000
0.000000
0.000000
0.000000
0.000000
0.000000
0.000000
0.000000
0.000000
0.000000
0.000000
0.000000
0.000000
0.000000
0.000000
0.000000
0.000000
0.000000
0.000000
0.000000
0.000000
0.000000
0.000000
0.000000
0.000000
0.000000
0.000000
0.000000
0.000000
0.000000
0.000000
0.000000
0.000000
0.000000
0.000000
0.000000
0.000000
0.000000
0.000000
0.000000
0.000000
0.000000
0.000000
0.000000
0.000000
0.000000
0.000000
0.000000
0.000000
0.000000
0.000000
0.000000
0.000000
0.000000
0.000000
0.000000
0.000000
0.000000
0.000000
0.000000
0.000000
0.000000
0.000000
0.000000
0.000000
0.000000
0.000000
0.000000
0.000000
0.000000
0.000000
-0.018400
0.022619
-0.000311
0.032517
0.000000
0.000000
-0.007346
-0.023347
0.000000
0.000000
-0.007117
0.000000
-0.005789
0.006545
0.000000
0.000000
0.000000
0.000000
0.000000
0.000000
0.000000
-0.020512
0.000000
0.053293
0.000000
0.000000
0.000000
0.000000
0.000000
0.000000
0.000000
0.000000
-0.023987
0.000000
0.011607
0.000000
0.000000
0.000000
0.000000
0.000000
0.000000
0.000000
0.000000
0.000000
0.000000
-0.001955
0.000000
0.000000
0.000000
0.000000
-0.005378
0.000000
0.000000
0.000000
-0.001868
-0.016949
-0.028024
0.021548
0.000000
0.000000
0.000000
0.000000
0.000000
0.000000
0.000000
0.000000
0.000000
0.000000
0.000000
0.000000
0.000000
0.000000
0.000000
0.000000
0.004409
0.029781
0.010794
0.000000
0.019464
0.027519
0.018095
0.000000
0.000000
0.003603
-0.005081
0.011980
-0.007747
0.000000
0.000000
0.000000
0.000918
0.000000
-0.010610
-0.026976
-0.024758
-0.006741
-0.001792
-0.014802
-0.004578
0.008759
-0.018244
-0.009750
-0.014938
0.009569
0.000000
0.000000
0.000000
0.000000
0.000000
0.000000
0.000000
0.000000
0.000000
0.051963
0.000000
-0.025597
-0.018909
0.000000
0.009773
0.000000
0.010542
0.000132
0.000000
0.000000
0.000000
0.000000
0.000000
0.000000
0.000000
0.000000
0.000000
0.000000
0.000000
0.000000
0.000000
0.000000
0.000000
0.000000
0.000000
0.000000
0.000000
0.000000
0.000000
0.000000
0.000000
0.000000
0.000000
0.000000
0.000000
0.000000
0.000000
0.000000
0.000000
0.000000
0.000000
0.000000
0.000000
0.000000
0.000000
0.000000
0.000000
0.000000
0.000000
0.000000
0.000000
0.000000
0.000000
0.000000
0.000000
0.000000
0.000000
0.000000
0.000000
0.000000
0.000000
0.000000
0.000000
0.000000
0.000000
0.000000
0.000000
0.000000
0.000000
0.000000
0.000000
0.000000
0.000000
0.000000
0.000000
0.000000
0.000000
0.000000
0.000000
0.000000
0.000000
0.000000
0.000000
0.000000
0.000000
0.000000
0.000000
0.000000
0.000000
0.000000
0.000000
0.000000
0.000000
0.000000
0.000000
0.000000
0.000000
0.000000
0.000000
0.000000
0.000000
0.000000
0.000000
0.000000
0.000000
0.000000
0.000000
0.000000
0.000000
0.000000
0.000000
0.000000
0.000000
0.000000
0.000000
0.000000
0.000000
0.000000
0.000000
0.000000
0.000000
0.000000
0.000000
0.000000
0.000000
0.004327
0.000000
0.000000
0.000000
0.000000
-0.002771
0.008084
-0.001492
0.000000
-0.023729
-0.041375
-0.004396
0.000000
-0.053350
-0.000370
0.000000
0.000000
0.000000
0.000000
0.000000
-0.036616
-0.002858
-0.023771
-0.004560
0.045166
-0.015306
-0.005922
-0.014855
0.012456
0.011903
-0.015713
0.008245
-0.010462
-0.026163
-0.018190
0.000000
0.000000
0.000000
-0.013539
0.000929
-0.011856
-0.006700
-0.000432
-0.029798
-0.008878
0.018863
0.045753
-0.028418
0.000000
0.000000
-0.008639
0.000000
0.000000
0.193397
0.002870
0.061804
0.004801
-0.002335
-0.002043
0.020849
-0.008063
0.000000
0.000000
0.000000
-0.001849
0.000000
0.000000
-0.006043
0.000000
0.010940
-0.026240
0.011104
-0.004645
0.000054
-0.005511
-0.012141
0.008098
-0.017041
-0.012562
-0.032994
-0.013687
0.000000
0.001630
-0.031306
-0.050042
-0.017405
-0.000015
-0.025623
0.000000
0.000000
-0.022942
0.000000
-0.007719
0.000000
0.000000
0.000000
0.000000
0.000000
0.000000
0.000000
0.000000
-0.013142
-0.009042
0.102975
0.000000
0.000000
0.000000
0.011093
-0.050532
-0.025388
0.000000
0.009335
-0.013836
-0.004943
0.000000
0.000000
0.000000
0.000000
0.002464
-0.016640
0.000000
0.000000
0.000000
0.000000
0.000000
0.019321
0.001790
0.000000
0.000850
0.000000
0.000000
0.000000
0.000000
0.000000
0.000000
0.000000
0.000000
0.000000
-0.026130
-0.018889
-0.017269
-0.040439
-0.035321
0.000000
0.000000
0.000000
0.000000
0.000000
0.013144
0.000000
0.000000
0.000000
0.000000
0.000000
0.000000
0.000000
0.000000
0.000000
0.000000
0.000000
0.000000
0.000000
0.000000
0.000000
0.000000
0.000000
0.000000
0.000000
0.000000
0.000000
0.000000
0.000000
-0.006099
0.000000
0.000000
0.002139
0.000000
-0.021674
0.034153
0.000000
-0.032647
0.000000
0.020983
0.000000
0.000000
0.000000
0.000000
0.000000
0.006384
0.000000
0.000000
0.000000
0.000000
0.009284
-0.005349
-0.008836
0.007125
0.016902
-0.024324
-0.016089
0.019828
-0.053306
0.005735
-0.009827
-0.007949
-0.020025
-0.001712
-0.010041
-0.001280
-0.005933
0.020106
0.000000
-0.040874
0.002799
-0.007163
0.153769
-0.004357
-0.002041
-0.003466
0.000000
0.010404
0.010639
-0.032545
-0.003030
0.000000
0.000000
0.000000
0.000000
0.000000
0.001007
-0.052277
-0.011840
-0.016467
0.000000
0.002937
0.000000
0.000000
0.000000
0.000000
0.000000
0.000000
0.000000
0.000000
0.000000
0.000000
-0.014205
-0.023648
0.000241
0.000000
0.000000
-0.004641
-0.012622
0.021225
0.000453
-0.003441
0.000000
0.000000
0.000000
0.000000
0.000000
0.000000
0.000000
0.000000
0.000000
0.000000
0.000000
0.000000
0.000000
0.000000
0.000000
0.000000
0.000000
0.002846
0.000000
-0.004216
0.005327
-0.002862
0.000000
-0.019873
0.000000
0.034400
0.000000
0.029690
-0.007228
0.035867
-0.019557
0.063657
-0.020645
-0.031118
0.002333
-0.002481
-0.009594
0.000000
0.000000
-0.021991
0.000000
-0.003793
0.001388
-0.004670
-0.017373
-0.086058
0.025378
0.020573
0.000000
0.001500
-0.012897
0.000454
0.000000
0.000000
0.000000
0.000000
-0.023060
0.005457
-0.028953
0.008917
0.040858
0.028944
0.037697
0.000000
-0.000728
0.000000
0.000000
0.030767
-0.047162
-0.008708
0.002299
0.027829
0.000000
0.006435
0.004740
0.000000
0.000000
0.000000
0.000000
0.000000
-0.069113
0.006127
0.015186
0.000000
0.000000
0.000000
-0.018757
0.004720
-0.011421
0.000000
0.000000
0.000000
0.000000
0.000000
0.000000
0.000000
0.000000
-0.022850
-0.015359
0.005342
0.015744
-0.003951
-0.020671
0.005539
-0.008420
-0.000831
0.001382
0.019369
-0.016212
0.000000
0.000000
0.000000
0.000000
0.000000
-0.001840
-0.051568
-0.025837
-0.009890
-0.008566
0.000000
-0.006294
-0.008428
-0.009985
-0.004383
-0.013653
-0.027985
0.000000
0.000022
0.000000
0.000000
-0.035561
0.000000
0.000000
0.000000
0.001236
-0.011204
-0.010098
0.000000
-0.016988
0.000000
-0.014776
0.045479
-0.001683
0.000000
0.019266
-0.015046
-0.016099
0.003984
0.011508
0.000000
0.014212
-0.002001
0.000000
0.000000
0.000000
0.000000
0.000000
0.010790
0.005863
-0.000628
0.000000
-0.022102
-0.001568
0.183390
-0.018198
0.007940
0.007171
-0.015813
0.000000
0.000000
0.000000
-0.001935
0.000000
0.000000
-0.002418
0.011308
0.000000
0.000000
0.000000
0.000000
-0.010216
-0.009457
0.005316
-0.012350
-0.008739
0.000000
0.000000
0.000000
0.000000
0.000000
0.000000
-0.032328
-0.008260
0.000000
-0.003827
0.000000
0.000000
0.000000
0.000000
0.000000
0.000000
0.000000
0.000000
0.000000
0.000000
0.000000
0.000000
0.000000
0.000000
0.000000
0.000000
0.000000
0.000000
0.000000
0.000000
0.000000
0.000000
0.000000
0.000000
0.000000
0.000000
-0.006893
-0.005512
-0.023659
-0.008813
0.001279
0.000000
0.000000
0.000000
0.003352
0.000000
0.000000
0.011695
0.005917
-0.016595
0.024998
-0.008766
0.017618
-0.038462
-0.008568
0.000000
0.000597
0.034854
0.005934
0.000000
0.000000
0.000000
-0.022079
0.000000
0.000000
0.000000
0.000000
-0.005727
-0.027889
-0.024956
-0.005283
0.000000
-0.004049
-0.007816
0.000000
0.000000
0.000000
0.000000
0.000000
0.000000
0.000000
0.000000
0.000000
0.000000
0.000000
0.000000
0.000000
0.000000
0.000000
0.000000
0.000000
0.000000
0.000000
0.035361
0.000000
-0.033889
-0.015785
0.000000
0.000000
0.000000
0.000000
0.000000
0.000000
0.002609
0.000000
0.000000
0.000000
0.000000
0.012422
0.004506
-0.009049
0.000000
0.005705
-0.020092
-0.001759
-0.004376
0.000000
0.000000
0.000000
0.000000
0.000000
0.000000
0.000000
0.000000
0.000000
0.000000
0.000000
0.000000
0.000000
-0.011077
-0.016268
-0.005037
-0.004299
-0.004809
-0.007760
-0.012594
-0.002047
0.000000
0.000000
0.000000
0.000000
0.000000
0.000000
0.000000
0.000000
0.000000
0.000000
-0.018836
-0.009562
0.001607
-0.003243
0.000000
0.000000
0.000000
0.000000
0.000000
0.000000
-0.011773
0.000504
-0.007183
0.000000
-0.005086
-0.004385
-0.005720
0.000000
0.000000
0.000000
0.017257
-0.037329
0.014354
-0.006680
0.039848
0.001732
-0.014803
-0.021676
-0.006521
0.014514
0.000000
-0.014855
-0.067686
-0.003969
0.000000
0.000000
0.000000
0.000000
0.000000
0.000000
0.000000
0.000000
0.000000
0.000000
0.000000
0.000000
0.000000
0.000000
0.000000
0.000000
0.000000
0.000000
0.000000
0.000000
0.000000
0.000000
0.000000
0.000000
0.000000
0.000000
0.000000
-0.011360
0.012383
-0.019901
0.081707
0.055697
0.007021
0.000000
0.000000
0.009074
0.000000
0.000000
0.000000
0.000000
-0.017633
-0.006208
-0.007545
-0.012154
-0.042276
0.000000
0.000000
-0.016437
0.000000
0.000000
-0.001988
0.000000
0.000000
0.000000
0.000000
0.000000
0.000000
0.000000
0.000000
0.000000
-0.018116
-0.010605
0.000000
0.000000
0.000968
0.000000
0.000000
0.000000
0.000000
0.000000
-0.005728
-0.006356
-0.002887
0.000000
0.000000
0.000000
0.000000
0.000000
0.000000
0.000000
0.000000
0.000000
0.000000
0.000000
-0.002263
-0.011688
0.000000
-0.006608
0.000000
-0.023502
-0.041532
-0.018098
0.000302
0.000000
0.000000
0.000000
-0.007297
-0.006308
-0.002464
-0.007069
0.000000
-0.016919
0.000000
0.000000
-0.001543
0.000000
0.000000
0.000000
0.000000
0.000000
0.000000
0.000000
0.000000
0.000000
0.000000
0.000000
0.004851
0.027802
0.024453
0.000000
0.000000
-0.016428
-0.020810
-0.034432
-0.011469
-0.020430
-0.001674
-0.003627
0.000000
0.000000
0.000000
0.000000
0.000000
0.000000
0.000000
0.000000
0.000000
0.000000
0.000000
0.000000
0.000000
0.000000
0.000000
0.000000
-0.023557
0.000000
-0.011161
0.000000
-0.001254
0.042206
-0.005635
-0.034164
-0.001349
-0.004559
0.000000
0.000000
0.000000
-0.014265
0.002700
0.000000
0.000000
-0.011040
-0.005243
-0.001341
0.000000
-0.002471
0.000000
0.000000
0.000000
-0.008564
0.000000
0.000000
0.000000
0.000000
0.000000
0.000000
0.000000
0.000000
0.000000
-0.003184
0.000000
-0.003094
0.016062
0.017991
0.020017
0.000000
-0.009317
-0.001769
0.000000
0.000000
0.019085
0.000748
0.000000
0.000000
0.000000
0.000000
0.000000
0.000000
0.000000
0.000000
0.000000
0.000000
0.000000
0.000000
0.000000
0.000000
0.000000
0.000000
0.000000
0.000000
0.000000
0.000000
0.000000
0.000000
0.000000
0.000000
0.000000
0.000000
0.000000
0.000000
0.000000
0.000000
0.000000
0.000000
0.000000
0.000000
0.000000
0.000000
0.000000
0.000000
0.000000
0.000000
0.000000
0.000000
0.000000
0.000000
0.000000
0.000000
0.000000
0.000000
0.000000
0.000000
0.000000
0.000000
0.000000
0.000000
0.000000
0.000000
0.000000
0.000000
0.000000
0.000000
0.000000
0.000000
0.000000
0.000000
-0.003473
0.000000
0.000000
-0.003158
0.000000
0.000000
0.000000
0.000000
0.000000
0.000000
0.000000
0.000000
0.000000
0.000000
0.000000
0.000000
0.000000
0.000000
0.000000
0.000000
0.000000
0.000000
-0.029844
-0.009635
0.000000
0.000000
-0.001218
-0.042194
0.000000
0.000000
0.000000
-0.021258
0.000000
0.000000
0.000000
0.000000
0.000000
0.000000
0.000000
0.000000
0.000000
0.000000
0.000000
-0.021608
0.000000
0.000000
0.000000
-0.017019
0.022437
0.000000
-0.043331
0.000000
0.017331
-0.012068
-0.006151
0.077379
0.003022
-0.007604
-0.058987
0.002410
-0.002903
-0.036561
0.010886
0.000000
0.000000
0.000000
0.000000
0.000000
0.000000
0.000000
0.000000
0.000000
0.000000
0.000000
0.000000
0.000000
0.000000
0.000000
0.000000
0.000000
0.000000
0.000000
0.000000
0.000000
0.000000
0.000000
0.000000
0.000000
0.000000
0.000000
0.000000
0.000000
0.000000
0.000000
0.000000
0.000000
0.000000
0.000000
0.000000
0.000000
0.000000
0.000000
0.000000
0.000000
0.000000
0.000000
0.000000
0.000000
0.000000
-0.028460
-0.019980
-0.023648
0.025421
0.000000
0.000000
0.000000
0.000000
0.000000
0.077381
0.012751
0.000000
-0.007780
0.048162
0.068046
-0.052329
-0.010357
0.050203
0.000000
0.000000
0.000000
0.000000
-0.035297
-0.064112
0.066632
-0.099688
0.008549
-0.002873
0.000000
0.000000
0.000000
0.000000
-0.002873
0.000000
0.000000
0.000000
0.000000
-0.097527
-0.014220
0.004676
-0.012324
-0.016929
0.003908
-0.003631
-0.013628
-0.007646
-0.005769
-0.029308
0.002592
0.004802
-0.000261
-0.002399
0.000880
0.004155
-0.014454
0.014091
-0.077857
-0.022746
-0.008267
0.022216
-0.040938
0.004583
-0.010171
0.004604
0.122327
0.028085
-0.018069
0.024985
0.012699
0.000000
0.000000
0.000000
0.000000
0.000000
0.000000
0.000000
0.000000
0.000000
0.000000
0.000000
-0.013166
-0.010740
-0.037835
0.011996
0.019106
-0.041137
-0.043394
-0.025718
-0.016852
0.000000
0.000000
-0.012025
-0.017563
0.016422
-0.015153
-0.016134
0.059868
0.025634
-0.006542
-0.050915
-0.002820
-0.004694
0.029356
-0.003642
-0.042366
-0.005900
-0.018126
-0.031844
0.010113
0.013126
-0.017902
-0.038591
-0.037407
-0.036380
-0.010579
-0.049005
-0.019618
-0.006036
-0.001676
-0.014096
-0.010362
0.000798
-0.028786
0.005603
0.072475
-0.022029
-0.004356
0.228697
0.018963
0.163999
-0.034082
-0.030267
0.228552
-0.007996
0.004743
0.000000
-0.013877
-0.004696
0.000000
0.000000
0.000000
-0.025306
-0.019977
-0.003230
-0.016073
0.034818
0.008386
-0.027780
0.000000
0.000000
-0.004907
0.088658
0.044810
0.002032
0.015118
0.140074
-0.006220
-0.043811
-0.028607
0.000000
0.000000
0.000000
0.027244
0.003584
0.000000
0.000000
-0.014849
0.009152
-0.039100
0.021982
-0.009050
0.004325
-0.012291
0.033108
-0.006232
-0.010670
0.001118
-0.024854
-0.010623
-0.002793
0.008393
0.003750
