0.001142
-0.006717
0.001882
0.002198
0.010301
0.009137
0.013993
-0.000286
-0.036997
0.000866
-0.001129
0.039860
-0.002674
0.004426
-0.011051
-0.007740
-0.015397
0.010586
0.000926
0.009009
0.005446
-0.001847
0.004458
-0.014632
0.029894
0.015311
0.107618
0.081128
0.002233
0.026593
-0.012846
-0.002068
-0.002553
0.021347
-0.020222
0.003193
-0.007076
0.037397
-0.000369
-0.001928
-0.002351
0.005057
-0.005804
-0.004590
0.001314
-0.020495
-0.012128
-0.001344
0.003518
-0.011663
-0.003508
-0.026588
0.005344
0.001138
-0.001237
-0.010953
-0.013540
-0.003262
-0.002403
-0.005003
-0.005351
-0.004646
0.002855
-0.003782
-0.000687
-0.002974
-0.008704
-0.002158
-0.009035
0.005477
-0.002678
-0.001642
-0.004375
-0.007095
-0.003314
-0.006811
-0.006761
0.044370
-0.004161
0.003432
0.000921
-0.004757
0.005798
0.008491
-0.004164
-0.014459
-0.001189
0.011269
-0.000390
-0.003447
-0.018083
0.001696
-0.008085
-0.000860
-0.007437
0.042002
-0.014942
-0.009593
-0.001441
0.009643
-0.008158
0.000632
0.000181
0.002351
-0.006860
-0.003926
-0.008306
-0.005971
0.002807
-0.002241
0.005576
-0.003706
0.002382
0.002462
-0.003871
0.000000
0.004037
0.000000
0.001374
0.000000
-0.001504
0.000000
-0.007725
0.013897
0.009752
-0.016656
0.005513
-0.002596
-0.007096
-0.017156
-0.010284
-0.004944
-0.004133
0.014484
0.029815
0.006946
0.015827
0.009091
-0.040007
0.033964
-0.031052
0.002319
-0.003241
-0.004902
-0.000543
0.001044
0.000526
0.050002
-0.013580
-0.007408
0.010069
-0.002535
-0.009988
-0.008207
-0.002829
-0.010838
0.003440
0.000000
0.000000
0.000000
-0.003477
0.001670
-0.003534
0.000000
0.000000
0.000000
0.000000
0.000000
0.000000
-0.001881
-0.002379
-0.002931
-0.004777
0.015088
0.000000
0.058245
-0.014219
0.005008
0.002114
0.000000
0.000980
-0.016348
-0.000430
-0.005541
0.021632
-0.012616
-0.001568
-0.000572
0.000717
-0.006540
-0.016420
0.003677
-0.000921
-0.008373
-0.000073
0.022962
-0.010815
-0.030141
-0.005366
-0.022208
0.000000
0.000000
-0.027783
0.006972
0.061185
-0.007335
-0.002987
0.002511
0.000000
0.000000
0.000000
0.000000
0.000000
0.000000
0.000000
0.000000
0.000000
-0.035836
-0.001045
-0.004203
0.002934
-0.018539
-0.010322
0.006217
0.054312
0.040204
0.011470
-0.006978
-0.004843
0.021112
-0.011828
0.008732
-0.001786
0.038775
-0.004754
0.011358
0.109485
0.052974
-0.021794
0.006175
0.018946
-0.016994
-0.024177
0.004538
-0.021320
-0.000676
-0.000618
0.031519
0.055150
0.050049
-0.017292
-0.002469
-0.007698
-0.017600
0.082022
0.199640
0.117026
-0.040189
-0.001904
-0.019678
0.001066
0.009073
0.069775
0.020030
0.010174
0.012980
-0.011274
-0.010901
-0.006146
-0.005083
-0.013023
-0.002501
-0.009359
-0.009676
-0.000974
-0.013379
-0.016631
-0.006762
0.003792
-0.000402
-0.004583
0.003398
0.017491
-0.005124
-0.000672
0.004883
-0.001635
0.001179
-0.004839
0.006811
-0.000979
0.002058
-0.010908
0.004784
0.004484
0.005229
0.000078
-0.003379
0.001442
0.000000
-0.029587
0.000291
-0.000877
-0.007578
-0.010944
0.002963
-0.032412
0.005742
-0.000720
0.006855
-0.003546
0.005726
-0.001639
0.035596
-0.011734
-0.012412
0.004283
-0.021536
0.003320
-0.005562
0.006552
0.079578
0.000360
-0.000530
-0.001554
-0.001703
-0.004441
0.000763
-0.013934
-0.002588
0.139576
0.000367
-0.007582
-0.013524
-0.015830
-0.005004
0.002669
0.000000
0.012764
-0.010051
-0.000566
0.010763
-0.005279
0.001953
-0.000410
0.001311
0.015532
-0.002232
-0.007611
-0.002212
-0.004736
0.002006
0.010302
0.007302
0.005962
0.012128
-0.009528
-0.016340
-0.003148
-0.009991
-0.013707
-0.019807
0.000579
-0.000054
-0.025711
0.020536
-0.003249
0.006084
-0.019919
0.012658
0.004882
-0.005727
-0.001697
-0.035064
-0.010398
-0.002997
-0.005051
0.003195
-0.013156
-0.009687
-0.039014
0.013476
-0.008591
-0.011162
-0.006278
-0.001838
-0.002312
-0.005920
-0.013051
-0.008124
-0.000454
-0.008547
0.000000
-0.009009
-0.005388
-0.005374
-0.006083
-0.012493
-0.000618
0.001146
-0.014914
-0.005124
-0.046361
-0.003079
-0.006027
0.004809
0.010934
-0.015357
0.010167
0.046179
0.017676
-0.011560
-0.001524
0.004187
-0.000308
-0.009119
0.001358
-0.010145
0.002663
0.003073
0.000624
-0.002484
0.000580
-0.014784
-0.004992
-0.011410
0.003491
-0.001529
-0.026935
-0.009450
-0.003377
0.018789
-0.015400
-0.007726
-0.015644
-0.005798
-0.010208
-0.005586
0.025481
-0.003090
-0.000624
-0.051233
-0.011645
-0.017123
-0.021654
-0.002993
0.052275
-0.011849
-0.014778
0.003370
0.011158
-0.012120
0.023024
-0.002833
0.006702
0.000955
-0.009472
0.001987
-0.002981
0.007596
-0.002884
-0.003879
-0.000645
-0.030059
0.031119
-0.009589
-0.011349
-0.021146
-0.002925
-0.002988
0.038300
0.010315
-0.006773
0.016733
-0.003649
-0.004149
-0.023113
0.004322
0.022775
0.014544
0.012554
-0.006148
-0.008210
-0.008471
-0.006119
-0.001479
-0.030545
0.053131
-0.009453
-0.010421
-0.007516
0.005376
-0.005082
0.129957
0.082306
-0.008329
-0.014811
0.065908
-0.002104
0.045789
-0.002486
-0.000217
0.039999
0.027644
-0.025608
-0.011798
-0.022577
0.010476
-0.011202
0.001435
0.005197
0.013646
0.002496
-0.010269
-0.003434
-0.002379
0.005169
-0.026021
-0.005806
-0.014592
0.003103
-0.002750
-0.011667
-0.000978
-0.001117
-0.025668
0.015672
0.005822
-0.014729
-0.013678
-0.010989
0.009407
0.022500
-0.022554
0.030537
-0.004088
-0.002804
-0.008487
-0.006324
0.054843
-0.003728
-0.016051
0.009214
-0.011078
-0.000538
-0.009324
0.003135
-0.000458
-0.031946
0.025684
-0.007784
-0.031684
-0.009257
0.001156
0.029216
-0.014112
0.001100
-0.021482
-0.017791
-0.005786
-0.011051
-0.008108
-0.021581
-0.022639
0.071763
0.018228
-0.001036
0.019875
-0.007892
0.004312
0.019195
-0.011706
-0.006448
-0.030411
-0.021416
-0.001770
-0.003541
-0.009390
0.010061
-0.009184
0.057702
-0.003421
0.112491
0.066690
0.007790
-0.016680
0.002560
-0.014040
-0.008433
-0.003788
-0.019460
-0.004821
-0.033039
0.001598
-0.001948
0.006567
0.026432
-0.009144
-0.013557
0.005462
-0.000964
0.022390
-0.007493
-0.006660
-0.015168
-0.008198
0.040836
0.002572
0.035459
0.006684
-0.024104
-0.003316
0.005678
-0.001132
-0.018298
-0.003344
0.003990
0.015943
-0.013710
-0.012869
0.006764
-0.002530
-0.015079
-0.005330
-0.008332
-0.001884
-0.038423
0.016024
0.012562
-0.021224
-0.017756
-0.012190
0.009152
-0.011384
-0.023884
0.005291
-0.004577
-0.008953
-0.010003
0.021834
-0.005705
0.019598
-0.002287
0.018379
-0.006461
0.004753
0.000310
0.037444
-0.008124
0.009890
-0.004558
-0.023177
-0.020129
-0.008902
-0.014248
0.011256
0.005877
-0.012323
-0.015276
-0.010598
0.012710
0.003898
-0.004444
-0.004035
-0.006688
-0.004117
-0.000674
-0.006306
-0.008522
0.002188
-0.010214
-0.009728
0.054385
0.036981
-0.022537
0.081173
-0.004760
0.001333
-0.005624
0.011314
-0.010220
-0.079849
-0.002240
-0.004748
-0.006122
-0.000920
-0.006243
0.000365
0.019149
-0.011328
-0.007703
0.009374
-0.002113
-0.023735
0.011451
0.058230
0.023357
0.044268
0.009615
-0.012385
-0.003392
0.001183
-0.005592
0.000000
-0.002340
0.004398
0.005939
-0.012849
-0.010884
-0.011941
-0.013122
-0.001924
-0.017122
-0.008247
-0.007608
-0.002492
0.003192
-0.018746
-0.001459
-0.013537
-0.004598
0.003491
-0.019056
0.007827
-0.020656
-0.006529
-0.004531
-0.016744
-0.000310
-0.063574
-0.016627
-0.006245
-0.013727
0.004781
-0.012632
-0.005296
-0.001132
-0.010398
-0.006734
0.000324
-0.016213
0.016292
0.017037
0.025775
0.000880
-0.003203
-0.005974
-0.011945
-0.000129
-0.005148
-0.002074
-0.007181
0.004340
-0.001924
-0.009144
-0.007738
-0.005331
-0.004621
0.002700
0.002254
0.002907
-0.001844
0.000349
0.050501
0.007425
-0.006195
0.000897
-0.002065
0.046174
-0.013161
0.004512
-0.003130
0.009876
-0.016346
-0.002314
-0.005735
-0.001682
-0.000839
0.059115
0.010642
0.003846
-0.022613
-0.008320
0.002091
0.007084
0.012176
0.011268
0.005867
0.001466
-0.005508
0.001149
-0.003735
-0.007604
-0.016048
-0.006579
0.000000
-0.004168
-0.030767
-0.015536
-0.006135
-0.025477
0.000352
0.008012
0.009084
-0.009137
0.002099
0.039011
-0.003624
0.019802
0.026509
-0.023236
-0.038242
-0.013748
-0.004269
-0.016426
-0.005035
0.007685
-0.006413
-0.023558
-0.005800
0.022765
0.001973
-0.012022
-0.011118
-0.001360
-0.002674
-0.013660
-0.010528
0.003317
0.003560
0.000098
-0.004915
-0.008321
-0.003388
-0.011433
0.002400
0.007111
-0.007055
0.004124
-0.001223
0.019540
-0.000295
-0.007824
0.147978
-0.003993
-0.012116
-0.019532
-0.003201
-0.010719
0.025056
0.027770
0.007496
0.050285
0.003062
-0.001537
-0.002105
-0.008826
-0.005973
-0.009765
-0.005316
0.012255
-0.011878
-0.000022
-0.006976
-0.005461
-0.014040
0.008565
-0.016843
0.002363
0.017727
0.003248
-0.002570
-0.020693
-0.016859
-0.029156
-0.002010
-0.001980
-0.012144
0.015419
0.000103
-0.001436
0.004087
0.008209
-0.004378
0.018199
-0.018722
-0.007632
-0.005548
-0.029137
0.000544
-0.005700
0.000187
-0.010573
-0.008500
0.001899
-0.008116
-0.001359
0.001014
-0.013593
0.002297
-0.006471
0.003231
-0.008287
-0.009220
-0.004509
-0.008380
-0.012926
-0.033927
-0.002076
-0.008960
-0.007432
-0.006879
-0.002365
0.028920
0.001513
0.007326
-0.017158
0.001593
-0.008339
-0.012884
0.012310
-0.009075
0.002206
-0.005734
0.002090
-0.004248
-0.026839
0.017894
0.035666
-0.000415
-0.009784
0.026684
-0.012426
-0.018689
0.003341
-0.000344
0.003952
0.014390
0.003795
-0.010706
-0.005887
-0.001380
-0.026218
0.012941
-0.009568
-0.007075
-0.002213
0.006478
-0.000999
0.015158
-0.014759
-0.008100
-0.002619
0.023765
0.031086
-0.009801
0.011027
-0.004980
-0.012186
-0.007859
-0.013370
-0.008817
-0.006443
-0.004927
0.003381
-0.008092
-0.006338
-0.015192
-0.023452
0.001849
0.034631
-0.003773
-0.024229
-0.004402
0.005449
-0.006334
0.018419
0.007510
0.004209
-0.022852
-0.024943
0.001210
-0.006642
-0.013949
0.000616
0.000213
-0.034931
-0.008932
-0.006709
0.009665
-0.003335
-0.001659
-0.001677
-0.018267
-0.012067
0.022355
-0.009792
-0.003175
0.131052
0.005557
-0.011021
-0.017660
-0.003372
-0.008679
-0.002227
-0.020025
-0.003422
-0.005022
-0.013201
0.008832
0.027668
0.004602
-0.005157
-0.018187
-0.010837
-0.007319
-0.007121
-0.006105
0.015133
0.019645
-0.005210
-0.008801
0.021019
0.009998
-0.013220
-0.012608
-0.007869
-0.015873
-0.017327
0.008018
-0.040689
-0.008801
-0.001407
-0.009113
0.038969
0.034386
-0.006601
-0.011246
0.010373
-0.004729
-0.005038
-0.006297
-0.008341
0.000367
0.004920
-0.005508
-0.000622
-0.015639
0.021634
0.014565
-0.009269
-0.000167
-0.003029
-0.003230
0.000074
0.004223
-0.010517
-0.010134
-0.001354
-0.012529
0.001000
-0.004821
0.011789
0.010966
0.010053
-0.006996
-0.000432
-0.004450
-0.011145
0.004029
-0.014777
-0.001983
0.019877
-0.003563
-0.004449
-0.003748
-0.008364
-0.013981
0.018948
-0.000721
0.003340
-0.011614
0.011696
-0.030079
0.026631
-0.003474
-0.010602
-0.013449
-0.001796
-0.001946
-0.005969
-0.002852
-0.002492
-0.005183
-0.000215
-0.008952
-0.014722
-0.000346
0.001673
0.008774
-0.007599
0.000975
-0.002619
-0.007989
-0.006366
-0.003538
0.013473
0.018898
0.010679
-0.012808
-0.006374
-0.009823
0.001194
0.061480
0.016101
0.000000
-0.008894
-0.009560
0.008898
0.006660
-0.000173
-0.024014
-0.006284
-0.002314
-0.014351
0.036949
0.010216
0.002211
-0.007820
0.064200
0.011498
0.012496
-0.043787
0.012552
-0.003492
0.010815
-0.013646
0.050350
0.001567
-0.014857
-0.008267
0.006595
0.003772
0.005227
-0.004584
0.011931
-0.009405
0.017158
0.035004
0.000000
0.040234
-0.005181
0.000156
-0.013989
-0.000212
-0.008310
-0.010277
0.006974
-0.006383
-0.008069
0.000000
-0.011018
0.004183
0.013259
-0.009024
-0.002536
-0.017566
-0.006244
0.006943
0.001543
0.000000
-0.012005
-0.013411
-0.011865
-0.004723
0.006017
0.009481
-0.000071
0.000249
-0.003493
-0.006688
0.014011
-0.013677
-0.008689
0.005697
-0.025809
-0.009321
0.023656
0.049813
-0.024430
-0.002729
-0.013041
0.009542
-0.006542
-0.006713
0.002115
-0.000587
-0.009135
-0.004790
-0.005127
-0.018269
-0.034417
-0.005716
-0.006197
-0.009782
-0.000339
-0.008131
0.006219
-0.022366
0.000264
-0.006886
-0.007247
-0.013518
-0.004700
-0.008097
-0.004180
-0.015951
-0.010057
-0.003198
0.009072
0.015098
-0.019142
0.013494
-0.002985
-0.001405
0.005838
-0.010810
-0.017271
-0.002087
-0.018114
-0.003669
-0.006040
-0.009061
-0.010621
0.000660
0.008559
0.000385
-0.016326
-0.007853
-0.007388
-0.001883
-0.007343
-0.004258
-0.013100
-0.005086
-0.011298
-0.004100
-0.007303
0.000443
-0.024151
-0.002308
-0.001364
-0.004061
-0.019233
0.004222
0.000314
-0.008489
-0.001157
-0.004702
0.014534
0.021729
0.002004
-0.004018
-0.007756
-0.002216
0.004040
0.000949
-0.018908
0.002403
0.024803
0.012598
-0.022915
0.003305
0.003788
-0.014353
-0.003623
-0.009958
0.008278
0.001819
-0.002103
-0.094693
-0.063151
-0.001196
-0.003104
0.002800
-0.018381
0.026498
-0.006773
-0.001650
-0.004992
-0.010534
0.001990
-0.005580
-0.009801
0.032484
0.010832
-0.002931
0.035235
0.005123
-0.012310
-0.006687
-0.003446
0.000964
0.001659
0.049945
-0.005234
-0.003452
0.005896
0.007528
-0.005799
-0.004516
-0.013572
0.001024
-0.008183
-0.005492
0.003039
-0.009735
-0.000935
-0.003213
0.015717
-0.000478
-0.009232
-0.008803
0.006685
0.015591
0.009085
-0.000996
-0.012973
0.003980
-0.005967
0.001199
-0.003655
0.003453
-0.005246
0.015335
-0.012896
-0.000654
-0.010411
-0.002779
-0.003774
-0.001965
-0.013216
-0.002277
-0.013646
-0.021485
-0.002894
-0.015754
-0.002252
-0.005813
0.002949
-0.005140
-0.010643
0.025265
-0.009826
0.013769
-0.012964
-0.015796
-0.006557
0.003657
-0.002700
-0.002647
-0.005090
-0.008013
0.036965
-0.007234
-0.016975
0.012431
0.000336
-0.006950
-0.010825
-0.023605
-0.009327
0.010889
-0.025302
-0.013365
-0.029105
0.015483
-0.018706
-0.003660
-0.010609
0.001648
-0.006833
0.001933
0.033976
0.007013
-0.000419
-0.015877
-0.013741
-0.022638
-0.004274
-0.007519
-0.017201
-0.020473
0.014083
-0.002940
-0.007977
0.000115
-0.015897
-0.016221
-0.010117
-0.015370
0.002088
-0.016009
-0.007094
0.001815
-0.006361
-0.005499
0.003641
-0.016037
-0.020250
0.037611
0.004313
-0.013932
0.004580
-0.009368
-0.015633
-0.011479
-0.003170
0.002626
-0.005771
0.037121
0.028137
-0.003185
0.019817
-0.007440
0.006217
-0.002336
0.029107
-0.019976
0.026964
-0.006490
0.011358
-0.027325
0.036756
0.012455
-0.004799
0.003137
0.027834
-0.031959
-0.002117
0.000553
0.006534
-0.005946
0.082987
0.009315
-0.046213
0.000462
0.008179
-0.000242
-0.005847
-0.004099
-0.005494
-0.001268
0.063742
-0.004685
-0.008918
0.003269
-0.003312
0.019175
-0.026924
-0.004685
-0.007238
0.013250
0.007181
-0.084452
0.012485
-0.006108
-0.001893
-0.005885
-0.006059
-0.003548
0.002338
-0.019231
-0.012529
-0.005634
-0.009578
0.002296
-0.035770
0.002483
-0.002220
0.018062
0.005469
-0.012983
-0.004098
-0.003041
0.012155
-0.011833
-0.017589
-0.009653
-0.010357
-0.002191
0.011286
-0.003388
-0.002961
0.006548
0.003830
0.020854
0.013855
0.004274
0.022198
0.021104
-0.026241
0.003456
-0.004281
-0.004083
0.054568
-0.001926
0.011052
-0.015167
-0.000070
-0.006227
-0.003588
-0.007593
-0.020833
0.011204
0.002147
-0.000829
-0.023000
-0.008211
0.012966
-0.002140
-0.006256
-0.015827
-0.001496
-0.006359
-0.003709
0.000151
-0.000827
-0.041828
-0.019240
0.024959
0.067380
0.006573
0.008459
-0.005874
-0.001158
-0.009146
-0.008656
-0.005270
-0.013262
-0.008566
-0.001194
0.004766
0.000527
-0.006274
-0.015596
0.011396
0.054760
0.011730
-0.004618
-0.034136
-0.018607
-0.014242
-0.010034
0.005150
0.125252
-0.005273
-0.003618
-0.005487
-0.017051
-0.003844
0.021773
-0.004210
-0.011281
-0.020345
-0.002508
0.010557
-0.007051
0.014811
0.007655
-0.021787
-0.020209
0.009467
0.257164
0.076665
0.037218
-0.010439
0.004997
-0.008976
-0.002546
-0.000518
-0.034732
-0.008756
-0.004452
-0.014818
-0.014649
-0.000771
-0.006551
0.000172
0.003832
-0.009576
-0.005298
0.017166
-0.005723
-0.015912
0.000970
-0.008463
-0.022225
-0.001837
-0.020968
0.001256
-0.001830
-0.000940
-0.002901
0.022919
-0.003124
-0.019861
0.025322
0.012621
-0.011420
-0.000364
-0.005568
-0.003619
0.008400
-0.007999
-0.008755
-0.002533
0.004973
-0.005989
0.000000
-0.001666
-0.023133
-0.011453
-0.013310
0.006358
0.009002
-0.015181
-0.014922
-0.016959
0.015693
0.001239
-0.004772
0.006723
-0.017504
-0.000972
0.012047
0.011633
0.008354
-0.006549
-0.003518
-0.004603
0.005360
-0.000692
-0.004403
0.008749
-0.004448
-0.007316
-0.003989
-0.000010
-0.001462
0.000845
0.004982
-0.005725
-0.004099
-0.009294
-0.000714
-0.008587
0.003746
-0.001913
-0.002878
-0.000699
-0.006401
-0.005620
-0.001124
-0.010324
-0.008522
0.002929
0.002128
0.024581
-0.011562
-0.002730
0.000872
0.003411
-0.001298
-0.004948
0.009374
0.020222
-0.008935
-0.008547
0.001016
-0.007707
0.023309
0.001331
0.000225
0.023654
0.029555
0.000779
-0.008471
0.032469
-0.037945
0.001330
-0.002097
0.002975
-0.002182
-0.000976
-0.001646
0.002469
-0.010256
0.000517
-0.007614
-0.008221
-0.014289
-0.025488
-0.019772
-0.023704
-0.025470
-0.018670
-0.015284
0.032585
-0.005552
-0.005474
0.006397
0.138345
-0.002126
-0.010571
0.002897
-0.003319
-0.000502
-0.008109
-0.009753
0.045553
-0.005700
0.000000
-0.002125
0.004313
-0.005772
-0.013862
-0.007180
0.000000
-0.004148
0.005968
0.019103
0.001784
-0.007453
0.002916
-0.002643
0.006888
0.016749
-0.004368
0.010287
-0.000459
-0.002326
-0.020579
0.003013
-0.026323
-0.011247
-0.003057
-0.014936
-0.000330
0.060027
0.009052
0.004184
0.004433
0.003004
-0.011414
0.005139
-0.009611
-0.006012
-0.004688
-0.013723
0.005691
0.003008
-0.004366
-0.009742
0.000640
-0.002680
-0.007343
-0.004331
-0.014202
-0.007829
-0.011957
-0.032544
-0.009922
0.012725
0.048864
-0.007379
0.003708
0.000892
-0.016963
0.035151
-0.005446
-0.011796
0.024301
0.003708
-0.014657
-0.011688
0.000923
-0.003650
0.009374
-0.007605
0.059936
-0.015454
-0.029526
-0.013931
-0.008112
-0.006272
0.007684
-0.005104
-0.003049
-0.011784
-0.017317
0.130988
0.021377
-0.022615
-0.001689
-0.009369
-0.009964
-0.007604
0.074893
-0.020279
-0.019336
-0.003913
-0.015659
-0.002145
0.013275
-0.010795
-0.004982
-0.003247
0.002000
0.003504
-0.002658
-0.006827
-0.008825
-0.028068
0.000830
-0.007736
-0.016943
0.013168
-0.004135
-0.016544
0.001092
0.002462
0.005828
-0.027618
-0.004605
-0.006079
-0.022134
0.000444
-0.004434
-0.014730
0.009993
0.000000
0.000000
0.000000
0.000000
-0.008093
0.001120
-0.004148
-0.035834
-0.008865
-0.011245
-0.020407
-0.012840
-0.022122
-0.008427
-0.015756
0.015979
-0.015213
-0.001113
-0.021480
-0.004542
-0.006894
-0.007431
-0.005481
0.002774
-0.009926
-0.001099
0.017138
0.006171
0.002098
-0.011372
0.012012
0.002861
-0.000164
0.005305
0.000061
-0.004912
-0.001949
0.002436
0.006953
0.001459
-0.005025
-0.018966
0.016634
-0.013092
0.007044
-0.001323
-0.013778
-0.000839
0.007307
-0.005431
-0.006316
-0.003578
0.004906
-0.001117
-0.000661
0.022803
-0.005683
0.021709
-0.012793
-0.001345
-0.007194
-0.002565
-0.002832
0.010029
-0.040785
-0.011760
-0.012198
0.006419
-0.003767
-0.001563
-0.009103
-0.029078
-0.018085
-0.014419
-0.016364
0.011735
-0.012040
-0.003498
-0.004060
-0.007000
-0.006089
0.018483
-0.007495
-0.000906
-0.004128
-0.002914
-0.001570
0.018624
0.002851
-0.027752
-0.001346
-0.000994
-0.004271
0.014082
0.005452
0.003464
-0.004123
0.009389
-0.011787
0.032960
-0.011908
-0.001123
-0.002860
-0.010468
-0.000299
-0.009662
0.001517
-0.003014
0.004026
-0.004292
-0.026250
-0.001513
0.017043
-0.017286
0.003582
-0.003975
-0.001617
0.041314
-0.002652
0.000000
0.022328
-0.004162
-0.002460
0.000000
-0.003659
-0.005930
0.007173
0.011187
0.013498
0.001628
0.011765
-0.008094
-0.006578
0.007331
-0.001544
0.037999
0.003065
-0.008127
-0.001385
0.007494
-0.000302
-0.009386
-0.012825
-0.018326
-0.016147
-0.000734
0.024073
-0.001208
-0.007312
0.000798
-0.061288
0.012932
-0.003699
-0.010612
-0.001146
-0.002485
-0.014868
0.005472
-0.004087
-0.012041
-0.000068
-0.001826
0.001458
0.001333
-0.000711
-0.003154
-0.008787
-0.010474
-0.001721
0.035339
0.030291
-0.006668
-0.013746
-0.002456
0.019487
-0.002396
-0.005532
-0.003223
0.008794
-0.022852
0.008054
-0.014197
-0.006881
-0.019015
-0.034828
-0.007665
-0.010771
0.029318
-0.002655
-0.016310
-0.004442
-0.000658
0.000718
0.092921
-0.002506
-0.015366
0.012849
0.030658
0.074079
0.008115
-0.022502
0.000126
-0.003526
-0.008100
-0.006833
-0.009257
-0.006837
-0.006559
-0.007218
-0.013213
0.005036
-0.052766
-0.015589
0.000765
-0.011027
-0.007388
-0.001962
-0.004395
-0.022150
-0.015717
0.013167
0.103466
0.007307
-0.013880
-0.002435
-0.006039
-0.007701
-0.007037
-0.006683
-0.012478
0.011575
-0.001210
0.004893
-0.010962
-0.003719
0.000303
-0.012447
-0.017038
-0.008094
-0.002734
0.036749
-0.007439
0.016473
-0.019780
-0.022562
-0.006560
-0.019324
-0.006496
-0.006953
-0.000783
0.026470
-0.002874
0.008242
-0.001922
-0.001854
-0.003132
-0.006933
-0.001184
0.000367
-0.008948
-0.011449
-0.011419
0.001503
-0.001455
-0.010495
-0.002277
-0.005345
-0.006774
-0.000614
-0.005070
-0.021292
-0.008688
0.003636
-0.003848
0.001127
-0.001898
0.018882
0.067167
-0.004482
-0.008412
0.003211
0.000000
0.014188
0.002486
-0.059252
-0.002471
0.003880
-0.000048
-0.012592
-0.006329
-0.011689
0.000824
-0.015323
-0.000833
-0.002907
0.027909
-0.007468
-0.008010
0.000000
-0.009797
-0.000635
0.000190
0.000198
0.017611
0.026416
0.039367
0.008390
0.008585
0.015220
-0.008351
-0.002325
-0.003099
-0.005526
0.033167
-0.002428
-0.001469
-0.007830
0.017411
-0.002941
-0.006260
-0.013310
0.221369
-0.002507
0.008305
0.080510
-0.007109
-0.001284
-0.002613
-0.003858
-0.001672
0.004780
-0.014607
-0.014902
0.000000
-0.006079
0.013161
-0.003815
-0.011962
0.003257
0.011666
0.020968
-0.005861
0.012373
-0.012048
0.064898
-0.008264
-0.033614
-0.008151
0.006864
0.046980
0.021122
-0.001798
-0.006098
-0.003389
-0.010862
0.047694
-0.011846
-0.005016
0.010493
0.065023
-0.001051
-0.007771
0.003443
-0.010051
0.014403
-0.012451
0.000546
0.015224
0.027159
0.011620
0.009829
-0.016028
0.001225
-0.033871
0.001432
-0.006004
-0.003380
-0.015879
0.002539
0.015198
0.014362
-0.014164
-0.008649
-0.002509
-0.000500
-0.001081
-0.004075
0.001498
0.003853
0.001920
0.012319
-0.003074
-0.005024
-0.022492
0.008521
-0.005908
-0.015254
0.075253
0.003078
-0.006778
0.010738
0.006865
0.014403
-0.010005
0.013061
0.065552
-0.009502
0.000412
-0.015547
-0.003997
-0.003116
-0.004782
-0.004573
0.001220
-0.025335
-0.005374
0.003734
-0.009446
0.013610
0.001064
-0.013970
-0.003084
0.003542
-0.003129
-0.003848
-0.001804
-0.007394
0.022262
-0.018507
-0.012775
-0.004225
-0.009243
-0.010186
-0.002567
-0.005356
-0.012213
-0.002904
0.002798
0.000870
-0.010450
-0.010674
0.000055
-0.000844
0.009819
0.002101
0.035804
-0.005533
0.002728
-0.007353
0.003267
0.002240
-0.011372
-0.010564
0.008884
-0.015805
0.006837
0.009337
-0.012776
-0.007601
-0.003484
-0.000069
0.003874
-0.009596
0.010160
-0.002419
0.003514
-0.037032
-0.000617
0.000062
0.000902
-0.013436
0.049266
-0.001102
-0.008599
-0.010342
0.031745
0.000000
-0.005104
0.000392
0.004044
-0.036973
-0.021490
-0.016690
0.000601
0.005343
-0.009298
-0.001854
0.008043
0.002806
-0.000531
-0.005958
0.001706
-0.015724
-0.005647
0.039790
0.000114
-0.004342
-0.002108
-0.002514
-0.010154
-0.000603
0.006837
0.006410
-0.009877
-0.009698
0.070967
0.021967
-0.007883
-0.005334
0.000613
-0.001919
0.006327
0.020433
-0.006779
-0.001533
0.024147
-0.000754
-0.003453
-0.000066
-0.012925
0.005892
-0.009257
0.002997
0.005880
0.018721
-0.009834
0.002228
0.005930
0.000289
0.005303
-0.008434
-0.028636
-0.003623
-0.003802
-0.011645
0.001255
-0.007232
0.012512
-0.005392
0.008665
0.004282
0.012182
-0.010902
0.068930
0.128262
-0.017602
0.006103
-0.004339
-0.006208
-0.001809
-0.002522
-0.005421
-0.008125
0.031909
-0.007381
-0.020537
-0.005002
-0.015454
-0.018896
-0.008341
0.001574
-0.007809
-0.008597
-0.011308
0.005094
0.040282
-0.003413
-0.022988
-0.008895
-0.002259
0.008688
0.003414
-0.014754
-0.000479
-0.046088
0.011084
0.010839
-0.009608
-0.023996
-0.008666
0.006204
0.000365
-0.014710
0.002324
-0.001900
-0.004198
-0.005469
0.000964
0.018224
0.008123
-0.060725
-0.003656
-0.010288
0.001775
0.071198
-0.003596
-0.006900
-0.023725
-0.002097
-0.013868
0.018254
0.001251
-0.012604
-0.002915
0.003312
-0.006682
0.014842
0.011649
0.008255
-0.010610
-0.011804
-0.011713
-0.005914
0.025334
-0.002042
-0.007345
0.005210
0.087476
-0.004709
-0.003331
-0.002334
-0.009645
0.004258
-0.011703
-0.002680
-0.012099
-0.003962
0.000919
-0.002144
-0.008274
0.003286
-0.011991
-0.020596
0.038246
-0.011154
0.019623
-0.018853
0.000310
-0.015704
0.005139
0.014344
-0.008248
0.003430
-0.008674
-0.008737
-0.006159
-0.017181
0.000016
0.000036
-0.001141
-0.011758
-0.013042
-0.016800
-0.006104
0.001899
0.005197
-0.009786
-0.007639
-0.012252
-0.008480
-0.007835
-0.014427
-0.010828
0.005393
0.019439
0.006310
-0.021674
-0.020710
-0.003389
0.005739
0.027647
-0.002965
0.021223
-0.010934
0.004772
-0.011276
0.012202
0.001861
-0.034048
0.041325
0.009929
-0.002524
-0.000376
0.000767
0.001706
0.000720
-0.032848
-0.021965
-0.015084
-0.006029
-0.010234
0.000031
0.066213
0.073176
0.174652
-0.025123
-0.002166
0.009150
0.057154
-0.001917
-0.003140
0.013840
0.005757
-0.002304
0.000144
0.004663
-0.007731
0.007269
-0.016949
0.019766
-0.008087
0.000063
0.004524
0.033585
0.015947
-0.013873
-0.008778
-0.015604
-0.009806
-0.005913
-0.043133
0.014388
-0.014925
0.003274
0.001477
0.010193
0.017025
-0.028672
0.016253
-0.011439
0.002604
-0.001416
0.030161
0.002093
-0.002583
0.002581
-0.007574
0.018109
-0.005712
0.013313
0.022882
0.018768
-0.032739
-0.021369
-0.004594
-0.005519
-0.016149
-0.015425
-0.015352
0.004415
0.004711
-0.015286
0.006208
-0.000726
-0.001223
0.015846
-0.004349
-0.007989
0.003812
-0.002124
0.002025
-0.003656
-0.003064
-0.002215
-0.008817
-0.022589
0.019507
0.019108
0.001356
-0.003356
-0.000813
-0.020821
0.004964
-0.008202
-0.053634
-0.002877
-0.008315
-0.006729
0.002065
0.010718
-0.005698
0.020542
0.010813
-0.000659
-0.022310
-0.001680
0.017783
0.016280
-0.001987
-0.019100
-0.002847
0.005598
-0.004239
0.008095
0.025385
-0.009814
-0.012448
0.044927
0.003267
-0.011248
-0.008950
-0.011772
-0.024838
-0.004876
0.013069
0.025648
-0.016567
-0.012420
-0.009315
-0.007703
-0.001317
-0.017569
-0.004428
0.026454
-0.009955
-0.016550
-0.005015
-0.004843
0.003000
-0.018708
0.004302
0.001937
-0.004473
0.011928
-0.004891
-0.001970
-0.000413
-0.003836
0.022655
0.005414
-0.005136
-0.002431
-0.019110
0.000283
-0.002477
-0.006819
0.000532
-0.000676
-0.013211
0.032135
-0.012318
-0.008074
-0.010197
-0.003146
-0.006594
-0.000734
-0.018680
-0.004358
0.000000
0.007847
-0.014243
-0.000537
0.172998
-0.006915
-0.005244
0.002376
-0.025245
-0.000115
-0.003156
-0.018131
0.004212
-0.015185
0.012491
-0.019811
0.005860
0.008801
-0.015878
-0.002016
-0.003787
-0.010301
0.007705
-0.001761
-0.008707
0.007380
0.004488
-0.012803
-0.010417
0.003099
-0.010803
-0.017092
0.010975
-0.013230
-0.004384
-0.009923
0.006403
-0.006587
-0.001161
-0.003901
0.005667
0.019877
-0.012023
-0.017017
0.074559
0.028292
0.006172
-0.015652
0.043531
0.006703
-0.007486
-0.019219
0.000506
-0.003369
-0.010918
-0.003003
-0.008146
-0.015278
-0.012597
0.001669
0.005415
-0.001058
-0.009745
-0.005411
-0.022602
0.003480
-0.000275
-0.017029
0.001305
-0.009699
-0.016841
-0.012796
-0.032767
-0.012813
0.003710
0.078326
-0.012332
-0.012754
-0.022816
0.002989
0.010361
-0.002929
0.004941
-0.012431
-0.002602
-0.003410
-0.015036
0.005272
0.003683
-0.023458
-0.001439
-0.007947
-0.005023
-0.018908
0.022569
-0.009106
-0.006412
-0.021478
-0.001420
-0.008410
0.010002
0.004845
-0.010132
-0.014426
-0.006288
0.015365
0.008552
0.076020
0.000115
0.083943
0.101645
0.029020
0.007824
-0.012914
0.058612
0.004550
0.010825
-0.008145
0.010700
-0.002086
-0.006217
-0.007518
-0.003219
0.024960
0.009768
-0.013551
-0.013345
-0.008299
0.013215
-0.002680
0.008853
0.007134
-0.000000
-0.010362
-0.008761
-0.012635
0.011006
-0.009291
0.004944
-0.001080
0.001104
-0.029251
-0.016027
-0.009404
0.006629
0.004740
-0.002014
0.001834
-0.023091
-0.015109
0.002728
-0.006398
0.015547
0.004046
-0.000980
-0.011173
-0.008771
0.019901
0.020324
0.008731
-0.001742
0.033159
-0.002457
-0.016719
0.002486
-0.001859
-0.012384
-0.003475
0.051511
-0.000007
-0.006491
-0.003341
-0.006239
-0.012634
-0.011767
-0.002285
-0.002865
-0.016209
0.032370
0.000048
-0.005751
0.008503
0.037873
0.061830
-0.039763
-0.018389
0.006952
-0.012844
-0.007398
-0.011279
0.003567
-0.003937
-0.018175
0.003131
-0.003401
-0.003240
0.002249
0.005108
-0.013559
-0.004855
-0.003808
-0.002577
0.004792
-0.009951
-0.002545
0.016412
0.001006
-0.001867
0.007246
0.000696
-0.002063
-0.006868
0.020288
-0.035351
-0.007813
-0.043522
0.011257
-0.029854
-0.024991
-0.011549
-0.005318
0.000203
0.007005
-0.022720
-0.026946
-0.005208
-0.015192
-0.005132
-0.002992
0.006659
-0.000052
0.011562
0.039804
0.029265
-0.013768
-0.010236
0.017516
0.000044
-0.015355
-0.036463
0.021562
-0.001900
-0.015001
-0.004616
-0.012066
-0.003989
0.009489
-0.007444
0.037502
-0.005824
-0.005851
0.006150
-0.001562
-0.008029
-0.021074
0.005447
0.024692
-0.021101
-0.005193
-0.011207
-0.005376
-0.018470
0.087546
-0.012323
-0.015617
-0.011766
0.053104
0.014995
0.002411
-0.006314
-0.013021
-0.019797
-0.007414
-0.021475
0.003559
0.000090
0.008006
-0.010781
0.011276
-0.004907
0.000696
-0.012434
0.021182
0.011872
0.019081
-0.002392
-0.009336
0.009229
0.005459
0.006582
-0.002500
-0.001965
-0.000637
-0.018213
-0.001175
0.002641
0.000522
-0.012190
0.008039
-0.016272
0.005555
0.010394
-0.011676
-0.022596
-0.026228
-0.005412
-0.016269
-0.002775
-0.009689
-0.006334
0.029592
0.019146
-0.009632
-0.005548
-0.014880
0.128719
-0.011458
0.020010
-0.003322
-0.014324
0.007277
-0.030314
-0.009234
-0.003239
-0.002436
0.001387
-0.004888
-0.008053
-0.010506
-0.005756
-0.018462
-0.020956
-0.000248
0.001242
0.023650
-0.011473
-0.003619
-0.007417
0.004498
-0.000324
-0.000205
0.015880
0.006590
0.020005
0.199257
0.071866
-0.009328
0.024724
0.007281
-0.002196
-0.029185
0.000905
-0.034020
-0.014639
-0.014379
0.004283
-0.003992
-0.010284
-0.003495
-0.006732
-0.013524
0.003147
-0.009821
0.001711
-0.006191
-0.006051
-0.018060
-0.016124
-0.008366
-0.011395
-0.002989
-0.022560
-0.014544
0.020816
-0.006835
-0.017916
0.004860
-0.002702
-0.010110
0.011059
-0.011643
-0.002949
-0.019944
-0.024731
0.096542
0.047582
-0.006938
0.026124
-0.026712
-0.002141
0.006034
-0.008930
-0.008187
-0.005186
-0.005764
-0.003168
-0.002682
0.006200
0.006941
-0.012357
-0.003538
0.009934
-0.007100
-0.000050
-0.005973
-0.017793
0.004679
0.005249
-0.004260
-0.014897
0.002590
-0.007633
0.006744
-0.006586
0.001524
-0.003257
-0.024065
-0.027547
-0.002565
0.001070
-0.033767
-0.002286
0.010755
0.005810
0.005928
-0.004816
0.005960
-0.019458
-0.032004
-0.006824
-0.002619
-0.077537
0.003091
0.006172
-0.006339
-0.008991
-0.003546
0.004503
0.000079
-0.002515
0.023146
-0.012742
-0.000623
0.018120
-0.008849
0.028615
0.003219
-0.012638
0.003882
-0.008080
-0.026245
-0.016022
-0.001103
-0.005901
-0.004551
-0.001487
0.001901
0.008392
-0.020108
-0.011937
0.001932
0.048394
-0.007370
0.001497
0.014298
-0.006252
-0.010633
-0.007302
-0.020499
0.065206
-0.019274
-0.021806
-0.007469
0.052687
-0.001513
-0.028221
0.001373
-0.000603
-0.008236
-0.016046
-0.014870
-0.009362
0.000333
-0.015192
0.021289
0.021304
0.000930
-0.008986
-0.004219
-0.001302
-0.005357
-0.007574
0.259337
0.078070
0.073193
-0.005167
-0.012803
-0.011418
-0.025623
0.017236
-0.017223
0.052467
-0.015882
0.000000
-0.024034
0.006522
-0.009632
0.016571
0.002120
0.043873
-0.007859
-0.013088
-0.004929
-0.008399
0.021021
-0.008717
0.005485
0.033562
-0.025863
0.001903
-0.023649
-0.028236
-0.011633
0.007950
0.011077
-0.004056
-0.017904
0.007115
-0.002264
0.023158
0.014689
-0.010409
-0.011946
-0.000808
0.007641
0.037636
-0.004269
-0.021506
-0.020208
-0.026705
-0.012378
0.111754
-0.001735
-0.017859
0.061362
-0.012257
0.003075
-0.016412
-0.022436
-0.025500
-0.028399
-0.008202
-0.002677
0.002806
0.082453
0.001189
-0.009583
-0.023636
-0.017978
-0.012395
0.009893
-0.002308
0.002559
0.006870
0.009554
0.009518
-0.023002
0.012955
-0.015120
0.036446
-0.009188
-0.001868
0.008810
0.006481
-0.027004
-0.001186
-0.001742
0.005600
0.000654
0.001026
-0.003458
-0.030722
-0.002898
-0.013946
0.020695
-0.016799
-0.003483
0.015600
0.008926
-0.009893
0.012313
0.005796
0.010949
-0.007753
0.007358
-0.024655
-0.001341
0.006659
0.000911
0.002446
-0.008925
-0.008174
-0.001378
-0.007075
-0.009388
-0.000400
-0.005411
0.002213
-0.006745
-0.006138
-0.013213
0.012592
-0.016463
-0.000052
-0.026815
-0.004147
-0.002283
-0.007003
-0.008659
-0.009121
0.017323
-0.015099
-0.021478
-0.031178
-0.020548
0.024079
-0.005810
-0.009994
-0.029338
-0.024920
-0.008033
-0.045268
-0.002840
-0.009200
-0.004763
-0.008411
-0.006187
0.006648
-0.011627
-0.001070
-0.012391
0.005166
-0.004127
-0.008649
0.000510
-0.008375
-0.011857
-0.015693
-0.010428
0.005462
0.006809
0.001908
0.285737
0.127536
0.000080
0.008691
0.037735
-0.006200
-0.007020
-0.002193
0.002069
-0.013087
-0.005425
-0.026031
-0.010392
0.018312
-0.014098
0.000693
0.004969
0.000581
0.008395
-0.008378
0.008195
-0.009344
-0.013863
-0.008027
0.018190
-0.008223
0.004858
-0.001559
-0.009252
-0.010706
0.000277
0.001962
0.088142
-0.002973
0.006223
-0.010057
0.000712
-0.004058
-0.017905
-0.007269
-0.016342
-0.020051
-0.002737
0.012951
-0.003290
0.009584
-0.012879
-0.000001
-0.009325
-0.008848
-0.005469
0.003725
0.000671
-0.005202
0.004028
0.000961
0.027526
0.005140
0.015595
0.012693
-0.019596
-0.009462
-0.028743
0.000615
-0.000357
-0.012833
-0.012398
-0.005280
-0.003561
-0.003504
-0.006096
-0.011584
0.010024
-0.016652
-0.024754
0.000733
0.000922
-0.003642
0.002761
0.003461
-0.014393
-0.017048
-0.000879
-0.000031
0.006694
0.000668
0.003725
-0.000959
-0.012055
-0.008474
-0.014548
-0.017933
-0.011288
-0.007181
0.008230
-0.004899
-0.003459
-0.004897
0.009114
-0.002002
-0.008569
-0.004358
-0.020242
0.000297
-0.003379
-0.008313
-0.007584
-0.000536
-0.006705
-0.008542
-0.010567
0.001697
-0.005390
0.000819
-0.025578
-0.015177
0.012336
-0.026231
0.000237
-0.000680
-0.025815
-0.002621
0.025421
-0.012973
-0.006471
-0.002969
-0.022548
0.008345
-0.004479
0.000824
-0.004264
-0.017329
0.004880
0.000854
-0.009359
-0.008139
-0.010422
-0.006452
0.019398
-0.004943
-0.012196
0.000698
-0.004044
-0.010350
-0.000360
-0.002402
-0.014957
-0.001491
-0.014640
-0.001732
-0.008888
-0.000803
0.000967
-0.003951
0.102683
0.024510
-0.012277
-0.003304
-0.016605
-0.014443
0.002279
0.002069
0.003076
-0.027271
0.000457
-0.016658
-0.008052
-0.006025
-0.013293
-0.015897
0.000814
0.017484
-0.017785
-0.006112
0.005049
0.000000
-0.007648
0.003251
-0.012130
-0.004295
-0.000583
-0.004454
-0.010064
-0.005509
-0.005555
-0.010987
-0.008912
-0.012274
0.008726
0.000000
-0.008774
0.008775
-0.007674
0.000000
-0.028585
-0.009085
-0.013690
-0.004411
-0.000685
-0.010576
-0.002129
-0.015003
0.014600
0.013884
-0.012767
-0.005025
0.004433
-0.003687
-0.017470
-0.004945
-0.004036
-0.006674
-0.003315
0.007133
0.006441
-0.006321
0.004758
-0.002467
0.000444
-0.004058
0.004060
0.012726
-0.007171
-0.007588
-0.012769
-0.010766
-0.020744
-0.007773
-0.001214
0.004144
-0.002327
-0.003576
0.000437
0.005379
0.002847
0.014747
-0.025615
-0.006180
-0.011737
0.012083
0.007346
-0.007816
0.010147
-0.028222
0.003292
-0.037711
-0.011207
0.001624
-0.007292
-0.002529
-0.016659
-0.018778
-0.007059
0.033363
-0.028334
0.002033
-0.011030
0.000015
-0.001834
-0.022319
-0.006981
-0.013653
-0.019230
0.012922
-0.013355
-0.015509
-0.001250
0.000100
0.071066
-0.004366
-0.006635
-0.007411
-0.015508
-0.012440
-0.031297
-0.004155
0.003735
-0.001495
-0.016350
-0.016207
-0.009527
0.002970
0.013176
-0.228326
-0.002537
-0.013119
-0.007054
-0.047653
-0.007179
-0.006284
-0.027849
0.019377
0.000446
-0.014899
0.007110
0.002927
-0.005166
-0.011115
-0.010804
-0.003624
-0.008393
-0.012968
0.046913
-0.005902
-0.009323
0.212677
0.018070
0.011037
-0.017968
-0.016140
-0.019193
-0.009498
-0.008460
-0.009425
0.015115
-0.003092
-0.002935
-0.008960
-0.008725
0.019595
-0.008312
-0.002747
-0.001699
-0.008204
0.022813
0.144724
0.001301
-0.002174
-0.009677
-0.000366
-0.002666
0.001666
-0.011131
-0.003454
0.046910
0.006427
0.011423
0.005875
0.003737
-0.002558
-0.004445
-0.002883
0.034679
-0.005194
-0.000714
0.002223
0.012915
-0.023501
-0.005184
-0.006416
-0.004070
-0.010501
-0.006407
-0.001890
0.004193
-0.011198
-0.001756
0.066254
-0.006673
-0.001995
0.000994
0.035988
-0.029997
0.003651
0.051216
-0.010499
0.004294
-0.006937
0.005311
-0.008216
0.001662
0.023464
0.000664
-0.009364
-0.006238
-0.003790
0.021147
-0.006927
-0.002640
0.001642
0.001075
-0.009220
-0.001968
0.008737
-0.007689
0.000117
-0.002135
-0.009701
-0.018333
-0.003638
-0.003093
-0.006699
-0.005479
0.000322
-0.011866
0.001696
-0.001621
-0.001325
-0.006834
-0.002919
-0.012546
-0.030274
-0.018701
0.030470
0.009442
-0.018320
0.003845
0.007513
-0.001085
0.001414
0.005941
-0.008483
-0.009159
0.005630
-0.002129
0.011730
0.008063
0.009742
0.087350
0.108886
-0.032396
-0.008818
-0.019242
0.004175
0.035209
-0.029421
0.008843
-0.000086
-0.002897
0.001245
-0.007529
0.002186
-0.002268
-0.000394
-0.017935
-0.017118
-0.007620
-0.052869
-0.004008
0.002705
-0.000960
-0.008340
-0.003599
-0.036208
-0.004010
-0.017825
-0.008534
-0.015889
-0.035137
-0.007659
0.004113
-0.006135
-0.027636
-0.003689
0.002367
-0.002894
-0.001885
-0.031589
-0.018111
0.013821
0.005754
0.007653
0.049534
0.002264
-0.007176
0.003810
-0.002695
0.001320
-0.008896
-0.239966
-0.007063
-0.002865
-0.003309
0.005437
0.106271
0.019106
0.125813
-0.008694
-0.012714
-0.007338
-0.009254
-0.025617
0.003178
-0.004870
0.000000
0.000000
0.000000
0.000769
-0.006692
-0.040355
-0.010102
-0.001161
0.002177
-0.017837
-0.007198
0.084643
-0.016831
-0.013469
-0.004064
0.000298
0.042031
0.002471
0.007118
0.000047
-0.003174
-0.017457
-0.007034
-0.005604
-0.013307
-0.004167
0.000000
0.027525
-0.026866
-0.002473
0.006378
0.004694
-0.007835
-0.008942
0.017116
-0.018133
0.010776
0.007443
0.000000
0.002721
0.096800
-0.013216
-0.000852
0.002584
-0.005577
-0.000606
-0.011485
0.002373
-0.003496
0.004682
-0.007600
0.000370
-0.001113
-0.000990
-0.039963
-0.006619
0.031884
-0.020082
-0.004441
-0.006267
-0.003154
-0.004754
-0.008739
-0.007552
-0.009032
-0.020053
0.058029
0.014607
-0.008934
-0.000099
-0.006623
-0.003793
-0.007176
-0.013616
-0.057094
-0.003265
0.013344
0.000000
-0.018059
0.000000
-0.025375
-0.016640
-0.012910
0.002635
-0.021645
-0.014605
-0.001300
-0.007606
-0.005368
0.057531
-0.011176
-0.004901
-0.004096
0.000000
0.010047
-0.016461
-0.022340
0.005081
-0.008836
0.010491
-0.005515
0.000000
-0.009531
0.001112
-0.009809
-0.000151
0.003947
-0.007922
-0.007622
-0.021791
-0.002196
-0.030390
0.009085
0.001950
-0.007799
0.002864
-0.004625
-0.012046
0.000437
-0.005127
0.005102
-0.003668
-0.002367
-0.019528
-0.003981
-0.008930
0.160231
-0.003358
0.000000
0.003183
0.013954
-0.008836
-0.000858
0.026683
0.004061
-0.002431
-0.003646
0.008394
-0.008225
-0.025223
0.001711
-0.001907
0.006024
0.004595
0.016921
-0.003913
0.000000
0.000000
0.000000
-0.010797
-0.004413
0.013099
-0.007926
0.003542
-0.011217
-0.022129
-0.009638
-0.004886
-0.010312
-0.009388
-0.016408
-0.003127
-0.036481
-0.017768
-0.001934
0.001735
0.005603
-0.007316
0.014536
-0.002555
-0.005639
-0.004749
-0.022596
0.019237
-0.011668
-0.007635
-0.001724
-0.000848
-0.006580
-0.011234
0.005034
0.014220
-0.009306
0.002680
0.015556
-0.001525
-0.000832
0.002312
-0.000564
-0.006643
0.008565
-0.001486
0.000308
-0.004039
0.000137
0.000916
-0.000881
-0.005132
-0.000994
-0.003132
-0.003848
0.005614
-0.005888
-0.009224
-0.003714
0.016763
0.024891
-0.000184
0.015542
0.012143
-0.015751
0.006909
-0.006207
0.001767
0.000588
-0.001538
-0.012666
0.003381
-0.012729
-0.013057
-0.005345
-0.007757
-0.001244
-0.000168
-0.007565
0.003285
-0.004418
-0.001294
-0.000719
-0.001700
-0.000422
-0.012137
0.002844
-0.024243
-0.016433
0.017577
-0.013717
-0.009543
-0.012580
-0.021241
-0.013592
-0.004821
0.022329
-0.004454
-0.011800
-0.009116
0.003200
-0.010021
0.016582
-0.016037
-0.012214
-0.038182
0.004661
0.006743
0.009704
0.002796
0.003917
-0.003277
-0.003630
-0.006554
-0.005749
-0.009454
0.001503
-0.016957
-0.002594
-0.004631
0.006948
-0.007701
-0.008172
-0.016405
-0.020159
-0.000691
-0.004843
-0.004137
-0.003667
0.009328
-0.007847
-0.005869
-0.003470
0.000331
0.009579
-0.002173
0.003263
0.012072
-0.004414
-0.015851
0.016588
-0.001303
0.010300
-0.011697
-0.007439
-0.006370
0.006559
-0.025126
-0.000479
0.001752
-0.013338
0.002274
-0.003340
0.002267
0.013982
-0.006892
0.001157
-0.004501
-0.003875
0.003595
-0.004741
-0.010456
-0.002520
-0.000845
-0.026010
0.020058
-0.000592
-0.009982
-0.000586
-0.001629
0.011705
-0.003957
-0.001251
0.003235
-0.008145
0.000198
-0.003791
0.000312
-0.002596
-0.001425
-0.008498
-0.006354
-0.006293
0.002526
-0.011861
0.008444
-0.001269
0.006881
0.006224
0.003844
-0.012278
-0.006035
-0.007563
-0.004756
-0.010222
0.000735
-0.020557
0.002080
0.008180
-0.005098
-0.023773
-0.002159
0.001984
0.004191
-0.012414
-0.006981
0.008357
-0.000067
0.001669
-0.001806
-0.012224
-0.009148
-0.014663
-0.000547
-0.012248
-0.013367
-0.003669
-0.013424
0.002451
-0.015452
-0.012107
-0.007340
-0.017644
0.056308
-0.001405
0.018195
-0.079297
-0.003411
-0.008284
0.004053
0.008057
0.009049
-0.020102
-0.000652
0.013245
-0.000497
-0.022142
-0.005150
0.001849
0.002272
0.001330
0.001314
0.010475
-0.003298
0.004311
0.008452
0.000134
-0.000805
-0.017644
-0.010847
0.000088
-0.001674
-0.001037
-0.006601
-0.001754
-0.005254
-0.007743
0.001148
-0.009559
0.002060
0.000528
0.007420
-0.010278
0.073792
-0.016737
-0.037984
0.005368
0.009040
-0.017371
-0.003911
-0.010746
-0.005250
-0.003152
-0.004754
0.018516
0.006226
-0.007264
0.006544
-0.005174
-0.000210
-0.011690
-0.019455
-0.012167
-0.007974
0.013860
-0.008941
0.004656
-0.007508
-0.006191
-0.000626
-0.005795
-0.004531
0.001542
-0.014665
0.004207
-0.016505
0.062982
-0.021415
-0.016298
-0.009059
-0.006252
-0.011155
-0.017689
0.003584
0.007671
0.002689
-0.004136
-0.000327
-0.004550
-0.005332
0.006201
-0.002213
-0.000975
-0.002684
-0.020346
-0.030655
-0.006221
-0.012236
-0.006479
-0.012318
0.067812
-0.002387
-0.024991
-0.015330
0.005083
-0.006310
0.001879
-0.001810
-0.004859
0.046156
0.070125
0.018337
0.036870
0.025964
0.002342
-0.014535
-0.010306
0.002322
0.006571
0.042181
-0.017318
0.093820
0.000158
-0.039102
0.032691
0.017147
-0.008656
-0.002782
-0.005447
0.000576
-0.009049
0.006321
0.181945
-0.003390
-0.006799
0.013572
-0.011864
0.001874
0.012736
-0.011709
0.009626
0.012658
-0.036619
-0.015400
-0.008491
-0.006115
-0.017659
-0.013034
-0.024413
-0.004977
-0.034946
0.010807
-0.012460
-0.009550
0.002314
-0.003498
-0.014494
0.003867
-0.004394
-0.009005
-0.003940
0.005143
