0.004279
-0.000103
0.002301
-0.007775
-0.007255
-0.020702
0.011497
0.006199
-0.001478
-0.021930
0.007963
0.003182
-0.015482
0.003147
-0.000738
0.002440
-0.002772
-0.001273
-0.010824
-0.005996
0.000857
0.013939
-0.002911
0.060558
0.002829
0.032422
0.016858
-0.000830
0.003220
0.016244
0.005418
0.002788
0.017261
0.021778
0.014517
-0.003139
0.000428
-0.001041
0.004814
0.003127
-0.002586
0.005347
-0.006321
0.006006
0.016351
-0.007050
0.008936
0.002866
-0.021107
-0.005984
-0.002060
-0.019456
0.010667
-0.001664
-0.000748
0.001490
-0.008595
-0.005195
-0.004106
-0.007113
-0.004492
0.001595
-0.006824
-0.006415
0.006670
-0.006109
-0.004670
-0.007875
-0.043161
-0.003085
0.001757
-0.004423
-0.003809
-0.006441
-0.008313
-0.002128
0.000000
-0.004314
0.000000
0.053665
0.000000
0.000661
0.019729
-0.018072
0.017512
-0.005569
-0.014864
-0.001986
0.000000
-0.003337
0.003050
-0.003786
-0.003823
0.000946
0.023302
-0.032783
-0.002493
0.008629
-0.005007
-0.008046
-0.003000
-0.003637
-0.001010
0.005260
0.004587
-0.002204
-0.000692
-0.002273
0.000369
-0.007095
0.000000
0.010122
0.003878
0.000721
-0.004146
0.003984
-0.015867
0.021072
-0.010352
-0.002877
0.080951
-0.005762
-0.017663
-0.004631
-0.009469
0.003414
-0.022466
-0.001452
0.019005
-0.010712
-0.007425
0.011267
-0.020465
0.026781
0.001147
-0.000628
-0.008831
0.026928
-0.003071
0.023794
-0.007445
0.005662
-0.002504
-0.003351
-0.003116
0.002985
-0.004898
0.002808
0.002180
0.002098
0.003857
0.000056
-0.006736
0.002744
-0.031315
0.000000
-0.016436
0.003355
0.010239
0.000000
-0.001942
0.005658
-0.000833
-0.003190
-0.005319
0.016228
0.005313
-0.006913
0.001890
0.034369
-0.011199
0.007747
-0.001250
0.029788
-0.004157
0.000000
0.000000
0.000000
0.027826
0.015022
0.020931
-0.034411
-0.041304
0.001776
-0.000840
0.000000
0.000000
0.000000
0.000000
0.000000
0.000000
0.000000
0.000000
0.000000
0.000000
0.000000
0.001157
-0.021770
-0.020258
-0.030444
-0.000368
0.008703
-0.019616
0.008442
-0.003115
-0.002774
-0.016038
0.000771
0.009557
0.004029
0.022159
-0.013870
0.003062
0.156411
-0.011794
0.008381
0.001517
0.000252
-0.015815
0.009118
0.000637
0.008330
-0.012271
0.036247
0.012684
0.039198
0.018565
0.006634
0.004117
-0.023931
-0.010998
0.059235
0.070946
0.112041
-0.016410
0.014917
0.000459
-0.017042
-0.001409
0.183884
0.094436
-0.018564
0.002844
-0.014546
-0.013417
-0.004887
-0.002657
-0.003699
-0.001634
-0.003465
-0.003438
0.001678
-0.030034
-0.008002
-0.004636
-0.015174
-0.006077
-0.006441
0.006043
-0.011801
0.025751
0.005436
-0.006169
0.010170
-0.001016
-0.006758
-0.001680
-0.004397
-0.002406
0.031714
0.002773
-0.000923
-0.010032
0.000000
-0.024069
-0.012606
-0.009267
0.001537
-0.020363
0.015521
-0.006544
-0.033417
0.002460
-0.007901
0.005335
-0.016396
-0.011499
-0.001343
-0.011071
-0.012637
-0.034499
-0.005352
-0.010742
-0.010372
0.006345
0.057985
0.012942
-0.002247
-0.002118
-0.004307
0.005250
-0.002274
-0.005910
-0.001652
0.159049
-0.006197
0.021557
-0.013480
-0.006817
-0.013085
-0.007559
0.000000
-0.006086
-0.023801
0.004896
0.003790
-0.004391
-0.004938
0.064460
-0.006914
-0.001007
0.003633
-0.007809
0.002531
0.005709
-0.008628
-0.013597
0.004009
-0.001453
0.000792
-0.009817
0.003509
-0.012817
-0.028487
-0.017420
0.014187
0.004013
0.001811
0.019227
-0.010359
0.004577
0.006934
-0.026118
0.026456
-0.012715
-0.003228
0.000486
-0.024361
-0.020818
-0.005643
0.005465
0.024394
-0.024368
0.000038
-0.017228
-0.004808
0.002616
-0.000073
-0.014660
0.007221
0.028588
0.009495
0.003701
-0.006608
0.001792
0.013151
-0.003965
0.002282
-0.005472
0.000000
0.027784
0.017224
-0.015141
-0.009836
-0.003020
0.002500
0.006699
0.000603
-0.017247
-0.008448
0.018968
-0.011582
-0.002650
-0.002481
-0.014271
0.042665
-0.016785
0.024677
0.042253
0.048887
0.015812
-0.002941
-0.008498
-0.008495
-0.006033
0.001547
-0.019947
-0.006772
-0.000467
0.006965
-0.007718
0.000361
-0.001529
-0.011695
-0.010916
0.009445
-0.015809
0.000468
-0.009934
-0.009769
-0.000651
-0.011032
0.002605
-0.003651
-0.001886
0.008218
-0.006770
-0.001048
-0.010685
-0.006145
-0.009206
0.004894
-0.006763
0.000642
0.025723
-0.009234
-0.000788
0.056945
-0.008117
0.004656
-0.007037
0.002094
-0.004778
0.005362
-0.008286
-0.001182
0.080180
0.016803
-0.004330
0.000924
0.013987
0.003990
0.001651
0.004651
0.000107
-0.011965
-0.001429
-0.018715
0.004592
0.005654
-0.005210
0.002830
-0.020757
-0.031921
-0.014741
-0.002239
-0.005286
-0.002933
-0.003933
-0.014446
-0.003042
-0.006894
-0.002481
-0.008929
0.033917
-0.009619
-0.003273
0.000291
0.004677
-0.002336
-0.001840
-0.008137
-0.009631
-0.017611
0.000539
-0.005135
-0.011042
0.020374
0.017342
0.012615
-0.022084
-0.005182
-0.030301
0.002645
-0.001466
0.009921
0.008341
-0.003789
-0.027618
0.003824
0.001191
-0.001317
0.002981
0.013104
0.004055
-0.001740
-0.004865
-0.001266
-0.004571
-0.006341
-0.000958
-0.003637
-0.008363
-0.006201
0.016041
-0.007138
0.008149
-0.026160
-0.015599
-0.004191
0.000357
0.029831
0.015246
-0.003142
0.009884
-0.006308
-0.015699
-0.007865
0.054521
0.021416
-0.006939
0.022191
-0.014204
0.036604
0.003026
0.010101
0.011514
-0.014096
-0.004400
-0.015138
-0.025396
-0.011074
0.003062
-0.022576
-0.020366
-0.018005
-0.014434
0.138356
0.000726
-0.013582
0.002079
0.006574
0.016417
-0.017291
-0.007685
0.008465
0.010158
0.007959
-0.005131
-0.006497
-0.005758
0.017111
-0.004785
0.229003
0.247532
0.014586
-0.004760
-0.015179
-0.028216
-0.008896
0.084267
-0.015764
-0.004961
-0.005331
0.005878
0.014791
-0.003764
0.006244
-0.000221
-0.000291
-0.013090
0.001932
0.015114
0.051685
0.007018
-0.028941
0.046269
-0.013985
-0.027085
0.004767
-0.014577
0.004332
0.010107
0.081477
-0.001576
-0.018066
0.003460
-0.019911
-0.014559
-0.002587
-0.013902
0.005278
-0.004092
0.009744
0.012300
0.001970
0.001690
-0.000986
-0.011074
-0.009767
-0.012834
0.030091
-0.006992
0.034974
0.014387
0.001515
0.065698
0.011880
-0.003403
-0.020184
-0.021945
-0.008065
0.000892
0.003460
-0.003362
-0.019151
-0.015679
0.014837
-0.007349
-0.005002
-0.041990
0.001243
0.001820
0.002893
-0.002215
-0.003676
-0.016056
-0.004208
0.008749
0.016104
-0.005340
-0.005717
-0.014404
-0.009503
-0.026389
-0.001672
-0.010436
0.000985
-0.015130
-0.008097
-0.001395
-0.007342
-0.016898
-0.008408
0.000533
0.028804
-0.000100
0.075668
0.080288
0.012319
-0.018859
-0.012870
-0.004720
-0.007134
0.004548
0.004604
-0.012133
-0.021327
0.014717
-0.019297
0.001596
0.000016
0.005166
-0.005411
-0.010419
-0.016761
-0.009141
-0.016333
-0.008376
-0.008574
-0.006428
-0.014939
-0.014978
-0.009984
-0.044576
-0.009876
0.231163
-0.005155
-0.014329
-0.007720
-0.010278
0.000091
-0.028889
-0.004195
-0.001845
0.000000
-0.004753
0.001810
-0.025258
-0.000927
-0.019115
-0.037352
-0.002520
-0.017047
-0.005887
0.053561
0.003522
0.000350
-0.009871
-0.011637
-0.021586
-0.003306
0.005582
-0.002000
-0.004006
-0.005655
-0.002818
-0.000900
-0.017425
-0.003227
-0.011579
-0.007296
-0.016297
-0.004592
-0.020925
-0.014240
-0.008943
-0.000785
-0.000203
0.006147
0.007338
-0.004795
0.003135
-0.012020
0.010166
0.002489
0.008457
0.008538
0.016537
0.000542
0.004178
-0.005806
-0.006124
-0.004870
0.027037
-0.004230
-0.013020
-0.009266
-0.014483
-0.015398
-0.008855
-0.002381
-0.005243
-0.012066
-0.011215
-0.006015
0.022975
0.009784
-0.005971
0.001814
0.017042
-0.012908
0.009951
-0.028540
-0.007333
-0.005069
0.005922
-0.001054
0.037840
0.002676
-0.005216
-0.006131
0.005300
-0.005725
0.011834
-0.007068
-0.010501
-0.013849
-0.021256
0.003730
-0.009148
0.008279
0.023004
-0.008307
0.032704
-0.011716
-0.004362
-0.001199
0.023331
0.019373
-0.013950
0.000000
-0.012559
-0.013076
-0.013528
0.013988
-0.008510
0.013984
0.001685
-0.017232
-0.029851
-0.017860
-0.006168
0.003613
-0.011255
-0.019727
-0.009357
-0.005791
-0.017152
0.023372
-0.000812
-0.000275
-0.005404
0.004618
-0.008245
-0.008054
-0.012254
-0.005830
-0.020939
-0.004342
-0.000511
0.006756
0.010644
-0.002126
0.001555
-0.012581
-0.007349
-0.018885
-0.005819
-0.014817
-0.000055
0.004488
0.002209
-0.007958
-0.007073
-0.020427
-0.021938
0.003649
0.000026
0.002357
-0.003601
0.003687
0.012572
0.010624
-0.005187
-0.007826
-0.018426
-0.016158
-0.001151
-0.013742
0.077080
-0.000410
0.019489
-0.006482
-0.011528
0.011350
-0.012304
-0.003578
0.000892
-0.013151
0.003123
-0.009776
-0.002515
-0.008695
-0.000730
-0.010177
-0.002990
0.002484
0.002478
0.027194
0.006347
-0.012040
-0.008499
0.004642
-0.005821
-0.000119
0.002339
-0.004677
0.009502
-0.008452
-0.017538
0.001873
0.002329
-0.002817
-0.007873
-0.008558
-0.000040
-0.006865
0.008543
0.005672
0.019746
0.000974
0.001830
-0.003416
-0.020265
-0.010722
-0.002340
-0.009165
-0.017518
-0.006258
0.014363
-0.005321
-0.030116
-0.007526
-0.006231
-0.027649
-0.014382
-0.009169
0.001046
-0.024691
0.000124
-0.003101
0.007101
0.037145
0.007932
0.001402
0.005995
-0.022474
-0.008745
0.006678
0.010282
-0.012138
-0.001380
-0.001059
0.002252
0.007711
-0.005774
0.023155
-0.014811
-0.014668
-0.009526
-0.004854
-0.008508
0.036152
0.007144
-0.009360
-0.013002
-0.005078
-0.024139
0.019450
0.007532
-0.008633
-0.007326
0.015331
0.011672
-0.011315
-0.009121
-0.007563
-0.042529
-0.010897
-0.008935
0.000000
0.004467
-0.023369
0.002432
-0.019978
-0.029015
-0.005766
-0.007910
0.050919
-0.002265
0.012074
0.004112
-0.007089
-0.020208
-0.001699
-0.004782
-0.015815
0.000849
-0.007924
0.001413
-0.005230
-0.018227
-0.024028
-0.003349
0.003125
-0.001513
0.002829
-0.014100
-0.005036
-0.007268
0.004108
0.001010
-0.005269
0.000790
-0.004538
0.006557
-0.002560
-0.000774
-0.003277
0.030865
0.025748
-0.012593
-0.006721
-0.005652
0.001525
0.022644
-0.023935
-0.005874
-0.011678
-0.008512
-0.000408
-0.013697
-0.007937
-0.000071
-0.006999
0.003215
0.002672
-0.015096
-0.015762
0.007927
-0.002789
0.008703
0.000033
0.006074
0.038348
-0.005687
0.000871
-0.015439
-0.004741
-0.010091
-0.004586
0.017278
0.045632
-0.015158
-0.016872
-0.001874
0.015650
-0.002123
-0.009238
-0.006149
0.002481
-0.014201
-0.020431
0.004911
-0.006815
-0.037015
-0.012020
-0.014164
0.001731
0.007105
-0.001368
-0.018087
0.007504
-0.013974
0.003817
-0.014089
-0.016222
-0.008300
0.001158
-0.005858
-0.019202
-0.013692
-0.021220
-0.003054
-0.006064
0.002807
0.001551
-0.004927
0.001926
0.007514
-0.005519
-0.007091
0.004672
-0.003327
-0.003009
-0.012168
-0.006897
-0.026069
-0.004313
-0.002734
0.048183
0.004770
-0.013421
0.002150
0.014829
-0.017087
-0.002159
-0.008996
0.011300
-0.006149
0.002439
0.017550
0.003250
-0.008961
-0.002433
-0.002236
-0.007022
-0.018577
-0.005714
-0.024321
-0.013654
-0.008393
-0.008827
-0.000652
-0.008104
0.000130
0.000053
-0.009975
0.000414
0.005906
-0.004006
-0.010666
-0.013067
-0.008675
-0.008445
-0.010590
-0.005814
0.023148
-0.004234
0.000000
-0.000287
0.007839
-0.010987
-0.015862
-0.002773
-0.011452
-0.000870
-0.001279
0.007345
-0.010599
-0.000041
-0.007071
0.041947
0.007964
-0.014467
0.000584
-0.010568
0.056581
-0.021189
-0.005884
-0.010580
-0.000044
0.010892
-0.009721
-0.001948
-0.012230
0.006287
0.001351
0.012729
-0.006844
-0.007172
-0.017999
-0.007324
0.048641
-0.022509
0.003155
-0.018349
-0.003285
0.025759
0.001553
0.000000
-0.012263
-0.010893
0.009704
0.008803
-0.020980
-0.000983
-0.006738
-0.029460
-0.008602
0.010561
0.000000
-0.027712
0.001524
-0.003524
-0.003428
-0.014506
-0.007744
0.005168
-0.009072
0.045234
-0.018960
0.003503
0.005215
-0.010735
-0.010414
0.033861
0.014107
-0.012263
-0.006077
0.051537
-0.014889
-0.007632
-0.005860
0.014276
-0.011548
-0.010155
-0.004105
0.019280
0.012554
0.018547
-0.018525
-0.009433
-0.015614
-0.002976
0.006794
0.001668
0.000782
-0.024261
-0.009283
-0.003728
-0.027374
-0.011178
0.011080
-0.010820
-0.003283
-0.025097
0.002771
-0.014498
-0.002613
-0.016732
-0.025551
-0.012761
-0.006378
-0.000586
-0.024504
0.003644
-0.002569
-0.010128
-0.015989
0.001761
-0.013936
0.000520
-0.010462
-0.007282
-0.013727
-0.014396
-0.012813
0.001181
0.001019
-0.024944
0.008131
-0.014637
-0.008013
0.001091
-0.013904
0.015286
-0.005901
0.004742
-0.009749
-0.001354
-0.004615
-0.011750
0.012758
-0.002429
-0.003947
-0.001572
-0.007577
-0.007925
-0.012895
-0.016901
-0.007492
-0.019471
-0.006340
-0.006990
0.003275
0.012471
0.003563
-0.005917
-0.005313
-0.006204
0.000291
-0.012111
-0.006123
0.003133
-0.027585
-0.006950
0.019716
0.012558
-0.000345
-0.001271
-0.012905
-0.005409
-0.004236
0.009090
-0.010251
-0.000893
-0.020390
-0.015261
-0.064337
-0.061274
0.006740
0.001778
-0.036276
-0.008906
0.004604
-0.001324
0.021755
-0.008311
-0.005111
-0.015632
-0.002378
0.001107
0.010876
0.006245
0.030213
-0.006092
0.005787
-0.010854
0.053842
0.004291
-0.003970
0.000840
0.008214
-0.007773
-0.009185
-0.014593
-0.008291
-0.001515
-0.016723
0.000396
-0.009951
-0.003058
-0.010345
-0.006757
0.000224
-0.005204
0.003238
0.007232
0.007629
0.026762
0.010447
-0.005920
-0.006294
-0.008580
0.000116
0.009106
-0.009159
0.009761
0.013879
-0.012627
-0.007651
-0.004988
-0.004557
-0.009135
-0.002500
-0.004463
-0.011575
-0.001902
0.003272
-0.016127
0.003930
-0.005305
-0.005249
0.008181
0.012105
0.028691
-0.005453
0.029137
0.046605
0.008127
0.024823
0.005316
-0.005332
0.057797
-0.017977
-0.006717
-0.004979
-0.003049
-0.001635
-0.006945
-0.002944
-0.015051
-0.001023
0.001320
-0.014210
-0.004991
-0.014244
-0.013571
-0.004342
-0.012246
0.012016
-0.012617
0.003302
0.008245
0.004616
0.015394
-0.006521
0.003496
-0.028581
0.013680
-0.021104
-0.024667
-0.005606
-0.026294
-0.022407
0.004505
0.001361
-0.009533
-0.003408
0.000802
-0.013979
0.058778
-0.010072
-0.009376
-0.016976
0.001417
-0.001374
0.010761
0.000581
0.000992
-0.007670
0.015172
-0.000709
-0.003800
-0.000966
0.008808
0.001044
-0.000527
-0.006433
-0.003868
-0.004664
-0.009694
-0.001337
-0.005707
-0.002023
0.033742
0.021134
-0.008130
-0.003426
0.005473
-0.011706
0.008211
-0.010836
0.001495
-0.014434
-0.039391
0.017157
0.012232
-0.005894
-0.013143
-0.013830
-0.001374
-0.023477
0.000653
0.062782
-0.003679
-0.003123
0.019746
-0.003087
-0.003392
-0.015397
0.006897
-0.007912
0.002266
-0.001583
0.002478
-0.021505
-0.006634
-0.008050
0.003737
0.003704
-0.006760
-0.013430
0.002329
-0.009823
0.052113
-0.002634
0.008286
0.008780
0.003256
0.003621
0.017454
-0.000144
0.002391
-0.007376
-0.015059
-0.000173
-0.004408
0.003543
-0.023058
-0.002471
0.035412
0.000685
-0.004121
-0.008187
-0.008486
-0.018946
0.005825
-0.004148
-0.019419
0.001175
-0.019766
-0.020184
-0.009950
-0.032007
-0.004223
-0.009000
-0.007880
-0.002672
0.000568
0.001171
0.018444
0.027516
0.003492
0.005005
0.033706
0.045316
0.004014
0.026663
0.004234
-0.003750
-0.013828
0.033912
-0.003966
0.001109
-0.004236
0.010317
0.001154
-0.002828
-0.004963
0.003893
-0.011960
-0.003770
0.007464
0.005367
0.007126
-0.001452
-0.010668
0.010219
0.004226
0.001873
-0.009727
-0.017691
-0.013435
-0.005380
-0.001590
0.006082
0.046044
0.033987
-0.014371
-0.000592
0.011488
-0.001947
-0.001354
-0.000690
-0.008489
0.009892
-0.009812
-0.032769
-0.001013
-0.001591
-0.023198
0.001141
-0.003680
0.028490
0.048246
0.006880
-0.002867
-0.006838
0.011193
-0.019357
-0.006135
-0.024976
-0.015206
0.073342
-0.004744
0.003994
-0.002521
-0.000525
-0.009633
-0.015937
-0.005250
-0.007687
-0.008772
-0.006683
-0.012295
0.005267
-0.011446
-0.004347
0.006682
-0.003920
-0.022198
-0.002186
-0.006388
-0.003738
-0.009866
0.254141
0.024415
0.001293
0.005267
-0.000699
0.009795
-0.005227
-0.003318
-0.026713
-0.001926
0.015458
-0.002887
-0.007340
-0.002201
-0.001183
-0.021986
-0.001582
0.021425
0.012493
-0.007855
-0.007292
-0.028787
0.000348
-0.010542
0.006374
0.000612
-0.000645
0.011961
0.042672
-0.008044
-0.040603
-0.012510
0.019921
0.010286
-0.012807
-0.006894
-0.007392
-0.006025
0.004210
0.006226
-0.041927
0.018098
-0.005470
0.005007
-0.005447
-0.004654
-0.005307
0.000000
0.047185
-0.008867
-0.004017
-0.001661
-0.025786
0.004041
-0.010157
-0.005801
-0.010557
0.011289
-0.009213
-0.001300
-0.020632
-0.013874
0.000432
-0.000685
0.000468
-0.004422
-0.008951
-0.004743
0.005258
-0.006394
-0.000479
-0.003626
-0.002552
0.006978
-0.007634
-0.015523
-0.017951
-0.017363
0.012814
0.007113
0.032493
-0.003668
-0.024909
-0.004786
-0.007152
-0.002683
0.017372
-0.008063
-0.014492
-0.010825
-0.020930
-0.007128
-0.014718
-0.004063
0.020971
-0.003494
0.006049
-0.006361
-0.000920
-0.010923
-0.018626
0.001306
0.006274
0.000693
0.003643
-0.008706
0.003230
-0.004996
0.005969
0.026848
0.024871
0.035352
0.003918
0.006106
0.001627
-0.004644
-0.014307
0.009286
-0.014725
-0.004400
-0.004528
-0.004150
-0.004127
0.008818
-0.003030
0.013375
0.000040
0.006344
0.036903
-0.008250
-0.018521
-0.003576
-0.010930
0.000920
-0.008054
-0.011125
-0.004012
0.004171
0.162025
-0.014716
0.018728
-0.011007
0.005451
0.009989
-0.003105
0.006397
-0.022881
-0.007523
-0.014920
-0.003090
0.000000
0.023131
-0.005468
0.003450
-0.011632
-0.008629
0.000000
-0.008751
0.016370
0.011724
-0.009167
0.005161
0.011080
-0.010455
-0.008381
0.007415
-0.007856
-0.000994
-0.007648
0.005444
0.003271
0.076986
-0.023739
0.003794
-0.000562
0.002185
0.008569
-0.012088
0.025863
-0.016695
-0.013035
-0.003445
-0.004400
-0.009257
-0.013579
0.013145
0.009291
-0.011964
-0.003022
-0.015262
-0.008726
-0.017798
-0.025220
-0.001334
-0.040027
-0.015548
-0.012030
0.010173
-0.004351
-0.016296
-0.008244
0.001227
0.014468
-0.004203
0.003593
-0.000540
-0.006734
-0.006470
0.010313
0.030482
0.022914
0.010683
-0.008166
-0.005174
0.076972
-0.000726
0.010470
-0.007670
-0.031870
-0.013257
-0.003050
-0.004883
-0.011360
-0.019181
0.004152
0.006289
-0.010884
0.006430
0.010445
0.005267
-0.002591
0.025183
-0.026222
0.018805
0.200417
0.015991
-0.012120
0.001912
0.000032
-0.017211
-0.003553
-0.014191
0.019476
0.085600
-0.007781
0.132217
0.040663
0.010612
0.002097
0.009191
-0.015456
-0.002530
0.000060
0.014622
-0.003331
-0.008473
-0.008989
-0.003828
0.007753
-0.000829
0.009429
0.003731
-0.018147
0.021903
0.035869
-0.022035
0.006020
-0.003921
-0.008480
-0.014208
-0.004001
-0.011752
-0.016145
-0.004605
-0.013213
0.007654
0.000000
0.000000
0.000000
0.000000
0.001727
-0.006873
-0.000067
-0.034595
-0.004615
-0.028489
-0.014115
-0.004448
-0.010468
-0.023211
0.011005
-0.005795
0.021175
-0.001219
-0.012441
-0.008019
-0.004914
-0.014380
-0.000730
-0.018913
-0.022120
0.077909
0.033754
0.001631
0.021442
-0.005942
0.003370
-0.019128
-0.003882
-0.001163
-0.007629
0.008163
0.001314
0.003066
-0.001535
0.021283
-0.000829
-0.005518
-0.005220
0.002768
0.001047
0.009154
-0.008331
-0.001360
-0.000597
-0.014759
-0.006287
-0.003147
-0.002630
0.059414
0.005016
0.009341
-0.012444
-0.010830
0.014919
-0.013503
-0.009439
-0.009774
0.002518
-0.009671
-0.006086
-0.047131
-0.029378
-0.008082
-0.008001
0.009365
-0.012771
-0.011329
-0.009967
-0.005347
-0.013725
0.003921
-0.005927
-0.007958
0.011263
-0.000472
0.006005
-0.008521
-0.002581
0.000742
-0.003467
-0.009100
0.000360
0.013193
-0.012474
0.007682
0.005646
-0.024100
0.013908
-0.006275
-0.002103
-0.002796
0.041534
0.003891
0.033034
-0.025923
-0.008439
-0.005472
-0.009520
-0.009752
-0.014738
-0.020272
-0.016250
-0.001031
-0.020602
-0.003600
-0.026336
-0.002242
-0.005897
0.004126
0.000000
0.064502
0.021307
0.000105
0.000000
0.001985
0.004629
-0.006890
-0.003787
-0.015491
-0.004400
0.001283
0.008770
-0.002316
-0.008017
-0.005311
0.001934
-0.008633
0.007314
-0.033295
0.037404
-0.009810
0.022558
-0.007320
-0.008255
-0.006434
0.003753
-0.013519
-0.001526
-0.012870
-0.010255
-0.032726
-0.016563
-0.019989
-0.005417
0.002853
0.002206
-0.006945
-0.001149
-0.013306
0.006495
-0.013503
-0.003621
0.001580
-0.000043
0.018889
0.000404
0.003340
-0.003851
-0.002338
-0.005224
0.046785
-0.010245
0.036693
-0.002431
-0.008088
0.003186
0.001487
0.005479
0.003669
0.001239
-0.004751
-0.013177
-0.011773
-0.002897
-0.007230
0.002109
0.001340
-0.010380
-0.012696
-0.005633
-0.002040
-0.019845
-0.016111
0.010628
-0.007102
-0.020297
-0.000988
-0.033275
-0.012881
-0.006018
0.025325
-0.000804
-0.012376
-0.007430
0.007255
0.013791
-0.015833
0.035534
-0.000388
0.001249
-0.008660
-0.017792
-0.013788
-0.003482
-0.025522
0.008033
-0.007038
0.002094
-0.015780
-0.010707
-0.002284
-0.024848
-0.011159
-0.004286
-0.006697
-0.005393
-0.013682
-0.005512
-0.019670
-0.012632
0.103162
0.003448
0.060789
-0.009729
-0.001364
0.006403
-0.002300
0.014766
-0.017060
-0.012886
-0.033907
-0.004066
0.014795
-0.020694
-0.008582
-0.004713
-0.011850
-0.005520
-0.005810
0.006527
0.060320
0.006175
-0.011228
-0.020534
-0.017117
0.003080
-0.011287
0.017030
-0.011161
-0.013840
-0.000852
-0.007397
-0.007138
-0.003446
0.003356
-0.000428
0.002490
-0.019908
-0.012465
-0.008332
-0.008281
-0.010337
0.003635
-0.010191
0.008006
-0.017306
-0.000158
0.003792
-0.007929
-0.009802
0.001999
0.010567
0.019196
0.004427
-0.000615
-0.034144
0.110066
0.007877
-0.013580
-0.002293
0.000000
0.009466
-0.005885
0.011666
-0.015645
-0.012316
-0.009497
-0.013943
0.052931
-0.021449
-0.012667
0.001208
-0.002986
0.007463
-0.010218
-0.006872
0.000000
-0.003574
0.002833
-0.002711
-0.016557
-0.001089
0.001239
-0.006246
0.017255
-0.032472
-0.003124
0.023913
-0.015022
0.037368
-0.021592
0.001475
-0.019511
-0.013525
-0.004677
0.007355
-0.014960
0.062825
-0.022273
0.014301
0.060025
-0.016759
0.020677
-0.032824
-0.001491
-0.016098
0.005094
0.022346
0.001825
-0.003495
-0.005325
0.000213
-0.005760
0.002375
0.000000
-0.002921
-0.003653
-0.003962
-0.001706
-0.000260
-0.006045
-0.001064
-0.012169
-0.007076
0.009233
-0.007022
0.001998
0.001658
-0.029464
-0.001382
0.023657
-0.004606
-0.001043
0.000823
0.001641
-0.029603
-0.004715
-0.014017
0.002931
0.030945
0.003569
-0.003323
0.011167
-0.005175
0.020295
-0.007417
-0.016150
0.012758
0.043144
0.046614
-0.002712
0.000000
0.003606
-0.001271
-0.003824
-0.014562
-0.003082
0.028379
-0.004400
-0.017120
-0.024311
0.018983
0.035712
-0.007612
0.000009
-0.006164
-0.001520
0.012373
0.014278
-0.000871
-0.012653
-0.004148
-0.007752
0.005966
0.019531
0.005616
-0.008483
-0.003020
0.007108
-0.000351
-0.016078
0.039215
-0.002735
-0.000088
-0.006347
-0.001725
-0.011048
0.001467
-0.004071
-0.007405
0.005156
0.126237
-0.013486
-0.000302
0.000141
0.001076
-0.001741
0.003083
-0.002217
-0.005214
-0.036818
0.048846
-0.008312
-0.012176
0.002322
0.003329
0.002465
0.004230
-0.005145
0.002506
-0.011533
-0.006806
0.003906
-0.014162
-0.009185
-0.015595
0.008606
0.011090
0.015222
-0.001268
0.013245
0.000896
0.000643
-0.005737
-0.011935
-0.004676
-0.000745
0.008203
0.001190
-0.004747
0.022427
-0.003399
-0.005771
-0.008470
-0.001457
-0.004293
-0.008429
0.005138
-0.017003
-0.004720
-0.008622
-0.003522
0.019974
-0.009004
-0.000239
-0.012086
-0.012144
-0.010529
0.002725
-0.001247
-0.001121
-0.004493
0.004103
-0.014070
0.004495
0.009616
-0.011056
-0.011419
0.007124
0.006886
0.000049
-0.002956
-0.027471
-0.013595
-0.002009
-0.000514
-0.005134
0.037229
0.000000
-0.002896
0.028403
0.001961
-0.008915
0.010901
-0.039789
0.023155
-0.016227
0.013447
-0.002871
0.001458
-0.002449
-0.005912
-0.006931
-0.018099
-0.000029
-0.009317
-0.003890
-0.003029
0.008387
-0.014956
-0.005041
-0.003659
-0.002179
-0.002479
-0.013187
-0.000769
-0.006088
-0.012615
-0.014985
0.031986
-0.015994
-0.000424
-0.015106
0.002271
-0.005424
0.002133
-0.001589
-0.006137
0.009890
-0.011313
0.005966
-0.031292
-0.000346
-0.008154
-0.003106
0.004194
-0.006764
0.004111
0.000716
0.003449
-0.013016
-0.014479
-0.009349
-0.002229
-0.026853
-0.003410
-0.007705
-0.012222
-0.019621
-0.017044
-0.001517
-0.000406
0.003307
-0.004567
-0.001314
-0.012846
0.089684
0.092325
0.132565
0.001581
-0.009282
-0.000756
-0.007778
-0.010058
-0.008173
0.033612
-0.004440
0.007348
-0.007820
0.071853
-0.009262
0.017081
-0.015840
-0.048604
0.000162
-0.006627
-0.025565
-0.001715
0.008644
0.003021
-0.006147
-0.005308
-0.001582
-0.023042
-0.004317
0.000342
0.037418
0.005552
-0.011015
-0.000168
-0.004789
0.022881
0.000180
-0.012624
-0.011302
-0.004639
-0.012383
0.038960
-0.007385
-0.006019
-0.018846
-0.008994
-0.001771
-0.003827
-0.009269
0.005546
-0.003701
-0.013789
0.032844
0.003306
-0.005978
-0.008141
-0.005718
-0.001519
-0.006427
-0.009277
-0.005824
-0.004722
-0.000579
-0.015030
-0.005266
-0.013628
-0.006070
-0.003488
0.004071
-0.017729
-0.011473
0.002402
0.000954
0.004981
-0.006373
-0.014604
-0.011625
-0.014295
-0.012371
-0.004841
0.017803
0.000032
0.002996
-0.004095
0.006215
0.006804
-0.003366
-0.012301
0.005387
-0.006377
-0.019159
-0.008293
-0.000447
-0.005096
-0.001356
-0.000873
0.012547
-0.010532
0.024999
0.031345
-0.011305
-0.001609
-0.017575
-0.003972
-0.002280
0.003644
0.011127
-0.013218
-0.012035
0.005705
0.006789
0.003891
0.004230
-0.006442
-0.028089
-0.001196
-0.023246
0.000738
-0.024908
-0.002541
0.003373
-0.000839
-0.043188
-0.000092
-0.001384
0.045886
-0.006333
-0.018656
0.001489
0.000759
-0.010647
0.000202
0.040229
-0.004606
-0.005557
-0.003369
0.009031
-0.008593
0.006311
0.001882
-0.038002
-0.007723
-0.005945
-0.006788
-0.009706
-0.006091
0.002368
-0.016144
0.412994
0.001252
0.001815
0.004441
-0.003103
0.001484
0.008090
-0.002897
-0.005847
0.006274
-0.001988
-0.001054
0.021978
-0.005977
0.016866
0.010224
0.014524
-0.027846
0.046879
-0.008203
-0.016017
-0.004570
0.003012
0.006406
0.132310
-0.007235
-0.000830
-0.005172
-0.009761
0.001585
-0.015064
-0.011965
0.001819
0.032599
0.001327
0.003297
-0.008139
0.003096
-0.013852
-0.015374
0.007002
-0.033208
-0.000171
0.016665
0.003470
-0.001558
-0.008865
-0.005775
0.003976
0.032862
0.011167
-0.001193
-0.006448
-0.010450
-0.006386
-0.007171
-0.014504
0.002846
0.004057
-0.021977
-0.005858
-0.017785
0.014362
0.014353
0.007781
-0.002846
0.006338
-0.014241
0.003338
0.002231
-0.000039
0.005271
-0.010952
-0.001556
-0.008523
0.008282
-0.004163
-0.004400
0.002415
0.000399
-0.016275
-0.006743
-0.005869
0.008840
-0.008668
-0.006108
-0.006224
0.007286
0.000730
-0.032208
-0.010135
-0.018930
-0.025878
0.002662
0.013629
-0.010002
0.008487
0.007530
-0.002274
-0.001720
-0.005066
-0.001416
-0.006449
-0.004739
-0.013253
0.007012
0.031557
0.032264
-0.015047
-0.008162
0.001297
-0.009272
0.000944
-0.011946
0.025842
0.007803
-0.018211
-0.006021
0.013686
-0.028749
-0.006066
-0.007567
-0.025051
-0.001315
-0.013442
0.008049
-0.007349
0.011906
-0.001563
-0.008282
-0.010520
-0.006204
0.019431
-0.004463
0.002413
-0.008719
-0.003632
0.004534
-0.007892
0.002857
0.006264
-0.001375
-0.020261
-0.005808
0.054650
0.038080
0.002813
0.013162
-0.005985
-0.008766
-0.005402
0.000000
-0.005212
-0.016320
-0.008995
-0.003573
0.182027
-0.015401
-0.000903
-0.007960
-0.006005
-0.004046
0.007030
-0.004844
-0.005810
0.002837
-0.011271
0.015375
-0.002691
0.020578
-0.005272
-0.003754
-0.012379
-0.007767
-0.004565
-0.000561
0.019532
-0.001328
0.008936
0.001988
-0.018552
0.027282
-0.016630
-0.014746
0.105919
-0.006535
-0.001903
-0.007182
-0.010473
-0.007235
-0.009512
0.000468
0.007722
-0.014317
0.220710
0.008889
0.038412
-0.000329
0.009403
-0.002044
0.002440
-0.021935
0.006478
-0.014873
0.009620
0.003531
-0.016854
0.006792
-0.009721
-0.013624
-0.002234
-0.009263
-0.003883
-0.018273
-0.010698
-0.015854
-0.005826
-0.012796
-0.014172
-0.008717
-0.002978
-0.028582
-0.011367
-0.019016
0.046059
0.013642
0.001585
0.050554
-0.020351
-0.016799
-0.002864
0.000088
0.001053
-0.000162
0.029872
0.001999
0.008310
0.012130
0.018111
-0.006114
-0.017495
-0.004479
0.016324
-0.013171
0.002744
-0.013442
0.027867
-0.003677
-0.016056
-0.001262
0.010368
-0.027292
-0.002252
0.042019
-0.013242
0.036812
0.009729
-0.019965
-0.011073
-0.031972
0.005742
0.014752
-0.012998
-0.027270
-0.010819
-0.003658
-0.003002
-0.020099
-0.005080
-0.005449
-0.006481
-0.008727
-0.018651
-0.029144
-0.006188
-0.016318
0.027784
0.015606
0.010380
-0.006553
-0.009954
-0.001565
-0.006418
-0.014646
-0.007345
-0.027880
-0.004483
-0.012623
-0.033965
-0.010412
0.014377
0.014862
-0.004532
-0.024534
-0.009604
0.025995
0.007766
0.006479
-0.018113
-0.004055
0.010269
-0.005884
0.041972
0.010143
-0.020013
-0.003643
0.002165
-0.007295
-0.015584
0.003325
-0.003102
-0.008670
0.019696
0.039211
-0.013062
-0.000443
-0.010403
-0.012113
-0.008160
-0.007089
-0.000305
-0.010671
-0.007671
-0.005016
0.001557
0.015502
-0.001545
-0.025687
0.027942
-0.039561
0.002296
-0.018420
-0.003951
-0.010949
0.134535
-0.001480
-0.005336
-0.003880
0.005967
0.003479
-0.011556
-0.002798
0.001084
-0.008532
-0.013057
0.004999
-0.001874
0.006522
-0.002771
-0.006515
0.005410
-0.025788
-0.001320
-0.011328
-0.006723
-0.008064
0.012115
0.001604
0.005223
-0.001875
-0.018471
-0.002890
0.000558
-0.009327
-0.005851
-0.015580
0.220812
-0.016265
-0.004305
-0.015713
0.007686
-0.002013
0.015593
0.036064
0.073582
-0.006712
-0.011338
0.006071
-0.011629
0.028693
-0.008088
-0.029907
-0.026539
-0.006372
-0.006332
-0.013799
-0.013337
-0.011493
-0.010053
-0.018416
-0.009177
-0.008638
-0.008869
-0.008255
-0.011170
-0.006584
-0.011577
-0.007938
-0.005210
-0.000224
-0.012870
-0.014162
-0.012900
-0.000292
0.055787
0.025652
-0.004841
0.013158
0.002292
-0.014282
-0.017098
-0.007679
-0.010204
0.012434
0.009269
0.002711
-0.010581
-0.009589
0.012269
0.007246
0.008907
-0.005259
0.002836
-0.003853
-0.013006
0.004194
0.004181
-0.001231
0.006220
-0.009082
-0.013540
-0.003466
0.059768
-0.013993
0.000004
-0.007589
-0.010317
0.006632
-0.024847
-0.022144
0.005627
-0.008099
-0.002632
-0.008973
-0.046038
0.016277
-0.009433
0.003072
-0.030441
0.009361
0.002913
-0.004288
-0.014913
-0.013161
-0.002704
-0.005767
-0.014472
-0.010704
-0.016579
0.041134
0.026434
-0.006632
-0.014566
-0.025998
0.001205
-0.015152
-0.007524
0.004607
-0.003127
-0.004653
0.002337
0.000617
-0.006350
-0.008241
-0.014243
-0.006240
0.002228
-0.022396
-0.010251
-0.013375
0.015540
-0.013536
-0.010562
-0.000518
0.003536
-0.000846
0.037846
-0.017966
0.149669
0.057788
0.016142
0.023893
-0.006970
-0.015798
-0.003584
-0.019725
0.021961
-0.012998
-0.004972
0.003595
-0.018947
-0.005826
-0.023551
-0.006178
-0.006450
-0.033629
-0.002985
0.001475
0.003601
-0.008164
0.002840
-0.022161
-0.015832
0.002487
0.005951
-0.002000
0.005487
-0.010559
-0.008141
0.018205
-0.017307
0.000094
-0.011531
0.001294
0.001745
-0.011312
-0.018883
-0.010486
0.006718
0.093433
0.048264
-0.025274
0.016780
-0.017206
-0.005970
-0.005937
-0.008138
0.007716
0.015722
-0.005699
-0.006595
0.001690
-0.007823
0.024662
-0.009542
0.008326
0.005595
-0.001412
0.003257
-0.021296
0.012460
-0.002141
-0.009334
0.015170
0.003538
-0.001776
-0.010620
-0.002816
-0.007425
-0.001489
0.000540
-0.013520
-0.007090
-0.000547
-0.015750
-0.005848
-0.004576
0.009669
-0.010945
0.022873
-0.021865
0.000030
-0.003287
0.001152
-0.002028
0.062139
-0.012725
-0.011192
-0.002665
-0.010071
0.002878
0.005523
-0.002883
0.021207
0.009425
0.009120
0.001109
-0.008756
0.001485
-0.009682
0.012762
-0.014011
-0.004165
0.020289
-0.007489
-0.005328
-0.004198
0.001824
0.000361
0.008073
-0.008375
0.006955
0.016344
0.008493
-0.006325
0.000380
0.015985
0.008378
-0.009640
-0.007707
0.012445
0.026014
-0.019439
0.002587
-0.039100
0.028952
-0.005934
-0.002004
-0.012655
-0.014013
-0.006407
0.064388
-0.001191
-0.001689
0.014914
0.000633
-0.013366
-0.018146
-0.010117
-0.004138
-0.010099
-0.004812
0.001278
-0.009903
-0.003755
-0.002619
-0.012122
0.389175
0.091905
0.170604
-0.005884
-0.018971
-0.008797
0.013355
0.117619
-0.007314
-0.001911
-0.002335
0.000000
-0.036364
-0.006043
-0.047672
-0.016933
-0.013160
0.001172
0.004815
-0.003785
0.040436
0.091328
-0.007417
-0.020163
0.012424
-0.006786
0.072668
-0.003412
-0.001502
-0.024985
-0.011765
-0.002121
-0.000410
-0.013888
0.013935
0.018173
-0.002510
-0.000247
-0.028529
-0.006984
-0.011502
0.007813
-0.010295
-0.006528
-0.018347
-0.001014
-0.023640
-0.017565
-0.012617
0.001985
-0.017137
-0.007125
-0.017385
0.000544
0.093389
0.267401
0.025218
-0.013231
-0.007594
-0.018531
0.005946
0.004437
-0.008793
-0.023769
-0.003204
0.057933
-0.003010
-0.002354
-0.022476
-0.002644
0.005199
-0.003189
-0.012094
-0.014527
-0.011054
-0.013001
-0.009888
0.020315
-0.003953
-0.000386
-0.001296
0.012874
-0.016248
0.004647
-0.008346
-0.007164
-0.004285
0.023078
-0.004759
-0.005432
0.084181
-0.003998
-0.001878
-0.000008
0.012283
-0.013814
-0.015291
0.015329
-0.015688
-0.000501
0.001887
0.010994
-0.005559
-0.016295
0.013631
-0.003805
-0.005088
0.005404
-0.009469
-0.015537
-0.020924
-0.007625
-0.004501
0.001746
-0.002249
0.012931
0.004174
-0.001378
-0.003446
-0.006961
-0.007650
-0.002221
-0.003545
-0.014786
-0.005062
0.000614
0.004000
-0.002563
-0.001874
-0.002477
0.010140
-0.010786
-0.008356
0.008687
-0.006409
-0.000857
-0.001811
-0.001870
-0.009789
-0.002936
-0.013574
-0.027214
-0.005959
-0.014172
-0.009224
-0.008358
-0.005740
-0.011375
-0.014414
-0.009636
0.001679
-0.006033
-0.003818
-0.014297
0.073265
-0.018699
-0.012772
-0.025638
-0.004501
-0.005180
-0.013128
-0.009635
-0.007125
-0.012935
-0.017599
-0.001568
-0.017160
-0.002238
-0.021389
0.002225
-0.028615
0.004761
0.353511
-0.027194
0.222307
0.008989
0.002525
0.049654
-0.003797
-0.008220
-0.001277
-0.002398
-0.011727
-0.017401
-0.009015
-0.004856
-0.005513
-0.004623
-0.000913
0.006933
-0.017959
-0.015539
0.014514
-0.006751
0.003455
-0.026096
0.008967
0.024107
-0.000145
-0.012763
-0.000398
-0.010949
-0.026100
0.022559
-0.005699
-0.004817
0.041678
0.018995
-0.008239
-0.006699
-0.000417
-0.008238
-0.015429
-0.009024
-0.003739
-0.006389
0.002403
0.002707
-0.015470
-0.002451
-0.006447
0.004063
-0.008024
-0.014909
0.013539
0.003418
-0.006613
-0.005448
-0.006359
0.020969
0.010709
0.018977
-0.009500
0.005627
0.001579
-0.013317
-0.014911
-0.012555
-0.002768
0.014943
-0.025909
-0.003896
-0.004536
-0.010005
0.003807
0.059134
-0.023540
0.000534
0.015334
-0.010862
0.003032
-0.000397
0.021296
-0.011902
0.012337
0.008452
0.010363
0.010654
-0.011514
-0.013648
-0.006910
-0.013245
-0.003458
0.003552
0.001483
-0.000306
0.001364
-0.011088
0.017263
-0.010870
-0.011140
0.004604
-0.005451
0.002700
-0.014800
-0.001161
-0.006751
0.023163
-0.011731
-0.004643
-0.000205
-0.013076
0.002934
-0.010659
-0.002223
-0.015513
-0.008868
-0.000904
-0.005923
-0.022157
-0.019962
-0.015624
-0.034578
-0.012603
-0.005134
-0.010178
-0.014484
0.010751
-0.025390
-0.012809
-0.014319
-0.026011
0.004046
-0.001638
-0.019097
0.002776
-0.003399
-0.021094
-0.009336
-0.007425
-0.007023
0.002771
-0.024521
-0.009562
-0.019043
-0.007261
-0.001602
-0.004029
-0.004664
-0.007999
-0.013169
-0.020459
-0.003075
-0.011546
-0.015570
-0.005128
-0.016059
-0.003501
-0.007018
0.036393
0.069820
-0.023645
0.003011
0.003460
-0.012779
0.023304
0.004486
-0.005394
-0.009859
-0.021467
-0.020507
-0.021465
0.017867
-0.004788
-0.006823
-0.000354
-0.032894
-0.017563
0.004180
0.002627
0.002011
0.002403
0.001858
0.000000
0.019730
-0.002645
0.020715
-0.017909
-0.005909
-0.006383
-0.004313
0.000594
0.017673
-0.005702
0.003098
0.000000
0.002744
-0.004588
0.000000
-0.007946
-0.004699
-0.001369
-0.004934
0.023183
-0.002298
0.009080
0.009400
-0.019711
-0.015515
-0.007338
0.001254
0.002195
-0.019687
-0.027849
-0.005925
-0.001336
-0.001679
-0.004820
-0.012853
-0.020592
-0.010530
0.001298
-0.016532
-0.006955
-0.004325
0.002294
-0.002055
-0.007154
-0.008176
-0.000449
0.000703
0.000248
-0.021533
0.001306
0.005666
-0.000033
-0.006895
0.000000
0.001208
-0.005272
0.009851
-0.006586
-0.017520
-0.000242
-0.026854
-0.001298
-0.003032
-0.012619
-0.002934
0.010442
-0.019626
0.019475
-0.041830
-0.022046
-0.009518
0.004159
-0.003789
0.001164
-0.011313
0.010197
-0.008181
-0.020048
-0.005997
-0.023932
-0.016806
-0.009928
-0.017503
-0.004374
-0.020160
0.038123
0.008402
-0.007487
0.224148
-0.010681
0.010964
-0.000020
-0.010453
-0.002970
-0.019599
-0.011395
0.001651
-0.001123
-0.007388
0.014465
-0.015788
-0.016574
-0.010680
-0.011689
-0.008962
-0.005160
-0.012225
-0.012063
-0.016550
0.010242
-0.012212
0.023370
0.018524
-0.009404
0.001199
-0.011586
-0.000473
-0.003283
-0.003543
-0.009216
0.036473
-0.012335
-0.003958
-0.012172
0.021423
-0.023566
-0.018088
0.000144
0.003269
0.027937
0.004440
-0.007320
0.007052
-0.010545
-0.012322
-0.009012
-0.006939
0.006607
-0.010879
-0.006548
0.014421
-0.004141
0.059247
0.001856
0.000000
0.001782
0.003025
-0.013176
-0.012759
-0.002678
0.017678
-0.007436
0.041670
0.003287
0.022718
-0.012691
-0.010896
-0.003359
-0.013899
-0.000404
0.004373
-0.017307
-0.016833
0.007001
-0.001473
-0.006949
-0.007180
0.026372
-0.009574
-0.006316
0.002968
-0.006419
-0.017958
0.000184
0.003530
0.008986
0.037637
-0.011726
-0.003137
-0.001590
-0.000299
0.078691
0.006424
0.001609
-0.002816
0.008268
0.003859
-0.004826
0.003012
-0.011989
-0.011934
-0.007527
0.018449
0.022284
0.019811
-0.009116
-0.012994
-0.005374
-0.053474
-0.009115
-0.003593
-0.004612
-0.008377
-0.016434
0.001107
0.004513
0.003480
-0.007105
-0.009735
-0.005762
-0.006245
-0.014214
0.011199
0.000920
-0.005801
-0.011853
0.005227
-0.018580
0.004182
0.012955
-0.000048
0.000385
-0.015715
-0.004747
-0.007783
-0.009821
-0.013635
-0.001849
0.000606
0.019654
0.001654
0.019188
0.141855
0.002282
0.019355
-0.010166
-0.001840
-0.001248
0.005864
0.001792
-0.023567
-0.009235
-0.007169
-0.018524
0.019882
-0.006713
0.011914
-0.003094
-0.011946
-0.014790
-0.001378
-0.006231
-0.012577
-0.008815
-0.003102
-0.003087
-0.020168
-0.026180
0.010283
-0.015826
0.003318
-0.006482
0.007108
0.011097
0.004063
-0.012839
-0.010794
-0.001840
-0.015316
-0.001540
0.032787
-0.003965
0.019807
0.010040
0.005737
-0.007093
0.072196
0.019081
-0.020150
0.019999
0.026743
0.003240
-0.004437
-0.297261
0.001949
-0.007839
0.000000
-0.012154
0.086027
0.051305
0.093597
-0.004076
-0.007186
-0.000696
-0.001457
-0.015497
-0.001419
0.000000
0.000000
0.000000
0.006080
0.008789
0.059006
-0.016255
-0.000391
0.006235
0.077874
-0.008102
-0.003438
0.101476
-0.025736
-0.011926
-0.011296
-0.014045
-0.005060
-0.020726
-0.005108
-0.009097
0.000815
-0.008923
-0.002090
-0.004077
-0.005978
-0.007333
0.000000
-0.005504
-0.009869
-0.002915
-0.008473
-0.012833
-0.014710
-0.003252
-0.005914
0.005794
0.008377
0.003890
0.000000
-0.005153
-0.002032
-0.007879
-0.007008
0.003640
-0.013479
0.003206
0.001583
-0.016912
0.013047
-0.002427
0.008639
-0.003223
-0.015382
0.040190
-0.017182
0.001309
-0.014805
-0.031120
0.007699
-0.021855
0.036313
-0.025934
-0.005182
-0.010709
-0.007526
0.002200
0.004438
-0.017115
0.015875
0.001025
-0.012221
-0.000291
0.025033
-0.006531
-0.036689
0.025603
0.032935
0.000000
0.000000
-0.029056
-0.008852
0.011827
-0.017012
-0.016340
-0.007758
-0.001422
0.018333
0.002678
0.001553
-0.025505
-0.004092
0.001280
0.000000
0.019954
-0.001005
-0.003199
0.005686
-0.011101
-0.013673
0.004060
0.000000
-0.020428
-0.002494
-0.034752
0.025220
0.004889
-0.006741
-0.007438
0.002362
-0.009781
0.019699
-0.011433
-0.014239
0.032447
-0.006003
-0.001553
-0.004327
0.003930
0.005938
-0.004834
0.038367
-0.013979
0.013078
-0.001003
-0.001873
0.000000
-0.008092
0.015859
0.006446
0.007544
-0.013642
-0.003871
-0.006501
0.017462
-0.016240
-0.024257
-0.020666
0.002980
-0.004789
-0.008132
-0.018308
-0.001942
0.000000
0.000000
0.000000
-0.015885
-0.003238
-0.002540
-0.009260
-0.000135
-0.018072
-0.037291
-0.019200
-0.018697
0.009621
-0.013945
-0.019506
-0.010878
-0.002478
0.006359
0.001641
-0.019626
0.023703
-0.006922
-0.027304
-0.016491
-0.003192
0.000006
-0.010117
0.005630
-0.006952
0.025062
-0.007742
0.003868
-0.005801
-0.005295
0.004766
-0.009876
0.005180
-0.027120
0.003610
0.004989
-0.010932
-0.000452
-0.004400
-0.004400
-0.009082
0.199754
-0.002097
-0.005853
-0.003683
-0.005255
-0.003230
0.000503
-0.002826
-0.004446
-0.001412
0.004277
0.002354
-0.002516
-0.002343
-0.001649
-0.000585
0.000093
0.000507
0.076357
-0.010912
-0.002137
0.000402
0.000614
0.001197
-0.001243
-0.012962
-0.003813
0.001171
-0.015051
0.001687
-0.004959
-0.008229
0.009702
-0.001542
0.000328
-0.013493
0.012247
-0.002316
-0.018130
-0.033324
0.004322
-0.008404
-0.005884
-0.001987
-0.005512
-0.032504
-0.005976
-0.005614
-0.002247
-0.011419
-0.031514
-0.000552
-0.003347
-0.011538
-0.003260
-0.007693
-0.003958
0.002432
0.001035
0.013319
0.009067
-0.000339
0.010953
-0.003666
0.022731
-0.004517
0.021827
-0.002999
0.000273
-0.002895
0.011589
-0.012630
-0.003667
0.005688
-0.006752
0.017255
-0.019061
-0.003542
-0.003230
0.007547
-0.026079
-0.008536
-0.008209
-0.003660
0.009500
-0.001306
0.020473
0.000745
-0.008186
-0.002055
0.054277
-0.005246
0.022222
-0.024207
0.058766
-0.036414
-0.006122
0.000244
0.025206
-0.008489
-0.017240
-0.019030
-0.007583
-0.012056
-0.019154
0.001505
-0.010380
0.000647
-0.002717
0.000948
-0.012336
0.004730
0.000400
-0.011905
-0.030737
0.016828
-0.010386
-0.003870
0.005245
0.005668
