0.005733
0.000000
0.000000
0.007381
-0.003948
-0.012769
0.001876
0.000000
0.000000
0.000000
0.000000
0.000000
0.000000
0.000000
0.000000
0.000000
0.005219
-0.006805
0.012163
0.000000
0.000000
0.001788
0.000000
0.000000
0.000000
-0.009224
0.002979
-0.009650
0.010690
0.005314
0.024394
0.000000
0.000000
0.000000
0.000000
0.000000
0.000000
0.000000
0.000000
0.000000
0.000000
0.000000
0.000000
0.000000
0.000000
0.000000
0.000000
0.000000
0.000000
0.000000
0.000000
0.000000
0.000000
0.000000
0.000000
0.000000
0.000000
0.000000
0.000000
0.000000
0.000000
0.000000
0.000000
0.000000
0.000000
0.000000
0.000000
-0.000497
0.000000
0.000000
0.000000
0.001091
0.003164
0.000000
0.000000
0.000000
0.000000
0.000000
0.000000
0.000000
0.000000
0.000000
0.000000
0.000000
0.000000
0.000000
0.000000
0.000000
0.000000
0.000000
0.000000
0.000000
0.000000
0.000000
0.000000
0.000000
0.000000
0.000000
0.000000
0.000000
0.000000
0.000000
0.000000
0.000000
0.000000
0.000000
0.000000
0.000000
0.000000
0.000000
0.000000
0.000000
0.000000
0.000000
0.000000
0.000000
0.000000
0.000000
0.000000
0.000000
0.000000
0.000000
0.000000
0.000000
0.000000
0.000000
0.000000
0.000000
0.000000
0.000000
0.000000
-0.006305
0.003456
0.002657
0.003916
-0.004853
-0.000665
0.000000
0.000000
0.000000
0.000000
0.000000
0.000000
0.000000
0.000000
0.001866
-0.038806
-0.006922
-0.000788
-0.007710
-0.005412
0.003385
-0.014386
-0.009322
-0.008875
-0.010876
-0.009872
-0.011731
0.000000
-0.008353
0.016191
0.097000
-0.006338
-0.008142
-0.010017
-0.004545
-0.016521
-0.006018
0.001058
0.001955
0.002377
0.015892
0.016035
0.010109
0.009183
0.012053
-0.014445
0.100939
0.000000
0.001665
0.049367
0.010926
-0.014190
-0.001915
-0.000972
0.000004
-0.014437
0.000000
0.000000
0.000000
0.000000
0.000000
-0.002098
-0.002578
0.000000
0.000000
0.000000
0.000000
0.000000
0.000000
0.000000
0.000000
0.000000
0.000000
-0.008296
0.013286
-0.000509
-0.005336
-0.004487
0.000000
0.000000
-0.012304
-0.004297
-0.012862
0.009836
0.000000
0.000000
0.000000
0.000000
0.000000
-0.002543
-0.010948
0.000000
0.000000
0.053942
-0.020953
-0.019620
0.000000
0.062196
0.016788
0.074697
0.005360
0.001613
-0.001304
0.021558
0.000000
0.005125
-0.001510
0.000000
0.000000
0.000926
0.005963
0.000000
0.006073
-0.002588
0.005107
0.009937
0.000000
-0.009127
0.057862
-0.018199
-0.025252
-0.005076
-0.006197
0.004175
0.000000
0.000000
0.000000
0.000000
0.000000
0.000000
0.000000
0.000000
0.049922
0.000000
0.012855
-0.022463
0.001100
-0.002050
0.000000
-0.009524
0.002101
0.004242
-0.008858
0.000000
0.000000
0.000000
0.000000
0.000000
-0.007298
0.015200
-0.001523
-0.006684
0.005552
0.000000
0.000000
-0.009293
-0.008155
0.000000
0.000244
0.009323
0.021977
0.012076
0.006256
0.000000
0.000000
0.000000
0.000000
0.000000
0.000000
-0.005626
0.036514
0.007244
0.000000
0.000000
-0.024640
0.003021
0.000148
-0.009860
0.052884
-0.014228
0.023171
-0.009481
-0.002746
0.009354
-0.010488
-0.011304
0.001539
-0.007503
0.000000
0.000000
0.033326
-0.005924
-0.001552
-0.006401
-0.015029
-0.003389
-0.034360
0.002824
0.036694
0.010119
0.000000
0.043413
-0.011708
0.005389
0.002959
-0.006864
-0.014250
-0.006943
-0.010770
-0.003857
-0.016114
0.000000
0.000000
0.005032
0.027658
0.009893
0.014191
0.075157
0.008850
0.025951
-0.010086
0.016253
-0.002059
0.001685
-0.004892
0.009778
0.193687
0.145100
-0.002579
-0.027537
-0.001797
-0.023490
-0.017991
0.008507
0.000000
-0.005661
0.000000
-0.003193
0.000000
0.000000
-0.018204
0.000000
0.000000
-0.010032
-0.009032
0.002758
0.000000
0.002301
0.000000
0.046517
0.021875
-0.020098
0.001548
0.014079
0.362353
0.042036
-0.006444
-0.018058
-0.011736
-0.007485
0.000000
-0.000509
-0.003506
0.004383
-0.007968
0.000138
0.000000
0.023583
-0.010568
0.008902
0.039992
0.020246
-0.017263
0.036979
0.000000
-0.019961
-0.015881
-0.034695
0.000000
-0.015954
-0.002643
0.000000
0.000000
-0.005098
0.000000
-0.010436
0.040727
-0.006345
-0.003556
0.000000
-0.003020
-0.010086
-0.003367
-0.016438
-0.027842
0.004008
0.014296
-0.004964
-0.003552
0.000000
0.122290
0.002401
-0.005578
-0.018039
0.040361
-0.015570
-0.001695
-0.007241
-0.016193
0.005530
-0.018567
-0.004485
0.000000
-0.017485
-0.088779
0.000000
0.000000
-0.055419
-0.004647
-0.012167
0.031137
-0.012491
0.101904
0.002654
-0.008668
-0.016588
-0.015247
0.000000
0.025268
-0.011244
0.014436
-0.017732
-0.020402
-0.021800
-0.005670
-0.016054
0.003694
0.000000
-0.009848
-0.008524
-0.014734
-0.008272
0.000000
0.021809
-0.000790
0.000000
0.000000
0.401636
-0.002981
0.014456
0.000000
-0.002693
-0.011677
-0.009853
-0.010995
-0.035546
-0.017393
0.005267
0.007053
0.000659
-0.016381
0.012335
0.003361
-0.003418
0.058383
-0.006837
-0.005077
-0.000456
0.000000
-0.006278
-0.011756
-0.008354
-0.002248
-0.014117
-0.013518
-0.015592
-0.010750
0.002219
-0.010258
0.015393
0.000000
0.000000
0.017263
-0.002000
-0.010986
-0.014116
-0.003685
-0.015043
0.023334
-0.016570
0.008673
-0.002367
-0.003757
-0.004694
0.020306
-0.014801
0.000305
-0.007611
0.007021
0.000000
0.001834
-0.001750
0.000000
0.009810
0.000000
0.000000
0.000000
0.000000
0.018441
-0.018567
-0.005808
-0.121723
0.000000
0.000000
0.000000
0.015155
-0.000911
-0.009018
0.006607
0.099883
0.009954
0.013965
-0.025747
-0.013360
-0.007196
-0.012651
0.012564
0.020837
-0.007405
-0.016649
-0.009375
0.000000
0.000000
0.000000
0.035739
-0.000528
0.055157
-0.002853
-0.003558
0.000000
0.000000
0.000000
0.000000
0.000000
0.008231
0.007581
-0.003649
-0.010990
0.000000
-0.008501
-0.014593
0.010492
0.068940
-0.013349
-0.012296
-0.010714
0.000000
-0.003523
0.036760
-0.000304
0.027502
-0.000373
0.009919
-0.024061
-0.004680
0.000000
-0.018900
0.000000
-0.014216
-0.022228
0.025565
-0.007630
-0.010181
0.058420
0.060153
-0.007656
-0.008168
-0.006724
-0.009885
0.000000
-0.001963
-0.034337
-0.004464
-0.008280
-0.011390
0.018245
-0.010841
-0.004948
-0.008333
0.005196
-0.009707
-0.040100
-0.009503
0.003628
0.021904
0.027596
0.002797
-0.004304
0.004535
-0.019832
0.000000
-0.015243
0.000000
0.000000
0.000000
-0.012840
0.009350
-0.001268
-0.015396
-0.001352
0.000913
0.043697
0.000000
0.000000
-0.011407
0.000000
0.000000
0.018350
-0.009546
-0.001424
-0.020541
0.000000
-0.021124
0.000000
0.000000
-0.013532
-0.028973
-0.013688
0.039260
0.069526
-0.004377
0.002311
0.005687
-0.008777
0.000000
-0.007809
-0.003883
-0.014470
-0.004416
-0.024566
-0.001944
0.000000
0.000000
0.000000
0.000000
0.000000
0.000000
0.000000
0.000000
0.000000
-0.002986
0.000000
0.000000
0.000000
-0.007556
0.007200
-0.028771
0.000000
0.000000
0.000000
0.000000
0.000084
0.000000
0.000000
0.000000
0.000000
0.000000
0.000000
0.000000
0.000000
0.000000
0.000000
0.000000
0.000000
0.000000
0.000000
0.000000
0.000000
0.000000
0.000000
0.000000
0.000000
0.000000
0.000000
0.000000
0.000000
0.000000
0.000000
-0.002950
0.000000
0.002521
0.000000
0.000000
0.000000
0.008727
-0.006669
0.000000
0.000000
0.000000
0.000000
-0.022046
0.004450
-0.005677
-0.003364
-0.006916
0.001874
0.005141
0.000000
0.003556
0.000000
0.000000
0.000000
0.000000
0.000000
-0.005423
0.000000
-0.019326
-0.007433
-0.012846
-0.015660
-0.009147
0.000000
0.000000
0.000000
0.000000
0.000000
0.000000
-0.011529
0.000000
0.000000
0.000000
-0.016022
-0.009381
0.005798
0.026384
-0.021578
0.002115
0.024149
0.064855
-0.002067
0.000000
0.000000
0.012412
-0.007879
-0.010942
-0.002988
0.043877
0.071012
0.001533
-0.015545
-0.006182
-0.008496
-0.008596
-0.036642
-0.010548
0.012386
-0.002907
0.082626
-0.005279
0.009822
-0.008760
0.004200
-0.001366
-0.012752
0.000000
0.045669
0.004211
0.000000
0.000000
0.000000
0.001506
-0.008735
-0.008520
0.000000
0.000000
-0.004080
-0.005486
-0.023514
0.016573
-0.006570
0.000000
-0.002150
0.000000
0.006604
0.000000
-0.002422
0.001478
-0.008043
0.005565
-0.017479
0.000000
-0.009665
-0.012059
0.000271
-0.013318
0.003699
0.000000
0.000000
0.000000
0.000000
0.025713
0.000000
0.000000
0.000000
0.034841
0.042795
0.018267
0.000000
0.005045
-0.007192
-0.000045
0.000000
-0.012143
-0.004333
-0.006435
0.009768
-0.004504
0.080984
0.008000
-0.042927
-0.199975
-0.031392
-0.015251
0.007213
0.010539
0.013908
0.081642
0.000000
-0.022904
0.008728
-0.002726
0.000644
0.000000
0.000000
0.000000
0.000000
0.000000
-0.004598
0.019218
-0.024532
-0.022978
0.000000
-0.016181
-0.014894
-0.007533
-0.017816
0.014286
0.049845
-0.017136
0.014856
-0.010828
0.004208
0.000000
0.000000
0.000000
-0.163265
-0.019052
-0.010687
0.000000
0.000000
0.001142
-0.003634
-0.339087
0.000000
0.000000
-0.019864
-0.013942
0.002960
-0.004465
0.000000
0.000000
-0.017669
0.010184
0.000000
0.000000
0.000000
0.000000
0.000000
0.000000
-0.016983
0.000193
-0.017636
0.000000
-0.019434
0.028662
0.026325
0.032420
-0.003989
-0.003347
0.023562
0.029417
0.000000
-0.015252
-0.003997
0.000801
0.000000
0.001190
-0.007769
-0.015302
-0.003771
0.007028
-0.004803
-0.006611
0.000000
-0.011492
0.000851
0.000000
-0.012797
-0.006360
-0.018939
0.163221
-0.011010
-0.009424
-0.002760
0.030887
0.000000
0.000000
0.000000
0.000000
0.000000
0.000000
0.000000
0.000000
0.000000
0.000000
0.000000
0.002815
-0.018020
0.000000
0.000000
-0.004884
-0.003022
0.017863
-0.007288
0.000000
0.000000
0.000000
0.000000
-0.007384
-0.005136
0.000000
-0.005819
-0.009560
-0.004860
-0.020680
0.006089
0.000000
0.000000
0.000000
0.000000
-0.010964
0.017750
-0.001937
-0.008252
-0.000613
-0.009313
-0.008923
0.000000
0.000000
0.000000
-0.003114
0.008046
0.000000
0.005660
0.000000
0.005964
-0.008219
-0.008409
0.026006
-0.008665
0.004194
0.026429
0.000000
-0.018381
0.021217
-0.001232
-0.009352
0.000000
-0.021624
-0.005129
-0.012486
-0.009260
0.002423
0.000000
-0.008328
-0.023136
-0.008838
-0.012148
-0.016322
-0.008001
0.001330
-0.005167
-0.007525
-0.003337
-0.011270
-0.004518
0.000000
0.011540
-0.003067
-0.009028
-0.010298
0.051015
-0.007407
-0.006859
-0.014568
0.008687
0.000000
0.003021
-0.008676
-0.010274
-0.006972
0.009570
0.020422
-0.012532
-0.011525
0.011314
-0.004259
0.131909
-0.017298
0.005719
-0.004869
-0.014851
-0.014925
0.022946
0.004763
0.009529
0.000000
0.000000
0.000000
0.000000
-0.013998
0.009074
-0.007240
0.010028
0.078115
0.034617
0.003188
0.000000
-0.005064
0.039248
0.000360
0.036304
0.007570
-0.012304
0.062529
0.027864
-0.014717
-0.000129
-0.012766
0.054660
0.116714
-0.009405
-0.008849
0.000301
0.101124
0.022187
0.000000
-0.010073
-0.000420
-0.013154
-0.004399
0.000532
0.000000
0.001245
-0.003524
0.028411
-0.014600
-0.005765
-0.008225
-0.020016
0.000000
-0.002328
-0.029297
-0.016710
-0.021239
-0.028422
-0.007580
0.002349
0.000000
0.000000
0.000000
0.000000
-0.003759
0.003790
-0.001792
0.005506
-0.007658
0.000043
-0.014163
-0.012701
0.011754
0.275262
0.092762
0.012017
-0.002021
0.000000
-0.002284
0.000000
0.003063
0.072135
0.007966
0.000000
-0.006857
-0.015410
-0.005529
-0.007229
0.002802
0.002381
0.049012
-0.021777
0.005548
-0.000181
-0.013819
0.002701
-0.018496
-0.001873
0.039957
0.015662
-0.016218
0.000000
0.000000
-0.015967
-0.014583
-0.000094
-0.002718
-0.006235
0.000000
0.092315
0.005703
-0.007731
-0.015477
-0.008472
-0.006607
-0.000749
0.012505
0.022711
-0.019055
-0.006880
-0.014821
-0.016017
0.002627
0.056373
-0.008966
0.004339
0.068453
-0.002714
-0.006986
-0.011170
0.107044
0.000000
-0.012565
0.006877
-0.020967
0.029741
-0.004134
-0.001515
-0.004310
0.000000
-0.014825
0.000000
0.000000
0.000000
0.000000
0.000000
0.000000
0.000000
-0.007547
-0.008318
-0.003979
-0.012790
-0.006873
-0.007015
0.000000
0.000000
0.009075
-0.000042
0.000000
-0.010690
0.000335
0.000000
-0.016602
-0.009735
0.134597
-0.009165
0.006652
0.000000
-0.010706
0.021933
0.000000
0.000000
0.000000
0.000000
0.000000
0.000000
0.000000
0.000000
0.000000
0.000000
0.000000
0.000000
0.000000
0.000000
0.000000
0.000000
-0.011764
-0.008289
-0.003701
-0.013963
-0.017523
-0.007198
-0.010653
0.009850
0.028158
-0.004423
0.007148
0.006965
-0.010620
0.004068
-0.017170
0.027804
0.000000
0.010241
0.000000
-0.003444
0.008763
0.000000
0.000000
0.000000
-0.007792
0.000000
0.000000
0.000000
0.000000
0.002241
0.000000
0.135353
-0.001787
-0.018293
0.000000
0.000000
0.000000
-0.004013
-0.024238
-0.023737
0.000000
-0.002625
-0.012923
-0.004395
-0.009229
-0.010923
-0.008124
-0.017678
-0.019327
-0.009988
0.000000
-0.016529
0.010598
0.000000
0.000000
0.000000
-0.012812
0.018568
0.004709
0.000000
0.010752
-0.009102
0.000000
0.002128
-0.006945
-0.007278
-0.005458
-0.011634
0.000000
0.000000
-0.008406
-0.001280
-0.027784
0.000000
-0.007288
-0.018092
-0.002690
0.000000
0.000000
0.000000
0.001212
-0.006088
0.000078
-0.017423
0.014764
0.000000
-0.005754
0.505807
0.000000
0.000000
0.000000
-0.002517
0.000000
0.062534
0.003666
-0.011019
0.000000
0.000000
0.000000
-0.001380
0.017759
0.001168
-0.010337
0.002272
0.061099
0.069685
-0.003674
0.000000
0.009157
-0.026065
-0.014674
0.021594
0.000000
0.000000
-0.006350
0.018776
0.001186
0.000000
0.010984
-0.012006
-0.009163
-0.001778
0.008060
0.000000
-0.024944
0.004148
0.006056
-0.015521
-0.007634
0.000000
0.000000
0.000000
0.000000
0.000000
0.000000
0.000000
0.000000
0.020718
0.012672
-0.015035
-0.001088
0.000000
0.000000
0.000000
-0.012461
0.000196
0.000000
0.000000
0.000000
0.000000
0.000000
0.000000
0.000000
0.000000
-0.003835
-0.000555
-0.008165
-0.007633
0.000000
0.000000
0.000000
0.000000
0.000708
-0.010487
0.019110
-0.016458
0.010755
-0.001970
0.000311
0.032696
0.036346
0.002080
-0.016839
0.000000
0.000000
0.000000
0.000000
-0.007488
-0.010105
-0.062606
-0.005578
0.003912
0.004699
0.014361
-0.003920
0.001976
0.008624
-0.001053
0.004980
-0.000807
-0.005524
0.004813
0.037417
0.039765
0.051737
0.012105
0.028781
-0.005403
-0.005788
0.012862
0.001119
-0.012188
-0.004264
0.015109
0.022104
0.015270
