0.001524
0.000450
-0.002279
-0.001446
0.004091
0.001508
-0.012808
-0.019178
-0.021093
0.032065
0.004530
0.094630
-0.003998
0.003780
0.004918
0.010271
-0.002052
0.008354
0.002768
-0.009194
-0.009220
0.002700
-0.007975
-0.013324
0.034656
-0.000062
0.005555
-0.001560
0.005612
-0.001878
0.002298
0.074237
0.002532
0.004675
-0.000819
0.013339
-0.002543
0.003416
-0.001214
0.013272
-0.009683
0.001099
-0.000756
-0.011518
-0.017228
-0.007217
0.000158
-0.010178
-0.002567
-0.012646
0.014417
0.002789
-0.005722
0.000257
-0.011084
-0.007003
0.002265
-0.012701
0.003993
-0.016316
-0.010604
-0.014134
-0.009370
-0.007085
-0.001031
-0.001070
-0.010713
-0.012000
0.007749
-0.030441
-0.003991
-0.017632
-0.017684
-0.010888
-0.007515
0.015484
-0.013321
-0.019270
-0.002778
0.001726
-0.001360
0.003240
0.006082
-0.006574
-0.006042
0.004703
0.008185
-0.008774
-0.001819
0.002053
-0.006331
0.057349
0.004969
-0.012586
-0.011226
0.008439
0.017382
0.025347
0.023313
-0.016655
-0.000758
0.004156
0.002993
-0.003299
-0.011586
0.001166
0.000243
0.023278
-0.006782
-0.000850
0.003036
-0.003756
-0.008442
0.016908
0.002093
0.001674
-0.010527
0.028719
0.007548
-0.014073
-0.010431
-0.006235
0.001834
0.001260
0.015718
0.014169
0.014526
0.027962
-0.027885
0.002245
0.004040
-0.008084
-0.015393
0.019629
-0.005349
-0.019267
0.000955
-0.023986
-0.009152
-0.017545
0.012042
-0.038778
-0.002591
0.045853
0.003968
0.010258
0.025063
0.000000
0.003702
-0.002201
0.033339
0.000000
0.025892
-0.007338
-0.019465
-0.004052
0.018331
-0.010177
-0.005877
-0.031601
-0.001089
0.001280
0.003469
-0.005035
0.002794
-0.033529
-0.002529
0.018680
-0.008567
0.009530
0.087540
-0.015032
-0.009232
-0.004143
0.017729
0.003723
0.031979
0.000886
-0.032501
-0.001675
0.000000
0.000000
0.005999
0.005725
-0.012959
-0.009386
0.024709
0.012624
-0.024380
0.002358
-0.025346
0.000000
0.000000
0.000000
0.000000
0.000000
-0.009015
0.000000
0.000000
0.000354
0.002722
-0.020831
-0.003502
0.002213
-0.004225
0.013582
0.022973
-0.003031
-0.006613
-0.002512
-0.032338
-0.003624
-0.012577
0.003937
-0.021794
0.002233
0.024132
-0.010180
0.019016
0.002723
-0.001824
-0.008729
0.009174
-0.014166
-0.004811
-0.014734
-0.008844
0.048196
0.011665
-0.023736
-0.021920
-0.002931
0.014656
0.037225
0.112542
0.085587
-0.014570
-0.004474
-0.014137
-0.021430
-0.025272
0.198155
0.066711
-0.007291
0.000421
0.007495
-0.007155
0.012901
-0.008887
0.008091
0.003193
0.005081
-0.002706
-0.013306
0.009061
-0.012350
-0.016380
0.003433
-0.002747
0.000735
-0.011453
-0.015052
-0.004171
-0.012105
-0.001628
0.000377
0.003086
-0.004477
-0.006698
-0.020575
-0.063760
0.021692
-0.013579
0.004916
-0.020357
0.000000
-0.017023
-0.010973
-0.003160
-0.000003
-0.007158
-0.006049
-0.015138
0.006481
0.018068
-0.019122
-0.011073
0.002233
-0.011691
-0.001473
-0.011023
0.001169
-0.014779
-0.004386
0.005125
-0.017958
0.007560
0.018009
0.001546
-0.003612
0.006843
-0.004445
0.005854
-0.017647
0.077107
-0.001603
0.060447
-0.035947
-0.017563
-0.008857
-0.013015
0.000000
-0.005983
-0.003876
-0.000912
-0.038280
-0.001238
-0.010336
-0.002097
-0.024223
-0.006965
-0.009196
-0.003539
0.004148
-0.019836
-0.027154
0.008466
0.002982
0.017833
-0.001982
0.017982
-0.005479
-0.020573
0.037248
-0.005015
-0.028831
-0.008933
-0.011559
-0.010344
0.064665
0.019629
-0.002580
0.021645
0.010544
0.004752
0.000565
-0.020068
0.029421
0.016247
-0.003131
-0.008578
-0.030986
-0.008537
-0.012688
-0.042069
-0.036033
0.055373
0.014757
0.002980
-0.027901
-0.006707
-0.018819
0.006124
0.004063
0.003953
-0.002189
0.000000
0.005841
0.008423
-0.001779
-0.001878
-0.002934
0.002525
-0.012494
-0.001681
-0.045870
-0.002220
-0.005619
0.045752
-0.008379
-0.011386
0.005495
-0.009953
0.031419
0.003663
0.070493
0.013506
0.036288
-0.020555
-0.012856
-0.003947
0.005875
0.000654
-0.009769
0.000962
-0.064775
-0.002216
0.022236
0.003194
-0.001770
0.007167
-0.003189
0.001486
0.001787
0.013708
-0.004706
0.010693
-0.006669
0.009310
-0.018076
0.007847
-0.003631
-0.021073
-0.017493
-0.008924
-0.010071
-0.020813
-0.006227
-0.012539
-0.009235
0.044921
0.006710
0.013270
0.031061
-0.006173
-0.002686
-0.023060
-0.016379
-0.019079
-0.000003
-0.012989
0.000424
-0.026670
0.001631
-0.005045
-0.032942
-0.002860
-0.005306
0.046046
-0.010842
-0.011380
-0.034522
-0.008342
-0.029493
0.002308
0.006484
-0.019411
-0.014090
-0.015610
0.038861
-0.015241
-0.017244
-0.006173
-0.019880
0.015924
-0.020661
-0.001137
0.016397
-0.003124
0.002171
-0.000719
-0.005983
-0.002024
-0.029203
-0.010781
-0.006343
0.007404
0.077872
0.007267
0.003644
-0.024744
-0.027081
0.000735
-0.014467
-0.014964
-0.018352
0.026999
0.023108
0.020467
-0.003504
0.000268
0.001692
-0.010318
-0.012158
0.025994
0.022231
0.003818
0.005939
-0.000338
-0.034234
0.009930
0.011435
-0.011228
0.000854
0.014478
0.030079
-0.005970
0.001904
-0.010157
-0.003508
-0.003904
-0.028206
0.006443
0.033955
0.045068
-0.018372
0.004598
-0.021732
0.010146
-0.002140
-0.007664
-0.018932
0.030156
-0.013190
-0.007795
-0.006497
0.033689
-0.015078
0.122971
0.008939
0.001598
0.003826
-0.026581
0.017502
0.003118
-0.017458
0.002241
-0.017789
-0.032428
-0.026944
-0.013575
-0.009402
0.008253
0.002188
0.024196
-0.010908
-0.001004
0.185756
-0.041835
-0.007782
0.000448
-0.007644
-0.020386
0.064253
0.007498
-0.015152
-0.021394
-0.019040
-0.015658
-0.002895
-0.008223
-0.015712
0.033812
0.161715
0.011768
0.005137
-0.010733
0.009692
-0.017287
0.034176
0.008650
-0.014550
0.024032
-0.021012
-0.005119
-0.019924
-0.004172
0.006904
0.002428
-0.003114
-0.009983
-0.040426
0.011845
0.025484
0.001815
0.000010
0.013703
0.062750
-0.001468
-0.004603
-0.011424
-0.002359
0.029117
-0.009163
-0.004717
-0.011189
0.010146
0.022855
0.036184
-0.002589
-0.012045
0.004870
-0.026819
-0.011095
-0.025367
0.022970
0.016309
0.004656
-0.013502
-0.004600
-0.011325
-0.003889
-0.002875
-0.018068
-0.018981
-0.008913
-0.026228
-0.004647
-0.005652
0.014427
0.070449
-0.017785
0.020476
-0.003117
0.001524
0.027984
0.034128
0.000495
-0.037719
-0.016654
-0.006271
-0.002704
0.008584
0.007437
-0.032228
0.014036
0.004800
-0.028281
-0.004365
-0.009609
-0.001299
-0.008466
0.003350
-0.002420
0.029279
0.001767
0.021829
-0.005868
0.049567
-0.022058
0.005531
-0.008371
0.000918
-0.016367
0.010981
-0.009642
-0.003323
-0.011276
-0.010789
-0.007128
0.027118
0.022542
-0.004718
-0.006043
-0.016792
-0.011844
0.001582
-0.014165
-0.012080
0.003373
-0.013088
0.004609
0.001841
-0.007420
-0.006977
0.004838
0.000135
-0.027272
-0.008165
-0.009681
-0.005994
-0.006366
-0.031168
-0.007245
0.024365
0.058595
-0.002779
-0.003759
-0.012597
-0.000122
-0.005781
0.000000
-0.013472
0.013715
0.000604
0.008485
-0.013503
-0.073342
-0.001871
0.001233
0.021113
-0.008319
0.000464
-0.003969
0.000117
-0.020381
-0.005297
0.012243
-0.009109
0.002231
-0.000719
0.001002
0.009793
-0.003145
-0.008917
-0.002125
-0.016006
-0.019270
-0.015907
0.005415
0.045988
-0.025922
-0.032553
-0.027091
-0.028272
-0.015317
0.050300
-0.002690
0.096173
-0.047198
0.028996
-0.000543
-0.003543
0.000989
-0.002562
-0.005700
-0.014544
-0.004885
-0.009789
0.026407
-0.020307
-0.030766
-0.020582
-0.010998
-0.009701
-0.018536
-0.001761
0.033640
-0.002703
-0.011402
0.007171
-0.023640
-0.007655
-0.002988
-0.007332
-0.012070
-0.003466
-0.011047
0.044947
-0.011854
-0.013567
0.023082
-0.006578
0.044051
0.018876
-0.008831
-0.026577
-0.025537
-0.032646
-0.008837
-0.002046
-0.001037
-0.049951
-0.002890
0.000976
0.003164
0.016149
-0.006347
0.020522
-0.004392
0.002529
0.003946
0.006528
-0.008202
0.000000
-0.020118
-0.004742
0.011677
0.023223
-0.020184
0.001451
-0.003644
-0.012177
-0.038935
-0.023258
-0.003553
0.001416
-0.000748
0.003723
-0.014185
-0.015625
-0.017525
-0.006295
0.008853
-0.000843
-0.017103
-0.010836
-0.013698
0.026833
0.008313
-0.003854
0.021843
-0.005579
-0.005928
0.026291
-0.025426
-0.000727
0.030778
-0.008196
-0.012819
-0.006910
0.001044
-0.012303
-0.017441
-0.027666
-0.014242
-0.004599
0.025505
-0.000354
-0.004267
0.009171
0.017998
-0.040724
0.001206
-0.017526
-0.004370
-0.014522
-0.005235
0.096747
0.014832
-0.000796
-0.007625
-0.004337
-0.005442
-0.002652
-0.012002
-0.008639
-0.005299
-0.048957
0.000004
0.013315
0.027413
0.034563
-0.008011
-0.005333
-0.016166
0.075056
0.030545
0.012841
0.011124
0.027694
0.007262
-0.020656
-0.002322
0.002740
-0.007158
-0.010577
-0.005400
-0.012661
-0.007485
-0.004107
0.012286
0.002075
0.001925
-0.024259
0.005190
-0.007418
0.001408
0.006053
-0.019915
-0.006791
0.002611
0.031615
0.001108
-0.023054
-0.012234
-0.007717
-0.005323
-0.008461
-0.015227
-0.016938
-0.011897
-0.022994
-0.020860
-0.002272
-0.012790
0.068625
-0.023601
0.001392
0.005443
-0.017353
0.006322
-0.008887
-0.009834
-0.007391
0.019453
-0.014846
-0.023395
-0.010248
-0.023257
-0.007259
-0.001358
0.008734
0.005792
-0.027496
0.016138
-0.006646
-0.002586
-0.019636
0.013630
0.061417
-0.029505
-0.007715
-0.023863
0.001570
0.000000
-0.002156
0.021630
-0.000751
0.016534
-0.002168
-0.004398
-0.009817
0.002970
0.008619
-0.003639
-0.006614
0.010634
-0.008574
-0.011407
-0.010040
-0.002344
-0.007953
-0.014290
0.007175
-0.028969
-0.014521
0.032303
0.009747
-0.002476
-0.005873
0.008183
-0.021959
-0.007531
-0.001403
0.023007
0.005369
-0.008205
-0.011805
-0.011375
-0.016480
-0.019207
-0.009077
0.052990
-0.005758
0.005138
-0.019610
0.019312
-0.025787
0.009022
-0.010553
-0.026170
-0.018020
0.000783
-0.005840
0.009519
-0.024161
0.019505
0.006418
0.002874
-0.010566
0.003072
0.005686
0.030815
-0.009008
0.011190
-0.006292
-0.012334
-0.010929
-0.004012
-0.012890
-0.003047
-0.003195
0.019991
-0.022256
0.015318
-0.020015
-0.002608
0.000840
-0.004981
-0.017966
-0.019497
0.005787
0.004674
-0.038286
0.002737
-0.007255
0.030747
-0.016581
-0.006464
-0.025117
-0.034935
-0.003853
-0.019808
0.003813
-0.009063
-0.016662
-0.002893
-0.010773
0.005157
0.012656
-0.030782
-0.015266
-0.006885
-0.022870
-0.014587
0.085735
0.011978
0.001001
-0.007731
0.022151
-0.011393
-0.030207
0.003215
0.023560
-0.006649
-0.009979
-0.017108
-0.010252
-0.017347
0.003475
-0.007335
0.005660
-0.029510
-0.007336
-0.001147
-0.016696
0.013684
-0.040105
0.002692
0.014843
-0.006361
0.004385
-0.004833
0.002850
-0.010193
0.001552
-0.001398
0.003468
-0.013394
-0.008928
-0.010669
-0.010327
-0.000266
-0.003249
-0.015368
0.000575
0.003554
-0.007202
-0.009077
-0.018759
-0.000963
-0.007716
-0.012776
-0.009689
-0.002039
0.146724
0.022330
0.000000
-0.008544
-0.018839
0.010790
0.040057
-0.028297
-0.010757
-0.001099
-0.007232
-0.011327
0.067162
-0.003481
-0.003588
-0.008249
0.023695
0.006939
-0.007057
-0.019858
0.008571
0.007324
0.056966
-0.032358
0.011310
0.012670
0.000849
-0.028778
-0.008667
-0.010716
-0.009661
-0.025214
0.006220
-0.005569
-0.003449
-0.012081
-0.003625
-0.004298
-0.006627
-0.001874
-0.024021
0.008391
0.000305
-0.023456
-0.004550
-0.009102
-0.000122
0.000000
0.043023
-0.019871
-0.007825
-0.008385
0.013020
-0.006927
-0.007618
-0.010658
0.008432
0.000000
0.003373
-0.002776
0.047951
-0.027985
-0.011734
0.008990
0.026240
0.026775
-0.007182
-0.009607
0.040372
-0.009842
-0.012379
0.004174
-0.026163
-0.006821
0.009382
0.013247
-0.017048
-0.006393
-0.017483
-0.014238
-0.009614
-0.003904
0.010760
0.016056
0.007275
0.018871
0.007513
0.007526
-0.011581
-0.010105
0.006794
0.010085
-0.005650
-0.007314
-0.047506
-0.017374
0.003415
-0.019222
0.016792
-0.012235
-0.027290
0.020018
-0.005226
-0.021313
-0.014106
0.026270
-0.005441
-0.024574
-0.030896
-0.004209
-0.002658
-0.007868
0.000781
0.007119
0.043998
0.012246
0.002236
-0.016163
0.001903
-0.004401
-0.008242
-0.008791
-0.015107
0.001640
0.019694
-0.004876
0.029347
-0.000594
0.000451
-0.007351
-0.014374
-0.037542
-0.011840
-0.034874
0.006961
-0.004076
-0.008256
-0.020004
0.000112
-0.016971
0.007375
0.009073
-0.004074
-0.012094
-0.018411
-0.009297
-0.010989
-0.003313
-0.003717
-0.008838
-0.002949
0.004597
-0.003735
-0.008881
-0.012245
-0.015825
-0.001223
-0.016875
-0.016826
-0.008382
-0.001564
-0.008471
-0.007328
-0.006458
-0.025625
0.014805
-0.006871
0.004404
-0.004163
-0.008996
-0.080340
-0.048051
-0.001712
-0.013254
-0.011847
-0.001818
0.017417
-0.004499
-0.028159
-0.014657
0.005254
-0.019824
0.008616
0.010460
-0.005580
0.012987
-0.027342
0.039099
-0.004345
0.003305
-0.010582
0.000587
0.002757
-0.002094
0.007755
0.010638
-0.008651
-0.011390
0.001060
-0.014754
-0.005949
-0.006032
0.007366
-0.019490
-0.022018
-0.022577
0.112799
0.002817
-0.002145
-0.024237
0.014668
-0.019913
-0.018216
-0.000524
-0.011924
-0.009711
-0.002112
-0.010455
0.000491
-0.003561
-0.037471
-0.000354
-0.005149
-0.009763
-0.012274
-0.013365
-0.002054
0.000963
-0.012536
0.003237
-0.003332
0.002118
0.006134
0.003762
-0.033544
0.065653
0.003765
0.002573
-0.005767
0.080055
-0.022399
-0.015146
0.034683
-0.006225
0.014871
0.011608
-0.025191
-0.014703
-0.013516
-0.024735
0.017805
-0.009910
0.032991
-0.004999
0.006254
0.011486
-0.011962
-0.010059
-0.010944
-0.003282
-0.002877
-0.009295
0.046730
0.008742
-0.007386
-0.003996
-0.010094
-0.005322
-0.002324
-0.003332
-0.017083
-0.022104
0.009289
-0.011117
0.001551
-0.019910
-0.009313
-0.029798
-0.003055
0.005129
-0.017849
-0.028856
-0.018757
-0.021754
0.019886
-0.000333
-0.013037
0.027569
-0.013597
-0.029984
-0.015342
0.000640
-0.020194
-0.014138
0.006365
-0.005760
0.006012
-0.000421
-0.010997
0.002776
-0.035345
-0.013940
0.014048
-0.015718
-0.013272
0.005391
0.019770
-0.014909
-0.027791
0.021564
0.021239
0.004753
-0.003215
-0.003335
-0.016156
0.001961
-0.010629
0.004202
-0.003526
-0.008271
-0.013722
-0.022192
-0.046443
-0.018826
-0.007455
0.004426
-0.002793
0.004998
-0.011621
0.001261
0.002330
0.003356
-0.013538
-0.002798
0.014120
0.035987
-0.023867
0.004992
0.008496
-0.022936
0.006159
0.036926
0.035132
0.005427
-0.030683
0.030972
-0.019067
-0.015646
-0.003698
0.028700
-0.010571
-0.013612
0.045767
-0.016807
0.008317
-0.012278
-0.002299
0.010446
-0.001844
0.009477
-0.011529
0.006941
-0.014550
0.012653
-0.000647
0.001330
0.007810
0.090128
0.025117
-0.007461
-0.022403
0.016119
-0.000688
0.021230
-0.023052
0.007524
-0.011046
0.040041
-0.005840
-0.009909
-0.011305
0.020220
-0.022249
0.054560
-0.002953
0.006782
-0.005550
-0.003412
-0.015094
0.027428
0.009108
0.010441
-0.010261
0.026629
-0.000298
0.023803
0.049217
-0.003166
-0.010604
0.026122
-0.016748
-0.001868
-0.002889
0.058677
-0.007369
0.002179
-0.003772
-0.003239
-0.003223
-0.006454
-0.007017
0.005875
0.018347
-0.026648
0.000484
0.010147
-0.010877
0.010133
-0.006138
-0.009744
0.015972
-0.024968
-0.006488
-0.006762
-0.018205
-0.006116
0.024710
0.006375
-0.002715
-0.016302
0.044453
0.054967
-0.015161
-0.002660
0.010570
0.003408
-0.004910
0.001420
-0.009623
-0.007937
0.004382
-0.001122
-0.036096
0.010493
-0.018648
-0.012486
0.021447
0.011744
0.125311
0.063403
0.049116
0.008998
0.001213
-0.003352
0.062445
-0.002347
0.013556
0.003891
-0.003697
0.016188
-0.008673
0.003083
-0.005649
0.013843
-0.001254
0.003845
-0.046411
-0.012417
-0.002285
0.027587
-0.001333
-0.013346
-0.003748
-0.001776
0.005297
-0.030197
-0.017411
0.010061
-0.002215
-0.008277
0.326383
-0.007442
-0.035719
-0.003722
0.011761
0.005552
-0.007792
0.006940
-0.001593
-0.011393
0.002616
0.004897
-0.019150
-0.016902
-0.010124
0.023349
0.004459
-0.010808
0.014065
0.008451
-0.004688
0.007085
-0.017821
-0.009728
-0.014784
-0.011784
0.003794
0.008662
0.046925
-0.010113
0.019876
0.003370
-0.005900
-0.000508
-0.010685
-0.002893
-0.041061
0.024169
-0.007746
-0.005245
0.001956
-0.110287
-0.015579
-0.000824
0.002772
0.014119
-0.003940
0.000000
-0.003819
-0.019200
-0.008841
0.014769
-0.003335
-0.033546
-0.001427
-0.024013
-0.009396
0.031710
0.011110
0.019964
-0.000793
-0.001730
-0.006323
0.075308
0.006088
-0.003391
-0.002106
-0.002164
-0.002991
-0.031945
-0.008918
-0.008443
0.002035
-0.000002
-0.003568
-0.018375
-0.011844
-0.017473
0.014600
0.002678
0.018547
-0.004291
0.002654
-0.007609
-0.003181
-0.005903
0.019843
0.023020
-0.012378
0.010641
0.002301
-0.008967
-0.010825
-0.002985
0.037666
-0.003051
-0.007310
0.000914
-0.010151
-0.016053
0.001141
-0.008764
0.013228
0.004426
-0.006488
-0.015754
0.016191
0.016547
-0.013222
-0.007779
0.018426
0.048769
0.000114
-0.015012
-0.020346
0.003025
-0.009606
-0.007591
0.035319
0.015280
-0.005759
0.007158
-0.003758
0.010641
-0.001508
-0.000995
-0.009276
-0.004958
-0.022337
-0.024247
-0.015630
0.000226
0.019961
-0.010404
-0.013509
-0.007802
-0.010496
0.001304
0.045476
-0.011533
-0.012028
-0.009972
-0.002643
0.031555
-0.007504
-0.006322
0.002444
-0.003843
0.051532
-0.013054
-0.008804
0.000000
-0.010304
-0.001357
-0.020186
0.008172
0.000000
0.007064
-0.028558
-0.007401
0.012883
-0.021204
-0.001878
-0.019765
-0.006966
-0.012852
-0.013607
-0.002319
-0.000397
0.007280
-0.009929
0.023483
0.011012
-0.005843
0.000406
0.000443
0.007724
0.006345
-0.005006
-0.019420
-0.004099
0.005660
0.000000
0.004710
-0.003646
-0.009390
-0.008422
-0.005371
0.004183
-0.009561
-0.008610
0.007093
-0.006201
0.020806
-0.025004
-0.010109
0.000821
-0.009635
-0.021989
-0.015845
-0.029767
0.017668
-0.002922
0.015179
-0.009510
-0.017750
-0.019241
-0.012909
-0.014935
0.001467
0.017084
0.027026
-0.009858
0.007179
0.002573
-0.005368
0.014364
-0.000147
0.013154
0.042230
-0.005471
-0.012465
-0.023545
-0.007824
-0.002247
-0.008093
0.006908
-0.004059
0.016400
0.007970
-0.017694
-0.000932
0.014313
-0.027654
0.026765
0.008487
0.006909
-0.018816
0.022606
-0.010485
-0.008771
0.062305
0.004412
0.017015
0.008732
-0.011828
-0.020840
-0.011918
-0.011185
-0.034948
0.099230
-0.000077
0.028154
0.096259
0.011808
-0.005011
-0.000662
-0.005275
-0.006469
0.013756
0.013148
0.000450
0.015076
-0.060926
0.015195
-0.041594
0.015579
-0.005501
-0.003025
-0.001139
0.010720
0.003845
-0.008819
-0.054736
-0.006746
-0.001184
-0.043477
-0.028451
0.001834
-0.021616
0.035777
0.004773
0.000000
0.000000
0.000000
0.000000
-0.025048
-0.017495
-0.009567
-0.015222
-0.016274
0.009283
0.003979
-0.008915
0.016596
-0.007217
0.006070
-0.018861
-0.015922
0.018690
-0.004489
0.011377
-0.022040
-0.011972
-0.008163
-0.005581
-0.030163
-0.032761
-0.020071
-0.015408
-0.003255
0.029814
0.024024
-0.034654
-0.015640
-0.017541
-0.004230
-0.011074
0.004440
0.001530
0.004752
-0.008175
-0.013698
-0.002829
-0.016989
0.019440
-0.001027
0.001170
-0.008297
-0.017559
-0.020085
-0.009549
-0.000144
-0.016539
0.002847
-0.015025
0.108973
0.072598
-0.014685
0.050291
-0.022252
0.019851
-0.003162
-0.019141
-0.014444
-0.009917
0.001780
0.001300
-0.031560
0.005679
-0.022736
-0.031685
-0.014645
0.002457
-0.008783
-0.005382
-0.009211
-0.033965
-0.003940
0.000271
0.001275
0.020027
-0.009523
-0.021491
-0.002548
0.016147
0.009624
-0.023225
0.013205
-0.003261
-0.004748
0.002183
0.005006
-0.018328
0.008720
0.004782
0.010873
-0.050484
0.054400
-0.005374
-0.009033
-0.015290
-0.006317
-0.012037
-0.008153
-0.022711
0.005451
-0.007179
-0.007233
0.022054
0.024557
-0.000068
-0.010628
-0.000877
0.000000
-0.003580
0.011640
-0.002526
0.000000
0.004672
-0.025556
-0.004203
-0.025401
-0.024596
0.064618
-0.008584
-0.005915
-0.027967
-0.013550
0.015155
0.004716
0.016917
-0.017354
-0.005728
-0.025329
0.016056
0.044328
0.012409
0.022778
-0.008299
-0.005369
-0.006264
-0.007804
0.005706
-0.009500
0.001241
-0.003405
-0.007679
-0.020850
0.022643
-0.013977
0.006552
-0.023422
-0.026953
-0.006264
-0.004724
-0.014514
-0.007977
0.036928
-0.004256
-0.002414
-0.018136
-0.022831
-0.011204
-0.011843
-0.016891
-0.003579
0.003306
0.001546
0.009880
0.005586
0.001649
0.003010
-0.022252
0.003506
-0.003172
0.000344
-0.003778
0.025372
0.004154
-0.012436
-0.008735
-0.002882
0.004311
0.013451
0.002653
-0.023368
-0.015998
-0.000197
-0.044423
-0.003105
0.006270
-0.016387
0.014159
0.015831
0.005518
0.006985
0.001500
0.042986
-0.031746
-0.005998
-0.002586
-0.017401
-0.015886
-0.011549
0.001362
-0.012433
-0.012690
0.020129
-0.010594
0.028494
-0.025289
-0.013219
-0.003571
-0.016701
0.004506
0.024911
-0.009840
-0.009481
-0.012716
-0.005851
-0.023601
0.016790
-0.010559
-0.006216
0.007953
-0.016540
-0.001713
0.058234
-0.012031
0.004312
-0.006755
-0.027236
0.012672
-0.019144
-0.003458
0.002658
-0.017694
-0.004255
0.013751
0.001694
0.009720
-0.009244
0.001685
0.004239
-0.019542
0.015460
-0.036769
0.008735
-0.002705
-0.022473
-0.013845
0.017059
0.014856
-0.007126
0.002449
-0.011543
0.013578
-0.001395
0.090234
-0.003997
-0.009475
-0.011112
-0.010493
-0.007520
-0.004393
0.005073
-0.003136
-0.010190
0.017182
0.004713
-0.020245
-0.003688
-0.010986
0.013518
-0.001637
-0.002862
-0.026544
-0.017973
0.051611
-0.005151
0.091644
-0.004969
-0.003888
-0.013414
-0.009318
-0.013415
-0.004666
0.014317
-0.009629
-0.000405
-0.019885
-0.007123
-0.002505
0.139724
-0.007373
-0.011491
-0.005047
0.000000
-0.004358
-0.015285
-0.015183
0.004367
0.003465
0.025774
0.037008
-0.009531
-0.017113
-0.024901
-0.032180
0.003915
0.026394
0.000222
-0.007412
0.000000
-0.003314
0.016934
0.003577
-0.005920
-0.010620
-0.006366
-0.003748
0.007182
-0.010977
0.007423
-0.018808
0.008699
-0.012594
-0.035908
-0.001775
0.039796
-0.001407
0.035988
-0.015425
-0.043705
0.069018
0.031686
0.030232
-0.023302
-0.001665
-0.031587
0.031834
-0.006868
-0.009252
-0.000898
-0.016100
0.004556
0.001136
0.000000
0.003233
-0.000036
0.004662
0.021133
-0.016932
-0.000681
-0.016320
-0.006585
-0.021237
-0.006181
-0.045494
0.010046
-0.008577
-0.022275
0.012528
-0.026751
0.019526
-0.021478
0.045292
-0.006698
-0.004903
-0.005986
-0.016805
0.018238
-0.011735
-0.015000
0.006439
0.001598
-0.003401
0.000313
0.009873
-0.007581
0.000065
-0.022308
-0.025532
0.000458
0.007017
-0.012464
-0.006203
-0.012662
0.012383
0.021995
0.011770
0.020374
0.000000
-0.000215
-0.006003
-0.008224
0.006502
0.004150
-0.004029
-0.002254
-0.016520
0.026102
-0.014414
0.088782
0.015072
-0.029882
-0.008927
-0.004692
-0.025269
-0.030175
0.001238
-0.011702
-0.007508
0.043926
-0.005107
0.008700
0.001260
-0.009784
0.020761
0.037849
-0.005337
-0.013845
0.001492
0.000087
-0.006951
-0.000688
0.003445
-0.003863
0.017769
-0.010555
0.009610
0.002448
0.094762
0.013447
-0.013147
-0.000868
-0.037021
-0.010567
0.005537
0.006701
-0.034074
-0.023187
-0.002960
-0.017337
0.006917
0.005644
-0.018012
0.012570
0.012539
-0.004166
-0.026256
-0.007341
0.011160
-0.021762
-0.017014
-0.001190
0.003620
0.010462
0.014228
-0.013464
0.031040
-0.000008
0.005768
-0.022953
-0.011229
0.012171
0.025216
-0.001064
-0.001610
-0.019317
0.017356
0.023387
-0.018909
-0.007397
-0.008433
-0.007159
-0.000585
-0.012895
0.062562
-0.002304
0.006743
-0.020068
-0.003562
0.006898
0.021854
-0.014741
-0.013618
0.000017
0.014197
0.014228
-0.000724
-0.001051
0.004293
0.032963
-0.007890
-0.005032
-0.005755
0.022490
-0.026883
-0.004993
-0.010878
-0.015826
-0.015873
-0.029386
0.001730
0.033270
0.000000
-0.028999
-0.021386
-0.000646
-0.011683
-0.000196
-0.026367
-0.005986
0.040906
-0.003302
-0.000971
-0.006718
-0.008898
-0.024432
-0.003789
-0.014973
0.001742
-0.010801
-0.008404
-0.011604
0.004209
-0.007952
0.003379
-0.014344
-0.003851
-0.003732
-0.006367
-0.018686
0.014896
-0.012823
0.008041
0.070553
-0.006826
0.003059
0.030589
-0.004578
-0.017886
-0.012501
-0.013461
-0.004529
-0.026449
0.003489
-0.011005
0.039066
0.002647
-0.010363
-0.027234
-0.011883
-0.012424
-0.030943
0.007808
-0.012848
-0.014835
-0.007276
-0.000518
-0.007375
0.010719
-0.019673
-0.033496
-0.012673
-0.037892
-0.001215
-0.002194
0.030009
-0.013881
-0.011422
-0.006237
-0.008921
0.063387
0.022844
0.095639
-0.000184
-0.022754
0.001525
-0.012969
-0.004845
-0.011365
-0.002046
0.016099
-0.012533
-0.006405
0.070633
0.005552
0.009286
0.002847
0.020320
-0.041692
-0.071318
-0.004817
0.003985
-0.017876
-0.008601
0.003194
0.019529
-0.002730
-0.027554
0.010998
-0.009151
-0.020951
-0.035397
-0.002354
-0.021834
0.004731
-0.009062
0.031883
0.010922
0.000481
-0.000214
0.002422
-0.016064
0.049740
-0.018199
-0.025260
-0.007354
-0.008154
-0.009673
0.013480
-0.002843
-0.001245
0.008813
-0.027145
0.006686
-0.016085
-0.010027
-0.005825
-0.005314
0.000278
-0.020623
-0.014167
0.003493
0.001718
-0.001517
-0.011538
-0.026295
0.018103
0.002349
-0.003993
0.005491
0.000000
-0.005075
0.016121
-0.023059
0.202218
0.017527
0.000000
0.005298
-0.008826
-0.011349
-0.019588
0.243448
-0.003536
0.001126
-0.001218
0.003904
-0.016338
-0.003345
0.005526
-0.026983
0.001271
0.009790
-0.016478
0.000390
-0.009496
-0.000704
-0.017364
0.000360
-0.024524
-0.006377
-0.012815
0.033039
-0.008515
-0.016079
0.015232
-0.016127
-0.023206
-0.004949
0.001695
0.071763
-0.012549
-0.012942
0.019086
-0.016397
-0.038433
-0.001179
-0.001458
-0.013874
-0.000342
-0.003096
-0.010412
-0.013621
-0.006877
-0.002260
-0.009905
-0.005944
-0.006892
0.000804
0.020005
0.008428
0.000357
-0.015133
-0.013598
0.004083
0.037047
0.056851
0.005150
-0.001376
-0.008856
-0.004393
0.020841
-0.002843
-0.011462
-0.003377
0.008111
-0.023946
0.011654
-0.012668
-0.000380
-0.029727
0.009142
-0.006485
-0.001509
0.003262
-0.004951
-0.014921
-0.006202
-0.009343
-0.002090
0.000766
-0.018166
-0.009412
-0.017687
-0.011192
0.018009
0.003195
0.008362
0.049414
0.042692
0.005058
-0.014605
0.001739
0.003587
-0.000391
0.251284
0.005135
-0.007310
-0.005479
-0.008747
-0.005769
-0.008083
0.010667
0.000857
0.018592
-0.015208
0.003621
0.031901
-0.001595
-0.019337
0.015561
-0.008324
0.037049
-0.029917
-0.000241
-0.008489
-0.007985
0.000000
-0.022946
-0.000490
0.005166
0.029574
0.004677
0.043949
-0.009843
-0.010076
-0.006982
-0.010957
-0.031036
0.009711
0.002976
-0.016648
0.008038
-0.006604
0.000931
0.002073
0.006026
0.018316
-0.017817
0.006065
-0.015199
-0.023743
0.012988
-0.015591
-0.007305
-0.003961
0.040684
-0.009390
0.002404
0.018170
-0.010685
-0.005385
0.003180
-0.008188
0.000592
-0.018693
-0.003222
-0.014570
0.007704
-0.010507
-0.009969
0.003519
-0.023502
0.016609
0.019886
-0.005996
0.001155
-0.004999
-0.002832
0.000641
0.010482
-0.008051
0.005743
0.009642
-0.013317
0.001632
-0.006837
-0.001392
-0.012025
0.008275
-0.015895
-0.001799
-0.027955
0.005838
-0.006193
-0.031157
0.081369
-0.039849
-0.007244
-0.020143
-0.042114
0.027168
0.011831
-0.013178
-0.000032
0.010206
-0.042796
0.022800
0.017129
0.017826
0.015091
0.000311
-0.013662
-0.009989
0.001723
0.003408
0.010807
-0.006706
-0.009296
0.000346
-0.022613
-0.014099
-0.011190
-0.015104
0.002710
-0.022518
-0.002292
-0.000130
0.006669
0.052731
-0.006871
0.026472
-0.008941
-0.025408
-0.005242
-0.015695
-0.003806
0.032209
-0.005974
-0.019784
-0.026106
0.009493
0.061349
0.028602
-0.011594
-0.003653
0.000080
-0.029537
0.002336
-0.016923
-0.000878
-0.001491
-0.047371
-0.004354
0.000554
0.001556
-0.001188
0.020597
-0.015653
0.003612
-0.017870
0.027903
0.021405
-0.035355
-0.007668
0.005526
0.010335
-0.005679
0.003114
-0.000057
-0.003645
0.005797
0.029177
-0.005700
-0.007190
-0.007410
0.009283
-0.020851
0.024459
0.002884
0.175538
0.046934
0.046002
0.011260
0.000855
-0.024340
0.077621
-0.017033
-0.004886
-0.008175
0.066880
-0.016945
0.111283
0.001901
0.066951
0.003035
-0.013710
0.001032
0.005395
-0.003764
-0.004805
0.000286
0.000858
-0.011565
0.017896
0.006622
-0.013308
-0.023867
-0.014985
-0.007363
-0.009185
-0.039576
0.026107
0.006157
0.000615
0.003823
0.009145
-0.011124
-0.001258
-0.007723
-0.008382
-0.014130
-0.018417
-0.001619
0.000298
-0.006458
-0.015940
-0.018633
-0.002272
-0.013891
0.006963
0.008251
-0.001523
-0.028493
0.000699
0.005506
-0.002992
0.015078
-0.049979
-0.017431
0.000523
-0.015548
0.016552
0.001120
-0.003902
-0.000262
-0.009405
-0.003590
-0.006318
0.004130
-0.009884
-0.008758
-0.013670
-0.012506
0.008503
0.007594
-0.030524
0.153264
-0.012808
-0.010754
-0.010817
-0.008580
-0.012177
-0.023354
-0.003916
-0.023228
-0.000696
0.009817
-0.010091
0.024145
0.014080
-0.027488
-0.007062
-0.014216
0.008603
0.062064
0.004010
-0.019533
-0.006343
0.012606
-0.027483
0.012714
0.001889
0.008484
-0.027333
0.023768
-0.011187
0.000794
0.017865
-0.023044
-0.011809
0.001184
-0.010335
0.002010
-0.021999
-0.001789
-0.002783
-0.010455
0.011342
0.002437
-0.022594
0.102525
-0.013663
-0.017197
-0.011179
0.011538
-0.043883
-0.009913
0.011918
0.017799
0.007663
-0.031072
-0.021313
-0.010886
-0.001693
0.000274
-0.001046
-0.005184
-0.010005
-0.006332
-0.000080
-0.005567
-0.002739
0.027227
0.005006
0.003772
0.017807
-0.006008
0.010260
0.012477
0.001908
-0.027505
0.019435
0.007125
-0.006067
0.004446
0.022939
0.011692
0.011695
-0.009647
0.058000
-0.001036
0.018376
-0.019476
-0.006224
0.007462
-0.001364
0.112716
-0.003084
-0.026260
-0.008245
0.008126
0.000713
0.002275
0.001801
-0.002871
0.047881
-0.025447
-0.012707
0.045024
0.005975
0.002869
-0.032087
0.004797
0.002767
0.004645
-0.003488
-0.011426
-0.007480
-0.011868
-0.008567
0.014155
-0.007127
-0.002795
-0.003303
-0.015239
-0.013083
0.001960
-0.049466
0.003746
0.000039
-0.000573
-0.028363
-0.016585
0.025406
0.002649
0.034099
0.082423
0.014331
0.004811
-0.026093
-0.014526
-0.010413
-0.007966
-0.019953
-0.004130
0.004286
0.014241
-0.017713
-0.029683
0.003376
-0.013461
-0.009438
-0.017817
-0.002123
-0.014837
0.042119
-0.033515
-0.034245
0.006870
0.002443
-0.006778
-0.004791
-0.009269
-0.022182
-0.020519
0.068655
-0.000278
-0.009774
-0.012361
-0.006177
-0.017331
-0.033839
-0.010214
-0.002872
-0.002768
-0.005315
-0.001148
-0.020543
0.067326
-0.003615
-0.012402
-0.016831
0.000100
0.007915
0.023888
0.063987
-0.018768
0.003500
-0.001881
0.017677
0.079148
-0.015614
-0.009458
0.009178
-0.005354
0.007718
-0.013480
-0.028312
-0.007400
-0.003093
-0.018107
-0.002467
-0.032746
-0.017263
-0.002989
0.014562
-0.014853
0.001705
-0.029557
-0.037066
-0.010317
-0.018124
0.003825
0.021446
0.000046
0.047188
0.002204
-0.033524
-0.013034
0.017812
0.017928
-0.000430
0.002761
-0.010148
-0.013930
-0.004347
0.011324
-0.000208
0.010758
-0.011602
-0.041438
0.028125
-0.020689
0.017862
-0.011532
-0.001066
-0.010636
0.004150
-0.023840
-0.008862
-0.020109
-0.010363
-0.007106
-0.000493
-0.048109
-0.015970
-0.026632
0.041847
-0.000273
-0.001373
0.006388
-0.012962
-0.020322
-0.018751
-0.016229
-0.003191
-0.013882
-0.055741
0.072459
0.042520
0.029045
-0.000436
0.017881
0.005455
-0.001133
-0.005613
-0.001472
-0.002607
0.047818
-0.014126
-0.013874
-0.010051
0.001015
-0.014453
-0.010288
0.007410
-0.006643
-0.015957
0.008336
0.029068
-0.012817
-0.005241
0.003389
0.000659
-0.004055
0.004664
0.010843
-0.003332
0.000243
-0.009298
-0.003221
0.011182
0.001582
-0.003767
0.001374
-0.011874
0.033383
-0.008945
0.015360
-0.016826
-0.000958
-0.005551
0.009852
-0.010894
-0.010768
0.084133
-0.010410
-0.009277
0.007208
0.017960
0.000087
-0.006414
0.013255
0.002159
-0.004101
0.012926
-0.013392
0.000014
-0.016558
0.028221
0.045296
-0.011227
-0.038948
-0.013658
-0.003929
-0.016373
-0.006490
0.017378
0.001730
-0.010281
-0.019402
-0.008234
-0.004421
-0.017727
0.024500
-0.000286
0.033156
-0.039060
0.002548
0.021337
0.035308
-0.013654
0.017418
0.001280
0.013641
0.001258
-0.008227
0.003239
0.002249
-0.025251
-0.003927
0.061869
-0.020096
-0.000616
0.007930
-0.006509
-0.007307
-0.046697
0.011939
-0.012231
-0.004267
-0.000482
-0.003185
-0.014098
-0.008236
-0.020375
0.273400
0.071113
0.048014
-0.021045
-0.035769
-0.004376
0.001382
0.043548
0.012515
-0.004692
0.000000
-0.021964
-0.011833
-0.032695
0.001193
-0.028189
0.020988
0.027469
-0.003950
0.054564
-0.073681
-0.005630
-0.030508
-0.018288
-0.008047
-0.003151
-0.003584
-0.001292
0.037072
-0.012244
0.002746
-0.003478
0.028839
0.010380
-0.005280
0.004540
-0.013364
-0.014144
-0.010193
-0.006354
-0.015697
-0.000980
-0.002129
-0.005107
-0.002679
-0.005302
-0.005455
0.001707
-0.005762
-0.021681
-0.021727
-0.009958
-0.000279
0.047539
-0.004989
-0.004210
0.016338
0.074562
0.388043
0.087457
0.044830
-0.002165
0.003971
0.013682
0.038564
-0.021091
-0.019441
0.002247
-0.011465
-0.003470
0.011965
-0.001951
0.004569
-0.010446
0.031746
0.071558
-0.010476
0.008217
-0.028093
0.023162
-0.006117
-0.016021
-0.015284
-0.006743
-0.015679
-0.014534
0.016062
0.042387
0.177106
0.012325
-0.000436
-0.000906
-0.012909
-0.010822
0.002811
-0.003627
-0.009301
-0.004829
0.027231
-0.014051
-0.016997
0.153731
0.000255
0.007395
-0.004064
-0.018769
0.002028
-0.014410
-0.005443
0.011698
0.009514
-0.014006
-0.016322
-0.006755
-0.013681
0.004546
0.038229
-0.005227
-0.006436
-0.024993
0.001768
-0.027646
-0.022265
-0.002668
-0.010672
0.004325
0.004353
0.017691
-0.005318
0.006965
-0.010733
-0.030597
-0.013705
0.000447
-0.014663
0.000577
-0.004942
-0.001729
-0.012643
-0.003013
-0.001627
0.012246
-0.003195
0.008961
-0.015622
0.007875
-0.008483
-0.005264
-0.004911
-0.011130
-0.009020
-0.014428
-0.013237
-0.003866
-0.026717
-0.014862
-0.025869
-0.011465
-0.019131
-0.027447
0.009159
-0.017456
-0.002746
-0.000252
0.005747
-0.000110
0.000719
-0.008331
0.004444
0.002679
0.002815
-0.015880
-0.007158
0.008675
-0.038373
-0.045008
-0.006251
-0.012630
-0.000899
0.527473
-0.030112
0.332438
0.010413
-0.009007
0.036328
-0.014273
-0.010642
-0.001385
0.001017
0.001824
0.021977
-0.008695
-0.015064
-0.000095
0.025154
-0.019843
-0.000694
-0.009189
-0.023682
-0.010240
0.003750
0.048480
-0.020007
0.001033
0.001533
0.008016
-0.015021
-0.014273
-0.016767
0.003919
0.009557
-0.013021
0.005731
0.001567
0.025656
-0.002311
-0.005063
-0.041070
0.009130
0.007051
-0.005678
-0.016826
0.014732
-0.023800
-0.001812
-0.006709
-0.031455
-0.000339
0.094305
0.006857
-0.008642
0.007641
-0.016589
-0.009855
-0.031885
-0.008107
-0.003117
-0.008382
0.013464
-0.003982
-0.013013
-0.003817
-0.027121
-0.020469
-0.004865
-0.011948
-0.022931
0.009556
-0.020614
0.000826
0.000487
0.007613
0.043714
-0.021925
-0.070717
-0.001941
-0.006725
0.020633
-0.018603
0.002696
0.002338
-0.011072
-0.016400
0.002942
-0.005835
0.008823
-0.017100
-0.003062
-0.007957
-0.015928
-0.024603
-0.008103
-0.019273
-0.008609
-0.001348
-0.009282
0.001146
-0.008786
-0.002180
0.003361
-0.030074
0.008990
-0.020632
-0.006309
-0.001966
-0.010672
-0.002526
-0.003651
-0.005706
-0.023863
-0.011910
-0.011301
-0.011905
0.009414
-0.016860
0.001667
-0.013787
0.025076
0.000511
0.012710
0.000302
-0.016703
0.021426
-0.007504
-0.003435
0.005471
-0.019582
-0.004199
0.009722
0.019408
-0.011536
-0.009782
0.001847
-0.007234
-0.001003
-0.005950
-0.004163
-0.002049
0.003616
-0.001896
-0.010370
-0.004561
0.042130
-0.005292
-0.001936
-0.000013
-0.005807
-0.006637
0.004358
-0.029045
-0.008271
-0.008668
-0.000142
-0.001156
-0.001356
-0.004975
0.040043
-0.013732
-0.000231
-0.009918
-0.003285
-0.015378
-0.003251
0.003792
-0.001370
-0.003343
-0.008394
-0.023201
-0.010010
-0.010758
-0.011636
-0.018103
-0.029385
-0.002462
-0.004120
-0.010434
-0.006319
-0.009392
-0.002320
0.001911
-0.007238
-0.005467
-0.006332
-0.012112
-0.007793
-0.001925
-0.001291
0.000690
-0.003976
-0.014410
0.003687
-0.019381
0.002952
-0.005245
-0.015912
0.006701
-0.004147
-0.007407
0.006378
-0.006933
-0.014549
0.024575
-0.023388
0.005014
0.009052
0.002347
-0.004559
0.020298
-0.010143
0.000261
0.012233
0.005156
-0.003343
0.001731
-0.006247
-0.014717
-0.004032
0.008813
-0.032356
-0.030519
-0.010378
-0.000364
-0.007940
0.024403
0.003319
0.011982
-0.003620
-0.007289
0.003567
0.000000
0.000779
-0.002928
-0.003658
-0.015456
-0.005523
-0.010154
-0.002207
0.003202
0.005033
-0.003121
-0.006466
0.004556
0.000000
0.037163
-0.033644
-0.001900
-0.000737
0.000000
-0.002039
0.000692
-0.003491
0.008686
-0.008076
-0.009397
0.006219
-0.009773
-0.000825
-0.005777
-0.007484
0.003816
0.012787
0.002874
-0.010983
-0.009024
0.002578
0.002054
-0.028819
-0.001097
0.009249
0.003487
0.004377
0.005443
0.005551
-0.001290
-0.030245
0.020738
-0.016768
-0.009574
-0.014582
0.003610
-0.007956
-0.019098
-0.022323
-0.007247
-0.010353
0.001195
-0.003259
0.000000
-0.004930
0.006905
-0.006763
-0.009397
0.016475
-0.023387
-0.037345
-0.052517
0.001144
0.004615
-0.020380
0.008577
-0.018362
0.002502
-0.024918
-0.015140
0.013888
0.003446
-0.021470
-0.003168
0.031875
-0.017812
-0.008810
-0.009183
-0.014677
0.019564
-0.004808
-0.020330
-0.048422
-0.012350
-0.006125
0.022514
0.007643
-0.008530
-0.006377
-0.006387
-0.004453
-0.012181
0.014841
0.008681
-0.006299
0.090905
-0.002668
-0.010370
-0.023253
0.010806
0.010223
-0.013155
-0.004499
0.009174
-0.005914
0.002447
-0.025462
0.002515
0.003192
-0.001511
-0.012516
-0.008154
0.010477
-0.003098
-0.008156
0.002689
-0.000310
-0.005747
-0.017342
-0.036827
-0.019286
0.011062
0.043173
0.025003
-0.007326
-0.023274
-0.022895
0.005510
-0.006006
-0.017611
-0.005181
0.001328
0.004949
-0.000030
-0.002433
0.047024
0.007915
0.000451
0.004773
-0.017022
-0.029621
0.008458
-0.021544
0.005116
-0.002339
0.011874
0.033350
-0.007171
-0.023640
0.055386
0.019379
-0.012483
-0.002673
0.000821
-0.003449
-0.003567
0.001495
0.128495
-0.006667
-0.002774
-0.004959
0.001254
0.002176
-0.009848
-0.011609
-0.004431
0.010434
0.098754
-0.007236
-0.004382
0.003826
0.031644
-0.026512
-0.001064
0.006332
0.084693
-0.004226
0.000100
0.003930
0.117234
0.016273
-0.000653
0.012489
-0.009512
-0.011091
-0.012812
0.000772
0.001090
-0.000243
-0.003474
-0.009851
0.007487
0.010659
0.052335
-0.007919
-0.019908
-0.007051
-0.017230
-0.013918
-0.004813
-0.004257
-0.004898
-0.005751
0.037433
-0.013514
-0.011862
0.053391
0.014783
-0.010926
-0.025120
0.022014
-0.013118
-0.005097
0.000766
0.010983
-0.018055
0.001288
0.007335
0.014513
-0.000332
0.040938
0.006196
0.093264
0.026815
0.026775
-0.011058
0.008248
-0.015734
0.013249
0.014666
0.014769
-0.006139
0.011481
-0.013550
-0.000173
0.006093
-0.016341
-0.007085
0.014424
0.001491
-0.016355
-0.002536
-0.010175
0.001665
-0.002370
0.003969
-0.003811
0.014350
-0.020945
-0.004389
-0.022844
0.003678
-0.014505
-0.005615
0.008522
-0.014643
-0.000341
0.008809
0.013108
0.008969
0.018001
-0.010109
-0.006693
-0.007418
-0.000709
0.073067
-0.011476
-0.369301
0.004695
0.009258
0.026343
-0.006426
0.023267
0.067165
0.126223
-0.027298
-0.002376
-0.007566
-0.011466
-0.005918
0.000000
0.000000
0.000000
-0.024571
-0.021291
-0.010274
-0.020497
-0.002294
0.015641
0.012785
-0.021785
0.037241
0.025258
-0.015244
-0.029631
0.000845
0.028093
-0.005876
0.007854
0.000574
-0.006437
-0.011934
0.003456
-0.021270
0.001557
-0.016832
0.001264
0.000000
-0.000331
-0.007070
0.002666
-0.009605
-0.008835
-0.002840
-0.019093
-0.001645
0.006794
-0.023173
0.010981
0.000071
0.000000
0.002602
0.038414
0.005223
0.008456
-0.040826
0.003369
0.002580
0.013189
-0.022209
0.004607
-0.015728
-0.022247
0.031989
-0.008710
-0.001515
-0.024601
-0.003566
-0.016638
-0.021067
-0.015228
-0.007373
-0.000567
-0.015698
0.013081
-0.019934
0.006409
-0.028298
-0.003004
-0.000743
-0.019887
0.002313
0.016975
-0.021753
0.001766
0.065333
0.000000
0.000000
-0.026940
0.006966
0.002764
0.018931
0.011753
-0.008828
0.000132
0.005960
-0.025067
0.040111
0.022851
-0.002195
0.026897
0.016776
-0.000950
0.000000
0.021726
-0.007871
0.011006
0.008254
-0.016920
-0.001363
0.009411
0.000000
0.051238
-0.030852
0.056107
0.002922
-0.000853
-0.002946
0.014844
0.003054
0.007804
0.003309
-0.005851
-0.025179
0.056925
0.001500
0.025280
-0.042317
0.006024
0.009510
0.003485
0.422411
0.331982
0.003011
0.000000
-0.001319
0.009739
-0.018897
-0.014643
-0.012970
-0.004022
0.010139
-0.001056
-0.006995
-0.013588
0.012400
0.016133
0.003464
-0.001634
-0.012227
0.001091
-0.036695
-0.011111
0.030250
-0.013568
-0.019070
-0.005021
0.000000
0.000000
0.000000
0.000000
-0.006272
0.008467
0.006218
-0.000720
-0.007138
-0.043110
-0.011422
-0.008906
-0.014748
-0.009389
-0.018664
-0.023572
-0.002517
0.000057
0.000669
0.043754
-0.014463
-0.001442
-0.005894
0.017480
-0.011511
0.003053
-0.003647
-0.026044
-0.024884
0.023702
0.000983
0.005602
-0.000052
0.030451
-0.007820
-0.020085
0.000532
-0.013201
-0.002928
-0.001014
-0.004593
-0.008942
0.004910
-0.031440
-0.011230
0.003045
-0.019040
-0.028400
-0.015695
0.003630
-0.013999
0.001218
-0.022352
0.008395
0.012086
-0.005274
-0.016832
-0.020498
-0.013672
-0.000877
-0.019990
-0.006804
-0.002490
-0.017884
-0.024251
-0.007731
0.000456
-0.012242
-0.006329
-0.010301
-0.013889
-0.004838
-0.018688
-0.002655
-0.003561
-0.007842
-0.011713
0.004738
-0.007854
-0.023494
0.012005
0.004732
