0.011618
0.000000
0.000000
0.018278
-0.000052
-0.001928
0.000000
-0.020532
-0.013398
0.009625
0.000000
0.000000
0.010991
-0.011859
0.017294
-0.006520
0.005016
0.005436
0.024408
0.000000
0.000000
0.000000
0.000000
0.000000
0.000000
0.000000
0.000000
0.000000
0.000000
0.000000
0.000000
0.000000
0.000000
0.000000
0.000000
0.000000
0.000000
0.000000
0.000000
0.000000
0.000000
0.000000
0.000000
0.000000
0.000000
0.000000
0.000000
0.000000
0.000000
0.000000
0.000000
0.000000
0.000000
0.000000
0.001994
0.000000
0.000000
0.000000
0.002734
0.000228
0.000000
0.000000
0.000000
0.000000
0.000000
0.000000
0.000000
0.000000
0.000000
0.000000
0.000000
0.000000
0.000000
0.000000
0.000000
0.000000
0.000000
0.000000
0.000000
0.000000
0.000000
0.000000
0.000000
0.000000
0.000000
0.000000
0.000000
0.000000
0.000000
0.000000
0.000000
0.000000
0.000000
0.000000
0.000000
0.000000
0.000000
0.000000
0.000000
0.000000
0.000000
0.000000
0.000000
0.000000
0.000000
0.000000
0.000000
0.000000
0.000000
0.000000
0.000000
0.000000
0.000000
0.000000
0.000000
0.000000
0.000000
0.000000
0.004497
0.007213
0.011190
0.003326
0.000032
0.000000
0.000000
0.000000
-0.003208
-0.009418
0.000000
0.001308
-0.004953
-0.000317
-0.006622
-0.021659
-0.009021
-0.014575
-0.016805
-0.009492
-0.009465
-0.009381
0.100725
-0.000674
-0.009454
-0.010561
-0.008447
-0.005221
-0.000322
0.004653
-0.004601
0.005847
0.002762
0.006603
0.002480
0.096648
0.002122
0.051778
0.000000
0.017644
-0.004525
0.001246
0.000776
-0.002283
-0.012829
0.000000
0.000000
0.000000
0.000000
0.018182
0.006592
0.000000
0.000000
0.000000
0.000000
0.000000
0.000000
0.000000
0.000000
0.017420
0.009764
-0.006224
-0.004522
0.000000
0.000000
0.000000
-0.016176
0.004476
-0.017573
0.000000
0.000000
-0.007507
0.000000
0.000000
0.016622
0.000000
0.000000
0.000000
0.000000
0.000000
0.000000
0.000000
0.002257
0.000000
-0.005904
0.000000
0.000000
0.033721
-0.018470
0.036201
-0.017577
0.068254
-0.002078
0.085565
-0.000125
-0.008454
-0.006277
0.012581
0.000000
-0.007931
-0.002718
0.000000
0.000000
0.000000
-0.002817
0.003387
0.000000
-0.011350
0.002468
0.021506
0.000000
-0.008862
0.049145
-0.015219
-0.019021
-0.001314
0.003216
0.000000
0.000000
0.000000
0.000000
0.000000
0.000000
0.000000
0.000000
0.000000
0.000000
0.000000
0.033703
-0.005824
-0.029398
0.002139
-0.002712
0.002526
0.016459
-0.008714
0.000000
0.000000
0.000000
0.000000
0.000000
0.001969
0.004670
0.006048
-0.010957
0.000000
0.006495
0.000000
0.000000
0.001521
-0.001388
0.000000
0.000000
0.016294
0.010812
0.007109
0.004630
0.013171
0.000000
0.000000
0.000000
0.000000
0.000000
0.000000
-0.005258
0.020335
0.000000
0.000000
-0.021734
0.007256
0.006055
-0.000280
-0.024365
0.036676
-0.013214
0.046028
-0.008598
0.000290
-0.002728
0.005273
-0.013015
-0.017497
-0.011652
-0.009546
0.000000
0.000000
0.023140
0.003412
-0.005297
0.001876
-0.012057
-0.001748
-0.037621
-0.002370
0.065140
0.003476
0.000000
0.041966
-0.000122
-0.003396
-0.005061
-0.017458
-0.009407
-0.017389
0.000000
0.000000
0.000000
-0.011084
-0.020305
0.010769
0.023049
0.101239
-0.004058
0.015894
-0.012875
0.008093
0.002129
0.000873
0.000000
-0.008027
0.001753
0.065642
0.148662
0.008575
-0.006217
-0.014946
-0.020791
-0.019246
0.006060
-0.009188
-0.002256
0.000000
-0.003707
0.003567
0.000000
0.000000
-0.015033
0.000000
0.000000
0.000000
-0.014693
-0.012506
-0.000475
0.000000
0.001016
0.000000
0.000000
0.086776
-0.014180
-0.003114
0.016599
-0.007904
0.201575
-0.013777
-0.022575
-0.008712
-0.007029
0.000000
-0.005645
-0.007308
-0.000544
-0.010691
-0.001440
0.000000
0.000000
0.027660
-0.011645
0.005567
0.054258
0.028814
-0.016516
0.045789
0.000000
-0.020587
-0.010429
-0.029084
0.000000
-0.014468
-0.001643
0.000000
0.000000
0.006456
0.000000
0.015335
0.000472
-0.004895
0.000000
-0.010245
-0.021248
-0.007909
0.015938
-0.004441
-0.010432
-0.016475
0.030682
0.037855
-0.006173
-0.003211
0.003298
0.093388
0.008295
-0.005918
-0.011253
0.009387
0.056678
-0.010577
-0.002291
0.000988
-0.010237
-0.020168
0.002306
-0.030732
-0.015296
-0.003933
0.000000
-0.013871
-0.011105
0.000000
-0.005940
-0.016990
0.019794
-0.004621
-0.012047
0.081179
-0.000034
0.000000
-0.008438
-0.007717
-0.010483
-0.009524
0.000000
-0.004212
-0.008730
0.012216
0.000000
-0.020723
-0.016239
-0.011253
-0.025893
-0.003397
0.005485
0.000000
0.046811
-0.014287
-0.016267
-0.011917
-0.001177
0.000000
0.012951
0.000000
0.246437
-0.009785
0.011374
0.000000
-0.003971
-0.016147
-0.016100
0.006112
-0.018367
-0.015760
-0.035776
-0.018567
0.001587
0.005772
-0.005236
-0.007902
-0.003608
0.010279
0.006571
0.057792
-0.005211
0.004039
-0.000846
-0.004413
-0.011689
-0.013023
-0.014219
-0.017810
0.001112
-0.011007
0.000774
-0.010264
0.004452
0.000000
0.000000
0.020416
0.000000
-0.005669
-0.013712
0.009264
-0.001731
-0.002087
-0.014034
0.018220
-0.014290
0.011808
-0.004471
-0.002140
0.014933
-0.015949
0.004458
-0.023677
-0.006901
0.010042
0.000000
0.000000
0.000000
-0.000342
-0.012704
0.005614
0.000000
0.000000
0.020254
0.000000
0.000000
0.000000
0.017117
-0.014048
-0.006875
-0.111345
0.000000
0.000000
0.004382
0.008827
-0.009810
-0.008182
0.069446
-0.000953
-0.028215
0.001062
-0.004615
-0.026991
-0.011421
-0.007686
0.013858
0.035370
-0.006558
-0.013706
-0.010483
-0.013695
0.000000
0.000000
0.000000
0.000000
0.029722
0.000000
-0.004888
0.000000
0.068562
0.004299
-0.003066
0.000000
0.000000
0.000000
0.000000
0.000000
0.000000
0.000000
0.000000
-0.004315
0.018768
-0.011018
0.000000
-0.005236
-0.009007
0.009006
0.066732
-0.017701
-0.010104
-0.009642
0.000000
-0.003153
0.055450
0.004981
0.028781
-0.000739
0.001850
-0.022036
-0.018048
0.000000
-0.016805
0.000000
-0.012647
-0.038750
0.031630
-0.009714
-0.004809
-0.000753
0.026935
0.069986
-0.008388
-0.000263
-0.006792
-0.016149
-0.011619
0.000000
0.000000
0.000000
0.003739
0.000000
-0.041648
-0.003759
-0.005993
-0.005840
0.003926
0.013227
-0.007095
-0.007148
0.000000
0.007849
0.004591
-0.014464
-0.004895
-0.034769
-0.048746
-0.017154
0.000896
0.008282
0.007509
-0.019970
0.019552
-0.008641
-0.001824
0.000204
-0.014225
0.000000
0.000000
-0.002735
-0.008666
-0.020747
0.017249
0.038621
-0.002650
-0.021973
-0.001588
0.010161
0.066116
-0.010596
0.000000
-0.019534
0.002060
-0.016195
0.000000
-0.014017
0.008759
0.000000
0.000000
-0.021963
-0.011121
-0.012201
0.047871
0.116745
-0.021014
0.003570
-0.012362
-0.010373
-0.000299
-0.014090
-0.004482
0.000000
-0.006483
0.000000
0.000000
0.000000
0.000000
0.000000
0.000000
-0.005087
0.000000
0.000000
0.000000
-0.016146
-0.009994
-0.073794
0.029464
-0.053814
0.000000
0.000000
0.000000
0.001296
0.000000
0.000000
0.000000
0.000000
0.000000
0.000000
0.000000
0.000000
0.000000
0.000000
0.000000
0.000000
0.000000
0.000000
0.000000
0.000000
0.000000
0.000000
0.000000
0.000000
0.000000
0.000000
0.000000
0.000000
0.000000
0.000000
0.000000
0.000000
0.000000
-0.010774
-0.006302
0.000000
0.003399
0.000000
0.000000
0.010295
0.000000
-0.006272
0.000000
0.000000
0.000000
0.000000
0.000000
0.000000
0.000000
0.000000
0.000000
-0.025047
0.000000
0.023359
-0.009450
-0.000706
-0.009095
0.009903
0.002338
0.000000
0.003206
0.000000
0.000000
0.000000
0.000000
0.000000
0.000000
0.048707
0.001414
0.000000
-0.020423
-0.012385
-0.010077
-0.010352
0.000000
0.000000
0.000000
0.000000
0.000000
0.000000
0.000000
-0.005714
0.000000
0.000000
0.000000
-0.009867
-0.009936
-0.001601
0.058581
0.027090
-0.015072
-0.007042
0.021556
0.022111
-0.016892
0.061438
-0.005637
0.000000
0.002554
-0.012756
0.004123
0.037267
0.116865
-0.019773
-0.019361
-0.009946
-0.006824
-0.009007
-0.007425
-0.012356
-0.010310
-0.006758
0.015813
-0.003917
-0.010391
0.019692
0.001419
-0.011907
-0.009390
0.017676
-0.001512
-0.008865
0.000000
0.000594
0.000000
0.000000
0.000000
0.000000
0.000000
0.000000
-0.004975
-0.017866
-0.008421
0.000000
0.000000
-0.003387
-0.015498
-0.010780
-0.023072
0.026710
-0.006560
0.000000
-0.003671
0.008181
0.000000
0.000000
0.000393
-0.022281
0.000000
0.003676
-0.009353
-0.006132
-0.007135
0.000000
-0.011524
-0.010792
0.001673
-0.019314
0.008447
0.000000
0.000000
0.000000
0.000000
0.000000
0.000000
0.000000
0.038735
0.000000
0.000000
0.000000
0.040950
0.059248
0.005385
0.000000
0.022564
0.000000
-0.003896
-0.010154
-0.004637
0.000000
0.024121
0.002853
0.029793
0.007366
-0.033912
-0.011494
0.010312
0.003635
0.004236
0.113736
0.000000
-0.024500
0.002385
0.001312
0.006274
0.000000
0.000000
0.000000
0.000000
0.000000
0.001776
0.006386
-0.002559
-0.019116
0.000000
-0.020039
-0.010192
-0.003806
-0.012808
0.013229
-0.020230
0.009027
0.027643
-0.011625
-0.007293
-0.005589
0.000000
0.000000
0.000000
-0.210545
-0.004811
-0.006356
0.000000
0.000000
0.000000
0.007625
0.002941
-0.346701
0.000000
0.000000
-0.010197
-0.009331
0.003293
-0.008366
0.000000
0.000000
0.000000
-0.012610
0.000000
0.026904
0.000000
0.000000
0.000000
0.000000
0.000000
0.000000
0.000000
-0.016971
-0.002133
-0.021554
0.000000
-0.011713
0.032042
0.006615
0.018841
-0.006788
-0.009675
-0.007001
-0.000330
0.015909
0.000000
-0.016125
-0.002853
0.007815
0.000000
0.000969
0.000000
-0.006762
-0.004370
-0.010528
0.013932
-0.004627
-0.004523
0.000000
-0.008770
-0.000718
0.000000
-0.010391
-0.006956
-0.010443
-0.008333
0.000764
0.042017
0.028021
0.000000
0.000000
0.000000
0.000000
0.000000
0.000000
0.000000
0.000000
0.000000
0.000000
0.000000
0.000000
-0.009037
-0.022482
-0.027906
-0.007131
-0.011734
0.000000
0.000000
-0.000523
-0.005885
0.036143
-0.007232
0.000000
0.000000
0.000000
0.000000
-0.008157
-0.007674
0.000000
0.000000
-0.005751
-0.007117
-0.015090
0.006097
0.000000
0.000000
0.000000
-0.012891
0.029063
-0.000967
-0.024734
-0.003107
0.005886
-0.007536
-0.014885
0.000000
0.000000
-0.000348
-0.005328
0.000000
-0.018073
0.009772
0.000000
0.003905
0.000000
-0.008643
0.002391
0.000000
0.032209
-0.005446
0.000121
0.022050
0.000000
-0.023059
0.005116
-0.011015
0.000000
-0.002779
-0.019931
-0.001120
0.005631
0.000000
0.001697
-0.014350
-0.016185
-0.012290
-0.018073
-0.016594
-0.007042
-0.019095
-0.014385
-0.008114
-0.004151
0.014453
-0.004069
-0.013072
-0.005917
-0.017665
0.055362
-0.013448
0.004807
-0.004495
-0.022424
0.005151
0.009078
-0.008473
0.002251
-0.015698
-0.000338
0.008456
0.026299
-0.002047
-0.017657
0.001194
0.148254
-0.015616
-0.023477
-0.014278
-0.001656
-0.002983
-0.012908
-0.010131
0.013375
0.011473
0.000000
0.000000
0.000000
0.000000
-0.011570
0.001157
-0.010006
-0.007122
-0.014427
0.021904
0.081491
0.034320
0.001795
0.000000
0.008955
-0.009385
0.037061
-0.002888
0.024912
-0.013537
0.029638
-0.012097
-0.003011
-0.014609
0.046164
-0.003694
0.005344
0.112929
0.022135
0.015475
0.000000
-0.008691
-0.008239
-0.012327
-0.000656
0.000130
0.000000
0.000308
-0.005298
-0.013396
-0.015495
-0.004766
-0.006481
-0.006693
-0.030727
-0.014473
-0.016637
0.003297
0.018820
0.009024
-0.006543
0.012381
-0.011454
0.009973
-0.004979
-0.002917
-0.001906
-0.009767
-0.007491
-0.000356
0.000000
0.295822
0.080870
-0.011502
0.005434
0.008296
-0.015467
0.003198
0.000000
-0.002181
0.000000
0.000000
0.005945
0.072001
0.004631
0.000000
0.028910
-0.014116
-0.011589
-0.006297
-0.019676
0.007262
0.000081
0.055685
-0.013536
0.016523
-0.012708
-0.010467
0.000000
0.000000
0.000000
-0.018606
-0.010468
0.016131
-0.019670
0.004180
0.042487
0.006174
-0.015066
0.000000
-0.002141
-0.020208
0.000000
0.000000
-0.012455
0.000000
0.005331
-0.004119
-0.013629
-0.009582
0.000000
0.152133
0.005388
-0.007146
-0.005316
-0.021842
-0.012990
0.028408
-0.012068
-0.008900
0.011216
0.000000
0.000000
-0.018284
-0.015605
-0.002073
-0.011345
-0.010738
0.091413
-0.003689
0.004629
0.017348
-0.003004
-0.002718
0.001404
0.012126
-0.011022
0.098481
0.000000
-0.013616
0.001167
-0.015197
0.024724
-0.011931
0.001479
-0.002758
0.000000
0.000000
0.000000
-0.013340
0.000000
0.000000
0.000000
0.000000
0.000000
0.000000
0.000000
0.000000
0.000000
0.000000
-0.005289
-0.006656
-0.002063
-0.008807
0.000000
-0.004755
-0.003664
0.000156
0.000676
0.000000
-0.006721
-0.021990
-0.001572
0.000000
-0.020420
-0.003820
0.139361
-0.010019
0.016959
0.000000
-0.014128
0.007158
0.018828
0.000000
0.000000
0.000000
0.000000
0.000000
0.000000
0.000000
0.000000
0.000000
0.000000
0.000000
0.000000
0.000000
0.000000
-0.011724
-0.012258
-0.005785
-0.015429
-0.015930
-0.013242
0.005406
-0.009483
0.005456
0.024374
-0.010785
-0.012917
0.015721
-0.010346
0.000136
-0.009387
0.019966
0.000000
-0.015950
0.007163
0.000000
-0.010550
0.012795
0.000000
0.000000
0.000000
-0.010137
-0.004000
0.000000
0.000000
0.000000
0.146967
-0.004242
-0.013585
0.000000
0.000000
-0.008929
-0.019644
-0.016104
-0.019683
0.000000
-0.006438
-0.005684
-0.010759
-0.010260
-0.009931
-0.010599
-0.001401
-0.011735
0.005508
-0.005616
-0.005100
-0.017380
0.000000
-0.013302
0.004606
-0.011354
-0.008590
0.016680
0.005931
0.000000
0.016722
-0.006538
0.000000
0.008751
-0.009602
-0.001685
-0.000709
-0.006269
-0.013192
0.000000
0.000000
0.000000
-0.014124
-0.006056
-0.021748
-0.028057
0.000000
-0.012210
0.010653
-0.012014
-0.001235
0.000000
0.000000
0.000000
-0.007331
0.000974
0.000000
0.000000
-0.013820
-0.009616
0.001709
-0.015927
0.019951
0.000000
-0.002387
0.528149
0.000000
-0.004267
0.000000
0.080146
-0.005350
-0.007551
0.000000
0.000000
0.000000
0.000000
-0.004346
0.017294
0.003395
0.022337
-0.006537
-0.016599
0.011405
0.096722
0.035634
-0.002949
0.000000
-0.005394
0.012218
-0.024441
0.000336
0.034133
0.000000
0.000000
-0.006456
0.006145
0.000000
0.000000
0.000000
0.000000
-0.000015
-0.007768
-0.006765
0.001049
0.007061
0.000000
-0.026296
0.000000
0.008450
-0.003603
0.023302
-0.027058
-0.009497
0.000000
0.000000
0.000000
0.000000
0.000000
0.000000
0.000000
0.000000
0.000000
0.000000
0.007925
0.015758
0.000000
-0.012199
-0.016831
-0.011188
0.000000
0.000000
0.000000
0.000000
-0.024746
-0.018676
-0.004851
0.000000
0.000000
0.000000
0.000000
0.000000
-0.005299
-0.004298
0.000474
-0.009214
-0.012999
0.003838
-0.001479
0.004348
-0.004861
-0.009822
-0.007579
-0.003683
-0.007855
0.002112
0.007733
-0.013097
0.010716
