-0.000154
-0.001253
0.002424
-0.019907
-0.016168
-0.009826
0.002394
0.005945
-0.011068
0.000311
0.000153
-0.013751
0.005867
0.001951
0.003628
-0.008836
-0.008994
0.007488
0.102648
-0.006229
0.007721
0.020657
0.021676
0.018394
-0.017860
-0.002105
-0.031457
-0.001544
0.000579
0.001829
-0.008362
-0.024676
0.001298
0.008936
-0.016835
0.003719
-0.000420
0.003866
-0.001063
0.075120
0.000962
-0.000598
0.005354
-0.003837
-0.000124
0.037176
0.002391
0.037125
0.030604
0.010799
0.002479
0.020355
0.019702
0.000592
-0.008925
-0.003121
-0.006590
-0.033681
-0.012529
0.020276
-0.017590
0.010021
-0.012831
-0.011484
-0.002726
0.001720
-0.006767
-0.001158
-0.012246
0.002777
0.000167
0.007679
-0.005049
0.017818
0.028408
-0.001090
-0.000238
-0.001679
-0.035052
-0.013602
-0.018430
-0.012220
-0.023776
-0.004400
-0.020190
-0.007499
0.006385
0.044288
-0.003184
-0.004805
-0.005918
0.026962
0.016044
-0.007421
-0.026000
-0.000520
0.003995
0.019945
0.062895
0.037133
-0.011439
0.001847
-0.005929
-0.000412
0.012795
0.015581
0.000382
0.022839
0.019446
0.036335
0.097244
0.086217
0.139283
0.115673
0.000264
0.003994
0.017267
0.000000
0.018056
0.000000
0.003125
0.000000
0.006428
0.000000
-0.006596
-0.007654
-0.009570
-0.016969
-0.012292
-0.001444
-0.018615
-0.021107
0.011491
0.014698
-0.012155
0.025559
0.004393
0.014348
0.011278
-0.033367
0.001287
0.009828
-0.016621
-0.025796
0.007504
0.002935
0.009934
0.011657
0.001786
-0.000300
-0.006629
-0.009372
0.010146
-0.007381
0.011398
0.003145
-0.021177
-0.015505
-0.019310
0.016755
-0.002100
-0.024981
0.847086
0.022298
0.000000
0.000000
0.000000
0.000000
-0.005171
0.028166
-0.000894
0.000000
0.000000
0.000000
0.000000
0.000000
0.000000
0.004369
0.006536
0.010195
0.001696
0.003655
-0.005346
-0.013200
0.000000
-0.013740
-0.000708
-0.004855
0.024515
0.000000
-0.032721
0.019458
0.002282
-0.028275
0.013797
0.019963
0.008586
0.001629
-0.058135
-0.005943
0.000275
0.002825
-0.011604
0.004689
-0.004548
-0.002285
-0.000350
0.009156
0.000000
0.000000
0.000000
-0.017213
-0.004606
0.017901
0.019625
-0.011781
-0.054000
0.000000
0.000000
0.000000
0.000000
0.000000
0.000000
0.000000
0.000000
0.004631
0.077867
0.011547
-0.006572
0.001282
-0.002189
0.008500
0.011065
0.005289
0.003366
0.009130
-0.004070
-0.015914
0.005689
-0.005835
0.001631
0.004938
0.003841
0.002882
-0.000857
0.008228
-0.004449
-0.008096
0.012157
-0.016996
0.000609
-0.009710
0.000859
0.000303
-0.003521
-0.010673
-0.011911
-0.001052
-0.006159
0.002413
-0.000756
-0.008172
0.004730
0.023744
-0.009256
-0.007745
0.007230
-0.009524
-0.009229
-0.012292
-0.004358
-0.005214
0.038997
-0.007497
-0.005150
-0.010584
0.001865
-0.009870
0.002961
0.003385
0.002292
-0.009318
-0.002292
-0.029442
-0.028097
-0.009784
-0.003367
0.001157
0.004410
-0.005923
-0.005883
-0.016956
0.016314
-0.010758
0.007814
0.017065
0.007465
0.012284
-0.014907
-0.004555
-0.006607
0.006217
0.043674
0.005502
-0.000413
-0.002214
-0.013256
-0.003251
0.000000
-0.012190
-0.012023
-0.006038
-0.000772
0.000340
-0.010359
-0.008768
-0.007156
-0.007352
-0.022069
-0.021914
0.014662
0.000264
0.004385
-0.046357
0.001975
0.003252
-0.004603
-0.001715
-0.005111
0.028882
0.008467
-0.008375
-0.001446
-0.015356
-0.009976
-0.005595
-0.004832
0.004357
-0.002928
-0.001379
-0.002365
-0.003458
-0.001075
0.001642
-0.002663
-0.000834
-0.017810
-0.006974
-0.003936
0.000000
-0.003033
0.003566
-0.014707
-0.003402
0.003412
-0.008314
0.006727
0.013193
0.001299
0.024412
0.001292
-0.009292
-0.015561
0.000845
0.022641
0.000009
-0.005978
-0.009778
0.005352
-0.004052
0.000117
-0.027107
0.006784
-0.004543
0.008802
0.004252
0.003814
0.020292
-0.003488
0.004924
-0.026678
0.002070
0.000063
-0.029715
-0.012152
0.026617
-0.011852
0.004821
-0.013446
0.012194
-0.001841
-0.014380
0.020096
-0.021526
-0.004501
-0.001665
-0.006761
-0.004080
0.007447
0.015103
-0.008875
0.001246
-0.004780
0.008129
0.000000
0.000946
0.014942
0.016403
0.002149
-0.004412
0.016185
0.000856
-0.020891
-0.003967
-0.012091
-0.007958
-0.000842
-0.004041
0.001958
-0.013549
0.006273
-0.000842
-0.001573
-0.014459
0.010197
0.021273
0.020770
0.000174
0.000051
0.005503
0.002581
-0.019311
0.009602
-0.017985
-0.002712
0.037398
-0.016331
0.020572
0.007742
-0.014256
-0.002018
0.004776
-0.002834
-0.006772
-0.006157
-0.007824
-0.021170
0.015431
-0.012529
-0.012356
-0.003299
-0.015521
-0.002279
-0.000856
-0.006788
-0.011892
0.018000
-0.002780
-0.017446
0.032664
-0.003938
-0.014189
-0.005880
0.010254
-0.000471
-0.004475
-0.008348
0.001939
0.003998
0.002011
0.001151
-0.016961
0.113678
0.004625
0.005930
-0.006087
0.011470
-0.002119
-0.011653
0.004241
-0.001648
-0.001887
0.002289
0.014899
-0.014852
-0.008571
0.002726
-0.007795
-0.006735
0.016990
-0.006297
-0.001077
0.025636
-0.000524
0.015335
-0.031748
-0.002702
-0.031864
0.018899
0.010375
0.008260
-0.008197
0.011764
0.017837
-0.004343
-0.004506
0.011224
-0.007288
-0.008221
-0.019499
0.037096
-0.010220
-0.009463
-0.008858
-0.012024
0.034468
0.015951
-0.000269
-0.001461
0.000279
-0.003993
0.004903
-0.001812
-0.012498
0.002345
-0.011537
-0.007240
0.000722
0.014899
-0.004936
-0.000097
0.003947
0.000180
-0.018690
-0.012257
-0.009930
-0.010229
0.003082
-0.000585
0.004776
-0.002965
-0.002425
-0.009172
0.014627
0.002622
0.086607
-0.005303
-0.011823
-0.004508
-0.009173
-0.015183
-0.016174
-0.005137
-0.004417
0.004101
-0.004744
0.001826
-0.015916
-0.017969
-0.017554
-0.002502
0.056762
0.003432
0.012891
0.013671
0.005114
0.004265
-0.002167
-0.022223
-0.014794
0.015675
-0.013380
-0.020365
0.003978
0.011464
-0.004472
-0.006709
0.002633
-0.002109
0.012345
-0.016278
-0.006743
-0.004853
-0.002473
-0.001521
0.002835
-0.006600
0.002590
-0.003274
-0.016155
0.024709
-0.001082
-0.027820
-0.011434
0.028048
-0.003246
-0.010143
0.003614
0.021319
-0.012382
-0.013764
-0.015862
-0.007442
0.009376
-0.017899
-0.003644
-0.004837
-0.000067
-0.001410
-0.003017
-0.016027
-0.034150
-0.000991
0.008043
-0.008854
0.018408
0.017318
0.009606
0.003013
-0.001145
0.001631
0.029231
0.024426
-0.001092
0.000441
-0.002371
-0.003405
-0.037432
-0.026322
-0.001411
-0.005363
-0.005176
-0.002488
-0.004441
0.012398
-0.003762
0.008295
0.007307
-0.006228
-0.010134
-0.008326
-0.008793
0.023596
0.008603
-0.000695
-0.002967
-0.010314
-0.003228
0.022949
-0.015494
0.006384
-0.001770
0.018766
-0.002311
-0.014005
0.014047
-0.025707
-0.005482
-0.002290
-0.005753
0.006261
0.040631
-0.002755
-0.001568
0.000907
-0.026059
-0.023800
-0.021082
0.009016
0.016773
0.006097
0.009089
0.002690
-0.030277
0.011489
0.007566
-0.001472
-0.000217
-0.009563
0.003122
0.001962
-0.002046
0.007111
0.009844
0.003075
-0.022318
0.033593
0.034256
0.012319
-0.007474
-0.005366
-0.008436
-0.000940
0.017368
-0.001698
-0.024200
-0.009045
0.000533
0.015070
-0.006402
0.007183
-0.009525
-0.000872
0.001504
0.002086
0.036633
-0.007437
-0.010045
-0.001366
0.004082
-0.001598
0.020666
0.011669
-0.006790
-0.011615
0.001755
0.000000
0.002200
0.007806
-0.009914
0.028148
-0.006995
0.000162
0.004199
0.017515
-0.004001
0.008683
-0.003477
-0.013767
0.008299
-0.000050
-0.008864
0.005138
0.001601
-0.002681
0.031321
-0.014484
0.004289
0.010882
-0.012265
-0.022194
0.002674
0.009285
0.006513
0.013957
-0.011082
-0.012304
-0.005011
-0.009998
-0.007396
-0.003709
0.003787
-0.014536
0.036965
-0.002057
-0.015985
-0.004677
-0.003374
-0.009166
-0.003783
0.016491
-0.004930
0.022467
-0.012357
0.001643
0.035411
-0.007257
0.010749
0.023841
-0.003952
0.015904
-0.001089
-0.029842
-0.018671
-0.006755
-0.000493
0.015692
0.003601
-0.013294
-0.126406
-0.004443
0.003450
0.009969
0.001033
-0.001771
-0.017927
0.002493
-0.010198
0.011386
-0.003911
-0.007538
-0.010255
-0.016107
-0.007761
-0.007735
0.001184
-0.001726
-0.004451
-0.023012
0.025762
-0.009563
0.020556
-0.011325
-0.003838
-0.001814
-0.003951
-0.001999
-0.006010
-0.000897
0.000000
0.004430
0.004358
0.059254
-0.005612
-0.002817
-0.003594
0.004763
-0.000671
0.003055
0.000416
0.019236
-0.023897
-0.007026
-0.001941
0.019176
-0.032910
-0.011381
-0.007198
-0.000371
0.000699
0.003270
0.019390
-0.090224
0.000045
-0.003043
-0.004040
0.004521
-0.008383
-0.009476
-0.002777
0.000079
-0.007956
-0.013574
0.003008
-0.008555
-0.007328
0.005676
-0.011355
-0.008015
-0.001840
-0.002541
-0.011900
0.005583
-0.033832
-0.013693
0.006762
-0.016881
-0.011186
0.006391
-0.019531
-0.005986
0.003572
-0.006029
0.003591
0.004209
-0.011642
-0.001356
-0.014887
-0.001416
0.006092
-0.007057
-0.020217
-0.003397
0.003054
0.006542
-0.006870
-0.005813
-0.007572
0.031352
0.005169
0.043679
0.003367
0.003118
-0.005311
0.010916
-0.010373
0.007350
-0.003550
-0.002680
-0.005302
-0.027565
-0.012756
0.012923
-0.003966
-0.000484
0.003883
-0.004010
-0.018652
0.005315
0.019691
0.008441
-0.009092
-0.001208
0.010711
-0.015078
0.000405
-0.006164
-0.018915
-0.000130
-0.003880
-0.012824
-0.024134
-0.012496
-0.000105
-0.025540
-0.016316
0.009914
-0.017425
0.000438
-0.013821
0.002415
0.019918
-0.002298
0.025090
-0.009019
0.003903
0.004238
0.013305
-0.013472
-0.011444
-0.012703
0.005831
0.014143
0.026838
0.003935
-0.005025
-0.003389
-0.007052
-0.004080
-0.003913
-0.009122
0.005947
-0.006451
0.013452
-0.000852
-0.022140
0.000184
-0.000470
-0.014577
0.004334
-0.004472
-0.000322
-0.005644
0.009459
-0.016055
-0.018474
-0.001465
-0.039786
0.015704
-0.015352
0.003846
-0.015424
0.001164
0.002082
0.006685
-0.004854
0.002467
-0.006329
-0.003715
-0.014352
-0.019546
0.002740
-0.006931
-0.002366
-0.003790
-0.012956
-0.006521
-0.022663
-0.009625
-0.017958
0.011978
-0.001097
-0.004157
0.005454
-0.011702
0.000854
-0.007100
-0.011315
-0.002702
0.005956
0.050306
-0.007670
0.005589
0.004652
-0.003051
0.001170
-0.017316
-0.001284
-0.013755
-0.003222
-0.005214
0.009511
-0.007690
0.017674
-0.016364
0.002765
-0.001394
0.003375
0.009108
0.006592
-0.005037
0.015021
0.010230
-0.011700
-0.007600
0.004757
-0.007640
-0.021524
0.002183
0.006344
-0.011787
-0.006033
0.005776
-0.001464
-0.021515
0.002207
0.000187
0.003877
-0.006601
0.009318
-0.005699
-0.006243
0.003043
0.005242
0.004526
0.000567
0.002349
0.058877
0.038836
-0.024695
0.000961
0.004716
0.000631
-0.031440
-0.002333
-0.008680
-0.001952
-0.008345
-0.011583
-0.006257
0.007143
-0.000708
-0.002230
-0.011202
0.013547
-0.024509
0.018891
0.000259
-0.007631
0.025563
-0.008289
-0.001259
0.008602
0.052968
0.010473
-0.001714
-0.004375
0.035268
-0.033651
-0.007625
-0.006023
-0.001016
-0.001029
-0.009885
-0.025390
0.002654
-0.008374
-0.010747
0.000152
0.008814
-0.003542
0.005844
0.008549
0.005697
0.006664
-0.004869
-0.015081
-0.016999
0.020479
0.030058
0.022607
0.067255
0.000873
-0.005669
0.002172
-0.002796
0.008800
0.023020
-0.008866
0.013710
-0.014881
0.001841
-0.007980
-0.015682
-0.010110
0.001482
-0.009145
-0.003862
0.006647
-0.008605
0.006708
-0.014265
-0.005056
0.090932
-0.004750
0.005020
-0.008127
0.001391
-0.008463
0.001367
-0.018938
0.008586
-0.006894
0.008186
-0.017723
-0.009271
-0.020361
-0.001443
0.040363
0.017693
-0.006436
0.002338
0.008694
0.026366
-0.012037
-0.010483
0.015018
-0.004850
-0.015441
-0.015711
0.004382
0.000000
0.007240
-0.015401
0.021412
-0.002085
0.006530
-0.003462
0.009599
-0.013786
-0.008374
0.005934
-0.002063
0.014877
-0.019153
0.009401
0.016542
0.024198
0.005404
0.035181
-0.004979
-0.008498
0.011035
0.007234
0.003336
-0.003179
-0.000351
-0.010391
0.015521
0.000291
-0.000887
-0.012124
-0.016235
0.025123
-0.000478
0.000000
-0.002941
0.005180
0.003809
-0.004046
-0.005284
0.020222
-0.003744
0.007099
-0.005846
0.012977
0.000000
0.003608
0.001196
-0.001894
0.002360
0.013423
-0.010342
0.008257
0.021334
-0.010367
0.000000
-0.026542
-0.014419
0.008448
-0.006018
0.002731
-0.013361
-0.014156
0.002359
0.022207
-0.014542
0.000947
0.000859
-0.006401
0.007133
0.001207
0.006479
0.002865
0.047937
-0.000208
-0.011552
-0.000885
-0.007510
0.005311
-0.002229
0.003029
-0.003816
-0.011773
0.010740
0.006886
-0.014042
-0.002344
-0.000798
0.021211
-0.000542
0.092159
0.034006
-0.006370
0.002150
-0.006687
-0.004093
0.010881
-0.007794
-0.002025
0.007407
-0.011147
0.010251
0.040328
-0.001437
-0.003029
0.004782
0.014948
-0.032112
0.006209
0.009694
-0.016178
-0.036574
-0.000136
0.000955
-0.003945
-0.003410
-0.015872
0.009091
-0.008745
0.011586
-0.016132
-0.015733
-0.003013
0.007140
0.002857
0.004446
-0.015163
-0.015882
0.013702
-0.003608
-0.014661
-0.000097
0.018299
-0.003570
-0.005120
-0.004244
0.014187
0.006191
-0.031962
-0.013618
0.012542
-0.009001
0.010292
-0.011294
-0.000359
0.012931
-0.002556
-0.005010
-0.017380
-0.000351
-0.012102
-0.013904
0.007212
-0.001543
0.007725
-0.012291
-0.011277
0.003220
0.009908
-0.019517
0.003563
-0.003349
0.000864
-0.015369
0.018489
-0.029176
0.013548
-0.007760
-0.001647
0.016151
0.005183
-0.003210
-0.023509
-0.001522
0.003936
-0.004898
-0.004015
-0.000878
-0.003816
0.001070
0.009150
-0.006520
0.009998
0.004384
-0.003137
0.011389
0.019240
0.009989
-0.019152
0.000595
-0.000728
-0.017182
-0.011774
0.018832
-0.003054
-0.004116
-0.024421
-0.004786
-0.001167
0.008418
0.014575
0.003064
-0.010194
-0.007008
-0.001562
0.003193
0.014174
0.022806
-0.004752
-0.021990
-0.019294
-0.042842
-0.009267
-0.017995
-0.015828
0.056910
-0.006049
0.326167
0.003979
-0.002096
-0.008287
0.033912
-0.007071
-0.003372
-0.005427
-0.008480
-0.029710
-0.045152
-0.015677
0.003999
0.020007
0.007575
0.004727
-0.004354
0.005659
0.001329
0.002829
0.001433
-0.003405
0.005848
0.006255
-0.013019
0.031117
0.013347
0.002231
0.000305
-0.000757
-0.013257
0.001906
-0.011642
0.027664
-0.019594
0.011993
0.002177
-0.012857
0.006400
0.002219
-0.005005
-0.005250
0.023079
-0.009329
-0.004856
-0.002514
-0.003768
0.006338
0.023947
-0.009432
0.013977
-0.001651
0.019123
0.052385
0.012681
-0.000427
-0.012076
-0.011360
-0.006172
-0.013171
0.032487
-0.005924
-0.001527
0.001121
-0.004451
-0.013488
0.000491
-0.008842
0.019747
-0.011995
0.017802
0.043275
0.001307
-0.001765
-0.010464
0.007800
-0.003846
-0.005647
-0.017963
0.000132
-0.012527
-0.002196
-0.007535
0.007630
-0.016965
0.001485
-0.000626
-0.001530
0.003948
-0.002521
-0.008110
-0.006270
-0.011200
-0.007600
-0.013547
-0.003204
0.003250
0.003342
-0.004969
-0.008378
0.007795
0.006198
-0.011333
-0.002117
-0.001426
-0.000889
0.003371
0.034550
-0.002421
-0.002531
0.003071
0.007019
-0.009678
-0.023339
-0.001521
-0.002353
-0.007371
-0.007526
0.013199
0.001650
-0.002763
-0.010853
0.002641
0.016330
-0.000037
-0.007000
-0.019250
0.002631
-0.008399
-0.007192
0.001821
0.002589
0.000507
-0.004980
0.001574
-0.006020
0.016305
-0.014521
0.003466
0.004097
0.005266
0.003341
-0.002948
-0.000150
0.004171
0.005371
0.000328
0.008889
-0.011267
-0.003315
-0.001423
0.020959
-0.022394
-0.016223
0.006377
-0.018499
-0.010443
-0.002342
0.000185
-0.010314
-0.004662
-0.006734
-0.002234
-0.000848
-0.002031
0.013250
-0.001435
0.002285
-0.014354
-0.007215
-0.001192
-0.008240
-0.001590
-0.001582
-0.001139
-0.003628
-0.019888
0.000554
0.000182
0.021492
0.002534
-0.019245
0.015946
-0.005699
0.016033
0.004453
-0.004851
-0.001788
-0.000846
0.021806
-0.003982
-0.003417
0.008802
0.001072
-0.009197
0.006901
0.001814
0.015007
0.006723
-0.012466
-0.023559
-0.003920
0.001615
-0.002924
-0.002259
-0.001390
0.010375
-0.004916
-0.006744
-0.008199
0.033169
-0.000078
0.005696
0.002025
-0.002002
0.011371
0.018563
-0.003199
-0.001088
0.000519
0.004087
0.008414
-0.009615
-0.001389
0.003383
0.008468
0.000751
-0.001595
0.003896
0.005101
0.002549
0.017971
-0.006847
-0.006420
-0.011705
-0.003471
-0.003984
-0.008602
-0.000829
0.005946
-0.000798
0.018871
0.017628
0.010250
0.006558
-0.003819
0.003528
-0.002589
0.023307
-0.016855
-0.002473
0.001294
0.008294
-0.003608
-0.000721
-0.003352
-0.005949
-0.006354
-0.010550
-0.028031
0.021322
0.002401
0.015077
0.027158
0.000306
-0.000371
-0.011622
-0.020852
-0.011128
-0.013127
-0.003389
-0.032381
-0.003219
0.024328
0.007625
-0.000312
0.005242
-0.015320
-0.002115
-0.000022
0.002446
0.007367
0.007410
-0.004526
0.001819
0.002171
-0.006856
-0.024523
-0.027776
-0.005881
-0.006925
-0.005534
-0.022934
0.001267
0.000000
-0.007994
0.014219
-0.004529
0.012697
-0.000566
-0.006876
0.002886
-0.002783
0.008448
-0.005098
-0.005262
-0.004297
-0.006294
-0.005537
-0.023480
0.000120
-0.011364
0.032667
0.004590
-0.003266
0.001697
0.066825
-0.005810
0.000186
0.020536
0.005046
0.006676
-0.011323
0.006821
-0.003761
-0.002782
-0.008930
0.005544
-0.007579
-0.007058
-0.013606
-0.008729
0.004985
-0.003533
0.011467
0.002012
0.002860
0.016971
0.012313
0.008750
0.001265
-0.002548
-0.021055
0.002074
0.003677
0.002521
0.004053
-0.020486
-0.005338
0.052653
-0.007174
-0.016662
-0.000073
-0.013401
0.013128
0.000010
-0.007087
0.008001
-0.004690
0.009504
0.002539
0.093071
-0.012284
0.037210
0.051283
-0.004439
-0.009764
0.045774
0.000596
0.002532
0.000167
-0.007796
-0.004831
-0.025135
0.006988
0.004432
0.008238
-0.008071
0.018329
0.004351
0.011067
-0.003038
0.013680
-0.001097
-0.001626
0.001026
-0.021570
0.014750
-0.004588
-0.019468
0.004531
-0.002219
-0.010887
-0.019426
-0.000127
0.000000
-0.004990
-0.012958
-0.010898
0.013934
-0.010809
-0.015152
0.000000
-0.002771
0.001179
-0.008135
0.007309
-0.000576
0.000988
-0.003391
-0.012824
0.001915
0.003064
-0.016133
0.003853
0.003954
0.009651
0.014279
-0.010923
0.007064
0.006127
0.008083
-0.012635
-0.003199
-0.015421
-0.012633
0.001898
0.004138
-0.007302
0.019039
0.000007
-0.007284
0.019643
0.086922
0.005473
-0.007964
0.013462
0.026651
-0.016745
-0.007485
-0.009020
0.004202
0.001021
-0.011698
0.034465
0.019462
0.001267
0.010106
-0.011155
-0.011357
-0.012327
0.017465
0.012088
0.005674
-0.008570
-0.006955
-0.003990
-0.005762
-0.001616
-0.000083
0.030159
0.003985
-0.000420
0.009302
0.007872
-0.003847
0.002856
-0.002580
-0.007149
0.021896
-0.011026
0.025249
-0.002005
0.000686
-0.004638
0.004578
0.016773
-0.004355
0.002514
0.006772
-0.001689
0.004340
0.007654
-0.021479
-0.000905
0.010108
0.002009
0.001002
0.013029
-0.012007
0.013233
-0.003352
-0.002948
0.024360
0.002994
0.028349
0.064531
0.057544
-0.004031
0.003075
0.037329
0.005120
-0.003895
-0.014687
-0.008576
-0.005072
0.008765
-0.006850
-0.004670
0.007997
0.004458
0.007288
-0.004190
0.016732
-0.015130
-0.000072
0.021764
0.006300
0.000612
0.000000
0.000000
0.000000
0.000000
-0.011580
-0.030688
0.029851
-0.006700
0.005943
-0.006964
-0.011926
-0.003092
0.000729
0.012218
0.004561
-0.002371
-0.003741
-0.008232
0.006777
0.003850
0.020643
0.008043
0.004607
-0.022891
0.007589
-0.004472
-0.019019
-0.004224
0.001809
-0.026425
0.000679
-0.014403
0.009566
0.002187
0.021911
0.003462
0.023185
-0.009074
-0.000989
0.030144
-0.009932
-0.006176
-0.001370
-0.018736
-0.011199
0.036483
-0.013432
-0.009065
0.010877
-0.009612
-0.005208
0.004132
-0.003651
-0.017964
0.012407
-0.007611
0.003695
-0.023745
-0.014100
-0.011485
-0.012193
-0.005768
0.000681
0.016689
-0.002359
0.005499
-0.001968
0.002257
-0.011725
0.012017
-0.013303
-0.011274
-0.003947
-0.008911
0.031335
-0.011599
0.003709
-0.007433
-0.000373
-0.020119
-0.009589
-0.004306
0.004194
0.003110
0.010474
-0.007960
-0.010447
-0.010293
0.001874
0.008790
-0.000868
-0.002723
-0.007030
-0.009989
0.004957
-0.010708
0.010956
0.029077
-0.006669
0.012966
-0.010423
0.005469
-0.006892
-0.006741
-0.005678
-0.008921
-0.003695
-0.002841
-0.014832
-0.002548
0.016499
0.002518
0.003633
0.008801
-0.000244
-0.026693
0.013275
-0.003163
0.001175
0.000000
-0.017805
0.009411
-0.001656
0.000000
0.006452
0.019591
0.005963
0.007003
0.019178
0.033390
0.013903
-0.009562
0.004846
-0.006605
-0.002267
0.013335
0.002756
0.128941
0.011616
-0.011552
0.004491
0.009445
-0.005495
0.043613
-0.006214
0.008938
-0.009192
-0.019919
0.025900
-0.002024
0.031542
-0.008600
0.012792
0.045876
0.022190
-0.007772
-0.007379
0.000226
0.006620
-0.000196
-0.014704
-0.017403
0.001916
-0.003104
-0.019642
0.007101
0.006521
-0.003383
-0.005054
-0.004934
-0.001327
-0.003957
0.052697
0.018449
-0.012069
0.005601
0.001332
0.008777
0.000865
-0.003807
-0.009603
0.062347
-0.002561
-0.019593
0.000181
-0.004062
-0.017582
-0.005537
0.031428
-0.011488
-0.006498
-0.005243
0.011954
-0.008582
0.009416
-0.012282
0.032332
-0.005954
-0.007498
0.017815
0.005059
-0.012514
-0.003545
-0.013276
0.003469
-0.003070
0.003877
-0.001462
0.000716
0.003938
-0.046010
-0.029168
-0.001318
-0.007675
0.026850
0.044564
-0.006580
-0.017308
-0.004122
0.012719
-0.000564
0.000722
0.005848
0.012440
-0.002479
-0.012860
0.000128
-0.000069
0.009552
0.004522
0.013857
-0.007836
-0.010036
0.004539
-0.023501
-0.003333
0.013173
-0.004840
0.011260
-0.015076
-0.004508
-0.011130
0.007609
-0.000319
-0.013464
-0.013434
0.007219
-0.008401
0.011662
0.032602
0.001684
0.026201
0.007211
0.001244
0.022811
0.003303
0.006344
0.012410
0.002834
-0.012932
-0.004192
-0.003048
-0.007365
-0.009295
-0.012070
-0.027984
-0.002090
-0.028733
0.002065
-0.008347
-0.001362
-0.024521
0.028955
-0.000176
0.177885
-0.002052
-0.004069
-0.010092
-0.005045
0.000000
-0.016394
0.002595
-0.008506
-0.017831
0.000277
-0.003685
-0.003410
-0.005477
0.003670
-0.008151
0.000047
-0.012850
0.015182
0.000203
0.012686
-0.002506
0.002080
-0.001721
0.000000
-0.002558
-0.002776
-0.002407
-0.010784
0.002144
-0.004008
0.005676
-0.000292
-0.008367
-0.003329
0.015534
-0.007560
0.002988
-0.036667
-0.004733
-0.028364
-0.018471
0.026184
0.004364
-0.006178
-0.007045
-0.003641
-0.016776
0.047741
0.008641
0.002681
-0.032454
0.030209
0.003146
-0.005976
-0.014160
0.041142
-0.006967
-0.010181
0.000000
-0.000865
-0.002656
-0.001534
0.005803
-0.014504
-0.002837
-0.002878
-0.009567
0.025386
0.010640
0.002572
-0.018706
-0.004689
0.004787
-0.006142
0.000846
-0.000027
0.006710
-0.021937
-0.001982
-0.000024
-0.005508
-0.009376
0.008186
-0.003312
0.003793
0.004621
-0.001265
0.004732
0.019313
-0.001118
-0.011319
0.002430
-0.000801
0.015339
-0.003975
-0.001020
-0.006956
-0.001894
-0.006380
0.028005
-0.000720
-0.008758
0.017566
-0.022957
-0.004331
-0.003654
-0.010950
-0.050502
0.003207
-0.045302
0.003211
0.017152
0.010805
-0.008145
0.010194
0.000006
0.007770
0.103225
-0.006479
-0.014399
0.000651
0.012262
-0.043020
-0.008726
0.002643
0.010473
0.052685
0.030626
-0.007469
0.000822
0.004629
0.000079
-0.009700
-0.006843
-0.021730
-0.010774
0.000711
0.009265
0.033771
0.000393
-0.001024
-0.008796
-0.015784
-0.015819
-0.011301
0.000082
-0.034804
-0.027392
0.008627
0.022233
0.005040
0.001962
-0.003232
0.001618
-0.015733
0.002250
-0.005383
0.000793
0.006341
0.006715
0.022034
-0.016958
0.015189
0.009467
-0.009228
-0.015025
0.000526
-0.009681
0.152809
0.008886
0.006919
-0.002767
-0.002837
-0.007787
0.005010
-0.009511
-0.011083
-0.007795
0.018671
-0.003115
-0.015411
0.009970
-0.007964
0.000740
0.010289
-0.008292
0.033593
-0.022069
0.006824
-0.027398
-0.005135
-0.002202
0.006814
0.012862
-0.020620
-0.015281
0.010415
-0.004309
0.001222
0.008338
-0.017692
-0.009674
-0.000509
-0.002134
-0.010863
0.024190
0.015302
-0.002243
0.001336
0.000000
-0.001065
-0.011890
0.000863
0.006509
-0.000000
0.001812
-0.004154
-0.013408
-0.012488
-0.012580
-0.018937
-0.007413
-0.006034
-0.086694
-0.008476
0.005552
-0.015238
-0.023600
-0.012088
0.000709
0.011968
-0.021139
0.005070
0.006549
-0.003661
0.000330
0.003555
0.008888
-0.015299
0.002212
-0.013407
0.050314
-0.006141
-0.001245
0.008909
-0.021687
-0.007206
0.000427
0.006517
-0.008568
-0.015712
0.002127
0.001356
-0.039145
-0.000186
-0.013271
-0.006099
0.011427
-0.003662
-0.016070
-0.005271
-0.005854
0.018574
-0.000828
-0.006241
0.037829
0.010703
0.018048
0.007403
0.018206
0.006656
-0.011018
-0.006049
0.015231
0.008287
-0.001744
0.008880
-0.006948
0.021442
-0.003833
-0.002374
0.013442
-0.005611
-0.004526
0.001640
-0.015822
-0.012023
-0.004715
0.220775
-0.042428
0.003323
-0.054500
-0.002020
-0.010992
0.000011
0.004661
-0.007133
0.008551
-0.007991
0.013417
0.005209
0.002368
0.004089
-0.001046
-0.001126
0.005844
-0.006280
-0.014512
-0.006077
-0.013072
-0.002436
0.000947
-0.005730
-0.002977
0.007099
0.014685
-0.000033
-0.005434
-0.025223
-0.017354
0.003163
-0.012767
-0.030853
0.009070
0.030744
0.003996
-0.011214
0.003551
0.028822
-0.030961
-0.010202
-0.017060
0.000459
-0.018521
-0.005978
0.017817
0.005872
-0.009311
0.025125
0.000305
-0.000371
-0.001756
0.011848
-0.010784
0.036422
-0.021955
-0.016045
0.003344
-0.017850
0.003630
0.014578
-0.021590
-0.000245
-0.012821
0.005699
0.012155
0.008963
-0.013156
-0.002229
-0.005006
0.003273
-0.007156
-0.002154
-0.020448
-0.007881
0.003193
0.007235
0.002656
0.024506
-0.019819
0.004546
0.004737
0.009791
-0.011909
-0.001204
0.004583
0.008657
-0.000552
-0.006736
-0.006461
-0.000871
0.020368
0.005053
-0.005639
-0.012279
-0.012540
0.004071
0.006415
0.000783
-0.004764
-0.004346
0.013632
-0.014849
0.003435
-0.003834
-0.000451
0.000000
-0.003759
0.002139
-0.004473
-0.057430
0.000989
0.013521
-0.007686
-0.005146
0.003396
-0.005700
0.011292
-0.020499
0.017833
0.001578
0.003191
-0.002875
0.003667
0.010141
-0.033094
-0.002523
0.011553
-0.019770
-0.012909
-0.004174
0.020455
-0.020115
-0.014011
-0.000464
0.000572
0.011928
0.024518
0.006910
0.002459
-0.001744
0.006092
-0.002881
0.012403
-0.010984
-0.011924
-0.004014
0.007304
-0.001781
0.017865
-0.011591
-0.005060
-0.009237
-0.049850
0.525284
-0.015515
-0.011236
-0.014273
-0.022163
0.003070
0.006817
-0.010392
-0.000931
0.001678
0.012288
-0.005734
-0.009638
0.002761
-0.000562
0.006040
-0.012757
-0.011302
0.006808
0.002491
-0.007218
0.019146
-0.000874
0.017330
-0.013758
0.036308
0.040798
0.000068
-0.005762
-0.015554
-0.002839
-0.006809
-0.001297
-0.012307
0.003762
-0.000380
-0.021906
-0.009367
0.005551
-0.007570
0.000648
0.002905
-0.001885
0.012080
-0.005287
0.001781
-0.000845
0.019409
-0.001272
-0.005457
-0.001755
-0.001248
0.000910
-0.013364
-0.005772
0.004675
-0.011725
-0.008595
-0.006136
0.004936
-0.002744
-0.001489
-0.006938
0.006479
0.033929
0.019794
-0.090786
-0.008401
-0.003129
0.000310
-0.001693
0.029407
-0.043140
0.003471
-0.003320
0.006293
0.002997
-0.015170
-0.005875
0.004268
0.000261
-0.004770
0.000324
-0.003488
-0.000403
-0.007942
0.027923
0.046582
0.014362
0.006510
0.010220
-0.010954
0.033832
-0.019272
-0.000904
-0.001334
0.001896
-0.024242
0.001851
0.011552
0.001242
0.010338
-0.021065
-0.016286
0.000086
0.010842
-0.028837
-0.001458
0.028763
-0.009903
0.002473
0.002336
-0.010942
-0.005628
-0.001325
-0.017438
-0.003645
0.009878
-0.022603
0.002966
0.007228
-0.000112
-0.004428
-0.003650
-0.005336
-0.006755
-0.010755
-0.004528
0.019388
-0.019712
0.002807
-0.034351
-0.001878
0.002344
0.018084
0.003453
-0.014291
0.038404
-0.009239
0.015804
-0.003788
-0.012730
-0.020734
-0.005241
0.005910
-0.000552
0.000000
0.011189
-0.001124
-0.005649
0.015587
-0.002460
0.009339
-0.001924
0.009750
-0.007613
-0.015647
-0.005536
-0.017577
0.004682
-0.009800
0.054981
-0.045519
0.009498
-0.014803
0.017718
0.040029
-0.003452
0.003051
-0.001707
-0.012810
0.001085
-0.010197
-0.001826
-0.000969
-0.001147
-0.010076
-0.008556
-0.004726
-0.008093
0.023843
-0.004275
0.000260
-0.010141
-0.009729
0.033849
0.006955
-0.013319
-0.023670
-0.005555
0.004541
-0.002096
-0.024404
-0.012051
-0.009444
-0.001402
-0.013923
0.058162
0.010126
0.001050
-0.000355
0.000053
0.011305
-0.007941
0.000824
-0.023780
-0.014319
0.000001
0.002668
0.003700
-0.010445
-0.004297
-0.005461
-0.015104
0.001732
-0.014419
-0.000857
-0.014741
-0.008152
0.001753
0.002187
-0.010005
0.014481
-0.020617
-0.039102
0.009490
0.003729
0.009626
-0.006807
0.005070
0.020169
-0.005967
0.004616
-0.014059
-0.010131
0.007934
0.000787
-0.003579
-0.008095
-0.003103
-0.015329
-0.014157
0.007486
-0.001862
-0.004628
-0.001300
0.004979
-0.006419
-0.022358
-0.007215
-0.003803
0.000217
-0.006666
-0.004570
-0.019912
-0.021661
-0.004140
-0.002017
-0.004186
0.014991
-0.005631
0.009732
0.026673
-0.007106
0.004847
0.004860
0.003622
-0.001385
-0.009507
-0.015380
-0.003425
0.019736
-0.005923
-0.009344
0.038321
-0.020805
-0.004108
0.010605
-0.001239
-0.017374
0.011933
-0.003986
-0.001589
-0.001718
0.007485
0.003226
-0.000866
-0.005280
0.005414
-0.013707
-0.004839
0.010002
-0.006793
0.010901
-0.005983
0.001821
-0.004873
-0.004155
-0.001849
0.010329
-0.029902
-0.018140
-0.016647
-0.007181
0.000553
-0.006487
-0.000217
-0.004190
0.002336
-0.022541
-0.004605
-0.005711
-0.001834
-0.005050
0.008457
-0.006075
0.035012
0.004556
-0.007691
-0.004377
-0.006192
0.000018
0.005523
0.001159
0.018768
0.003097
-0.002864
-0.010065
-0.007265
-0.011836
-0.013904
0.004328
-0.009743
-0.010895
-0.010304
-0.001725
-0.003014
-0.006702
-0.037542
-0.001678
0.013924
-0.000785
-0.002303
-0.007290
-0.000146
-0.006942
-0.031446
0.003908
-0.029066
-0.025480
-0.003186
-0.015504
-0.022929
0.003856
-0.006036
0.013930
-0.003188
0.001893
-0.016270
0.008572
-0.006637
-0.011000
0.008378
0.006232
0.006048
-0.006380
-0.012592
-0.010753
0.009616
-0.008798
-0.010744
0.141402
0.009540
0.011480
-0.009419
-0.033333
0.006140
0.007660
-0.002090
0.018941
-0.006811
-0.011635
-0.018871
-0.024135
-0.009774
-0.013215
-0.014751
-0.002146
0.026392
0.008760
0.005387
-0.015028
-0.016761
0.003892
0.009234
0.006724
0.001558
0.000095
-0.009238
0.035025
-0.009293
0.005959
-0.017221
-0.001428
-0.011296
-0.026373
-0.002327
0.004055
0.001777
-0.001078
-0.020643
-0.050764
0.008621
-0.047086
0.063263
0.004514
0.011597
0.004669
-0.005668
-0.003953
0.002687
0.000157
-0.009221
0.002059
-0.021584
-0.002655
0.000124
-0.017953
0.001096
0.015005
-0.021035
0.000253
-0.008491
0.010190
0.009988
0.017404
0.006699
-0.006991
-0.003041
0.003754
0.003537
0.034738
0.001206
0.010480
-0.015860
-0.015342
-0.002489
0.002810
-0.016179
-0.019719
-0.014334
-0.012553
-0.000450
-0.010375
-0.033841
0.001324
-0.018580
-0.005511
0.016005
-0.014828
-0.014357
-0.017592
0.006894
0.018164
0.005252
-0.005187
0.008915
0.001262
-0.017190
-0.006061
-0.003420
-0.004687
-0.006298
-0.005467
-0.005425
0.004764
0.009191
0.005062
0.006572
0.006133
-0.006817
-0.003211
0.007922
-0.012793
-0.004753
-0.013267
-0.005712
-0.019114
-0.008541
-0.002504
0.005514
0.011342
0.021474
-0.010531
0.019415
-0.002467
-0.006312
-0.024664
-0.011840
-0.021477
0.008024
-0.010213
-0.000228
-0.024615
-0.001441
0.014476
0.002297
0.001041
0.015043
-0.000405
-0.001635
0.020461
-0.004201
-0.003547
0.000704
0.000378
-0.031951
0.012877
-0.000767
0.003391
-0.004279
-0.009693
0.002399
-0.013287
-0.000319
0.014010
-0.006605
-0.005924
-0.006225
0.004027
-0.014569
-0.003936
-0.006213
-0.019485
0.000012
-0.026105
-0.013580
-0.004293
-0.011678
0.001368
-0.008987
-0.010731
0.004024
0.006827
-0.018668
-0.000699
0.037778
0.013028
0.000985
0.013620
-0.004983
-0.021505
0.012645
0.005945
0.027568
-0.007499
-0.007735
0.008558
0.003240
0.005272
-0.022111
-0.012273
0.007298
-0.015492
-0.000470
-0.001740
0.004167
-0.018383
0.003593
-0.008047
0.007058
-0.052800
-0.021533
0.004463
0.014183
0.003331
0.002896
-0.017648
-0.002170
-0.009662
-0.008376
-0.006768
-0.031272
-0.014269
0.014262
0.009932
-0.011003
-0.007882
-0.006638
0.026702
0.000014
-0.019854
-0.004190
0.019112
-0.029343
-0.007372
0.013856
0.002934
-0.017224
-0.002585
-0.003330
-0.004704
0.001255
-0.011617
-0.007056
-0.000451
-0.003562
-0.000191
0.038950
-0.019527
0.003175
-0.000253
0.000302
-0.007479
-0.001461
-0.007255
0.012656
-0.000587
-0.009701
-0.014208
0.008976
0.005170
0.012062
-0.021034
-0.010084
-0.011693
-0.001192
-0.010079
-0.017823
0.004369
-0.018021
-0.002940
-0.005526
-0.006054
-0.012493
-0.003982
0.007481
-0.006623
-0.007348
0.001113
-0.014083
-0.008587
-0.011227
-0.001314
0.007441
-0.003264
0.017645
-0.006634
0.030568
-0.006485
0.000581
0.004999
-0.008366
0.002179
-0.019273
0.000000
-0.006299
0.006889
-0.025953
-0.012545
-0.005362
0.000635
-0.003398
-0.000242
-0.011738
-0.007703
0.003670
0.023204
0.003185
-0.008420
-0.000095
-0.007761
-0.009125
0.003719
0.019220
-0.003072
-0.006082
-0.019896
-0.007843
-0.012348
0.019826
0.019505
0.020137
0.001923
-0.001327
-0.004181
-0.016689
-0.004393
-0.004128
0.000847
-0.006559
-0.013686
-0.003803
-0.016131
-0.012416
-0.004285
-0.008370
0.003136
0.008134
-0.021922
-0.016780
-0.011815
0.002841
-0.007982
0.017383
-0.012625
-0.016781
-0.007772
0.006195
0.008699
0.002386
0.002461
-0.017687
-0.007267
0.001490
0.007959
0.000999
-0.017336
-0.005555
0.002026
0.006099
-0.007975
-0.031761
-0.012803
0.002687
0.001602
-0.003251
0.029802
-0.025834
-0.000761
-0.012660
0.018679
0.005176
-0.000660
-0.009909
-0.005293
-0.011654
-0.004996
-0.008674
-0.008115
-0.013530
-0.006088
0.007764
0.000467
-0.015373
-0.007842
0.000026
0.000773
0.001310
-0.004949
-0.014414
0.015081
-0.011446
0.013260
-0.005535
-0.003635
-0.001357
-0.010221
-0.013632
-0.013273
-0.010305
-0.002816
-0.038083
0.032931
0.005865
0.003053
0.008910
-0.010295
-0.007435
0.010158
-0.002658
-0.011096
-0.005749
0.014406
0.014728
-0.006140
-0.002792
-0.000908
-0.019548
0.001167
-0.010666
-0.009827
-0.001444
-0.014295
-0.003757
-0.003423
0.008879
0.012400
-0.012834
-0.022038
0.019703
-0.005680
0.004001
-0.000068
-0.051668
-0.001996
0.047107
0.004055
0.028373
-0.016608
0.004587
0.099050
-0.063625
-0.008034
0.030778
-0.003406
-0.011293
-0.002251
-0.008446
-0.006730
-0.007733
-0.001671
-0.007896
-0.009087
-0.015166
0.002529
-0.008913
-0.000521
-0.012909
-0.002851
-0.011085
-0.015840
0.002951
-0.009642
-0.003037
0.029777
0.003607
0.003117
-0.016260
0.004704
-0.002020
0.011869
0.006481
0.008711
-0.000827
-0.007700
-0.012581
0.008941
-0.012607
0.010518
-0.001737
0.013151
-0.008110
-0.001988
0.011662
0.006408
0.001271
-0.002400
-0.024369
-0.007507
-0.003858
0.000083
-0.000003
-0.009595
-0.005283
0.001525
-0.008516
0.007136
-0.012196
-0.001980
-0.011293
-0.013150
0.007655
0.004662
0.021793
-0.011467
-0.017741
-0.000681
-0.008469
0.003752
0.000628
0.049933
0.007900
0.006502
-0.002420
0.003175
-0.008646
-0.007463
-0.007269
0.022337
0.005542
-0.010866
0.003416
-0.009977
0.001204
0.005308
-0.006102
-0.002409
-0.001597
0.003669
0.002741
-0.011091
0.013219
-0.009207
-0.014500
-0.002770
-0.001742
0.016493
-0.019821
-0.002153
-0.011916
0.021119
-0.011367
-0.004586
-0.003692
0.007600
0.001229
0.003684
-0.010194
-0.010388
0.003732
0.013343
0.016574
-0.002507
0.018803
-0.002476
-0.003553
-0.011426
0.000358
0.040952
-0.006141
-0.008014
0.002114
-0.013037
-0.010660
-0.001080
0.006361
-0.001490
-0.020494
0.010043
-0.004451
-0.009017
-0.004585
0.012001
0.002212
-0.004270
-0.006791
-0.013233
0.001080
0.017493
0.001711
-0.003683
-0.004079
0.007997
0.001084
-0.007450
-0.013727
0.002640
-0.001117
0.006401
-0.000127
-0.004246
-0.009672
0.009924
-0.023771
-0.011144
-0.007895
-0.001393
-0.009247
-0.003845
-0.001079
-0.002681
-0.013719
0.002894
-0.008142
-0.017713
-0.019669
0.008938
0.001942
0.006251
0.057747
0.011973
-0.011942
0.007889
-0.013245
-0.002461
0.002259
-0.008144
-0.011823
0.011361
-0.000533
-0.007949
-0.003333
-0.002107
-0.013016
0.012149
0.000552
-0.010334
0.006805
-0.013911
-0.001989
0.000000
0.001631
0.000937
-0.018268
0.002709
-0.002313
-0.014185
-0.015156
-0.008314
-0.004778
0.023663
0.012125
0.001098
-0.004834
-0.003676
0.000000
-0.004889
-0.005214
-0.008102
0.000000
-0.019976
0.000574
-0.002821
-0.003210
0.002683
-0.005523
0.003382
-0.006231
0.000701
-0.015360
-0.023828
0.000541
-0.008686
0.004033
-0.002269
-0.001170
-0.014147
-0.000257
-0.000156
0.024860
-0.011321
-0.003061
-0.023291
-0.040448
-0.001398
-0.003252
0.004902
0.023385
-0.025390
-0.017260
-0.016596
-0.003719
0.009981
-0.003322
-0.014914
-0.015984
-0.011678
-0.005573
0.009096
-0.001694
-0.001276
0.008526
0.000623
0.001298
-0.045346
0.007472
-0.017650
0.012910
0.001056
0.009281
-0.007290
-0.001007
0.010403
-0.019600
-0.013640
-0.008086
-0.015594
-0.014430
0.018076
0.011197
-0.004706
-0.017531
0.012613
0.009776
0.030626
0.003338
-0.000517
-0.016089
0.000798
-0.001837
0.007582
0.016824
-0.005639
-0.003217
-0.006645
0.006133
0.004879
-0.001188
0.011062
0.018249
-0.007666
-0.002633
0.000436
-0.001049
-0.007014
-0.003649
0.007290
-0.009519
-0.011424
-0.011574
0.000499
-0.010077
0.000507
-0.008085
0.036515
0.004642
0.012145
0.022693
0.007600
-0.001845
-0.001309
0.002232
-0.005659
-0.011360
0.002237
-0.000392
0.000109
-0.005129
0.003351
-0.008760
-0.018926
0.032063
-0.038278
-0.018269
0.020055
-0.007393
0.016752
-0.000077
-0.002004
0.005226
-0.007540
-0.006401
0.003691
-0.006229
0.003391
0.006398
-0.028341
-0.000304
0.001379
0.000574
0.020584
0.003356
0.006902
0.001536
0.031420
-0.025115
0.010913
-0.002736
-0.014900
0.002865
0.007335
-0.025125
0.003347
-0.033481
0.003438
-0.001999
0.010375
-0.015890
-0.017106
-0.042955
0.020205
-0.004925
-0.008511
0.007121
0.036249
-0.008798
-0.013388
-0.003438
0.003589
0.014035
0.016572
0.011755
0.027530
-0.008338
0.016248
-0.006864
-0.000444
0.009539
0.010131
0.013746
0.016944
0.001832
-0.001716
-0.015658
-0.009584
0.018417
0.015770
0.001521
-0.001920
-0.000586
0.001172
-0.002909
0.008444
0.002939
-0.046731
-0.003286
-0.004769
-0.006375
-0.009300
0.006551
-0.004978
0.025172
0.021505
-0.003025
-0.008036
0.003265
-0.033685
0.013451
-0.002370
0.012015
0.016073
-0.007944
0.010394
-0.018256
-0.008134
0.001982
-0.009218
-0.018315
-0.000335
-0.004855
0.000728
-0.018179
-0.025078
0.004703
-0.012076
-0.029901
-0.005206
-0.000439
-0.011314
-0.007089
0.006930
-0.005070
0.000260
-0.007864
0.006172
-0.021521
-0.005271
0.008467
0.020127
-0.007813
-0.000603
0.000726
0.004630
-0.008678
0.002506
0.030576
-0.015549
-0.003004
-0.017275
0.006741
-0.008614
-0.008090
-0.006357
-0.016771
-0.001809
0.013112
0.029220
0.003725
-0.017214
0.012661
-0.010418
0.033772
0.007687
0.001546
0.017731
-0.003977
-0.009720
0.001750
-0.008955
-0.008181
-0.001340
-0.003969
-0.034620
0.011350
-0.017808
-0.013245
0.000673
0.007592
-0.015494
0.007127
-0.001894
-0.015955
0.036670
-0.012420
-0.008020
-0.000505
-0.009189
-0.008757
0.006647
0.005838
0.017428
-0.004936
-0.016120
-0.007769
-0.003378
0.004061
0.052325
0.009791
-0.019791
-0.005801
-0.002606
-0.002961
-0.010070
0.002837
-0.024186
0.006164
0.021551
0.002675
0.000000
0.000000
0.000000
-0.018929
-0.018354
-0.003335
-0.007909
-0.010063
-0.007467
-0.005910
0.013830
0.007938
0.002422
-0.011166
-0.030199
0.004786
0.024776
0.019847
-0.003792
-0.004137
-0.001499
-0.006534
-0.009069
-0.010657
-0.000798
0.006355
0.000356
0.000000
0.001248
0.023225
0.001037
0.003718
0.006857
-0.009711
-0.003082
-0.001757
-0.008148
0.004835
0.000727
0.000000
0.009614
-0.018760
-0.004230
0.006684
0.005900
0.030140
0.000486
-0.001631
-0.005327
-0.008757
0.001491
-0.022759
-0.012947
0.007676
-0.002998
-0.011500
-0.004434
0.004684
-0.000814
-0.011768
-0.005675
0.007532
-0.010966
-0.013389
-0.003085
-0.000949
-0.002749
-0.093754
-0.005895
-0.004583
-0.000789
0.001616
0.000903
-0.015616
-0.007049
-0.006016
-0.002758
-0.002624
0.000000
-0.003685
0.000000
-0.018322
0.010249
-0.004688
-0.011461
-0.027609
0.011646
-0.001184
-0.009322
-0.000064
0.010673
0.000501
0.003940
0.000380
0.000000
-0.013872
-0.010374
0.006361
0.011956
-0.014808
-0.006637
0.005223
0.000000
-0.011623
0.009459
0.005798
-0.006464
-0.005355
-0.003642
0.000203
-0.013467
0.009564
-0.003663
-0.012100
-0.002297
0.002072
-0.016449
-0.004759
-0.013288
0.027536
0.007901
-0.000518
-0.012144
-0.013945
0.001316
0.019748
-0.059601
0.000000
0.002712
-0.024712
0.010887
-0.003612
0.005861
0.002176
-0.002072
-0.006142
-0.012168
-0.000642
0.005557
0.012117
0.005104
0.007395
0.003243
0.007756
0.000367
0.000000
0.000000
0.000000
0.004004
0.000242
0.000622
0.000211
-0.001462
-0.039896
0.248314
0.006337
0.006278
-0.003170
0.056755
0.042969
-0.019522
-0.001669
0.025990
0.017914
0.006735
0.009372
0.006506
0.007678
-0.008374
0.005250
0.026219
-0.006730
-0.027100
-0.005333
0.017936
-0.091098
-0.010480
0.264552
0.008596
0.192582
0.008894
0.004749
0.000559
-0.015959
0.001321
0.001687
-0.006063
-0.011213
0.002053
0.001919
0.000672
-0.001857
-0.011962
-0.009928
0.028987
-0.003957
-0.011514
0.003649
-0.008356
0.010785
0.007242
-0.005147
-0.016068
-0.012522
-0.004879
0.016519
-0.007092
0.008510
-0.006677
-0.004307
0.003982
-0.003098
-0.021583
0.074542
0.021523
0.000681
0.008410
-0.010123
0.012678
0.007383
0.002839
-0.012963
0.019448
-0.003772
-0.013056
0.012646
0.013996
0.014594
0.027461
-0.000410
0.044872
-0.013279
-0.005018
0.042360
-0.026655
0.001157
0.001642
-0.023040
-0.011987
-0.003388
0.002179
0.016193
-0.004620
-0.008697
-0.009721
0.004377
0.003168
-0.005407
0.003749
-0.009190
-0.008989
-0.008379
-0.001793
-0.000587
-0.011566
-0.014658
0.017947
-0.018363
0.005702
-0.016803
0.002739
-0.020632
0.039530
-0.020714
-0.011441
-0.008029
-0.015382
0.012225
0.003038
-0.022690
0.005569
-0.016693
-0.005778
-0.007293
-0.007995
0.001158
-0.018521
0.013385
0.006135
0.016219
-0.035518
-0.000688
-0.016245
0.020961
0.032793
0.004194
0.005209
-0.017041
-0.002781
0.002169
0.006668
0.000433
0.000635
0.003670
0.015669
-0.005959
-0.017894
0.004908
-0.022674
-0.010698
0.018863
0.012865
0.029204
-0.001393
0.007582
-0.006904
-0.003338
-0.025441
-0.007146
-0.015671
0.004698
0.010495
-0.021514
-0.004872
-0.012959
-0.016906
-0.011481
0.038931
0.045510
-0.001768
-0.001138
0.017084
0.020225
-0.007877
0.001063
-0.009773
0.011540
-0.006136
-0.006556
0.010621
0.005499
-0.002591
-0.010952
0.004336
0.000378
-0.004286
0.000434
-0.009887
-0.001984
-0.002280
0.007475
-0.016988
0.005453
-0.004487
0.013263
0.001816
-0.011898
0.010380
-0.000956
0.009400
0.011442
0.002801
-0.004919
-0.019952
0.027701
-0.000937
0.013211
-0.005560
-0.003593
-0.010362
-0.032653
-0.008336
-0.019994
0.041070
-0.009966
0.003538
-0.015114
0.007635
-0.001070
0.016899
0.022307
-0.000148
-0.017864
-0.000152
-0.018050
0.033068
-0.004571
0.003062
0.004360
-0.017660
0.003501
-0.011763
-0.008700
-0.006732
-0.007623
0.007364
0.027157
0.031816
-0.003968
-0.013547
0.016448
0.001878
-0.010031
-0.004775
0.011992
0.014862
0.011138
0.027318
-0.056874
0.017297
-0.004959
0.000846
0.009129
-0.013355
-0.025590
0.008981
0.012016
-0.015493
-0.004993
0.017077
-0.001523
-0.010697
-0.007292
-0.005434
0.000079
0.000481
-0.018255
-0.001918
0.009877
-0.012324
-0.005376
0.006092
0.018297
0.008425
-0.005831
-0.000078
-0.009693
0.007880
-0.019833
-0.010532
-0.007030
-0.005088
0.000530
-0.025044
-0.000047
-0.005875
-0.017415
-0.020458
-0.005044
-0.012539
0.002572
-0.016093
0.038807
0.006471
0.002049
-0.026393
0.009895
0.014877
-0.017974
0.014333
-0.008153
-0.001781
-0.002423
-0.000004
-0.010153
-0.011784
-0.000534
0.004669
-0.007269
0.016983
0.003386
-0.008395
-0.005642
-0.005958
0.003074
-0.015160
0.003327
0.000761
0.000065
0.004295
0.003701
-0.005777
0.012233
-0.006192
-0.013985
0.009242
0.005617
0.011304
0.017418
0.016981
-0.012165
0.006172
-0.017151
0.044836
-0.000237
0.002870
0.022670
0.009878
-0.000487
0.022113
-0.009660
-0.002759
0.023126
-0.002362
-0.012804
0.008479
-0.006962
0.031180
-0.002578
-0.014504
0.014173
-0.019340
0.026178
0.038685
0.009798
0.021476
-0.011345
0.017043
-0.004334
-0.017477
0.035478
-0.000774
0.004556
-0.010093
0.001411
-0.014995
0.022881
-0.010333
-0.009062
-0.000377
0.001305
