1.106975
1.151191
-1.160822
1.703055
1.609087
-3.107880
0.000000
0.000000
0.000000
-0.856653
2.543364
-2.588271
0.000000
1.980054
-1.905910
-4.341921
-3.398656
-1.189666
0.047763
0.000000
0.000000
-0.137002
2.539939
-6.158680
-2.619440
1.024509
-3.378590
-0.040978
1.508574
3.413971
-2.202629
-1.629516
0.009195
-1.590817
-6.447428
-3.099442
0.000000
0.043082
2.265386
-0.612653
0.000000
-0.008126
-0.833689
0.000000
0.000000
3.382382
2.949956
0.000000
0.048104
0.000000
2.744587
0.002121
2.744587
0.726060
0.000000
2.959748
5.466468
0.817241
-1.495171
0.000000
0.000000
0.000000
0.000000
0.000000
1.945816
0.000000
-0.000442
-2.873790
-1.062206
2.825762
0.000000
0.000000
0.000000
0.000000
0.000000
-4.491608
0.000000
-0.154762
0.000000
1.566997
1.287033
2.085763
-1.176373
2.518356
-0.529547
2.722748
-1.366673
-3.089320
-3.616715
0.988695
-1.980787
2.736548
2.881665
0.000000
0.000000
-1.105429
0.239936
1.250072
-0.092827
0.000000
-0.822806
-0.008189
-3.402734
0.000000
0.000000
6.107151
0.566470
-2.390869
0.000000
0.000000
-1.592438
0.000000
-0.019543
1.019870
1.251745
-5.440108
-3.000597
-3.015744
1.356945
-4.647316
1.842617
-1.907375
2.883806
-2.222323
-2.044041
-1.001940
0.334234
-0.560615
0.622390
-3.107880
-4.236519
0.000000
-0.324862
2.302362
0.097623
0.840139
1.448021
0.000000
-0.518309
-1.737308
-2.305145
0.000000
-1.351957
3.693323
7.002795
-3.027835
-2.560921
0.000000
0.000000
0.920397
2.373441
0.000000
4.757455
0.788554
0.000000
-1.576973
0.001070
-1.023699
0.000000
0.000000
0.000000
-1.199161
0.262057
0.216824
0.000000
0.000000
-1.681947
0.000000
-1.235920
5.382263
-0.584352
0.000000
2.257318
-2.834462
-1.459897
-0.442169
-3.508992
-0.635024
0.000000
2.313077
0.000000
0.000000
-1.478961
-3.458315
0.595147
0.000000
4.009706
0.355426
0.000000
-0.018734
0.000000
0.000000
0.000000
0.000000
0.000000
0.000000
4.224942
0.000000
0.000000
0.353053
0.008340
0.000000
0.606957
-1.027007
-3.934935
-1.713782
3.723611
0.000000
-2.925155
0.000000
-1.228361
0.344505
0.000000
0.150604
-0.252829
0.000000
-1.253172
0.047959
0.001531
-2.086395
2.298352
-3.480090
2.497191
0.000000
3.703022
0.291957
-6.203585
-0.998879
-0.116811
2.742000
0.000000
-4.164414
4.882416
-0.004833
0.008473
0.182228
0.000000
0.000000
0.000000
0.000000
-0.005157
0.483308
1.932977
0.000000
-0.659875
3.029201
1.785489
-7.935045
1.137891
5.383635
0.000000
0.000000
-1.634221
0.000000
1.002164
0.000000
0.046039
-2.969079
0.000000
4.702303
2.193566
0.000000
4.214566
0.307571
-0.103671
-3.297023
-5.238470
2.640861
-2.376771
0.000000
0.000000
0.002282
0.000000
3.240313
0.000000
0.000000
0.000000
0.000000
0.634815
1.049131
-2.381024
0.000000
0.000000
-0.470345
0.904161
0.000000
-1.147567
1.567330
0.000000
2.624976
2.133711
-3.394463
-1.750817
0.000000
-0.781178
0.000000
-0.008188
2.394503
-9.253752
0.000000
0.182395
0.015051
0.000000
0.000000
0.041565
-0.992970
0.973987
0.000000
0.000000
0.000000
2.241063
0.000000
-3.495141
0.000000
0.000000
-1.148494
0.000000
1.089817
0.103285
0.000000
0.000000
0.000000
0.000000
0.004896
0.000000
0.000000
-8.627635
0.142705
-0.534648
-0.172027
-2.202203
-0.746935
0.000000
3.411567
0.000000
0.000000
-0.830775
1.096465
1.249036
-0.624064
-1.997926
-1.254795
3.194712
-5.660479
-0.613351
-0.020396
0.024861
-0.546820
-1.596142
0.000000
-0.713547
0.000000
0.000000
-3.323315
0.000000
-0.002288
0.470009
1.090141
-1.848530
-0.000079
0.000000
0.000000
-1.207065
-0.258011
-0.175366
0.000000
0.000000
0.000000
0.174192
-2.881410
0.000000
-2.358895
0.354084
0.000000
3.336514
1.755385
0.000000
-2.566271
-0.643367
1.807016
2.864448
0.232733
0.000000
4.095402
-2.023041
1.588547
0.001329
-0.008089
2.608813
0.025352
0.000000
0.000000
0.000000
0.000000
-0.587224
-1.826984
-0.013162
-0.632974
0.000000
0.000000
1.826710
4.959535
0.000000
0.000000
0.000000
-2.973023
3.129869
-1.838171
0.426439
0.000000
0.000000
-2.815100
0.000000
0.000000
-1.013812
0.000000
0.000000
-3.969619
-2.177703
0.000000
-0.000067
-1.476465
-2.500232
-0.486150
2.787638
2.128900
-1.267378
2.821364
0.000000
1.010888
0.000000
6.829307
-12.477691
2.409778
-0.245252
3.569599
0.935053
0.462401
3.192716
0.000000
-1.329788
0.000000
0.000000
0.000000
3.354885
1.211069
0.000000
1.757211
-0.721106
-2.811086
0.000000
0.000000
0.000000
0.772740
3.566474
0.000000
1.969589
-0.193328
3.133405
-3.732837
-1.008211
-0.411794
-1.194862
0.000000
-2.527139
0.000000
2.694488
-0.004049
0.555160
-1.558220
0.000000
0.000000
0.421464
3.555543
0.864178
0.000000
2.100118
-2.415432
0.209385
0.557267
-1.097878
-0.244823
2.405539
-1.347139
-0.762156
-2.959244
0.000000
-0.611744
-0.855126
0.000000
2.169858
-2.745795
0.000000
0.000000
3.827710
-5.205507
0.232327
0.470568
-0.189141
-0.696223
0.942149
1.490490
1.912822
-3.204568
4.401272
0.000000
0.000000
0.000000
0.002161
0.793155
0.000000
0.000000
-0.377332
-1.654995
0.996859
0.000000
-1.605469
1.983323
0.751045
-1.510716
-3.287568
0.583798
2.869050
-0.453483
1.797881
0.000000
-6.022879
0.000000
0.000000
0.000000
0.000000
4.149364
0.551135
-2.287088
-5.752237
3.133398
-1.122532
0.201154
-4.171721
-1.158067
1.828409
-0.143274
0.000000
-2.403543
1.000468
0.000000
0.000000
0.000000
0.000000
-0.542297
0.000000
0.000000
1.390999
-1.941108
1.035214
-0.038587
-1.520158
1.430199
0.808047
2.367083
4.680954
-0.343272
1.544672
7.094510
0.000000
0.000000
0.000000
1.084569
2.004439
0.000000
0.000000
0.000000
-1.788026
-1.752694
-3.074401
-1.830820
-2.258690
-1.598819
1.374890
0.009185
0.000000
0.000000
1.262523
-2.460716
1.771912
3.873625
3.639871
-3.978250
-1.446356
0.000000
1.835463
-1.555795
0.000000
1.512488
5.004995
-1.308431
-3.930460
-0.028915
0.000000
1.810804
0.000000
2.301552
0.000000
-1.731650
0.000000
0.000000
0.000000
0.000000
-6.648569
5.673017
0.086309
-6.642511
-0.863663
0.000000
4.731584
-0.543871
-4.326314
-1.843775
0.000000
7.538569
0.000000
-2.655016
-0.320156
-1.920252
0.729218
1.212630
1.211004
0.000000
0.000000
0.000000
0.000000
8.887262
4.004830
0.000000
0.782200
4.206844
4.802773
-5.769216
-4.653189
0.000000
0.000000
-1.419026
5.151513
-3.767865
-1.944090
3.402878
1.232619
0.000000
0.000000
0.000000
-0.312785
4.574612
-1.498942
0.000000
0.000000
0.488417
-0.377332
2.972407
0.628056
0.000000
0.959061
0.010216
0.239936
-0.341117
-0.581842
0.000000
3.589887
0.000000
-1.749684
2.489684
0.317148
-3.869283
0.213926
0.000000
6.060727
1.748497
0.000000
-0.623989
0.991736
0.000000
0.126089
0.000000
-5.510351
-5.143193
-0.107367
-0.524082
-3.690204
0.064108
2.198019
0.000000
-2.770384
0.000000
2.639156
0.503856
0.000000
0.000000
0.022465
3.256574
0.000000
1.957564
-0.430496
-4.453656
0.000000
-3.845766
-1.510381
6.239026
0.000000
0.000000
0.000000
-0.152217
-0.586487
0.000000
0.000000
0.381195
0.005029
-1.196124
-5.047365
0.000000
0.000423
0.000000
0.166759
1.002165
0.000000
2.394503
0.000000
4.233354
0.000000
0.606009
0.000000
-1.050773
0.000000
0.000000
0.000000
-1.086456
0.000000
0.000000
-0.275914
1.334663
0.000000
0.000000
-1.570297
0.000858
-0.154762
0.000000
-0.377978
0.000000
0.000000
0.000000
0.037051
0.000000
0.000000
-12.494170
0.000000
1.513727
3.601729
-1.434908
0.000000
0.000000
0.000000
5.141897
-0.817616
-1.324043
0.000000
0.000000
0.000000
-0.971311
-1.897539
2.150767
-1.020834
3.775268
1.791585
2.409682
-2.299879
3.109305
0.000000
3.059424
-3.732161
1.192011
2.989698
2.511074
-2.332521
0.000000
0.000000
0.000000
-1.657542
2.001935
-1.463083
0.000000
-0.524698
-1.227875
0.000000
0.000000
0.000000
1.810804
0.002415
0.000000
-1.062670
0.000000
-3.039013
0.582425
-1.605341
-2.219565
0.000000
0.000000
-3.022608
0.000000
2.149790
-1.655383
0.000000
0.000000
4.487072
0.000000
2.948861
4.518565
0.000000
0.000000
-4.705219
0.542378
1.838032
0.324591
0.624284
-0.224866
0.000000
0.855139
-3.307395
-0.707012
0.160018
0.000000
-1.089425
-0.051067
-2.603454
-2.067223
-0.148892
0.000000
0.000000
0.000000
0.000000
0.000000
0.000000
-0.010917
2.212965
-0.008285
-3.696335
-0.123826
0.000000
-0.538315
0.794361
1.207676
0.281260
1.761740
0.974765
0.000000
0.000000
0.000000
0.006512
0.000000
0.000000
0.000000
0.000000
2.153040
0.000000
0.457038
-3.578601
1.835463
0.000000
-1.006701
-0.669948
1.678988
0.988695
-0.252829
0.000000
-1.891009
1.460120
3.875982
0.000000
0.177340
0.424094
0.000000
0.000000
2.945343
0.000000
-0.250112
18.618576
0.000000
0.000000
0.000000
2.187848
0.000000
-0.348487
4.325708
0.000000
2.624976
0.000000
3.643316
0.000000
-0.499063
1.693572
0.000000
1.574408
0.000000
-1.377503
1.482481
1.184276
1.399890
0.000000
0.941225
0.685901
-3.323315
-0.980949
-1.383165
-0.397792
0.000000
0.000000
0.000000
-0.772818
0.000000
0.000000
-1.174663
1.736948
-0.318235
-3.298560
-4.652470
0.256411
-0.156923
0.000000
-2.231726
-1.759520
2.302362
-1.431940
0.000000
0.000000
1.370906
4.998743
0.000000
1.417737
0.000000
0.000000
-1.172189
0.000219
-2.345524
-6.155316
1.229291
0.000000
3.804121
0.000000
0.003987
1.675609
0.890899
0.853156
0.000000
0.000000
0.000000
0.010130
3.864303
0.000000
-1.711096
0.000000
2.563397
0.000000
3.105490
0.000000
0.000000
0.000000
0.026145
0.000000
0.103417
0.000000
-1.121408
-3.604728
-4.794070
1.248010
0.000000
0.000000
-1.129746
-0.849531
2.403744
1.789015
0.000000
0.000000
1.206012
2.260363
2.442725
-4.137169
-0.106090
1.926124
0.441669
0.000000
-0.816061
-0.268177
0.957660
0.000000
0.000000
0.808965
-2.479729
0.000000
0.000000
0.515626
3.150251
0.568211
-1.932428
0.000000
0.000000
7.366428
-2.570744
-1.742295
2.093774
2.212115
-0.800697
0.507668
-0.963634
-1.026095
0.000000
2.869050
-1.785027
0.000000
0.000000
1.800145
1.558154
-1.103661
0.000000
-0.735116
0.000000
0.000000
-3.442155
4.477288
0.922371
0.000000
-0.763783
0.000000
3.648342
0.000000
0.000000
3.157242
5.433277
0.000000
1.274186
0.000000
0.000000
0.988695
0.000000
-5.660480
5.967212
0.000000
1.170435
0.000000
0.000000
-0.855350
-0.021802
-0.285745
2.145536
0.000000
0.000000
0.000000
0.000000
0.000000
0.000000
0.081500
3.405727
0.000000
0.515626
0.000000
0.000000
0.000000
0.000000
0.000000
0.000000
0.002874
3.258361
0.000000
1.208502
0.000000
0.715372
-0.580505
0.000000
-2.307414
-3.386810
2.374151
0.000000
-2.714563
2.566834
2.442666
0.000000
-2.295820
1.666089
0.000000
0.660667
1.422421
3.650827
1.717182
0.000000
1.379871
0.178313
-7.186419
0.000000
0.000000
-0.493990
0.000000
0.000000
0.000000
0.000000
1.791694
0.000000
1.965401
4.659203
1.026941
0.000000
0.000000
-0.058204
0.557195
1.709763
0.000000
0.000000
1.409188
0.000000
1.887533
-0.228379
2.379151
0.000000
0.283178
-1.601423
0.000000
2.543364
-0.328187
0.000000
2.744280
0.844718
-3.448508
0.000000
3.867555
2.944339
1.084569
-2.346396
0.000000
1.664258
-0.480860
0.000000
-2.655016
-2.619026
0.000000
0.000000
-0.698543
-0.696525
0.000000
1.219607
0.000000
0.294184
-0.910424
-0.727592
0.076822
2.535988
-1.164269
0.651839
1.841934
2.152078
-0.757291
0.000000
-6.506774
-2.908799
0.000000
-0.088558
4.284356
0.000000
1.297115
3.424628
-0.018417
0.000000
0.000000
-0.271748
0.000000
0.000000
-0.751716
-8.886994
0.000000
-0.286351
0.000000
1.256610
-0.846487
0.000000
7.399011
1.403645
-2.854888
-1.678988
0.000000
1.570732
0.277925
0.000000
2.094768
0.879781
-1.713879
-0.596704
-0.033069
0.000000
-0.696223
0.000000
-1.038714
2.403744
1.970188
0.000000
0.415538
0.000000
-1.195148
-2.300871
0.000000
0.238908
0.000000
0.000000
-0.122542
3.879300
0.810742
0.000000
0.000000
0.000000
0.000000
-1.253632
2.796483
0.000000
-1.815522
0.000000
0.000000
0.000000
0.000000
0.000000
0.000000
0.000000
0.000000
-2.920437
0.196565
0.000000
0.000000
0.000000
0.000000
1.344998
0.135002
0.000000
2.665780
0.000000
0.000000
0.000000
-0.701460
0.000000
0.000000
-4.542677
-3.064004
0.000000
0.000000
0.388186
-1.838171
0.000000
5.423474
0.001129
-0.043348
-1.241739
0.000000
1.622975
-1.018754
2.938975
0.000000
3.664356
-0.044818
-1.492833
-1.453821
5.311946
-0.008178
0.000000
0.000000
0.000000
0.000000
0.000000
0.000000
0.000000
0.000000
0.000000
-1.074394
6.265288
0.000000
0.000000
-3.562222
1.821456
0.000000
2.985012
0.000000
-0.648298
0.000000
0.000000
0.960031
0.000000
0.000000
0.879443
0.000000
-0.171273
1.270750
-4.007421
0.655009
2.106641
4.858593
-1.358076
0.318159
-3.071425
-1.752694
-0.699486
0.000000
-0.551573
4.022281
1.288621
0.000000
3.079344
0.000000
0.000000
-2.139187
-0.044401
-2.119227
-5.277668
-3.271507
-0.305298
0.000000
0.000000
0.327911
-0.669948
1.106690
1.102634
-0.946604
-0.380364
-1.104396
0.000000
0.000000
0.000000
-6.634402
0.000000
3.744842
-4.944693
0.000000
0.000000
0.000000
1.380709
-6.709108
-1.851613
0.000000
-1.994948
-0.642502
-3.591753
1.860075
0.000000
-4.538527
-0.080838
0.000000
0.000000
0.000000
0.000000
0.000000
0.000000
3.648096
-0.903900
0.000000
-2.346866
0.142298
1.562238
0.000000
-0.515659
0.347559
0.000000
3.808839
-0.864882
2.429015
0.036384
6.853273
-0.324862
0.000000
-0.526645
8.306054
-5.161595
0.000000
5.746374
-0.329726
-0.697792
-0.404523
-2.637942
3.201993
-0.178583
2.321291
0.338173
0.000000
-0.264626
4.820022
1.250072
-0.088558
0.000000
0.000000
0.000000
0.000000
-6.543587
4.002642
2.738264
0.413349
0.328917
0.000000
-0.845753
-1.716768
0.000000
-0.706691
0.000000
3.163087
-0.020797
0.000000
1.805717
0.354142
0.000000
-4.544590
0.727637
1.435444
3.229507
0.000000
1.273078
0.000000
0.000000
-2.576135
-1.849521
0.002853
0.000000
0.942299
0.000000
-0.868709
0.000000
1.263326
-0.603446
0.306969
3.093008
0.000000
4.731584
0.000000
2.126165
-6.145261
0.000000
-0.139688
-0.001082
0.880562
-6.232346
0.055156
-0.713547
0.123577
0.675772
0.000000
-3.665040
-1.699395
-0.089282
-4.011913
1.503551
0.000000
2.248674
2.847006
-1.401484
0.000000
-7.042952
0.000000
0.000000
0.000000
-5.477639
0.000000
-1.933684
-3.109372
-4.989768
-0.470452
1.762562
1.574466
-10.925141
0.052147
0.005888
0.000000
0.000000
-0.318235
0.868949
0.405016
0.015113
-0.941876
0.000000
3.676220
0.000000
5.921677
-3.928607
-1.898952
0.000000
-2.593649
2.374514
-2.745858
-6.815960
0.000000
-6.963225
-1.333712
0.157880
2.453318
2.985012
-0.110110
-2.689642
-0.182460
2.014559
-0.200675
0.000000
0.879307
0.001646
0.991736
2.272542
-7.610522
0.081427
0.000000
-1.044464
0.000000
-2.727210
5.347027
2.491426
0.000000
-1.672457
-0.328067
0.000000
0.000000
-0.003214
-3.888531
-1.617414
2.078615
-1.733914
-1.042481
0.925880
3.519014
-0.046058
0.513636
-0.486897
0.000000
-0.833689
0.000000
0.001112
0.000000
0.328305
4.959535
1.935093
0.000000
0.000000
0.317509
-0.193328
-0.423261
1.186831
-0.609839
-1.625700
-2.831181
0.000000
0.000000
-2.122122
0.000000
0.000000
-0.010351
0.000000
0.000000
1.701410
-0.791112
-2.485507
0.974765
0.192925
-1.928313
-1.440124
0.000000
3.797481
0.000000
0.000000
0.000000
0.000000
0.015785
-3.920385
1.544672
-1.420424
5.864386
-0.013233
-3.650102
0.000000
3.424037
0.000000
0.023641
-1.403517
-1.255488
-2.604335
0.895401
1.469061
0.000000
-0.331079
-1.632173
0.500714
0.000000
1.588057
0.000000
0.000000
1.547375
0.000000
-0.641379
0.218404
-3.232946
-0.908926
1.985020
0.000000
6.782457
0.000000
-1.892715
-3.773995
0.877202
2.237745
-0.205927
0.000000
-0.361039
1.506288
1.626613
1.602026
1.104422
-0.425853
0.000000
-0.223965
-0.200044
0.000000
-1.094282
0.777986
-1.769687
0.000000
0.991736
-0.903900
0.743935
-0.751716
-0.809681
0.000000
0.000000
0.000000
-1.091008
-2.707062
0.000000
-0.205810
-2.395219
0.000000
0.964769
0.000000
0.994267
-12.560561
-1.128652
-1.987158
-2.552769
0.000000
0.000000
-3.860989
-0.494978
-0.097001
3.338246
-3.830249
0.000000
0.000000
0.000000
-2.627505
-1.615043
1.235939
0.000000
0.000000
0.000000
-5.172196
3.180748
0.000000
0.001995
-1.943929
0.120080
0.000000
0.000000
0.142955
0.361734
-1.664389
-0.467599
0.000000
-1.104646
-0.189677
-0.156923
-0.574419
0.000000
-0.598717
-3.027312
-0.135191
0.000000
0.000000
0.653981
0.000000
-1.213106
-1.344046
-9.713177
0.000000
0.752082
0.226536
-0.000669
0.000000
0.000000
-0.238745
0.436936
1.338394
-2.686746
-1.587037
-5.480567
3.015652
-1.059605
1.690699
0.055154
0.000000
-0.518656
-2.969013
0.810742
1.354802
0.000000
-2.409156
0.000000
0.000000
0.000229
0.000000
5.131793
0.000000
-1.546345
2.549510
0.000000
3.986362
-0.051067
0.000000
-1.034492
2.208801
-0.269213
0.000000
-1.752989
1.865485
1.778450
-0.000819
0.000000
0.000000
1.211956
-0.132354
0.000000
2.206339
0.000000
-3.193703
0.000000
0.646078
2.531820
-0.764893
0.000000
0.000000
0.000000
1.255438
0.000000
-3.690204
2.199999
0.061677
0.000000
0.222227
0.000000
-1.093860
-0.751716
1.886077
3.777581
0.000000
0.000000
0.000000
0.000000
0.611988
-0.695987
0.650628
-1.882896
-1.332126
1.628864
1.381433
0.810742
0.509394
-2.713925
-3.669079
0.000000
0.000000
3.639463
2.867247
0.000000
1.998553
-0.648298
0.000000
-2.028039
-0.171388
0.000000
0.000000
-1.203490
0.000000
-1.813558
0.222227
1.797887
0.000000
6.319233
0.000000
0.000000
-2.744477
2.481005
-1.321965
1.445176
0.000000
0.000000
0.000000
-4.384540
0.903978
0.611059
-0.250112
-2.076446
0.659535
-1.810588
1.911881
-5.272259
-5.164757
-1.371251
1.538814
-2.744217
1.988633
-1.597795
0.000000
-2.222312
-1.058044
2.923191
-1.598131
-3.329408
0.971631
1.764859
2.549481
0.000000
-2.494257
0.000000
-4.680883
0.000000
0.000000
-2.050899
0.000000
2.711555
-0.004102
0.000000
0.000000
0.000000
0.000000
0.000000
-5.153705
0.000000
0.000000
0.557610
0.000000
1.662008
0.000000
1.933984
0.000000
0.996197
0.000000
0.000000
0.189344
2.171674
1.416931
1.965107
1.863419
-0.003458
-1.272247
0.173231
0.000000
0.000000
0.000000
-5.684660
-2.171968
0.000000
0.000000
0.000000
1.863419
0.000000
-1.487411
0.000000
0.000000
-0.011277
1.939165
0.000000
0.000000
0.000000
-0.486150
0.000000
0.000000
2.817504
0.000000
0.177340
0.938765
3.257181
0.000000
0.000000
0.000000
-0.318809
2.411244
0.000000
-0.012164
0.875735
0.000000
0.000000
0.000000
0.000000
0.000000
3.077863
0.000000
2.823487
2.860363
0.000000
2.257943
0.000000
-0.545308
0.000000
0.000000
1.058811
-0.726697
-2.378849
-1.592578
0.000000
-0.631017
0.000000
0.000000
0.000000
-2.227684
1.807016
0.000000
-0.624535
-1.960346
-2.146040
-0.317264
2.725146
0.000000
-1.735194
0.185944
1.243217
-1.372285
0.220618
-1.267378
0.000000
0.000000
0.000000
-0.241668
-1.100378
0.000000
-2.299879
0.303642
-2.751950
2.865281
-3.336765
-1.104671
-0.001346
-2.669186
0.000000
0.236030
1.172725
1.730868
0.000000
1.073006
0.000000
-0.652475
0.000000
0.000000
-1.253865
0.000000
-0.691695
0.531692
-0.094257
-7.026129
0.616386
-0.053369
0.000000
0.000000
0.000000
2.329512
-3.135678
-0.972452
0.460266
0.000000
0.000000
0.000000
-1.669907
1.030019
0.505163
0.000000
0.000000
0.000000
0.000000
0.000000
0.000000
1.369397
5.406392
-2.316937
1.224667
0.864455
0.000000
-5.048596
3.087279
-2.434492
0.000000
0.000000
0.000000
0.000000
3.697787
0.000000
-2.402035
0.142527
1.061168
-2.198583
2.174182
0.769803
-3.323315
0.000000
0.239936
2.549481
0.416602
-1.942507
-0.516672
0.101775
1.486511
2.597359
1.045538
-0.367173
0.084706
0.000000
0.000000
0.000000
0.000000
0.000000
1.189218
-4.727903
3.257181
-8.113462
-1.965452
-1.558220
0.000000
-4.394077
3.321516
0.000000
3.524625
-4.799334
-1.623839
-0.141719
2.302362
5.578904
0.000000
-0.241904
-1.098864
0.000000
1.327689
2.883011
0.000000
1.978586
-0.205927
0.866373
-5.457649
0.004678
6.188001
0.000000
0.000000
0.000000
-0.152217
0.000000
1.166663
0.713401
0.000000
-2.689111
4.669691
0.000000
0.000000
-6.075025
0.000000
-1.843775
-0.726697
-1.462895
2.998227
0.000000
-4.245992
1.128626
-1.426451
0.015960
-5.927722
0.000000
0.000000
1.821456
-2.594389
0.000000
0.000000
-6.877672
1.249036
0.000000
0.773743
1.165563
1.213705
-3.078080
0.000000
0.745322
0.403964
2.898791
-2.526035
0.901052
0.067227
-5.043339
-2.034384
-1.747568
-1.709186
-0.269918
0.000000
-1.394275
0.000000
0.000000
0.897489
0.047822
-4.910247
5.384566
-5.919981
0.000000
0.000000
-0.591236
-0.079119
-0.499697
0.000000
-1.361408
-0.919786
-1.808314
0.000000
0.000000
-0.050294
-1.164526
-0.827849
0.000000
-1.478001
0.000000
0.246677
-1.019878
0.000000
-2.362414
0.000000
1.167109
0.000000
-2.300900
-0.522407
1.703382
0.632102
4.244564
0.000000
0.000000
0.000000
0.000000
-0.343272
1.602083
3.077107
-0.902106
0.000000
0.000000
2.481005
0.001473
2.210293
5.540976
0.000000
-2.287088
-0.003883
-11.970328
1.282293
-1.770395
-3.816440
0.000000
0.000000
0.000000
-5.141552
-0.351778
-0.304250
-3.506432
0.000000
-0.258249
-2.088777
-1.482541
-1.493767
0.000000
-2.866804
-1.896222
0.157880
0.346965
-0.012980
0.000000
-2.595700
2.809107
0.000000
0.498478
0.204232
2.995018
0.000000
0.000000
0.001553
0.000000
0.000000
0.000000
0.000000
0.000000
0.853861
0.000000
-0.078365
3.179681
0.000000
0.182805
-2.915090
-0.227130
1.664216
-2.779993
0.142705
0.000000
-2.974530
0.000000
5.322486
-1.050844
1.564028
-0.014944
0.202815
0.000000
0.000000
-1.337399
0.000000
0.000000
0.000000
-0.001657
-1.510716
0.000000
0.000000
0.015931
1.429777
-0.025207
-1.816379
0.000000
-1.161658
-1.720896
0.909412
3.888540
0.000000
-2.001328
-2.682931
0.000000
-0.954218
0.000000
0.021794
-5.095302
1.712898
0.006873
1.393859
-0.158839
0.004747
-0.838992
3.668702
0.000000
1.440975
0.000000
2.308655
-1.599849
-0.574970
-2.815100
-1.016424
2.119851
0.000000
-2.095568
0.000000
2.081313
0.000000
-1.191629
-0.159733
-1.320828
-4.483383
-0.290822
2.774400
-0.002031
0.000000
0.000000
-0.165736
0.000000
0.000000
3.145596
-1.344335
0.000000
2.310888
-2.677303
0.000000
0.000000
0.000000
0.000000
-0.217073
2.738655
0.000000
0.000000
-4.978327
-1.907375
0.000000
1.863411
1.662227
0.236030
2.634572
2.864448
0.000000
-4.611388
0.000000
0.810742
0.000000
0.000000
0.000000
4.862162
-0.022053
0.000000
0.000000
2.741213
-0.228786
0.000000
-0.992972
0.000000
-2.472323
-2.966020
-3.898361
-3.041913
0.000000
1.123785
0.000000
-0.042104
0.504682
1.059125
-0.620245
0.000000
-1.564353
0.388186
0.335301
-0.907781
0.000000
0.000000
-0.377332
0.000000
1.276288
2.039295
-0.009199
-1.324043
0.000000
1.788387
0.000000
0.000000
0.000000
1.380496
0.318288
0.000000
0.000000
8.090863
0.000000
0.000000
-0.250112
2.638587
-3.229245
-0.396813
0.000000
0.000000
0.000000
-1.822952
0.000000
4.166859
-1.240551
0.722984
1.298228
0.000000
-0.609470
-0.200550
0.000000
0.965806
8.267503
0.000000
-2.402035
0.000000
-1.648697
-1.539868
0.000000
0.076118
1.293565
0.000000
0.000000
-0.912420
0.670972
0.686742
0.000000
0.000000
4.380335
0.000000
0.000000
0.000000
2.093254
-0.361039
0.000000
1.690699
0.000000
-9.909312
0.000000
0.135002
4.558050
0.000000
0.000000
0.000000
0.000000
-2.352939
0.000000
0.000000
4.067030
0.000000
0.000000
0.000000
-0.501777
0.000000
-0.376864
0.243545
1.854351
-1.908143
-1.177206
0.362908
-1.057406
0.000000
0.207682
0.000000
1.558154
-3.229245
-3.524308
-8.115348
-2.300900
0.805662
0.243860
0.000000
-1.675436
0.106439
4.340071
0.000000
0.000000
0.018304
1.988728
-0.679008
0.000000
-0.000496
-0.902058
5.528250
0.000000
-0.015176
0.000000
0.000000
0.000000
2.503264
3.948567
0.600228
0.000000
-3.845211
2.087547
-1.288413
2.767176
1.192011
-2.319332
-0.629214
0.000000
0.000000
0.000000
0.000000
0.000000
0.000000
0.986343
0.000000
3.266016
0.000000
0.810742
0.000000
0.005505
0.000000
-2.081945
1.537953
0.000000
0.000000
0.388605
0.000000
-0.478887
-3.035550
0.000000
-0.207097
0.000000
0.000000
0.005999
0.000000
0.000000
-2.295820
0.000000
-0.002445
0.690183
0.000000
-2.718684
3.685983
0.000000
0.000000
3.081089
-4.332487
-0.051067
0.000000
0.396159
3.842912
3.457739
-0.845748
-2.783621
5.818279
-2.900557
0.000000
1.532714
0.000000
-1.051837
0.000000
-1.242222
0.000000
-2.272789
0.000000
-1.110428
-2.369962
-2.072627
1.368079
5.030042
6.493456
2.826823
0.253325
-2.527941
1.380893
0.000000
0.024758
0.259663
0.000000
4.184387
1.449411
-0.063075
-0.912420
-3.851433
-2.338769
3.443733
4.678296
-0.665756
0.000000
0.000000
1.446303
3.884063
0.003878
2.348727
1.555386
0.000000
0.000000
1.562614
-5.467901
-1.668196
4.627614
-0.783068
-1.670884
0.000000
0.000241
7.042442
-0.444356
0.354743
-1.938805
0.000000
-4.348889
0.000000
0.133720
0.000000
2.662698
0.000000
-2.073717
4.075338
7.042442
0.000000
-4.099942
-1.687647
0.879443
0.003814
0.000000
-0.696223
0.000000
0.000000
-0.023373
-0.811883
0.001277
-1.074118
0.722067
0.670062
0.000000
-0.425263
-1.696569
1.312055
-0.001150
-3.461295
0.000000
-0.056451
0.705549
0.000000
-3.146389
2.250789
3.435244
0.587100
-0.971311
-0.522398
0.420303
-1.189341
0.000000
0.675002
-3.017663
-2.390209
0.000000
1.265466
2.793653
1.120962
0.000000
0.000000
-0.911005
-0.470106
-1.076113
-1.006902
1.710866
-1.371698
0.000000
0.000000
-6.789395
-0.097019
-0.637239
-2.962087
0.000000
-4.344658
0.000000
0.000000
-3.067921
0.559316
-1.634890
0.914249
-4.251914
3.157017
1.082644
2.456678
0.000000
0.000000
0.000000
-0.417310
-5.215484
0.000000
2.008374
-0.221605
0.000000
-1.268968
3.250646
3.937549
0.000000
0.000449
0.000000
-1.353792
5.071676
-2.637932
-6.285712
0.000000
1.497064
4.734432
-2.256167
-5.315153
-0.655697
2.568824
0.531340
-0.000353
2.191121
-0.023368
3.886087
0.000000
-1.670884
1.490490
5.514082
-1.678294
-0.955050
1.485662
-4.958802
0.000000
4.580165
0.000000
0.000000
2.617929
0.000000
0.135002
0.000000
0.000000
0.209385
-0.956797
-0.696223
-0.791239
1.987948
0.000000
-0.445422
-2.183579
0.159071
0.908573
-2.330640
-1.031099
-2.569030
-0.726452
-1.312861
0.000000
0.173486
-2.330425
-2.326185
0.000000
0.900837
-2.649880
0.000000
0.000000
0.000000
0.000000
0.000000
1.811114
-3.133545
-1.148494
-6.429309
2.358731
0.000000
0.000000
0.000000
-0.416238
-0.083548
-1.237584
0.000000
0.000000
4.148827
0.219853
3.108828
0.000000
0.000000
0.000000
0.000000
4.520252
-2.402035
2.234754
0.186636
0.000000
1.083877
7.835363
-0.061323
0.000000
-9.484409
0.000000
0.000000
0.000000
-1.169635
1.366860
0.000000
-0.667376
-0.365412
0.790862
2.821364
-1.836757
-1.434383
2.065541
-2.321136
0.001140
-7.121542
0.000000
0.000000
0.000000
0.000000
-2.862492
0.356580
-0.003216
0.133172
1.211023
0.473499
-1.411821
0.000000
2.334497
-3.322342
0.000000
-1.251903
-0.003349
0.000000
2.950929
3.497834
-1.412802
0.186091
0.000000
-3.464921
-4.585361
1.162672
0.000000
-2.745795
0.000000
0.000000
-3.532960
0.515626
-2.250296
0.000000
-0.322667
0.000000
1.666848
8.961929
-0.560049
2.738287
-0.553892
2.601533
-2.091719
0.007607
2.856617
0.000000
0.388186
0.000000
0.000000
-0.928309
-0.695161
0.000000
0.000000
0.000000
-3.480254
1.112979
-1.758071
0.000000
-2.088211
0.000000
-2.496593
0.050868
4.230483
0.280181
-1.540550
0.000000
-1.942127
0.000000
-1.295968
2.133630
3.335157
0.000000
0.000000
0.000000
0.000000
2.090493
0.000000
0.000000
-0.045894
0.000000
-3.240559
1.900953
0.000000
-0.317947
0.000000
0.000000
0.000000
-1.835084
0.000000
0.000000
1.244427
0.000000
3.106171
0.599545
0.270195
1.694229
3.643316
0.000000
0.000000
0.315743
-0.918144
2.584130
-0.845539
0.980189
0.000000
-0.468106
-0.713547
3.322591
-1.592578
-3.323316
0.000000
3.364976
0.515626
5.284681
1.186384
-5.666210
0.000000
1.270520
0.000000
2.625034
2.606247
0.000000
-3.247722
0.000000
1.965401
0.000000
-0.674239
0.001731
-1.507950
0.000000
-0.669948
0.000000
0.000000
0.195064
0.676382
-1.098750
0.148877
0.000000
0.000000
-0.713547
0.000000
0.000000
0.860242
0.000000
-4.149958
2.360880
-7.473324
0.000000
0.000000
4.285157
-2.196307
3.362516
-0.035700
0.000000
2.591835
-3.282435
-2.824035
6.609378
0.864444
0.515626
-3.185851
0.000000
-0.443384
-1.239733
1.716662
0.000000
2.820041
-0.252829
2.419184
0.000000
0.000000
-0.915218
0.000000
-0.005287
0.467694
0.000000
0.196947
-3.807597
0.879443
1.868221
1.307078
0.000000
-2.938148
0.000000
-0.373519
-0.829457
1.657835
-1.233615
-3.395640
0.610916
-1.244805
3.432912
2.231174
0.000000
0.000000
-0.302416
0.000000
-0.946604
0.000000
-5.472665
-4.364062
0.000000
1.652363
-3.574830
0.000000
-0.533935
-2.708419
-2.480430
0.000000
0.000000
-2.865433
-1.221075
8.990157
-0.841277
2.091751
-0.323226
-0.377332
0.000000
1.366586
-0.661698
-1.199816
-4.826664
-0.953784
-4.900115
0.000000
4.343437
0.000000
-0.000484
0.000000
0.000000
4.478896
0.000000
4.095884
0.000000
0.000000
0.106439
-1.329788
0.000000
0.000000
-1.394275
0.000000
-4.515156
-0.628353
5.397480
0.000000
1.021202
0.000000
0.000000
0.000000
0.000000
0.000000
0.000000
0.000000
0.000000
0.000000
-2.115560
-0.291558
0.000000
0.000000
1.705088
-0.635023
-1.750458
0.044055
-2.736782
-0.751682
0.000000
-0.080200
2.268895
3.499144
0.000000
2.950167
0.000000
-5.448226
0.000000
0.000000
0.000000
0.000000
0.000000
0.000000
0.000000
-0.229008
3.888540
-6.796615
0.991736
1.533869
0.000000
0.000000
0.000000
0.000000
-1.875524
0.001599
0.000000
2.007052
-4.043700
5.934399
0.389655
2.649387
-0.696223
0.000000
-1.097640
-0.312785
0.000000
-2.639763
0.927060
6.107840
-1.031659
-0.878138
4.199895
-0.730544
0.000000
3.475776
0.000000
0.062640
-1.804327
-0.648298
0.000000
0.000000
0.000000
0.000000
2.893494
-1.096030
-3.558448
-0.427736
2.516733
-1.301247
0.000000
-3.836639
3.075690
0.000000
0.000000
0.000000
0.000000
7.295892
0.000000
-1.012379
0.827618
0.000000
-0.956000
0.000000
-1.924522
-2.617795
3.211585
3.467771
-3.885842
-2.713925
0.388813
0.000000
0.000000
-0.970059
-1.113230
0.000000
0.000000
1.770488
0.000000
0.000000
2.224070
-3.266486
0.000000
-0.233144
1.426962
1.434940
0.000000
0.000000
1.320251
0.069617
0.732006
0.000000
0.000000
2.601286
0.703598
2.950167
0.000000
-3.895561
1.289066
0.000000
-2.891216
0.000000
-0.087218
-2.473989
-7.310652
1.249036
0.000000
-0.688607
0.000000
1.902585
1.932058
0.354142
0.811911
5.780296
-2.341596
-1.967297
0.000000
0.512250
0.000000
-0.376864
0.000000
1.987948
2.330061
-3.703005
0.000000
1.351144
-1.873215
-3.435318
0.933079
0.165342
-1.076327
-0.311790
0.000000
1.863419
-0.940729
0.000000
-2.478029
2.012310
0.442527
0.000000
1.404138
-0.077805
-0.694647
0.000000
1.031216
0.000000
-2.955779
-0.251672
-5.660298
-0.655697
-1.659588
0.000000
0.000000
-0.985130
-0.372563
0.939181
-1.585593
0.000000
-0.555253
0.000000
0.000000
-1.520124
0.000000
0.000000
2.376060
0.000000
0.000000
0.900837
0.012253
-4.245693
0.913771
-0.665756
0.000000
-2.745795
-0.080200
-2.846233
-0.880143
-0.671028
0.000000
0.000000
1.227688
0.000000
-0.538315
0.000000
-0.305664
-5.276231
-0.809230
0.004748
4.721593
-3.529235
1.186122
0.900837
6.154570
-2.360874
-2.314420
-0.384094
1.704014
0.000000
-2.358351
0.000000
0.393370
3.269105
0.000000
0.000000
-3.343160
0.000000
0.000000
0.000000
0.016732
0.000000
-0.414514
0.000000
3.651798
0.000000
-2.295820
-0.027181
-4.443069
1.198116
0.000000
-2.551375
-0.903900
-5.391646
0.000000
0.000000
-0.956920
1.515072
0.690222
-0.089282
0.172113
0.000000
-0.497056
0.972871
2.725468
0.315743
0.000000
0.000000
0.000000
0.000000
-5.927722
0.545143
-0.182482
0.000000
-4.141123
0.364593
-0.080200
5.384757
0.000000
4.609185
2.327402
-0.919786
0.000000
-0.473038
0.000000
0.000000
-3.463895
1.256378
2.046592
1.219321
0.000000
1.513872
2.002375
0.000000
-0.299730
0.000000
-3.634187
-2.435893
-1.655975
0.000000
0.281202
-1.460412
3.201993
-2.687649
1.764135
0.000000
1.418467
0.000000
0.000000
0.000000
0.075481
-1.312861
0.000000
-0.570301
-1.518888
1.964739
0.479334
-2.734997
-3.257169
-0.964530
-2.581506
0.000000
0.000000
1.405150
1.367388
0.000000
-1.518992
-0.833712
0.000000
1.739674
0.000000
0.000000
0.000000
1.705483
-1.175367
-4.014354
-1.788122
0.945744
0.000000
-1.078114
1.027483
1.211004
3.030358
-1.239520
0.000000
0.000000
2.101318
-0.766691
0.000000
0.000000
-2.680619
1.059125
0.000000
0.000000
0.000000
-0.009257
0.000000
0.000000
3.838544
-4.043075
-1.174663
0.000000
2.841128
0.243184
-3.276914
-3.692018
0.000000
0.000000
0.000000
-0.701460
2.448129
1.513872
-1.500567
-2.695668
0.000000
-0.656579
3.168211
2.360880
0.891867
-0.000964
0.000000
-0.016244
-0.012465
-0.494852
-1.697409
0.000000
0.000000
1.575231
0.000000
0.748870
2.837386
-2.581541
0.000000
1.262138
-5.541750
5.812894
-0.512458
3.554332
0.000000
0.000000
-3.121629
-0.693597
0.000000
-0.123572
1.506347
5.027791
0.000000
-0.000800
-0.492380
0.000000
0.000000
1.513872
0.515626
4.007168
1.618126
1.366860
0.000000
0.000000
-2.233718
-0.306953
4.766714
0.000000
-0.903900
0.000000
1.054581
-1.507950
0.000000
3.867987
0.584763
-3.912470
1.120892
0.355194
-0.768541
-2.735694
0.000000
-0.610004
0.000000
-0.915179
0.000000
0.614933
0.348748
-1.711565
-2.576135
1.536341
0.000000
0.000000
0.000000
2.939927
0.000000
0.790129
-0.773127
-2.602739
-0.508045
0.000000
0.000000
-1.534132
4.790475
-5.868611
0.000000
-0.621408
-4.648377
0.000000
3.984143
-0.915218
0.000000
-1.338656
0.000000
0.000000
-0.403103
-3.877462
0.000000
0.000000
0.000000
0.904153
-1.239733
0.000000
2.414368
0.000000
0.000000
0.790129
0.000000
-1.100576
0.000000
0.000000
0.000000
0.000000
0.000000
0.000000
-0.061465
0.000000
-0.941876
1.129616
-0.482887
-1.671610
1.797472
-1.804143
1.380496
2.640861
1.619338
5.749973
-3.665632
4.992393
1.982838
-0.444356
0.000000
0.568812
0.000000
0.511643
-2.267826
-1.576319
-1.110967
0.000000
2.778857
0.000000
0.749241
0.000000
-1.311612
0.000000
0.000000
3.575906
1.352672
0.000000
-1.655975
0.000000
2.553092
0.000000
0.000000
0.000000
0.000000
0.000000
0.000000
0.000000
0.000000
4.008814
0.000000
-1.991598
-1.585842
0.000000
0.000000
0.000000
0.000000
0.000000
1.408795
0.000000
2.912964
2.617018
0.000000
0.000000
0.000000
0.000000
0.000000
0.000000
0.000000
0.000000
0.000000
0.000000
0.000000
0.000000
0.000000
2.042663
0.000000
2.890993
-0.979900
0.000000
0.000000
-1.655975
-1.014523
-1.253632
0.000000
0.000000
0.000000
4.616794
0.000000
0.000000
0.000000
0.000000
0.000000
-1.685818
2.871564
-2.959244
-1.997926
0.151156
3.959672
-3.694564
-2.578209
0.000000
0.000000
2.074488
-1.093860
0.000000
0.000000
0.000000
1.460273
-0.486150
2.302362
0.000000
-0.640299
-0.395431
0.000000
0.000000
0.000000
0.000000
0.000000
0.179443
-1.711565
-0.647915
0.000000
2.525526
-0.517132
0.000000
-0.497255
0.010656
-2.081945
6.759330
-0.154762
5.449357
-0.637133
-1.252718
0.188999
0.000000
0.000000
1.092808
0.000000
-0.666030
0.000000
1.452063
-0.863848
0.000000
-1.200726
0.905041
0.473649
0.176701
-0.419363
-0.056339
-0.647076
0.000000
0.891949
1.421870
0.000000
-0.306261
-1.889592
0.217861
-0.109542
1.691749
2.493250
0.000000
0.000000
-4.187438
0.000000
5.503795
3.244146
4.362994
-6.346362
0.000000
-9.586305
0.906918
1.834295
0.000000
0.000000
2.030988
0.498941
-5.047365
-1.351387
-3.518615
0.000000
-0.008820
-1.800556
0.000000
0.000000
0.000000
5.492868
0.066014
-1.400462
0.000000
-2.745795
0.000000
-0.686846
-2.655016
0.000000
-1.626896
1.160291
1.120762
-0.120228
-4.687265
0.988695
-2.399243
0.000000
-8.103095
-3.697289
-0.574970
0.000000
0.453447
0.000000
-0.525207
0.000000
0.000000
0.000000
0.000000
0.000000
-1.125078
-0.861557
0.229561
-1.500567
0.000000
-1.121810
-5.119630
1.552887
1.959173
1.002164
0.002077
3.651798
0.000000
0.000000
-1.576319
4.781716
0.000000
0.000000
5.861030
0.000000
2.588956
0.000000
-2.328671
-9.891524
4.831232
3.506202
1.756227
-2.233718
0.324841
-2.416578
0.000000
0.000000
-2.322694
4.236466
0.000000
4.008814
-3.072275
0.170094
-0.537409
0.218711
0.000000
0.000000
2.042284
1.178942
0.000000
-0.385709
-2.159662
-0.385208
-7.175128
2.925927
-0.015162
1.165445
-1.016707
3.309190
0.000000
0.149302
-3.359191
-0.842137
1.816732
0.382783
0.000000
0.570853
0.000000
1.620064
1.819778
-1.384733
0.000536
0.018121
0.000000
0.000000
0.000000
0.000000
-5.922495
0.000000
0.000000
0.000000
-0.148167
-1.428508
2.374104
0.000000
0.000000
1.651250
0.000177
-6.679393
0.000000
0.000000
-2.400313
1.821456
2.791275
-1.063933
-0.594524
0.047959
-1.182401
5.618970
-0.538141
0.180361
-0.243571
3.126818
0.210894
0.000000
1.806568
4.486383
0.000000
-0.100277
3.484438
-0.947828
4.825469
1.186914
-2.011715
0.000000
0.000000
0.000000
0.000000
-4.238965
8.239462
0.000000
-2.476780
1.367388
6.981918
0.000000
1.190274
1.276723
-1.540550
0.796642
-0.013627
-4.450349
-3.292648
0.575893
0.034608
-2.584045
1.495848
0.796256
0.000000
0.000000
-2.074108
-0.013783
1.995651
0.629799
0.459828
2.528265
-3.039436
-0.460722
0.000000
-0.121477
-0.760081
5.324906
-11.659510
0.524338
0.000000
1.432668
-0.646155
-1.810447
0.000000
0.135002
4.075338
-0.331079
0.879443
4.814641
0.000000
1.810804
-3.556302
0.000000
-1.410082
0.000000
2.113324
0.000000
0.165441
-2.135143
-0.444356
-0.392956
-1.338542
1.233283
-0.043543
0.003180
-0.370030
2.986226
-0.921861
3.415458
0.000000
0.000000
-0.000422
0.000000
0.335789
-3.088439
-3.860601
-0.089282
-2.027011
0.116729
0.019139
-0.005942
0.000000
-0.199166
0.000000
0.000000
-0.945097
0.000000
0.000000
0.000000
0.000000
0.365355
0.000000
0.000000
-1.961943
1.143058
-0.671643
0.000000
0.258568
-1.076235
-1.359626
0.000000
0.000000
-3.399476
1.712898
2.089757
-1.458204
1.460422
0.000000
1.446092
-1.576319
-2.419102
0.000000
-0.697388
0.000000
-1.260517
-5.256899
-0.504167
0.000000
-0.050788
2.698789
0.000000
-0.491328
0.160442
6.164905
-0.801173
-1.420317
0.000000
-2.436166
-1.795693
-1.368782
-1.018017
0.000000
2.763972
-0.433140
1.194496
-0.915243
-0.328987
0.000000
0.000000
-1.235204
0.000000
1.066561
0.000000
0.000000
-2.235140
0.000000
-0.960105
-0.696082
0.000000
0.000000
4.292194
0.000000
3.573612
0.000000
1.330005
1.020549
0.000000
-1.859119
-3.029012
-0.252829
0.023515
1.914659
0.000000
0.000000
-3.016020
-2.885807
1.671398
0.598942
4.990643
0.344505
-0.013079
-0.099848
0.927848
8.332632
-2.503951
-1.665236
-7.070042
2.856466
3.308645
0.000000
1.453027
0.477985
-0.354675
-0.623989
0.000000
-2.446268
-1.834377
0.000000
-4.253565
-5.861220
-1.114978
-1.005869
-1.188272
-3.498776
-1.399428
-2.022044
1.873075
0.140714
0.000000
0.497379
-0.023070
4.456785
-1.125825
0.000000
-0.356509
-1.706002
-0.495119
0.521014
0.000530
-0.128170
0.000000
0.366581
-0.390062
0.000000
0.000000
0.000000
-0.386051
-0.443966
-0.978544
0.297444
0.000000
-4.118746
1.612817
0.000000
-0.103618
0.000000
-1.149102
0.000000
5.609162
0.000117
0.352279
0.000000
0.452192
0.000000
0.000000
0.000000
0.000000
-1.226436
0.000024
2.233025
-2.746791
0.000000
0.748428
5.540976
-2.511028
0.000000
0.000000
0.000000
0.315743
1.703382
0.444050
-2.607718
3.390195
0.000000
-2.478787
0.059993
-0.936802
1.490490
-2.478787
-0.023286
0.000000
0.000000
-2.568813
0.000000
0.000000
0.000000
0.000000
0.000000
0.000000
0.879443
0.000000
0.000000
0.000000
0.000000
0.000000
0.000000
1.109880
0.000000
-0.186522
0.000000
0.000000
0.001070
3.394954
0.000000
6.784300
0.000000
-5.485952
0.120757
0.000000
-0.175896
0.000000
1.109880
0.000000
0.000000
1.250071
-0.709370
0.000000
0.000000
0.000000
0.000000
0.000000
0.000000
0.000000
0.000000
-4.874252
0.000000
-0.486262
0.000000
0.000000
0.000000
0.000000
0.000000
0.000000
-0.171388
-1.000583
