-0.499950
0.017698
-0.073680
-0.195006
-0.018918
-0.128842
-0.036602
-0.015880
-0.013529
-0.042878
0.142344
0.002363
-0.046457
-0.025874
0.133371
-0.017398
-0.013017
0.024221
-0.097207
0.021447
-0.135488
0.418895
-0.056700
-0.012223
0.084386
0.000000
-0.082057
-0.016380
-0.162867
0.059061
-0.012460
-0.048207
-0.036734
-0.153620
0.114263
0.068403
-0.013519
0.078740
-0.158220
-0.008247
0.358134
0.163843
-0.093501
0.002836
-0.015276
-0.019730
0.000000
0.032327
0.000000
-0.107021
-0.056111
-0.008804
0.032366
0.116765
-0.017646
0.045353
-0.240138
0.026049
-0.003793
-0.025247
-0.148397
-0.018858
-0.020036
-0.020036
-0.066983
-0.014591
0.031553
-0.013017
-0.001059
0.134225
-0.023549
-0.023549
0.009858
0.032202
-0.000023
-0.035669
0.012520
-0.004286
0.114917
-0.022813
-0.023476
0.000038
-0.023476
-0.045061
-0.100561
0.000000
0.063734
-0.021311
-0.097812
-0.001006
-0.021455
0.053434
-0.023476
0.114410
0.067082
0.115775
-0.002520
0.062226
-0.019939
0.010656
0.063527
-0.002878
-0.043385
0.000000
-0.103188
-0.187848
-0.003159
0.011990
0.000000
-0.086977
-0.078779
0.037150
0.072288
0.083772
0.132939
-0.047270
0.001461
-0.062241
0.009278
0.216584
-0.054349
0.042843
0.007832
0.000000
0.018242
-0.066237
-0.046297
0.087691
0.084033
0.077227
0.051707
-0.062103
0.030745
-0.088463
-0.039620
0.011927
0.034547
0.000000
0.031902
-0.009934
0.168132
0.923997
-0.238976
0.225897
0.210877
0.005449
0.000000
-0.032510
0.061545
-0.064120
-0.016243
-0.002520
-0.151961
0.013172
-0.013536
-0.076715
0.020738
-0.029878
0.035769
-0.062562
0.018318
-0.120610
-0.077104
-0.005647
0.013822
0.094328
-0.018956
-0.094692
0.001829
0.026210
0.000000
0.001829
0.048133
-0.114629
1.068616
-0.103188
-0.016243
0.043844
-0.064711
-0.085423
-0.044750
0.030745
0.068660
0.017078
0.014649
0.038002
0.119865
0.199468
0.000000
0.054382
-0.007789
0.093432
0.073835
-0.041411
-0.114858
0.088275
-0.134096
-0.079341
-0.119359
-0.004077
-0.061167
-0.051909
-0.061408
0.000000
0.016134
-0.107399
0.000000
0.091136
0.007084
-0.036602
0.000338
-0.013536
-0.810598
0.025047
-0.031414
0.354196
0.023601
-0.018332
0.000000
-0.043600
-0.001273
-0.020968
0.000000
0.100123
-0.030825
-0.034198
-0.073228
-0.103188
-0.034045
-0.034219
-0.132826
-0.069935
0.000000
-0.010120
0.000000
-0.109580
0.056452
-0.028274
-0.077679
-0.026511
0.123254
-0.007153
0.022254
-0.085351
-0.085351
-0.085351
0.000000
0.000000
-0.044509
-0.012917
-0.079520
0.000000
0.132939
0.132939
0.000000
0.000000
0.000000
0.003722
0.000000
0.042921
0.013110
0.204526
0.000439
0.000000
0.001913
-0.060720
0.062149
-0.044509
-0.070447
-0.048473
-0.037459
-0.002247
-0.075531
0.132939
-0.077177
0.089365
-0.016585
-0.076833
-0.053592
0.062149
-0.083902
0.001550
-0.051021
-0.113698
-0.043600
-0.025102
0.012591
0.004145
0.024758
-0.017198
-0.048266
-0.013995
-0.040935
0.000000
-0.020263
-0.167527
-0.009173
0.635524
-0.084636
0.019349
-0.130640
0.031761
-0.201625
-0.045101
-0.153142
0.166580
-0.127765
-0.128135
-0.218756
0.037120
0.038896
-0.042929
-0.062044
0.085073
-0.035890
-0.023810
0.069759
-0.045375
0.000000
0.079592
0.140392
0.206061
-0.073251
0.277620
-0.071559
-0.077825
0.048093
0.027018
-0.043329
0.180805
-0.032909
0.000000
0.018611
-0.032909
-0.168006
0.002854
-0.058893
0.015310
-0.078595
0.015303
-0.055448
-0.035919
0.023263
0.492335
-0.165509
-0.023358
0.377838
-0.147932
0.028210
0.054029
0.004448
-0.002520
-0.032526
0.181106
0.022264
-0.064511
-0.252594
0.048484
0.007536
0.015692
-0.122668
0.000000
0.205597
0.161433
0.060865
-0.063697
0.128330
0.018611
-0.073299
0.000065
0.217494
-0.045862
0.043062
-0.027572
0.041632
-0.014281
-0.099943
-0.020310
0.013172
-0.188464
-0.016527
-0.011510
-0.008420
-0.058999
0.025296
0.011305
0.009861
0.017946
0.157416
-0.079879
0.062459
-0.122713
0.037239
0.034941
-0.031078
0.076015
-0.048592
0.014828
0.017824
0.000000
-0.004824
0.000015
0.181106
-0.033207
0.018072
0.000000
-0.154749
0.830995
-0.018241
-0.000066
-0.099342
-0.299118
0.036105
-0.051629
0.142058
0.064097
0.010165
-0.090638
-0.016647
-0.017820
-0.083193
-0.018575
-0.021108
0.004448
0.029560
-0.012054
-0.074027
-0.021050
0.102626
-0.047270
0.047336
-0.177681
0.077750
0.002897
0.000856
0.000000
-0.003693
0.045038
-0.188894
0.061012
0.000000
0.111694
0.016478
-0.173140
0.119862
0.054690
-0.037156
-0.006136
-0.061408
0.000000
0.094700
0.068403
-0.023084
-0.169166
-0.137477
-0.119332
-0.124377
0.269234
0.013172
0.009288
-0.004286
0.000000
-0.084578
-0.064402
0.067582
0.000365
-0.002878
0.032314
0.070238
-0.047270
-0.033986
0.000000
0.000000
-0.002520
0.009861
-0.134309
-0.040003
-0.082057
-0.008471
0.001872
-0.017582
-0.032909
0.108393
0.138598
0.018866
-0.171020
0.060454
0.041658
0.106093
0.034428
0.002593
-0.253720
-0.000071
0.023638
0.161433
0.026203
-0.205567
-0.013126
0.129522
0.032202
-0.117829
-0.112412
0.012600
0.034355
0.060765
-0.148702
-0.242143
0.048829
-0.000079
-0.178549
-0.167509
0.000000
0.047322
-0.029446
0.075122
0.090424
-0.016395
-0.102680
0.020738
-0.023367
0.100947
0.203050
0.034684
0.009936
0.000000
0.000709
0.000000
0.163085
-0.039872
0.001913
-0.203483
0.027711
-0.003333
0.044643
-0.000059
0.063734
0.000136
-0.063179
0.009861
0.053360
-0.026580
-0.027802
0.027792
0.044113
-0.118936
0.017839
0.040105
0.117763
0.000000
-0.060865
0.000000
-0.085871
0.220684
0.133829
0.000000
0.030745
0.224191
0.001992
0.046390
0.064633
0.008073
-0.080384
-0.168604
-0.083339
-0.239030
0.083199
-0.014002
0.105153
-0.128322
-0.023635
-0.030385
-0.016585
-0.021303
0.017839
-0.064411
-0.024738
-0.119357
-0.039677
0.056620
-0.034794
0.120255
0.005956
0.962613
-0.011910
0.066276
0.054382
-0.025113
0.008929
-0.169354
-0.042573
-0.050801
-0.133749
0.082000
-0.025113
-0.067928
-0.083894
0.279086
-0.008952
0.000016
0.016173
0.000000
-0.002267
0.020126
0.061127
-0.020899
-0.044688
-0.000001
0.000000
-0.031755
-0.201725
0.000000
0.170149
-0.125973
0.090448
0.187595
-0.005966
0.055764
0.003118
0.050312
0.111694
-0.086380
0.053360
0.000000
-0.048592
0.000000
-0.096911
-0.275745
0.061452
0.000000
0.235988
-0.106902
0.054434
-0.018688
-0.052195
0.126966
0.172842
0.247450
-0.001087
-0.128864
0.888029
0.010322
0.010322
0.010322
-0.119195
-0.078453
0.057480
0.027711
0.038187
-0.036678
-0.035464
-0.023810
-0.051725
-0.083536
0.032142
0.000000
0.190211
-0.104178
0.000062
-0.000022
0.046704
-0.007892
-0.067144
0.286688
-0.003755
-0.112699
-0.141776
0.420282
-0.023066
0.015854
-0.067825
0.165779
0.130596
0.001913
0.061940
-0.043552
0.082803
0.037844
0.063734
-0.035523
-0.002039
0.029417
-0.118131
-0.001087
-0.140634
-0.001087
-0.135488
-0.023066
0.000000
0.051533
0.010902
-0.011478
0.029560
-0.050801
-0.046297
-0.103037
0.049508
0.125787
-0.006823
-0.041643
0.126966
0.069762
0.015628
0.052591
0.010322
0.000000
-0.142634
0.062072
0.033877
-0.149096
-0.291436
0.013438
-0.014644
-0.261403
-0.069387
0.070316
0.042782
0.081919
-0.012576
-0.029121
-0.029130
-0.029121
0.126897
0.075463
0.016155
-0.001743
-0.076715
0.000000
-0.006053
-0.005647
0.141281
0.068403
0.074576
-0.022301
0.319413
-0.022542
-0.047828
0.061129
0.174404
0.073321
-0.281854
-0.171906
-0.082057
-0.127708
0.205085
-0.030011
0.220684
-0.007048
0.080592
-0.000722
-0.005249
0.053011
0.126966
-0.077637
-0.025502
-0.016222
0.065924
-0.069373
0.023412
0.011990
0.013948
-0.033070
0.103801
-0.051021
0.007536
0.026926
-0.004601
-0.002631
0.032805
0.087799
0.000000
0.110067
-0.110158
0.041155
0.074725
0.100453
-0.059969
-0.107597
0.000000
-0.043723
-0.019583
-0.016681
-0.250326
0.408674
-0.050542
-0.167261
-0.012460
-0.092907
0.143636
0.062665
0.044899
0.028507
-0.056801
0.015303
0.043010
0.063019
-0.004915
-0.071336
0.235801
-0.247194
-0.052708
-0.069922
-0.025400
0.017437
0.040267
-0.050011
0.178463
0.000695
0.033283
0.013689
-0.044387
-0.000064
-0.080605
0.021447
-0.004257
-0.129499
0.010304
-0.075442
-0.025521
-0.067032
-0.046965
-0.073400
0.171956
-0.033070
0.042193
0.026286
-0.017198
0.128983
-0.037365
-0.027829
0.043010
0.178482
0.000000
0.138335
-0.042878
0.200815
-0.147943
-0.005497
0.071075
-0.051021
-0.063323
-0.072396
-0.069872
-0.008471
0.123755
0.006989
0.000000
0.009683
0.022442
0.036988
0.022264
0.071017
-0.044457
0.026049
-0.006823
0.054698
-0.068385
0.002975
0.286688
0.212469
0.106225
0.000000
0.000000
-0.027109
-0.006365
0.084245
-0.029362
-0.043777
-0.028469
-0.035137
0.028651
0.111562
0.126966
-0.022644
-0.113480
0.287667
-0.027639
-0.002971
-0.105566
0.144114
-0.030289
-0.047399
0.032366
-0.002539
-0.023427
0.001872
0.412388
0.000905
0.261739
-0.284453
0.001992
-0.135767
0.088336
0.000000
-0.050214
0.005138
-0.084740
0.000000
-0.123602
-0.000594
-0.135199
0.062149
0.045015
-0.065442
-0.106898
-0.028469
0.000000
-0.016222
0.002157
-0.071353
-0.078129
0.001085
0.029705
0.049277
-0.065757
-0.040190
0.053011
-0.017582
-0.101368
-0.106898
-0.244063
0.006438
0.069810
0.020947
0.109757
0.015310
0.014227
0.052591
0.060341
-0.030442
-0.054883
0.029940
0.059746
-0.036678
0.135728
-0.060720
-0.032710
0.001996
-0.029744
-0.026053
0.004462
0.065555
-0.182659
0.144568
0.192153
0.039630
-0.104921
0.058815
-0.003058
0.127722
0.131858
0.070708
-0.071366
-0.088857
0.000225
0.018351
-0.022570
-0.084287
0.002333
0.057275
-0.006365
-0.007038
0.061246
-0.229462
-0.000044
-0.024264
-0.317307
0.049069
0.077239
-0.095141
0.000000
-0.003653
-0.059033
-0.010571
0.025936
0.310519
-0.018647
0.015310
0.009370
0.032286
0.056903
0.062149
0.084091
-0.000623
-0.018890
-0.077947
0.275411
0.040025
0.011990
0.070316
0.035935
-0.027109
0.051083
0.051083
0.039308
-0.151205
0.026286
0.126158
0.033981
0.051083
0.010656
-0.017823
0.560821
0.000000
0.014948
0.096808
-0.058755
0.029601
0.030107
0.000000
-0.170612
-0.043534
0.033101
-0.039533
-0.093943
0.095847
0.180805
-0.100174
0.002649
0.129189
-0.030327
-0.149640
0.062425
-0.185442
-0.085509
0.030246
0.012411
0.160772
0.021848
0.015310
0.259187
-0.002725
-0.036394
-0.375809
0.150867
0.016059
-0.166835
-0.144187
-0.043959
-0.081573
0.073726
0.007175
0.036396
0.162026
-0.144787
0.124101
0.093487
0.153532
0.414326
0.170067
-0.035032
-0.132779
-0.157473
0.038321
-0.135488
-0.135488
0.019244
0.009322
-0.154334
0.000000
-0.147367
-0.057725
-0.000057
0.055147
0.065555
-0.089378
0.062194
-0.161191
-0.012460
-0.015746
-0.017357
0.031761
0.026917
-0.095608
0.131946
-0.039528
0.020947
-0.050211
-0.189623
-0.016395
0.039225
0.220997
-0.131146
-0.039102
-0.000497
-0.119274
-0.130273
0.013499
0.104201
-0.004609
0.102443
-0.016681
-0.039533
0.099532
-0.069022
0.002766
0.031553
0.063699
-0.005049
-0.004257
-0.051147
0.063734
0.011990
-0.022537
0.156743
0.181106
-0.452218
0.138104
-0.047728
-0.015609
-0.085423
-0.025102
0.093628
0.046704
-0.041643
0.022101
0.041932
0.049069
0.000000
-0.053959
0.122674
0.020264
0.112679
-0.022360
-0.159867
-0.062241
0.000000
-0.058006
0.000000
0.032028
0.056452
-0.061468
-0.072586
-0.098182
0.036721
-0.021333
0.191305
0.059480
-0.101241
0.000000
0.170067
0.085779
0.005449
0.030432
0.015435
0.018453
0.105153
-0.067989
-0.027544
0.121603
0.206216
-0.027639
0.000000
-0.082339
-0.169165
-0.006008
-0.031755
0.118131
0.040668
0.068987
0.000000
0.029560
0.120532
-0.016243
-0.112092
-0.071641
-0.029098
0.037850
0.013186
0.961438
-0.017391
-0.001432
-0.002267
0.000000
0.054434
-0.015382
-0.117829
-0.039533
-0.105566
-0.132076
-0.037098
0.058098
-0.214405
-0.013099
-0.162867
-0.023659
-0.189486
-0.083637
-0.032322
0.253619
0.269228
-0.088463
-0.038924
0.203050
-0.001517
-0.036678
0.509775
0.026984
0.142511
-0.040668
0.017209
-0.036189
0.304843
0.013590
0.112730
0.040028
0.000000
-0.095371
0.000000
-0.035228
0.049508
0.034684
-0.030327
-0.213357
-0.067989
0.001880
-0.030327
-0.002256
0.133635
-0.006901
0.038253
0.017075
-0.059969
-0.000408
0.094582
-0.016708
0.005686
-0.064236
-0.039565
-0.093616
0.000000
-0.018688
0.084083
0.161433
0.019422
0.069960
0.046672
-0.030326
-0.032147
0.025155
-0.096150
-0.006285
0.027524
-0.072204
0.037842
-0.058296
0.120542
0.009014
-0.033207
0.000134
0.057780
-0.103278
0.021618
0.125787
-0.011750
-0.144735
-0.078773
0.035757
-0.000045
0.063527
0.003682
0.041036
-0.012054
0.006464
-0.205567
0.143984
0.179881
0.103043
0.159955
-0.170371
-0.008127
0.032776
0.000000
-0.076832
-0.080147
0.061121
-0.000012
-0.003159
0.000000
0.089155
-0.009620
0.019932
0.032202
0.022264
-0.171020
0.183403
0.000000
-0.052118
0.253729
-0.022537
0.110470
-0.041434
0.032800
0.147489
-0.030385
0.132939
-0.029878
-0.048438
0.061121
-0.011228
-0.004915
0.079317
-0.000214
0.041357
0.037594
0.057225
-0.037148
-0.002971
-0.044387
0.132939
0.012781
0.070238
-0.041134
-0.038048
0.187685
0.161433
0.000000
0.084570
-0.092536
-0.052876
-0.000054
-0.033424
-0.021333
0.205088
-0.096544
0.002395
-0.034998
0.036697
-0.010884
0.051233
0.086736
-0.187133
0.125797
-0.082057
0.000000
0.037407
-0.004286
-0.117004
0.000000
0.004448
-0.065780
-0.118322
-0.005048
0.000000
0.009322
0.012235
-0.075531
-0.121198
0.031761
0.064505
0.012322
0.085017
0.089478
-0.080505
-0.030101
0.023281
0.021872
-0.035032
0.036988
0.007018
0.063734
-0.045721
-0.030099
-0.254595
-0.060219
-0.075299
0.046704
-0.084838
-0.133585
0.013172
0.066925
0.100562
-0.090550
0.052068
0.110470
0.061121
0.006102
-0.005738
0.005462
-0.051813
-0.051813
-0.000050
-0.018275
-0.138778
-0.233929
-0.117121
-0.098964
-0.012123
0.048585
0.104918
-0.176722
0.000000
0.081483
-0.001806
0.000695
0.165779
0.032955
0.000000
-0.043705
-0.161822
-0.071385
-0.011255
-0.016395
0.015981
0.000000
-0.067166
0.000000
-0.267854
0.015975
0.000000
0.005846
0.058937
-0.008471
-0.055654
0.018220
-0.074625
0.018041
0.000000
0.065590
-0.037584
-0.181026
-0.050952
-0.075299
-0.010360
0.060544
-0.017593
-0.169354
-0.069057
-0.134575
0.261585
-0.020310
-0.116818
0.013438
-0.055559
0.131550
0.129189
-0.058999
-0.058999
0.057607
-0.096544
-0.048152
0.000000
-0.022542
-0.009793
-0.048878
-0.082052
0.022808
-0.031970
-0.013858
-0.184807
-0.000085
-0.155677
-0.083932
0.068972
0.016146
-0.088883
-0.140627
-0.029744
0.361934
0.015517
0.007175
0.013176
0.025893
0.154159
0.087691
-0.011228
0.027152
0.083461
0.042262
-0.092735
-0.007558
0.059977
-0.143758
-0.073290
-0.086621
-0.081573
0.054883
0.040105
-0.070047
-0.006541
-0.067989
-0.039152
0.011927
0.161433
-0.116119
0.015981
0.144076
-0.046779
0.032978
0.000000
0.074529
0.013590
0.125787
0.109128
-0.099099
-0.089924
-0.060772
0.003977
-0.014002
0.059709
-0.039708
0.049508
0.039069
1.183336
0.007833
0.417258
0.001829
-0.012576
-0.007349
0.003969
-0.106448
0.634292
-0.222048
0.007536
-0.016513
-0.225206
-0.217878
-0.095608
-0.000244
0.138750
0.054322
0.007755
-0.072396
-0.143206
0.054382
0.060454
0.016173
0.032327
0.009360
-0.013321
0.306617
0.026917
0.027279
0.040267
0.097614
-0.050368
0.377838
0.000365
-0.001087
0.009861
0.031559
-0.039726
0.142970
0.377838
-0.035523
-0.057766
-0.083036
-0.243521
-0.001743
0.054767
-0.032944
-0.026121
-0.126001
0.022456
-0.083894
0.105845
0.036641
-0.066121
-0.072488
0.074724
-0.037131
-0.021455
0.009322
0.022755
0.000000
0.058024
-0.032909
0.277787
0.049200
-0.063552
-0.019456
-0.030326
0.004594
0.059802
-0.076623
-0.056370
-0.063552
0.006845
-0.025448
0.019305
0.047336
0.057275
-0.006352
0.047472
0.034547
-0.092375
0.151076
-0.063856
0.871176
0.041656
0.066925
-0.035564
0.040041
0.046390
0.000000
-0.045061
0.000000
-0.020968
-0.081777
-0.013995
0.199285
-0.043928
0.000000
-0.074027
0.018611
-0.136113
-0.006757
-0.039528
-0.029744
-0.024578
0.008396
0.063886
-0.004389
-0.153892
-0.073658
-0.000100
0.037774
0.000559
-0.014068
-0.146081
-0.104484
0.012426
-0.075531
-0.110995
0.057780
-0.190406
0.079319
-0.074693
0.000000
0.004145
-0.019644
-0.047728
0.041155
-0.045734
0.009287
0.000365
-0.342523
0.034148
-0.010961
-0.118166
-0.033849
0.376197
0.030246
-0.032330
0.000000
0.108727
-0.192460
0.022116
0.006627
-0.197579
-0.047728
-0.352152
-0.329196
-0.082908
-0.114605
-0.227242
-0.036678
0.068660
0.304843
-0.007038
-0.122237
0.162595
-0.138176
0.001550
0.017327
0.000000
-0.204014
-0.048987
-0.001432
0.005870
-0.241867
0.125129
0.111641
-0.024578
0.093314
-0.018458
0.000000
0.069057
-0.014423
0.000000
0.046672
0.098600
-0.013321
-0.305539
-0.046036
-0.176958
0.017949
-0.017233
0.104201
-0.036678
-0.140779
-0.005098
0.006845
-0.043552
-0.055020
0.000000
0.072769
-0.166728
-0.058006
0.253619
-0.081881
-0.054387
-0.036678
0.227636
-0.082057
0.090389
0.098977
-0.110963
0.000000
0.063592
-0.000703
-0.017620
-0.062241
0.000606
0.000000
-0.390064
0.023128
-0.082057
-0.036187
0.000000
0.066916
0.263544
0.035366
0.000000
-0.037031
0.039981
-0.053749
0.108588
-0.042573
-0.016725
-0.023898
0.013438
0.067608
-0.112803
0.000000
-0.046680
-0.046680
-0.063179
-0.039561
0.009602
0.018186
0.061246
-0.031557
0.111869
0.019887
0.068311
0.000000
0.007471
-0.132920
-0.091074
0.279086
-0.157903
0.018611
-0.002862
-0.014826
0.000439
0.032724
0.043242
0.004594
0.014256
0.065555
0.053209
-0.084636
-0.032875
-0.101160
-0.040209
-0.054349
-0.161557
0.145854
-0.082057
-0.006136
-0.056464
0.010656
0.036641
0.015648
-0.057783
-0.000594
-0.024612
0.055147
-0.008420
-0.032527
0.040105
-0.015312
0.001085
0.077737
-0.095608
-0.116171
0.011990
-0.001398
-0.057783
0.074738
0.013499
0.023807
0.072800
0.000000
-0.043723
0.000000
-0.067825
0.016173
0.395838
-0.030310
0.009996
0.023976
0.074613
-0.029446
0.071017
-0.003328
0.072693
0.000000
-0.013513
-0.052860
-0.004824
0.033981
-0.002361
0.013172
-0.209353
-0.054109
-0.028274
-0.063179
0.171756
-0.250326
-0.030289
-0.032909
-0.040190
-0.055596
-0.110971
0.007175
0.119862
0.000000
0.011927
-0.039677
0.042672
0.000000
0.128003
0.000000
-0.028469
-0.001955
0.277440
0.061121
0.031827
0.036577
-0.127795
0.000000
0.014598
-0.003159
0.019349
0.278278
0.007471
-0.088463
-0.201209
0.023023
0.000000
0.071425
-0.028242
0.048599
0.022101
0.023914
-0.000083
0.083113
0.063734
-0.067825
-0.027636
-0.008952
-0.155511
-0.030326
-0.076623
-0.021303
-0.126533
-0.025086
-0.071325
0.060544
0.000000
0.059746
-0.216388
-0.209353
0.005861
0.213641
-0.019744
-0.015367
0.090748
0.000000
0.000000
-0.001273
-0.034471
-0.043319
0.113039
-0.125833
-0.140661
0.061945
0.039931
0.080696
0.059680
0.765989
-0.228239
-0.000180
-0.129123
0.169127
-0.026705
0.000000
0.000000
0.019349
0.034148
0.000000
0.044730
0.000000
0.053997
-0.003537
-0.026053
0.062149
0.032142
-0.149596
-0.039708
0.441029
0.040815
0.010985
-0.114858
-0.025586
0.085743
-0.005049
-0.082386
-0.056801
0.070451
0.092777
0.012655
0.000000
0.024396
-0.063697
-0.071641
0.000000
0.005646
0.005613
0.005589
0.005637
0.005637
0.000000
0.005646
0.005645
0.005643
0.005600
0.005645
-0.023051
0.005645
0.007456
0.007423
0.007399
0.007421
0.007421
-0.113929
-0.003653
0.000000
0.083772
0.036441
-0.041766
-0.003875
0.055577
-0.205757
0.009725
-0.009310
-0.216078
-0.018546
-0.013321
-0.037777
-0.011750
-0.037148
-0.037255
-0.046511
0.028849
-0.035890
-0.205567
-0.036535
0.069683
0.012570
-0.112699
0.018557
-0.013017
-0.043319
-0.031397
0.272756
-0.061686
0.050612
0.057607
0.012489
0.253729
-0.039298
0.205505
-0.134928
-0.055990
-0.004821
0.007970
0.112356
0.002347
0.062149
0.004358
0.067666
-0.051018
-0.073272
-0.073272
0.002601
-0.104388
0.031763
0.111562
0.000000
-0.089714
-0.000101
0.029550
0.029550
-0.039528
0.129522
-0.079147
0.213641
0.032142
-0.032906
-0.032906
0.140293
-0.057679
-0.008290
-0.087076
-0.019363
0.005555
0.047536
-0.124996
-0.202501
-0.117711
0.040281
0.122265
-0.025872
-0.010571
0.144266
-0.014818
-0.007473
0.001666
0.026338
-0.102816
-0.059767
-0.008325
-0.106758
0.000000
0.018611
-0.082057
0.004283
0.080223
0.017839
-0.007293
-0.043723
0.091663
-0.022698
-0.000078
-0.088463
-0.006575
-0.097207
0.036988
0.000000
0.006503
-0.169162
0.089405
0.062149
0.088060
-0.076833
0.027279
-0.043801
-0.043801
-0.034998
-0.084447
0.007784
-0.054387
0.157660
0.010776
0.040105
-0.074027
-0.015367
0.041357
-0.125022
0.133371
-0.078892
0.270231
0.000225
0.009936
-0.033070
-0.123735
-0.154489
-0.019557
0.166930
-0.045721
0.051492
-0.180882
0.000000
0.045883
0.037559
0.016720
-0.219402
-0.002109
0.005461
0.014422
-0.020968
0.154588
0.061545
-0.156272
0.055375
-0.013325
0.045411
0.075121
-0.119772
0.036988
-0.074027
0.043309
-0.007711
0.007832
-0.018688
0.227636
0.115209
-0.084447
0.051582
-0.119359
-0.037891
-0.058296
-0.016544
-0.157111
0.022808
-0.126778
-0.119359
-0.082339
0.144470
0.127066
-0.008414
0.030745
-0.043600
0.044628
-0.068385
-0.035613
0.047647
0.046672
0.079523
-0.000086
0.176541
-0.006144
-0.041143
-0.059767
-0.059767
0.056884
0.018279
-0.043319
-0.083036
-0.068331
0.023126
0.059454
0.017949
0.062305
-0.186668
-0.050797
0.178550
-0.020899
-0.038856
-0.055747
-0.023789
0.042632
-0.013730
0.111641
-0.023635
-0.002143
-0.023635
-0.023635
-0.221310
-0.014188
-0.023066
-0.057766
0.011138
0.013288
0.029560
-0.051341
0.000000
0.000008
0.000110
0.030000
0.027341
-0.058006
-0.005077
-0.003866
0.106597
0.073642
0.032955
-0.015613
0.046300
0.021515
-0.063844
0.056294
0.000131
-0.322218
-0.114562
0.000000
-0.045991
-0.095608
0.000000
-0.023069
0.292038
0.000000
0.056137
0.000000
-0.025872
-0.003159
0.062149
-0.034538
0.154638
0.094308
0.089405
-0.000056
0.230844
0.001378
0.219858
-0.051021
-0.250033
-0.020899
-0.011349
-0.020899
-0.041247
-0.058999
0.045396
-0.016364
-0.025502
-0.013707
0.009858
0.620788
0.038576
0.138488
0.000365
0.000000
0.000000
-0.171020
0.049508
0.033126
-0.008471
-0.021007
-0.042054
0.000000
-0.139788
-0.002115
-0.015746
-0.033034
0.112466
0.177534
-0.017879
0.102238
-0.037518
0.037832
0.026286
0.081274
0.000318
-0.096150
-0.124335
-0.016222
0.080917
-0.118084
-0.000810
0.123755
-0.219756
0.000092
-0.087638
0.052817
0.005462
0.025989
-0.018241
-0.062051
-0.078595
-0.061616
0.058047
-0.032330
-0.032875
-0.075407
0.009602
0.074616
-0.124377
0.046606
-0.006541
0.072368
0.075312
-0.030920
0.228694
-0.004601
0.042223
0.129301
-0.232254
-0.015741
-0.000408
-0.056669
0.015648
0.015116
0.000000
0.070852
0.000000
0.018279
0.086708
-0.016938
0.041881
-0.010066
0.286688
0.000000
-0.010120
-0.101364
-0.228810
0.047970
0.009690
-0.027036
-0.023232
0.045289
0.059613
0.671803
-0.034237
0.098478
0.005870
0.021515
-0.036172
-0.080442
0.482413
-0.029989
0.019349
0.019349
-0.059559
0.011402
-0.039528
0.000000
-0.020348
-0.070891
-0.050092
0.053360
-0.036324
0.000000
-0.007038
-0.029922
0.020226
0.055264
-0.013172
0.063888
-0.013995
0.001061
0.201774
0.135189
0.023601
-0.029744
0.000000
0.054382
0.485681
0.266288
0.000000
-0.261493
0.058819
-0.192460
-0.061408
0.000000
-0.032944
-0.124377
0.027470
-0.098131
0.022264
0.003667
0.033276
0.000400
-0.045152
0.056903
0.139952
0.049910
-0.095608
0.096841
0.123457
0.057607
-0.095552
-0.319080
0.027711
-0.032330
0.000365
-0.054109
-0.002520
0.017839
0.006464
-0.026404
-0.032737
0.013948
0.000000
-0.073937
0.326926
-0.004601
-0.217100
0.035338
0.100520
-0.258430
-0.037674
-0.096909
0.000129
-0.056801
-0.142040
-0.143517
-0.120589
0.019422
-0.000065
0.027357
0.119862
0.068987
-0.038927
-0.127400
-0.129123
-0.020690
0.057275
-0.032944
-0.047728
0.203050
-0.217857
-0.074406
0.084045
0.277253
-0.036087
-0.119203
-0.197231
0.105153
0.000000
-0.015452
-0.008904
-0.027639
0.040281
0.000365
-0.054559
-0.047613
0.048816
-0.029744
-0.027109
-0.000086
0.096387
0.000000
-0.029825
-0.151183
0.111641
-0.094692
0.077078
0.019469
0.057857
0.084117
-0.071097
0.036721
0.000053
0.002347
-0.015816
0.000000
-0.007700
-0.106774
0.868464
-0.132206
-0.040216
-0.056821
-0.043841
-0.002256
-0.006174
0.201904
0.005054
0.023897
-0.028274
0.065555
0.000000
0.015975
-0.013346
-0.000579
-0.003757
-0.038275
0.086739
-0.075849
-0.097959
0.104280
-0.045734
0.050863
-0.009073
-0.138263
0.021124
-0.042573
0.000003
-0.054782
-0.105665
-0.052568
0.049585
-0.035919
-0.081823
-0.136557
-0.099342
0.156743
0.083584
0.000000
0.012883
0.018041
-0.023702
-0.002361
-0.036172
-0.046845
-0.033207
-0.056801
-0.032379
-0.000086
-0.005670
0.055336
0.195461
0.020255
0.005849
-0.046321
0.000000
-0.052876
-0.052876
0.000695
0.034547
0.000000
-0.071356
0.000000
-0.057642
-0.082711
0.007755
0.033877
-0.009910
0.010115
-0.114013
-0.024733
0.288417
-0.084659
-0.259566
-0.030332
-0.134755
-0.038927
-0.045332
-0.029664
-0.000106
0.000000
-0.075299
0.047472
-0.040127
-0.094003
-0.084475
-0.064197
0.000365
-0.014002
-0.000408
-0.010093
0.000000
0.077448
-0.063323
0.049457
-0.066983
0.212734
-0.095613
-0.002765
-0.088095
-0.116903
-0.061715
-0.064148
0.023914
0.056598
0.006845
0.083664
-0.040902
0.025296
-0.056152
-0.083619
0.005449
-0.043710
-0.013707
-0.018852
0.040390
-0.021166
0.064640
0.000000
0.004448
-0.017399
-0.086380
-0.008542
0.291904
0.004671
-0.177894
-0.064437
-0.044457
-0.050801
0.113457
0.151424
0.033496
-0.000081
0.203050
-0.036172
-0.057174
-0.216697
-0.128245
0.036988
-0.103217
-0.210350
-0.058144
0.000000
0.149803
0.046704
0.438214
-0.318344
-0.002141
0.027080
-0.025400
-0.006675
-0.039677
-0.101481
0.110954
0.069064
-0.009934
0.085015
0.018611
-0.030289
-0.015273
0.060436
0.025905
-0.002663
-0.001432
0.025296
-0.061828
0.004341
0.000000
0.070696
-0.012538
-0.008904
-0.000054
-0.059767
-0.177884
-0.048214
-0.031093
-0.085378
-0.253681
0.080696
0.000000
0.164593
-0.011987
-0.004257
-0.034367
0.123755
0.021370
-0.023549
-0.058949
-0.013416
0.017327
-0.028068
0.012841
0.015116
-0.072324
-0.113698
0.053398
0.000141
-0.116171
-0.055748
0.000400
0.018554
-0.088409
-0.000383
-0.065252
-0.013416
0.054485
0.119862
0.418783
0.005956
0.000000
-0.035669
0.000070
-0.042573
-0.016585
-0.142578
-0.022018
-0.118131
-0.083036
-0.000301
0.000000
-0.241867
0.198663
0.032812
-0.019665
-0.250326
-0.186362
0.061127
-0.035838
0.105153
0.041664
0.288783
-0.246512
0.079444
0.013172
0.000000
-0.099751
-0.054883
-0.001087
0.112727
-0.002267
0.007070
0.034355
-0.148702
0.031942
-0.000096
-0.071333
0.023781
0.102443
0.212734
-0.024049
-0.099342
-0.035402
-0.081881
0.469663
0.054382
0.008396
0.288048
-0.016796
0.116507
0.025047
-0.173370
0.002470
0.119038
0.035378
-0.078453
0.092561
0.027152
0.450897
0.014378
0.148115
0.015839
-0.035583
0.046606
-0.013325
0.093647
-0.009396
-0.072608
0.000000
0.000104
-0.158245
0.022592
-0.317307
0.009979
0.008021
0.000000
0.023281
-0.001682
0.008396
0.029705
0.017824
0.026845
0.041036
0.049069
-0.072488
-0.114037
-0.137568
-0.088409
-0.015382
-0.028764
0.000000
0.015303
-0.000010
0.039453
-0.039102
-0.058006
0.011021
-0.083798
-0.032227
0.007465
0.000000
0.036168
0.133371
-0.067834
0.000000
-0.020036
0.029870
0.026203
-0.058556
0.000000
0.052068
0.040444
0.069057
0.004499
0.051256
0.029816
-0.124999
-0.069478
-0.043723
-0.084702
-0.002878
-0.036172
-0.039377
0.160244
-0.135128
-0.082057
-0.121366
-0.007153
-0.040216
-0.000408
0.065287
0.083772
0.068660
-0.011793
0.007547
-0.004286
-0.025113
-0.054402
0.057927
-0.236690
-0.058999
-0.013027
0.028681
0.096059
0.029870
0.116507
0.051049
-0.106774
0.018279
-0.037477
0.018866
-0.057684
-0.104104
0.047014
0.049585
-0.142460
-0.037567
-0.131567
0.203050
0.000000
0.016173
-0.014644
0.041230
0.000000
-0.020348
-0.159861
-0.076833
0.062975
0.012235
-0.042812
-0.009934
-0.007153
-0.000086
-0.072586
-0.073483
-0.019644
-0.072488
-0.035890
0.000000
-0.032631
0.135771
-0.069922
0.012922
0.093778
-0.002663
-0.017269
-0.055696
0.017839
-0.064411
-0.015613
-0.160407
-0.083339
0.000000
-0.018210
-0.001203
-0.076833
-0.002143
-0.144187
-0.146345
0.036281
0.146644
0.036577
0.018840
0.031340
0.109100
0.109583
0.006864
-0.001432
-0.003870
-0.018688
0.000000
-0.002141
0.017327
-0.150329
-0.005048
-0.087035
-0.030554
-0.020036
0.017390
-0.032849
-0.010571
0.000000
0.000000
-0.073272
0.071884
-0.026321
-0.028764
0.185424
-0.108872
-0.069922
0.015263
-0.002109
0.036192
-0.032510
-0.085869
0.148199
0.083461
0.013172
-0.290805
-0.085869
-0.150007
0.001313
-0.015982
0.146699
-0.043841
0.036899
-0.203080
-0.154489
-0.195544
-0.062674
-0.040216
-0.040216
-0.032330
-0.070447
0.094010
-0.028274
0.006845
0.040390
0.066925
-0.007038
0.001387
0.001362
-0.054883
0.028416
0.016146
-0.130091
-0.015982
0.002352
0.048620
0.000000
0.029510
0.102258
0.000000
-0.349457
-0.012548
-0.095532
-0.137568
0.073415
-0.000068
0.110067
0.068311
-0.043534
-0.164067
-0.029870
-0.028329
0.015975
0.034861
-0.096544
0.070852
-0.059758
-0.003015
-0.049254
-0.001480
-0.122124
-0.090823
0.067271
0.002154
0.125412
0.062387
-0.094692
0.115439
-0.028862
0.405426
0.046672
0.004448
-0.132826
-0.016585
-0.063697
-0.050357
-0.003922
-0.169191
-0.119880
0.036641
-0.054438
-0.032923
0.078946
-0.023635
-0.059768
0.048349
-0.088235
-0.017775
0.013438
0.000000
0.139728
-0.061348
-0.046933
0.024877
-0.074027
-0.039533
0.439448
-0.011793
0.007070
-0.016222
0.036796
-0.013689
0.041881
-0.248159
0.067271
0.012411
-0.028048
-0.032122
0.000000
-0.015431
0.000000
-0.046396
0.024746
0.000000
0.010225
0.000000
0.022101
-0.031095
-0.060855
0.021370
-0.053592
-0.166206
0.070238
-0.169354
0.002084
-0.019483
0.281517
-0.163461
-0.084636
0.000000
-0.093921
-0.036131
0.112730
-0.016708
0.015435
-0.076895
-0.036058
-0.105566
-0.072531
0.028877
-0.076833
-0.017181
0.005462
-0.189596
-0.034752
0.089867
-0.112092
-0.018241
0.016119
-0.058893
-0.059705
0.253729
-0.056669
0.000000
-0.126849
-0.013428
0.000000
-0.040067
0.025296
-0.203585
0.133522
0.052638
-0.113774
0.046672
-0.066121
-0.106427
-0.021819
0.000000
-0.041765
-0.036824
0.250473
-0.017233
0.101562
0.064632
0.000000
0.013172
-0.015615
0.033358
-0.094886
0.017390
-0.193098
0.086736
0.009858
-0.041411
0.007070
0.786934
-0.012238
-0.021108
-0.007289
-0.059989
-0.056801
-0.019810
-0.017860
-0.014276
0.005846
0.103887
-0.011213
0.056884
-0.036058
-0.146981
-0.013913
0.000000
-0.109930
0.041155
-0.050614
-0.042929
-0.332189
-0.000109
-0.004821
0.050511
0.214387
-0.070447
0.090521
-0.117338
0.195461
-0.037239
-0.039708
-0.049500
-0.037958
-0.002765
-0.058006
-0.319080
-0.059727
0.490978
-0.015746
0.018540
0.728626
-0.103947
0.107788
0.000000
0.053479
0.061751
0.083664
0.031907
0.106045
0.125509
0.022981
0.178550
-0.121556
-0.012268
0.051083
0.118084
-0.073937
-0.018027
-0.110537
-0.022311
-0.003866
-0.003866
-0.043273
0.167039
-0.107397
0.000000
0.095914
0.002052
-0.015431
0.002154
-0.047261
0.057627
0.070293
0.018220
-0.025433
-0.120894
-0.007213
-0.011228
0.006045
0.000225
-0.034752
0.024629
0.029680
-0.218834
0.070238
0.037774
-0.084107
0.000000
0.024682
-0.040936
-0.014343
-0.017763
0.033862
0.065778
0.197826
-0.033894
-0.018736
-0.000137
-0.024086
-0.020968
-0.120589
-0.059989
0.094115
-0.007576
-0.026173
0.000000
0.021850
0.000000
0.026924
0.087420
0.062149
0.180805
-0.023066
0.000000
0.034684
0.128315
0.008732
0.000000
-0.070678
-0.004257
-0.040015
0.007536
0.058673
-0.030402
0.011907
0.021850
0.000000
0.021370
-0.002691
0.021850
0.346343
-0.023066
-0.025756
0.012570
0.021850
0.000000
0.000000
-0.000056
-0.017823
-0.232203
-0.023232
0.000000
0.175910
0.060038
-0.056152
0.000000
-0.051514
0.001992
0.014496
0.000000
-0.087076
-0.047716
-0.000086
-0.032909
-0.116086
0.021850
-0.002256
0.115209
-0.048592
-0.012054
-0.009788
0.027152
0.556585
0.033596
0.126966
0.023475
0.069076
0.000000
-0.006553
0.068403
-0.005098
-0.074027
-0.064411
-0.029446
0.000000
0.125787
-0.115209
-0.011750
0.233491
-0.000703
-0.055498
0.000000
0.253729
-0.005586
0.141633
-0.081573
0.205095
-0.003870
-0.002143
0.161433
0.083199
-0.039444
-0.056995
-0.066075
0.000000
-0.054109
0.015977
0.000000
-0.026733
-0.000703
-0.020348
0.121112
0.004213
-0.054883
-0.016310
0.058659
-0.010120
0.026917
-0.050533
0.221902
0.923997
0.074113
-0.025433
-0.002303
0.000000
0.045411
0.012614
0.070302
-0.077097
-0.065013
-0.008808
-0.084740
0.012184
0.019806
0.063734
-0.021125
-0.031561
-0.122668
-0.001087
0.072693
0.055336
-0.127310
-0.084448
-0.072701
-0.152010
0.067877
-0.085688
0.292242
-0.005048
-0.025502
0.030635
-0.001197
0.050890
0.273181
-0.191025
-0.069057
-0.067845
-0.142634
-0.074406
-0.004601
0.026405
0.065282
-0.022542
0.000000
-0.084447
-0.046933
-0.075328
0.009858
0.176541
-0.084374
0.141281
0.000000
-0.096544
0.018866
-0.030057
-0.016333
0.001003
0.018220
0.020811
0.137822
-0.001743
-0.000050
0.009768
-0.095686
-0.011793
-0.043131
0.021850
0.012489
-0.083637
0.000000
0.081322
-0.058543
-0.086451
0.091471
0.048435
-0.017792
0.039237
0.009014
0.102485
-0.081777
0.113494
0.051083
-0.068385
-0.016222
0.041377
0.054706
0.021850
0.021850
0.025270
-0.011793
-0.011793
0.030633
0.038253
0.014649
0.181106
0.002333
-0.044387
0.023914
0.000905
-0.036087
-0.036087
-0.034368
-0.029362
-0.029046
0.031151
0.119862
-0.063179
0.000000
-0.110537
0.007918
-0.075882
-0.010120
-0.194100
0.032054
0.059454
-0.002971
-0.052351
0.286688
0.007784
0.003879
-0.027639
0.010410
-0.111692
-0.070447
0.076409
0.008872
0.008700
0.006155
0.000000
-0.197579
-0.000514
0.000000
-0.071356
0.067271
-0.069564
0.000000
0.129872
0.000000
0.004448
-0.154489
0.059454
0.000000
0.061545
-0.061954
0.043855
0.037104
0.080696
0.027992
0.040060
-0.104736
-0.054764
0.036922
-0.031940
0.000000
0.000000
0.000000
0.000000
0.033877
-0.070794
0.119862
0.045396
-0.309571
-0.084107
-0.061954
0.263342
-0.023573
-0.019277
-0.029896
0.005734
-0.137568
-0.080505
-0.031697
-0.113846
0.011171
0.005325
0.000000
-0.089485
0.157180
0.188022
0.054966
-0.283474
-0.043329
-0.046845
-0.070447
0.014227
-0.070447
0.094308
0.010527
-0.068667
0.017894
0.142437
0.008872
-0.014858
-0.026173
-0.289809
-0.084082
-0.289569
0.006627
0.015517
0.019244
-0.083894
-0.131155
0.039308
-0.063179
0.000000
-0.016243
0.000000
0.070238
-0.045040
0.031566
0.293095
0.016061
0.062438
0.000000
-0.039677
-0.002256
0.000000
0.035378
-0.028274
-0.256413
-0.005145
-0.044457
-0.063865
-0.019738
0.068641
0.074113
-0.026937
0.119862
-0.032763
-0.107399
0.033877
-0.033113
0.036577
-0.032147
-0.115209
0.041632
0.066925
0.033126
-0.030326
0.040028
0.046672
0.005686
-0.022810
-0.123181
-0.055498
-0.092794
-0.057642
-0.018736
0.114968
0.189635
-0.005048
-0.063697
-0.071356
-0.116903
-0.116903
0.041357
-0.069922
0.015977
0.009936
-0.238976
0.047472
0.033627
0.506313
-0.048473
0.003979
0.000000
0.000000
-0.094400
-0.066284
-0.023456
0.000000
0.043196
-0.046845
-0.236635
0.093432
0.000000
-0.020968
-0.034998
-0.071356
0.203466
0.099494
-0.251206
0.029813
-0.004286
-0.019621
-0.115150
-0.060936
0.052333
0.599378
-0.046297
0.647309
0.209803
1.386228
-0.034027
-0.045972
-0.025113
-0.069480
-0.093921
-0.058469
-0.016532
0.030717
0.000141
-0.004915
0.130354
0.061545
-0.082110
-0.006136
-0.072204
0.000000
-0.092569
-0.140120
0.036641
0.065182
0.174201
-0.015613
-0.224852
-0.045242
0.052333
-0.112125
0.047490
0.027711
0.047490
-0.002520
-0.002971
-0.012538
-0.034367
0.031761
-0.077097
0.033126
-0.114629
-0.016053
0.032366
-0.120049
0.070299
-0.069057
0.009861
0.067271
0.000000
-0.045332
-0.066970
0.063307
0.000037
0.017894
-0.059969
0.009439
-0.250326
-0.131567
0.045396
-0.054387
0.025296
-0.008420
0.182944
-0.159256
-0.033113
0.053011
0.012411
0.105153
-0.002143
-0.140255
-0.038456
0.011402
0.124725
0.089707
-0.067989
0.005138
0.012839
-0.033948
-0.287078
0.032327
0.023629
-0.026825
-0.126645
-0.036678
-0.088409
-0.007576
0.056598
0.151321
0.000000
0.111988
0.016720
-0.071333
0.058767
0.018279
-0.095970
-0.033424
0.074738
-0.139185
0.048485
-0.063697
-0.087076
0.000000
0.009861
0.000000
0.044069
-0.007395
0.159292
0.016173
-0.037156
-0.034317
0.000905
-0.026053
0.207339
0.027822
-0.009978
-0.093508
0.261428
0.197613
-0.035919
0.129872
0.004448
-0.024170
0.000000
-0.020899
-0.013480
0.000000
0.340456
-0.224428
0.053434
-0.000351
-0.040668
0.087691
-0.034752
0.005449
-0.011552
-0.006172
0.022254
-0.038489
0.031742
0.077304
-0.122198
-0.046208
-0.191890
-0.047270
0.000000
0.135494
0.025296
-0.042393
-0.030310
0.053493
0.005449
0.071503
-0.006451
0.033126
0.006078
0.233700
0.000000
-0.046457
-0.030270
0.062149
0.088901
0.019806
-0.037156
0.000000
-0.007038
0.031553
-0.112699
0.008003
-0.071385
0.024734
-0.002559
0.000000
0.000000
0.041155
-0.446463
-0.205567
0.038695
-0.022063
-0.054909
-0.014644
0.028562
0.053011
0.000032
0.108221
0.031689
-0.094119
0.036721
-0.053516
0.000318
0.065555
-0.276245
0.041881
-0.004077
-0.062912
-0.062038
0.029560
0.010785
-0.007576
0.000000
-0.127571
-0.119332
-0.058376
-0.043959
0.014227
-0.038648
0.118724
0.000000
-0.193443
0.000000
-0.030016
-0.077115
-0.013995
-0.001536
0.020470
0.005449
0.056844
-0.025502
-0.041086
0.001996
0.036333
0.047536
0.034464
0.073835
0.019500
0.023028
0.006627
0.036446
-0.026053
0.000000
0.018412
0.265238
0.042184
-0.060523
0.016061
-0.077637
-0.119003
-0.054764
-0.025400
-0.079608
0.000000
-0.071559
0.000072
0.035698
-0.083503
-0.031561
-0.034099
0.195461
-0.217878
-0.114229
0.000000
0.021618
-0.241962
0.044628
0.027524
-0.011532
-0.081287
0.000000
0.067582
0.000000
0.084245
-0.035866
0.003979
-0.076623
-0.157490
0.035938
-0.073658
0.022086
-0.011564
0.012489
0.027792
0.005138
0.000000
-0.026733
0.312552
0.014576
-0.121630
-0.046973
-0.138507
0.015977
-0.063697
0.215283
-0.115697
0.000000
0.006885
-0.000013
0.240693
0.000905
-0.162824
-0.046396
0.032327
-0.032725
-0.020493
-0.000015
0.104878
-0.186254
-0.156572
0.000000
0.124415
-0.154489
-0.052708
-0.052708
0.012320
-0.040127
0.176285
0.000000
0.000000
-0.250326
0.033101
-0.038927
-0.002509
-0.040216
0.000275
-0.383191
-0.032723
-0.022542
-0.130310
-0.071356
-0.002267
0.008835
0.060132
-0.054909
0.036818
0.000000
-0.130049
-0.059669
0.197826
0.065924
-0.008290
-0.009155
0.004358
0.213641
-0.026619
-0.004821
0.093424
0.003979
0.111104
-0.003281
0.082403
0.047635
-0.016706
0.033126
0.102443
-0.034934
0.001913
0.001996
-0.006365
0.014828
0.033877
-0.003045
-0.056846
0.022456
0.050312
-0.128975
0.323076
-0.011750
-0.013182
0.195461
0.068315
0.092561
-0.200031
0.060795
-0.164695
0.134314
-0.045040
-0.002094
-0.153148
0.000000
0.077080
-0.037841
-0.036199
0.025497
-0.137930
-0.028925
0.184759
-0.123602
0.035769
-0.007048
0.015278
-0.052313
-0.042812
0.056153
-0.039708
-0.040191
-0.061348
0.131566
-0.130942
0.063041
-0.016513
0.127171
0.196119
0.000000
-0.022542
0.079319
-0.006352
0.017075
0.000000
-0.103875
-0.030920
0.000000
0.114350
-0.063982
-0.014727
0.103443
-0.041411
0.065555
0.140759
0.086297
-0.058543
0.011305
-0.011536
-0.030332
-0.128864
0.007175
-0.131555
-0.044977
-0.058006
0.046672
-0.031647
-0.089804
-0.067989
0.119038
0.000000
0.015116
0.051378
-0.102255
0.063230
-0.003537
0.038248
0.017839
-0.180882
-0.031152
-0.058296
0.000000
-0.028486
-0.102155
0.154159
0.222306
-0.203236
-0.042983
0.061147
-0.009339
-0.070447
-0.254310
0.015897
0.011979
-0.116171
-0.098182
-0.006451
-0.069935
0.163960
-0.117599
0.009861
0.009936
0.044069
-0.067032
0.085607
0.052333
-0.104178
0.004341
-0.041570
-0.002298
0.109030
-0.013730
0.041050
-0.079383
0.055749
0.061246
0.013288
-0.069115
-0.115151
0.008872
0.000000
-0.008904
0.034684
-0.027639
0.168896
-0.063697
0.000000
-0.056153
0.215848
0.035769
-0.142371
-0.176229
-0.096132
-0.000594
-0.002971
0.655644
-0.074376
0.038695
0.010391
0.026050
-0.037131
0.040288
-0.085977
-0.120589
0.047336
0.009300
0.000064
0.002333
-0.039708
-0.026734
0.501336
-0.013995
-0.060720
0.036012
-0.066983
0.002649
-0.066983
0.417258
-0.047261
-0.015982
-0.009336
-0.033964
-0.018783
0.018430
-0.018241
0.162402
-0.199724
0.002593
-0.065842
-0.007213
0.040815
-0.007789
0.031761
0.067582
0.000000
0.061246
0.010066
-0.004609
-0.002540
0.786934
-0.024415
0.015517
-0.033070
-0.018307
-0.434565
0.013172
0.613420
0.000000
-0.022698
-0.002520
-0.130942
0.094308
0.094308
-0.021613
0.095570
0.186650
0.108393
0.108393
-0.034842
0.103703
0.108393
-0.001536
-0.191111
-0.177884
0.717815
0.202936
0.002881
-0.034998
0.190211
-0.055008
0.057927
-0.014276
0.016061
0.002154
-0.001477
0.132939
0.017390
0.016569
0.109956
-0.297104
-0.020899
0.023381
0.110611
-0.069271
-0.142634
0.000000
0.000000
-0.043710
0.194893
0.045229
0.000000
0.090448
0.016098
-0.100358
-0.069846
0.023128
0.028507
0.022254
0.028210
-0.023888
-0.030943
-0.023888
0.036446
-0.083020
0.031942
-0.018647
-0.137370
-0.002141
0.015981
-0.105275
-0.062307
-0.119203
0.000000
0.091705
-0.058999
0.153840
0.007832
-0.042968
-0.002878
-0.263200
0.155277
0.007755
0.026984
0.000000
0.095756
-0.095608
-0.060720
0.007784
0.032286
-0.090833
-0.142364
-0.006451
0.118724
-0.263363
0.002333
0.009861
0.061127
0.009014
0.011018
0.000000
0.051083
-0.074543
-0.063552
0.074738
-0.004044
0.005462
-0.219645
-0.006174
-0.000594
0.052619
-0.009451
0.057275
0.007771
0.000000
0.000005
0.320441
0.061121
0.000000
0.303554
0.015977
-0.042998
-0.032147
0.005449
0.053093
0.031689
0.026021
0.033862
-0.055433
0.031897
-0.148898
0.302659
-0.116531
-0.027378
0.086736
-0.079908
-0.031342
0.015435
0.033488
0.000000
-0.039152
0.013948
-0.016532
0.009287
-0.095622
-0.074406
-0.074693
0.046672
-0.000241
0.000000
0.008396
0.046672
-0.034998
-0.007361
0.022101
-0.134570
0.294762
-0.046845
-0.173514
0.003010
-0.000130
0.006627
0.075842
-0.113176
-0.237444
0.000000
-0.006451
-0.052876
-0.059767
0.076409
-0.027109
0.181106
-0.004821
0.036446
0.002275
-0.037131
-0.094891
-0.103217
0.017675
-0.018850
-0.031247
0.065207
-0.063865
0.000000
0.318710
-0.095855
0.027711
0.000075
0.000000
-0.043319
-0.000058
0.023293
-0.027572
-0.195343
0.054739
0.041155
0.054706
-0.127243
-0.067000
-0.115209
0.009287
-0.444287
0.049478
-0.108715
0.005846
0.020499
-0.132081
0.013438
0.090293
-0.034309
-0.144884
-0.006823
0.115901
0.207332
-0.029878
-0.025680
0.000000
-0.052926
0.000000
-0.079640
-0.012443
-0.099224
-0.148323
-0.179614
-0.075531
-0.094399
0.185149
-0.043319
-0.001382
-0.000347
0.071359
-0.284453
0.019806
0.019806
0.160776
-0.006541
0.190211
0.312148
0.178550
-0.115376
-0.084178
-0.132946
0.074109
-0.057141
0.041632
-0.061304
-0.071016
0.048585
-0.103212
-0.028242
-0.356914
-0.013707
-0.197859
0.048309
0.021057
-0.001682
-0.005302
-0.003190
0.000000
-0.056669
-0.053592
-0.177884
-0.055637
-0.173429
-0.166835
0.000195
0.141986
0.004341
-0.189674
0.067582
0.048585
0.056684
-0.032909
-0.036324
-0.025502
-0.102293
0.022853
0.000000
-0.001338
0.000000
0.032724
-0.009300
0.018554
0.243675
0.059111
0.060038
-0.000004
-0.066121
-0.051865
0.020080
0.009996
0.158435
0.034620
-0.028279
0.083283
0.090480
-0.090638
-0.013995
0.068403
0.012164
0.029395
0.277787
-0.089335
-0.009049
0.021515
-0.054782
-0.002764
0.000000
0.042458
-0.030327
0.023023
-0.114619
0.017511
0.067271
-0.002361
0.032510
0.238448
0.009300
-0.118720
-0.124654
0.108289
-0.063552
-0.023635
0.125787
0.034547
-0.162824
0.012208
-0.002811
0.065924
-0.093796
0.552606
0.072679
-0.048214
0.058659
-0.028499
-0.060989
0.162402
-0.037131
-0.084636
-0.209730
0.015692
-0.040237
0.024065
0.042458
0.070238
-0.011064
-0.011750
-0.027639
0.000000
0.037607
-0.043600
0.007184
0.033981
-0.048662
-0.193768
-0.026733
0.000365
0.000004
0.036988
-0.214065
0.000000
0.155007
-0.025433
0.064633
-0.002107
0.091352
-0.000033
0.108393
0.061545
0.081078
0.000000
0.121781
-0.211431
-0.035919
-0.022698
-0.101160
0.007536
-0.021613
-0.309057
-0.005420
0.189153
0.018279
0.206624
-0.231314
-0.108405
0.002352
-0.014007
-0.013944
0.054382
-0.223094
0.028914
0.006585
0.327303
-0.134977
-0.076080
-0.026258
-0.058999
0.124743
-0.024086
-0.134248
-0.068260
-0.041134
0.080415
0.006184
-0.051492
-0.034934
0.001522
-0.057642
-0.023960
-0.076674
-0.011615
0.071017
-0.015801
0.062194
-0.054909
0.024758
0.076945
-0.152107
-0.031853
-0.046680
0.028210
-0.007603
-0.002878
-0.010120
-0.033946
-0.284600
0.003976
-0.016338
-0.019644
0.279086
-0.033070
-0.065047
-0.127543
0.082932
-0.068038
-0.018332
-0.003561
-0.029446
-0.017357
-0.023066
0.105153
0.002601
-0.051813
-0.073626
0.058659
-0.030289
-0.054109
-0.122579
0.040105
0.000000
0.259171
0.088419
0.043962
0.000000
0.058246
-0.006365
-0.054903
-0.278754
0.006503
0.122051
-0.105766
-0.069367
-0.000085
0.158446
-0.212961
-0.025102
0.031969
0.018554
-0.003866
-0.008952
0.135569
0.004341
0.016875
-0.031454
0.021447
0.295638
0.011320
-0.021063
0.022755
-0.245962
0.025936
0.005873
-0.026027
0.016033
0.292038
-0.032875
0.176541
0.063875
0.009768
0.005846
-0.055952
0.305582
-0.042998
0.034148
0.001996
0.150834
-0.060720
-0.133441
-0.007163
-0.058956
-0.023066
0.012570
-0.235838
-0.044509
-0.057783
-0.013703
-0.000171
-0.054782
0.026049
0.037197
-0.083339
0.000000
0.000365
0.000000
0.025155
-0.034121
0.260908
0.055164
0.006329
0.037582
0.064097
0.059324
0.000000
0.025155
0.091385
-0.017198
-0.100279
0.080917
0.038059
-0.045734
-0.034368
-0.002109
-0.058543
0.040105
0.020255
0.144568
-0.012602
0.105153
0.052068
-0.036580
0.126966
0.061945
-0.020899
0.079523
-0.071785
-0.053592
-0.025521
-0.039726
-0.057766
0.068814
0.036988
0.043076
-0.008414
0.043010
-0.157473
0.018037
-0.077241
-0.099943
-0.014276
0.125797
-0.067825
-0.051671
-0.583258
0.021444
-0.010696
0.099342
-0.070894
0.021370
0.008073
-0.034099
0.014674
0.039838
0.125787
-0.034099
0.032510
-0.009620
0.000000
0.040281
0.000000
-0.080505
0.003979
0.026021
-0.015253
-0.015367
0.000709
-0.054662
0.034355
-0.001203
0.000017
-0.027639
-0.103875
-0.103875
0.023734
0.114410
-0.153892
0.009449
0.045819
-0.059669
0.068311
0.052068
0.166669
-0.042503
0.000365
0.195086
0.057275
0.013842
-0.032147
0.042882
-0.021303
-0.094692
-0.004915
0.031942
0.047659
0.069192
0.000709
-0.010884
0.000000
0.047524
0.024629
0.033118
-0.016364
0.059828
0.018453
0.029848
0.025927
-0.151649
0.026984
0.032604
0.094308
0.117378
-0.151837
0.025989
0.010304
-0.142717
-0.045734
0.023293
0.004358
-0.189733
-0.024213
0.042193
0.026063
-0.028925
-0.298172
-0.287518
0.040105
0.031713
0.021515
0.003646
0.000000
-0.003653
0.000000
0.013590
-0.108715
0.047336
0.000000
0.000000
0.080541
0.000400
-0.043959
-0.084838
-0.045040
0.025296
0.300278
-0.001297
0.041881
-0.007876
0.061129
0.023781
0.075970
0.132939
-0.145909
0.045289
-0.153196
0.055577
0.030394
-0.000103
-0.000106
0.111562
-0.057783
0.085743
-0.260871
-0.110668
0.042866
-0.012922
-0.020454
0.016351
0.113795
0.015839
0.000000
0.015303
-0.000024
-0.057270
-0.064452
-0.006553
-0.139690
-0.018688
0.081234
0.253729
0.093522
-0.083637
0.023877
-0.002971
0.033126
-0.144187
-0.016333
0.000000
0.248328
-0.039152
0.004213
-0.023635
0.001913
-0.016310
0.000003
0.189103
-0.041353
-0.042722
0.077227
-0.084447
0.002457
0.007799
0.000000
0.000000
0.140220
0.142704
-0.082008
-0.160630
-0.406926
-0.063323
-0.025872
0.007471
-0.065011
-0.057910
0.245074
-0.190406
0.062336
-0.024637
0.078740
0.141281
0.008287
-0.000408
-0.052195
0.143007
0.166580
-0.155959
0.373968
0.088662
-0.008078
-0.005098
-0.018634
-0.025400
0.012329
0.109532
-0.127708
-0.243996
0.000000
-0.093692
-0.099943
0.046919
-0.036172
-0.210244
0.013438
-0.053746
-0.001087
0.000000
0.008732
-0.011750
0.978373
-0.006451
0.162784
0.013288
0.009322
0.001913
-0.076809
0.000000
0.005727
0.000000
-0.074547
0.000000
0.397113
-0.148931
-0.017582
0.279086
0.041881
-0.084601
0.046552
0.000000
0.000000
0.059111
-0.181224
0.021170
-0.101364
-0.023635
0.000000
0.023381
-0.044509
0.070231
-0.056669
-0.000083
-0.199235
-0.021819
0.000000
0.000000
0.080869
-0.000076
0.000000
-0.195155
0.009619
-0.049330
-0.068961
-0.101364
0.048484
-0.069256
0.198314
0.089136
-0.018797
0.016478
0.000000
0.138310
-0.058869
0.062409
-0.142040
0.000000
0.020249
0.380252
-0.199426
-0.008471
0.408303
0.212999
-0.048592
-0.056642
-0.117610
0.041036
-0.003653
0.023381
-0.029664
-0.064683
0.016370
0.000000
-0.083619
0.072228
0.009287
0.020608
-0.078128
0.000000
-0.006451
0.083097
-0.075919
-0.096134
0.108979
0.070451
-0.048592
0.148199
-0.010996
0.022254
-0.091248
0.105025
-0.002878
-0.147367
-0.053771
-0.049380
0.208050
0.063527
0.013172
-0.008952
-0.028329
0.020520
0.032327
0.039069
-0.037131
-0.072586
-0.060313
-0.044509
0.058743
-0.113819
-0.076261
0.165779
0.149872
-0.042573
-0.058296
0.188022
0.045411
0.062057
-0.084740
-0.110404
-0.033894
0.007471
0.101691
-0.000649
-0.078453
-0.080505
-0.152387
-0.028592
-0.113238
-0.030920
0.084642
0.000000
-0.048800
-0.082386
-0.124654
-0.053748
0.000000
0.010985
-0.045040
0.016146
-0.006541
-0.028764
0.113615
0.128073
-0.053841
0.195109
-0.081777
0.003148
-0.042573
0.022456
-0.007153
-0.075849
0.031742
-0.114858
0.352742
-0.105275
0.020080
0.054767
-0.012054
-0.018549
-0.044011
0.015297
-0.123555
-0.054312
-0.002141
0.078526
-0.028925
0.095970
-0.190406
0.129189
-0.021819
-0.000579
-0.014858
-0.115209
0.012720
0.000000
-0.076602
-0.342523
0.050529
-0.026671
0.000000
0.049200
0.146644
0.063886
0.019887
-0.000138
0.007471
0.022456
-0.074625
0.076852
0.000000
0.067082
0.000000
0.050863
0.072693
0.123857
0.148199
0.068398
-0.004966
0.148199
0.185865
-0.074027
0.027470
-0.188432
0.043010
-0.032147
0.127369
-0.020348
0.161433
0.016930
-0.064236
-0.004133
-0.041820
-0.119220
-0.006008
-0.093272
-0.000068
-0.081287
-0.021467
0.010066
0.045289
0.000000
-0.043600
-0.036824
0.046390
0.060038
0.004448
-0.148272
-0.005966
0.042866
0.000365
-0.102234
-0.118216
-0.149966
-0.075043
-0.033424
-0.116172
-0.060855
-0.051924
0.023709
-0.045406
0.068093
0.125412
-0.168132
-0.123452
-0.038705
0.000695
0.065555
-0.087638
-0.084653
-0.079392
-0.137304
0.000000
0.004702
-0.015338
0.000905
0.012883
0.018242
0.018041
-0.058156
-0.013321
0.043364
0.104201
0.849796
-0.026278
-0.105566
-0.030920
0.036721
-0.014276
0.031761
0.054434
0.065301
-0.017391
0.020599
0.047472
-0.082110
0.044874
0.197666
0.005709
0.408303
-0.046396
-0.069656
1.338354
-0.115308
-0.006352
0.015303
-0.130287
0.005325
-0.044096
0.024573
-0.137152
-0.016585
-0.005647
-0.232254
0.007536
-0.100785
-0.023232
-0.066472
-0.013683
-0.119359
0.032142
-0.030241
0.002572
0.001872
0.304843
-0.120589
1.194072
-0.193070
0.000000
0.093853
0.192817
0.057225
-0.027639
-0.072970
-0.088649
0.446683
-0.132904
0.000000
0.019305
0.010391
0.007084
-0.040216
-0.042998
-0.122704
-0.199235
0.135509
0.008073
-0.076080
-0.000030
-0.109477
-0.051701
-0.114037
0.018232
0.057225
0.161848
0.035378
0.000000
-0.074406
-0.007576
0.074738
-0.069373
0.002593
-0.007592
0.047425
0.000000
-0.087076
-0.032330
0.057927
-0.097135
0.001285
-0.137477
-0.025503
-0.046973
0.233238
-0.134575
-0.007812
-0.034288
-0.058893
0.064633
0.046606
-0.300787
0.000000
0.001913
-0.063865
0.001829
-0.149966
0.041230
-0.096880
-0.167896
-0.015587
-0.009451
0.032142
-0.035032
-0.006365
0.033375
0.000000
-0.015950
-0.045375
-0.038854
-0.012118
0.047425
0.000000
-0.069534
-0.090568
-0.332021
-0.016708
0.040432
-0.113480
0.000000
-0.000279
-0.082110
0.016146
0.011402
-0.109580
0.000000
0.001260
0.017946
-0.042054
-0.277956
-0.043841
-0.076715
0.000000
-0.032147
-0.051909
-0.043319
-0.194606
0.093252
-0.137834
-0.000086
-0.032944
0.046704
-0.061302
0.040815
0.000000
-0.231314
-0.082110
0.000000
-0.008764
0.063734
-0.079383
-0.083619
0.000000
-0.053749
-0.000086
0.011178
-0.075299
-0.040936
-0.154489
0.038507
-0.079383
0.203050
0.162000
-0.003767
0.085891
-0.040190
-0.002303
0.024629
0.000063
0.053360
-0.037937
-0.154489
-0.070894
0.000000
0.231215
1.075573
0.074035
-0.121242
-0.252163
0.023128
-0.085666
0.133402
-0.024014
0.036988
-0.035032
-0.137477
0.054434
-0.061458
-0.061468
-0.024578
-0.007213
0.138310
-0.000086
-0.075538
-0.352152
0.067057
0.351966
-0.045631
0.000000
-0.022542
0.080917
-0.071167
0.046390
0.036193
0.031553
0.026063
-0.023152
0.197826
0.089405
0.000397
0.002518
0.206383
0.028562
-0.030326
0.009858
-0.043705
0.015303
-0.122347
-0.030101
-0.053806
-0.069534
-0.082426
-0.030385
-0.017702
-0.040966
0.082000
0.115959
-0.034367
-0.000086
-0.078453
0.009936
0.017841
0.022264
-0.010093
0.098977
-0.079608
0.007175
-0.122573
0.090955
-0.135083
0.233700
0.045396
-0.066983
0.105153
0.081503
0.037540
0.002347
-0.037658
0.026984
-0.003757
-0.096540
-0.016513
0.032286
0.000000
-0.013416
0.050612
-0.063697
0.073081
-0.003412
-0.008414
0.032202
0.069226
-0.097752
0.000000
-0.036172
-0.053507
0.195461
-0.069057
-0.067000
-0.038284
-0.064832
0.108180
-0.063197
0.120635
-0.021819
0.032366
-0.098020
0.026049
0.036333
-0.054438
-0.075962
-0.114858
-0.082667
-0.047828
-0.037131
-0.049500
0.068579
0.018611
0.018611
0.063230
0.018611
0.018611
0.061127
0.059324
0.046672
-0.000497
0.049069
-0.000497
0.119038
0.032825
0.180805
0.046123
-0.079383
-0.113480
0.025296
-0.000383
-0.098313
0.037526
-0.023789
-0.102148
0.011173
-0.254930
0.077227
-0.078595
0.053204
-0.107885
0.009300
0.011743
0.023128
-0.054931
0.027524
0.018554
0.027248
0.006845
0.007084
-0.012602
0.000911
-0.029870
0.000000
-0.016509
0.015016
-0.063287
0.000129
-0.061302
-0.149278
0.011927
-0.080505
0.051334
-0.143758
0.004539
0.044069
0.105153
-0.082339
-0.000930
-0.038062
-0.104325
0.105153
0.000000
-0.025363
-0.171456
-0.062769
0.000000
0.000000
-0.076833
0.116167
0.134876
0.061720
-0.015452
-0.070565
-0.075299
-0.045332
0.050863
-0.089066
-0.071356
-0.071356
0.071425
0.024573
-0.031563
-0.018027
-0.015746
-0.047728
0.002419
0.000000
0.024065
-0.016364
0.097614
-0.002058
0.013288
-0.039528
0.063734
0.261739
-0.156136
0.031942
0.022456
0.176541
-0.008414
-0.030741
0.061127
-0.285670
-0.032944
-0.013515
-0.026580
-0.019611
-0.028329
0.032397
-0.059006
-0.198461
-0.046396
-0.002256
-0.051738
-0.063021
-0.060226
0.021850
0.029020
0.056452
-0.086662
-0.133854
0.015839
0.000000
-0.020899
0.007175
-0.090701
0.051507
-0.112176
0.526214
0.000000
-0.168604
-0.168604
0.169127
-0.189837
0.013186
0.000000
0.009435
0.217418
-0.103110
-0.146384
-0.064764
0.061127
-0.005587
-0.074557
-0.042998
-0.112176
0.015116
0.000000
0.000365
-0.031335
-0.096583
-0.014276
-0.010571
-0.093114
-0.014002
0.013172
0.005968
-0.003349
0.022274
0.155007
-0.099342
-0.078595
-0.109847
0.040281
-0.039677
0.009287
0.032510
-0.026258
-0.000071
-0.165501
0.108596
0.098977
-0.171845
-0.126645
-0.177884
-0.068385
-0.033424
-0.067825
0.133371
0.063996
0.010656
-0.016513
0.026202
-0.236163
0.013172
-0.178713
-0.038927
0.073835
-0.136113
0.000000
-0.000068
0.111201
-0.112412
0.253619
0.056684
-0.025113
0.265238
0.000000
-0.074406
-0.091248
0.025296
-0.030402
-0.063323
0.061147
-0.008804
-0.051909
0.075534
-0.017823
-0.063920
-0.078870
0.043677
0.009858
-0.045677
-0.004286
0.024758
-0.017625
-0.088235
0.079523
0.183403
0.086256
0.018220
-0.072488
0.062600
-0.053798
-0.041570
-0.131923
0.000000
0.064490
-0.002520
-0.319080
0.240693
0.040105
-0.023810
0.000000
-0.017823
-0.004286
-0.100900
-0.113480
0.070598
-0.100501
-0.032875
-0.082339
-0.035919
-0.140627
-0.091266
-0.000623
0.042866
0.025119
0.032366
-0.053082
0.000037
-0.000579
-0.022537
0.286635
-0.027036
0.028405
-0.064688
0.003857
0.004314
-0.006575
0.032510
0.011070
0.077080
-0.213054
0.005465
0.020465
-0.026173
-0.134674
-0.011909
0.002601
-0.101532
-0.222623
0.109100
-0.272811
0.503111
-0.087795
-0.003159
0.002271
0.110611
0.053011
-0.120589
0.029816
-0.100894
0.000000
0.131946
-0.104796
0.000000
0.067166
0.038059
-0.126516
-0.128126
0.054767
0.002649
-0.242029
-0.182832
-0.108112
0.024758
0.033101
0.220281
0.000000
0.020947
-0.070794
-0.004285
0.045819
-0.043319
-0.228947
0.000000
0.000000
0.026611
0.055978
-0.045831
0.069762
-0.024086
-0.232931
0.000000
0.061012
0.000000
-0.020348
-0.074406
-0.047728
0.082000
-0.169905
0.016509
0.030246
0.000000
-0.039592
-0.012602
-0.072909
0.020771
0.157580
-0.071385
0.083584
0.014112
-0.109694
-0.022063
0.075534
0.013438
-0.032875
0.012883
-0.032436
-0.032628
-0.037131
-0.123246
0.129189
-0.131567
0.014948
0.071792
-0.013683
-0.088913
0.062600
0.012883
0.000000
-0.004609
0.004341
0.026917
0.090860
0.059454
0.032724
0.011990
-0.011351
0.010656
-0.004232
0.014948
-0.128964
-0.067000
-0.113739
-0.051909
0.002419
-0.137477
-0.013017
0.034185
-0.046845
0.000000
0.001550
0.075534
-0.024196
0.059446
0.028210
-0.053798
0.045411
0.141657
0.037557
0.009765
0.018453
-0.009345
0.090778
0.050612
0.000000
-0.093508
-0.048152
0.000000
0.000000
0.000000
-0.078128
0.023710
0.012883
-0.244481
-0.075431
-0.156632
-0.010849
-0.074456
-0.040783
-0.015988
-0.011065
-0.083894
0.253729
-0.008471
-0.019644
0.064632
0.036641
0.000000
0.180805
0.059480
0.204392
0.181106
0.077097
0.021151
0.021151
0.144973
-0.001432
0.040281
0.042011
-0.088463
-0.122579
0.018705
-0.081214
0.194187
-0.040190
-0.067000
0.000000
-0.043841
0.037239
-0.013416
-0.127310
-0.067825
-0.026997
0.056903
-0.066736
0.115225
0.095145
0.036446
0.052069
0.002317
0.021370
0.122202
0.000000
-0.053294
1.145115
0.076409
0.374019
0.037584
-0.043319
0.015245
-0.069069
0.139187
-0.006863
-0.063982
-0.013536
-0.059767
0.108943
-0.090638
-0.012602
0.176541
-0.239189
-0.083865
-0.078069
-0.008764
-0.008414
-0.261403
0.024620
-0.088409
0.000000
0.000000
-0.146236
0.040815
-0.109580
-0.106228
0.005873
0.002363
0.000000
-0.171020
-0.101160
0.025773
0.013202
0.034185
0.000000
-0.026258
0.042729
0.077227
-0.043131
0.011688
0.011697
-0.190927
0.074109
-0.027221
-0.026258
0.074454
-0.115468
0.074454
-0.039102
-0.014423
0.060367
-0.040226
-0.032790
-0.246157
0.038248
0.000000
0.042193
-0.013730
0.000000
0.000000
0.010165
-0.028390
0.000000
-0.028925
-0.119274
0.007918
0.000000
0.036098
0.016146
-0.035919
-0.000121
0.033488
-0.106898
0.016173
-0.092018
-0.074625
0.057275
0.009458
-0.004609
-0.071559
0.007833
-0.006189
0.011944
-0.174882
0.054767
-0.061552
0.133371
0.010066
0.085017
0.075392
0.148781
-0.019018
0.041658
0.059577
-0.068961
-0.069564
-0.002143
-0.070794
-0.081777
1.831860
-0.055496
-0.035406
0.059480
0.047536
-0.018077
0.085363
-0.021108
0.261739
-0.060735
-0.084447
-0.019301
0.047315
0.031559
-0.127310
0.016146
0.008396
0.027279
0.059880
-0.002878
-0.054312
-0.041366
0.022264
-0.002256
-0.000164
0.007784
0.058673
0.043054
0.000000
-0.071385
0.000049
0.000000
0.127593
-0.030749
-0.038145
-0.109580
-0.023810
0.170149
-0.154987
-0.000579
-0.050533
0.054794
0.025270
0.183229
-0.030326
-0.036172
0.057275
0.036641
0.010066
-0.038924
0.102443
0.000000
0.047918
0.027605
-0.007048
-0.015883
-0.025448
0.000000
0.034148
-0.007104
-0.028329
-0.017357
0.000000
-0.029744
0.013000
-0.000408
-0.083036
-0.137477
-0.045734
0.170149
0.206383
-0.030289
-0.035402
0.142918
0.469663
0.000000
0.003979
0.041624
-0.073937
0.026286
0.112429
0.790499
-0.052140
0.110470
0.279086
0.049289
0.197826
-0.070798
0.044730
0.068641
0.008732
0.314344
-0.041771
0.059480
0.007471
-0.035402
-0.246314
0.310939
-0.033857
-0.091621
0.067884
0.007918
-0.084838
0.492335
-0.080695
0.041243
-0.045398
-0.001942
-0.029989
-0.003592
0.045991
0.005449
-0.020348
-0.108174
0.014227
0.000000
0.113329
-0.025230
0.010985
0.065197
-0.130273
-0.154926
-0.029870
0.026984
0.076841
-0.009155
0.059577
0.017894
0.087853
0.000000
-0.071765
-0.007227
0.000000
-0.022800
-0.033207
-0.003653
0.141005
-0.249502
0.013186
-0.108685
0.066925
-0.129123
-0.108715
0.015447
0.070458
-0.127642
-0.134928
0.506313
0.000000
0.057857
0.000269
0.103556
0.082469
-0.112699
0.004180
0.054434
0.000000
-0.000579
0.061127
0.000000
0.015517
0.075062
-0.106898
0.157662
-0.001536
-0.000594
0.054706
0.023914
-0.026703
-0.122304
0.145937
-0.015985
-0.006174
0.000000
-0.302900
0.145480
0.035187
0.016509
-0.075749
-0.051021
0.046507
-0.124377
-0.033290
0.000000
-0.019596
-0.004133
-0.060710
-0.030904
-0.025872
-0.004286
0.022755
-0.012700
-0.043959
0.007070
-0.202617
0.019887
-0.021333
0.190211
-0.047270
-0.009336
-0.067989
-0.066121
0.000000
0.319594
0.002572
0.027470
0.165779
-0.029896
0.018041
0.079107
0.000000
0.000000
0.023914
-0.163209
0.093764
-0.118724
0.172921
-0.003387
0.499502
0.015310
-0.081578
0.016883
0.030940
0.036446
-0.201116
-0.026548
-0.000408
0.000000
0.006503
-0.034368
0.040281
0.000695
-0.091248
0.053360
-0.054909
0.103757
0.016061
-0.125858
-0.175745
-0.033070
-0.108746
-0.150654
0.010391
0.111694
-0.016532
0.012811
-0.144454
0.129633
0.046235
-0.110453
-0.042226
0.016720
-0.031346
-0.030650
0.023023
-0.039740
0.203050
-0.038489
0.203050
-0.007153
0.000000
-0.079668
-0.106902
0.023933
-0.119220
-0.065599
-0.029446
0.015517
-0.004133
0.000000
-0.031992
0.246256
0.037102
-0.139726
-0.017823
-0.008904
-0.073619
0.014463
-0.024086
0.000000
-0.069057
0.009287
-0.115430
-0.350669
-0.042073
-0.097657
-0.077097
-0.023476
-0.077097
-0.071385
-0.040190
-0.027109
-0.177884
0.002572
-0.052708
-0.106774
-0.116563
-0.105275
-0.217386
-0.077097
-0.115209
-0.174935
-0.120589
-0.083894
-0.319806
-0.040190
-0.098182
-0.033207
-0.034752
-0.134674
0.029560
-0.023476
0.103884
-0.105566
-0.066401
-0.134570
1.580976
-0.077097
-0.098182
0.077080
-0.134570
-0.027358
0.000000
-0.112412
-0.081287
-0.024086
-0.243131
-0.000001
-0.045040
-0.180573
0.009439
-0.083894
-0.052708
0.259171
0.000000
0.259171
0.000000
0.042941
0.259171
-0.023549
-0.077097
-0.052708
-0.060523
-0.314735
-0.040190
0.010178
-0.081287
-0.081777
-0.053164
0.010178
0.084083
-0.041143
-0.056399
0.000000
-0.023549
-0.211606
-0.040190
-0.044509
-0.204123
-0.041143
0.426609
-0.274012
0.259171
-0.157490
-0.003159
-0.060720
-0.408971
0.112977
-0.032510
0.010178
-0.013529
-0.003159
0.000000
0.126615
0.000000
0.110231
0.078393
-0.116119
0.038059
0.003435
0.031083
0.075005
0.043010
-0.021303
-0.212305
0.034547
-0.070894
-0.018815
0.171750
0.610422
0.000000
-0.057766
-0.046396
-0.052688
-0.105566
0.020255
0.001448
-0.042054
-0.020512
0.068403
-0.020968
0.045289
0.273181
-0.023232
0.022254
0.023710
0.058024
0.229738
0.109187
0.000000
0.061127
0.000000
0.077355
0.050529
0.090667
-0.085218
-0.134928
0.204046
-0.005944
-0.083036
-0.092035
0.109596
0.000000
-0.045207
0.180805
0.002829
-0.212961
0.006627
0.311552
0.000000
-0.008804
0.224191
-0.003159
-0.049501
-0.260512
0.077386
-0.039036
-0.012123
0.023976
-0.101160
-0.000347
-0.046615
-0.072396
0.037201
-0.097508
0.649723
0.000000
-0.006813
-0.002878
0.105845
-0.099963
-0.173429
-0.008014
-0.201725
0.000000
0.203050
0.127969
0.012411
-0.062006
-0.106774
-0.189054
-0.025400
0.041467
-0.073323
-0.137291
-0.003960
0.004963
-0.016310
-0.081870
-0.048286
0.061849
-0.008290
0.154159
0.085015
-0.128673
-0.170892
-0.066834
-0.181561
-0.110668
0.080158
0.001116
0.089504
0.082611
-0.038144
-0.043723
-0.258137
0.062227
0.000000
0.032286
0.007832
0.081078
-0.033207
-0.032631
0.097921
0.017390
-0.025448
0.024702
0.205683
-0.156532
0.389088
-0.098131
-0.039190
0.055147
-0.136557
0.070852
0.034407
0.007436
0.244908
-0.144735
-0.057210
-0.057210
0.134809
0.083584
0.166239
-0.007576
-0.030132
0.000000
0.080696
-0.082339
-0.205976
-0.000065
0.000000
0.125797
-0.207174
-0.054135
0.253619
0.062600
-0.123246
-0.062562
0.042862
0.004233
0.008396
-0.020784
-0.022537
0.049090
0.000318
-0.000086
-0.140083
0.000000
-0.030332
-0.046845
0.053454
-0.063323
-0.166178
0.109946
-0.039528
-0.148137
0.000000
0.076409
-0.058893
0.000000
0.000000
0.034684
-0.004286
-0.016513
0.002593
-0.023502
0.702127
0.002593
-0.028274
0.011927
0.036993
0.013438
0.153751
0.082373
-0.083693
-0.020899
0.014828
-0.003870
-0.037148
-0.005830
0.002333
0.790499
-0.009934
0.009322
0.014178
-0.212768
-0.180575
-0.156930
-0.182027
0.000000
0.194930
0.011402
0.069057
0.261739
-0.168359
0.000000
0.069762
-0.091906
0.015981
-0.042416
-0.067230
0.042458
-0.118554
-0.015382
0.000000
-0.023635
-0.083637
0.030756
-0.012054
0.003505
0.005558
0.005566
0.045819
0.005403
0.000000
-0.007038
0.076409
0.008073
-0.005048
0.046704
0.000428
0.012655
-0.008904
0.064097
0.049200
-0.077219
0.019887
0.000000
-0.063287
0.229366
0.000000
-0.084636
-0.112597
0.046704
0.044628
-0.057642
0.000000
-0.003814
-0.000703
-0.028274
0.001271
0.312190
0.000000
0.010522
0.141881
0.080415
0.090923
-0.050038
-0.053798
0.073237
-0.029989
-0.080460
-0.201151
-0.234424
-0.000047
0.000931
0.009861
-0.258409
-0.030327
-0.030327
-0.034752
0.238290
0.021618
0.005846
-0.068262
-0.072261
0.009322
-0.032909
0.015310
-0.027639
0.016146
0.080917
-0.015776
0.002086
0.327886
-0.007153
0.084245
-0.032527
0.388404
0.016635
0.130596
0.049976
0.049976
-0.015475
-0.051337
0.022808
-0.063179
-0.007427
0.000541
-0.075299
0.000000
0.004930
-0.093508
-0.011228
0.042227
0.041487
0.128094
0.195081
-0.025471
0.051083
0.019887
0.129189
-0.132826
-0.070794
0.029282
0.002154
0.007465
-0.032909
-0.016585
0.044896
0.092994
-0.127565
-0.082386
-0.055696
0.285565
0.533012
0.029781
0.025989
-0.091248
-0.035137
-0.033070
-0.032644
0.023428
0.000000
-0.061849
-0.069922
0.125217
0.058743
0.019422
0.004213
0.053434
0.041487
0.032142
-0.057642
-0.140627
0.715222
-0.042226
-0.046667
-0.006136
0.060853
0.104190
-0.058893
-0.084187
0.010233
-0.020036
-0.087076
0.085017
-0.054312
-0.064307
-0.136235
0.007465
0.049406
0.007939
-0.002971
-0.122474
0.022298
0.061246
0.000000
-0.001338
0.002504
-0.064868
0.012235
0.045396
0.082781
0.071503
-0.062271
-0.229530
0.000905
0.001550
0.022778
0.000000
0.000064
-0.084636
0.240693
0.010219
0.018041
-0.000408
0.128330
0.038059
0.026984
-0.037131
-0.203483
-0.072701
0.025653
-0.118026
-0.049500
0.024731
0.091254
0.000000
-0.069534
-0.055696
0.086423
0.000000
0.000044
-0.036087
-0.199555
-0.013529
0.020608
0.000000
-0.052338
-0.240293
0.018866
0.030745
-0.046297
0.153748
-0.079435
0.004341
-0.066075
0.015977
0.020577
0.038575
0.105153
-0.210665
-0.000579
-0.134575
-0.142923
0.018611
-0.003159
-0.112412
0.073283
-0.051021
0.015800
-0.002765
-0.044457
-0.054402
-0.197579
0.176541
-0.042459
-0.053253
0.004283
-0.122873
0.024758
-0.106902
-0.046396
-0.080646
-0.173530
-0.048592
0.000000
-0.283836
0.072288
-0.074338
-0.014314
-0.004232
-0.013321
-0.003870
0.015310
-0.021819
0.053360
-0.009155
0.017841
0.021096
-0.006144
-0.045375
-0.025502
-0.020899
-0.024387
0.002593
0.049508
0.003979
0.252365
0.004594
0.017841
-0.161609
-0.220001
0.453534
0.010025
-0.009934
0.312190
0.000000
-0.143758
0.016994
0.032776
0.053360
0.012520
0.015981
0.000000
0.044069
-0.112803
-0.071559
-0.036535
-0.000071
0.068713
0.111000
0.064057
0.035074
-0.000058
-0.000061
0.029550
0.029550
0.000899
0.029631
0.029596
0.029595
0.193605
0.007755
0.003165
-0.159131
0.000000
0.000000
0.222382
-0.142040
0.002154
-0.054909
-0.008420
-0.032763
0.002457
-0.267079
0.117552
0.000000
0.061127
0.000000
-0.119044
-0.170214
0.000000
-0.000070
-0.134575
0.023531
0.093432
0.025936
-0.087541
-0.025113
-0.107694
-0.045721
0.027822
-0.017198
-0.024086
0.018041
-0.026258
-0.020899
-0.109162
0.000000
-0.046396
0.024065
0.026203
-0.029989
0.000365
-0.183103
-0.009774
0.055955
-0.035032
0.054382
-0.038927
-0.085519
0.177578
0.010985
0.317306
-0.061408
-0.445956
0.009370
-0.000100
-0.025647
-0.016796
-0.027639
0.000000
-0.055008
0.185531
-0.074625
-0.187848
0.026104
0.033877
0.041161
0.023023
0.003490
0.004803
0.152607
0.000000
0.084245
-0.099861
0.000072
-0.057165
0.068050
0.091795
0.146325
-0.025102
0.018594
-0.017343
0.024758
0.103921
-0.034142
0.215127
0.055147
0.083584
-0.008471
-0.134674
-0.001242
0.072232
-0.343978
0.010794
0.046642
-0.070201
0.017894
0.003010
-0.189054
0.000000
-0.171475
0.110470
-0.118657
0.001954
0.047472
0.034472
-0.002730
-0.094224
0.000000
-0.116086
0.000000
-0.204372
0.195532
0.011255
-0.043534
-0.082386
-0.002524
0.559344
-0.135353
-0.004824
0.007465
0.267026
0.043612
0.142917
0.081078
0.067582
-0.013282
0.000695
0.065423
0.137573
0.007832
-0.054909
0.000000
-0.073134
-0.074824
0.057947
-0.104076
0.079640
0.038823
-0.031786
-0.008904
0.015517
-0.052253
-0.063179
-0.078440
-0.009336
-0.035508
0.075534
0.007918
-0.244297
-0.207927
0.048484
-0.175271
-0.026580
0.033862
0.016923
-0.084838
0.215810
0.250874
0.000000
-0.014811
-0.057919
-0.008471
-0.007473
0.085017
0.082803
-0.024657
0.093883
0.144179
0.026021
-0.036678
-0.100920
0.223234
0.009131
0.000000
-0.050953
0.000000
-0.106729
0.000000
0.160578
0.033803
0.083584
-0.074406
0.032979
0.003979
-0.210546
0.033862
-0.036094
0.093165
-0.083036
0.058673
-0.066121
0.011850
-0.190488
-0.229166
0.019469
-0.066155
0.040281
-0.013529
0.041234
-0.129942
0.032452
0.011763
-0.123008
-0.002403
0.098220
-0.134106
-0.075919
0.000905
-0.035919
0.020608
0.008396
0.161433
0.085363
0.354196
0.002333
0.000000
0.000014
-0.000464
0.233671
-0.008764
0.113457
0.100981
0.013186
0.099155
0.152138
-0.016708
0.056672
-0.007312
-0.048152
-0.105028
0.102485
0.048484
-0.013749
-0.004079
-0.012538
-0.115957
0.327451
-0.149350
0.040725
-0.188558
-0.135796
-0.058538
-0.062384
0.067582
0.070316
0.022101
-0.053679
-0.088463
-0.112803
-0.036994
-0.060702
-0.113787
-0.176788
0.000000
-0.091248
-0.035574
-0.032631
-0.021968
-0.032147
0.047700
-0.064727
-0.090701
0.236504
-0.033312
-0.022301
0.088060
-0.010251
0.109640
-0.063865
-0.054135
-0.069656
0.129189
-0.054909
0.020026
0.024407
-0.000478
0.018840
0.057780
0.057780
-0.165501
-0.005647
-0.088712
-0.057429
0.002373
0.048263
-0.003159
0.065924
-0.020589
-0.047971
-0.004077
-0.001273
0.000000
-0.056472
-0.037148
-0.125419
0.035698
0.034400
0.009300
-0.086690
-0.350701
-0.022063
0.347026
0.023128
-0.000047
0.018840
0.347026
-0.030825
0.080869
-0.101240
0.001243
0.016061
0.023955
-0.010571
0.017156
0.485681
-0.051331
-0.084869
-0.102201
-0.157098
-0.030289
0.002154
-0.005048
-0.005048
-0.081287
0.013088
-0.158245
0.191890
0.000000
0.093385
-0.058665
0.058017
-0.019652
-0.024387
0.024062
-0.036172
-0.037868
-0.008414
-0.011774
-0.185882
0.016146
0.061751
-0.000007
0.000000
-0.017198
-0.029878
0.003148
-0.139175
-0.085505
0.009744
-0.070447
-0.014644
-0.296979
0.070716
-0.037148
0.022528
-0.037131
-0.013515
-0.017820
-0.017820
0.059324
-0.046457
0.071425
0.000318
0.000000
-0.059989
0.000000
-0.021333
-0.043552
0.058017
-0.077648
-0.071641
-0.056123
-0.056995
-0.082110
-0.101160
-0.032875
0.188180
-0.101966
-0.001203
0.026049
0.001550
0.001550
-0.032875
-0.048244
0.105845
0.000000
-0.025502
-0.003537
-0.061366
-0.112699
0.000365
0.031553
-0.002109
0.000000
-0.002109
-0.002109
-0.002109
-0.002109
-0.002109
-0.002109
-0.002109
-0.002109
-0.002109
-0.002109
-0.023549
0.141281
0.553342
0.096122
0.024758
0.001550
0.226185
-0.032147
-0.001911
-0.011552
-0.059989
-0.045332
0.080223
-0.051658
-0.027378
0.141281
0.000000
0.000000
-0.032849
0.111641
0.492604
-0.002520
-0.045061
-0.125421
0.105845
0.003684
-0.154489
-0.074997
-0.001432
-0.028073
-0.002109
0.031553
0.031553
0.031553
0.000000
-0.013529
-0.169354
-0.002143
-0.042929
-0.013529
0.000000
0.004283
-0.058006
0.000000
-0.058006
-0.054764
-0.059989
-0.059989
-0.059989
-0.059989
-0.059989
-0.499950
