0.032894
0.055712
0.005269
-0.192283
-0.467169
0.065258
-0.016863
0.000000
0.205715
0.076351
0.408912
-0.185173
0.117558
0.964339
1.176360
1.379830
0.130067
-0.060996
-0.235146
-0.183691
-0.650350
0.482419
0.318115
0.008298
0.106906
0.776078
0.077800
0.619395
0.774004
0.984838
0.110518
-1.085188
-0.230108
-0.114328
-0.921501
0.072819
-0.188771
-0.035356
0.283274
-0.385684
0.240239
0.412851
-2.222558
0.968956
0.221619
-0.841891
0.433602
0.370625
0.302267
0.317065
0.860268
0.000000
-1.062801
0.012895
1.278974
0.000000
0.140175
-0.471199
-1.177908
0.000000
0.000000
0.458201
0.245682
0.322652
-0.346841
-0.213441
0.225657
-0.322672
0.130418
-0.046239
-0.092498
0.211069
0.188481
0.000000
0.258212
0.857780
-0.194840
-0.455697
0.000000
0.266029
-0.538500
-0.194017
0.427326
0.000000
-0.701662
3.470316
0.371297
0.000000
0.000000
1.403584
0.512899
0.069833
1.310179
-0.360738
1.090939
0.455642
-1.211633
0.491548
-1.133621
-0.585810
0.000000
0.000000
0.000000
0.336629
0.000000
0.485159
0.000000
0.393364
0.009365
0.130472
-0.027482
0.376370
0.335826
0.367193
-0.041340
-0.249186
0.557672
2.860535
-0.000993
0.041097
-0.145770
0.293754
1.314569
0.297120
-0.283525
-0.276055
-0.188561
0.112928
-0.301676
-1.130000
-0.395161
-0.103023
0.309025
0.280569
-0.346121
-0.362142
-0.319684
-0.498581
0.000000
0.000000
0.000000
-0.962931
1.684768
0.000000
-0.230631
0.000000
-0.439524
-0.999567
0.000000
0.000000
0.401809
-0.484082
-0.081256
-0.031051
-0.070988
0.013424
0.384129
0.118274
-0.149897
0.346043
-0.131606
-0.001522
-0.016012
0.136245
0.101724
0.000000
0.000000
0.000000
0.272855
0.501034
0.163416
0.213189
0.308187
-0.633389
0.488324
0.000000
0.000000
0.000000
0.000000
0.000000
0.000000
0.000000
0.000000
0.000000
0.000000
-0.025795
0.000000
-1.195693
-0.086247
0.219953
-2.595546
0.466406
0.360073
0.000000
0.335761
0.445609
-0.261459
-1.353888
0.120235
-0.393090
-3.880076
0.128161
0.305784
0.474823
0.587047
-0.462257
-2.850037
-0.310452
-0.773326
0.035384
-0.607470
-0.734908
-0.317281
-0.259030
0.125871
0.011526
-0.028942
-0.945579
-0.063292
-0.229814
-0.392368
-0.496414
0.000000
0.133907
0.000000
0.000000
0.271588
-0.070202
-0.694872
0.000000
0.355202
0.000000
-0.023514
-0.304387
0.559638
-0.019639
0.000000
0.000000
0.145538
-0.052079
-0.518108
0.000000
0.297794
0.000000
-0.748408
-1.235753
0.000000
-0.145514
-0.103314
0.000000
0.071275
-0.362770
0.072965
0.000000
-0.859373
-0.191755
-0.184715
1.444109
0.390013
0.000000
-0.085536
0.681223
-0.278751
0.355552
0.000000
0.159814
-0.389178
-0.355013
-0.439664
0.694186
0.000000
0.615834
-0.122409
0.620199
0.319223
-0.006401
0.000000
-0.970009
0.201693
0.004460
0.637755
0.691387
0.243431
0.142745
0.953395
0.071949
0.220336
0.738586
0.920209
0.000000
0.000000
0.000000
0.024520
0.162774
0.000000
-0.159122
-0.044909
-0.166823
-0.187342
0.029901
-0.577644
0.135547
0.000000
-0.381327
-0.167420
-0.475801
0.459183
-0.519265
0.152747
0.000000
1.141466
-0.132439
0.000000
-0.015216
0.000000
-1.248933
-0.084466
0.491845
-0.525235
0.928199
0.291236
0.000000
-0.775138
0.156064
-0.206400
-0.514168
-0.085687
0.151537
0.000000
-0.622544
-0.906359
0.000000
-0.510681
-0.128638
-0.060288
-0.105803
-0.221677
-0.088929
0.161909
-0.181141
-0.284071
0.000000
-1.896837
-0.773433
0.944034
0.000000
-0.156922
0.000000
-0.338436
0.000000
-0.453853
0.668853
1.552071
-0.135939
0.000861
-0.318853
0.000000
0.000000
1.021005
0.110132
0.000000
0.307997
0.138576
-0.133526
0.205936
0.000000
0.284913
0.524681
0.379607
-0.747136
0.132677
0.453551
0.099451
0.119154
-0.128474
-0.251984
-0.372695
-0.343846
-0.607283
0.000000
0.000000
0.000000
0.000000
0.000068
-0.164725
-0.064282
-0.182676
-1.193416
-0.660668
0.000000
-0.095530
0.525807
0.320777
-2.127862
-1.069676
0.379444
0.000000
0.725765
0.057912
0.666385
0.000000
-0.275075
-1.660305
-0.350777
0.000000
-0.421929
0.275706
0.534348
0.000000
-0.073808
0.117048
-0.260957
0.112126
-0.019963
-0.088815
-0.252368
0.343627
0.199509
-0.605402
0.079548
0.000000
0.391890
0.034300
-0.067369
-0.047458
0.712860
0.063651
-0.903423
-0.301564
0.252525
0.409473
1.160483
0.316090
2.156778
0.681710
-0.101115
0.000000
-0.019963
0.000000
0.000000
-1.385203
0.000000
0.223584
0.000000
-0.153369
0.000000
-0.144025
-0.024078
-0.416867
-1.466415
-0.356260
0.232799
-1.263742
0.000000
0.414481
-2.704927
-0.607548
0.000000
-0.037611
-0.253691
0.348975
0.874939
0.194814
0.681667
0.337199
-0.830912
0.352581
0.666970
0.029901
-0.150729
-0.026736
-0.240627
-0.363702
0.340989
-0.554379
0.314466
0.000000
0.184612
1.002668
-0.594029
0.095182
-2.029127
-0.314818
-0.322186
-0.028530
0.501504
-0.467278
1.122711
0.852182
0.557080
-0.638405
0.366786
0.490327
-0.282154
0.765599
0.060883
0.239767
1.218525
0.111597
0.165517
0.216092
0.328965
0.751967
-0.009415
0.306267
0.016072
-0.243624
-1.326812
0.000000
0.689785
0.886719
-0.042249
-0.251649
-0.347516
-0.613038
0.015629
-0.609183
-5.305694
-0.287265
0.605704
-0.486758
0.683344
-1.282165
0.744627
-0.219558
-0.616762
-0.666666
1.294677
0.000000
0.632098
0.649064
0.000000
0.000000
0.000000
0.167352
-0.216546
0.000000
-0.160109
0.170257
-0.214111
0.642726
0.145345
0.789665
-0.000058
-0.783661
1.059551
-1.187790
0.000000
-0.109329
0.298496
2.205303
2.144701
0.095242
-0.299803
-0.497112
-0.129108
-0.608943
0.743515
0.113720
-0.009046
-0.312572
0.244886
-0.255375
0.097838
-0.067396
0.000000
-1.787470
1.325637
0.000000
0.000000
0.442025
0.240471
-0.152652
0.208595
0.175254
-0.421046
-0.612670
1.762224
0.000000
0.000000
0.183433
1.712579
0.000000
0.000000
-0.488858
-0.116033
1.413241
-0.272247
0.000000
0.250442
0.206482
-0.013647
0.444825
0.385455
0.218551
0.151973
1.650772
0.922317
0.000000
0.000000
0.000000
0.310783
-0.308344
-0.333186
-0.916080
0.415085
0.428800
-0.266531
0.000000
-1.082621
0.073639
0.000000
0.000000
0.311265
0.449394
2.334776
0.507709
0.891164
0.000000
0.561534
-0.509090
0.668128
1.384095
-0.328162
-0.369547
-1.110258
-0.069487
-0.600207
0.627358
-0.636202
-1.954045
1.048584
-0.630237
0.000000
-0.756005
0.146695
0.105988
-0.434193
0.000000
1.089277
0.263224
0.069672
0.419225
0.004242
-0.949005
-0.134765
-0.839843
-0.045637
0.105248
-0.010514
-0.147836
0.041724
-0.904271
0.910078
-0.027982
0.265539
0.956689
-0.115775
0.356048
-1.467691
0.000000
0.038625
0.000000
-3.309404
0.306357
0.659976
0.166773
1.186897
-0.618851
0.000000
0.249812
0.000000
-0.107722
-2.687090
0.466460
0.000000
-1.204230
-1.288788
0.117881
-0.547539
0.000000
0.374827
-0.118468
0.219453
0.206781
0.089749
0.700014
-0.897618
0.034002
-0.598554
-0.031088
-0.008848
0.607490
-0.301469
-0.198085
-0.029779
0.000000
-1.350424
0.000000
-0.965166
-0.332356
0.998329
0.467145
-0.127161
0.000000
-0.165874
0.000000
-0.208280
0.582078
1.232055
-1.530144
1.401983
0.000000
0.585566
-1.207649
0.000000
0.000000
0.282693
0.850816
2.435369
0.000000
-0.272789
-0.127250
-0.464001
-0.072567
-0.588039
-0.770569
1.011559
0.004812
0.000000
-0.904223
0.517526
-0.314664
0.311686
0.399219
-0.113405
-0.873565
0.541893
-1.141664
-0.470888
0.000000
1.772425
0.327966
0.395121
0.383828
-1.998484
-0.243492
0.000000
0.126650
0.000000
1.257432
0.000000
-0.077109
1.294480
0.666627
0.000000
0.010463
1.079952
2.157400
-1.225697
0.115676
-0.038098
0.143624
0.156472
0.146064
0.000000
-0.827238
0.972943
0.439608
0.000000
-0.815776
-0.013706
0.400571
-0.154068
0.000000
-0.528229
0.000000
0.192703
-0.436714
-1.029597
-0.678996
0.000000
0.000000
0.000000
0.000000
0.031156
0.356048
0.000000
0.000000
0.155302
1.130666
0.218370
-0.191173
-0.718989
4.152650
0.146837
-0.419200
-2.464580
0.000000
-1.555719
-1.329906
-0.244459
0.817343
-0.149946
-0.097767
0.000000
-0.526552
0.000000
0.507993
0.164825
0.734813
1.066553
1.410919
2.125442
0.000000
0.000000
-0.212543
0.052525
-0.058702
-0.543711
-0.811102
0.394151
-0.521948
-1.444033
-0.213300
-0.124494
0.422850
0.049633
0.212901
0.462893
0.000000
0.246141
0.058330
0.437074
0.000000
0.000000
0.270477
-0.105412
1.866365
0.000000
2.108029
0.000000
0.000000
0.959122
0.000000
-0.070929
-0.959621
-0.176904
-1.489163
0.000000
1.289272
0.300446
0.830998
0.000000
0.000000
-0.135949
0.969532
-0.514104
-0.636883
1.911909
0.886106
2.452503
0.000000
-0.070582
-0.249484
0.360760
0.000000
0.633598
-0.686256
0.000000
-0.241108
-2.109146
0.269595
-0.007754
0.109033
-0.136615
0.789057
-0.223996
0.000000
0.052043
0.152988
0.000000
0.124103
0.747006
-0.020087
0.650979
2.027163
0.161952
0.742924
0.177211
0.000000
-0.774792
0.000000
0.380223
-0.127743
-0.450635
0.000000
0.393841
0.290770
0.000000
0.172541
0.000000
0.000000
0.345440
0.000000
0.420105
0.000000
0.025684
0.000000
-0.094928
-0.563933
1.296576
0.000000
-0.492110
0.000000
0.000000
3.223982
0.680713
-0.636718
0.000000
0.624247
0.063724
-0.476080
-0.403228
0.120041
0.096334
0.117713
0.083350
0.161692
0.202357
-0.032855
-0.499645
-0.433699
-0.558596
0.796880
-0.455697
0.000000
0.212199
1.352240
0.000000
0.050167
-0.314440
-0.659789
-1.808113
0.969823
-0.095004
0.456466
0.000000
0.000000
0.000000
-0.852465
0.000000
0.000000
0.457148
0.280502
-1.223316
-0.114206
0.015607
-0.428608
0.455559
-0.013558
0.488507
-0.673292
0.000000
0.000000
0.658471
0.357398
-0.150543
-0.771153
0.000000
0.512824
0.177510
1.028389
-0.142718
-0.012056
0.042953
-0.907321
0.149609
0.000000
0.620567
0.172782
1.125474
-0.049524
0.575142
-0.334275
0.493156
1.943710
0.000000
0.000000
0.177806
-0.219373
-0.588452
0.469722
1.423657
0.000000
0.148400
-0.032810
-0.242921
0.000000
0.241471
-0.468739
-0.239024
-0.318594
0.000000
-0.137127
-1.297025
0.567538
0.272313
-1.348037
0.126349
-0.044282
0.000000
0.459488
0.183761
-0.719632
-0.692534
0.000000
0.074451
0.122150
-0.194113
-0.304387
1.080696
-2.471990
0.649994
0.000000
0.470785
-0.843321
0.734537
0.356048
0.000000
0.436793
0.000000
-0.331157
0.559237
0.516392
0.000000
0.000000
0.066461
0.000000
0.280329
-0.164593
-0.012852
1.145443
-0.218474
0.750914
0.553574
-1.839204
0.687227
0.113443
0.000000
0.057529
0.000000
-0.143211
0.000000
-1.098232
0.000000
0.000000
0.358640
0.000000
1.069371
0.000000
0.720648
0.000000
-0.017563
-0.364380
0.000000
0.483990
0.863413
-0.059302
-0.854304
0.777883
-0.563439
-1.678053
0.132112
0.000000
0.000000
-0.412492
0.168738
0.173187
-0.341433
0.510069
-0.301681
-0.013581
0.000000
0.061157
0.049865
1.156249
-0.767357
-0.667287
0.000000
1.232055
0.000000
1.332647
0.000000
0.847355
-0.284747
-0.085923
0.000000
-0.022133
0.029335
-0.093248
0.000000
-0.327177
0.000000
-0.311434
-0.024500
0.000000
-0.080946
0.273547
-0.002361
0.158184
0.489795
0.244886
0.000000
0.000000
-0.511270
0.280131
-0.038971
-0.764720
-0.405215
0.561376
-0.438625
-1.033563
-0.866257
-0.036596
-0.299641
0.000000
-0.597554
-0.328188
-0.183230
0.171487
-0.103538
0.000000
0.518050
0.123704
1.033841
-0.549919
0.707720
-1.713588
-0.008255
-1.294159
-0.628083
-0.867549
0.712192
0.147539
0.000000
-0.760223
-0.295815
-1.022121
-0.598290
-0.613772
-0.625376
-0.793374
0.066461
0.000000
-0.013442
-0.829954
-1.095387
-0.068092
-2.792167
0.000000
0.000000
0.044726
-0.033763
0.256639
0.000000
-0.262554
-0.429963
0.702180
-0.685462
-0.241611
1.169820
-0.243053
-0.149033
0.011886
-0.521936
0.322414
-0.885679
-0.245634
0.000000
-0.625376
0.848448
1.156785
0.088105
-1.141922
0.486097
0.000000
0.053557
0.000000
0.907757
0.000000
-0.114380
0.627166
-0.436801
0.360073
-2.499543
0.000000
0.000000
0.615081
-0.859281
-0.368525
0.000000
-0.233843
0.000000
0.000000
-0.245090
0.167954
1.349927
0.053053
0.000000
2.228398
0.000000
0.000000
0.014924
-1.281701
-0.240991
-1.022863
-1.093975
2.149759
0.000000
0.000000
0.584435
0.524874
0.000000
-0.276420
0.249210
-1.344773
-0.777818
-0.321717
0.000000
0.634599
0.419943
0.298921
-3.387279
-0.274224
0.000000
-0.348050
0.933178
0.000000
0.262006
0.005962
0.064569
0.102908
-0.077299
0.011845
0.000000
0.110922
-0.061854
-0.171418
-0.319259
-0.035796
0.063671
0.000000
0.267266
-0.600071
0.379154
-0.942515
0.000000
0.865219
1.494928
-0.404385
-2.026943
0.000000
-1.268614
1.143288
0.313721
1.141471
0.257261
0.070836
0.000000
0.000000
0.000000
-0.290531
0.000000
-0.511605
0.390683
-0.108151
-0.345929
0.707042
0.891164
0.000000
0.109471
1.091020
-0.417668
-0.197326
0.097265
-0.117095
-0.415205
0.260431
0.095977
0.059440
-0.816101
-0.081898
0.000000
-0.002593
-0.265314
-0.604823
0.000000
0.799321
-0.147957
-1.572666
-0.155763
-0.889409
0.434560
0.179192
0.229426
0.184099
0.276221
-0.220102
0.285059
0.000000
0.000000
0.523323
-0.925090
1.311381
0.471774
0.086406
-0.022865
-0.078971
0.000000
0.122207
-0.295555
0.220161
0.114828
0.186240
0.000000
0.584839
0.010870
0.000000
0.000000
0.000000
-0.024388
0.000000
0.197188
0.000000
-0.299634
1.188047
1.122711
-0.114578
-0.424160
-2.671103
0.177472
0.615834
-0.572126
0.000000
-3.823057
0.157248
0.378409
-0.254498
-0.393854
-0.020628
-0.073785
-0.440756
0.907048
0.093647
1.491458
-0.524850
-0.618459
0.454170
0.125545
-0.110262
-0.694575
-0.050974
-0.012096
-0.246255
-0.079827
0.115091
0.777242
0.117810
0.080182
-0.027048
0.067864
0.000000
0.397367
0.035659
1.305374
-0.758581
0.100664
0.138650
0.000000
0.232191
-0.232994
-0.094922
0.000000
-0.254365
0.472028
-0.291405
-0.999713
0.022305
-1.739524
0.008306
0.088429
0.041005
0.341377
2.874953
0.373227
0.369546
-0.274934
1.962890
0.177924
-0.202838
-0.710150
0.134587
-0.172571
0.468174
0.713917
0.000000
0.000000
-0.076908
-0.353089
-1.208330
0.241640
-0.369666
-0.821605
-1.774007
0.491118
-0.225178
0.553085
0.000000
-1.328050
-0.320222
0.000000
-1.360099
-1.623068
-0.036396
0.000000
0.000000
1.218247
1.281216
-0.752702
-0.522078
-0.384455
-0.151872
0.262266
-0.217761
-0.243999
-0.013224
0.110437
0.218137
-0.476674
0.754070
0.072292
0.502229
0.206131
-0.555640
-0.071897
-1.967349
0.000000
-0.402791
0.000000
-0.112248
-0.306663
0.450575
-0.094560
0.411346
-0.807009
0.378001
0.107748
0.000000
-0.358132
0.000000
1.320873
0.807839
-0.355047
0.089342
-0.270541
2.348624
-0.066805
-0.044114
0.396434
-0.239650
-0.067651
0.301252
-0.207094
-2.132078
0.034740
-0.225042
0.361720
0.004819
-0.464443
-1.395252
1.040644
-0.117070
-0.184285
0.009333
-0.781853
3.326556
-0.004060
-0.300476
-0.233529
1.288914
-1.257553
-0.160571
-0.355665
0.000000
0.165426
-0.302769
-0.605664
-1.219224
0.423701
-0.133634
0.064838
1.991322
0.164371
-0.135466
-0.509086
0.543502
0.017512
0.822575
0.596756
-0.386825
1.932021
-0.143220
0.125311
-0.099202
-1.366770
0.976522
1.996791
0.076648
0.358739
0.559638
-0.651233
-0.024151
0.000000
-2.938685
0.391020
-2.267522
0.039836
-0.258499
0.074261
0.568355
0.283274
-1.094865
0.239293
0.917864
0.078631
-0.005237
-0.069490
0.186631
0.607450
-0.528783
0.214587
0.187834
0.000000
0.041249
-3.177349
-0.084766
-0.123417
-0.185271
-0.668902
-0.006898
-0.663403
-0.084925
0.000000
-0.157450
-0.536487
0.126739
0.510230
0.192040
-0.757660
0.224450
-0.576998
-1.371252
0.183750
-0.763533
-0.036183
0.000000
0.139434
0.464624
-0.144257
0.000000
0.033884
0.000000
-0.211871
0.418676
0.206144
0.000000
-0.258947
1.178392
0.000000
-0.354581
0.000000
0.410617
-0.805416
1.463147
-0.971360
0.283401
-0.026706
-0.296442
0.140829
0.000000
-1.563172
-0.053992
-0.410564
-0.044067
-1.440864
0.895853
0.104191
0.000000
0.405731
0.522543
0.390603
-0.014127
0.476016
-1.481679
0.024102
-1.143462
1.354834
-0.367894
0.766032
0.935104
0.667899
0.146320
-0.508234
0.000000
1.196447
0.030281
0.130938
-0.128616
-0.994021
0.258502
-0.627002
-0.413693
-0.260844
0.000000
-0.387203
0.413447
0.387548
-0.557821
-1.034033
0.412851
-0.007364
0.269908
-0.519026
-0.681361
0.000000
-1.734458
0.483678
-0.888148
0.209113
-0.065833
-0.014981
-0.374622
1.890040
-0.241045
0.000000
0.322755
0.150668
0.420066
0.321482
0.421399
0.117461
0.000000
-0.081559
0.000000
0.000000
-0.031405
0.000000
-0.286097
-0.242522
0.000000
-1.611051
-0.472761
1.015153
0.133828
0.188334
1.058809
0.187171
-1.362387
-1.877177
3.462052
-0.250807
-0.144891
-0.282574
-0.289658
-0.404352
1.017005
0.195550
-0.175972
1.085665
-0.366521
0.980661
-0.098598
0.000000
-0.077855
-0.256484
0.000000
-0.066390
0.229955
-1.017321
-1.301038
0.202388
0.095160
-0.190921
0.055114
2.184971
0.565104
-0.829987
0.092238
0.185163
0.725211
0.000000
-1.911004
0.126980
-0.092142
-0.135621
-0.238999
0.372837
0.012783
0.610831
2.017078
0.000000
0.000000
-0.548049
0.971308
0.037090
-0.074261
0.000000
-0.045063
0.443557
0.719641
0.003133
0.351436
0.000000
-2.015111
-0.043504
-0.115245
0.375879
1.579019
-0.161369
-0.108062
-0.030282
-0.644744
1.187587
3.420416
2.051813
0.560691
0.094502
-0.087528
0.000000
-0.071894
-2.479751
0.445453
0.626883
0.000000
0.322313
-0.126551
0.000000
-1.923984
0.000000
-0.298831
-0.257099
0.000000
-0.364932
0.000000
0.638222
-0.035247
0.162929
-0.357029
-2.072823
-0.776522
1.661756
1.028163
-0.227974
0.451335
-1.570402
-0.268257
-0.344046
0.000000
0.333125
0.472260
-0.100357
0.000000
0.000000
0.000000
0.000000
-0.226347
-0.154331
0.106277
-1.107852
0.825468
-0.330433
-0.768154
-0.995132
0.471225
-0.031017
-0.388483
-0.517323
0.000000
-1.518412
0.359715
1.693001
0.390338
0.096367
0.261408
0.399347
0.220935
1.031202
-1.054400
-0.717427
-0.247953
1.548753
-0.308537
0.307979
-0.349339
-0.764862
4.585075
0.000000
0.240886
-0.019174
0.348975
0.150827
-0.093569
-0.201634
-0.772273
-0.575590
-0.422252
0.323968
0.000000
0.000000
-0.385492
0.034881
0.972606
-0.649361
-0.765563
-0.207406
-1.562117
0.010732
-1.099094
-0.231328
-0.174511
1.032289
-0.000393
0.000000
0.828164
0.000000
-0.575464
0.000000
0.358831
0.250553
0.000000
0.319531
0.304566
-0.175479
0.084521
0.000000
0.708686
1.162591
0.078035
-0.086847
0.502975
0.000000
0.000000
-2.093855
-0.780311
0.057529
0.251205
-3.481743
-1.045580
0.000000
-0.488097
0.185935
-0.113572
-0.181234
0.241929
-0.828508
0.429564
-0.201554
-0.032199
-1.287511
0.000000
0.000000
0.000000
0.317236
-1.242479
-0.255086
0.000000
0.179567
-3.963962
-0.034697
1.161237
0.000000
0.031964
0.000000
-0.157631
-0.366546
0.000000
-0.068026
0.000000
-0.307984
-0.357934
0.119707
-0.415410
1.848329
0.319113
-0.204188
0.221205
-0.872231
1.047506
-0.027793
-0.684680
0.354710
-0.427939
0.000000
0.188312
-0.709903
0.000000
0.000000
0.945134
-0.261142
0.000000
-1.599797
1.444134
-0.213299
-0.531003
1.071515
-0.484331
0.929401
-0.113430
0.325628
0.310384
0.129713
0.000000
0.000000
-0.996231
-0.529056
-0.631576
0.810642
0.088999
0.541065
-0.812238
0.687242
0.000000
-0.022873
0.000000
0.000000
-0.162020
0.000000
-0.264972
-0.075541
0.277577
-0.671420
0.253307
-0.065230
-0.994504
0.000000
0.622132
-0.082927
-0.159132
-0.027522
0.357586
0.000000
1.194292
-0.728997
1.013244
0.998776
-0.483823
0.760456
0.173835
0.063010
0.857425
0.189310
0.406123
2.106421
0.021843
-0.411745
-1.169037
-0.654183
0.082169
0.782792
-0.326747
0.000000
0.000000
-0.007849
0.474238
0.104831
0.817142
-0.206206
0.616325
0.000000
0.000000
0.000000
-0.144447
-0.066985
-0.549200
0.000000
1.077469
0.000000
0.000000
-0.166724
0.385933
-0.734127
0.000000
-0.581269
0.314080
0.000000
0.000000
0.514484
0.876608
1.195474
-0.165907
-0.088189
-0.430221
0.000000
-0.509531
-0.092738
0.128390
0.311987
0.554616
0.204766
0.493529
-0.383514
0.376619
-0.089884
1.476371
-0.225352
0.000000
1.094772
-0.598732
0.327443
-1.061313
0.000000
2.188140
1.392068
0.960417
-0.270334
0.767497
-1.127569
-0.918222
-0.859282
0.518721
0.157473
0.376222
0.304547
0.000000
-0.061295
0.111421
-0.969962
0.251740
-0.682959
0.163699
0.219888
0.000000
0.042943
0.000000
-0.104379
0.551136
0.000000
0.017448
-0.213832
0.000000
-0.156358
0.493854
0.554612
-1.067057
0.258793
0.000000
0.655253
2.261052
-1.446036
0.273994
0.033922
0.000000
-0.745465
-0.370296
-0.106218
-0.786099
0.306191
-0.764959
-0.067547
0.778421
-0.080085
-0.462575
-0.220525
-0.201553
0.000000
0.023833
-0.745581
-0.509324
0.140175
-0.272357
-0.291030
-0.676983
-0.145325
-0.105386
1.276366
-0.581269
-0.106473
0.806616
0.000000
-0.158894
0.000000
0.271900
-0.027099
-0.081450
-0.259273
0.015644
0.208725
0.000000
0.201906
0.023714
-0.033351
-0.050701
0.000000
-0.262266
0.000000
-0.659575
0.000000
-0.496459
-0.003782
-0.059419
0.000000
0.063533
-0.052583
0.700977
-0.022050
0.106929
-0.269019
-0.586195
0.290962
-0.271083
0.123585
-0.672985
0.429148
-0.002963
-0.049422
0.296256
0.200301
1.598386
0.000000
-0.200535
0.157002
0.101422
-0.165341
-0.181838
-0.205169
-0.532278
-0.046806
-0.033317
-0.130669
-1.227908
0.000000
0.088226
-0.932988
0.398660
-0.450272
-0.805971
0.000000
0.047511
0.220842
0.000000
0.505786
0.431714
-0.127051
0.058387
0.459183
-0.389641
-0.461597
-0.954898
0.131046
0.203548
0.000000
-0.195102
0.000000
0.000000
0.267023
0.062313
0.028851
0.113935
-0.455144
0.034767
-0.112833
1.690306
-0.045762
0.000000
1.145801
0.023072
-0.016869
0.000000
0.000000
-0.259859
0.000000
0.000000
-0.157130
-0.448318
0.323288
-0.699075
-1.052646
-0.573814
4.496613
-0.421906
0.000000
0.154382
-0.094832
0.664513
-0.226038
-0.013283
0.210771
0.467978
0.812367
1.071965
0.000000
0.289350
0.215341
1.094573
-0.000437
-0.555557
-0.113570
1.146048
-1.104612
-0.112376
0.121598
0.445097
0.000000
0.000000
-0.397589
-2.794867
0.076460
0.827626
0.581693
0.596353
-0.425130
1.167375
-0.859169
0.000000
0.045882
0.174836
0.000000
-0.157076
0.000000
-1.445103
0.555215
0.007028
0.000000
-0.000274
-0.253854
-0.396983
0.302597
-0.025979
-1.162374
0.000000
0.353618
0.014640
0.000000
0.000000
1.229549
0.336983
-0.253342
0.308808
0.338406
1.865755
0.069505
0.000000
-0.688325
0.000000
0.000000
2.403175
-0.731227
0.000000
0.000000
-0.615266
-0.013270
-0.274537
-0.109466
0.643500
-0.574643
-0.637737
0.690566
0.509752
-0.306843
-0.464713
0.000000
-0.052215
0.374244
-1.082539
2.023466
-0.989071
0.340758
-0.423297
-0.487431
-0.048766
-1.196952
0.000000
1.964638
0.000000
1.096996
-0.845924
1.163918
0.000000
0.113751
0.000000
-0.990334
0.942203
-0.211132
0.000000
0.761021
-0.715518
0.910653
-0.058230
0.000000
0.000000
-1.267191
0.167811
-0.765537
-0.713552
0.370215
-0.372251
0.007707
-0.208498
-0.064385
-0.194255
0.000000
0.937363
0.942958
-0.187810
-2.837721
1.714518
-0.124249
0.000000
-0.040536
0.000000
-0.453800
-0.180885
0.139921
0.000000
0.903287
-0.020087
-0.293533
0.209953
-0.022691
0.000000
-0.091418
0.114799
0.000000
0.784678
4.663011
1.061758
0.000000
0.000000
0.000000
-0.676700
-0.961283
-0.068589
-0.020571
0.000000
-0.160886
-0.092625
-0.191490
0.386277
1.313085
-0.208580
0.564390
0.000000
0.503344
0.000000
-0.236707
-0.116958
0.000000
-0.169619
-0.701773
0.000000
-0.155796
-2.028018
-0.297400
0.653084
-0.399793
0.050930
-0.132060
-0.071133
-0.122535
0.000000
0.183945
0.283603
0.000000
0.020940
-0.701657
-0.371776
0.167040
0.000000
0.000000
-0.236262
0.000000
0.008228
-0.212689
0.258250
-0.423735
-0.502380
-0.101704
-0.269824
0.034354
-0.095965
0.034354
-0.147762
-0.685553
-1.217526
0.000000
-0.026174
-0.048932
0.560207
-0.349259
0.761791
0.116875
-0.134049
-0.476619
-0.283874
-0.297149
0.186119
0.000000
-0.267095
-0.404600
-0.022478
-0.327467
0.127626
0.000000
0.108951
-0.292280
0.676012
1.964395
0.000000
1.774207
-0.130702
3.270658
0.463668
-0.016858
0.447946
0.000000
0.398877
-0.108069
0.376615
0.000000
-0.188158
-0.374075
-0.452218
-0.056019
-0.293624
0.000000
-0.310003
-0.240853
0.224452
-0.717741
0.000000
-1.829004
0.000000
-0.022164
-0.044589
-0.172012
0.000000
0.954419
0.000000
0.000000
0.000000
0.171326
0.216064
-0.256043
0.000000
-0.729460
0.000000
-0.013995
0.000000
-0.171952
-0.192862
0.000000
0.000000
0.063832
0.612134
-0.186041
0.649363
-0.129514
-0.174649
0.244489
0.289708
0.290700
-0.067413
0.000000
-0.081280
-0.055956
-0.307718
-0.700973
0.026260
-0.037348
0.137228
-2.358035
-0.204856
0.000000
0.547679
-0.797474
-0.013017
-0.572646
0.000000
0.167418
0.669689
0.000000
-0.210015
-0.091024
0.118005
-0.742665
-0.210805
-0.080162
0.390155
-0.077020
0.516990
0.121962
-0.199486
-0.027484
-3.072428
0.000000
0.329134
-0.063955
1.485211
-0.132490
-0.134156
0.651236
0.000000
0.000000
-2.128128
-0.906493
0.074967
0.954808
-0.080455
-0.486685
-0.656553
-0.099069
-0.450086
-1.455425
0.000000
0.079478
-0.116437
-0.284930
-0.574896
0.000000
0.268717
0.886481
0.221269
0.253330
0.000000
-0.121128
0.654168
0.108290
-0.244031
-0.471374
0.008704
0.000000
-0.882715
-0.228650
0.036863
-0.757169
-0.016683
-0.133379
-0.106231
-0.195312
0.993084
0.310577
-0.317096
0.000000
-0.887507
-1.150541
-0.089299
0.331949
-0.332601
0.639180
-0.616205
0.824577
0.674356
0.052963
-0.090740
0.244886
0.417693
0.664789
-1.072627
0.482916
-0.350838
0.179255
0.000000
-0.372283
0.364333
2.623061
0.148439
-0.074998
-0.270504
0.584243
0.740305
0.199813
0.020785
-0.217669
-0.212786
0.220428
0.703976
-0.446970
0.788669
-2.060112
-1.706806
0.537820
0.000000
0.366797
-0.032639
-0.149559
-0.560294
-0.176126
-0.813336
-0.124049
-0.106091
0.051816
0.240886
0.000000
0.000000
-0.004021
0.000000
-0.355047
-0.275458
0.170437
-0.329571
1.154333
0.547692
0.102531
0.187886
0.918220
0.000000
0.000000
-0.215803
0.000000
-0.215188
0.000000
0.000000
-0.558613
0.000000
1.478473
0.000000
0.000000
0.000000
1.790345
-1.148340
-0.391534
-1.276991
0.122552
-0.591733
-0.055008
0.085941
-0.046344
0.078771
0.000000
-0.605899
-0.299734
0.384210
-0.406537
-2.884797
-0.817269
-0.343395
-1.046101
-0.140783
-0.670683
0.165211
-0.605525
-0.677843
0.374344
0.000000
0.288229
0.000000
0.119380
-0.724181
0.378950
-0.597693
1.125463
0.032623
0.000000
0.000000
0.000000
1.514122
-0.620430
-0.404506
0.000000
0.010343
0.000000
0.032947
0.000000
-0.526149
0.209551
-0.155802
0.561043
0.115886
-0.002480
-0.313563
0.132293
-1.125528
-0.612055
-0.100838
0.000000
-0.592180
-0.596474
-0.480454
0.660413
-0.094022
-0.596709
-0.056305
0.000000
0.457669
-0.443482
-0.117173
-2.538929
0.525682
-0.432977
0.000000
0.185034
0.000000
0.000000
-0.426107
0.009450
0.275888
0.258611
0.136285
-0.135770
-0.275343
0.248181
0.189895
-0.748162
-0.306123
0.140869
0.420229
0.000000
-0.549794
-0.326010
-0.648852
0.000000
0.000000
0.000000
-1.426858
-0.221377
1.381283
-0.645183
-0.283576
0.000000
0.023072
-0.144715
-1.164753
0.056219
-0.016193
-2.346946
0.193160
0.000000
0.326756
-0.046322
-0.255490
-0.650313
0.908403
0.152319
0.000000
2.588680
0.000000
-0.224007
-0.022125
0.231619
-1.058639
-0.033534
-1.913742
0.200012
-0.412956
-0.306553
-0.332749
0.310613
-0.200073
-0.219224
-1.707190
1.425389
-0.017916
0.000000
-0.625376
0.139187
0.647206
-0.272670
0.515812
0.000000
0.000000
0.733992
-0.769544
-0.743120
0.000000
0.433484
-0.251197
-0.287834
-0.035548
0.672371
-0.500396
-0.418219
1.092507
-0.084448
0.000000
0.116104
0.000000
0.767300
0.000000
-0.054697
-2.244396
-0.102888
-0.220580
0.471919
-0.255086
0.000000
-1.079693
0.000000
0.000000
-0.412602
0.000000
-1.542636
0.263843
-0.071379
0.000000
-0.357346
0.000000
0.361162
1.650215
-0.219516
0.327966
0.975057
-0.391300
0.630114
0.605959
0.639818
-0.454641
0.334046
0.000000
0.000000
-1.717518
-0.177123
0.015561
0.054577
-0.384988
-0.277871
0.000000
0.105687
-0.455697
-0.193768
0.298827
0.032380
-1.103348
-1.480725
0.000000
1.383708
0.000000
0.089954
-0.284930
0.183216
-0.099809
-0.873183
-0.696820
0.248109
0.000000
-0.127807
-0.295948
-1.991367
-0.457221
0.385257
0.497614
-0.694985
0.000000
-0.241616
0.504605
0.254517
-0.455585
-0.804869
0.000000
-0.706393
-0.320067
0.501933
0.000000
0.105570
-0.118137
0.502122
0.423156
1.194299
-0.345028
-0.076257
0.000000
0.000000
-0.542290
4.352227
-0.029830
-0.327919
0.000000
0.352055
0.051315
0.335155
0.758775
-0.360585
0.752793
-0.297879
-3.087610
-0.415634
1.258284
0.000000
0.000000
0.099877
0.920209
0.000000
0.000000
-3.569772
0.000000
0.000000
-0.511537
0.274315
0.383699
-0.469172
0.194568
-0.116103
2.404520
-0.159235
-1.265618
0.864901
0.822809
0.000000
-0.648546
0.165307
0.240471
-0.278528
-0.900846
-0.206638
0.075869
0.877648
-0.162354
-1.462897
-0.383908
0.000000
0.000000
-0.225700
0.166395
0.000000
1.258284
-0.266151
0.699763
-0.827087
-1.297025
0.285203
0.000000
0.000000
-0.314119
-0.240490
-0.328769
-0.427103
-0.235529
0.083061
0.316469
0.522363
-0.890269
0.334320
2.844546
0.000000
0.256373
1.688448
-0.367843
-1.025173
2.578253
-1.361088
-0.253576
0.183423
-1.514465
0.792243
0.227727
0.341823
1.425708
0.152771
1.437655
-2.659042
-0.504045
0.010867
1.666079
0.000000
-0.839610
0.387766
-0.343886
-1.892223
2.298712
0.901327
0.000000
0.215177
-0.140773
0.267266
0.022928
0.185901
0.742301
-0.440258
0.107527
0.230297
0.336545
0.000000
-0.786768
0.000000
-0.216145
0.231645
0.054212
0.087156
-0.239791
0.753806
0.060751
-1.336842
0.000000
0.244607
-0.282157
-0.207615
0.000000
0.074363
0.041933
-3.199051
0.000000
-0.213914
0.037930
0.000000
1.711743
0.321669
0.295880
-1.492259
0.000000
-0.646361
0.381444
0.685526
0.000000
0.000000
-0.907364
0.092945
-0.018768
0.537170
0.000000
0.109918
0.197906
-0.495805
0.643642
0.163607
-0.233250
-0.320370
0.043456
-0.781385
0.865936
-1.235292
0.121098
0.000000
0.009095
-0.124737
0.050134
-0.026074
0.801451
0.201766
1.077103
-0.455697
-0.196436
1.388735
-0.661737
-1.068565
-1.623506
0.851770
0.063987
0.382047
0.000000
0.000000
0.000000
1.238668
-0.020676
-0.062758
0.000000
0.558800
-0.080360
-0.402910
0.640644
0.721786
0.578928
1.768688
-1.127569
0.548589
0.501233
-0.305475
-0.101249
0.586190
0.824146
0.574622
1.012551
-0.197529
0.134645
0.695633
0.000000
1.256881
-0.416816
-1.287057
0.000000
-0.250228
-0.000375
-0.320886
-0.198139
0.249443
0.000000
-0.354721
-0.111687
-0.036984
-0.137043
-0.443227
0.063618
0.079424
-1.807377
-0.161560
0.000000
0.000000
-0.043270
0.112248
0.387244
0.000000
0.181015
2.431039
0.365193
-0.236118
0.064220
-0.079421
0.000000
-0.443472
-0.667288
0.062800
0.235814
0.125976
0.000000
0.000000
-0.021785
1.205935
-0.257721
0.140620
0.000000
0.000000
0.334763
0.447262
0.000000
-0.130650
0.000000
0.151607
-0.413585
-0.305729
-0.115690
-1.684249
0.833785
0.000000
0.050956
0.000000
-0.538990
0.272815
-0.156766
0.554447
-0.562772
-0.619033
-0.349909
-0.622864
-0.190703
-0.071015
0.052151
-0.207538
-0.827052
0.018480
-0.036540
0.435643
-0.573829
-0.570856
0.000000
0.691661
0.185831
-0.364737
-0.044749
-0.634759
0.116076
0.109879
0.449348
-0.073097
0.243996
0.042010
0.732898
0.023072
0.448832
0.281804
0.000000
-0.279059
0.000000
0.000000
0.318369
0.000000
0.180280
0.000000
-0.794891
0.000000
0.154650
-0.633892
1.498001
0.430724
-0.196746
0.315427
-0.636576
-0.917740
1.693925
-0.366284
0.299626
0.493067
-0.186328
-2.378864
0.125418
0.000000
-0.266464
-1.700168
-0.674423
-0.377693
-0.467339
-0.120942
0.197773
0.000000
0.244886
-0.828228
0.000000
0.055066
-0.780282
-0.867255
0.456782
0.023492
0.099605
-1.179756
-2.240840
-0.326499
1.637545
0.000000
-0.759963
0.000000
-0.484804
0.000000
-0.597659
-0.019639
0.967444
0.000000
-0.290255
-0.926855
-3.065733
-0.249618
0.243063
0.000000
-0.099641
1.410834
-0.787028
-0.567846
1.048584
0.031777
0.800758
0.194379
0.736444
0.260982
-0.172951
2.762721
0.000000
-0.454019
-0.285182
-0.017522
-0.399893
0.234764
0.000000
0.000000
0.342577
-0.282589
-0.988913
0.616463
0.142761
0.142881
0.000000
-0.706393
-1.380671
-0.239284
0.000000
-0.211783
0.000000
0.000000
1.921823
-0.286204
-0.438834
-1.925944
-0.241907
-0.022485
-0.569543
0.000000
-0.059576
0.190417
0.216986
0.000000
0.000000
0.000000
0.000000
0.549004
-0.955213
-0.345017
-0.015528
-0.397878
-0.496555
-0.236053
-1.409486
-0.221152
0.000000
0.111247
0.000000
0.448508
0.116958
0.174788
-0.776696
0.000000
-0.152629
0.140496
-0.827379
0.011796
0.335647
0.457067
-0.377701
0.000000
0.204904
-2.178676
0.353092
0.782011
-0.028440
0.000000
-0.448346
0.383064
0.943055
-0.114544
-1.530823
-0.013688
-0.413554
0.019259
-1.121554
0.556606
0.042509
0.249080
-0.045988
0.000000
0.000000
-1.529869
-0.090163
0.000000
0.000000
-0.326490
-0.051306
-0.090459
0.568449
0.546561
0.265483
-0.024125
-0.721504
1.712430
0.786271
-0.454268
0.884051
0.000000
0.000000
0.004787
0.465255
-0.462328
1.366486
0.000000
0.268717
0.434904
0.000000
0.470015
0.000000
-0.057300
0.000000
0.427643
0.664827
0.304985
-0.042129
0.262001
-0.490418
-0.391766
-0.376385
0.370172
0.045284
-0.260486
-0.472115
0.893823
0.000000
0.000000
-0.120919
-0.563527
-0.495740
-0.262333
0.606995
-1.034099
-1.026085
0.051459
0.574166
-0.611030
-0.474220
0.000000
-0.593321
-0.339965
-1.119700
-0.386825
0.002409
0.000000
0.000000
0.350013
0.000000
0.267267
-0.061392
-0.264453
2.331492
0.465034
-3.856226
0.000000
0.033831
-0.489962
-0.226132
0.312919
-0.413943
-0.659311
0.000000
0.210852
-0.082305
-1.451042
-0.436046
-0.072420
0.045045
-0.439401
-0.078565
0.000000
0.146505
-0.051559
0.563230
0.733712
-0.160213
0.189270
-0.217488
-0.425354
-0.514305
0.434380
-0.516470
-0.382697
0.000000
-0.021447
0.247769
0.031454
0.000000
0.441712
0.239324
-0.218915
2.008275
0.738998
0.717919
-1.089924
-0.071959
0.217557
0.452098
-0.029597
-0.128586
-1.523603
0.035118
-0.036072
0.000000
0.399561
0.000000
0.000000
0.166107
0.117048
0.000000
0.000000
1.682924
0.181866
0.670050
0.361056
0.943818
0.002510
0.358355
-0.217981
-0.419327
0.012162
0.000000
-0.567532
-0.013736
0.155578
0.000000
-0.050976
0.000000
0.093836
0.426921
-0.015620
0.258309
0.023407
-0.974184
0.000000
-0.035776
0.000000
-0.464584
1.782541
0.543064
0.000000
0.766032
0.000000
0.000000
0.740777
-0.378147
-0.726636
-0.478541
1.260469
-1.061094
-0.293010
1.130668
0.000000
0.000000
0.278742
-2.044774
-0.328049
0.483738
-0.099913
0.581146
0.024102
0.000000
0.000000
-0.253595
0.299463
0.230434
-0.005460
-1.145882
0.406973
-0.638286
0.000000
-0.449949
-2.527274
-0.154656
3.411441
-1.717724
-0.249122
0.000000
-0.419777
0.000000
-1.102089
-0.034372
0.000000
0.002592
-0.031024
-0.188039
0.240368
0.000000
-0.257890
0.203706
0.023922
-0.629477
0.000000
-0.062210
0.000000
0.315409
-0.262815
0.562508
-0.534020
-0.133276
0.015107
0.004998
0.047913
0.176401
-0.023082
-0.262036
0.537238
-2.762086
-0.477526
0.032646
0.094811
-0.155989
-0.667938
0.000000
-0.489951
-0.289672
-0.159003
1.031498
-0.189884
-0.346121
-0.631578
0.000000
-0.135430
0.182754
0.000000
0.112235
0.415157
0.997941
0.272053
-0.501198
0.000000
0.000000
-0.062210
0.432708
-1.057760
0.000000
0.000000
-0.077284
1.410919
0.000931
-1.354100
-0.649599
-1.657895
0.075151
0.888679
0.000000
-0.407958
-0.434824
-2.192048
-0.547555
0.211518
0.000000
0.114321
-0.144843
0.017887
-0.219439
-0.248084
0.301565
0.192657
-0.542729
-0.232729
-0.481431
-0.196986
0.000000
-0.253502
-0.106867
0.283626
0.000000
0.092649
0.072826
0.870667
0.000000
5.075153
0.000000
0.000000
0.000000
-0.125920
-0.117762
-0.129543
1.520456
0.212300
-0.074388
0.375325
-0.282575
0.000000
0.518683
-0.169719
0.540399
-0.410244
0.417095
0.422602
-0.200703
0.089523
-0.018409
0.091373
-0.053728
-0.109122
-0.421559
1.147567
0.185352
0.000000
1.205935
-0.209034
0.067819
-0.709110
-0.260575
0.352765
0.011861
-0.356263
0.401806
0.000000
1.375836
-0.440775
-0.140707
-0.780778
0.427589
0.621680
0.000000
0.000000
-0.253755
-0.986216
0.000000
1.727539
0.000000
0.441922
0.000000
0.920209
0.209265
-0.788381
0.769765
0.000000
0.000000
-0.447677
0.000000
-0.354151
3.726936
0.279811
0.380673
1.778789
2.462502
2.189640
-0.377010
1.234754
-1.105501
0.000000
-0.406361
-0.233575
-0.010233
-0.261296
-0.314748
0.275227
0.943720
0.487304
1.295357
0.000000
1.105305
-0.234238
-0.213852
0.000000
-0.111193
-0.119922
-0.405198
-0.356918
0.905056
-0.360529
0.102821
-0.292746
-0.739669
-0.254139
0.000000
0.000000
0.000000
0.000000
0.066708
-1.032596
0.989258
0.296770
-0.456937
0.308320
-0.258125
0.000000
0.428342
-0.064325
-0.169428
0.000000
-0.035757
-0.672985
-0.254005
-0.448105
0.106000
0.065192
-2.559754
0.264349
0.298330
-0.905892
0.283835
0.022272
0.000000
-0.100372
-0.621998
0.032939
0.008754
0.000000
-0.798860
-0.316077
0.006623
-0.734072
-0.322249
0.003291
0.000000
-0.275930
0.000000
0.000000
-0.531753
0.000000
0.647364
-0.148426
0.961349
0.052317
-1.451682
-0.110768
0.000000
-0.322848
-0.169670
0.301211
0.000000
0.019461
-0.784205
0.804965
-1.939640
-0.574156
0.202302
-0.762801
-0.873400
1.972284
0.000000
0.055165
-0.999226
-0.450701
0.017621
1.200991
0.120351
0.280569
-0.950144
1.159592
0.072972
0.103312
0.000000
0.712179
0.000000
0.050388
-0.574940
1.510732
-0.897222
0.000000
-0.694463
0.046596
0.057944
-0.324452
-0.338565
0.000000
-0.139468
-0.276549
0.000000
0.347397
-0.686826
0.912098
-0.972808
-0.308377
0.778400
0.063113
0.000000
0.485982
0.000000
0.444272
0.178319
-0.019129
-0.163947
0.864424
0.335542
0.187824
-0.501689
-0.014180
0.000000
0.000000
0.000000
-0.186501
0.217725
-0.048902
-0.121325
0.568157
0.000000
1.551689
-0.096020
-0.142622
0.000000
0.149756
-0.407610
0.000000
-0.492249
-0.120956
0.038358
0.473075
-0.122464
0.258309
-0.573938
-0.492194
0.225687
0.778972
0.305387
0.692729
-0.002906
0.000000
0.000000
0.000000
0.298106
0.004052
0.111069
0.591005
-0.524003
-1.574911
-0.021619
0.000000
-0.305692
-0.375055
-0.055834
0.734161
-0.363634
-0.853238
-0.066490
-0.088146
0.418254
0.420067
0.000000
0.356778
0.223777
0.375764
0.051459
0.266579
0.000000
0.317065
1.467900
0.440832
1.392267
0.031546
0.000000
0.000000
0.000000
0.000000
0.000000
0.000000
0.000000
0.825588
0.000000
0.000000
0.582633
0.000000
0.000000
0.000000
-1.003045
0.000000
0.000000
0.000000
0.000000
-0.258484
0.000000
-0.258484
-0.075979
-0.075979
-0.075979
1.763303
0.470700
1.474083
-0.202621
0.422628
0.000000
0.492822
0.717062
-0.069809
0.532807
0.000000
-0.569717
0.223686
-1.090769
0.346417
0.000000
0.483781
0.336939
0.859491
0.643103
0.206159
-1.018507
-0.969299
-1.610226
-0.828056
0.185831
-0.421483
0.000000
0.283130
1.286439
-1.386523
0.000000
0.351847
-0.562947
0.026231
-1.413222
0.987801
0.996108
-2.123181
0.000000
0.539482
0.000000
0.000000
-0.371466
1.181642
1.276497
-0.440470
-0.740009
0.316856
-1.917808
0.000000
0.536030
-0.193405
-1.150015
0.538743
-1.120149
0.118050
0.070895
0.000000
-2.995085
0.020357
0.761767
0.049517
0.049517
0.133359
0.068456
0.160476
1.020962
1.120992
1.215188
-0.720158
0.000000
0.000000
0.000000
0.317065
0.516618
0.516990
1.076929
-2.462307
0.000000
0.000000
1.009199
0.000000
0.000000
0.000000
0.999130
0.000000
-0.401017
0.000000
-0.218305
0.437044
-0.059382
-0.411625
0.000000
0.330620
-0.183905
-0.848323
-0.508696
1.105014
1.635224
-0.248782
0.000000
0.338222
-0.270233
0.569221
0.313081
0.221639
1.127335
0.327107
0.000000
0.059970
-0.170320
0.979132
0.000000
0.000000
0.000000
0.756555
1.330187
-1.930349
-0.599168
0.000000
-0.011971
0.409606
-1.095387
-0.440284
0.000000
-0.051461
0.692476
1.870594
0.063206
0.000000
0.621129
0.678893
0.003962
0.132828
-0.039042
-0.537004
-0.714225
-0.090842
0.431384
-0.460674
0.000000
0.472749
-0.724745
1.027689
0.000000
1.687695
0.495906
-0.067243
0.000000
0.980673
0.025323
0.143599
-0.121317
-0.293508
-0.110487
0.814049
0.000000
0.329278
-0.154250
0.101256
0.483391
-0.567726
-0.501198
0.169252
-0.030667
1.592428
1.040239
2.323779
0.854935
0.971631
0.898841
-0.862393
0.000000
0.284868
-0.092753
0.530241
-0.147020
1.790345
0.568009
0.452926
-0.508142
-0.539894
0.010077
-0.060706
-0.148061
0.036825
0.572239
-0.221649
-0.469196
-0.606289
0.397927
-0.505479
0.365298
0.230972
-0.179259
-0.055969
-0.216491
0.000000
0.000000
0.000000
-0.139097
-0.246603
-0.377784
-1.499988
0.000000
0.000000
0.000000
-0.352536
1.141466
0.211123
0.251881
-0.053565
0.141664
0.582725
0.530664
-0.334024
