0.009321
0.022940
-0.033767
-0.075206
0.856041
-0.238914
-0.382677
-0.061665
-0.212552
0.271991
0.118814
0.248897
-0.050274
-0.062682
0.149611
0.150804
0.207686
-0.063518
0.453280
-0.027578
-0.052740
-0.574611
0.192047
0.401452
0.663409
0.081119
-0.139793
0.050007
0.001042
-0.326446
-0.208780
0.001815
0.117388
-0.896915
1.455885
0.005761
0.365579
0.133179
-0.303893
-0.118170
0.057459
-0.137249
0.126337
0.093193
-0.621011
0.287620
-0.707130
0.129277
0.155481
-0.855448
0.246550
0.614638
-0.687313
0.206197
-0.046947
-0.005031
0.151106
-1.168279
-0.848899
0.870060
0.313995
-0.106106
0.318671
0.251317
-0.331993
-0.000162
0.295489
0.080810
0.006713
0.133354
-0.003354
-0.325951
0.105561
0.337927
0.260259
0.289038
0.383594
0.350413
0.288908
0.000000
-0.228062
-0.120712
0.582893
0.912291
1.131150
1.116830
0.111682
-0.300414
-0.071193
0.343898
-1.484487
2.028746
0.906037
0.000000
0.075028
-1.088351
0.480639
0.296351
1.015154
-1.522998
0.000000
0.863494
0.578034
0.061050
0.058913
-0.741719
0.631157
-0.683438
-0.145630
-0.178268
0.587353
0.000000
0.175504
1.371240
0.262675
0.000000
0.226675
0.000000
0.159043
0.000000
0.240664
0.000000
0.257145
0.137630
0.030415
0.199836
0.165490
0.009867
-0.132072
0.375121
1.643245
0.066572
0.029610
0.012184
0.019762
0.344036
0.459175
0.155500
-0.043859
0.137546
-0.008555
-0.071485
-1.107464
0.000000
-0.069094
0.267879
0.885892
0.112815
0.091917
-0.242527
-0.470048
0.303282
-0.626192
0.062543
0.190989
-0.587085
2.674004
0.000000
0.000000
0.000000
-0.670184
0.129851
0.435722
0.000000
0.000000
0.000000
0.000000
0.000000
0.000000
0.000000
-0.081994
-0.216588
1.020091
0.018931
0.000000
0.126886
0.893226
-0.266091
-0.211350
0.000000
-0.332948
0.330987
0.887303
0.200222
-0.500216
0.000000
0.031358
0.100107
-0.016386
0.099057
0.061164
0.178149
0.133475
0.211584
-0.024459
-0.621153
-0.072567
0.422302
0.128270
-0.069085
0.000000
0.000000
0.773755
-0.229888
-0.575234
0.587903
0.191750
-0.235097
0.000000
0.000000
0.000000
0.000000
0.000000
0.000000
0.000000
0.000000
0.000000
0.439908
0.040428
-0.538318
-0.398530
0.353815
-0.032423
-0.304627
-0.050691
0.197334
-0.193881
1.166080
0.000000
0.117932
0.058286
-0.052741
-0.216090
0.044264
-0.018670
0.593706
0.161133
-0.054005
0.114741
0.000000
0.199192
-0.385593
0.737249
-0.303829
-0.024639
0.029271
0.000000
-0.518444
-0.458077
0.054806
0.376432
-0.273898
0.627295
0.251509
-0.546542
-0.606731
-0.790285
0.104253
0.000000
-0.055130
0.000000
-0.822978
-0.099745
0.449591
-0.275388
-1.152160
0.036900
0.376948
0.294057
0.064661
-0.862806
0.000000
0.000000
-1.226269
-0.106615
0.000000
-0.014368
-0.383256
-0.460327
-0.168039
0.000000
-0.285588
-0.542346
-0.855939
-0.568371
0.026772
0.000000
-0.226340
0.088678
-0.029561
-0.438312
-0.303948
0.184965
-0.021449
0.072761
0.044310
-0.118101
-0.041791
-1.282332
0.000000
-0.651200
-0.202762
0.169641
0.908613
-0.454838
0.998424
0.479726
-0.659295
0.000000
-0.189198
-0.693302
-0.066163
0.426501
0.056243
-0.538870
0.131115
0.478197
-0.197614
0.076581
0.393041
0.121588
0.033339
0.183315
0.044064
0.433351
1.068499
0.000000
0.101530
0.079905
-0.531712
-0.370483
-0.106189
-0.315749
0.822472
0.000000
-0.669604
-0.244316
0.000000
-0.156269
-0.364422
0.663019
0.074367
0.040133
1.181964
-0.890125
-1.314517
0.803820
0.066089
0.297535
-3.497244
0.000000
0.000000
-0.117811
-0.444810
0.046427
-0.019309
0.000000
0.859138
-0.211219
0.158801
-0.255181
0.001518
0.106913
0.036828
0.226038
-0.380937
-0.064594
0.306346
0.673104
-0.072418
0.474477
-0.187043
0.056469
0.409875
0.883281
-0.749244
0.449447
-0.049178
-0.529844
0.753584
0.020515
0.000000
0.350438
0.849984
0.057753
0.075725
-0.905859
0.676898
-0.160933
0.062384
-0.262852
-0.545934
0.000000
0.185399
0.312114
0.000000
0.106463
0.198952
0.000000
0.211271
-0.193878
0.107798
-0.023708
0.357495
0.474996
0.008831
0.076419
0.237109
-0.002986
-0.103794
-0.340270
0.000000
0.000000
0.000000
0.710001
0.000000
-0.286413
0.000000
-0.493689
-0.145157
0.000000
-0.255881
0.950126
-0.871427
0.006842
0.000000
0.283626
0.455432
0.480798
-0.287925
0.506500
-0.170049
0.614039
0.000000
0.180360
-1.110386
0.000000
-0.311782
0.155504
-0.118575
0.426495
0.060917
0.118414
0.000000
0.441855
-0.219683
-0.258217
-0.096230
0.000000
-0.290085
0.587814
0.050346
-0.316235
0.333803
0.193028
0.293236
0.462739
-0.376747
0.000000
-0.203553
-1.788890
0.177566
-0.118643
1.040860
-0.135900
-0.037619
0.123859
0.641033
0.132008
-0.282283
-0.196908
0.893692
-0.415977
-0.746876
0.207840
-0.774216
-0.734955
-0.133954
-2.653531
-0.087088
-0.119798
0.000000
0.000000
-0.135439
0.095838
0.170641
-0.061949
-0.165645
-0.217397
-0.126812
0.370981
0.138722
0.000000
-0.637959
-0.150199
0.000000
0.000000
-0.027647
0.410941
0.121041
0.118540
0.012844
0.159157
0.193023
-1.235495
0.004185
0.144037
-0.089698
0.452501
-0.178843
-0.251550
0.641016
-0.927200
0.327635
0.080594
0.055968
0.245734
-1.510079
0.000000
0.000000
-0.066227
0.153497
-0.189504
-0.362380
-0.324685
0.192816
-0.210240
-0.130090
-0.060727
0.212303
0.000000
-2.709160
-0.334265
0.469886
0.032053
-0.297541
-0.251523
0.109620
-0.127555
-0.061133
0.446098
0.007732
-0.689635
0.658879
-0.968351
0.502863
0.075725
0.004518
0.319591
-0.020821
0.000000
0.663160
0.000000
0.244689
-0.018987
-1.416086
0.511272
-0.012193
0.078684
-0.456909
-0.323306
0.345122
0.416674
-0.962717
-0.154418
0.049016
-0.126099
0.428462
-0.894218
-0.307177
-0.129461
0.000000
0.012641
0.555582
0.000000
-0.074169
-0.380023
0.756529
-0.458578
0.059625
-0.079962
0.298094
-0.119956
-0.301518
-0.780071
-0.150173
0.041526
-0.423844
0.000000
-0.046508
1.019630
0.095251
0.282057
0.798431
-0.331969
-0.299300
-0.252578
-0.128844
0.000000
-2.364547
-0.137798
-0.013109
0.049481
0.201911
-0.018084
-0.104735
-0.339262
0.049119
0.036155
-0.457384
0.000000
-0.045798
0.197847
0.511337
0.000000
0.172834
-0.147014
-0.001068
0.210617
-0.451412
0.000000
-0.364898
0.907023
0.028121
-0.360252
0.048511
0.000000
-0.210864
-1.435829
0.907067
-1.158298
0.000000
-0.027051
0.539380
0.000000
0.184447
-0.442300
-0.928829
-0.135624
-0.055764
0.000000
-0.951675
2.147027
0.013561
2.182115
0.233788
-0.881413
-0.282743
0.524521
-0.331925
0.056084
-1.498267
-0.254160
0.000000
0.000000
-0.477554
-1.147289
-0.456772
-0.146180
0.280418
0.000000
0.000000
-1.156092
0.589940
0.000000
-0.223821
2.020713
0.171542
-0.632067
0.236893
0.972168
0.492972
0.159082
0.318412
0.956881
-0.110590
0.133146
-0.732010
0.291456
-0.051493
-0.068116
0.699517
-0.083746
0.002684
-0.066854
-0.004035
-0.343871
-0.203849
-0.180628
0.162257
0.153124
-0.071449
-0.040133
0.633215
-0.319580
-0.104488
-0.125804
-0.036298
-1.032880
0.902130
0.927392
0.000000
0.015352
0.000000
1.729496
-0.030306
-1.390781
0.569262
-0.235781
0.173676
0.007074
0.000000
0.000000
0.112756
-0.447556
0.588319
0.104696
-0.475419
0.000000
0.173116
0.306917
-0.341821
0.000000
0.699521
-0.308665
-0.975953
0.212962
-1.392044
0.157815
0.526979
0.466752
0.119583
0.030691
-0.011368
0.164009
0.239674
0.086803
0.098742
-0.031674
0.000000
1.157362
-0.310756
1.152619
-0.112660
-0.720281
0.000000
1.122782
0.000000
0.346969
0.164511
-0.583334
0.312621
0.690063
-0.215697
2.519463
-0.690729
0.000000
-0.244173
0.262789
0.000000
0.000000
-0.006859
0.170387
-0.255439
-0.194250
0.607395
-0.106753
-0.570546
0.205476
0.205160
0.237516
0.037980
0.000000
0.000000
-0.443746
-0.158139
-0.736026
0.391929
0.003201
-0.005739
0.240203
-0.005260
-0.206208
0.402554
-0.499301
-2.047615
-0.515554
0.167037
-0.250329
0.092257
1.259231
0.000000
-0.125026
0.500035
-0.262185
0.000000
-0.029709
0.000000
0.000000
0.324367
-0.638288
0.247400
-0.110403
-0.423397
-0.598262
0.030580
0.027458
-0.396521
-0.285500
-0.750579
-0.217111
0.345022
0.854638
-0.158644
0.000000
0.371639
-0.288850
-0.139042
0.000000
-0.639385
-0.105443
-0.511374
0.000000
0.000000
0.000000
0.000000
0.043602
0.000000
-0.555256
-0.136989
0.000000
0.284414
-0.051047
-0.739606
1.366570
-0.614075
0.105110
0.291464
-0.304727
-0.736640
-1.044069
-0.000535
0.514623
0.125671
0.911549
0.288007
0.096201
0.000000
0.075631
0.170709
-0.089578
-0.502073
0.031417
-0.096210
-0.202471
0.133961
0.448419
0.497372
0.000000
-0.032101
-0.522104
-0.079658
-0.229828
0.605289
-0.105603
-0.240186
-0.341516
-0.721636
0.002797
-0.164460
-0.051271
-0.114757
0.292069
-0.752589
0.000000
-0.153217
0.000000
0.000000
0.190886
0.725875
0.181009
0.000000
-0.108379
1.794167
-0.519399
0.193100
0.000000
1.125845
-0.004675
1.433248
-0.527895
0.000000
-0.180686
1.067816
0.360879
0.000000
0.890861
0.000000
0.372241
1.969541
0.462762
0.000000
0.147774
0.518738
-0.032077
-0.880149
0.000000
0.000000
0.000000
0.982965
0.131585
0.000000
0.469929
-0.260932
0.000000
-0.184022
0.858438
0.055825
-0.155038
-0.762982
0.858427
1.070511
-0.026670
0.000000
0.387474
-0.191809
0.000000
0.160466
-0.427891
0.000000
0.041125
-0.201361
-0.117219
0.008141
-0.125860
0.000000
-0.691875
0.000000
0.069938
0.886433
1.342831
0.000000
0.325448
0.264240
-0.040314
0.172331
0.000000
0.031997
-0.369892
-0.192434
0.000000
-0.181216
-0.603439
0.096136
0.542376
0.000000
-0.006167
-0.016582
-0.022663
0.000000
0.000000
-0.268658
0.556592
0.929483
-0.683350
-0.200169
-0.568513
0.011165
-0.106279
-0.077954
-0.413490
-0.226037
0.775812
-0.140663
0.288782
0.036976
0.371490
0.160418
-0.238553
0.000627
0.644554
0.161400
-0.102954
1.258830
0.000000
0.562853
1.139857
0.494068
-0.043618
0.537181
0.474145
-0.329495
0.190519
0.023385
0.360863
0.143315
0.000000
-0.153626
0.030079
-0.186743
0.132179
-0.078312
0.000000
0.005373
0.057070
0.155942
-0.083737
1.083090
1.047481
-0.027286
-0.005344
-0.491597
0.000000
0.000000
0.356259
-0.039570
0.281121
0.034319
-0.097445
-0.365571
0.000000
-0.031358
0.000000
0.418982
0.988565
-0.019930
-0.328554
1.465258
0.145424
-0.220380
0.807150
0.000000
0.225951
0.984743
0.069408
-0.198210
-0.707120
0.000000
-0.376440
0.000000
0.000000
0.124432
-0.403713
-0.128302
-0.118976
0.066284
-0.148789
-0.169335
-0.864994
-0.735179
-0.556231
0.510673
1.294634
-0.142163
0.073341
-0.029664
-0.191986
0.368801
0.000000
1.537192
0.000000
0.514054
0.225941
-0.178119
-1.562424
0.000000
-0.165421
0.267102
0.000000
-1.766551
-1.430412
0.000000
-0.263785
0.000000
0.640366
-0.718156
-0.641481
0.908431
-0.174163
0.000000
-0.599977
0.000000
-0.690164
0.199850
0.265529
0.000000
0.000000
0.000000
0.000000
-0.248358
-0.910260
-0.155860
0.710809
-0.127617
-0.142798
0.887483
0.000000
0.683827
0.297921
-0.699870
0.000000
-0.043862
-1.397560
0.314757
0.000000
0.263544
-0.526137
0.184634
0.019236
0.161012
0.617322
0.000000
0.294432
0.004918
-0.280654
0.000000
-0.031821
0.517750
1.208558
-0.123282
-0.409409
0.206780
-0.046156
0.000000
0.000000
-0.492183
0.309612
-0.257556
0.617755
0.051066
-0.394629
-0.076899
0.043867
0.207233
-0.017051
-1.020165
0.018460
-0.319586
-0.621139
-0.612364
0.000000
-2.167220
0.884434
0.339215
0.000000
-0.492012
0.100847
-0.102492
0.012066
0.000000
0.053046
0.466932
-0.285585
0.116789
-0.082758
-0.175081
-0.761635
0.415254
-0.497357
-0.268180
0.000000
0.138307
-0.089548
-1.319799
-0.116283
-0.164072
0.000000
0.246160
0.774482
0.042570
0.000000
0.261427
0.726177
0.076764
0.259946
0.270257
0.461079
0.138672
-0.039893
-0.591167
-0.023222
0.256743
0.000000
0.364749
-0.128689
0.239799
-0.296176
0.049645
-0.023996
0.226450
0.218502
-0.221376
-0.151383
-0.099266
-0.224558
0.109555
-0.340869
0.241015
-0.323107
0.007420
0.000000
-0.500294
0.166139
0.000000
1.511146
0.000000
0.266347
0.023288
-0.747024
1.784431
-0.106777
-0.100393
-0.878082
-0.046582
0.490332
-0.063597
-0.354549
0.000000
-0.939937
0.010814
0.743565
0.303171
-0.500681
0.217715
-0.866692
-0.278332
0.131218
-0.388410
0.203622
0.000000
0.000000
0.000000
0.000000
0.000000
0.210756
0.159249
-0.077936
0.799593
-0.205912
0.000000
-0.515150
0.000000
0.000000
0.632379
-0.445956
0.000000
0.772483
0.784354
0.000000
-0.202630
-0.449664
-0.290243
0.346614
0.000000
-0.337106
0.000000
0.000000
0.000000
0.925281
2.041029
-0.332463
0.161588
-0.060133
0.000000
-1.071094
0.000000
0.000000
0.101124
-1.050849
-0.800104
-0.729877
0.134545
1.106156
-0.643643
0.000000
0.000000
0.077190
0.293605
-0.206684
-0.455545
-0.320132
-0.112454
-1.854985
-0.008827
-0.927908
0.158006
-0.170927
-0.119034
0.000000
0.455641
0.329845
0.272310
-0.103571
0.322094
-0.051612
-0.126825
0.162612
-0.139934
-0.086804
-0.449448
0.788543
-0.422567
-0.274811
-0.183313
-1.159743
0.155843
0.354304
-1.133169
0.286314
-1.738290
0.000000
0.000000
0.356094
0.272332
-0.243459
-1.564473
0.000000
0.000000
-0.443201
0.061554
-0.036192
0.518965
0.265741
0.191433
-0.158224
0.374417
-0.457776
0.000000
-2.003934
0.159681
0.000000
-0.425389
0.000000
1.853876
0.035180
-0.410120
-0.456772
0.000000
-1.076485
0.496053
0.448797
0.000018
0.155218
0.067606
0.527246
-0.074801
-0.742805
-0.103809
-0.001036
-0.265389
0.117916
-0.303738
0.140179
0.203013
-0.718568
0.187992
0.000000
0.019231
-0.996523
-0.334891
0.699434
0.445024
0.577378
-0.034364
0.158998
-0.244779
-0.266181
-0.092783
0.000000
0.000000
0.041758
0.869408
0.027260
0.152425
-0.000008
0.255522
0.699989
0.000000
-0.039730
0.428113
-0.078783
-0.185877
-0.054624
-1.068011
-0.378630
-0.063539
-0.105933
-0.565136
-0.475390
0.982126
-0.781421
0.755320
0.480922
-0.445771
-1.932419
0.000000
0.202239
0.000000
0.861299
0.000000
0.246345
-0.394772
0.000000
-0.119522
-0.037937
0.000000
-0.084345
-0.003891
0.122906
0.123137
-0.069566
-0.064545
-0.100052
0.140572
0.444937
1.289249
0.495188
0.259836
0.040958
-0.198751
-0.253935
-0.355489
0.121246
-0.262408
0.279053
0.486706
-0.079165
-0.482299
0.467401
-0.321330
0.430533
0.000000
-0.208608
-0.262036
0.086886
0.409895
-0.125585
-0.162961
-0.113384
0.576105
0.029580
-0.090825
0.000000
-0.063260
-0.355515
-0.063521
-0.258667
0.351266
0.130698
-0.875096
-1.450343
0.065273
-0.122264
-0.036446
0.213788
-0.357387
-0.422811
0.934629
-0.256500
-0.021782
-0.097287
0.430529
-0.052073
0.524463
0.162790
-0.206939
0.039205
0.855190
0.182227
0.330987
0.000000
0.034561
0.178075
-0.923067
-0.224241
-0.149796
-0.561497
-0.422946
-0.513957
0.172838
-0.005550
0.000000
0.359841
-0.344081
-0.926926
0.015047
0.061366
0.048529
-0.577119
0.000000
0.603800
-0.390014
0.229872
0.748144
0.187339
-0.143543
-0.040630
-0.147521
0.368678
-0.003094
0.003049
0.013421
-0.081058
0.349333
0.119394
-0.159117
-0.836845
-0.190931
1.005138
-0.194462
0.655481
0.007830
0.000000
0.457129
0.041134
-0.465755
-0.532549
-0.115440
-1.149021
-1.197987
0.288613
0.000000
0.053603
0.000000
-2.066991
0.100108
-0.237861
0.441833
0.297963
-0.086920
0.106892
-0.110920
-0.066369
-0.610257
0.041527
0.248414
-0.224223
0.783791
-1.104982
0.157593
0.008067
0.205924
-0.065008
-0.236456
-0.054390
-0.000751
-0.028131
-0.312548
-0.080552
0.633528
0.130355
0.049710
0.161925
-0.241946
-0.162461
-0.167243
0.066826
0.094994
-0.394563
-0.805533
-1.938208
0.387470
-0.040847
0.171879
0.077262
0.099042
0.121434
0.552797
-0.300487
-0.339205
1.149720
0.000000
0.499154
-0.254394
-0.031114
-0.342336
0.128649
-0.014400
0.384750
0.217987
0.145102
0.122966
0.329924
-0.918127
0.302027
-0.288663
-0.343956
-0.081597
0.000000
-0.279964
0.307602
-0.118790
-0.230045
-0.030712
-0.057084
-0.543652
-0.592796
-0.479634
-5.246449
0.272632
0.259077
-0.160651
-1.322807
-0.179432
-0.009649
0.134782
0.048267
-0.613422
-0.412909
-0.340051
-1.512706
-0.869215
-0.837740
-0.015824
0.036311
0.413497
0.218099
-0.129773
0.071843
0.000000
0.052160
0.561710
0.078936
0.158829
-0.078751
0.099384
-0.447642
0.000000
-0.459816
0.108985
0.922646
-0.055611
0.187323
0.019397
0.000000
-0.532742
-0.126089
0.245158
-0.164036
-1.391878
-0.085422
0.000000
-0.928716
-0.855800
-0.643110
0.480136
-0.804151
0.000000
-0.852200
-0.129950
-0.379333
-0.513697
-0.947527
-0.065488
0.000000
0.024870
0.000000
-0.058634
-0.205486
0.000000
-1.105378
0.000000
-0.063619
0.440103
-0.523888
-0.041812
-0.381213
-0.004164
-0.357673
0.765339
-0.614764
-0.088387
-1.208480
0.000000
0.033692
-0.853999
0.139846
0.945655
0.866925
-0.029742
-0.727366
-0.088602
-1.652982
-0.771349
-0.033910
-0.017206
-0.127878
0.347906
0.013599
-0.123445
-0.722280
-0.156748
-0.167414
0.360845
-0.723725
0.161765
-0.810930
0.478669
-0.552000
0.048255
0.710809
0.699364
0.335923
0.204534
-0.001127
1.025503
0.000000
0.663556
0.047678
0.913459
-0.012511
0.136799
-0.386831
-0.137125
-0.906361
-1.015341
-0.138129
0.251937
-0.141132
0.213528
-0.415704
0.016475
0.000000
-0.000526
0.122017
0.000000
0.000000
0.008109
0.000000
-0.057655
-0.052233
-1.278372
-0.367131
-1.314537
-0.333276
-0.747364
-0.094884
-0.525273
0.455831
-0.146025
0.411623
-0.095108
0.088329
-0.241159
0.321287
0.217720
-0.356400
-1.500684
0.030690
-0.168417
-0.175822
0.549104
-0.198174
0.091110
-0.050440
-0.132056
0.089986
0.000000
0.165967
0.000000
-0.229207
-0.948319
0.000000
0.060921
0.377344
-0.059237
0.182156
-0.012892
-0.049479
-0.284465
0.000000
-0.486664
-0.148622
-0.135947
0.062343
-0.157496
-0.145952
0.150719
-0.012751
-0.512821
-0.326804
-0.039070
-0.072631
0.884220
0.119893
0.324987
-0.327025
0.000000
-0.812780
-0.140693
0.103915
0.000000
1.156231
0.000000
-0.294573
0.000000
-0.170154
0.237111
-0.919291
0.103769
-0.580244
-0.030789
0.073324
-0.323282
-0.611054
-1.141461
-0.108236
0.000000
-0.213018
-0.091290
-0.272641
-0.208035
-0.075174
0.000000
-0.024422
0.167514
0.000000
-0.470388
-1.767292
-0.041725
0.091002
0.103274
0.200784
0.000000
-0.204635
0.060837
0.000000
-0.136989
-0.449487
0.212817
-0.576264
0.039683
-0.835276
0.764083
-0.337977
-0.187202
0.486824
0.058271
0.850880
0.598291
-0.123534
0.000000
0.000000
0.000000
0.000000
-0.204321
0.544684
0.000000
-0.004291
-0.129581
0.000000
0.239917
-0.580268
-0.470445
0.223968
0.212616
0.026113
-0.228667
-0.164311
0.000000
0.065368
0.775661
0.155085
0.248545
-1.220691
0.319988
0.069378
-0.736184
-0.767932
-0.053202
1.860411
0.149294
-3.957229
0.036846
-0.431881
-0.360225
0.000000
-0.268715
0.561541
-0.631271
-0.046759
-0.558414
0.245746
0.597377
0.000000
-0.560561
0.000000
0.000000
0.721142
-0.081746
-0.777541
0.063877
-0.408960
-0.005890
0.143234
0.728886
-1.091976
0.000000
-0.222626
0.254817
-0.036139
-0.349356
-0.100989
-0.174571
0.818732
-0.376374
0.000000
-0.437267
-0.416882
0.000000
0.269161
0.000000
0.305874
0.480393
-0.316658
0.051908
0.496184
0.338852
-0.556346
0.762336
0.267706
-0.089657
-0.269161
0.000000
0.000000
-1.214156
0.000000
1.433248
-0.458120
-0.399245
-0.886716
0.137090
-0.068349
0.036708
0.038375
0.080603
0.630486
0.210044
0.020947
0.257873
-0.340800
0.200356
0.000000
0.358759
-0.689897
3.093405
0.000000
0.125985
-1.621216
-0.488023
-1.534031
-2.116166
0.573284
-0.289697
0.040621
-0.025053
0.000000
0.000000
0.164810
-0.144920
0.000000
0.674426
-0.388698
-0.065197
0.000000
-0.127194
0.198041
-0.084704
-0.260491
-1.030424
-0.002012
0.109021
-0.319973
-1.192420
-1.012634
-0.187884
-0.311334
-0.318725
0.000000
0.000000
0.216771
-0.363116
0.000000
1.612059
-0.217741
-0.425531
0.176172
-0.246040
-0.207895
0.000000
0.109452
0.092313
0.064132
-0.155194
0.000000
-0.748572
0.000000
0.141528
0.208825
0.413863
0.172491
-0.124581
0.000000
0.000000
-0.430171
0.136820
-1.121242
-0.541136
0.000000
-0.323370
-0.306850
-0.218610
-0.269764
-1.596806
0.140792
-0.138572
0.000000
0.350580
0.245059
-0.248447
-0.219795
-0.202539
-0.370438
0.468607
-0.289702
0.140756
-0.114307
0.298931
0.043116
0.377073
0.289163
0.112087
0.262851
0.944733
-0.181351
0.024887
0.357409
0.276819
0.030581
-0.014556
0.187804
-1.750833
-0.339321
0.000000
1.258690
0.787427
0.028928
0.529371
0.138737
0.629828
0.501406
-1.240554
0.074282
0.140936
0.000000
0.465830
0.225530
-0.063587
0.000000
0.000000
0.000000
-0.973527
-0.272252
0.222125
-0.050009
-0.357440
-0.693210
0.000000
0.193862
0.000000
0.000000
0.326865
0.195441
-1.018814
-1.148347
0.187062
-0.498984
0.147420
0.118879
0.653894
0.368810
-0.319233
0.116515
0.164511
0.015279
0.057491
-1.733236
-0.215354
-0.829418
0.146051
-0.656644
0.184258
-0.310200
0.778308
2.506378
-0.604992
1.300957
-0.197186
0.000000
0.275991
0.377227
-0.091763
0.110232
0.000000
-0.144077
-0.064436
0.166967
0.000000
0.000000
0.143898
0.085769
0.236363
0.052544
0.006614
-0.394579
-0.024486
0.091853
-0.236310
0.022555
-0.340907
0.000000
-0.134387
0.000000
-0.118348
0.337413
-0.040783
0.000000
0.336288
0.343994
-0.292539
1.960338
0.000000
0.013031
0.157050
-0.285175
0.958625
0.110832
-1.171149
-0.045842
0.000000
-0.375557
0.101031
0.975242
-0.168620
-0.127870
-0.089605
0.037897
-0.121804
0.366729
0.455360
0.000000
0.264660
-0.134809
0.000000
0.157620
-0.851039
0.741239
0.603051
0.002235
0.199161
-0.614703
1.066347
-0.156511
0.167098
0.000000
-0.087166
0.000000
0.629293
0.022712
-0.207338
0.797331
0.000000
-0.175773
0.206928
0.000000
0.026475
-0.135251
0.000000
-1.731027
-1.720993
-0.104630
-1.151406
-0.637823
0.417294
0.003502
-0.150835
0.000000
0.087171
-0.089194
0.188271
-0.206881
-0.039017
-0.484796
0.610968
-0.261682
0.855742
-0.136926
-0.644686
0.129139
-0.018189
-0.045370
0.052566
0.139523
0.427201
0.000000
-0.163422
-1.152881
0.099729
-0.146082
-0.230636
0.023251
0.079210
-0.080619
0.495843
0.651936
-5.840650
-0.266023
0.235190
-0.754163
0.206674
-0.185296
-0.089710
-0.268133
0.092557
0.633019
-0.447642
0.088110
0.005568
-0.159368
-0.222545
0.000000
-0.388874
0.049202
-0.205229
-0.004567
-0.289335
0.118480
0.000000
-0.105018
0.506265
0.122411
-0.087706
-0.278731
-0.178735
0.206813
-0.318881
0.173649
-0.865060
0.019297
-0.265573
0.000000
0.283742
-0.539014
0.000000
0.000000
0.329069
0.000000
0.151061
0.000000
-1.006426
0.608407
0.127722
1.625488
-0.509311
0.697167
-1.341256
0.049120
-0.223722
1.136675
-0.240541
0.000000
-0.397212
-1.034219
0.289472
0.523637
0.000000
-0.244473
0.037204
-0.207753
-1.134623
0.243343
0.108012
0.117571
-0.155806
-0.144958
0.193084
0.032743
0.000000
1.249243
1.817142
-0.085274
-0.060155
-0.015918
0.266443
0.342536
-0.712124
0.068318
-2.181123
0.000000
0.235915
1.533545
0.475554
0.398662
0.000000
-0.887800
0.075942
-0.139828
-0.000963
0.000000
-0.227099
-0.126507
0.168850
-0.203398
0.283642
0.000000
0.392273
-0.016166
0.000000
1.330280
0.183223
-0.097151
0.129360
-0.074830
-0.443134
0.197018
-0.865012
0.438799
0.000000
-0.789603
-0.268798
-1.182366
0.580443
0.069938
0.145240
0.442073
-0.346339
-0.523067
-0.443691
0.404314
-0.248570
-0.415933
-0.413029
0.427340
0.060304
-0.224321
0.271508
-0.114245
0.120573
-0.248172
0.967746
1.777033
-0.091270
-0.012560
-0.278746
0.510688
0.000000
-0.096218
0.283525
0.000000
0.000000
0.000000
0.259077
0.592460
0.497724
0.020550
-0.540270
0.075725
-0.065329
0.037326
-0.665531
-1.033759
0.000000
1.021802
0.000000
0.571405
0.162202
0.000000
0.000000
-0.101003
0.029139
-0.335495
-0.787355
-0.144785
0.258653
-0.112385
-0.019849
-0.217909
0.150948
0.068747
0.033625
-0.342044
-0.018527
-0.075377
1.106484
1.019420
-0.076049
0.000000
0.052080
0.000000
0.583737
0.423443
-0.053632
0.000000
-0.879474
-0.929297
0.154040
-0.117105
-0.198230
0.000000
-0.783884
-1.315123
-0.439673
-0.421219
0.708534
-1.739083
0.509450
-0.412115
0.176404
0.498922
0.000000
0.046012
-0.153532
0.492230
0.021939
0.495102
-0.475366
0.000000
-0.598207
0.041568
-0.018223
0.146608
-0.113342
0.240809
-0.023737
0.834340
-0.078847
0.000000
-0.027043
0.000000
-0.078995
-0.282723
-0.206605
-0.029409
0.000000
0.023631
-0.659384
0.000000
-0.491484
-0.064358
0.079172
0.000000
1.090159
0.047317
-0.482222
-0.103948
0.587761
-0.907993
0.000000
-0.166570
0.098939
1.009509
0.054293
0.256650
-0.150861
0.012455
0.116062
0.105957
-0.236351
0.595938
0.000000
0.000000
0.230104
-0.013558
0.415778
-0.205089
0.000000
0.332076
0.000000
0.073350
-0.238823
-0.245443
-0.056921
0.202736
-0.090730
0.268295
-0.186725
-0.054140
-0.608141
0.000000
0.000000
0.120518
0.174291
-0.300588
0.000000
-1.375351
-0.112118
-0.101003
0.692391
0.355786
0.274124
0.000000
0.691588
0.042918
-0.275522
-0.079858
-0.209932
-0.033543
-0.952294
0.087880
0.348426
0.000000
-0.017358
-0.277547
-0.251769
-0.853959
-0.068890
-0.092596
-0.054149
-1.512706
0.562050
-0.381783
0.221493
-0.178830
-0.874482
0.379661
0.087578
0.090103
0.000000
0.751626
0.034246
0.485461
0.642460
0.088625
-0.204994
-0.073309
-0.154939
0.298329
-0.094989
-0.174675
0.795632
-0.039971
-0.256090
-0.822978
0.768467
-0.079185
-0.188516
0.000000
-0.120306
0.344722
0.214371
0.392881
-0.462627
-0.049322
0.036398
0.169013
-0.362552
-0.556178
-0.529844
0.056502
-0.432306
0.163612
0.336363
0.227615
-0.037226
0.152472
-0.430702
-0.112341
0.148025
-0.194803
-0.109672
0.000000
0.125153
-0.058423
-0.461532
-0.032442
-0.158887
-0.041359
0.139987
0.144016
-0.137541
0.108060
-0.042006
0.000000
0.484167
-3.382962
-0.706244
0.541270
-0.135211
-0.436741
0.334861
-0.013286
-0.756870
-1.437768
-0.390014
0.648601
-0.031283
-0.498326
-0.743178
0.678092
-0.476319
-0.192961
1.188184
0.000000
0.000000
0.179231
0.257671
-0.284617
-0.173228
-0.060739
0.000000
-0.438953
0.200831
-0.110414
0.074470
-0.343295
0.000000
-0.107042
-0.013320
0.578298
0.482944
1.460276
-0.631271
-0.539851
0.117017
-0.264459
-0.238483
0.068180
0.084017
0.129446
0.472958
-3.038883
-0.174696
0.409537
0.379661
0.627690
0.539380
0.000000
-0.107523
0.408192
-0.441960
-0.484926
0.311748
0.427192
0.000000
0.056144
0.067752
0.000000
0.868401
-0.430222
-0.462378
0.070835
0.084922
0.358412
-0.531653
0.582455
1.071139
0.090939
0.069329
0.134099
-0.447447
0.073644
0.454508
0.000000
0.194160
0.239190
-0.241345
-0.385907
-0.530118
-0.598141
0.310370
1.463462
0.929182
-0.680214
0.197241
0.000000
0.427423
-0.066742
0.066310
0.000000
-0.176910
0.183759
-0.692405
0.215262
0.000000
0.000000
0.000000
0.737610
0.011300
0.000000
-0.075915
0.279147
-0.231252
-0.494197
0.000000
-1.667253
0.040711
0.377276
0.018952
0.016342
-1.052459
-0.069787
2.024007
-0.312836
0.035898
-1.237111
0.282327
0.000000
1.357510
0.162608
-0.412747
-0.412747
1.613172
0.000000
0.000000
0.000000
0.500003
-2.427140
-0.290585
-0.061162
0.316195
-0.314495
0.188609
-0.137074
0.210761
-0.111891
0.000000
-0.220512
0.991970
-0.845967
-0.074746
0.670870
1.007974
0.049816
-0.067295
0.052917
0.268038
-0.126213
0.239120
0.381499
0.057196
-0.148080
0.055397
-0.647123
-0.325944
0.155426
1.771143
0.631451
0.727968
-0.304355
0.237473
0.000000
0.050663
0.202178
-0.329934
-0.420691
0.036510
-0.534468
0.349159
0.000000
0.295552
-0.178569
0.625336
-0.062957
-0.326589
-0.109822
0.037957
0.087645
0.164939
0.383203
0.029128
0.339022
1.349737
-0.178338
0.282914
0.101454
-0.027219
-2.047615
0.285980
-0.958492
0.000000
0.032664
0.904902
-0.471607
-0.005828
0.786089
0.563666
0.156243
0.276401
-2.104870
-0.432756
-1.438263
1.476321
0.041039
0.089253
0.152155
-0.017312
0.000000
-0.218230
-0.118044
0.145835
0.404736
-0.866626
0.026455
-0.047072
-0.871456
1.044535
0.444620
0.805907
-0.246325
0.569098
0.836305
0.220455
0.290575
0.000000
-0.107851
-0.025766
0.246256
0.000000
0.122102
-0.365713
-0.121000
-0.235253
0.000000
0.053699
-0.401618
0.000000
-0.373133
0.451759
-0.470989
0.028401
0.140862
-1.025771
-0.146717
-0.054641
0.000000
-0.992148
0.000000
0.055684
0.271609
-0.004275
-0.284906
0.203135
0.275550
1.034736
0.291662
-0.414878
-0.114510
-0.404707
-0.275975
-0.351411
-0.740825
-0.057832
0.976317
0.047883
0.000000
1.011689
-0.155513
-0.504636
0.000000
-0.454648
-0.852945
0.000000
0.342734
-0.622771
0.647161
0.956698
-0.595980
-0.336317
-0.191870
0.000003
0.118445
-0.341543
-0.334379
0.122959
0.000000
0.688300
0.325704
0.000000
0.691750
-0.139289
-0.178591
0.346053
-0.336878
-0.370069
-2.302349
-0.422850
0.911726
0.709803
0.000000
-0.853593
0.018379
0.153911
0.372998
0.090213
-0.975898
0.448268
-0.070858
-0.452974
-0.079658
-0.076960
0.105035
0.289253
0.175522
0.166607
0.188484
0.480424
-0.121950
0.508845
0.265323
-0.782340
-0.243456
0.185838
0.329332
0.067656
0.000000
0.256468
0.000000
-0.120846
1.722297
-0.010217
-0.057789
0.092583
0.554344
0.457554
0.395433
-0.323657
-2.041318
0.523245
0.066402
0.054142
-0.082714
-0.372213
0.405593
-0.532291
0.178634
0.319808
-1.076429
0.000000
0.000000
0.839391
-0.598160
0.000000
0.000000
0.002525
-0.576312
0.000000
0.000000
-0.516521
-0.571105
0.467262
0.000112
0.657705
0.307323
-0.203916
0.003181
0.680499
0.119915
-0.009472
-0.087645
0.000199
0.363049
0.366107
0.199472
-0.131692
-0.027097
-0.049301
-0.035132
0.000000
0.000000
-0.070153
0.332925
-0.562318
-0.408651
0.320457
0.000000
-0.851578
-0.193364
0.000000
0.993208
0.167725
-0.045735
0.356450
0.000000
-0.875699
0.000000
0.000000
-0.080180
-0.162994
0.009989
-0.191349
0.323642
0.000000
-1.520446
0.043709
-0.064843
-0.531604
0.506559
0.000000
-0.350654
0.344756
0.859518
0.000000
1.560171
-0.243109
0.067823
-1.066683
-0.477990
0.000000
-0.552705
0.189742
0.703883
0.614389
0.552253
-0.283330
0.000000
0.000000
-0.287938
-0.517202
0.548126
0.000000
-0.872901
0.130764
-0.140804
0.150345
0.000000
0.000000
-2.187083
-0.323323
-0.371752
-0.825706
-0.204855
-0.335235
-0.136554
-0.003163
-0.550665
-0.201431
-0.189929
0.886458
0.018639
-0.340221
-0.951418
0.742930
0.712514
1.038588
-0.042034
0.022599
-0.303542
-0.176924
0.278916
0.439764
2.107435
-0.169269
0.539154
0.000000
-0.033113
0.363994
0.365743
0.000000
0.293450
0.087559
0.216043
-0.521733
1.414963
0.246703
-0.566063
-0.164631
0.088746
0.048252
0.288955
0.000000
0.167275
0.279473
-0.076220
0.006170
0.886642
0.149309
-0.282500
0.368216
-0.462348
-0.012036
0.090642
0.000000
0.000000
-1.680454
0.050065
-0.241015
0.511272
0.134589
-0.386975
0.184813
-0.463868
-0.275578
0.208862
0.564013
0.206093
0.171144
1.401334
-0.304867
-0.241858
0.497753
0.325299
0.062400
-0.213991
0.000000
-0.450695
-0.373642
0.910631
0.000000
0.709784
-0.067368
-0.280556
1.354677
-0.555603
-0.306073
-0.476124
-0.241165
-0.032429
0.223644
-0.184155
0.121297
-0.638259
0.727306
-0.417248
-0.368880
0.548380
-0.414442
0.205717
-0.436157
0.255335
0.205374
0.402439
0.446604
0.809869
-0.498778
-0.545428
-0.091449
-0.286204
0.072079
-0.063718
0.600714
0.088801
0.889709
0.168567
-0.129805
0.000000
-0.560614
0.000000
-0.449482
0.039959
-0.197142
0.000000
-0.437038
-0.078958
0.013618
0.000571
0.127643
0.124887
-0.005849
0.107678
0.481423
0.000000
-0.257996
0.000000
0.539100
0.541991
0.000000
-2.560580
-0.258754
-0.158610
0.211849
-0.304128
0.822713
-0.811655
0.670684
0.000000
-0.174231
0.205570
-0.721645
0.178522
0.421868
-0.224674
-0.202832
-0.124150
-0.017058
0.267431
-0.069511
-0.237012
-0.026201
0.043947
0.042674
0.101231
0.000000
1.189661
0.397393
0.119379
-0.016676
-0.484078
-0.496879
-0.253170
0.682400
-0.572326
-0.126096
0.204444
-0.412492
0.067113
0.107376
0.125308
0.000000
0.506196
0.253587
0.224373
-0.309398
0.168039
-0.173005
0.488272
0.367959
-0.344728
-0.353006
0.179441
0.062381
0.087192
-0.317572
0.058767
-0.523344
-0.233473
0.625167
0.271610
0.703883
0.092757
-0.502267
0.304295
0.708555
-0.290119
-0.248760
-0.140602
0.274625
0.421048
0.000000
0.057400
-0.574290
-0.535010
0.370827
0.002681
0.075637
-0.321870
0.266637
1.042109
0.000000
-0.062229
-0.036524
-0.055903
-0.662499
-0.459151
-0.047395
0.499738
0.016121
2.740602
0.319540
-3.123686
-0.200106
-0.031821
0.315951
-0.183246
-0.361163
0.013825
-0.032161
0.000000
-0.512311
0.000000
-0.429374
-0.494105
0.103123
0.139479
0.000000
0.269161
0.040621
0.451756
-0.107073
-0.087816
0.230265
0.548211
0.081676
-0.188044
-0.883159
0.837692
-0.569783
0.046058
0.027209
-0.743591
0.509090
0.166177
0.395181
-2.334830
-0.304137
-0.340871
-0.158709
0.000000
-0.010999
0.088772
-0.481617
0.295149
0.000000
0.421868
0.126102
-0.923328
0.000000
-1.433631
0.961808
0.189192
0.639182
0.000000
-0.339199
0.000000
-0.156350
0.405409
0.184090
-0.090907
-0.371708
1.540404
0.146769
0.612699
-0.198031
0.598855
0.184703
-0.020428
0.000000
0.000000
0.000000
-0.900214
-0.627799
0.000000
0.370261
-0.521300
0.153911
0.306762
0.689609
0.055250
-0.176653
-0.296028
1.000770
-0.690575
-0.346775
0.080576
-0.216819
-0.224072
0.000000
0.000000
-0.198728
0.090349
0.594750
-0.097641
0.048320
0.040476
-0.178501
0.366659
0.387248
-0.934744
-0.186074
-1.125950
0.057552
-0.525030
1.172319
-0.269020
0.545981
-0.292659
-0.396626
-0.580691
-0.077616
-0.085431
0.619326
0.549591
0.354440
-0.027716
0.666508
0.000000
0.000000
0.000000
0.000000
0.142307
-0.126585
0.417990
0.292335
0.486268
0.134344
-0.130284
0.362882
0.000000
2.213032
-0.236966
0.492083
0.026515
0.918446
-0.026523
0.486203
1.037448
-1.040759
0.660771
-0.879556
-0.295063
0.300500
0.247078
0.179726
0.536074
-1.445269
-1.076844
0.099777
0.132917
0.249586
0.198559
0.000000
-0.230117
1.185868
0.004031
0.096961
-0.004658
-0.177486
0.329280
0.421215
-0.408243
0.347593
-0.918127
-0.084867
0.014030
0.000000
-0.689635
0.000000
0.054746
-0.353457
-0.499250
0.550787
0.928730
0.156252
-0.248627
0.000000
-1.343296
-0.059364
0.501260
0.514591
0.026655
0.000000
0.000000
0.144656
-0.449305
-0.169581
-0.425619
0.000000
-2.045338
0.935594
0.084321
0.000000
0.465970
-0.210762
0.000000
-0.080240
0.000000
0.000000
0.770005
0.125178
0.050618
0.074780
0.198282
0.174974
-0.057894
1.004263
-0.097862
-0.011078
0.106810
-0.143206
0.000000
0.459498
0.000000
-0.159608
-0.479592
0.352969
-0.199106
0.935233
-0.072499
1.164409
0.468513
0.336274
-0.094819
-0.036521
-0.041697
0.000000
0.740710
0.030433
0.000000
-0.566571
-0.949461
0.000000
-0.813950
0.000000
0.000000
-0.000275
-0.200678
-0.075589
-0.110617
0.242026
-0.175741
0.000000
-1.156650
0.384140
-1.394346
-0.351091
0.000000
0.000000
-0.356952
0.104245
-0.157145
-0.914783
-0.054955
-0.190810
0.066631
-0.390673
-0.089387
0.000000
0.553088
-0.131824
0.171773
0.720466
-0.052970
0.026643
-0.928135
-0.301789
-0.045266
0.000000
0.245481
1.286864
-0.108108
0.000000
0.091696
-0.114109
0.012342
0.000000
0.048562
0.018543
0.222469
-0.098772
0.231662
0.417082
0.490827
-0.051667
-0.062818
0.048309
0.000000
0.323525
-0.096175
0.333157
0.003863
0.251095
0.000000
0.208873
0.000000
0.261284
0.323806
0.000000
0.743158
0.000000
0.117076
-0.417112
-0.050325
-0.459961
0.154767
0.095518
0.606144
0.093347
0.607406
0.083512
0.112620
0.048511
-0.654530
0.061040
-0.054262
0.834340
0.771015
-0.211117
0.482848
0.391216
0.000000
-0.032483
-0.281674
0.794464
0.056364
0.581777
-0.004948
0.092134
-0.164722
1.410521
-0.094661
0.000000
1.466446
0.432763
0.371546
-0.163680
-0.017823
-0.029138
-0.190319
-0.377359
-0.656663
-0.348276
0.201391
0.168835
0.000000
-0.553944
-0.460556
-1.086144
-0.311590
0.595908
-0.037721
0.914123
-0.537530
0.000000
0.396854
0.110114
-0.149030
0.176861
-0.280890
-0.367255
1.006171
0.384262
-1.066809
-0.628664
-0.459609
0.478719
0.660323
0.202241
0.000000
0.233896
0.411214
-0.243197
-0.274207
0.052221
0.139244
1.772706
-0.118285
0.107516
-0.112321
0.471577
0.004961
-0.032147
0.082943
0.051756
-0.175925
0.000000
0.000000
0.119209
-0.005896
-0.338368
-0.135648
-0.289927
0.065195
0.033867
0.214801
0.060862
0.546120
0.196486
-0.461379
0.000000
0.508239
-0.016344
-0.157254
-0.068697
0.000000
0.648323
-0.331366
-0.150506
-0.539178
0.062400
3.607691
0.000000
0.587068
0.000000
0.000000
0.000000
-0.971758
0.505888
0.112948
-0.367355
-0.741380
0.000000
-0.255920
0.000000
-0.177720
0.131499
0.000000
-0.590482
-0.041591
0.389259
0.000000
-0.692212
-0.156423
0.524083
0.635052
0.000000
-0.593179
0.373584
-0.244567
-0.208807
0.000000
-0.037435
-0.058834
-0.111367
0.185400
0.790271
-0.227973
0.059661
0.337183
0.025722
-0.206088
0.067570
0.000000
-0.266849
-0.369634
0.110685
0.106754
0.000000
-0.138880
-0.512574
0.925330
0.294509
-0.642558
0.387568
0.000000
-0.856894
0.000000
1.956586
-0.062891
0.330633
-0.045153
0.703524
0.859683
0.928917
2.785145
-0.196872
0.310079
0.000000
0.761676
-0.112985
-0.120955
0.095775
-0.789257
-0.085663
-0.247342
0.030613
0.031174
0.301266
0.166617
-0.511230
-0.320532
0.608508
-0.571953
-0.492261
0.238900
0.000000
0.000000
-0.099359
0.141670
0.102899
-0.248191
-0.110436
0.000000
-0.153704
0.939751
-0.400827
-0.348294
0.000000
1.343789
0.055240
0.159422
-0.359878
-1.063539
-2.013211
0.263923
0.599008
-0.441439
-0.109453
0.394650
0.868654
0.763646
0.074019
4.480945
-0.286882
-0.874389
-0.323963
0.258610
0.000000
0.000000
-0.254123
-1.065174
-0.139981
0.022696
0.837351
0.509672
0.530908
0.221525
0.000000
0.419020
-0.235870
0.119753
-0.006258
-0.172978
-0.069184
-0.202135
0.212172
-0.505100
0.191352
0.353583
0.728297
0.000000
0.825378
0.250837
2.144039
-0.288015
-0.002743
-0.383366
-0.394927
-0.579576
-0.151195
-0.949534
0.314813
0.509868
-0.130067
0.000000
-0.158786
0.000000
0.000000
0.000000
0.000000
-0.600003
0.744575
0.580191
-0.298612
0.219001
0.087390
0.070293
-0.237700
-0.960554
0.000000
-1.401328
1.597752
-0.283096
-0.114426
-0.080112
-0.036078
0.000000
0.366368
0.593668
-0.159656
-2.382861
0.086749
0.000000
-0.021770
-0.593383
-0.082384
-0.040093
0.693099
0.152397
-0.121549
-0.240563
-0.190661
0.074154
-0.079735
0.000000
-0.342688
-0.103039
-0.071499
-0.080661
-1.220583
0.567344
0.095354
0.137214
-0.034350
-0.708875
0.133086
0.910094
0.000000
-0.361481
-0.580560
-0.774317
-0.203456
-1.488820
-0.151202
-0.526273
-1.062528
-0.479288
0.394254
-0.766824
-0.477152
0.034009
-0.063369
-0.159538
0.064166
0.309234
-0.012202
0.413356
-0.007687
-0.310208
0.068573
0.373733
0.014076
0.134638
0.000000
0.104872
0.000000
-0.244608
0.591203
-2.101922
0.181457
0.000000
0.205544
0.008400
1.237393
0.147789
-0.144815
-0.139341
-0.101517
0.083212
0.000000
-0.585892
0.754467
-0.740220
-0.154206
0.135987
-0.187249
-0.084397
0.000000
0.082149
0.000000
0.195536
-0.120915
-0.208157
0.011550
-2.434352
-0.794424
-0.007348
0.000000
-1.398107
-1.172746
0.000000
0.000000
-1.198620
-0.410092
-0.092671
0.121308
0.000000
0.502864
0.000000
0.833611
-1.305600
-0.456772
-0.235692
-0.131930
0.000000
0.028135
-0.279903
0.004472
-0.265817
-0.149263
0.030738
-0.118564
-0.235831
-0.037740
-0.722055
0.310797
0.022562
0.649548
0.161323
-0.288726
0.637484
0.000767
0.000000
0.000000
0.000000
-0.124815
0.096390
0.133300
-0.058730
-1.900833
-0.886954
-0.076133
0.086137
-0.094203
0.035412
-0.245979
0.377903
0.173604
0.172458
-0.137000
0.183841
-0.231853
-0.670184
0.183157
0.202878
0.092367
0.505941
0.000000
-0.046947
-0.022673
-0.027140
0.807718
0.611212
0.000000
0.000000
0.000000
-1.111584
0.000000
-0.005126
0.000000
0.000000
0.000000
0.000000
0.000000
0.000000
0.400884
0.000000
0.000000
0.000000
0.536130
0.000000
0.000000
0.000000
0.000000
0.000000
0.000000
0.000000
0.000000
0.000000
0.000000
0.000000
-0.231554
-0.231554
0.287653
0.056643
-0.695449
0.858122
0.096070
-0.423718
0.075744
0.894439
0.000000
1.414702
-0.367075
0.075744
0.000000
0.049262
0.683641
0.177713
0.223817
0.255412
-0.286927
0.226175
0.000000
0.192302
-0.545588
-0.025751
-0.050945
-0.114336
0.006873
-0.169499
-0.399112
-0.197190
0.097517
0.587046
0.184365
0.522656
-0.122504
-0.268686
-0.303879
0.674741
0.290651
0.228626
0.060682
-0.047058
-0.282076
0.323785
-0.019978
0.140037
-0.228362
0.272972
0.745269
-0.029686
0.265391
0.085516
0.140689
0.372134
-0.013585
-0.314943
-0.930173
-0.272332
-0.455247
-0.369847
0.131674
0.156014
-0.133253
0.131719
0.000000
0.061414
-1.892454
-0.398210
0.069683
0.577689
-0.135669
0.000000
0.000000
-2.435149
-0.276647
-0.358634
0.138030
0.088825
-0.003692
0.051553
-1.622239
0.393200
-0.242604
0.168369
-0.111288
-0.220995
0.772146
-0.069515
0.023972
-0.126442
0.289979
0.131164
-0.057996
-0.015693
-0.127918
0.377197
0.522181
-0.334099
0.465318
0.257319
0.257319
-0.021023
0.263240
0.258340
-0.166299
0.649056
0.127063
1.225997
-2.117564
0.310363
0.000000
-0.046947
-0.103460
0.309814
-0.430473
0.000000
0.082050
-0.554811
0.542112
-0.151753
0.083490
0.642535
0.000000
-0.583403
-0.334235
0.882249
-1.017273
-0.413246
0.000000
0.000000
0.072345
0.278845
-0.530145
0.195532
-0.241481
-0.440349
0.310009
0.381320
-0.147664
1.584161
-1.620054
0.046563
-0.152538
-0.204142
1.147417
-0.080717
0.205752
-0.282296
0.543308
0.109193
0.090711
-0.338287
0.164701
-0.280225
0.133400
0.270606
0.360579
-0.077889
0.127636
0.221085
-0.074798
0.222126
-0.234561
-0.596882
-0.318122
0.240084
-0.323078
-0.097240
-0.986273
-0.048512
-0.438468
0.152223
0.414160
0.218251
-0.564466
-2.601789
-0.000316
0.000000
-0.418238
-0.166540
-0.122319
0.218010
0.423325
4.933751
0.000000
0.358739
0.655964
-0.132086
0.075177
0.000000
0.403248
0.000000
0.227418
-1.521964
-0.640533
0.443542
0.215920
0.117426
-0.166401
0.432194
0.486692
0.197071
-0.181643
-0.377833
-0.079586
-0.067748
-0.505027
0.065235
-0.123213
0.928384
-0.295787
0.221239
0.297905
0.939869
0.371681
-0.232825
0.029520
0.251524
-0.226908
0.616770
0.491482
-0.648560
0.091965
-0.201755
-0.288651
-0.172333
-0.007277
0.735442
0.029082
-0.216837
-0.092313
0.067656
0.034025
1.659287
0.441101
-0.042828
-0.555885
0.147962
-0.843209
-0.090350
-0.220777
0.061190
0.176630
0.000000
0.000000
0.000000
-0.172583
-0.205266
-0.136596
0.000000
0.525696
-0.085880
0.398180
-0.374917
-0.393097
0.123819
-0.496071
0.000000
-0.547371
0.226385
-0.242065
0.203412
0.000000
0.298946
0.052616
0.014430
0.881105
0.364557
-0.120746
-0.352722
-0.153844
-0.103876
-0.125351
0.114267
0.407593
-0.067196
0.009430
-0.004429
-0.088610
0.251616
0.058689
-1.735790
-0.202443
0.238736
0.116718
0.812878
-1.298725
-0.113197
0.000000
0.770451
-0.681628
-0.283007
0.198780
-0.024879
-0.568876
0.020245
0.249605
-1.400984
-0.590851
0.102048
-0.357383
-0.112206
-0.334928
0.111388
-0.769318
0.122515
0.082069
0.050830
-0.155594
0.297052
-0.790902
0.396941
-0.044032
0.495431
0.217718
-0.847349
-0.109307
-0.195611
0.161458
0.000000
0.024609
