0.025544
0.032968
0.038051
0.008280
-0.020457
-0.008344
0.004200
0.014443
-0.023221
0.053631
0.110974
0.004812
0.030657
-0.000587
0.298421
0.011387
-0.001273
-0.079246
-0.016065
-0.022531
0.007944
0.006104
0.022788
0.050315
0.009003
-0.024599
-0.003088
-0.047988
-0.005647
0.386068
0.078190
0.012763
0.015334
0.033977
0.011133
-0.005237
0.297690
-0.011419
-0.017025
0.036683
0.004242
0.021777
-0.002398
0.025334
-0.060376
-0.007361
-0.005162
0.461413
-0.023087
0.068118
0.017709
0.005596
0.038889
-0.037564
-0.010494
0.049811
0.009025
0.016944
0.017213
0.075932
0.059890
0.039931
-0.030904
0.147161
0.016109
0.004593
0.026918
0.025698
0.058000
0.029412
0.022151
0.021928
0.011964
0.173567
0.010345
-0.025680
-0.014341
0.052370
-0.019346
0.044054
-0.029982
0.018447
-0.017724
0.012045
0.086779
0.025340
-0.079414
0.028184
-0.033801
-0.022782
0.053463
-0.039065
-0.062238
-0.009124
0.024388
-0.039840
-0.025577
0.058957
-0.039041
0.059085
-0.012125
0.008962
-0.017777
0.029778
-0.021456
-0.003610
0.009275
0.003095
0.021626
0.011977
0.006040
0.035185
-0.015767
-0.015645
-0.022205
-0.013911
0.000000
-0.020334
0.000000
-0.023862
0.000000
-0.031007
0.000000
-0.033013
0.001014
-0.005284
0.003686
0.258058
0.084831
0.031407
-0.003050
0.068623
0.009410
-0.005567
-0.024224
0.058752
0.013263
0.027972
0.066483
0.013412
-0.043973
-0.025933
0.057427
0.121836
0.032726
-0.047573
-0.031227
0.018264
0.012038
0.035001
0.081936
0.080393
0.052938
-0.017461
0.030890
0.019797
0.133314
-0.035784
-0.004543
0.004229
0.051832
-0.028297
0.068607
0.000000
0.000000
0.000000
0.000000
-0.021617
-0.013628
0.089192
0.000000
0.000000
0.000000
0.000000
0.000000
0.000000
-0.089164
0.012498
-0.009580
0.017235
0.054392
0.035307
-0.066463
0.000000
0.004504
0.026043
0.009556
0.008298
0.000000
0.034134
-0.008413
-0.085706
-0.008371
-0.012491
0.088877
0.021388
-0.022785
-0.020758
0.156120
0.034359
0.023058
-0.009647
0.020368
-0.002130
-0.009839
0.070096
0.002221
0.000000
0.000000
0.000000
0.171509
0.038441
-0.040516
0.013651
0.006985
0.045800
0.000000
0.000000
0.000000
0.000000
0.000000
0.000000
0.000000
-0.090908
-0.005557
0.042700
0.014254
0.003699
0.002330
0.073045
-0.007989
-0.048013
-0.102839
0.035469
-0.005111
-0.027501
-0.004491
0.023739
-0.026035
-0.002608
-0.032355
0.050313
-0.001175
0.003962
0.022146
0.023808
0.084854
0.013393
-0.006824
-0.007933
0.009198
0.013461
-0.012807
0.008285
0.012446
0.041248
-0.033703
0.061309
0.052444
0.033004
-0.014842
0.043458
0.035258
0.087904
-0.014695
0.068842
0.023169
-0.015379
0.012187
-0.007845
-0.026022
0.006536
0.043797
0.000520
-0.032718
-0.008616
0.009757
0.024380
0.036477
-0.028104
0.116978
0.035044
-0.089174
0.232059
-0.010749
-0.011646
-0.011268
0.034480
0.023884
-0.029245
0.002995
0.035930
-0.007311
0.029444
-0.046591
-0.034182
0.006993
0.011892
0.006870
0.022631
0.025324
0.014686
0.038281
-0.057222
0.043751
0.144356
-0.041731
0.000000
-0.043700
0.045050
0.013054
0.038126
-0.010058
-0.004388
0.064314
-0.006857
-0.028868
0.004348
-0.068944
0.105714
-0.034166
0.002977
0.007540
0.012966
-0.033775
0.039344
0.023521
0.006852
0.051793
0.038587
-0.031765
-0.009229
-0.035364
-0.051300
0.014572
-0.041997
0.037081
0.020206
0.010205
-0.013908
-0.008774
-0.018897
0.005521
0.055037
0.103656
0.361758
-0.020272
-0.009706
0.000000
0.502754
-0.015430
-0.005141
0.044805
-0.028868
-0.022576
0.030748
-0.003845
-0.006209
-0.039530
0.000468
0.018104
0.023117
-0.012852
0.081676
-0.021116
-0.016180
0.068943
0.083490
-0.003909
-0.009503
0.019228
-0.039650
0.009039
0.004524
0.049455
-0.010267
0.037441
0.024726
0.006416
-0.012989
0.003869
-0.007689
-0.048862
0.046498
-0.031242
-0.078090
-0.056806
-0.050837
0.088706
-0.018751
-0.039577
-0.068645
-0.029453
-0.066076
0.097810
0.034517
-0.067549
0.011476
-0.015679
0.054833
-0.003110
-0.049054
-0.096105
0.000000
0.009756
0.014566
0.068740
-0.012784
-0.023715
0.009792
-0.009296
0.059572
0.003636
-0.032695
0.020216
-0.039021
0.046939
-0.001910
-0.082310
-0.032696
0.005117
0.008220
-0.002808
0.019784
-0.056942
-0.063238
-0.033402
0.074837
0.011932
0.014258
-0.003295
-0.002227
0.074330
-0.010925
-0.000572
0.044824
0.032156
-0.006222
0.011647
0.027847
0.060905
0.023443
-0.052352
0.053286
-0.023853
0.010457
-0.054934
0.009719
-0.047235
-0.024616
-0.101051
0.002771
-0.034281
0.044914
0.034577
0.013603
-0.039053
0.088407
-0.036999
-0.011909
0.001143
-0.070301
-0.061094
-0.008288
0.011077
0.083686
0.005031
-0.008146
-0.052404
-0.047753
-0.031521
-0.010882
-0.024983
-0.049636
-0.010552
-0.003003
0.007773
-0.015322
-0.018441
0.027467
0.004657
0.028566
-0.020954
0.067428
0.006033
0.032883
0.072411
-0.034131
-0.080630
-0.080126
0.002941
-0.005071
0.023330
0.000910
-0.008099
-0.020261
0.049190
0.017502
0.029197
0.006692
-0.005428
-0.022004
0.003875
-0.008557
-0.048596
0.000395
0.007266
0.613584
0.000474
0.037698
0.190621
0.512529
-0.020404
0.078236
0.016017
0.205804
-0.006843
0.030681
0.004699
-0.000981
-0.028272
0.000191
0.010458
-0.001147
0.037053
0.016521
0.016216
0.031023
-0.027278
-0.014170
-0.013061
-0.001446
-0.018152
0.032873
0.004621
-0.070135
-0.014321
0.012518
-0.008923
-0.048314
-0.038802
-0.004217
-0.034295
-0.020295
-0.005369
0.059118
-0.044444
0.020984
0.059582
0.076421
-0.046266
-0.004212
-0.010280
0.016993
0.011061
0.009685
-0.062258
-0.069257
0.057801
0.336558
-0.030652
-0.011974
0.030814
0.057966
0.018313
-0.015600
-0.020041
-0.016092
-0.034335
-0.011760
0.734438
-0.064520
-0.012427
-0.030135
0.016901
0.027440
0.030159
0.049219
0.010003
-0.035481
-0.008345
0.023351
0.473033
0.001952
-0.003360
0.112686
0.728940
-0.029355
0.086766
0.075109
0.064254
0.014421
-0.019212
0.001869
0.316905
-0.003623
-0.040313
0.032844
-0.006008
0.046769
0.018698
-0.000134
-0.006122
0.306173
-0.024031
0.027001
0.007271
-0.039066
0.021633
0.049841
0.001593
0.030675
0.000281
0.012750
0.000891
-0.033351
-0.014022
0.012774
-0.009608
0.014314
0.036360
0.000241
0.003435
-0.007009
0.060420
-0.016365
-0.004770
-0.043443
0.082002
-0.013820
-0.096274
-0.000846
-0.012809
0.012489
0.022185
-0.047796
0.007450
0.005627
0.036073
0.031416
-0.067761
0.015040
-0.021423
0.011596
0.109661
0.039865
0.000874
-0.077162
0.014153
-0.023994
0.008367
0.018194
-0.081634
0.047555
-0.014056
-0.025789
0.011611
-0.043430
-0.006965
-0.012077
-0.044534
0.004591
0.045653
-0.001064
-0.012213
0.003914
0.122008
0.040038
0.009145
-0.018906
0.329107
0.046949
-0.042542
-0.015399
0.017214
0.035864
0.030515
-0.004371
0.017316
-0.019778
0.045714
0.053224
0.008789
0.015932
-0.005763
0.023599
-0.032553
-0.003692
-0.012564
-0.004263
-0.001938
0.007689
-0.001055
-0.011316
-0.087005
-0.041041
-0.000469
0.003577
0.027357
0.024197
-0.044808
0.008431
0.009215
0.011061
0.009102
-0.054679
0.054965
0.017414
0.081881
-0.020950
-0.031930
0.013130
0.079923
0.035844
-0.030842
-0.007472
0.000000
0.028888
0.009023
0.024331
0.087807
0.103861
0.002464
0.035520
0.019739
-0.017931
0.029152
0.058676
0.084140
-0.030223
-0.019392
-0.015472
-0.018274
0.006060
0.021686
-0.240459
0.051228
0.010639
0.055541
-0.050102
-0.017945
0.009817
0.016365
-0.008480
0.009749
-0.011336
0.006795
-0.009438
-0.001576
0.001301
-0.012065
0.020880
0.116612
0.064269
-0.015610
0.141976
-0.005871
-0.101735
0.103443
-0.015626
0.058817
-0.006307
0.033540
0.020643
-0.002607
-0.034454
-0.012340
0.005714
-0.039260
0.026215
-0.002893
0.023450
0.056766
0.089024
-0.033713
0.003644
-0.022147
0.007930
0.096160
-0.007693
-0.015238
0.001807
0.021128
0.018161
-0.055580
0.099856
0.063848
0.019130
0.024287
-0.079530
0.012168
0.007328
-0.021036
-0.042633
-0.048797
0.029707
0.082314
0.095450
0.016003
-0.018228
-0.000692
0.021751
-0.040875
0.006877
-0.071622
0.749407
-0.033212
-0.016080
-0.030591
0.000000
-0.013576
-0.001268
-0.030496
-0.044276
0.001837
0.011575
0.018269
-0.031001
-0.000358
-0.010161
0.017801
-0.032247
-0.038622
0.013415
-0.035860
-0.098156
0.000747
0.037428
0.007332
0.011741
-0.018455
-0.011682
0.016637
-0.033525
-0.003759
0.040160
0.006618
0.029595
-0.003356
0.036310
0.003263
0.004333
0.027088
-0.007717
-0.012860
0.006658
-0.001133
-0.046300
-0.013907
-0.005419
0.082326
-0.033989
-0.003965
-0.019123
0.006955
-0.013275
0.022414
0.054323
-0.051697
0.059339
0.052441
-0.012910
0.038681
-0.009702
-0.023783
-0.019742
0.014000
-0.022886
0.035301
-0.004268
-0.038883
-0.116429
-0.027971
-0.001545
-0.021936
-0.012831
0.153865
-0.004156
0.052610
0.008124
-0.019050
0.009943
0.029274
-0.014448
-0.001543
-0.005708
-0.037015
0.008217
0.017816
-0.005147
0.016611
-0.009026
0.002321
-0.014956
-0.064365
0.004535
-0.054585
0.044919
-0.038910
-0.021475
0.010576
-0.017861
-0.045325
-0.012834
-0.054722
-0.011547
-0.002381
-0.040630
-0.013762
0.000616
-0.017394
0.004816
0.052597
0.022230
0.059141
0.025707
0.016149
-0.043600
0.002586
-0.099506
-0.007902
-0.067551
-0.011923
-0.066417
-0.092941
-0.028216
0.013368
0.016478
0.137820
0.052452
0.003764
-0.004839
0.023379
0.050632
0.020886
-0.059180
-0.072683
-0.015308
0.000386
0.000035
0.031951
-0.020009
-0.026925
0.026957
-0.053665
0.009866
-0.012747
-0.049765
-0.012796
-0.007965
0.047428
-0.033427
0.007123
-0.028691
-0.002898
0.027843
0.033138
-0.129267
-0.036488
-0.039347
0.009233
-0.036881
-0.032475
-0.025202
-0.058928
-0.007903
0.001151
0.016101
-0.054248
-0.011052
-0.054054
-0.023453
0.038373
0.014742
-0.020539
0.036806
-0.015583
0.058591
-0.028843
-0.049912
-0.048523
0.009855
-0.020227
-0.000965
0.043516
0.084070
0.070671
-0.027880
-0.048586
0.009606
0.017170
0.008081
-0.017761
0.025634
0.022208
0.000668
0.033941
0.014928
-0.006372
0.025845
0.056564
-0.039075
0.042633
0.041616
-0.023202
-0.062612
-0.005571
-0.027781
-0.065218
0.051307
0.150530
0.013394
0.032961
0.063568
0.004739
0.020469
0.040027
0.020792
-0.007481
0.021236
0.059559
-0.014763
0.097771
-0.014217
0.000283
-0.008035
-0.008258
-0.010177
0.009307
0.069292
0.003017
0.001623
0.004336
0.046758
0.167743
-0.023713
-0.041859
0.013894
0.040752
-0.005129
0.023022
0.009046
-0.009830
-0.017004
-0.026995
0.404342
0.162750
-0.015695
-0.010396
0.007747
0.007833
-0.024696
0.057754
-0.005880
-0.045753
0.052318
0.019374
-0.013850
-0.000219
0.087488
0.016904
-0.029684
-0.010513
0.023083
-0.015400
0.008568
0.046070
0.027313
0.090521
-0.004328
-0.030427
0.036299
-0.051249
0.011065
0.008079
0.000145
-0.005399
-0.057195
-0.019416
-0.012458
0.018192
0.002616
0.026275
-0.039974
0.118845
0.193526
-0.030541
0.074987
-0.082875
-0.033203
0.010733
-0.069810
-0.023464
-0.045519
0.063850
-0.021442
0.077783
0.024150
0.015346
-0.027064
0.025455
0.046563
0.088105
0.036735
0.003732
-0.055257
-0.026194
0.027667
0.082556
-0.069014
0.041156
-0.001777
-0.047850
0.086477
-0.002346
-0.001786
0.026564
-0.018873
0.007928
-0.003328
-0.011649
-0.054964
0.053600
-0.034766
-0.024277
0.054674
-0.015780
0.025983
-0.022798
0.007519
-0.032083
-0.019291
-0.017314
-0.090568
0.029693
-0.016104
-0.061038
0.156523
-0.003617
-0.034336
-0.041822
0.000000
-0.002757
0.028600
0.027043
0.018658
-0.028098
-0.020162
-0.044440
0.087818
0.030500
-0.084430
-0.001487
-0.008917
0.035683
0.043852
-0.006915
-0.028125
0.461669
0.024215
0.657895
0.019024
0.034735
0.033894
-0.026248
0.019741
0.030192
0.014492
0.059664
-0.052551
-0.096362
-0.020004
0.029260
0.071140
0.020561
0.000000
0.056996
0.183510
0.162530
0.002367
-0.006073
0.115552
-0.016154
-0.055468
0.032659
-0.019544
0.000000
-0.017433
-0.009373
0.452442
-0.003320
-0.006498
0.040892
0.015542
0.020764
-0.011841
0.000000
-0.026109
0.005488
0.005971
-0.005090
0.036567
0.069916
-0.063436
0.004219
0.006826
-0.019403
-0.004172
0.143839
0.038849
0.030941
-0.010443
-0.014604
0.048753
-0.031590
-0.004638
0.032744
0.001968
-0.020508
0.044243
0.000297
-0.008233
-0.018411
-0.005069
0.005924
-0.014995
0.028333
-0.012287
-0.004400
-0.038333
0.011370
0.021032
-0.093064
0.061584
-0.008843
0.037593
0.028379
-0.032901
-0.038929
-0.006681
-0.008267
0.007192
0.099144
-0.003816
-0.017053
0.023609
0.002036
-0.041796
-0.059994
-0.015053
-0.011465
0.003417
-0.042043
0.012717
0.013420
-0.074478
0.002844
0.115136
0.024151
-0.034831
0.034342
-0.051703
-0.001600
-0.030040
-0.034368
-0.038614
-0.092893
0.054104
-0.002640
0.003475
-0.006715
-0.016750
0.011988
-0.014603
-0.010744
-0.005382
-0.092662
0.015184
0.000263
-0.046271
0.000104
-0.033092
-0.032882
0.026005
0.012092
0.022771
0.036567
-0.013046
-0.013426
0.010765
-0.047724
-0.052651
0.041018
0.041128
-0.036703
-0.041906
-0.061162
-0.032587
0.029259
0.038893
-0.025009
-0.024902
0.051681
0.077112
-0.027333
-0.028762
-0.050451
-0.018723
0.020719
-0.008934
-0.029159
0.023869
-0.006782
-0.000341
-0.039146
-0.031455
0.068000
0.012666
0.020800
-0.017167
-0.018364
-0.015619
-0.011134
0.037128
-0.019089
-0.031838
0.018941
0.042130
0.021285
0.067417
-0.011830
-0.025212
0.084856
0.027465
-0.077089
0.018603
0.003068
0.111589
0.064970
-0.006759
-0.028584
-0.006545
0.060945
-0.004598
0.055283
-0.055879
0.017668
-0.043329
-0.076405
0.008765
0.053885
0.056470
0.040753
0.025066
-0.015448
0.050326
0.186200
0.009583
0.044723
-0.031021
-0.006162
0.002644
-0.036592
-0.005511
0.030222
0.161536
-0.017024
0.042654
0.008471
-0.051770
-0.015920
0.038118
0.003711
-0.006128
0.011424
-0.000428
-0.001480
-0.000211
-0.005899
0.024602
-0.033258
-0.015549
0.008428
0.084946
-0.002968
0.059393
0.063533
-0.007651
-0.036275
-0.020438
-0.043172
-0.034209
0.199702
-0.051213
0.017150
-0.021221
0.005831
-0.016521
0.000415
0.007366
0.014927
0.004926
0.016690
0.033665
-0.003756
-0.000976
0.019279
-0.027166
-0.011644
-0.009291
0.033330
-0.001906
0.066169
0.014533
-0.010726
0.043235
0.012922
-0.080047
-0.044744
-0.011615
-0.024435
0.019382
-0.077877
-0.001994
0.142491
0.026432
0.070029
0.005648
-0.035703
-0.026046
-0.012489
0.014471
-0.012720
0.093420
0.020410
0.019154
0.040183
0.011025
-0.022208
0.030708
-0.041195
-0.015334
-0.048843
-0.025414
0.016080
0.028487
-0.052419
0.017476
0.064158
-0.003749
0.058147
0.291779
0.002176
0.009679
-0.017091
0.087665
0.053109
0.042800
0.019798
0.009133
0.002106
0.021809
-0.004132
0.028986
-0.033021
-0.052622
-0.004984
0.037897
-0.034423
0.039917
-0.088962
0.086164
-0.007126
-0.026164
0.039520
-0.061389
0.054795
-0.003116
0.002126
0.038359
-0.029147
0.073631
0.013557
0.005771
-0.040841
-0.063120
0.081426
0.018688
-0.005725
-0.022990
-0.004838
0.016212
0.110427
-0.008346
0.028434
0.149443
-0.006894
0.049011
0.020323
-0.023684
-0.019998
-0.046653
-0.003237
-0.012314
0.026780
-0.043521
-0.007618
0.305458
-0.002601
0.004634
-0.096657
0.004969
-0.001837
-0.026777
-0.013694
-0.081318
0.002175
0.732842
0.049253
-0.017110
0.012682
-0.022708
-0.002148
0.099709
-0.065036
0.027300
0.004033
-0.000081
0.000714
0.032856
0.071372
-0.005037
0.040936
-0.001086
-0.115901
0.037026
0.005768
0.088922
0.019338
0.016970
-0.011834
0.005992
-0.008685
-0.006143
-0.032063
-0.008675
-0.032897
0.028048
0.035452
-0.008454
0.021530
-0.026727
-0.002431
-0.007962
0.010167
0.008787
-0.059324
-0.022296
0.084700
-0.026541
0.024665
0.002561
0.009499
0.004738
-0.007394
0.571746
0.025319
-0.010831
0.048594
-0.023958
-0.029473
-0.015081
-0.001497
-0.003542
0.000121
-0.002621
-0.020916
-0.029994
-0.007162
-0.023242
-0.031874
-0.011593
-0.046925
-0.028492
0.040095
0.004275
0.045110
0.029878
0.016774
0.030077
0.031491
-0.012423
0.036783
-0.047720
-0.020556
-0.002304
-0.010168
-0.000408
-0.021748
0.018219
0.041786
-0.035361
-0.051636
0.033273
0.029171
-0.003331
0.027970
0.017031
0.007548
0.015105
0.030386
0.044484
-0.041426
0.054116
-0.067243
0.006243
-0.014853
-0.113626
-0.026842
-0.087328
0.034023
0.014667
0.005547
-0.032388
-0.017385
0.047695
-0.010960
-0.449125
0.003699
-0.003190
-0.024250
-0.015923
-0.032798
-0.023940
0.639215
0.004547
-0.032298
0.036137
-0.017628
0.038707
0.022266
0.040476
0.008731
0.035014
-0.009108
0.002933
0.000088
-0.007715
-0.031058
0.012127
0.037194
0.008752
0.000000
0.039854
0.049298
-0.002701
-0.017237
0.009425
-0.007916
-0.008993
-0.036919
0.036188
-0.040892
-0.014052
0.022162
-0.010340
0.054857
0.719234
-0.008544
-0.008002
-0.014185
-0.001991
-0.103521
-0.016415
-0.005906
-0.048327
0.006344
0.020365
0.018391
-0.015213
-0.015670
-0.005628
-0.073201
-0.063904
-0.018733
-0.018728
-0.023041
-0.020971
0.005867
0.015948
-0.004707
-0.012475
0.007052
-0.010046
0.019006
0.021869
0.001498
0.068944
-0.030426
-0.012081
0.004519
-0.007967
-0.034194
-0.038361
-0.007675
0.077177
-0.056058
0.005864
0.016753
0.005650
-0.048047
0.038026
-0.013339
0.008121
0.012800
0.003134
-0.006889
-0.018412
0.006839
0.018931
-0.047668
-0.025648
0.136535
0.004107
-0.031827
-0.023409
0.007644
-0.009909
0.035729
0.026345
0.002385
0.000218
0.020596
-0.015310
-0.034293
-0.037225
0.084014
-0.026183
0.014737
-0.006688
0.014969
-0.006884
-0.023205
0.023521
-0.027567
-0.001845
0.008759
-0.024194
-0.018561
-0.018170
-0.002637
0.053997
-0.005216
0.000000
0.009615
-0.008997
0.027790
-0.007279
0.046502
-0.011044
0.000000
-0.001580
-0.058350
-0.015348
0.080995
0.010560
0.086558
0.016226
-0.017293
-0.016783
0.004298
0.020905
0.033716
-0.035828
-0.009923
-0.010524
-0.025523
-0.005444
0.014482
0.042137
-0.001207
-0.006944
-0.035927
0.028694
0.010904
-0.008008
-0.024168
-0.004045
0.016963
-0.023125
0.005947
-0.013516
0.072389
0.069745
-0.020248
0.022175
-0.002559
0.043382
0.100044
0.034409
0.004717
0.011223
0.007864
0.089082
-0.040222
-0.001475
-0.010251
-0.020337
-0.006042
-0.028967
-0.024792
0.019664
-0.056426
0.014741
0.086286
-0.004166
-0.013745
-0.025027
0.067005
-0.013812
0.005398
-0.037262
0.029450
-0.020151
-0.064118
0.012301
-0.009997
-0.031432
-0.010445
-0.093081
-0.045112
-0.002233
-0.083890
-0.010365
0.041741
-0.040590
0.027199
-0.025349
0.039994
-0.049859
0.044933
0.041227
-0.034841
-0.025562
0.005177
0.003527
0.020060
-0.022669
0.052520
0.013440
0.001260
-0.082168
0.004601
0.012244
0.050992
0.027941
0.055176
-0.018850
0.074813
0.000064
-0.021295
-0.039585
-0.029082
0.009921
0.024341
0.016398
0.008751
0.052724
0.045196
-0.045789
0.019783
0.017931
0.008240
-0.016956
0.011714
0.027561
-0.001166
0.000000
0.000000
0.000000
0.000000
-0.046492
-0.026956
0.003289
-0.059477
0.180811
0.014932
-0.013965
0.004319
-0.027653
-0.002060
-0.037908
0.006541
-0.027773
-0.045682
0.040815
0.031972
0.041032
-0.013472
0.021973
-0.026966
0.020596
0.023433
0.028168
-0.042318
-0.037035
0.007554
-0.039034
0.038992
-0.006855
-0.000853
-0.059931
0.021835
-0.065384
0.016195
0.003675
0.012544
-0.038485
-0.036096
-0.004139
0.011918
0.044578
-0.067389
-0.075181
0.047514
-0.064738
0.047808
0.011240
-0.013073
-0.008728
0.003312
0.017255
-0.091795
0.034851
0.072419
0.045860
0.018323
0.007794
-0.011080
-0.033096
0.063193
-0.070523
0.121530
0.001936
0.072563
0.045441
0.082991
0.033983
-0.032548
-0.013118
0.093477
0.050401
-0.007314
-0.001336
0.098765
-0.053886
-0.035684
-0.020578
0.005759
-0.035273
0.002400
0.057440
-0.015145
-0.012840
-0.041759
-0.000115
0.039131
-0.003544
-0.001498
0.001084
0.007781
-0.091878
-0.022508
-0.036227
0.078556
-0.000859
0.016030
0.047314
-0.037324
0.028709
-0.006613
-0.050761
0.027449
-0.048381
0.011987
-0.020188
-0.085242
-0.107403
-0.001940
-0.059685
0.012960
-0.002418
-0.087640
-0.044655
-0.008299
0.029642
0.000000
-0.048036
0.005919
-0.008861
0.000000
0.020650
-0.017045
0.018020
-0.030279
0.074471
0.001977
0.022140
-0.023927
-0.028681
0.040016
-0.004610
-0.054340
-0.007719
-0.033180
-0.031458
-0.003049
-0.023181
0.028420
-0.051741
-0.010436
-0.018425
0.107698
-0.032310
-0.050071
0.009157
-0.029747
0.023704
0.006234
0.006086
-0.026232
0.071102
-0.017648
-0.030385
0.001565
0.012306
-0.004194
0.108624
0.631022
0.019250
-0.010134
-0.047141
0.090444
-0.041449
-0.017469
0.008409
-0.004181
0.004597
-0.056342
-0.006955
0.247738
-0.010368
0.043603
-0.006945
-0.029398
0.083575
-0.028075
-0.020886
0.032078
0.002072
-0.022974
0.012215
0.002402
0.000562
0.001425
-0.061675
-0.002698
-0.019398
-0.022871
-0.018356
0.016565
-0.050197
-0.030564
0.050209
0.054780
-0.016482
0.009288
-0.018777
-0.023996
0.055351
0.090209
0.000314
0.005921
-0.001751
0.001106
-0.026443
0.022047
-0.037002
-0.005154
-0.025816
-0.013306
0.018392
-0.001045
0.020318
0.002824
-0.045441
0.014482
0.033512
0.003927
0.004824
-0.023218
0.067520
0.600863
-0.037646
-0.027376
0.089885
0.017552
-0.063530
-0.036267
0.090236
-0.013326
-0.014995
-0.002866
-0.038421
-0.013539
0.008138
0.016486
0.045275
0.025088
0.020879
-0.030392
-0.005949
-0.066947
-0.024263
-0.002540
-0.016956
0.034682
0.067360
0.008719
0.015150
0.043573
0.020082
0.017660
0.050947
-0.030872
0.017576
0.004717
-0.005506
0.011259
-0.059520
0.001846
0.001158
0.012198
0.029109
0.002291
0.111161
-0.019398
-0.003479
-0.006355
-0.014541
0.014471
-0.050443
-0.020026
-0.009434
-0.069252
-0.004241
0.000000
-0.002945
0.000704
0.041829
0.123403
0.139645
0.029874
-0.041231
0.626464
0.001017
0.024784
0.049184
0.010680
-0.009449
-0.012269
-0.019200
-0.028008
-0.025386
0.004654
0.000000
0.005198
-0.005991
-0.030857
-0.032226
-0.009746
0.085525
-0.016281
-0.017144
-0.015588
0.020409
0.044823
0.030140
-0.019362
-0.006478
0.019422
0.015512
0.040543
0.052863
-0.026514
-0.036085
0.003229
0.013287
0.022976
-0.000401
0.130476
0.037988
-0.063532
-0.027745
-0.020679
-0.007471
-0.036661
0.055950
0.000283
0.032028
0.000000
-0.015485
-0.005568
-0.009483
-0.032312
-0.004041
0.020947
0.004060
-0.036578
0.061438
-0.001038
-0.004079
-0.093956
0.022920
0.014220
-0.019548
-0.013111
-0.007656
0.014999
0.018404
0.011013
0.071730
-0.042525
0.085299
-0.009909
-0.026116
-0.045688
0.019379
0.002854
0.038856
0.024292
-0.004377
0.005387
-0.068748
0.005677
0.031173
-0.013265
0.006169
-0.047468
-0.021064
0.031969
-0.032438
0.117811
0.094538
0.028470
-0.055885
0.009269
0.062402
0.017670
-0.066362
-0.048071
-0.011474
-0.000258
0.037463
0.003100
-0.049684
-0.005485
0.017474
-0.069116
0.036759
0.273526
-0.010294
-0.006946
-0.020050
-0.104521
0.017660
0.146798
0.014472
-0.022919
0.032030
0.008056
0.002377
-0.002704
-0.018056
-0.026317
0.005066
0.003722
-0.019479
-0.004016
-0.083608
0.008588
-0.033977
-0.023626
0.007846
-0.047698
-0.005265
0.087225
-0.019156
0.060972
0.000694
-0.031884
0.159281
0.001464
0.001380
0.030127
0.043319
-0.034051
-0.050912
-0.010021
0.013369
0.049463
0.010831
0.054004
0.019288
0.080127
-0.055603
-0.022499
-0.022595
-0.002973
0.001533
-0.032146
0.041305
-0.027464
-0.001103
-0.035398
-0.022445
0.005587
0.007928
-0.005687
-0.009086
-0.029357
0.067227
0.061952
0.030032
-0.073966
-0.002252
-0.035303
-0.014794
-0.006934
-0.026403
-0.039545
-0.083799
0.022918
-0.011033
0.011224
0.006783
0.038794
0.208803
0.042726
-0.012299
-0.060275
-0.035211
-0.006919
0.049899
-0.024220
-0.007621
-0.000911
-0.025940
0.017732
0.085284
0.019643
0.000000
-0.020644
-0.005366
0.043891
-0.033747
0.002707
-0.036247
-0.023340
-0.087880
-0.004942
0.044127
-0.038502
0.032367
-0.035154
-0.008675
0.008435
0.014916
0.063614
-0.016112
0.707323
-0.095021
-0.010906
0.052869
0.063800
0.026518
0.008587
0.074797
0.019635
-0.023890
-0.016429
0.000215
-0.041426
0.074904
0.057068
0.009904
0.099169
-0.039441
-0.061214
-0.029821
-0.009752
-0.015116
-0.063672
0.011657
0.057911
-0.022891
-0.180300
0.004653
-0.052279
0.004177
0.009343
-0.021492
0.032326
0.008876
-0.037871
0.097190
-0.001060
0.099466
-0.019952
0.121590
0.011819
-0.006103
0.013632
0.031736
-0.059819
0.003282
0.013004
-0.018437
-0.022596
0.033777
0.004812
0.023371
0.005167
-0.008731
-0.016498
0.009102
-0.025207
0.020680
-0.040584
0.032216
-0.027505
0.010540
0.015832
-0.069887
-0.043080
0.023340
-0.021267
0.005899
-0.009044
-0.050634
0.031738
0.026747
0.002854
-0.000275
-0.006584
-0.003945
-0.000724
0.114312
-0.036895
-0.026390
0.041270
-0.043576
-0.020035
-0.013170
-0.026871
0.047859
0.062472
0.020934
-0.015063
-0.036779
0.065544
0.066355
0.066519
0.009793
-0.056172
-0.012938
0.093032
-0.006964
-0.006667
0.022786
0.097669
0.022012
0.009883
-0.037915
-0.010108
0.001229
-0.021972
0.065799
0.010032
-0.010096
-0.037320
-0.005964
-0.000916
-0.004839
0.010243
0.019400
0.016780
0.034046
0.000648
-0.087705
0.083900
0.000191
-0.006834
-0.042785
-0.058496
0.084213
-0.033667
0.009005
0.005545
-0.012985
0.003550
-0.012625
-0.009608
0.070919
0.007320
-0.061559
0.048212
0.041707
0.198686
0.086692
0.182574
0.048614
0.042824
0.023950
0.020654
0.026922
0.062649
-0.016062
-0.047217
0.027850
0.021958
-0.022397
-0.022090
-0.011324
0.058620
0.020844
0.031074
0.053858
-0.008663
0.031268
0.009881
-0.001315
-0.000118
-0.081298
-0.011568
-0.050269
-0.005721
0.146029
0.000000
0.123795
0.078951
-0.039065
0.029222
-0.006940
0.036674
0.068460
0.023277
-0.023134
0.018586
-0.029495
0.027680
0.618493
-0.008269
-0.032323
-0.014031
-0.007243
-0.002078
0.030526
-0.010820
0.103542
0.090678
-0.059754
0.009447
-0.029801
-0.028584
-0.063805
-0.008620
-0.014026
-0.195890
0.003677
-0.049112
0.014242
0.005942
0.088256
0.050021
0.022008
0.015057
-0.014077
0.003951
0.006753
0.030339
-0.008309
-0.006914
0.036415
0.106345
-0.031761
-0.000421
-0.001841
-0.046914
0.002858
0.075252
-0.026171
-0.007260
0.005414
-0.003214
-0.006301
0.058286
0.007948
-0.048086
0.024230
-0.015471
0.011967
0.110541
-0.009102
0.117102
0.001635
-0.009756
-0.030976
-0.026557
-0.011933
-0.023294
0.098383
0.142923
-0.001435
-0.020120
0.037797
0.000839
-0.015893
-0.001986
0.028792
0.012959
-0.001694
0.021888
0.003198
0.145857
0.006865
-0.039213
-0.017332
0.010318
0.058543
-0.003327
0.006529
-0.020379
-0.054111
-0.012280
-0.028501
-0.021039
0.014173
-0.002901
0.022653
-0.038944
0.035965
0.027621
-0.036176
0.036332
-0.008323
0.002070
0.007026
0.015764
0.021608
0.031557
0.040915
-0.048874
0.059579
0.026111
-0.000018
0.003316
0.016556
-0.009723
0.000499
-0.000146
0.051535
-0.011175
0.021509
-0.060490
0.081965
0.024779
-0.035267
0.020965
-0.014344
-0.000355
0.049859
-0.030090
0.020831
0.033895
-0.009478
-0.059977
0.058524
0.015160
-0.042911
-0.011517
0.023989
0.020991
0.020158
0.052810
-0.016484
0.028886
-0.042327
0.003946
0.092708
0.007869
0.006112
-0.015985
0.007200
0.117507
0.006790
0.002931
-0.020166
-0.000355
0.107798
0.020958
0.088910
0.012334
0.045990
-0.044785
-0.035727
-0.030332
-0.031458
0.042341
0.046607
0.011861
-0.011882
-0.034818
-0.011752
0.064081
0.028197
-0.007212
0.048569
0.020741
0.035094
0.028452
0.010100
-0.012666
-0.016490
0.040369
-0.037293
0.029196
0.008234
-0.038451
0.011167
0.077353
-0.007140
0.000000
-0.012490
-0.005126
-0.029359
-0.092611
-0.042111
-0.014561
-0.022798
-0.015397
0.011226
-0.044566
-0.013490
-0.065753
-0.002388
-0.002592
0.093480
-0.022663
0.021252
0.087064
-0.002717
0.046310
-0.016651
-0.030869
-0.045913
-0.078290
-0.038451
0.023451
0.021443
-0.011782
0.067033
-0.014902
0.009628
-0.015958
0.027698
0.034748
-0.046483
0.031086
-0.012593
0.045005
0.035176
-0.015747
-0.045662
0.053272
-0.013483
0.107416
-0.006306
-0.012857
0.088775
-0.013439
0.022111
-0.006797
0.036549
-0.004550
0.091487
-0.017035
0.018050
0.009550
-0.026784
-0.044167
-0.038624
-0.004185
-0.054537
-0.046091
-0.007393
-0.004387
0.075626
-0.002870
-0.040114
0.032125
0.025846
-0.012379
-0.037744
0.066013
-0.025740
0.046201
0.110389
0.009917
-0.043496
-0.076085
0.092665
-0.000246
0.033922
0.023039
0.011108
0.012965
0.002662
-0.015683
-0.044237
0.027042
-0.008644
-0.046672
-0.013404
-0.026591
0.013637
-0.024076
0.019497
-0.007177
-0.024212
-0.018475
0.011427
0.013341
0.018554
0.070967
-0.008219
0.011459
0.047314
0.054883
-0.035357
0.041659
0.006651
-0.000006
-0.002727
-0.038365
-0.000005
0.060850
-0.054377
0.039235
0.006136
-0.060166
-0.001230
-0.083580
-0.036127
0.051339
0.005737
0.061902
-0.002202
0.013138
0.087779
-0.033945
-0.029862
-0.021318
-0.018797
-0.009782
-0.113581
0.045529
-0.127726
-0.093756
0.019377
-0.043897
0.038468
0.026270
-0.037662
0.001443
-0.013768
-0.062159
-0.037471
0.026739
-0.086556
-0.020859
-0.028868
-0.034563
-0.018978
-0.066755
0.000443
0.329763
-0.020879
-0.056569
-0.009116
-0.055679
-0.010123
-0.049510
0.029992
0.009208
0.000401
-0.008879
0.010323
-0.000887
-0.019747
-0.007682
-0.004018
0.013719
0.024884
0.061337
0.017304
0.047715
0.013355
0.038392
0.381284
0.048400
-0.048649
0.025674
0.115875
0.033459
0.071771
-0.017161
-0.020785
0.017362
0.008126
-0.061323
0.049988
0.014665
-0.022206
-0.038405
0.014940
0.030075
-0.015057
-0.046841
0.004567
0.172071
-0.042497
-0.058896
0.079119
0.088496
-0.016313
0.075376
0.008135
0.013652
-0.023544
-0.000679
-0.028770
0.049391
-0.079658
0.012643
-0.017621
0.082403
-0.042589
-0.066159
0.002650
-0.002487
-0.002032
0.088184
-0.007240
-0.012300
0.034342
0.054364
0.141066
-0.014937
0.060510
-0.007499
-0.017972
0.000917
0.047799
-0.032495
0.031347
-0.060781
-0.033099
0.011119
0.013344
0.038460
0.032549
-0.019085
-0.025511
-0.013329
0.015730
-0.015402
-0.013216
0.027966
0.658114
-0.028070
-0.012064
0.064752
0.024686
0.006165
0.005016
-0.018720
-0.028619
-0.007028
0.000731
0.169123
0.021764
0.047774
0.004538
0.022203
-0.011894
-0.018972
0.018628
0.067162
0.012933
0.092907
-0.006977
-0.004091
-0.019722
0.005677
0.001671
0.008969
0.005931
0.081842
0.004059
0.009952
0.006188
0.064521
0.050649
-0.021442
0.069118
-0.088489
-0.023653
0.022344
0.037143
-0.013140
-0.024801
0.110284
0.108466
0.009485
0.023975
0.024498
0.031700
0.000577
-0.022492
-0.009178
0.017573
-0.017724
0.017847
-0.003310
-0.034467
0.008519
-0.016732
-0.004659
-0.031756
-0.044969
0.008532
0.013128
-0.009815
0.003287
-0.039658
-0.027372
-0.066545
-0.015580
0.014271
0.045277
-0.027092
0.022191
-0.031608
0.000979
0.044096
-0.007546
0.043073
-0.003486
-0.030071
-0.019037
0.019957
0.457940
0.409753
0.220508
0.062330
0.035474
0.054124
-0.112063
-0.032760
0.040404
-0.018250
0.090084
0.053156
0.021120
-0.021895
0.012432
-0.023487
-0.032432
0.006551
0.060128
0.012157
-0.038715
0.030092
0.016101
0.042857
0.033807
0.014442
0.050398
0.145776
0.031752
-0.076100
0.004981
0.006221
-0.022621
0.062365
0.061724
-0.002068
0.009424
0.029526
0.046402
-0.009116
-0.069937
-0.005053
-0.018385
-0.062325
0.196982
0.032037
-0.042332
-0.025398
0.043698
0.065333
-0.110121
-0.056569
-0.040071
0.019554
-0.017072
0.006049
0.048002
0.157504
0.166967
0.049424
0.043442
-0.015953
-0.041134
0.094246
0.005384
0.044886
0.001615
0.030758
0.049890
-0.037488
-0.048271
-0.021271
0.007142
-0.034595
0.115103
0.005132
-0.027314
0.003712
0.003580
-0.048586
0.006206
0.007961
0.038296
-0.008525
0.064000
0.068901
0.006781
0.024627
-0.011450
0.004118
-0.024175
0.009697
0.037175
0.016588
-0.044205
0.002664
0.098781
0.039407
0.086706
0.016647
0.010204
-0.009573
0.001693
0.013594
0.080827
0.011631
-0.003086
-0.104643
-0.011247
-0.003686
0.018237
-0.064089
-0.001264
0.028740
-0.017361
0.248132
0.020147
-0.060665
-0.018492
0.031681
-0.058538
0.022344
-0.009979
0.086493
0.011054
-0.001418
-0.016148
-0.002227
0.090653
-0.002643
-0.006371
0.006835
-0.045535
0.030797
-0.028645
0.003583
-0.020278
-0.079920
0.033560
-0.006257
0.026273
-0.022205
-0.029289
-0.022194
0.022394
-0.046075
-0.014473
0.043322
-0.022221
-0.035997
-0.002199
0.103258
-0.026826
-0.014699
0.025096
-0.050241
-0.020341
0.008988
-0.039546
0.009783
-0.145155
0.013110
-0.014974
-0.013428
0.015774
0.032219
0.012107
0.030570
-0.014162
-0.031708
-0.058388
-0.061048
0.021807
0.098406
-0.011915
0.047991
0.000785
0.020513
-0.010930
0.000000
0.179708
0.037490
0.100116
0.023273
-0.019718
0.041370
-0.024357
-0.069429
-0.018676
-0.019218
-0.038491
0.006985
0.013087
0.001948
-0.052909
0.013514
0.058068
0.028254
-0.016959
-0.034600
0.022837
-0.032837
-0.043145
-0.018148
-0.081961
-0.046121
-0.013451
0.017409
-0.050772
0.006839
0.000432
-0.012319
0.013054
0.008596
0.004737
0.026458
-0.009808
0.002206
0.117619
0.027593
0.061862
0.003383
0.005039
0.004742
-0.077857
-0.009474
-0.018118
-0.034641
-0.000327
0.003283
0.015946
-0.043417
-0.016851
-0.020234
0.013741
-0.019186
-0.043840
0.061996
-0.015132
0.018541
-0.030471
0.010953
-0.013602
0.019208
-0.008336
0.020258
0.030099
-0.034018
0.025955
-0.007587
-0.059688
0.074973
-0.057547
-0.021210
0.011233
0.118928
-0.011227
0.089592
0.239445
0.035302
0.078058
0.035292
-0.001458
-0.028783
0.026292
0.032105
-0.009328
0.000231
0.052753
-0.006829
-0.010878
-0.013806
0.007193
0.005820
0.020722
-0.031804
0.000048
-0.006647
-0.038315
-0.014911
0.040841
-0.008137
-0.052660
0.010542
-0.066669
0.030081
0.046515
-0.028183
0.052117
-0.006230
-0.013158
0.083449
-0.075025
-0.012261
0.023444
-0.037457
0.008727
0.030083
0.026000
-0.037364
0.009369
-0.004973
-0.008419
0.023880
0.016943
-0.022228
-0.034462
0.010933
-0.030299
-0.002005
0.018621
-0.015033
-0.094497
-0.021424
-0.010204
0.043947
-0.037732
0.012380
0.035298
0.013051
0.000635
0.064975
0.009295
0.065390
0.041176
0.073464
-0.022722
-0.011134
0.036620
0.007737
0.138391
0.005724
-0.018300
0.041973
0.012566
-0.071925
0.029836
0.441967
-0.042386
0.002017
0.031651
-0.012376
-0.018424
-0.049614
0.054424
0.126616
-0.002752
-0.042352
0.056011
0.029686
0.050708
0.005402
0.020358
0.182207
0.078153
0.071969
-0.059522
-0.005776
-0.012851
0.036506
0.027405
0.042031
-0.032797
0.079957
0.017745
0.288339
0.007019
0.017066
-0.009793
-0.013129
0.050684
-0.007965
-0.005043
-0.039549
0.004975
0.010626
0.010629
-0.017984
-0.014713
0.034417
-0.010856
0.052360
-0.020767
0.042168
0.023106
-0.066482
-0.021851
0.061293
0.007873
0.048096
0.020604
-0.005688
0.035674
-0.005399
-0.057512
-0.054589
0.005759
-0.024507
-0.015939
-0.033392
-0.018484
-0.060536
0.019934
0.027206
-0.006322
0.014416
-0.090318
-0.015354
-0.035258
0.053197
-0.012794
-0.068970
0.033312
-0.080878
-0.079152
0.002721
-0.010288
-0.048865
-0.027305
-0.028921
0.053069
0.027134
-0.038387
0.001231
0.111252
-0.015936
0.040175
-0.004601
0.035636
0.003185
0.015744
-0.007864
-0.015623
0.049095
-0.064794
-0.008996
0.088519
0.057607
-0.005307
0.115695
0.031848
0.043039
-0.024136
-0.025665
0.057814
-0.058249
0.011524
0.045075
0.004759
0.079372
-0.011892
-0.045858
-0.057990
0.007621
0.048072
-0.031630
0.012723
0.098830
0.022354
-0.007493
-0.023621
0.010245
-0.006189
-0.013100
0.003205
0.011702
0.049433
-0.015848
0.013842
0.139566
0.098621
0.003992
-0.030573
-0.019402
0.064990
-0.006074
0.040010
-0.011779
-0.019722
0.016310
0.048021
0.043143
0.016209
0.087862
0.024872
0.038411
-0.037591
-0.004986
-0.002281
-0.054315
-0.039780
0.020583
-0.035251
0.015953
-0.013035
-0.031691
-0.018441
0.008200
-0.023017
0.030607
0.023312
-0.009957
-0.017948
0.026791
0.028920
0.048151
0.027845
0.000376
-0.014832
0.100808
0.008040
-0.015904
0.036988
-0.033237
-0.000184
0.000000
0.068004
0.003128
-0.042425
0.019934
-0.008244
-0.016972
0.003064
-0.034414
0.015433
0.004711
-0.012049
0.038992
-0.031873
-0.008726
0.000000
0.606009
-0.019901
-0.014106
0.000000
0.013416
0.007517
-0.002795
-0.007342
-0.054690
-0.005683
-0.037822
0.001057
-0.025009
-0.020732
0.021340
-0.023570
-0.026129
-0.006380
0.001355
-0.006525
-0.092732
-0.012129
-0.013165
-0.057578
0.042373
0.018122
-0.011199
0.036192
-0.039543
-0.030415
-0.042136
-0.087326
0.023613
0.106568
-0.012694
-0.005415
-0.022084
-0.033624
-0.020521
0.012146
-0.023853
0.215008
0.004455
0.005527
0.026237
-0.025913
0.023703
-0.007534
-0.004219
0.026833
0.068382
-0.034113
0.014075
0.057744
-0.014855
0.023799
0.085559
-0.041081
-0.021312
-0.007253
-0.002237
-0.033983
-0.002193
0.059924
0.015923
-0.059783
0.009803
-0.051602
-0.019104
0.018880
-0.040991
-0.015944
0.018855
-0.016476
0.041081
0.014620
-0.028731
0.032867
0.029965
0.037900
-0.018438
0.077686
-0.005778
0.020838
-0.052695
0.040992
-0.080157
-0.023876
0.023657
-0.006741
-0.030580
0.082734
0.012188
0.075817
-0.004732
0.002931
0.033293
0.025805
0.051702
-0.097717
0.033207
0.042495
-0.027112
-0.037339
-0.025241
0.021562
0.005903
0.443284
-0.005937
-0.006761
-0.009223
-0.030424
0.005244
0.034595
0.081668
0.031371
-0.051282
-0.041183
0.016283
-0.000008
0.037812
-0.008590
0.041910
-0.016527
0.012491
0.030483
-0.033038
0.020296
-0.023733
-0.054022
-0.016751
0.000194
-0.026288
0.018591
0.075225
-0.027071
0.020954
0.021144
0.001178
0.008988
-0.013478
-0.017401
0.059639
0.151564
0.014785
0.008380
-0.056877
0.050760
-0.021615
0.010395
-0.035354
-0.169559
-0.020221
0.011969
-0.034279
-0.023700
0.009677
0.088441
-0.021491
0.012892
-0.025479
-0.024164
-0.022006
0.030889
-0.011637
0.027877
0.077256
-0.082652
-0.033337
-0.010501
-0.006950
-0.055664
0.018908
0.017832
0.032819
-0.015003
-0.001749
-0.001353
-0.024600
-0.011519
-0.002451
-0.030745
0.009585
0.030604
0.039448
0.019356
0.015967
0.020072
0.033381
0.025510
0.086690
0.061059
0.018483
0.022639
0.005373
0.015816
0.020694
-0.001712
0.030684
0.034187
-0.058066
0.027697
0.001673
0.017088
0.038344
-0.012049
0.018286
-0.004597
0.001259
0.115076
0.090678
-0.009100
0.009267
0.039434
0.058616
0.025616
-0.032184
-0.027884
-0.014968
0.010471
-0.120800
-0.006291
0.016711
0.005265
0.080113
-0.012757
0.026718
-0.014780
0.017290
-0.009004
-0.013298
0.149830
0.004958
-0.000996
-0.023029
0.023187
0.033028
0.023867
0.074266
0.028037
0.060038
0.068717
-0.049116
0.014569
0.002914
0.043886
0.061423
-0.021742
0.037676
-0.032856
-0.033680
0.020822
0.029634
-0.039697
0.032837
0.059812
0.005350
0.012857
0.394929
0.104368
-0.002319
-0.034112
-0.028491
0.088843
0.058613
0.226833
0.011765
-0.025809
-0.006316
0.008449
-0.010654
-0.017746
-0.020847
0.017047
-0.021667
-0.034875
-0.081135
-0.018988
0.010073
0.006395
0.012303
0.045582
-0.009496
-0.013580
-0.016844
0.044163
0.069661
-0.037239
0.002571
-0.041171
-0.008812
-0.050746
0.015529
-0.011430
-0.012425
-0.006917
-0.071064
-0.013410
-0.005219
0.016413
0.081581
0.016816
0.000000
0.000000
0.000000
0.045093
-0.052031
-0.043098
-0.003848
-0.023658
0.045372
-0.029922
-0.099954
0.026695
0.015698
0.018112
0.025633
-0.002457
-0.095356
-0.023060
0.021285
0.000779
-0.009697
-0.031246
-0.025433
-0.026318
-0.029902
-0.004862
-0.012528
0.000000
-0.020141
-0.127077
0.002924
0.018722
-0.020650
0.064995
-0.049589
-0.022544
-0.037970
0.010298
0.004036
0.000000
-0.021288
-0.053677
0.084409
0.015877
-0.002718
-0.022774
0.001692
0.085564
0.015523
0.100382
-0.003977
-0.058303
-0.016122
-0.033367
-0.005480
-0.048054
0.010783
-0.031463
-0.011435
0.046236
0.036799
0.016465
0.052594
-0.007343
-0.038020
0.007570
-0.026357
-0.062691
0.035245
0.046576
-0.001246
-0.015306
0.000620
-0.063281
-0.004071
-0.000623
0.026961
0.002604
0.000000
0.006893
0.000000
-0.006137
-0.011417
0.001981
0.002582
0.142867
0.005215
-0.017774
-0.036430
-0.048547
-0.017327
0.005482
-0.007491
0.006002
0.000000
-0.063861
0.049705
-0.028330
-0.030594
-0.048263
0.003944
-0.012534
0.000000
0.045811
0.001844
-0.006333
0.005520
-0.002623
0.017992
0.032264
-0.048648
-0.003196
0.795779
-0.000912
0.007969
-0.075647
0.038863
0.121173
-0.022870
-0.019608
0.007532
0.010198
0.079617
-0.093975
0.163163
0.009104
-0.003702
0.000000
0.045183
-0.031483
-0.020758
0.053787
-0.017190
0.000725
-0.008769
-0.071549
-0.003144
-0.000509
0.313165
-0.009542
0.016262
-0.003217
-0.027984
-0.030210
0.006033
0.000000
0.000000
0.000000
-0.004265
0.002874
0.005346
-0.007944
0.002025
-0.021228
0.011331
0.015281
0.003254
0.007511
-0.019661
-0.065310
-0.013367
-0.008330
-0.023285
0.008748
0.030146
0.196993
0.006017
0.021428
0.019512
0.018918
0.011322
0.059177
-0.044339
-0.005691
-0.111444
-0.032809
0.052547
-0.083262
0.003316
0.068556
-0.050358
-0.056271
0.000328
-0.027847
0.039376
-0.048415
-0.090494
0.061831
-0.075494
-0.030005
0.049027
-0.011024
0.022528
-0.039023
0.016239
0.084529
0.052594
-0.100822
0.337840
-0.126555
0.036282
0.060020
-0.113530
0.124998
-0.003102
0.102056
0.176263
0.165390
0.137660
-0.084804
-0.051996
-0.077483
0.022775
0.044605
0.033764
0.013591
-0.019153
0.007036
-0.006286
-0.034162
-0.004110
-0.040511
0.005066
-0.032731
0.083948
0.107204
0.080480
0.016417
0.042589
0.045467
0.038336
0.013157
-0.084250
-0.076912
0.078552
-0.013449
-0.005888
0.024542
0.036822
0.051867
0.019506
-0.020734
0.017670
-0.054618
-0.068155
-0.049419
0.027676
-0.005578
-0.004846
0.053994
0.002327
-0.012234
0.015008
-0.029553
0.024141
-0.027240
-0.012927
0.018486
0.030491
0.057830
0.002719
0.099660
0.089673
0.056023
0.078609
0.209567
-0.022137
0.123739
-0.008178
0.050592
0.058635
0.030130
0.030804
0.108083
0.049977
-0.025864
-0.082461
0.011747
0.030911
0.061778
0.012221
-0.021777
-0.110758
0.000470
0.088355
-0.013196
0.012574
0.004732
0.032527
0.020699
0.026174
-0.056880
0.000030
0.010878
-0.024322
-0.017238
0.100730
-0.113242
-0.051628
-0.038001
-0.006620
0.008216
0.030968
0.003755
0.007594
0.080854
0.035800
0.062763
0.087883
0.032956
0.092989
0.028430
-0.018257
-0.073899
-0.056987
0.114160
-0.029972
0.037776
0.068378
-0.047065
0.090406
-0.030072
-0.029507
0.039371
0.052900
0.009673
0.003689
-0.026825
0.081082
-0.024227
-0.009106
-0.022542
-0.049871
0.136127
0.087965
0.018260
0.057843
0.003889
0.033625
-0.002773
0.011985
0.142556
-0.047592
0.005010
-0.013331
0.007389
0.019393
0.055874
-0.056766
0.009594
-0.031207
0.010384
-0.022402
0.007569
0.055574
0.016695
-0.006948
-0.006184
0.116529
-0.062989
-0.009740
0.011549
0.041690
0.040143
0.013664
0.029589
-0.029864
0.042164
-0.006398
-0.018093
0.028357
0.012912
0.044344
0.003414
-0.085420
0.031578
0.105670
0.045931
0.077244
-0.012490
0.020383
0.063997
0.046563
0.011026
0.122720
0.035039
0.090379
0.027187
0.076935
-0.048160
0.073877
0.136430
0.003708
0.051272
0.074657
0.068343
0.024772
0.056311
0.021058
-0.019372
0.023688
-0.048522
0.006319
0.037373
0.164686
-0.003375
0.027155
0.085358
-0.095376
-0.000770
0.070041
-0.019348
-0.034676
-0.047816
0.004798
-0.019552
0.130890
0.005627
-0.014783
-0.014610
-0.038100
0.051226
0.152034
0.057739
0.002442
0.055615
0.123521
0.037563
0.050074
-0.007649
0.023152
0.024402
-0.020554
0.093122
0.093379
0.022779
-0.054138
0.001686
-0.003236
-0.010940
-0.069758
-0.015481
0.040338
-0.032817
-0.128919
-0.018656
0.012688
-0.048780
-0.020548
-0.028388
0.074094
0.026853
0.061765
0.003715
0.021488
0.075685
-0.037772
0.058799
-0.086393
0.012263
-0.091106
0.198121
0.020639
0.044526
0.060565
0.066150
0.049319
0.033948
0.016615
-0.000326
-0.020646
0.020707
-0.057378
0.021495
0.057529
-0.016007
-0.001904
-0.006438
-0.071914
-0.073942
0.001492
-0.041784
0.052412
0.010604
0.133875
0.080326
0.010272
0.043748
-0.048863
-0.040853
0.057124
0.030088
0.026812
-0.052866
0.018205
-0.055907
0.014326
-0.006286
-0.039170
0.032597
-0.023649
-0.009839
-0.061222
0.035322
-0.028510
-0.017273
-0.017068
-0.053025
0.018146
0.097117
-0.102649
0.081651
0.025385
-0.026280
0.048167
0.060783
0.098588
0.018199
0.126536
-0.027973
0.086161
