0.037415
0.014025
0.016401
0.028302
0.055483
0.035175
0.030121
0.000981
0.036336
0.053022
0.123542
0.011946
0.027548
0.008566
0.167210
0.002016
-0.010727
-0.029621
-0.012492
-0.029520
-0.053447
0.036157
0.048835
-0.123994
0.015800
0.022561
-0.051026
0.036338
-0.004434
0.489753
-0.050041
0.007255
-0.003391
0.032379
0.013629
0.027066
0.359990
-0.034063
-0.012710
0.034891
-0.000470
0.006351
-0.009668
0.005445
-0.011656
0.030237
-0.002634
0.343394
-0.006196
-0.007694
0.010520
0.020822
-0.001981
-0.026929
-0.015903
0.033075
-0.071297
0.049050
0.059115
0.030303
-0.012046
-0.041666
0.005782
0.124045
0.000648
-0.038900
0.026272
0.023153
0.050894
-0.002582
0.012707
0.031692
-0.036503
0.122562
0.033664
-0.026588
-0.023882
-0.017202
0.009594
0.003078
-0.064763
0.037341
-0.039881
0.019637
0.018724
-0.016877
-0.021177
0.004782
-0.026389
-0.071599
-0.070769
0.047995
-0.012775
0.033220
-0.022144
-0.058156
-0.031258
-0.094895
0.048982
-0.005106
-0.012195
0.029527
-0.007239
0.032729
-0.037147
-0.019566
-0.013061
-0.005583
0.053487
0.031403
-0.016778
0.034877
0.033810
-0.014729
-0.014796
-0.046802
0.000000
-0.025534
0.000000
-0.015619
0.000000
-0.018362
0.000000
-0.002459
0.030662
-0.001570
0.007308
0.205117
-0.027648
-0.001969
0.010806
0.014959
0.015962
-0.007843
-0.009138
0.042158
-0.000926
0.056768
0.085421
0.091970
0.064428
0.019622
0.063320
0.040553
0.032653
0.024236
-0.028534
0.005126
-0.049349
0.003150
-0.010874
0.148615
0.141281
-0.055800
0.012450
0.118485
0.182073
-0.071804
0.004745
0.025701
-0.003833
-0.005820
0.113373
0.000000
0.000000
0.000000
0.000000
-0.031225
-0.010963
-0.061293
0.000000
0.000000
0.000000
0.000000
0.000000
0.000000
-0.073167
0.000744
0.009803
0.130239
0.021642
0.002511
0.107263
0.000000
0.037597
-0.014657
0.015306
-0.064059
0.000000
-0.028684
-0.051733
0.050154
-0.019089
-0.037474
0.023357
0.009051
-0.026021
-0.029211
0.015090
0.017679
0.008280
-0.017599
0.013767
-0.000329
0.021241
0.062419
-0.007366
0.000000
0.000000
0.000000
-0.074888
0.014199
0.210727
0.028821
-0.033971
0.060888
0.000000
0.000000
0.000000
0.000000
0.000000
0.000000
0.000000
0.000000
-0.006535
0.069772
0.026763
-0.000277
0.006817
-0.042903
-0.008466
-0.053030
-0.057091
-0.027886
0.008709
0.017302
-0.039385
0.024033
0.016720
-0.007507
-0.031284
0.095209
-0.016686
0.011019
0.013335
-0.017141
-0.031746
0.041634
-0.051807
-0.012479
-0.013336
0.015455
-0.015362
0.034190
0.045728
0.001420
-0.004953
0.048359
0.139371
-0.029237
-0.005434
-0.022003
0.026118
0.041963
0.027299
0.051274
-0.035401
0.025189
0.047566
-0.020474
0.012994
0.008840
-0.003699
0.040418
-0.036011
0.020916
0.076872
-0.002998
0.019830
0.045483
-0.007882
0.038692
-0.069649
0.249209
0.036949
0.005434
-0.010258
0.050813
0.003077
-0.020141
-0.005827
-0.002421
-0.039562
-0.010690
-0.060982
-0.001625
-0.020204
-0.028329
-0.008930
-0.021886
-0.052228
0.060931
0.038183
0.011931
-0.039123
0.139665
0.027032
0.000000
-0.007551
0.050753
-0.040739
-0.016024
-0.002331
0.012501
-0.016976
0.016443
-0.058998
-0.005234
0.046621
0.032743
-0.001559
0.002895
-0.009670
0.034153
-0.021569
-0.019319
0.002466
0.039983
-0.053971
0.001499
0.008489
-0.008378
-0.025804
0.036894
0.017459
-0.026635
0.011443
0.013203
0.008180
-0.011463
-0.031365
-0.000523
0.001071
0.030869
0.034698
0.201141
-0.016984
-0.012400
0.000000
0.563344
0.010887
0.011262
-0.055304
0.022551
0.004803
0.059525
0.017216
-0.005522
-0.007628
-0.005432
0.100964
0.093121
-0.014243
0.014369
0.005715
-0.025148
0.043749
0.006492
-0.007256
0.010303
0.015407
0.017556
-0.011448
0.002075
-0.048258
-0.010597
0.004308
0.071176
-0.015156
-0.023243
-0.013552
-0.007263
-0.017557
0.068937
-0.020554
0.073208
-0.038073
0.010954
0.040041
-0.025557
-0.087873
0.001306
-0.109293
-0.059516
0.023931
-0.014760
0.001949
0.091990
-0.006403
0.011899
-0.003652
-0.007686
-0.022841
0.000000
0.033977
0.040229
0.039675
0.032328
-0.004999
0.042803
-0.014962
-0.064387
0.000084
0.052242
0.003373
-0.008788
0.023327
-0.004002
-0.014971
-0.026311
0.004799
-0.013997
-0.016413
0.020943
-0.022118
0.088350
0.005097
0.050162
0.009411
0.002895
-0.007305
0.138658
-0.015851
0.001585
0.008210
0.085056
-0.012483
0.004367
-0.016310
0.075043
0.090199
0.015477
0.043771
0.021192
-0.026070
0.080300
0.059264
0.032000
0.013708
-0.024385
0.013074
0.004554
-0.044951
0.031571
0.036562
0.041715
-0.055768
0.110794
-0.007792
0.004357
-0.072822
-0.025246
0.033002
-0.002763
-0.001123
0.031683
-0.020394
0.020591
-0.032192
0.003363
-0.079912
-0.030396
-0.047585
-0.020466
0.047091
-0.021813
0.008482
-0.019521
-0.055369
-0.044913
0.001743
-0.022376
-0.021626
-0.024903
0.040399
-0.003912
0.023794
-0.006839
-0.081567
0.028604
-0.011055
0.026641
-0.020714
0.016733
0.009487
0.008776
0.151881
0.043061
-0.037161
-0.016293
0.007140
0.086917
-0.025243
-0.004982
-0.017822
0.002903
-0.013059
0.499473
0.002933
0.083250
0.200571
0.524550
-0.005463
0.141786
0.050437
0.071284
0.000184
-0.012514
0.007034
0.010068
0.087223
-0.000599
0.007199
-0.001639
0.017585
-0.006334
-0.016784
0.077657
-0.080124
-0.017314
0.005769
0.004431
0.062504
-0.020087
-0.113295
0.025711
0.001992
-0.003520
-0.001749
0.013133
-0.027016
-0.024645
-0.018978
-0.070675
-0.020032
0.073752
-0.038598
-0.002782
0.016372
-0.002865
0.061317
0.005950
-0.023495
0.006925
-0.040400
-0.001558
-0.077401
0.001077
-0.035375
0.298281
-0.018434
-0.003201
0.002762
0.032871
-0.001616
0.039425
0.025996
0.098724
0.023480
-0.035964
0.752748
-0.076237
-0.004091
-0.060057
-0.038323
-0.025612
0.001068
0.088586
-0.009347
0.007338
-0.014260
0.029466
0.513731
0.046526
0.003326
0.155527
0.761151
-0.059944
0.142458
0.002180
0.071058
-0.024999
0.034631
0.038848
0.325688
0.010792
-0.002246
0.041935
0.026613
0.080597
-0.013853
-0.020513
-0.005404
0.143720
-0.033237
0.048604
0.002689
0.032969
-0.009914
-0.010430
-0.031624
0.017508
0.009544
-0.039967
-0.016515
-0.021389
-0.040679
0.002447
0.006724
0.009322
0.034579
0.002509
0.011425
-0.000172
0.039397
-0.035719
0.059357
-0.004532
0.081090
-0.014200
-0.047016
0.003074
-0.020794
-0.006224
0.079686
-0.037828
-0.057318
-0.032676
0.026220
0.054573
-0.011431
-0.060327
0.014445
-0.045825
-0.009296
-0.003787
0.007165
0.011370
0.202647
-0.029546
0.018574
0.023191
0.008609
0.019974
-0.083493
-0.058099
-0.039897
0.031354
-0.002102
0.008058
-0.015617
0.002154
0.135703
-0.004838
-0.008322
-0.024184
0.100605
0.089695
0.041194
0.001280
0.327686
0.053897
0.019742
0.097036
0.018287
-0.049638
0.010143
-0.021455
-0.014657
0.014655
0.010931
-0.011559
-0.010772
0.003937
-0.021198
0.033924
-0.092666
0.010772
-0.008728
-0.005620
0.004261
0.012520
0.005800
-0.032269
-0.022562
-0.075437
0.008317
0.020144
0.017977
0.016640
-0.016017
0.042860
0.002919
-0.010680
-0.023953
-0.006954
-0.004059
-0.058527
0.045561
0.023262
0.007579
0.041008
-0.010572
-0.016961
0.066147
-0.009454
0.000000
-0.062120
-0.001548
-0.011475
0.041584
0.057656
-0.025678
-0.071346
0.012960
-0.003570
-0.004567
0.060921
-0.002868
-0.017001
0.012103
-0.053080
-0.034586
0.001614
0.023355
-0.324703
0.027068
0.015827
0.045915
0.033258
-0.074382
-0.023167
0.019734
0.045611
-0.007309
-0.012662
-0.055701
-0.002992
0.033964
0.001153
0.025719
0.008983
0.080452
-0.006029
0.054885
0.072529
0.002692
-0.014080
0.050917
-0.012294
0.051426
0.002208
0.028180
0.048126
0.008937
-0.009548
0.033884
-0.066900
0.029700
0.070630
0.043302
0.044022
0.077183
0.086856
0.033880
0.000417
-0.010137
-0.001499
0.039417
-0.021851
0.013763
-0.019174
0.029325
-0.001697
-0.028471
-0.016656
0.036024
0.067000
-0.011395
0.028669
0.079515
0.001515
-0.023181
-0.001243
-0.054369
-0.010127
-0.062529
-0.009584
0.069948
-0.021820
-0.010443
0.053538
0.001516
-0.004540
-0.002780
0.737828
-0.012497
-0.019692
-0.023261
0.000000
-0.005756
-0.010429
-0.045838
-0.044781
-0.067749
-0.007561
0.047435
0.005947
-0.032463
0.004082
0.010117
-0.022598
-0.021380
-0.034066
0.051481
0.000863
0.013482
-0.029336
0.013085
0.023935
0.032354
-0.009915
0.025607
0.000991
0.016365
0.001206
0.034231
0.009012
-0.022609
0.037688
0.033837
-0.027995
-0.001537
-0.009152
-0.034624
0.033573
0.046525
-0.066825
-0.017496
0.016641
0.025187
-0.029467
-0.036287
-0.001522
-0.004704
0.016948
-0.007554
-0.018643
-0.018130
0.020762
0.001784
-0.015374
-0.006077
0.059207
-0.007693
-0.004737
0.005174
-0.046087
0.082334
-0.035105
-0.030607
0.010885
0.014733
0.003869
-0.000786
0.004647
0.057729
-0.017524
0.011814
-0.035041
-0.023594
-0.022107
-0.000363
-0.053953
0.026669
-0.025913
-0.004706
0.002642
0.007907
0.015371
-0.002750
0.019304
-0.004231
0.032184
0.018205
-0.000117
0.014258
0.059990
-0.029218
-0.009170
0.045211
-0.027191
0.023018
0.008565
0.000861
0.032886
0.054255
0.026624
-0.004587
0.006447
-0.013697
-0.053851
-0.004085
-0.014933
-0.041565
-0.028496
-0.048391
0.063948
-0.032243
-0.016507
-0.018578
-0.004610
0.014880
0.007285
-0.010090
-0.005854
-0.045685
0.010377
0.012156
0.068868
0.008184
0.033128
-0.007679
0.053854
-0.010567
-0.003997
-0.019091
-0.025843
-0.040983
-0.065464
0.041525
-0.001442
-0.039424
0.040727
-0.037170
0.023952
-0.021659
-0.025182
-0.013468
0.026439
0.035593
0.025135
-0.006129
-0.010415
0.006359
-0.073969
0.102048
-0.102720
0.055559
0.036410
-0.021097
-0.022403
-0.071378
-0.019220
-0.046741
-0.016333
0.000122
-0.016552
-0.064256
0.028008
-0.043735
0.079188
-0.036460
-0.006784
-0.015759
0.052992
-0.028009
-0.035668
0.033324
0.028733
-0.001211
0.014559
-0.029577
0.055629
-0.006651
0.008914
-0.046057
0.042465
-0.008651
-0.011560
-0.010969
0.021608
-0.014846
0.003391
0.055453
-0.021804
0.049038
0.004488
-0.004974
-0.041103
-0.000644
0.041296
0.013299
-0.054940
0.000155
0.000826
-0.015032
0.017438
0.011739
0.054854
0.118345
-0.078269
0.011237
-0.019933
-0.032161
-0.032665
0.098494
-0.024950
-0.082805
-0.019002
0.049508
0.011762
0.017535
-0.003371
-0.036547
0.010707
-0.020286
0.007146
0.026299
-0.054725
-0.009387
-0.026207
0.030199
0.092926
0.109437
0.023655
0.003090
-0.011894
-0.022822
0.047407
0.004479
0.012933
0.010038
0.056794
0.005714
0.436806
0.003203
0.045057
-0.041734
-0.000100
0.000195
-0.010785
-0.005408
-0.000245
0.098929
-0.019755
-0.027977
-0.010931
-0.047243
0.044199
0.028326
-0.029643
-0.026120
-0.060994
-0.012705
0.007283
0.027404
0.031967
0.035869
-0.015861
-0.020082
-0.009823
-0.038728
0.062507
-0.004428
-0.015254
0.016558
-0.010107
-0.033669
0.065059
-0.026770
-0.018306
0.110830
0.040272
0.093112
0.094820
-0.002628
0.028650
-0.036064
0.026541
0.000976
0.017338
-0.046724
0.025350
0.005443
-0.045544
-0.042613
0.076039
-0.062556
0.001107
0.055481
0.007338
0.044556
0.080085
0.042622
0.006319
0.003847
-0.066469
0.000352
-0.034788
0.006258
-0.033427
-0.004763
-0.002251
0.013538
0.017153
-0.038197
-0.026007
-0.001024
-0.011835
0.043019
0.011225
-0.002642
0.000398
0.000132
0.043599
0.000038
0.065210
-0.024826
-0.009699
0.009050
-0.013845
0.063521
-0.157526
-0.001901
-0.020422
0.034144
-0.035660
-0.006973
-0.002773
-0.027679
0.000000
0.011150
-0.048403
0.061028
-0.014920
-0.007741
-0.011949
-0.033832
0.062273
0.003963
0.065129
0.011002
0.019106
-0.016507
0.003103
0.028224
-0.053187
0.136568
-0.000427
0.337810
-0.010304
0.196608
0.001326
0.017022
0.043099
0.019469
-0.059264
0.057509
-0.066392
-0.036092
0.017590
0.031437
0.054298
-0.009426
0.000000
0.028709
0.190222
0.083633
-0.021964
0.001670
0.086084
-0.033407
0.028019
0.121278
-0.030849
0.000000
-0.022906
0.156087
0.280200
-0.004364
0.003140
0.006193
0.008547
-0.003795
-0.000576
0.000000
-0.020159
0.034439
0.002047
0.031351
0.028108
0.108114
0.060508
-0.018809
-0.044289
-0.031311
-0.010309
-0.004267
0.028055
0.015136
0.014716
-0.013536
0.048159
0.035564
-0.014358
0.004754
0.012035
0.027862
0.070968
-0.020131
0.021540
-0.001224
-0.045940
0.006511
0.016006
-0.032069
-0.005341
-0.024246
-0.033175
-0.014444
0.074633
0.016463
0.024523
0.002174
-0.042151
0.033900
-0.052286
0.002260
0.028689
0.070251
0.043781
0.139704
-0.020660
0.002752
-0.070495
0.001839
0.008231
-0.087311
-0.001135
-0.009442
-0.013299
-0.048859
0.023524
0.014024
0.022980
-0.060128
0.097459
-0.026407
0.025607
0.035252
-0.059272
-0.009442
-0.000012
-0.005892
-0.017770
-0.085993
0.053339
0.019803
0.036394
0.011198
-0.057654
0.008262
0.036489
0.035086
-0.000953
0.036831
-0.005889
0.009812
-0.024536
-0.043323
0.024331
-0.003961
-0.047647
0.040796
0.020965
0.060157
-0.034814
-0.001407
-0.034270
-0.006658
0.008257
-0.014994
0.047825
-0.038289
-0.029216
-0.069319
0.052171
0.100103
-0.001859
0.057401
-0.039317
-0.029284
0.023911
-0.054568
-0.047883
-0.023815
-0.003428
0.016208
-0.037212
-0.000482
0.046726
-0.014988
0.022018
0.024046
0.124604
0.022400
0.022230
-0.000343
0.012857
-0.002156
-0.020634
-0.018705
0.064192
-0.020149
-0.023272
-0.039929
0.123330
0.048784
0.007092
0.002362
-0.023786
-0.117757
-0.007048
0.026592
0.009453
-0.056856
-0.004943
-0.020870
0.014050
0.011863
0.028279
0.122650
0.043421
0.066227
-0.000457
0.038117
0.022871
0.016981
-0.017997
0.042025
-0.020022
0.064796
-0.034168
0.044871
0.033084
0.056525
-0.048980
-0.010174
-0.001717
-0.018624
-0.049906
0.006407
-0.008665
-0.010183
0.118894
0.105714
0.012500
-0.021676
0.009412
0.006992
-0.009503
0.007646
-0.005983
0.001110
0.028573
0.012620
-0.007868
-0.000081
-0.032788
-0.015229
-0.020460
0.031783
-0.003421
-0.027008
0.001769
0.090103
0.020608
-0.035700
-0.025955
-0.034939
-0.012778
0.097633
-0.038330
0.000629
0.024854
-0.016627
-0.004709
0.038233
0.007052
0.023162
-0.006875
0.051203
0.067866
-0.014359
0.010668
-0.077316
-0.061538
0.011660
-0.028514
-0.005926
0.006161
0.038077
-0.000747
0.003018
0.002448
0.018090
0.074109
0.028227
0.009699
-0.008747
0.031049
-0.000848
0.060029
0.026760
-0.003007
0.063928
0.005623
0.020177
-0.005215
0.008785
0.014517
-0.037979
0.000594
0.026594
-0.004294
-0.030873
0.029081
0.018456
0.029288
-0.013637
-0.013343
0.022308
-0.035852
-0.002160
0.010523
-0.035512
0.005402
-0.012814
0.003412
0.015863
0.316178
0.009421
0.030740
0.011529
0.064277
0.061008
-0.058816
-0.003908
0.033906
-0.080679
-0.009902
-0.005289
-0.008229
-0.038422
-0.079854
-0.042709
0.004536
-0.029035
-0.019694
-0.053461
0.049904
0.020037
0.060889
0.015432
-0.020546
0.017873
0.013609
-0.033729
0.014064
-0.009732
0.028972
-0.023448
-0.006827
-0.070317
-0.043114
0.078414
-0.002002
-0.018138
-0.000441
0.016766
-0.016373
0.181211
-0.008572
-0.041476
0.171479
-0.004673
-0.008195
0.009306
-0.006998
0.004719
0.003800
-0.004459
-0.006100
0.004591
-0.005461
0.022615
0.236692
-0.008293
-0.030438
-0.065140
-0.037557
0.008728
0.064356
0.119038
-0.059878
0.013333
0.772921
0.036657
-0.033514
-0.078649
0.048672
0.021284
0.073724
-0.014784
0.031772
0.002228
-0.018326
0.027425
-0.062887
0.024827
-0.009593
0.015048
-0.061554
-0.048194
0.029391
0.012397
0.046651
-0.003078
-0.019257
0.061439
0.019032
-0.058363
-0.009421
-0.013665
-0.005153
-0.023068
0.020099
0.002222
0.033269
-0.031747
-0.048342
-0.071492
0.041856
-0.017511
-0.033736
-0.006591
0.006290
0.011475
-0.012339
0.068389
0.041571
-0.002675
0.028036
-0.016360
0.665628
-0.029382
0.063332
-0.009186
-0.005927
-0.028327
-0.020250
0.000572
-0.011280
-0.005090
-0.010513
-0.019534
-0.021095
0.007853
0.045510
-0.034614
-0.017107
-0.018521
-0.022116
-0.031967
-0.005721
-0.006022
0.120714
0.013939
-0.007620
-0.063999
0.012254
-0.007824
-0.035202
-0.009025
0.004028
-0.009454
0.005380
0.018080
-0.017470
-0.042250
0.085696
0.009842
-0.048294
-0.005954
-0.001875
0.118129
-0.003235
0.024900
-0.022592
-0.018242
-0.051047
-0.016780
0.011541
-0.022455
-0.027518
0.022556
-0.031331
-0.035094
-0.031218
-0.008010
-0.060159
0.002420
0.004157
0.039146
-0.002892
0.009752
-0.237623
-0.028630
-0.015865
-0.046764
0.003398
0.013749
-0.012470
0.601829
-0.033491
-0.002015
-0.014393
0.051253
0.012008
0.062810
0.008798
0.002451
0.020187
-0.024979
-0.015319
0.008646
-0.002667
-0.033905
0.027629
-0.029895
-0.001767
0.000000
0.017761
0.007371
-0.041426
-0.002871
0.008758
-0.015603
-0.018948
-0.041718
0.020162
-0.045948
-0.005459
0.000977
0.064209
0.023805
0.668695
-0.036653
-0.003426
-0.033745
-0.009744
-0.052314
0.001472
-0.056472
-0.032866
0.000050
0.054353
0.008733
-0.091708
0.042997
-0.049599
-0.060831
-0.036684
-0.027434
0.049870
-0.005040
-0.005147
-0.009438
-0.000420
0.026249
-0.011062
0.005023
-0.010482
0.043556
-0.015910
0.002354
-0.015540
-0.000926
-0.007378
0.002753
0.011913
-0.010727
0.007037
-0.008572
-0.027530
-0.055391
0.082290
-0.040439
0.012314
-0.048927
-0.020045
0.007667
-0.010205
-0.018900
-0.016224
-0.013372
-0.006743
-0.016738
0.021987
-0.085420
0.038431
-0.076833
-0.029999
-0.014238
0.056318
-0.008115
0.021984
-0.011068
0.002500
0.030388
0.012909
-0.017412
-0.008374
0.024916
0.018343
0.043944
-0.054899
0.015081
-0.014264
0.006833
-0.002510
-0.003605
0.045546
-0.032426
0.151249
0.069671
0.040139
-0.006212
-0.001680
0.007834
0.047765
-0.007918
0.000000
-0.019645
0.061414
-0.000914
-0.039257
0.070382
-0.019667
0.000000
0.005147
-0.047442
-0.001726
-0.021092
0.010825
0.023877
0.022575
-0.009793
0.031861
0.006298
-0.019174
0.002957
-0.034798
-0.005706
-0.015353
-0.038830
-0.002819
0.015902
0.035575
0.010245
-0.014412
0.015629
0.015459
0.016906
-0.034953
-0.026797
-0.008718
0.000904
-0.065083
-0.065516
0.010206
0.026684
0.009153
-0.075194
0.004469
0.003229
0.048337
0.076779
-0.013836
0.021292
-0.052569
-0.012288
0.014563
-0.026760
-0.012484
0.009400
-0.051356
0.014461
-0.065692
0.007232
0.005547
-0.050318
0.072031
0.005391
0.023636
-0.043110
0.088131
-0.036402
-0.023835
0.028638
-0.033158
-0.030546
-0.003013
-0.018723
0.050048
0.070148
0.098571
-0.049322
-0.076965
-0.073720
0.014081
0.057023
-0.071519
0.008610
0.012632
0.040913
0.002606
0.068129
0.015311
0.020856
-0.138320
-0.006603
0.050304
-0.030944
0.012827
0.012832
-0.005066
0.053533
0.019505
0.004426
-0.048124
0.107820
0.031476
0.034941
0.034908
0.029391
0.020660
0.003177
0.005283
-0.000453
-0.013715
-0.024444
-0.011658
-0.026316
0.034503
0.000389
-0.069048
0.004585
0.018616
-0.013558
-0.076294
0.021494
-0.009172
0.038731
-0.024981
0.004500
0.000000
0.000000
0.000000
0.000000
0.017908
0.024807
-0.034991
-0.097351
0.104963
-0.039870
-0.020200
-0.008442
-0.000762
-0.063405
-0.045391
0.007058
-0.014568
-0.034784
0.069770
-0.006121
0.015433
-0.040699
0.029167
-0.031048
0.006991
0.135094
-0.036009
-0.006717
0.052968
0.030976
0.047868
-0.027845
0.013514
-0.012239
-0.041514
-0.016719
-0.096472
0.020132
0.007294
-0.018358
-0.000402
0.017603
-0.009086
0.040136
0.108802
-0.015780
0.073627
0.000381
-0.028565
-0.006336
-0.020448
0.051236
0.004372
-0.045254
0.006262
-0.016599
0.015373
0.061212
0.030675
0.020415
-0.004991
-0.013402
0.004653
0.044234
0.038683
0.036279
-0.041529
0.064982
0.018149
0.074997
0.042641
-0.037979
-0.035580
0.099750
-0.014824
0.094274
-0.019422
0.002545
-0.031071
-0.017118
-0.031747
-0.037918
0.007857
0.037481
0.017278
-0.038557
-0.059234
-0.014830
-0.023993
-0.019589
-0.019759
-0.047359
-0.009134
-0.024635
-0.037531
-0.019963
-0.024627
-0.022673
-0.002751
-0.015522
-0.016635
-0.046798
0.089396
0.017268
-0.055649
0.045749
-0.031914
0.024769
-0.013650
-0.004951
0.004356
-0.030126
-0.055754
0.010211
0.002158
0.088442
0.006806
-0.005100
-0.004429
0.000000
-0.036930
-0.032267
-0.007114
0.000000
0.003314
-0.007631
0.012096
0.018190
0.081076
-0.016154
0.016792
0.080726
0.010203
0.005129
0.015278
0.023722
0.037307
-0.012095
-0.083041
-0.004331
-0.006176
0.082850
0.014598
0.077843
0.003189
0.011904
0.022555
-0.043354
0.035724
0.008650
-0.087639
-0.037241
0.016135
0.063058
0.029699
0.023064
-0.072889
0.006774
0.000452
-0.037705
0.008449
0.682163
0.012038
0.006859
0.026613
0.006330
0.030745
0.008721
0.049248
-0.013479
-0.000638
-0.083972
-0.002393
0.286803
-0.020760
0.020631
0.015173
0.015627
0.033607
-0.028942
-0.022800
-0.017611
0.016824
-0.012589
-0.020742
-0.014977
0.045998
0.032366
-0.014116
-0.021861
-0.010873
0.017272
-0.013179
0.016453
-0.057571
0.010734
0.023175
-0.031641
0.024239
-0.064841
-0.004912
-0.030963
-0.075835
0.031775
0.013814
0.036920
-0.020100
-0.019221
-0.009921
-0.014899
-0.039683
0.032141
-0.017519
0.047500
0.014937
-0.006078
-0.029177
0.041734
-0.024656
0.039669
-0.046744
-0.004000
-0.014429
0.019383
0.003601
0.662645
-0.049287
-0.011225
0.050985
0.006442
-0.088440
-0.005395
-0.006016
0.003142
-0.039215
0.000510
-0.045714
-0.031464
-0.006427
-0.026427
0.044109
-0.008712
-0.006249
-0.067392
-0.024650
0.015830
-0.008012
-0.003016
0.004119
0.042145
-0.025149
0.027461
-0.014543
0.013843
0.068422
0.058138
0.007055
0.004503
0.002861
-0.015655
0.023958
-0.009529
-0.028899
0.016457
0.023126
-0.028138
0.007318
-0.018354
0.085449
0.010255
-0.015369
0.021342
-0.021605
0.017646
0.037614
0.010583
-0.019146
-0.030233
0.008320
0.000000
-0.049765
0.000772
-0.014507
0.130365
0.097466
0.068806
0.025691
0.671869
0.009226
0.051151
0.017709
0.022340
0.021624
-0.028723
-0.000841
0.009921
-0.023832
-0.003337
0.000000
-0.003294
0.041585
-0.063829
-0.026384
-0.010141
0.002788
-0.018562
0.000863
0.006074
0.047463
0.014557
0.018856
0.027147
-0.050518
0.036478
-0.024870
0.032455
0.070544
0.074588
0.003568
-0.007507
-0.027997
0.043828
-0.044618
0.010393
-0.052731
0.014051
0.043184
-0.015266
-0.001992
0.038709
-0.043539
-0.003713
-0.010035
0.000000
-0.000395
0.006240
0.000589
-0.029246
-0.026462
0.046831
-0.017269
-0.042623
0.043667
-0.026813
-0.019383
-0.047936
-0.018411
0.001320
-0.006893
-0.020861
-0.016437
-0.017212
-0.015713
-0.001351
-0.014584
0.127201
-0.047489
0.018389
0.000108
-0.024152
0.001108
-0.032684
-0.012284
0.020408
-0.004520
0.017331
-0.006035
-0.006625
0.083694
-0.017957
-0.013528
0.011973
-0.005234
0.088948
0.019322
0.044826
0.070874
-0.006665
-0.012548
0.031348
0.004110
0.020235
-0.033765
-0.040459
0.009546
0.000128
0.014847
0.014235
0.006347
-0.024217
0.014225
0.052070
-0.034554
0.263390
0.019481
0.008725
0.028728
-0.026031
-0.035539
0.042444
0.011911
-0.075549
-0.015095
0.031038
-0.001397
-0.008482
0.042984
-0.004887
0.014160
-0.007947
-0.008511
-0.020201
-0.074346
-0.045662
-0.017609
-0.003027
-0.006156
-0.116589
0.015324
0.020987
0.011516
-0.037415
0.039332
-0.022053
0.033142
0.028551
0.005495
0.038353
0.026876
-0.038542
-0.067687
0.006492
-0.049618
-0.018029
-0.069679
0.022520
-0.014793
0.007894
-0.041121
0.122335
0.026241
-0.004280
0.009670
-0.028287
0.024756
0.071396
-0.012562
-0.003400
0.028873
-0.001849
-0.021178
-0.015236
-0.028259
0.000554
0.007818
0.065069
0.028539
0.007690
-0.002956
-0.017819
-0.012512
-0.070849
-0.037995
-0.048396
-0.029418
0.000813
-0.003119
-0.010029
0.016767
-0.001797
-0.049066
0.031289
0.017306
-0.003544
-0.031050
-0.006245
0.052269
-0.042249
0.009642
0.009581
0.027247
-0.010841
0.055623
0.035054
0.000000
-0.023193
0.009552
0.077912
0.056768
0.017895
-0.030549
0.021367
-0.124230
-0.012765
0.096296
0.072736
-0.021882
0.052982
0.000304
0.049771
0.075866
-0.030214
-0.051566
0.572410
-0.035794
0.002752
-0.050400
0.033160
-0.047024
-0.006337
0.006440
-0.036990
-0.043504
-0.026744
0.005831
-0.029833
-0.018768
0.036266
-0.016958
-0.010353
0.068897
0.040236
-0.016128
-0.015201
0.033144
0.057625
0.017601
-0.023273
-0.041326
-0.138642
-0.036968
0.025950
0.010455
0.018597
-0.033499
-0.020488
-0.017759
0.024691
-0.043406
0.017600
0.002982
-0.044514
-0.010154
0.035446
0.013129
-0.027135
0.143780
-0.019360
0.005651
0.035260
-0.015052
0.002667
0.056196
0.041772
-0.018195
-0.080318
0.053189
-0.000333
-0.002314
-0.001504
0.022438
-0.025529
0.010329
-0.016715
-0.019718
0.024845
-0.009465
0.020515
0.025480
-0.063318
0.031220
0.008279
-0.001118
-0.019926
-0.047615
0.010171
-0.003702
-0.000321
0.051638
0.068583
0.134501
0.023396
-0.022436
-0.061520
0.004135
-0.023429
-0.023540
-0.006912
0.051064
-0.038952
-0.017645
-0.015021
-0.005692
-0.008717
-0.028481
0.084442
0.005794
-0.000964
0.033396
-0.041139
-0.013685
0.017750
0.009072
-0.048703
-0.013967
0.032679
-0.043694
0.002237
0.036698
-0.006624
-0.024809
0.015952
-0.020892
0.130456
-0.002304
-0.032052
-0.013195
-0.009735
0.033140
0.007275
0.008732
-0.053741
-0.052314
-0.016976
0.004373
0.063991
0.021443
0.001525
0.048504
0.052853
-0.038585
-0.011122
-0.000034
0.015077
0.012123
0.003137
0.033739
-0.007850
0.023880
0.013535
0.053641
0.190292
0.078654
0.184362
0.051190
0.003182
-0.015258
0.022543
-0.033917
-0.015115
-0.012305
-0.034009
0.026192
0.017167
0.005478
0.015609
-0.035769
0.043548
-0.008479
0.032433
-0.034440
0.027069
-0.020146
-0.008287
0.003638
0.003198
-0.080995
-0.041024
0.007797
-0.033080
0.152326
0.000000
0.137061
0.033045
-0.004914
-0.018196
-0.023129
-0.111262
0.029379
0.029977
-0.025573
0.041072
-0.015420
0.021012
0.606649
0.001429
-0.036724
0.131865
0.040581
0.013415
0.127699
-0.020304
0.064789
-0.014310
-0.053159
-0.036493
-0.014469
0.067145
0.004036
-0.000697
-0.006746
-0.028045
0.075341
-0.065197
0.018149
0.013710
0.073937
0.040819
-0.006745
-0.001143
0.000400
0.008757
-0.017745
-0.034811
0.023224
-0.013326
0.023933
-0.016381
-0.021994
-0.002885
0.020150
-0.028529
-0.004932
0.055508
-0.002641
-0.049577
-0.078312
0.003257
-0.007483
0.099949
-0.045738
0.010123
-0.006142
-0.017350
-0.009955
0.096613
-0.006251
0.025410
-0.004216
-0.008475
-0.059397
-0.011318
-0.019607
-0.024357
0.015187
0.008117
0.002505
-0.051881
-0.063064
0.002579
0.000758
-0.000166
0.021155
-0.004179
-0.005196
0.018171
-0.008689
0.063596
0.034721
0.026779
-0.078310
0.004979
-0.030384
0.015987
-0.033821
-0.003148
0.076552
-0.030622
-0.028115
0.126149
-0.022880
-0.009898
0.038690
0.001229
-0.013427
-0.058077
0.004857
0.038809
0.008937
-0.034912
0.021223
0.041591
-0.053597
0.009269
0.029500
-0.003797
-0.031867
0.017531
-0.015136
-0.003508
-0.035179
0.020396
0.004170
-0.003357
-0.014427
0.001692
-0.064898
-0.049996
0.007246
0.011097
0.027919
-0.010156
-0.008374
0.018005
0.035888
0.010395
0.036483
0.041159
-0.047479
-0.020563
0.004647
0.040379
0.121186
-0.007021
0.042412
0.017682
0.022791
0.009625
0.019394
-0.016759
0.009672
0.021571
0.055470
-0.022191
0.024723
0.011744
-0.009022
0.135772
0.006844
-0.012166
-0.011118
-0.042650
0.068877
0.019529
0.086996
0.027011
-0.015571
0.040431
-0.000813
-0.107292
-0.012686
-0.078911
0.025219
0.007893
-0.011327
-0.031874
-0.031450
0.033017
0.003421
0.031007
0.005977
-0.000279
0.065708
-0.013937
0.016835
-0.050747
0.062288
0.040188
-0.011181
0.012201
0.059453
-0.048310
-0.033851
0.011631
-0.005226
0.000000
-0.011618
-0.008505
-0.045434
-0.030005
0.068411
-0.005897
-0.015034
-0.014046
-0.002360
0.042550
-0.038744
0.016099
0.025091
-0.012137
-0.000889
-0.000030
0.001744
0.060207
-0.007223
-0.050276
-0.072344
-0.012636
0.011650
-0.024087
0.011950
0.058303
-0.059384
0.001417
0.074004
-0.025550
-0.022449
0.004345
0.007519
0.024412
-0.009273
0.038651
-0.001888
0.000304
0.029158
0.001870
-0.039486
-0.068453
0.001466
-0.041752
-0.000377
-0.016243
0.046769
-0.016404
-0.056936
0.068541
-0.015808
0.024346
-0.000177
0.002328
-0.013150
0.019382
-0.012634
0.009700
0.005585
-0.022023
0.015354
-0.038194
-0.006829
0.039769
-0.003979
0.006646
-0.015692
-0.000912
0.026624
-0.014850
-0.000518
0.122460
-0.014161
-0.053720
-0.015322
-0.018818
0.006187
-0.049950
0.002902
0.023866
0.031165
0.110204
0.015858
0.018302
-0.000494
0.043674
0.040887
-0.011409
0.013458
-0.047504
-0.010800
-0.021372
0.005341
-0.014331
0.003974
-0.014043
-0.028428
0.012310
-0.021310
-0.020134
0.028780
-0.020871
-0.019900
0.021001
0.039087
-0.003762
-0.018483
0.010239
-0.056029
-0.022503
-0.004951
-0.034788
0.007745
0.008075
0.005021
0.096863
0.022833
-0.039757
-0.011013
-0.013234
0.006511
-0.015617
0.004829
0.031453
-0.046403
0.013679
0.016800
-0.012832
0.004913
0.007432
-0.028123
-0.031131
-0.085202
0.037726
-0.038214
-0.096454
-0.018313
-0.004703
0.013926
-0.051416
0.036462
-0.008817
-0.004047
0.083777
-0.001676
0.007734
0.006197
0.003543
0.016861
-0.030966
-0.007257
-0.018657
0.003074
0.292978
0.018970
0.030953
-0.012327
-0.008185
-0.000563
-0.024018
0.020358
0.016509
-0.006937
0.001626
0.042990
-0.015513
-0.025185
-0.025934
0.042011
-0.012335
0.017449
0.026605
-0.013807
0.003411
0.004844
0.010105
0.440524
-0.025554
0.010145
0.004612
0.086874
0.055887
0.095098
0.003539
0.061677
-0.039014
-0.014614
0.031677
0.028564
0.016364
0.023571
-0.026400
-0.009976
0.030124
0.023696
0.007813
0.102888
0.214480
-0.043043
0.035656
-0.044333
0.006635
0.005860
0.024439
-0.014385
-0.015573
-0.017746
-0.012336
-0.011456
0.037105
-0.139206
-0.002408
-0.018805
-0.059249
0.003736
-0.022592
-0.019835
-0.028353
0.037763
0.008144
0.032661
-0.006042
-0.011116
0.114341
0.040526
-0.020792
-0.009626
0.002036
-0.017515
0.006873
-0.001323
0.010026
0.021303
0.026916
-0.007800
-0.003643
-0.001731
0.045106
0.000217
0.005223
-0.004680
0.003548
0.076140
-0.088880
-0.034844
0.018649
0.672260
-0.010420
-0.004977
0.022868
0.017460
0.041786
0.051584
0.008649
-0.025196
-0.004729
-0.075002
0.202250
0.043087
0.042860
0.013524
-0.008460
0.067702
0.019866
0.102615
0.067129
-0.003701
0.126818
-0.001155
-0.014795
0.004154
-0.007349
-0.021740
0.006764
0.008425
0.034711
-0.001891
0.020082
-0.007203
0.011677
0.005512
0.004044
0.020580
0.018152
-0.038764
0.043031
-0.057290
0.058650
0.016967
-0.044582
0.071436
0.033591
0.040712
-0.013238
-0.005780
0.012481
-0.002698
0.011873
-0.017546
0.002584
0.016123
0.010481
-0.033464
0.020765
-0.021131
-0.028961
-0.000607
-0.000690
-0.021325
0.015484
-0.075958
0.049862
-0.060844
-0.093535
-0.013436
0.073146
-0.007970
0.067404
-0.065146
-0.031912
-0.010798
0.137274
-0.038564
-0.002408
0.025969
0.003528
-0.006389
0.052085
0.056286
0.483455
0.352358
0.314490
0.076519
0.007960
-0.022344
-0.014011
-0.017109
-0.007296
-0.043253
0.007166
-0.056708
0.028681
-0.045147
-0.043291
0.061249
-0.005844
0.046573
-0.031172
-0.007574
0.013646
-0.028762
-0.010084
0.022324
0.003628
0.125117
-0.006053
0.120531
0.043132
-0.037795
-0.028682
-0.014424
-0.039860
0.041353
-0.021670
-0.061623
-0.012193
-0.032032
0.007885
0.066664
-0.076683
-0.061878
-0.023070
-0.065750
0.060508
0.019558
-0.034042
-0.034186
-0.017751
0.003471
-0.064306
-0.055474
-0.017073
-0.006201
0.047430
-0.016602
0.045631
0.085924
0.075188
0.006692
0.026525
0.044372
-0.048834
0.051064
-0.018264
-0.006639
0.023299
0.034810
0.073881
0.025718
-0.069717
0.005306
0.007335
-0.022843
0.032514
0.014740
-0.001677
-0.036666
0.010119
-0.013508
-0.017823
-0.004817
-0.051233
-0.002615
0.105314
0.074582
-0.023861
-0.019928
0.004916
-0.036988
0.023142
-0.059245
0.020981
0.010218
-0.047132
0.101848
0.055217
-0.008786
0.048653
0.032334
0.063396
-0.053606
0.008047
0.024271
0.021951
0.019967
0.126773
-0.002135
0.032391
0.009294
-0.006943
-0.035505
0.004017
-0.032272
0.034969
0.140532
0.014348
-0.036975
-0.030631
0.045764
0.029012
-0.003404
-0.013900
0.130206
0.009231
-0.043823
0.009773
-0.011510
0.004763
-0.003800
-0.026201
0.033105
-0.045760
-0.007491
-0.018423
-0.002320
-0.016333
0.037170
-0.025586
0.022542
0.015194
-0.013389
0.020995
-0.042713
-0.035969
0.010658
-0.049690
-0.032745
0.012312
-0.025593
-0.047072
0.086341
-0.013622
0.020035
0.044271
0.000908
0.006319
-0.015740
-0.033793
-0.005261
-0.058802
-0.018440
0.002458
-0.023994
-0.012251
0.000976
-0.020069
-0.001151
0.005027
-0.006090
-0.010333
-0.048178
0.095439
-0.024494
-0.035647
0.016479
-0.009677
0.098296
-0.025040
0.000000
0.275165
0.033961
0.023902
0.001763
0.015017
-0.002122
0.031734
0.015559
-0.007526
0.027891
-0.022946
-0.023783
-0.005663
0.017686
0.121009
-0.021901
-0.013906
0.001535
-0.005239
0.058354
-0.025834
-0.031294
-0.056213
-0.043085
0.047107
0.004003
-0.034207
0.011842
0.018245
0.002165
-0.002199
0.063750
0.029051
0.038469
0.012795
0.066164
-0.002107
-0.038003
0.005176
-0.047282
-0.051874
-0.016063
0.029670
0.021483
-0.009085
0.018556
0.031522
0.008072
-0.038703
0.015654
0.098867
0.022075
0.002861
-0.022351
-0.081890
-0.030863
0.013592
-0.009777
-0.002752
0.022048
0.024101
-0.022643
0.046185
-0.008973
-0.005352
0.059585
-0.061375
0.023864
0.044547
-0.008028
0.039128
-0.031871
-0.064095
-0.068111
-0.002692
0.071747
-0.002378
0.112668
0.273638
0.039136
0.087576
0.015201
0.078482
-0.020311
0.034728
0.022472
-0.071012
0.001775
0.026384
-0.039006
-0.003687
-0.007893
0.025006
0.019999
0.000741
-0.001842
0.001307
-0.020388
-0.022938
-0.005167
-0.022043
-0.025819
-0.010418
0.010289
0.050516
0.017117
0.019146
-0.051298
0.011085
-0.006103
0.012700
0.120794
-0.079528
-0.014933
-0.006671
-0.010978
0.007960
0.036435
0.024007
-0.022798
-0.002029
-0.038096
-0.021924
0.028582
0.105814
-0.012007
-0.026693
0.005577
-0.041308
-0.053585
0.007298
-0.035995
-0.055004
-0.036224
-0.009324
-0.015038
-0.007272
0.007495
-0.005209
-0.002472
0.020320
-0.031907
0.125734
-0.012982
0.066581
-0.012866
0.112728
0.006565
0.009566
0.026527
0.091736
-0.043159
-0.014834
0.039873
-0.005980
-0.007135
0.042483
0.533041
-0.007545
-0.009022
0.000193
-0.026198
0.025716
-0.004786
0.148930
-0.014300
-0.002600
-0.017429
0.014527
0.016358
-0.010768
-0.002372
0.062475
0.158648
0.145810
0.078996
-0.022567
-0.046536
-0.010201
0.115886
-0.025033
0.014479
0.035175
0.052556
0.003961
0.317938
-0.022134
-0.003376
-0.051133
-0.026211
-0.001796
-0.028621
-0.002600
-0.047220
0.085486
0.000067
-0.034769
-0.008131
-0.017967
0.061939
0.058893
0.026983
0.041909
-0.025767
0.012447
0.029257
0.087642
-0.000724
-0.035524
-0.007892
-0.035983
-0.009873
0.037542
-0.016280
-0.014152
0.000711
-0.002201
0.042863
-0.009057
-0.021612
0.023034
-0.048777
-0.003309
0.067717
-0.001574
0.006234
-0.054111
-0.012478
0.015948
0.032716
-0.018706
-0.020954
-0.040720
-0.035703
-0.016656
-0.030994
-0.033304
-0.011931
-0.030839
0.061973
0.004304
-0.070795
-0.017742
0.004467
-0.027181
0.052394
-0.005218
0.031069
0.016771
0.035742
0.065783
-0.019863
-0.029103
-0.033992
0.042797
0.004912
-0.031236
0.076025
-0.011813
0.109797
0.018920
0.011790
-0.025869
-0.034016
0.029123
-0.021535
0.036117
0.032788
-0.010989
0.005554
0.020568
-0.028552
-0.051209
-0.002205
0.045948
-0.029288
-0.015573
0.126461
-0.008169
-0.003441
-0.002941
-0.018294
0.002625
0.004891
0.018659
-0.014684
0.028425
0.070956
-0.014339
0.023974
0.039419
-0.020701
-0.032164
0.066459
-0.080505
-0.029670
0.004632
-0.015306
-0.005755
-0.002483
-0.034756
-0.015927
-0.004701
0.034492
-0.013446
0.031498
-0.008590
0.023068
-0.057301
-0.029491
0.013071
0.012608
-0.015753
0.012316
-0.014439
-0.016490
-0.011344
0.005666
0.005614
0.001300
0.018784
0.025955
-0.024512
-0.066531
0.019664
0.001886
0.008697
-0.003680
0.010146
-0.027292
0.021789
0.003027
-0.010923
0.015466
-0.006710
0.000000
-0.011650
0.000447
-0.075043
-0.025797
-0.012268
-0.016268
0.021842
-0.015538
-0.003706
-0.009916
-0.047403
-0.038169
-0.034946
-0.004776
0.000000
0.522550
0.017218
-0.019821
0.000000
-0.032168
0.009979
0.006628
-0.022881
0.010449
-0.024418
0.024454
0.041705
-0.008992
0.038475
0.013591
-0.004290
-0.003139
-0.006447
-0.019226
0.005224
0.036460
-0.017430
0.030214
-0.032200
0.062716
0.095076
0.066303
0.040331
-0.063465
0.054074
-0.097212
0.012613
0.006067
0.006610
0.000212
-0.015417
-0.037814
-0.003025
0.056087
0.000243
-0.063196
-0.006883
-0.005868
0.002731
-0.013119
0.019071
0.056901
0.013121
-0.070436
0.007781
0.034933
0.031362
-0.008834
0.023927
0.035682
-0.002288
0.012843
-0.031268
0.020128
-0.033417
0.071032
0.014578
-0.058932
0.020456
-0.011158
-0.089773
0.010920
0.013443
0.011711
-0.003414
-0.027870
0.003433
0.030477
-0.015344
-0.045663
0.084066
0.023453
-0.005143
0.016429
0.016495
-0.012449
0.003471
0.016741
-0.033665
-0.003508
-0.006731
-0.009364
0.046983
0.016270
0.001266
0.003153
0.058316
-0.042296
-0.030128
0.009680
0.074520
-0.021984
0.015543
0.002710
-0.040027
-0.045335
0.021110
0.015595
-0.000144
0.008238
-0.024154
0.006887
0.496200
-0.008336
-0.028486
0.012219
-0.013124
0.001066
0.036349
-0.038788
-0.052405
-0.022897
-0.014369
-0.005747
0.068045
-0.002615
0.007358
0.035827
-0.026706
0.052476
0.042509
-0.032646
-0.009291
0.009803
-0.047402
-0.017842
0.003724
-0.001318
0.024506
-0.026208
0.017419
0.000559
-0.044532
-0.006024
-0.043303
0.038257
-0.020055
-0.030248
0.041863
-0.041332
-0.017828
-0.017132
-0.030738
0.016702
-0.017648
-0.040569
-0.177579
-0.011568
-0.049113
0.003148
-0.020661
0.077599
0.028536
0.043038
0.050445
-0.030694
-0.002350
-0.000699
-0.003555
-0.006204
0.047889
0.101314
-0.043438
-0.086077
-0.022748
0.014342
0.024724
-0.006570
0.098470
-0.002725
0.008898
0.045112
-0.055215
-0.015154
-0.022812
-0.042844
-0.021351
0.005781
0.030386
0.051440
-0.080368
-0.001362
-0.000642
-0.012784
0.031413
0.061954
0.057565
-0.017717
-0.027592
0.023502
-0.018914
0.032439
0.036064
0.034825
0.122203
-0.002406
0.008391
0.052629
-0.028595
0.076971
0.000535
-0.020195
0.018659
-0.005193
0.063291
0.021394
0.048817
0.003593
0.072818
0.011308
0.043642
-0.049733
-0.067301
0.017035
-0.000767
-0.066704
-0.013349
0.000104
0.025101
0.053807
0.088478
0.022054
0.002686
-0.033998
-0.028243
-0.015914
0.092134
0.060589
-0.015499
-0.069759
0.007930
0.044894
0.045171
0.067289
0.009044
-0.053967
-0.091271
-0.044453
-0.017801
-0.027776
0.006935
0.001700
-0.001256
0.023125
-0.015321
-0.065386
0.017622
0.049307
0.025027
0.074597
0.003150
-0.003094
0.049408
0.320389
0.102285
-0.003247
-0.037486
0.044336
0.123909
-0.037190
0.226545
0.021925
-0.056774
0.002615
-0.006323
-0.037137
0.003562
0.009690
-0.022347
0.021554
-0.005844
-0.059274
0.010552
0.000057
-0.001667
0.043733
-0.036635
0.044827
0.004635
-0.008180
-0.009967
-0.029609
0.000466
-0.015114
0.004823
-0.001892
-0.013195
0.031405
-0.020581
-0.021876
0.019595
-0.004121
-0.000156
0.004267
-0.042656
0.157609
0.024941
0.000000
0.000000
0.000000
0.023129
-0.032414
-0.020796
-0.017539
-0.012202
0.047097
-0.015318
-0.073982
-0.042047
0.043493
0.071938
-0.029340
-0.037558
0.044076
-0.001788
-0.000633
-0.005379
-0.009253
-0.012425
0.045161
-0.001728
0.010175
-0.027632
-0.009198
0.000000
-0.025083
-0.099887
0.003405
0.008433
-0.047647
0.085619
-0.000902
0.012110
0.087578
0.028649
0.004324
0.000000
-0.023127
0.060038
-0.031444
0.008575
0.001583
-0.048739
0.009233
0.064356
-0.027411
0.027248
0.001190
-0.018209
0.053911
-0.063937
0.012559
-0.102756
-0.014496
-0.003256
-0.021816
0.058565
0.033377
0.111876
0.096707
-0.033585
0.006475
0.004370
-0.030218
-0.058193
-0.003649
0.013429
0.003214
-0.056379
0.001398
-0.067860
0.035220
0.005474
-0.004294
-0.008457
0.000000
0.043538
0.000000
0.060099
-0.054531
0.010566
-0.018348
0.152038
-0.006601
-0.018755
-0.032276
-0.038755
-0.029506
-0.005207
0.026297
-0.015377
0.000000
0.023324
-0.050461
0.003095
0.018942
-0.035999
-0.016572
-0.002906
0.000000
0.006364
0.042754
0.004961
0.000271
-0.018798
0.022611
0.046835
0.006430
-0.004176
0.734985
0.027245
0.044125
0.023296
0.028601
0.058136
0.052848
0.003230
-0.020940
0.063047
-0.010830
-0.077596
0.086576
0.045146
0.000693
0.000000
0.017965
0.045080
-0.056838
0.111187
-0.008645
-0.003559
-0.023773
0.005200
0.026475
0.014017
0.395929
-0.011214
0.009802
-0.002329
-0.017147
0.000888
-0.002179
0.000000
0.000000
0.000000
0.016378
0.007157
0.030779
0.005732
-0.024530
0.005270
0.016634
-0.000470
0.030202
-0.007005
-0.001936
-0.002254
-0.010612
0.050496
0.047168
-0.029478
0.025242
0.161986
-0.023034
0.000073
0.006232
0.013259
0.073558
0.053903
-0.005432
0.023579
0.068722
-0.021691
-0.058326
-0.035731
-0.056464
0.019675
-0.002513
-0.026266
-0.031291
0.073552
0.016727
0.006992
-0.056906
-0.011676
-0.064349
0.040666
-0.007651
-0.049493
0.070566
-0.050691
-0.013476
-0.024175
-0.016484
0.003833
-0.152245
0.039558
-0.014485
0.057783
0.024785
-0.029814
0.037282
0.096268
0.253301
0.080879
-0.025009
-0.092075
-0.091170
0.021226
-0.033768
0.111006
-0.003610
0.048039
-0.010727
-0.003178
0.005035
0.050747
0.003596
0.063937
-0.001332
-0.024194
0.108467
0.056299
0.127805
-0.025499
-0.062331
0.068570
0.079463
-0.041281
-0.027726
-0.094870
-0.101045
-0.021506
-0.053288
0.011116
0.003253
0.094573
0.055742
0.010138
0.002388
-0.063485
0.007303
-0.052162
0.019566
-0.002146
0.042943
0.026255
-0.000901
0.010516
0.037205
-0.014160
-0.008794
0.011309
-0.001048
-0.006058
0.007993
0.008288
0.064575
0.078770
0.075867
0.065939
0.051314
0.026038
0.018846
0.002358
0.015348
0.077519
0.020953
0.123481
0.042243
0.021707
0.068714
-0.037351
-0.039816
0.028052
0.022025
0.039200
0.069371
-0.017227
0.004031
0.045920
-0.007938
0.064504
0.019856
-0.016168
-0.030525
0.002115
0.033418
-0.025005
-0.107598
0.035659
-0.037773
0.017083
-0.043401
-0.074780
-0.031058
-0.055486
0.037313
0.005022
0.035587
-0.016585
-0.023765
0.165254
0.025176
0.032023
0.000988
-0.070235
0.085430
0.028855
0.019560
-0.014666
-0.042115
0.028978
0.003645
-0.060414
0.022240
0.032646
0.066992
0.044582
0.110630
0.011953
0.027465
0.002246
0.026294
-0.037403
0.038201
0.070218
0.022364
0.041363
-0.019619
0.038422
0.004565
0.038412
0.076452
0.009326
0.052103
0.072885
0.057860
0.038933
0.039851
0.033050
0.036318
0.009046
0.012885
0.014762
-0.024439
-0.000045
0.021852
-0.006949
-0.009931
-0.013023
0.035814
-0.018377
-0.015560
-0.057336
0.015033
0.184765
-0.002759
-0.027435
0.005228
0.023715
0.055094
-0.004733
0.052977
0.032329
0.008594
0.080220
0.065659
-0.034917
0.015494
0.022254
-0.000953
0.014394
0.193536
0.009485
0.080747
0.107117
-0.026104
0.013817
-0.014948
0.015991
0.069744
0.016743
0.160844
0.059962
0.105982
-0.030886
0.142202
0.076444
0.007302
0.054233
0.005658
0.008440
0.071385
0.022457
0.017200
0.024814
0.025091
0.034400
-0.011534
0.077475
0.004610
-0.032877
0.000137
-0.003743
-0.012152
-0.014482
0.058433
-0.006755
-0.011960
-0.057318
0.073227
-0.075493
0.110267
0.003032
-0.004050
-0.003653
-0.015852
0.049701
0.190841
0.039213
0.050261
0.042939
0.158655
-0.035916
0.069990
-0.039742
-0.023313
0.075407
-0.002704
0.064729
0.034788
0.006184
0.066029
-0.044991
0.025042
-0.057555
-0.052208
-0.112505
0.216067
-0.032812
-0.083663
0.063192
0.001428
-0.042931
0.030896
-0.014278
-0.043527
-0.007578
0.012338
-0.037366
-0.000288
0.028859
-0.021053
0.046953
-0.090259
0.001868
-0.138834
0.179933
0.001093
0.054172
0.007921
0.033123
-0.018483
0.042985
0.013721
0.030141
-0.022214
0.059924
-0.000742
-0.007611
0.049166
-0.004443
-0.035351
-0.008703
-0.034198
0.003691
-0.009692
0.050895
-0.027341
0.089336
0.075803
0.043608
-0.048814
0.084668
-0.033386
-0.032093
-0.019860
0.038235
0.042571
-0.004917
-0.038699
-0.064217
0.015872
0.020158
-0.008658
0.054093
-0.017729
0.012051
0.001989
0.136122
-0.012361
0.035359
-0.042983
-0.015303
-0.071303
0.080721
0.059238
0.081823
0.085217
-0.028876
0.025806
0.038094
0.037266
0.026209
0.063024
-0.004368
0.076538
