-0.112111
-0.123272
-0.147089
-0.124490
-0.104852
-0.155713
-0.184899
-0.093180
0.141544
0.016852
0.030146
-0.005934
0.003261
0.008448
-0.030063
0.024874
-0.073135
-0.020687
-0.056544
0.022072
0.114404
-0.091745
-0.102552
0.011371
0.011949
-0.004296
0.007552
0.095321
0.057903
0.051964
-0.132243
-0.011571
-0.009067
-0.007783
0.032553
0.032758
0.009017
0.053158
0.055415
-0.132660
-0.127485
-0.100960
-0.138487
-0.188093
-0.022941
-0.043180
-0.022289
-0.023780
-0.144619
-0.202017
0.028788
0.167669
0.093861
0.024365
0.076103
0.050969
0.047118
0.026979
0.073006
0.099675
0.010882
0.073811
0.084677
0.028055
0.054952
0.016941
0.052033
0.024195
0.058986
-0.002483
0.026164
0.003496
0.000843
-0.020007
-0.028183
0.017072
0.015820
0.003478
-0.001008
-0.020997
0.166255
0.090713
-0.017782
0.058147
0.035234
0.011646
-0.025295
0.007491
0.016840
0.089937
0.002615
0.054006
0.004108
-0.004443
0.026983
0.036964
-0.021016
-0.051288
0.077057
-0.009037
0.039471
0.074429
-0.008976
-0.010641
0.040925
-0.008351
0.045883
0.042750
0.019931
0.008837
-0.006064
-0.015410
-0.061235
0.029882
0.013127
0.009847
0.648485
0.028717
0.016797
0.029396
-0.014886
0.046766
0.004405
0.079566
0.063444
0.107441
0.086253
0.026036
0.012083
-0.105192
0.038740
0.041891
0.015830
0.041246
0.045486
0.064635
0.067021
0.037601
0.062002
0.046735
0.014690
0.031437
0.068858
0.072235
-0.006297
-0.007161
0.035396
0.038327
0.043340
0.107693
0.104472
-0.055556
0.026069
0.038981
0.043929
0.028511
0.020368
0.001282
0.040712
0.060099
-0.000999
0.111540
-0.030830
0.080489
0.000000
0.000000
0.000000
-0.022806
0.041502
0.018452
0.133576
0.000000
0.000000
0.000000
0.000000
0.000000
0.002980
0.048586
0.072177
0.169521
0.040780
-0.001563
0.038292
0.248131
-0.026462
0.003046
0.048979
0.057720
-0.084604
0.093897
0.090616
0.035587
0.005915
0.124821
-0.044271
0.011381
-0.043589
0.262006
0.253198
-0.006498
-0.058220
-0.103257
-0.018380
-0.041693
-0.059007
0.027843
0.050590
-0.141059
0.000000
0.000000
-0.039323
-0.047649
0.021136
-0.214661
0.241191
0.293476
0.210328
0.000000
0.000000
0.000000
0.000000
0.000000
0.000000
0.000000
0.040093
0.068719
-0.007543
0.051838
0.020889
0.064144
0.124517
0.040024
0.036027
-0.057801
0.006204
-0.012523
0.018117
0.056841
0.048833
0.032048
0.062726
0.082845
0.020639
0.034152
0.021069
0.084937
0.058935
0.038859
-0.008270
0.041065
0.032419
0.043035
0.076739
0.051236
0.090432
0.146712
-0.004185
0.004151
-0.031391
-0.077430
0.016365
0.089429
0.011431
0.041479
0.059108
0.038984
0.053305
0.044082
0.049402
0.034050
0.084297
0.037093
0.179226
0.019680
0.119885
0.068509
0.048109
-0.017448
0.065462
0.115845
0.053205
0.015607
0.040478
0.036504
0.005698
0.008536
0.022666
0.042860
0.083762
0.052254
0.063244
0.037693
0.040319
0.051581
0.031426
0.035450
0.081857
-0.006464
0.022917
0.014807
0.063913
0.095242
0.097632
0.032435
0.007281
0.010462
0.048308
0.127531
0.044076
0.017165
0.122057
0.077765
0.000343
0.079765
0.034489
0.117560
0.134312
0.023370
0.031629
0.009126
0.058219
0.017733
0.056142
0.057653
0.001534
0.125876
0.059088
0.036673
0.010669
-0.013494
0.084931
0.046249
0.008829
0.085265
0.066584
0.061132
0.012471
0.052984
0.027276
0.019082
0.032304
0.047293
-0.021969
0.009856
0.024910
0.022438
0.004468
0.025011
0.117262
-0.125243
0.034770
0.029351
-0.007974
0.145118
-0.008257
0.075558
0.088678
0.051871
0.074052
0.013495
0.011261
0.018132
0.064836
0.036727
-0.027953
0.003075
0.041061
0.061788
0.050574
0.039179
-0.028968
-0.052164
-0.007635
0.114660
0.093025
0.070840
0.047837
0.046452
0.033969
-0.014466
-0.011724
0.029660
0.120039
0.120878
0.051650
0.005330
0.012089
0.035084
0.107765
-0.045326
0.069682
0.048898
0.092530
0.038276
0.033797
-0.001498
0.101138
-0.014262
0.081544
0.023510
0.075496
0.039341
0.046347
0.000000
-0.039743
0.010209
0.011949
0.057417
0.035169
0.123083
0.010423
0.071930
0.030869
0.105788
0.076628
-0.005447
0.038757
0.045106
0.033905
-0.001949
0.066175
0.005308
0.002746
0.154722
-0.058369
-0.045269
-0.027775
0.144889
0.016868
0.091303
0.261068
-0.025508
0.000613
0.042110
0.009513
0.095760
0.028352
0.047307
0.111344
0.063031
0.021808
0.065594
-0.006515
-0.013696
0.055408
0.023817
-0.019013
0.006028
0.063863
0.009655
0.075881
0.046175
0.003624
0.023226
-0.065258
0.006057
0.010712
0.117320
0.048478
0.029828
0.048854
-0.008801
0.027940
0.049998
0.062926
0.063226
0.022749
0.067300
0.171186
0.045673
0.032293
0.108097
0.040090
-0.071014
0.004640
-0.009124
0.030289
0.053488
-0.017692
0.136196
0.034298
-0.063531
0.038322
0.051748
0.001204
-0.034021
0.100735
0.021996
0.008494
0.133503
0.038818
-0.026208
-0.075209
0.054871
0.087862
-0.006269
-0.064148
0.002607
0.019735
0.017765
0.060942
-0.080154
0.060284
-0.015560
0.025195
0.108569
-0.009798
0.048688
-0.021447
0.030862
0.016521
0.079337
-0.008624
0.011950
-0.001916
0.075763
0.027465
-0.029313
0.060355
0.054458
-0.001155
-0.005199
0.069474
0.023398
0.016874
-0.014399
0.026392
-0.000448
0.079346
-0.009268
0.096345
0.047039
0.075472
-0.019010
-0.066466
0.016290
0.004263
0.041534
0.070515
0.021892
0.053912
0.030038
0.080305
0.071603
-0.160892
0.088422
0.104700
0.017131
0.166866
0.029637
-0.020871
0.021388
0.137019
0.058252
0.060505
-0.005929
0.080123
-0.001501
0.027626
0.026016
-0.032714
-0.000546
0.039104
-0.031652
0.199600
0.119928
0.109968
0.111443
-0.024852
-0.064847
-0.000202
-0.041257
0.007363
0.079833
0.086475
-0.009652
0.038182
0.107696
0.003420
0.091408
-0.056037
-0.040015
-0.002414
0.057121
0.044543
0.095888
0.014956
0.016628
0.054268
0.034371
0.053149
0.035782
0.060273
-0.010619
0.009571
0.017533
0.098012
0.059330
0.027651
0.024167
0.117334
0.044211
-0.016633
-0.145672
0.023988
0.038567
0.047351
0.039943
0.028634
0.036714
0.120423
0.055811
0.040639
0.012078
-0.057349
-0.007855
0.089243
0.060493
-0.052146
0.066927
0.071063
0.111030
0.039899
0.073443
0.014119
0.025468
0.039826
0.086749
0.039749
0.007801
-0.017111
-0.007848
-0.007650
-0.002644
-0.022656
0.053522
0.164004
-0.015216
0.017313
0.004307
0.073609
0.063476
0.089467
0.022172
0.090813
0.155916
0.129320
-0.007289
-0.009967
0.032323
0.038613
0.161687
0.070494
-0.033605
-0.037835
0.056181
-0.063783
0.039302
0.001040
-0.014140
-0.055225
0.036377
0.109547
0.049721
0.122538
0.034497
-0.020815
0.201261
-0.011278
0.031420
-0.066019
-0.068732
0.013524
-0.014582
-0.005838
0.039219
0.055701
0.028485
0.033873
0.046312
0.075209
0.059501
0.007130
0.005187
-0.021004
-0.089720
0.037605
0.117871
0.036386
0.059244
0.004059
-0.004941
0.067752
0.014189
-0.005900
0.049176
0.060865
0.076481
0.019718
0.056026
0.112109
0.005542
0.071129
0.079432
0.061879
0.055570
0.141103
-0.037559
0.068181
-0.011044
0.016549
0.001314
0.127954
0.060469
0.052587
0.001348
0.000000
0.008642
0.014490
-0.014385
-0.065964
0.083642
0.091437
-0.093304
0.030395
0.083126
0.077176
0.008157
0.070612
0.025566
0.015633
0.067054
0.030506
0.000700
0.012297
0.312072
0.083435
0.015083
0.049214
0.161300
0.168452
0.002752
0.083339
-0.044254
-0.001545
-0.012981
0.045856
0.072060
0.062996
0.055630
0.066400
-0.085789
-0.022754
-0.000080
0.025624
0.065689
-0.029540
-0.017090
-0.102339
0.015353
0.067651
0.046877
0.065737
0.007831
0.003855
0.086264
0.031308
-0.006935
0.016667
0.127675
0.010167
0.045141
0.053762
-0.098809
-0.008440
0.067601
0.039144
-0.007179
0.054664
0.006440
0.089229
0.062931
0.034257
0.046504
-0.040465
0.081409
0.012223
0.044987
0.043946
0.001089
0.009094
0.018116
-0.000164
0.036816
0.021792
-0.002216
0.065560
-0.012251
0.026714
0.021643
0.028586
-0.001051
-0.005919
-0.017418
0.049706
-0.106355
0.004468
0.041444
0.061679
0.000000
-0.009562
-0.080774
0.100544
0.044858
0.021148
0.099394
0.051643
0.003657
0.001940
0.030119
0.139372
-0.014633
0.035395
0.019724
0.002111
-0.009768
0.030617
0.091940
0.090478
0.066510
0.031427
0.095723
-0.010300
0.043976
0.019293
0.023298
0.072200
-0.024771
-0.019979
0.067451
0.028280
0.009017
0.058851
0.045606
0.056976
0.030114
-0.028464
0.023751
-0.041127
0.056563
0.027520
0.175725
0.014037
0.061191
0.005863
-0.002941
0.044997
0.020339
0.075145
-0.040666
0.062384
0.039504
0.073141
0.050489
0.016868
-0.023162
0.111918
-0.017675
0.240601
0.039555
0.060168
0.055257
0.040109
0.012566
0.072062
0.042375
0.076746
0.014962
0.147836
0.012884
0.255654
0.006593
0.020807
0.092899
0.071424
0.047379
0.029953
0.015276
0.065495
-0.000656
-0.022024
0.074697
0.064844
0.083688
0.004609
0.057674
0.143867
-0.045573
0.019082
-0.076259
0.103112
-0.038496
0.088462
0.009198
-0.018642
0.074178
0.094772
0.059962
0.046894
0.040217
-0.008645
-0.008733
0.064187
0.023231
0.077396
0.007482
0.025445
0.052223
0.076502
0.029561
0.049913
0.116387
0.008529
0.051495
0.101345
-0.023948
0.063675
0.086930
0.077712
0.095091
-0.002475
0.136455
0.018106
0.093194
0.070629
0.080926
0.130109
0.030459
0.063640
0.206429
0.061877
0.021432
0.024320
0.067919
0.048571
0.136898
0.004938
0.054303
0.105823
0.012651
0.119014
0.033766
0.067885
0.003656
-0.021294
0.019751
-0.003474
-0.086079
0.083851
0.057350
0.034151
-0.031587
0.037730
-0.075297
-0.000184
0.135707
0.042281
-0.077889
0.009627
0.014407
0.042785
0.144144
-0.052876
0.029387
0.051596
0.011736
0.099122
0.127439
0.029539
0.055582
0.024675
0.127229
0.064596
0.102283
0.004716
0.044378
0.041287
0.001949
0.092027
-0.032671
0.074022
0.080158
0.010540
0.042743
0.010499
0.033919
0.090383
0.032472
0.052119
0.007386
-0.038489
0.029111
0.001047
0.013831
0.006871
0.039643
0.086618
0.015769
-0.003484
0.012895
-0.020602
-0.045525
0.076136
0.040280
0.067307
0.030207
0.156697
0.106725
0.036144
0.029655
-0.024568
0.019972
0.008416
0.064830
-0.033767
0.047575
0.061459
0.062050
0.091444
-0.039375
0.048031
0.001141
-0.054110
-0.021227
0.076105
0.126194
-0.029994
0.067581
-0.011982
0.010159
0.069905
0.032567
0.049180
0.106504
-0.007441
-0.103288
-0.119819
0.009160
0.057407
0.050783
0.017509
0.019064
0.086013
0.024775
0.043588
0.071047
0.032529
0.057693
-0.014928
-0.058460
0.008450
0.090577
0.095555
0.087936
0.162769
0.000938
-0.086803
0.072352
0.014131
0.082294
-0.014331
0.027957
-0.027113
-0.022619
-0.061792
0.063642
0.184191
-0.045737
0.002074
0.041037
0.066015
0.057546
0.056438
0.037956
-0.026417
0.080055
0.042469
0.030781
0.015591
0.049942
0.097254
-0.034826
0.105245
0.068319
-0.002865
-0.022426
-0.015293
0.071180
0.080293
-0.053730
0.090365
0.058533
0.006082
0.095315
0.003996
0.070775
0.127600
0.059216
0.141701
-0.060017
-0.012178
0.039481
0.006335
-0.122836
0.035202
0.073351
0.052820
0.045414
0.140537
0.016320
0.146003
0.031360
-0.028419
-0.016409
0.108613
0.113991
-0.068106
0.008476
-0.045470
0.053720
0.111744
0.035948
-0.041352
-0.036034
0.094979
0.004735
0.153659
0.039890
-0.056910
0.014985
0.041936
0.000000
0.025339
-0.007355
0.007287
0.015637
0.010262
0.025627
0.073915
0.148182
0.062649
-0.057270
0.003799
0.001858
0.064653
-0.066481
0.004777
0.122902
-0.010093
0.039593
0.007004
0.083151
0.118802
0.130509
0.101303
0.027673
0.032596
0.122960
-0.013509
0.069461
0.103220
-0.039731
0.028141
0.000796
-0.027194
0.000000
0.035369
0.063166
0.012676
0.018468
0.030410
0.133197
0.016044
0.148921
0.016280
0.038178
0.000000
0.016757
0.016370
0.135732
0.047003
0.043118
0.093082
0.058231
-0.021806
0.010790
0.000000
-0.015493
-0.046642
0.060238
-0.055922
0.030923
0.030161
0.067012
0.129190
-0.043011
0.082057
0.043596
-0.058006
0.025063
0.269881
-0.040820
0.002544
0.045565
-0.048863
0.035720
-0.027307
0.034752
0.072654
0.115631
0.054391
0.021216
0.001483
-0.006237
0.119817
0.049942
0.082634
0.010473
-0.034705
0.053465
0.135840
-0.046151
0.022705
0.088559
0.104691
0.112464
0.062422
0.052476
0.024267
0.084897
-0.024599
0.005844
0.119454
0.083918
0.002148
0.070299
0.091241
0.010075
0.068769
0.033286
0.175764
0.023842
-0.008810
0.047633
0.048058
0.077901
-0.005244
0.055218
0.127806
0.093803
0.070574
0.133803
0.114034
0.058420
0.053729
0.038378
-0.007067
0.048033
0.233856
-0.078520
0.008609
0.025475
0.017033
0.034024
0.024356
-0.000081
0.085169
0.093796
0.047197
0.093791
-0.005989
0.127064
-0.006026
0.048878
-0.002480
0.011355
0.058383
0.035376
0.069952
0.112611
0.073189
0.056745
-0.001922
0.057491
0.029074
0.014393
0.148715
0.133351
0.003664
0.006365
-0.018760
0.015031
0.014863
0.069997
0.016868
0.039078
-0.041964
0.140549
0.060841
0.103819
0.080501
0.023823
0.024325
0.071818
0.060640
0.083690
0.034868
0.042267
0.028126
0.058387
-0.033302
0.036568
0.060482
-0.034878
0.084554
0.047093
0.020806
0.117605
-0.024179
0.050917
-0.005352
0.043435
-0.070759
0.015660
-0.026859
0.044109
0.069102
0.078169
0.053908
0.001098
0.018808
0.087871
-0.005285
0.026524
0.033372
0.076732
0.076816
0.074497
-0.025984
0.050352
-0.032998
0.060789
0.120925
0.065057
0.090800
-0.022759
-0.027654
0.044532
0.286508
0.205842
-0.003668
-0.008602
0.043308
0.172678
0.062717
0.167636
0.119208
-0.017463
0.024900
0.070543
-0.003936
0.042961
0.001731
-0.007650
0.054581
0.086983
0.006129
0.049792
0.028068
0.093438
0.078574
0.092525
0.091475
0.100521
0.003046
0.054178
-0.049957
0.021496
0.014836
0.004695
0.038636
0.068303
0.011808
-0.020772
0.050011
0.097082
0.060744
0.022840
0.121130
0.085522
0.029598
0.119121
0.049001
0.055656
0.045585
0.069204
0.040223
0.061288
0.119567
-0.029442
-0.035311
0.077990
0.053032
-0.004398
0.010855
0.029236
0.099575
0.046551
0.065771
-0.033144
0.058308
0.032269
0.023248
0.017385
0.139100
0.019313
-0.001162
-0.004005
0.023351
-0.020417
0.064148
0.045690
0.033299
0.136655
0.046350
0.045059
0.086419
0.035525
-0.001258
0.033441
0.018603
0.016601
0.011538
-0.011403
-0.008613
0.030905
0.039076
0.045956
0.009192
0.014792
0.004613
-0.009559
-0.016199
0.024023
-0.011137
-0.008815
0.061627
0.016476
0.061465
-0.026540
-0.045444
0.066422
0.030508
0.029686
0.037218
0.137970
0.000991
-0.004536
0.073310
0.060267
0.069361
0.081171
-0.005843
0.089320
0.031170
0.044307
-0.013999
0.014618
0.048684
0.097199
0.036948
0.029811
0.029957
0.072979
0.044236
0.003052
0.051859
-0.016037
0.030315
0.007219
0.043158
0.033638
0.106704
0.051488
0.096088
-0.014237
0.000846
-0.021538
-0.001653
0.042399
0.032437
-0.032386
0.060316
-0.069489
-0.013518
0.015010
-0.047447
0.022092
-0.013803
0.020059
-0.110360
-0.000042
0.037241
0.070407
0.034521
0.067976
0.069144
0.016332
-0.040510
0.119450
0.108677
0.053015
0.093169
0.078975
-0.000012
0.007982
0.053616
0.027855
0.067594
0.040039
0.024828
0.048880
0.032938
0.069658
0.008170
0.036149
0.036276
-0.027994
0.001789
0.058569
0.112401
0.023126
-0.040020
-0.013404
0.116695
0.067781
0.134451
0.139729
-0.035120
0.048515
0.003414
0.067797
0.022283
0.026696
0.005113
-0.038725
0.083352
0.043877
0.067691
-0.000534
-0.005556
0.035717
0.030468
0.049008
0.052528
0.061229
0.007808
0.053617
0.083723
0.032109
0.041459
0.013284
0.058496
-0.075614
0.068706
0.062998
0.014608
-0.054515
0.019822
-0.056726
0.051704
-0.020089
0.076699
0.011720
-0.025601
-0.035420
0.021414
0.145681
0.094580
0.060617
0.037722
0.077559
0.045679
0.126666
0.029220
0.040701
0.030618
0.030778
-0.009200
0.009699
-0.024415
0.105445
0.022796
0.069655
-0.049943
0.019152
0.054351
0.094875
0.059012
0.035206
0.035027
-0.020218
0.062720
0.043659
0.054082
-0.002619
0.055659
-0.028539
0.025607
0.051218
0.050261
0.064253
0.012374
0.040951
0.022779
0.015963
-0.162212
0.174348
0.033349
0.071778
0.086187
-0.035430
0.015569
-0.006202
-0.019574
-0.011468
0.004086
0.003293
0.034405
0.036598
0.031210
0.006833
-0.023417
0.001649
0.103077
0.081038
0.233251
0.056100
-0.011794
0.061788
0.000717
0.008525
0.000000
0.003755
-0.003897
0.086328
-0.012551
0.066152
0.010489
0.020099
0.029548
0.025098
0.004741
0.013515
-0.009657
0.048757
0.102965
0.000394
0.021086
0.015642
0.047344
-0.019510
-0.008838
0.040972
0.427099
-0.028997
0.025060
0.014196
0.067037
0.107391
0.052667
-0.025790
0.081382
-0.008764
0.053439
0.021882
0.057658
0.054995
0.013585
0.129387
-0.011141
0.021930
0.035195
0.006408
0.041372
0.053190
0.071525
-0.010460
0.048511
0.017012
0.075535
0.036686
0.012838
0.050463
0.044331
0.046540
0.098510
-0.006166
0.023372
0.056645
0.041673
0.054621
-0.039687
0.044015
0.060277
-0.018752
0.031387
-0.022896
0.018785
0.059783
0.078424
-0.054959
-0.017905
0.003336
0.013699
0.122280
0.008772
-0.015122
0.003142
0.041784
0.045403
0.126883
-0.002742
0.046832
-0.074198
0.006907
0.053174
0.080837
0.068443
0.014982
0.041706
0.016181
0.019522
-0.009658
0.091417
0.059070
-0.016946
0.021229
0.034729
0.043892
0.019154
0.109869
0.025128
0.000000
0.016771
0.064662
0.013014
0.021601
-0.022682
0.028093
0.000000
0.011925
0.048079
0.139225
0.023443
0.042755
0.009790
0.063022
0.042518
-0.010263
0.049968
0.030553
0.015492
-0.007546
0.037336
-0.015072
0.001857
0.001188
0.020194
0.069937
0.056674
0.013779
0.005993
-0.033407
0.055014
0.028180
0.011352
0.005362
0.045016
0.033537
0.036328
-0.020407
0.056971
0.090572
0.008825
0.060311
0.059798
-0.031490
0.018687
0.016149
0.033131
0.072269
0.108012
0.054361
0.137181
0.012158
0.038823
-0.088913
0.031133
0.108160
0.034410
0.046678
-0.002109
0.069032
-0.001668
0.091699
0.130890
0.039701
0.085647
-0.066642
0.040719
0.089963
0.010347
-0.017531
0.012372
-0.001585
-0.019755
0.074264
0.087827
0.021783
0.021174
0.014916
0.015352
-0.047002
0.078674
0.030379
0.022158
0.059145
0.094319
0.044793
0.014387
0.027035
0.007045
-0.022692
-0.048223
-0.063284
0.053410
0.028489
0.046025
0.029743
-0.037147
0.051836
-0.020869
0.006657
0.108126
0.180592
0.011965
0.035110
-0.100988
0.053663
0.061607
0.118117
0.031312
0.145693
0.051511
0.045088
-0.021945
-0.042686
0.070038
0.057698
0.009893
0.019536
0.022185
0.050644
0.051321
0.006777
0.049804
0.000000
0.000000
0.000000
0.000000
0.056131
-0.020939
0.147745
-0.043283
0.055213
0.050965
0.023268
0.086613
0.083414
0.037323
-0.067126
-0.025125
0.091707
0.098946
-0.065155
0.122700
0.051084
-0.055994
-0.005957
0.038372
-0.067087
-0.053725
0.036920
0.022101
-0.025137
-0.020972
0.093762
0.092715
0.013776
0.016904
0.031963
0.089665
0.075897
0.049015
0.044091
-0.117030
0.250730
0.121199
0.035837
0.060426
0.036013
0.011409
-0.015695
0.082603
0.019342
-0.004046
-0.049267
0.115935
0.033530
0.051700
0.044438
0.086828
0.028714
-0.048222
0.023676
0.024337
0.045269
0.065248
0.118067
-0.031248
0.040797
-0.019172
0.000943
0.072972
0.067589
-0.059956
0.162168
0.093951
0.048557
0.116842
0.101601
0.075410
0.010752
0.084254
0.089775
0.070382
0.112477
0.040047
-0.033525
0.026201
0.035717
0.106087
0.018007
0.073547
0.076542
0.060192
0.068363
0.050265
0.035598
0.064720
-0.015209
0.013975
0.088861
0.105576
0.067842
0.142062
0.034453
0.024164
-0.094767
0.096866
0.025749
0.104937
0.046439
-0.023977
0.024263
0.207639
0.143727
0.074462
0.113694
0.037159
0.072874
-0.009685
-0.018743
0.067624
0.070204
0.000000
0.036372
0.043360
0.042873
0.000000
0.031611
-0.013901
0.042291
0.044701
-0.024674
0.182972
0.077626
0.015184
0.108601
0.048092
0.166191
-0.079189
0.049869
0.041545
-0.068945
0.013910
0.036669
0.070820
0.017540
0.016721
0.053350
0.058241
0.037319
0.041147
-0.035592
0.015582
0.165958
-0.030272
0.036623
0.082790
0.007431
0.035326
0.064208
0.060491
0.015985
0.042756
0.191853
-0.001017
-0.056690
0.085034
0.021573
0.036556
0.170128
0.052429
-0.165253
0.018728
0.067071
0.100881
0.145368
0.029164
0.043720
0.066276
0.043161
0.028014
0.029331
0.073507
0.011847
-0.029308
0.010094
0.024457
-0.001811
0.017258
0.054386
-0.054606
0.136540
0.031774
-0.015114
0.084837
0.007094
0.013107
-0.054861
-0.026921
-0.034063
-0.063361
0.066958
-0.074610
0.058236
0.016231
-0.062778
-0.002188
-0.007341
0.127505
0.041745
0.086825
0.001386
0.026741
-0.072803
0.024695
-0.081276
0.080903
0.018436
0.037435
0.043916
0.055081
0.008726
0.040107
0.008002
0.009809
-0.083666
-0.007971
-0.000133
0.012271
0.009135
0.106435
0.042953
0.058532
0.103018
0.020713
0.069274
0.054248
0.031317
0.056333
0.120496
0.013616
0.048733
-0.020049
-0.034886
-0.014977
0.060788
0.081373
0.148726
0.104302
0.052274
0.127732
-0.087715
0.001900
0.048475
-0.048614
0.016358
0.000213
0.080824
0.055593
0.119037
0.010102
0.040762
0.098533
0.060628
0.044748
-0.002814
0.027384
0.125103
0.092440
0.056927
0.066883
0.130171
0.042875
-0.043188
0.072662
-0.063804
0.038039
-0.034398
0.003365
0.072733
0.125867
0.014118
0.000000
0.003257
0.014305
0.018844
-0.011713
-0.057172
-0.063727
-0.052684
0.014396
0.110491
0.097001
0.070232
0.015573
0.081031
0.005048
0.064185
0.048766
0.142701
0.013728
0.000000
0.114089
0.071137
-0.054292
0.057886
0.028060
0.114145
0.008029
-0.060367
-0.015381
0.049586
0.066634
0.022872
0.002634
-0.043764
-0.024465
0.192854
0.019215
0.020637
-0.023277
0.051161
0.062304
0.057946
0.092620
0.058863
0.003546
-0.013298
0.151354
0.009885
0.008365
0.026197
0.088815
0.113313
0.057693
-0.011200
0.000000
0.070243
0.000243
0.024160
0.054907
0.020106
0.099443
0.034615
0.115177
0.042835
-0.078080
-0.044817
-0.035464
0.023144
0.029261
0.048898
-0.004984
0.002260
0.084945
0.049377
0.072407
0.071302
-0.019174
-0.086790
0.039224
0.024699
-0.100649
-0.005947
0.034104
0.059723
0.108455
0.019374
0.037393
-0.009433
0.032204
0.084310
0.034176
0.047151
-0.010376
-0.055149
-0.028414
0.035870
0.018733
0.005349
0.041735
0.042506
0.001215
-0.011206
0.100209
0.153107
0.096791
-0.020081
0.023328
-0.005688
-0.013673
0.059558
0.028976
0.022122
0.035815
0.058396
0.015267
0.068195
0.087717
0.105739
-0.059170
0.032792
0.027596
0.124215
0.072276
0.034268
0.015548
0.024799
0.061223
0.048323
-0.038853
0.063968
0.015331
-0.018942
0.016232
0.011095
0.011636
0.049062
-0.020103
0.037825
0.023425
0.025809
0.089475
0.088247
-0.055554
-0.061085
0.098574
0.066788
0.072720
-0.003490
0.060362
0.047575
0.061846
-0.073098
0.060831
0.118585
-0.036882
-0.029453
0.009150
0.064179
-0.050174
0.075572
0.005211
0.018134
0.034183
0.000718
0.282027
0.049939
0.066218
0.005286
0.096805
-0.052793
0.143267
0.090195
0.056799
0.063837
0.125394
0.046493
-0.039557
0.034993
-0.041025
0.024444
0.025738
0.056588
0.075175
0.074853
0.124819
0.056849
-0.015750
0.013080
0.061304
0.024201
0.147348
-0.003592
0.048479
0.023816
0.008397
0.008730
-0.086188
0.060291
0.046017
-0.059854
0.021615
0.104068
0.010776
0.034118
0.017348
0.000000
0.041964
-0.050578
0.008965
-0.015677
0.005600
-0.012634
-0.015787
0.037117
-0.006487
-0.088506
0.077639
-0.001017
0.052508
0.080935
-0.042975
0.074751
-0.028764
0.007825
-0.034259
0.101184
-0.020908
0.059659
0.010878
0.085109
0.061683
-0.019622
0.039919
0.012418
0.114658
0.039271
0.009015
0.052764
0.030035
0.019108
-0.058681
0.010814
0.014253
0.029181
-0.009138
0.034261
-0.052998
0.021473
0.000119
-0.046669
-0.013515
-0.052281
0.064558
0.081584
-0.074161
-0.032196
-0.045862
0.083449
0.010187
0.064798
0.019504
0.071358
0.092420
0.014348
-0.008744
-0.069705
0.006669
0.129819
0.033538
-0.030063
0.021693
-0.038479
0.030290
0.004351
0.048348
0.006470
-0.002450
0.134166
0.098869
0.024971
-0.017057
0.019998
0.017948
-0.006005
0.026289
0.012065
0.004650
0.090737
0.033981
0.029892
0.009279
-0.033314
0.031170
0.034922
0.018390
-0.002956
0.029953
0.112645
0.003403
0.096184
0.032683
0.066299
-0.054133
0.034964
-0.008721
0.101464
0.038125
0.084409
-0.031748
0.004551
0.034828
0.059237
0.011895
0.065071
0.325850
0.451968
0.090289
0.025587
0.124837
0.008373
0.133629
0.022523
0.017925
0.049993
0.015266
0.061714
0.077094
0.053140
0.024557
0.097541
0.037014
-0.019862
-0.046705
0.033259
0.020525
0.008879
0.013219
-0.064261
0.069713
-0.005066
-0.030066
0.081192
0.005781
-0.076195
0.028571
-0.003160
0.062071
0.022465
0.006826
0.011775
0.087051
0.026153
0.062682
0.039769
0.094727
0.053548
0.022875
0.039526
0.053933
0.040542
-0.009040
0.009644
-0.064114
0.041479
0.003229
0.052453
0.093375
0.085478
0.025353
0.014192
0.167954
0.054235
0.030550
0.085263
0.002523
0.097060
0.099268
0.155078
-0.044753
-0.032683
0.003611
0.079946
0.057965
-0.016956
0.043333
0.017990
0.023284
0.018571
0.125689
-0.006517
-0.032716
-0.030555
0.000000
0.014796
0.062082
0.064388
0.061047
0.060148
0.111194
-0.019907
-0.079700
0.020083
0.020728
0.052874
-0.002762
0.069827
0.052510
-0.002026
0.078735
0.027188
0.073207
-0.042341
-0.015060
0.059622
0.096904
0.051116
0.022359
0.005117
0.064559
0.006053
0.057429
0.061326
0.171246
0.095683
0.131817
0.077748
0.042452
-0.024188
0.045092
0.008466
0.034203
0.044051
0.008585
-0.080172
0.065664
0.041264
0.020430
0.039603
0.004541
0.078596
0.041450
0.032511
0.050645
0.074778
0.067538
0.121543
0.077938
0.038858
0.037888
0.029435
0.021909
0.068659
0.101147
0.189223
0.039373
0.074999
0.064779
0.054458
0.042014
0.016836
0.026609
0.024039
-0.001484
-0.003877
0.023645
-0.015629
-0.059920
-0.000415
0.012352
-0.038872
0.024853
0.077960
0.028827
-0.059124
0.038959
0.036504
0.023988
0.029854
-0.021668
0.074081
0.033602
0.053047
0.051719
0.149692
0.089163
0.068643
0.060678
-0.020882
0.069953
0.085225
-0.066673
-0.028838
0.004799
0.014190
0.072226
0.025290
0.057487
0.161642
0.021479
0.049472
0.060046
0.070054
0.084822
0.100320
0.006365
0.104176
-0.013753
-0.012944
0.001513
0.040697
0.074138
0.221648
0.019824
0.034258
0.018419
0.040654
0.020239
0.044096
0.067369
-0.019967
0.026462
0.032214
0.059334
0.053736
0.027267
0.154858
0.193622
0.239920
0.016609
0.106853
0.157875
0.037194
0.000214
0.103085
0.019033
0.010312
0.031769
0.073231
0.053386
0.012266
0.154099
0.019059
-0.015402
-0.032255
-0.015278
0.099712
0.093566
-0.014819
0.060184
0.034662
-0.012688
0.006760
0.009405
0.150855
0.069817
0.011486
0.044226
0.054761
0.070746
0.130001
0.082064
0.026973
-0.086278
0.038165
0.096670
0.073619
0.014624
0.022333
0.004275
0.077829
0.003221
0.043099
0.032035
0.034437
0.061578
-0.006718
-0.046878
0.007920
0.018756
0.077813
0.004569
-0.013307
0.041819
-0.002827
0.148042
0.055799
0.000000
0.101748
0.043235
0.025932
0.034725
0.102820
0.032986
0.023488
0.075442
-0.046653
0.065414
0.006634
-0.021460
-0.012358
-0.059709
0.003899
0.285571
0.025857
0.037086
0.024301
0.038396
0.149899
-0.057929
-0.018858
-0.027776
0.008452
0.029073
0.062615
0.159317
-0.032641
-0.019277
0.070866
0.051990
0.046001
0.030187
0.082895
0.027969
0.108204
0.084537
0.098413
-0.050790
0.061895
0.041001
0.081175
0.042291
0.012286
-0.049798
-0.005467
0.011879
-0.037408
0.073338
0.125045
0.027327
0.032708
0.049873
0.039755
0.037694
-0.016518
0.049518
0.061607
-0.007462
-0.039936
0.058067
-0.011179
0.025015
-0.021585
0.041484
0.047194
0.024817
0.048450
0.046195
0.020707
-0.025298
0.063205
0.092787
-0.088548
0.000403
0.046543
0.044481
0.016102
0.003351
0.093654
0.101163
0.040338
0.030460
-0.016578
0.027473
0.029011
-0.069333
-0.033493
0.007219
0.038739
0.119753
0.052245
0.008942
0.069930
0.053661
0.002928
0.119151
0.078757
0.111079
0.015781
0.089229
0.085357
0.011986
-0.007973
0.041544
0.033672
0.067528
-0.055849
0.077011
0.013093
0.049617
0.074812
0.072898
0.112680
-0.015929
0.081167
-0.105596
0.065589
0.064852
0.122210
-0.001222
0.010504
0.017726
0.176392
0.041133
0.070623
0.052935
-0.030938
0.022546
0.062989
0.078058
0.113901
0.126167
0.071626
0.122616
-0.047516
0.014272
0.047038
0.073330
-0.011387
-0.012149
-0.027020
0.068068
-0.020445
-0.016852
0.052094
0.005033
0.045793
0.079050
0.095488
0.072374
0.006451
-0.105274
0.080167
0.005518
0.037825
0.056351
0.055582
0.062506
0.021142
0.088887
-0.052332
0.037083
0.081905
0.077133
0.005186
-0.001490
0.064977
0.054001
0.026531
0.075758
0.110492
0.068465
0.042839
0.063626
-0.029386
-0.057697
-0.061546
0.014386
-0.035496
0.096238
0.047729
0.011750
0.159464
0.051812
0.024262
0.161322
0.056186
0.032448
0.106416
-0.065071
0.056957
0.096893
0.150327
0.061350
0.050460
0.048158
0.050448
0.109511
0.016335
-0.042010
-0.010770
-0.053759
0.047448
0.115345
0.036848
0.065293
0.099909
0.069865
0.285856
0.127039
0.004194
0.120840
0.014692
-0.004244
-0.042721
0.048465
0.143609
0.014375
-0.022590
-0.012162
-0.020007
0.058385
-0.041430
0.031552
-0.010470
0.070770
0.040553
0.061978
0.057577
0.080995
-0.003574
0.102237
0.086717
0.139623
0.024452
0.022008
0.104038
0.026738
0.072011
0.072814
0.010368
-0.054394
-0.022962
-0.010752
-0.097443
0.069107
0.051461
0.116127
0.037693
0.149057
0.001150
0.119649
0.028519
0.019843
0.025737
0.050549
-0.048439
0.006274
-0.025249
0.116069
0.036986
0.031842
0.017065
0.029267
-0.062659
-0.000256
0.033996
-0.018047
0.017229
0.061116
0.019419
0.017878
0.036799
0.078875
0.027084
-0.140404
0.026923
0.013209
0.008949
0.007616
-0.081606
0.082023
0.044544
-0.016456
0.059701
0.112573
-0.083092
0.051841
0.033402
0.007907
0.003816
-0.045271
0.016690
0.051188
0.056093
0.093900
0.053726
0.009699
-0.087694
0.116400
0.013424
0.014788
0.014546
0.044561
0.055570
0.038225
0.064703
0.140977
-0.051557
0.062394
0.057594
-0.056725
-0.040874
0.073606
0.029671
0.151854
-0.049072
0.084634
-0.006039
0.077023
0.032997
0.072699
0.041758
0.004023
0.039890
0.126820
0.162082
0.076760
0.023858
0.054051
0.026491
-0.002038
0.002044
-0.006038
0.083305
0.025218
0.083632
0.071047
0.144789
0.040795
0.076130
0.088786
0.036082
0.061341
0.024759
0.122073
0.056291
-0.032919
-0.019255
0.038076
0.103766
0.022077
-0.206391
-0.011146
-0.252745
0.040921
0.025429
-0.010918
0.035897
0.036867
0.066896
0.058243
0.021263
0.093941
0.007158
0.032918
0.040115
0.143738
0.018574
0.014547
0.019082
0.128192
0.006066
-0.030006
0.020294
0.179138
0.003192
-0.051527
-0.050567
-0.008866
0.035040
-0.026807
-0.030148
0.195610
-0.023856
0.037028
0.097922
0.016718
0.034586
0.048284
0.038499
0.061183
0.042676
0.063407
0.051969
0.027369
0.181834
0.032902
0.130445
0.051726
-0.040178
0.107888
0.082776
-0.080784
0.010809
0.056644
0.073614
0.044759
0.006095
-0.057855
0.047630
-0.012671
-0.018598
0.009227
0.026759
0.022925
-0.009533
0.030215
0.028061
0.145736
0.121027
0.024714
-0.059074
0.103631
0.023054
0.030799
-0.014483
-0.045208
-0.035264
0.011731
0.021651
0.080460
0.047965
-0.029479
-0.025474
0.121908
0.017107
-0.010483
0.065281
0.001102
0.048174
0.064723
0.054045
0.011735
-0.001541
-0.060819
0.084758
-0.067128
0.014241
0.018435
0.072365
-0.034209
0.083012
-0.008883
0.095675
0.057337
0.029792
0.073531
0.160022
-0.042607
0.013612
0.045099
-0.000079
-0.023532
0.139837
0.060494
0.051904
0.020303
0.014761
0.028676
-0.037571
0.069689
0.024648
0.043102
0.020422
0.001752
0.002398
0.050347
0.032370
-0.001751
0.130897
0.033798
-0.017586
0.037338
0.037117
0.063554
0.067504
0.101406
0.055603
0.051313
0.050951
0.095217
0.016074
0.063158
-0.002661
0.009145
0.012645
0.058010
-0.064648
-0.026456
0.081586
-0.059716
-0.010450
-0.035931
0.015692
0.027818
0.000000
0.049516
-0.022555
-0.071354
0.026885
0.008737
0.031622
0.076608
0.058498
0.029540
0.018777
0.047650
0.025008
-0.003789
0.028730
0.010823
0.008530
-0.041785
0.059955
-0.024788
0.016759
0.021055
-0.010666
0.087047
0.041514
0.078408
0.055774
-0.021110
0.009103
-0.061897
0.098573
0.065937
0.062265
0.106479
0.008526
0.018856
-0.001499
-0.041340
0.048471
0.024106
0.018004
0.050401
0.037926
0.095865
0.047643
0.038910
0.044824
0.033578
-0.023239
0.028718
0.050581
0.037483
0.061857
0.063519
0.045641
0.102822
-0.006570
0.066939
-0.027716
0.070981
0.022128
0.022569
0.085254
-0.084330
0.045454
-0.017269
0.148878
0.129923
0.004340
-0.007788
0.041336
0.089562
0.072603
0.028905
0.038655
0.016464
0.023364
0.063405
-0.034652
-0.035361
0.060206
0.068724
0.046903
0.086666
0.064046
0.012824
0.064228
-0.069963
0.031470
0.119428
0.022538
0.040691
0.068054
-0.013645
0.051274
-0.059723
0.002827
0.027213
0.020053
-0.005507
0.028368
0.112624
-0.002333
0.081890
-0.009842
0.029549
0.063936
0.027998
0.032429
0.096804
0.034369
-0.001466
0.116541
0.041301
0.059482
0.017678
0.026776
-0.003722
0.008784
0.084499
-0.047186
0.027219
0.161952
0.181143
0.072683
-0.008096
-0.020335
0.084550
0.043179
0.062159
0.004373
0.043770
0.040807
-0.164181
-0.178734
-0.009235
0.042076
0.057679
0.042249
0.055552
0.091798
0.066377
0.069081
0.007607
0.072045
0.072237
0.075475
0.231319
0.271674
0.025150
0.266626
0.075361
0.038325
-0.000334
-0.002504
0.016635
0.078970
0.105427
0.027835
0.055612
0.037603
-0.010432
0.004431
0.023739
0.097088
0.064421
0.083515
0.018730
0.030219
0.043982
0.023301
-0.034544
0.041275
0.061301
0.082226
0.008033
-0.055147
-0.001325
0.107094
0.063673
0.046029
0.042319
0.091880
0.101909
-0.017238
0.021708
-0.001041
0.051585
0.084028
0.047377
0.045553
0.058752
0.062114
0.004691
0.046769
0.114207
0.070905
0.021122
-0.012509
0.009751
0.004132
0.012459
0.055143
0.026400
0.020775
-0.001744
0.103521
0.046635
0.001573
0.129315
0.036200
-0.042368
0.027475
0.106130
0.050596
0.027569
0.074011
0.148638
0.094083
0.074178
0.038523
0.046030
-0.027727
0.011935
-0.000276
0.002856
0.022509
0.037394
-0.003723
0.110150
0.050143
0.045769
0.053103
-0.035751
0.139882
0.138418
-0.093428
-0.056882
0.035527
0.019344
0.058861
0.084461
-0.001154
0.088000
0.004303
-0.000308
0.045321
-0.032733
0.068489
0.046332
0.010353
0.080022
0.185737
-0.017426
0.070328
-0.014732
0.147757
0.008210
0.064383
0.098688
-0.048470
0.006239
-0.007338
0.037838
-0.036173
-0.145469
-0.028611
-0.060546
-0.037783
-0.020608
-0.056363
0.028015
0.076489
0.105015
0.065100
0.004355
0.089372
0.020186
0.033257
0.020593
0.006573
0.052585
0.066566
0.065626
0.006212
0.000071
0.013773
0.107632
0.021063
0.037130
-0.007598
0.089730
0.014189
0.053456
-0.042974
0.038674
-0.040386
-0.040227
0.043247
0.007254
-0.023302
0.065466
0.060926
0.020638
0.048857
0.051237
0.034935
0.052016
0.023199
0.076982
-0.015777
0.076361
0.084996
0.047965
0.038685
-0.013239
0.003726
-0.067789
0.015904
-0.031951
-0.038956
-0.041637
-0.012428
0.028450
0.123867
0.017135
0.126050
0.078290
0.022844
-0.014020
-0.059304
0.034934
0.066757
0.217153
0.023776
0.018559
0.000000
0.009570
0.043076
0.006331
0.053693
0.032300
0.039698
0.085427
0.052443
0.008421
0.059534
0.061155
0.010205
0.023353
-0.001915
0.000000
0.060662
-0.014941
0.010551
0.000000
0.038608
0.020821
0.056815
0.053172
0.035481
0.039734
0.040024
0.070811
0.004896
-0.002687
0.054506
0.027674
0.041480
0.085547
0.005794
0.029986
0.115034
0.084260
-0.002284
-0.010235
-0.017084
0.062997
0.034733
0.006428
0.044700
-0.018354
-0.056879
-0.224993
0.035186
0.010079
0.017987
0.018182
0.016757
0.094073
-0.019057
0.077222
0.054068
0.071015
0.012961
0.028764
0.051092
0.003085
0.078357
0.053677
0.147235
0.037968
-0.016470
0.095189
0.045070
0.003269
0.060329
0.054984
0.070043
0.098572
0.019363
0.056543
-0.021479
-0.054991
-0.075366
0.067841
0.031277
0.032336
-0.005986
0.021152
0.014822
0.026938
0.060388
0.064733
-0.001905
0.101605
0.030435
0.093914
0.071403
0.035076
0.038975
0.059552
-0.002036
0.070961
0.043594
0.020063
0.076925
-0.032715
0.134160
-0.069480
0.032562
0.033076
0.063287
0.069301
0.037901
0.114078
0.040937
-0.052098
0.028671
-0.027711
-0.022981
0.108073
0.082368
0.065234
0.134921
-0.028483
0.025354
0.060762
0.006134
-0.055758
0.017090
0.125297
0.054821
0.043214
0.050371
-0.044285
0.029346
0.028021
0.021702
0.057673
-0.027625
0.041382
-0.044851
0.084472
0.054224
0.104862
0.033729
0.078430
0.020319
0.069589
0.086669
0.046844
0.055883
0.020523
0.058000
0.069536
-0.048905
-0.020111
0.182871
-0.034270
0.037679
0.075932
-0.033546
0.035679
-0.046673
0.016156
-0.033175
0.007886
-0.069290
-0.067761
0.081459
0.045360
0.007487
0.042739
0.143510
0.031781
0.084534
0.027090
0.126631
0.108261
-0.007047
0.044124
0.017813
0.053941
0.009062
0.087438
0.042007
-0.017873
0.149284
0.233900
0.159704
-0.006765
-0.012138
-0.098830
0.004316
-0.010253
0.025281
0.005693
0.009043
0.041960
0.070688
-0.012879
-0.103909
0.039645
0.032518
0.006284
-0.043643
-0.049192
0.050421
0.095275
0.051796
0.055400
-0.044702
0.048732
0.045176
-0.062503
-0.013186
0.129024
-0.020590
-0.059811
0.018423
0.063403
0.072577
0.015436
0.059041
-0.003482
0.034178
0.047030
0.127280
0.029348
0.088378
0.051858
0.028015
-0.002679
0.057332
0.081019
-0.000358
-0.029676
-0.004941
0.111284
0.027062
0.043578
-0.052020
0.033651
0.083626
0.057252
0.012400
0.063289
-0.044105
0.009857
0.045865
-0.004589
0.002409
0.064729
0.033527
0.023612
-0.009085
0.018846
0.036101
0.078914
0.024007
0.094253
0.047436
-0.018940
0.037510
0.006204
0.061408
-0.020055
0.050963
0.088648
0.030976
0.042965
0.010356
-0.008115
0.021010
0.112435
-0.008433
0.107450
0.005616
0.091954
-0.024937
0.053420
0.135779
-0.034291
0.052331
0.006908
0.099092
0.018502
0.068249
0.053994
0.011597
0.025482
-0.020531
0.086173
0.154049
0.008071
0.065994
-0.046168
0.018793
-0.024811
0.002080
0.020336
0.163425
0.113922
-0.019715
0.013224
0.045943
0.032517
-0.012946
0.052014
0.023259
0.044815
0.060437
0.011048
0.022666
0.047905
0.068130
0.022566
-0.003654
0.019306
-0.066617
0.068471
-0.052714
0.058404
0.000000
0.000000
0.000000
0.011900
0.057205
-0.022511
0.027849
0.078833
0.024442
0.065840
0.031320
-0.006321
-0.000337
0.048920
0.131281
0.015778
-0.056087
0.051526
0.077104
0.051520
0.041795
-0.060634
0.037292
-0.051545
0.016696
0.047029
-0.000997
0.000000
0.046143
-0.033386
-0.000576
-0.000967
0.026458
0.015479
0.029800
0.040130
-0.021377
0.030952
-0.000367
0.000000
0.047705
0.024224
-0.041975
-0.042517
0.077338
-0.030024
0.034789
0.079308
0.071520
0.035071
0.042366
0.102784
-0.015437
-0.053047
0.027188
-0.054080
0.043815
0.030964
0.012210
0.022271
0.032448
0.041240
-0.023066
0.054000
0.129046
-0.003187
0.045261
0.075339
-0.048352
0.082634
0.037523
0.029576
0.060406
0.046094
0.003839
0.028380
0.037075
-0.009858
0.000000
-0.020303
0.000000
0.093617
0.054288
0.065493
-0.003613
-0.000663
0.033170
0.038186
0.048654
0.043948
0.033413
0.050182
0.038298
0.027034
0.000000
0.084197
-0.004070
0.043843
-0.038129
0.061176
0.051520
-0.005526
0.000000
0.083640
0.011253
0.002384
0.021867
0.058995
0.079235
0.044944
0.109359
0.088609
0.002244
0.063602
0.003946
0.200489
-0.036003
0.039056
0.024343
-0.069724
-0.005822
-0.021632
0.012835
0.279732
-0.023131
-0.014341
0.077151
0.000000
0.017995
0.178561
0.087084
0.059338
0.079950
0.004933
0.031913
0.051341
-0.024522
0.016762
0.033095
-0.022028
-0.045580
-0.036323
0.033682
0.059892
0.016538
0.000000
0.000000
0.000000
0.033978
0.046527
0.026180
0.074252
0.019895
0.161453
0.001225
0.004069
0.019631
0.004073
0.019518
0.076273
0.003450
0.141951
-0.124401
-0.157852
-0.185169
-0.033118
0.029157
-0.137789
0.067719
-0.085757
0.073265
-0.010238
0.022310
-0.007141
-0.060013
0.103625
0.164393
-0.357853
0.052978
-0.013196
0.203446
0.009886
0.033884
0.055254
-0.148768
0.049770
-0.028225
0.080073
-0.127492
0.017516
-0.062334
-0.026209
0.214858
-0.016778
0.009568
0.029980
0.012015
0.422644
-0.137660
-0.069198
0.020966
0.105967
-0.313882
-0.088742
0.033597
-0.030489
0.078248
-0.026239
0.043607
0.037863
0.027202
-0.021101
-0.076135
0.274710
0.018063
0.058553
-0.058938
-0.086188
-0.036532
0.107139
-0.183911
-0.120774
-0.099841
-0.121187
-0.093760
-0.073238
0.023382
-0.063855
0.033444
-0.007546
0.057030
-0.280519
-0.185094
-0.204639
-0.190794
-0.078150
-0.080781
-0.054479
-0.089254
-0.066746
-0.032075
-0.048561
-0.137151
0.007791
-0.028555
0.001270
-0.007593
0.017276
0.020804
-0.050665
-0.019686
-0.040902
-0.013293
-0.001827
0.053786
-0.028999
0.019578
-0.009503
-0.051289
-0.019189
-0.083144
0.107806
-0.191580
-0.056778
-0.048769
-0.071306
-0.038896
-0.054164
-0.078007
-0.076820
-0.044033
-0.062559
-0.044285
-0.012005
-0.086363
-0.067240
-0.065453
-0.097517
-0.009322
0.042108
0.019993
-0.086960
-0.027620
-0.025592
-0.009084
-0.059585
-0.069016
-0.099465
-0.060992
-0.002353
-0.044864
-0.026618
-0.210003
-0.014059
0.023126
0.081584
-0.085857
0.059119
0.080317
0.021967
-0.000051
-0.163477
-0.064971
-0.001909
-0.035755
-0.101631
-0.275566
0.015363
0.079943
-0.067350
-0.148249
0.011253
0.057293
-0.031799
-0.047214
0.146200
-0.068206
0.007017
0.006107
0.020728
0.010853
0.021622
0.008157
-0.057646
-0.038805
0.044579
-0.006013
0.022270
0.017640
0.026509
-0.045776
-0.018912
-0.003190
-0.016588
-0.032964
-0.061069
-0.106971
-0.032599
-0.057113
-0.147079
-0.065959
-0.161391
-0.037701
-0.058958
-0.026064
-0.056564
-0.030480
-0.095860
-0.037283
-0.028518
-0.021361
-0.032585
-0.086963
-0.077795
0.022261
-0.067263
-0.167786
-0.028336
0.017153
-0.090598
-0.004293
-0.114009
-0.049772
-0.022261
0.045654
-0.068575
-0.052637
-0.013721
-0.103962
-0.041672
-0.102310
-0.048899
-0.097681
-0.128574
-0.181944
-0.033644
-0.084767
-0.084283
-0.066565
-0.122221
-0.102128
-0.131175
-0.038859
-0.030562
-0.061841
-0.049313
-0.050495
-0.020246
-0.007065
-0.063145
-0.059948
-0.076779
-0.081818
-0.054886
-0.015453
0.000128
-0.017710
-0.038843
0.030707
-0.118361
-0.124963
-0.017793
-0.080193
-0.024086
-0.206398
0.011752
0.055967
-0.090897
-0.102093
-0.060127
-0.103169
-0.077994
0.101640
-0.021103
-0.104957
0.014520
-0.034773
-0.076425
-0.111573
-0.073153
-0.003132
-0.030920
0.015801
-0.073870
-0.037569
-0.039871
-0.053270
-0.063608
-0.160601
-0.096538
-0.082026
-0.155862
-0.068525
-0.077357
-0.126797
-0.109809
-0.089366
-0.085687
-0.045588
-0.026207
-0.114072
-0.132016
0.013200
-0.036497
-0.050428
-0.139952
-0.053066
-0.020990
0.227325
0.105747
-0.169056
-0.098009
0.006869
-0.014472
0.125909
-0.078675
-0.036469
-0.039302
-0.103265
-0.078701
-0.267760
0.013858
-0.057414
-0.059948
-0.108647
0.057058
-0.131479
-0.044763
-0.059141
-0.083218
-0.126836
-0.082653
-0.102320
-0.050912
-0.071318
-0.084612
-0.108152
-0.097666
-0.086850
-0.063886
-0.116254
-0.131484
-0.153308
-0.017884
-0.051472
-0.012183
-0.179280
0.004486
-0.040311
-0.061492
-0.063609
-0.109530
-0.223363
0.032456
-0.009096
-0.061447
-0.112919
-0.136290
-0.176885
-0.088573
-0.112949
-0.047501
-0.051010
-0.030789
-0.095971
-0.106435
-0.157767
-0.055341
-0.080599
-0.083464
-0.054386
-0.094517
-0.018432
-0.028432
-0.036032
-0.093705
0.033002
-0.016472
-0.111896
0.005888
0.144345
