-0.112097
-0.122730
-0.147065
-0.125986
-0.105838
-0.155488
-0.180374
-0.093382
0.141586
0.016569
0.028400
-0.004913
0.004570
0.007265
-0.030046
0.027691
-0.069473
-0.022905
-0.055448
0.025005
0.111845
-0.091991
-0.101129
0.013121
0.012655
-0.005180
0.010045
0.092424
0.058663
0.053903
-0.136910
-0.013530
-0.007214
-0.005864
0.042923
0.035363
0.004919
0.053338
0.061793
-0.130992
-0.129727
-0.097245
-0.150083
-0.174702
-0.016902
-0.037792
-0.023486
-0.024278
-0.145109
-0.191244
0.028328
0.168561
0.097545
0.018386
0.066915
0.069555
0.035209
0.028512
0.065953
0.104170
0.010750
0.060555
0.115747
0.028789
0.051946
0.010743
0.054308
0.024111
0.060572
-0.007853
0.029211
0.004389
-0.000685
-0.030513
-0.029650
0.018704
0.017553
-0.006076
-0.002735
-0.009348
0.170910
0.083746
-0.017415
0.057786
0.032436
0.012218
-0.019193
0.008042
0.015665
0.086953
0.012656
0.043091
0.003560
-0.001062
0.010770
0.047895
-0.019974
-0.051547
0.073849
-0.007411
0.038559
0.080111
-0.005977
-0.015755
0.042384
-0.005476
0.046209
0.042429
0.018893
0.008950
-0.008717
-0.010591
-0.061517
0.029885
0.013368
0.007435
0.532252
0.029058
0.017019
0.030763
-0.019876
0.048150
-0.006396
0.077170
0.065358
0.106564
0.090415
0.029290
-0.004024
-0.101956
0.044510
0.031833
0.016519
0.041122
0.037523
0.066156
0.066206
0.029346
0.079728
0.039312
0.014820
0.024432
0.072265
0.076034
0.007704
-0.021425
0.040551
0.038371
0.041493
0.113285
0.098900
-0.056438
0.022916
0.038930
0.044282
0.030040
0.019384
0.003495
0.038035
0.069789
-0.010470
0.110056
-0.029191
0.082438
0.000000
0.000000
0.000000
-0.022753
0.039813
0.025066
0.132621
0.000000
0.000000
0.000000
0.000000
0.000000
0.004297
0.046713
0.081879
0.163550
0.041065
-0.000839
0.044864
0.245980
-0.026169
0.006819
0.050117
0.056647
-0.069474
0.088690
0.098203
0.035158
0.008669
0.121480
-0.041575
0.011111
-0.038900
0.256784
0.251331
-0.006828
-0.058491
-0.101539
-0.018046
-0.040155
-0.071182
0.027684
0.049962
-0.140951
0.000000
0.000000
-0.010370
-0.035727
-0.011757
-0.202074
0.235322
0.291848
0.241664
0.000000
0.000000
0.000000
0.000000
0.000000
0.000000
0.000000
0.040475
0.063064
0.003956
0.046047
0.021971
0.057689
0.118855
0.044046
0.036445
-0.059068
0.008666
-0.022582
0.046646
0.053445
0.047097
0.031487
0.064260
0.092331
0.013558
0.035394
0.018993
0.089662
0.056013
0.040378
-0.023705
0.040433
0.027256
0.045483
0.070756
0.051476
0.086729
0.147994
0.003221
-0.003890
-0.029794
-0.072458
0.012108
0.090627
0.010401
0.041266
0.059281
0.039602
0.053238
0.037856
0.049865
0.034376
0.085092
0.039294
0.170914
0.013687
0.131031
0.064488
0.045523
-0.016179
0.068232
0.103556
0.054818
0.013022
0.055035
0.037077
0.003207
0.005886
0.024807
0.042970
0.080094
0.046519
0.071165
0.042866
0.036462
0.054488
0.019739
0.037013
0.078210
-0.002680
0.016633
0.018848
0.044418
0.082665
0.114050
0.023405
0.007575
0.011823
0.057013
0.125699
0.047250
0.015427
0.099086
0.086847
-0.002554
0.077949
0.036699
0.117545
0.118613
0.024661
0.034310
0.003223
0.060699
0.016913
0.061913
0.063532
-0.001067
0.129268
0.055823
0.040029
0.000489
-0.019956
0.092113
0.044211
0.018321
0.079348
0.066391
0.061883
0.010078
0.054629
0.027629
0.018823
0.030695
0.049211
-0.014384
0.003940
0.019687
0.023020
-0.005396
0.026383
0.100848
-0.119089
0.034702
0.027114
-0.008048
0.151633
-0.013753
0.075980
0.078508
0.051703
0.076780
0.016940
-0.000411
0.019192
0.064718
0.038026
-0.029061
0.004111
0.040281
0.059455
0.049711
0.039287
-0.029824
-0.051009
-0.007752
0.115007
0.096475
0.070538
0.040907
0.045752
0.033720
-0.014054
-0.011038
0.029485
0.119112
0.121073
0.050193
0.005397
0.013461
0.035006
0.107175
-0.043528
0.070500
0.049388
0.093113
0.039231
0.031303
-0.001125
0.093833
-0.016336
0.080454
0.022513
0.075358
0.039958
0.047009
0.000000
-0.039438
0.008780
0.013248
0.057715
0.035298
0.124503
0.010057
0.073177
0.030674
0.106113
0.074350
-0.005255
0.041262
0.044794
0.033663
-0.001344
0.065621
0.005668
0.002339
0.155002
-0.056722
-0.045773
-0.026964
0.145896
0.016759
0.092794
0.262802
-0.018808
0.000909
0.042376
0.011008
0.095708
0.028928
0.047848
0.111251
0.063213
0.022341
0.065603
-0.006612
-0.016749
0.054909
0.022707
-0.019720
0.005163
0.062906
0.006808
0.078060
0.046196
0.004982
0.023455
-0.065067
0.006429
0.009279
0.118923
0.048314
0.029997
0.046151
-0.007900
0.026756
0.050510
0.062538
0.064052
0.023454
0.067016
0.171639
0.046097
0.032846
0.108548
0.039802
-0.070410
0.006109
-0.009073
0.030181
0.053173
-0.017168
0.136929
0.033677
-0.062825
0.039282
0.052315
0.003713
-0.032752
0.099176
0.020197
0.004943
0.134240
0.039711
-0.025434
-0.075792
0.054961
0.086420
-0.006196
-0.064936
0.002116
0.019634
0.016205
0.061018
-0.079738
0.059836
-0.015576
0.025839
0.109863
-0.010122
0.043782
-0.022654
0.029993
0.015619
0.077156
-0.008708
0.008914
-0.001478
0.073300
0.027912
-0.029598
0.060334
0.054131
-0.001893
-0.005142
0.068148
0.024298
0.016731
-0.015180
0.026635
0.000414
0.078921
-0.008820
0.095535
0.047059
0.076966
-0.019412
-0.068193
0.016512
0.003502
0.041145
0.070449
0.022447
0.049120
0.030356
0.080417
0.069869
-0.158760
0.088836
0.104822
0.016511
0.166278
0.028035
-0.020402
0.021385
0.137420
0.059558
0.061238
-0.007040
0.081929
-0.004352
0.028433
0.023717
-0.031987
-0.000457
0.039447
-0.030440
0.200214
0.119567
0.109995
0.112463
-0.025670
-0.063977
-0.000772
-0.042096
0.006600
0.079863
0.089088
-0.009253
0.037942
0.108785
0.003496
0.089703
-0.055451
-0.040171
-0.002893
0.057362
0.044758
0.095908
0.014319
0.016554
0.056973
0.034788
0.053271
0.035911
0.059975
-0.010620
0.009810
0.017913
0.097847
0.058565
0.027597
0.023359
0.118261
0.044451
-0.017698
-0.144485
0.024027
0.037603
0.048073
0.039774
0.028948
0.036063
0.120559
0.055300
0.039768
0.012284
-0.057559
-0.007362
0.091742
0.059857
-0.051997
0.066776
0.070954
0.111200
0.039336
0.074750
0.013628
0.025814
0.039785
0.086993
0.038841
0.007637
-0.015585
-0.007635
-0.007811
-0.001736
-0.019693
0.052348
0.165158
-0.010536
0.017312
0.003285
0.072999
0.063988
0.089613
0.019986
0.090744
0.155110
0.130518
-0.006271
-0.011943
0.034896
0.039668
0.158701
0.072698
-0.033515
-0.038525
0.053246
-0.063758
0.039081
-0.000241
-0.014573
-0.055860
0.035143
0.113654
0.049253
0.123456
0.034458
-0.023312
0.201385
-0.011224
0.028935
-0.065720
-0.069629
0.022006
-0.013959
-0.007125
0.038412
0.055396
0.028769
0.032866
0.046469
0.075454
0.059417
0.008852
0.003618
-0.018966
-0.089976
0.036373
0.118452
0.036135
0.059633
0.004884
-0.005541
0.067403
0.013817
-0.004746
0.049627
0.060760
0.077154
0.020127
0.056214
0.110660
0.005335
0.069693
0.079292
0.061806
0.057269
0.140743
-0.037360
0.067777
-0.012104
0.018059
0.001358
0.128688
0.063240
0.052209
0.001132
0.000000
0.010148
0.014419
-0.015620
-0.071468
0.083032
0.090331
-0.093454
0.031444
0.082287
0.075273
0.007866
0.071852
0.024910
0.014514
0.067343
0.030504
0.000981
0.013207
0.369700
0.083610
0.014643
0.048655
0.162432
0.169299
0.002403
0.082270
-0.044715
-0.001093
-0.012441
0.043698
0.071896
0.061679
0.055579
0.064900
-0.087078
-0.022763
-0.000272
0.025456
0.062420
-0.027034
-0.015918
-0.101200
0.015831
0.065582
0.047203
0.064796
0.007542
0.003397
0.086213
0.029906
-0.008080
0.016434
0.125569
0.010412
0.045506
0.051659
-0.100143
-0.008908
0.067368
0.038902
-0.007809
0.053672
0.006215
0.089537
0.063260
0.032107
0.045645
-0.042632
0.080715
0.012270
0.044884
0.043581
0.001464
0.008241
0.020284
-0.000519
0.037514
0.021719
-0.001607
0.062564
-0.010897
0.026656
0.021468
0.028086
-0.001675
-0.005178
-0.017424
0.048748
-0.104228
0.004052
0.042088
0.061167
0.000000
-0.008909
-0.081340
0.097290
0.047065
0.020387
0.100626
0.051513
0.002769
0.002149
0.030080
0.136838
-0.013830
0.035297
0.017675
0.000960
-0.009825
0.029882
0.091121
0.091146
0.063036
0.030602
0.096109
-0.010072
0.044007
0.019117
0.022682
0.072317
-0.024112
-0.021330
0.067847
0.028021
0.008378
0.059855
0.048773
0.055789
0.029635
-0.028426
0.024350
-0.039697
0.056825
0.027787
0.175993
0.014568
0.061534
0.005570
-0.003301
0.045141
0.021656
0.073099
-0.042209
0.064297
0.039671
0.073236
0.050521
0.018047
-0.022364
0.110786
-0.017499
0.241200
0.037278
0.060403
0.054928
0.040283
0.012138
0.071124
0.040161
0.074346
0.015009
0.147473
0.013822
0.255369
0.006568
0.021185
0.091842
0.070697
0.047198
0.030432
0.016277
0.064919
-0.000745
-0.022588
0.074190
0.065260
0.083062
0.005436
0.057131
0.143197
-0.044550
0.018615
-0.076001
0.106476
-0.039621
0.089846
0.009282
-0.020247
0.074079
0.095996
0.060268
0.048011
0.040152
-0.009646
-0.008533
0.064850
0.023151
0.078144
0.006863
0.026812
0.052656
0.077472
0.030806
0.048844
0.116939
0.007278
0.049353
0.101176
-0.025082
0.064042
0.087603
0.075852
0.095286
-0.002143
0.137019
0.017247
0.092750
0.070476
0.080383
0.129878
0.031258
0.063620
0.208516
0.064001
0.021369
0.024760
0.068586
0.048294
0.137678
0.004618
0.054123
0.105137
0.011502
0.120801
0.030993
0.068077
0.003632
-0.020438
0.020446
-0.007706
-0.086773
0.083345
0.058818
0.033332
-0.030731
0.034473
-0.076333
-0.002079
0.136598
0.043011
-0.078546
0.010589
0.014627
0.043084
0.140614
-0.054109
0.029553
0.052063
0.011508
0.099396
0.126010
0.028400
0.055450
0.024275
0.126151
0.064127
0.100417
0.001934
0.045756
0.041265
0.001563
0.091425
-0.031960
0.072045
0.080226
0.011060
0.041498
0.012596
0.033349
0.090072
0.032711
0.052198
0.006572
-0.038053
0.029005
0.000091
0.012693
0.004691
0.039322
0.087681
0.015794
-0.004213
0.012831
-0.020107
-0.047807
0.075682
0.041308
0.069927
0.029535
0.157125
0.103867
0.036572
0.029287
-0.024602
0.018021
0.006287
0.064003
-0.034892
0.048003
0.061000
0.061532
0.093271
-0.038805
0.049687
0.001097
-0.054517
-0.021144
0.076742
0.125160
-0.029039
0.067968
-0.013879
0.009479
0.069282
0.032088
0.050077
0.107561
-0.007050
-0.103404
-0.118416
0.009741
0.060462
0.050162
0.017942
0.018823
0.087337
0.024364
0.043498
0.068398
0.035079
0.058961
-0.015134
-0.061190
0.009006
0.088602
0.093755
0.087027
0.165259
0.000810
-0.086941
0.073430
0.014796
0.082010
-0.014170
0.028836
-0.026538
-0.022107
-0.061836
0.062708
0.189924
-0.046342
0.001417
0.046389
0.066602
0.056767
0.058430
0.038545
-0.027277
0.079752
0.043242
0.032345
0.015952
0.049309
0.096225
-0.034201
0.105435
0.068710
-0.006016
-0.023219
-0.015530
0.072835
0.078423
-0.054337
0.090312
0.058250
0.005418
0.093209
0.005241
0.070608
0.127234
0.058687
0.140576
-0.060208
-0.012661
0.040024
0.005436
-0.123689
0.032547
0.072582
0.050317
0.044809
0.140883
0.015598
0.144877
0.032582
-0.027503
-0.016330
0.103316
0.112899
-0.071472
0.008825
-0.044830
0.053547
0.112324
0.036287
-0.041016
-0.035602
0.093516
0.005301
0.153498
0.040761
-0.058756
0.016014
0.040716
0.000000
0.025552
-0.010710
0.006743
0.016465
0.010152
0.025945
0.074366
0.148422
0.062888
-0.056792
0.003176
0.001231
0.064881
-0.067280
0.005637
0.122438
-0.006746
0.041140
0.007060
0.083671
0.119692
0.130945
0.101852
0.026618
0.033192
0.120147
-0.014875
0.068055
0.101649
-0.040781
0.027247
0.001724
-0.026996
0.000000
0.034857
0.062626
0.013162
0.018965
0.030194
0.132173
0.015658
0.149101
0.016231
0.038355
0.000000
0.016254
0.019638
0.135315
0.047344
0.043252
0.092956
0.058435
-0.021676
0.011284
0.000000
-0.014258
-0.044341
0.060143
-0.056187
0.030770
0.029803
0.069705
0.131616
-0.043975
0.082688
0.042916
-0.057891
0.024996
0.269100
-0.040062
0.002319
0.044714
-0.049441
0.034222
-0.026983
0.034845
0.072315
0.113254
0.054795
0.022633
0.002594
-0.005055
0.118403
0.048877
0.082789
0.008701
-0.033400
0.054620
0.133697
-0.044601
0.021962
0.088039
0.104797
0.115009
0.059369
0.051214
0.023405
0.083872
-0.025322
0.005137
0.121521
0.083027
0.001604
0.068094
0.090470
0.010779
0.069271
0.033021
0.175354
0.024282
-0.008867
0.047870
0.047795
0.077032
-0.005875
0.055844
0.126811
0.094350
0.070764
0.132912
0.114858
0.058528
0.051738
0.037757
-0.008540
0.047053
0.233789
-0.077243
0.009531
0.022530
0.017149
0.033186
0.024299
0.000446
0.085832
0.093502
0.046824
0.092825
-0.006780
0.127606
-0.005565
0.048408
-0.002595
0.011761
0.057586
0.035419
0.070094
0.112279
0.072935
0.060366
-0.003329
0.056899
0.028067
0.012712
0.150064
0.132896
0.003510
0.006519
-0.019383
0.013750
0.013747
0.069524
0.017738
0.038077
-0.043752
0.139673
0.061535
0.100861
0.076431
0.022581
0.025112
0.069055
0.061680
0.079636
0.034606
0.042668
0.027550
0.057873
-0.034242
0.036966
0.060969
-0.035839
0.085296
0.048446
0.019724
0.118763
-0.023230
0.049750
-0.005834
0.043263
-0.074443
0.015655
-0.030699
0.043775
0.069335
0.076194
0.053042
0.000038
0.018404
0.086700
-0.005702
0.026574
0.033846
0.076081
0.077141
0.075878
-0.026076
0.049423
-0.033515
0.060258
0.122160
0.063017
0.090132
-0.021991
-0.026299
0.043118
0.286515
0.207009
-0.005343
-0.009015
0.042813
0.171870
0.063523
0.166803
0.121128
-0.018476
0.025216
0.072236
-0.003892
0.042814
0.002282
-0.008022
0.054657
0.087035
0.007526
0.050219
0.027827
0.093351
0.078975
0.091860
0.090979
0.102420
0.002541
0.055367
-0.048758
0.022857
0.013363
0.005132
0.037910
0.068513
0.011446
-0.020181
0.049454
0.096030
0.059785
0.022686
0.121382
0.087833
0.031787
0.119223
0.048829
0.055009
0.044253
0.069136
0.041358
0.060768
0.118940
-0.028990
-0.035633
0.078708
0.051307
-0.003604
0.011209
0.029079
0.096962
0.047176
0.066260
-0.031623
0.057626
0.031371
0.024244
0.019017
0.139433
0.019315
-0.000387
-0.005824
0.022033
-0.019052
0.064411
0.045123
0.033210
0.136690
0.046388
0.045388
0.087972
0.035837
-0.001653
0.033522
0.018493
0.016907
0.013003
-0.012048
-0.008459
0.031074
0.039481
0.045450
0.007888
0.015103
0.004551
-0.008307
-0.016481
0.022632
-0.011594
-0.008746
0.061561
0.018649
0.062812
-0.025748
-0.042119
0.066161
0.029462
0.030938
0.037334
0.138713
-0.000304
-0.005163
0.074330
0.060061
0.066515
0.081503
-0.005754
0.088164
0.030209
0.045723
-0.014814
0.014908
0.049572
0.095543
0.036920
0.028865
0.030560
0.071364
0.044427
0.001787
0.047085
-0.014350
0.029838
0.006622
0.043281
0.033885
0.105362
0.050173
0.099492
-0.012164
0.000940
-0.021554
-0.003061
0.042009
0.031680
-0.032320
0.058171
-0.065456
-0.013671
0.015935
-0.046097
0.023027
-0.015801
0.020723
-0.110174
0.002417
0.037005
0.069055
0.034526
0.068823
0.068707
0.014976
-0.040393
0.119333
0.107464
0.052373
0.093239
0.076773
0.002323
0.007794
0.053337
0.028132
0.069539
0.039016
0.023265
0.048542
0.031672
0.070784
0.007450
0.036040
0.036495
-0.027053
-0.000055
0.059113
0.111341
0.023819
-0.039544
-0.012939
0.117202
0.067748
0.133323
0.141575
-0.034597
0.048266
0.004242
0.067300
0.022003
0.027005
0.004719
-0.039513
0.086800
0.039809
0.069374
-0.005110
-0.006385
0.036292
0.030488
0.049253
0.051736
0.061628
0.007892
0.053753
0.083551
0.032203
0.040919
0.013288
0.058573
-0.075442
0.067603
0.062805
0.015151
-0.052133
0.020497
-0.056031
0.053206
-0.020395
0.075794
0.010864
-0.025214
-0.035251
0.021452
0.142502
0.095060
0.061287
0.038726
0.078231
0.046839
0.125826
0.028419
0.040146
0.030194
0.030548
-0.008806
0.008268
-0.024567
0.106071
0.022315
0.070639
-0.049984
0.019026
0.049719
0.095527
0.058190
0.035395
0.035188
-0.021944
0.063530
0.044849
0.054677
-0.002529
0.054461
-0.030863
0.022979
0.054613
0.050669
0.063044
0.012557
0.041218
0.022900
0.014330
-0.159575
0.175614
0.033859
0.072015
0.085960
-0.034228
0.017992
-0.006241
-0.018692
-0.012000
0.003717
0.003589
0.034187
0.037951
0.031119
0.006018
-0.022829
0.000868
0.103816
0.079727
0.234358
0.056377
-0.012152
0.059996
0.001208
0.008458
0.000000
0.003601
-0.005671
0.086768
-0.011564
0.066884
0.010151
0.019917
0.030095
0.025399
0.003901
0.013507
-0.010969
0.049052
0.102745
-0.001085
0.019943
0.016123
0.047958
-0.019017
-0.008530
0.040352
0.426905
-0.029633
0.025390
0.014327
0.066708
0.107378
0.050536
-0.024065
0.081658
-0.009546
0.053193
0.022704
0.058431
0.053101
0.013814
0.127337
-0.011971
0.021585
0.034936
0.005609
0.041200
0.052078
0.066699
-0.011173
0.049437
0.016478
0.075857
0.036436
0.013418
0.050459
0.044466
0.046298
0.097256
-0.005811
0.025551
0.056444
0.042060
0.052274
-0.039313
0.044409
0.060030
-0.018710
0.031413
-0.021574
0.020740
0.059435
0.073547
-0.054951
-0.020005
0.002595
0.013189
0.121890
0.007861
-0.012709
0.004260
0.041923
0.046582
0.127342
-0.003701
0.044748
-0.073611
0.002739
0.056734
0.080293
0.068873
0.016417
0.041713
0.016098
0.019679
-0.008130
0.090795
0.059646
-0.016606
0.018034
0.034288
0.044137
0.020845
0.109616
0.024683
0.000000
0.015708
0.064439
0.011681
0.019260
-0.023248
0.028557
0.000000
0.012087
0.048639
0.138871
0.022515
0.042519
0.009871
0.061790
0.042597
-0.009485
0.050307
0.029192
0.014544
-0.007886
0.037386
-0.015803
0.001538
0.001051
0.020593
0.071364
0.055890
0.013823
0.005980
-0.032781
0.055558
0.026525
0.010516
0.005821
0.045421
0.032946
0.037568
-0.020896
0.056405
0.090056
0.008423
0.059700
0.059468
-0.031094
0.015376
0.014379
0.033549
0.072137
0.107407
0.052547
0.136136
0.012566
0.039637
-0.090467
0.030137
0.108012
0.036001
0.047634
-0.003475
0.068032
-0.003666
0.092221
0.130111
0.038908
0.084716
-0.065912
0.040205
0.088806
0.012294
-0.017954
0.012840
-0.001789
-0.020684
0.074665
0.088595
0.022494
0.021117
0.015668
0.016761
-0.046764
0.080214
0.030441
0.022486
0.057927
0.097867
0.045475
0.013825
0.026072
0.006379
-0.024237
-0.046602
-0.063873
0.053099
0.028469
0.045900
0.029670
-0.037090
0.052957
-0.019284
0.006710
0.113658
0.186215
0.010303
0.035505
-0.100316
0.053224
0.062066
0.118746
0.030008
0.144285
0.051877
0.045040
-0.022032
-0.042402
0.069773
0.057348
0.007615
0.019784
0.022482
0.050296
0.049978
0.007643
0.050118
0.000000
0.000000
0.000000
0.000000
0.052726
-0.019553
0.149318
-0.042594
0.054350
0.051652
0.022984
0.086192
0.083763
0.037152
-0.066921
-0.025566
0.091931
0.099255
-0.065027
0.122893
0.050887
-0.057200
-0.006897
0.037740
-0.066719
-0.053955
0.035776
0.020705
-0.026545
-0.023724
0.092916
0.092542
0.012756
0.017438
0.034226
0.090756
0.072944
0.048247
0.044167
-0.117867
0.249190
0.121259
0.036412
0.062259
0.036189
0.011239
-0.015319
0.082218
0.019029
-0.003752
-0.051238
0.115252
0.035465
0.051800
0.044191
0.087287
0.028718
-0.048033
0.023015
0.025615
0.045203
0.065152
0.117743
-0.031226
0.039938
-0.019208
0.001316
0.072092
0.067953
-0.060946
0.160923
0.093292
0.048652
0.119596
0.100555
0.074981
0.008946
0.083413
0.090067
0.070761
0.115719
0.040206
-0.033048
0.025125
0.036236
0.106971
0.016459
0.074751
0.077431
0.060196
0.068810
0.050462
0.035833
0.063413
-0.015085
0.013696
0.089079
0.108188
0.068017
0.143920
0.032700
0.023454
-0.095694
0.095058
0.025496
0.104251
0.046403
-0.022928
0.024316
0.206884
0.142240
0.073637
0.113834
0.035017
0.073003
-0.008256
-0.019667
0.069379
0.071458
0.000000
0.037391
0.042730
0.042727
0.000000
0.030685
-0.013498
0.042146
0.046216
-0.025284
0.182592
0.076220
0.015649
0.109668
0.047405
0.166265
-0.078808
0.049101
0.042149
-0.068755
0.013223
0.035718
0.071253
0.017400
0.016983
0.053485
0.060683
0.037542
0.040093
-0.034672
0.015895
0.165119
-0.028807
0.037284
0.083587
0.007527
0.034866
0.064408
0.059821
0.016689
0.041256
0.190652
0.001451
-0.057370
0.085650
0.020148
0.038580
0.170515
0.052808
-0.163744
0.018858
0.065630
0.107633
0.144076
0.029395
0.043147
0.066185
0.042888
0.027521
0.029241
0.072761
0.012556
-0.027412
0.011265
0.020839
-0.001034
0.017434
0.056180
-0.054133
0.136282
0.031533
-0.017404
0.084616
0.005438
0.013278
-0.055462
-0.027371
-0.033337
-0.065708
0.066686
-0.073577
0.059936
0.016310
-0.064126
-0.001876
-0.006910
0.125395
0.041879
0.086892
0.001536
0.027002
-0.073312
0.021942
-0.081192
0.079723
0.018635
0.037146
0.046133
0.054276
0.009422
0.038767
0.006769
0.009764
-0.081503
-0.009144
-0.000584
0.011746
0.010503
0.104276
0.044112
0.058624
0.101271
0.023415
0.069361
0.055172
0.031064
0.056438
0.122120
0.013887
0.049411
-0.019162
-0.034903
-0.013893
0.060553
0.079406
0.146563
0.105422
0.051840
0.125859
-0.088606
-0.000047
0.049820
-0.048806
0.016063
0.000311
0.080950
0.053879
0.118261
0.010007
0.040746
0.098789
0.060441
0.044767
-0.003247
0.028611
0.122044
0.092458
0.058222
0.067932
0.129904
0.042985
-0.044932
0.069997
-0.063521
0.037686
-0.032910
0.002275
0.071948
0.126886
0.015166
0.000000
0.002341
0.014515
0.013149
-0.011902
-0.057194
-0.062941
-0.051707
0.014170
0.110074
0.095972
0.068630
0.016491
0.080407
0.004198
0.064750
0.048741
0.143137
0.013867
0.000000
0.112983
0.071640
-0.055881
0.057681
0.028297
0.114270
0.007458
-0.060309
-0.014849
0.050573
0.067413
0.022825
0.002965
-0.046357
-0.024150
0.191787
0.016050
0.020532
-0.022362
0.051641
0.063135
0.058984
0.090880
0.059749
0.004277
-0.014012
0.150344
0.010180
0.008347
0.025731
0.089377
0.112839
0.058164
-0.011093
0.000000
0.070823
0.000179
0.021652
0.053871
0.019833
0.096700
0.035317
0.114817
0.043379
-0.075013
-0.045353
-0.034368
0.022808
0.029125
0.048095
-0.005634
0.001976
0.085623
0.049555
0.071326
0.071001
-0.019878
-0.084931
0.039701
0.024796
-0.103585
-0.004338
0.039352
0.059154
0.108243
0.019140
0.034832
-0.010825
0.032098
0.085092
0.034801
0.046601
-0.010748
-0.055455
-0.028357
0.038264
0.017841
0.003725
0.040555
0.046026
0.001880
-0.011938
0.099157
0.152562
0.096935
-0.019990
0.022962
-0.005144
-0.016009
0.058381
0.028309
0.021553
0.034771
0.059578
0.015404
0.065325
0.086984
0.103363
-0.058366
0.033561
0.029219
0.124623
0.071889
0.033075
0.016069
0.024613
0.061191
0.048225
-0.039053
0.063819
0.015812
-0.019259
0.016221
0.009396
0.010194
0.048820
-0.020556
0.038004
0.021038
0.026855
0.086338
0.088513
-0.053350
-0.059046
0.098594
0.064260
0.071133
-0.003990
0.058965
0.047898
0.060731
-0.074634
0.060136
0.117824
-0.036445
-0.031809
0.007526
0.062727
-0.050253
0.074723
0.003627
0.018574
0.033989
-0.002242
0.283970
0.051027
0.065881
0.004124
0.095565
-0.051177
0.142669
0.092604
0.056509
0.063622
0.122561
0.045937
-0.039834
0.035627
-0.041408
0.024126
0.025444
0.055874
0.075518
0.074721
0.125617
0.059778
-0.011524
0.012656
0.061599
0.024115
0.147503
-0.006327
0.049483
0.024185
0.008946
0.010375
-0.085384
0.059629
0.044573
-0.060853
0.021952
0.102723
0.010463
0.034643
0.017397
0.000000
0.042454
-0.050269
0.008374
-0.015815
0.005192
-0.012577
-0.013667
0.035624
-0.007613
-0.088619
0.076348
-0.002463
0.051911
0.081439
-0.044598
0.073062
-0.027917
0.008026
-0.036029
0.102922
-0.020649
0.059648
0.011719
0.084720
0.061082
-0.019877
0.040503
0.012806
0.114605
0.038266
0.009004
0.053043
0.029303
0.018777
-0.058243
0.011629
0.012326
0.028723
-0.010540
0.031392
-0.054656
0.022190
0.001419
-0.046209
-0.012125
-0.054244
0.067287
0.079798
-0.074893
-0.032679
-0.044525
0.079734
0.009408
0.066672
0.019094
0.075791
0.090906
0.013585
-0.008657
-0.071077
0.007091
0.129475
0.031511
-0.029348
0.020965
-0.035709
0.029808
0.003812
0.048075
0.006227
-0.000781
0.131503
0.098533
0.024836
-0.016964
0.018085
0.017627
-0.006027
0.024261
0.009391
0.005136
0.087913
0.035691
0.031005
0.011084
-0.034437
0.031259
0.031301
0.017231
-0.002289
0.029914
0.113097
0.002720
0.097772
0.032940
0.062415
-0.052866
0.036187
-0.008215
0.101702
0.039462
0.084761
-0.027962
0.005878
0.032030
0.059487
0.011259
0.064612
0.325791
0.452325
0.091077
0.027034
0.122828
0.006575
0.133828
0.022933
0.017514
0.048688
0.013755
0.060926
0.076571
0.055090
0.024203
0.098497
0.035881
-0.019594
-0.047330
0.032166
0.019301
0.008744
0.013613
-0.065938
0.069786
-0.006207
-0.030907
0.080341
0.006493
-0.075497
0.029321
-0.003363
0.064542
0.021016
0.008359
0.010487
0.084966
0.026466
0.063133
0.040724
0.095341
0.054759
0.022940
0.041200
0.053097
0.040439
-0.006434
0.010204
-0.064117
0.042330
0.003778
0.050411
0.091839
0.086018
0.025205
0.014682
0.167499
0.054180
0.029197
0.084383
0.002584
0.097004
0.100116
0.154466
-0.046553
-0.033571
0.002986
0.080701
0.058720
-0.015716
0.043162
0.017761
0.023023
0.019708
0.124889
-0.005459
-0.033369
-0.030571
0.000000
0.014832
0.063484
0.059103
0.059482
0.059908
0.108735
-0.019154
-0.079441
0.019422
0.020813
0.054401
-0.002872
0.070927
0.052334
-0.001938
0.078326
0.027724
0.074213
-0.041767
-0.015289
0.058284
0.093375
0.051515
0.022968
0.004858
0.064746
0.009540
0.056771
0.061666
0.169072
0.095688
0.129852
0.076875
0.042253
-0.023766
0.044010
0.008018
0.033932
0.042635
0.008592
-0.080646
0.063471
0.041726
0.020470
0.039715
0.002428
0.078850
0.041139
0.032148
0.049059
0.075789
0.069126
0.121913
0.077929
0.037064
0.037997
0.029277
0.021084
0.068419
0.103162
0.189004
0.039839
0.074830
0.064970
0.054437
0.042439
0.015674
0.025924
0.022195
-0.002398
-0.004894
0.025584
-0.014506
-0.056046
-0.000475
0.013330
-0.041415
0.025195
0.078202
0.028753
-0.058129
0.039505
0.036755
0.024364
0.030125
-0.021792
0.073145
0.031719
0.053376
0.052535
0.146307
0.088979
0.066823
0.061678
-0.022458
0.070357
0.083038
-0.067043
-0.030912
0.004633
0.014445
0.072251
0.025767
0.056699
0.160331
0.021665
0.049530
0.061577
0.071509
0.084699
0.097962
0.007196
0.105387
-0.013295
-0.012844
0.002200
0.040983
0.073805
0.222711
0.020506
0.034220
0.018349
0.042869
0.020927
0.044109
0.068230
-0.020759
0.027047
0.032653
0.059893
0.053983
0.027291
0.155792
0.189522
0.240114
0.016116
0.105503
0.157608
0.038243
0.001264
0.103506
0.018816
0.011035
0.033122
0.072542
0.052982
0.011044
0.151169
0.019456
-0.015854
-0.031497
-0.016185
0.098881
0.094125
-0.015722
0.063283
0.033642
-0.013471
0.004236
0.007771
0.151155
0.070323
0.011778
0.045431
0.056306
0.068840
0.128125
0.078665
0.027566
-0.085413
0.039178
0.096076
0.072880
0.013706
0.020298
0.004614
0.079352
0.003367
0.045199
0.032502
0.035366
0.066488
-0.007363
-0.047518
0.006661
0.019620
0.077546
0.004332
-0.013611
0.040262
-0.003835
0.148440
0.056050
0.000000
0.102034
0.043887
0.023749
0.035619
0.103049
0.031970
0.023343
0.076455
-0.047561
0.067405
0.007104
-0.024619
-0.011813
-0.059936
0.002323
0.284688
0.023530
0.036165
0.023126
0.039390
0.150779
-0.057053
-0.020135
-0.027617
0.009161
0.029021
0.061870
0.159207
-0.030422
-0.018670
0.070621
0.051399
0.046027
0.030560
0.080605
0.027604
0.109306
0.083936
0.098971
-0.051505
0.060849
0.041133
0.081978
0.042300
0.009260
-0.048587
-0.003883
0.011259
-0.036503
0.074822
0.124935
0.027794
0.033607
0.049618
0.039005
0.037317
-0.015898
0.049089
0.062967
-0.006111
-0.041701
0.057568
-0.012119
0.023879
-0.020928
0.041075
0.048743
0.025320
0.049569
0.046882
0.020573
-0.025051
0.063250
0.091713
-0.088369
0.000166
0.046439
0.043363
0.014651
0.003689
0.093963
0.100891
0.040408
0.029767
-0.017404
0.025860
0.029373
-0.068791
-0.033241
0.005646
0.038201
0.121017
0.051898
0.007764
0.069854
0.051568
0.003783
0.119227
0.079903
0.110585
0.016884
0.089375
0.085609
0.012960
-0.008936
0.041722
0.034035
0.068934
-0.057619
0.075829
0.012022
0.049075
0.074471
0.072127
0.110214
-0.012934
0.081237
-0.103832
0.064580
0.064006
0.122551
-0.000376
0.009382
0.018279
0.174216
0.040783
0.070794
0.053414
-0.031231
0.022560
0.063136
0.077882
0.112654
0.125209
0.070821
0.121885
-0.049005
0.012859
0.047312
0.072533
-0.011687
-0.012883
-0.027086
0.067454
-0.025238
-0.019638
0.052760
0.004457
0.044924
0.078844
0.095915
0.074882
0.007255
-0.103453
0.080336
0.003460
0.038415
0.056119
0.054761
0.060942
0.021322
0.087940
-0.053267
0.037459
0.081371
0.076737
0.004770
-0.002668
0.064827
0.052106
0.026442
0.074850
0.110973
0.068837
0.043123
0.063547
-0.029992
-0.057010
-0.061367
0.015023
-0.036079
0.095649
0.049090
0.012545
0.158480
0.053080
0.024329
0.160828
0.055363
0.032774
0.103572
-0.065061
0.056920
0.095757
0.150954
0.060786
0.049790
0.047280
0.051278
0.110050
0.016412
-0.040920
-0.011269
-0.053039
0.047761
0.117427
0.037577
0.066084
0.098450
0.070075
0.288678
0.126119
0.003621
0.120291
0.014314
-0.004647
-0.041613
0.047374
0.144692
0.014001
-0.023825
-0.012384
-0.019069
0.058264
-0.042624
0.031874
-0.012184
0.070374
0.039012
0.062020
0.057779
0.080974
0.000364
0.101597
0.086993
0.139475
0.025123
0.022096
0.104195
0.026801
0.073004
0.070275
0.007824
-0.056869
-0.022388
-0.011445
-0.096063
0.070379
0.049595
0.115981
0.037508
0.149217
0.003481
0.120206
0.029137
0.020913
0.024590
0.051076
-0.050064
0.006612
-0.026060
0.113904
0.037811
0.032183
0.015760
0.029274
-0.062805
0.000082
0.033706
-0.016387
0.017439
0.060057
0.019102
0.018642
0.037157
0.078752
0.024933
-0.143941
0.026079
0.012827
0.011556
0.006621
-0.083345
0.082448
0.045445
-0.016357
0.060498
0.112941
-0.082586
0.049223
0.032569
0.007584
0.000100
-0.044362
0.017063
0.052384
0.055317
0.092879
0.051947
0.009517
-0.087532
0.116454
0.012140
0.015339
0.013442
0.043835
0.054885
0.039054
0.062214
0.137668
-0.050547
0.064228
0.057123
-0.056552
-0.035803
0.073560
0.030065
0.152884
-0.051026
0.085627
-0.006729
0.075984
0.031313
0.073707
0.041898
0.003133
0.039129
0.125090
0.164753
0.075578
0.023325
0.053419
0.026650
-0.004510
0.001324
-0.007566
0.082657
0.025315
0.082013
0.069934
0.146430
0.041062
0.075056
0.088426
0.036043
0.061995
0.024264
0.123014
0.060313
-0.033211
-0.020093
0.037197
0.103202
0.022740
-0.206173
-0.011170
-0.254517
0.041584
0.024051
-0.012504
0.035101
0.035941
0.068393
0.058726
0.021605
0.093759
0.007486
0.033333
0.039325
0.145542
0.023022
0.013664
0.018492
0.116050
0.001376
-0.036660
0.019013
0.177085
0.001835
-0.050768
-0.054012
-0.009510
0.036033
-0.017088
-0.031219
0.195893
-0.024185
0.039005
0.097197
0.017281
0.040388
0.049066
0.037801
0.060439
0.043869
0.062928
0.051874
0.027292
0.183613
0.032933
0.131248
0.051258
-0.041783
0.107832
0.082851
-0.081176
0.011048
0.055425
0.072507
0.042836
0.006620
-0.055797
0.046741
-0.016714
-0.016355
0.008508
0.025766
0.023841
-0.008523
0.034065
0.027711
0.147543
0.120500
0.025246
-0.058826
0.103308
0.024024
0.029835
-0.014598
-0.045289
-0.037669
0.011518
0.023240
0.081052
0.047651
-0.029699
-0.026289
0.121841
0.015901
-0.013113
0.064160
0.001943
0.047506
0.064924
0.056201
0.013505
-0.003219
-0.059537
0.086192
-0.066878
0.012416
0.017550
0.072545
-0.035951
0.081833
-0.007647
0.094352
0.056014
0.029503
0.077096
0.160952
-0.042779
0.011025
0.044461
-0.000320
-0.030194
0.149427
0.060446
0.050962
0.020272
0.016230
0.028690
-0.039004
0.072371
0.025185
0.042649
0.023133
0.002479
0.001379
0.050086
0.031527
-0.002326
0.131849
0.033490
-0.018111
0.038593
0.035602
0.062926
0.065895
0.099862
0.056325
0.050774
0.051015
0.095054
0.015278
0.064274
-0.001959
0.004494
0.012904
0.057731
-0.065161
-0.023762
0.080296
-0.061949
-0.010750
-0.036946
0.014432
0.028507
0.000000
0.047455
-0.018809
-0.069765
0.025642
0.008630
0.030430
0.076097
0.056726
0.030115
0.012236
0.046740
0.025272
-0.003955
0.029413
0.008520
0.009836
-0.035980
0.059100
-0.027250
0.018480
0.020510
-0.014647
0.085658
0.041410
0.078726
0.055692
-0.021692
0.010123
-0.061766
0.097957
0.070894
0.062746
0.107251
0.009263
0.017332
0.004158
-0.041159
0.046411
0.030660
0.018077
0.049912
0.037045
0.096805
0.047461
0.038456
0.046537
0.030248
-0.023092
0.028693
0.049845
0.039479
0.062164
0.064014
0.044248
0.101554
-0.006898
0.057345
-0.028706
0.069176
0.021538
0.023025
0.083884
-0.083837
0.044720
-0.016804
0.151048
0.134264
0.003031
-0.006643
0.041536
0.089362
0.073603
0.029484
0.038021
0.018232
0.023513
0.062451
-0.033567
-0.033473
0.061235
0.065811
0.046771
0.086998
0.065905
0.011999
0.063747
-0.072480
0.030625
0.116491
0.022490
0.039943
0.067747
-0.011826
0.050080
-0.061226
0.003960
0.029432
0.017105
-0.004258
0.029233
0.110764
-0.003080
0.081499
-0.010152
0.030391
0.063625
0.027005
0.032364
0.095915
0.032039
-0.002480
0.117352
0.041510
0.059798
0.017204
0.025063
-0.001927
0.008701
0.083487
-0.046673
0.027370
0.161683
0.180225
0.071532
-0.008757
-0.022012
0.086755
0.043611
0.062973
0.005555
0.043584
0.040382
-0.161842
-0.178411
-0.010287
0.043022
0.053904
0.042452
0.056345
0.091739
0.063812
0.071194
0.012803
0.061889
0.070274
0.071439
0.233794
0.268543
0.026156
0.266459
0.077371
0.038112
-0.000827
-0.005100
0.016861
0.078207
0.104254
0.028126
0.053869
0.036902
-0.007684
0.004050
0.023939
0.094798
0.062007
0.083264
0.019245
0.028735
0.043258
0.024315
-0.033188
0.041223
0.061831
0.079222
0.006995
-0.054907
-0.000869
0.107965
0.063851
0.045883
0.041780
0.091139
0.103772
-0.017314
0.022137
0.000148
0.052201
0.084277
0.048176
0.042591
0.059417
0.060670
0.004224
0.046482
0.113014
0.069939
0.021825
-0.013097
0.010009
0.003589
0.013367
0.055635
0.026390
0.020669
-0.000129
0.103143
0.049527
-0.000324
0.129425
0.035727
-0.042258
0.027430
0.108030
0.050574
0.026945
0.073168
0.146348
0.094114
0.073416
0.038511
0.048323
-0.029543
0.012243
0.000462
0.002390
0.021344
0.038028
-0.003238
0.108011
0.052206
0.045444
0.052678
-0.036133
0.141758
0.136976
-0.092678
-0.055343
0.033258
0.018770
0.061245
0.083004
-0.002432
0.090511
0.004692
-0.000202
0.045754
-0.031978
0.068515
0.046024
0.009134
0.081789
0.185257
-0.017630
0.067083
-0.015184
0.148590
0.007535
0.064654
0.097438
-0.047828
0.003992
-0.014888
0.036082
-0.035025
-0.146204
-0.028776
-0.061374
-0.037924
-0.020243
-0.057365
0.029594
0.075568
0.103958
0.064504
0.003786
0.094741
0.018398
0.032518
0.020899
0.008223
0.052221
0.067349
0.065653
0.006575
-0.000491
0.012084
0.108035
0.022905
0.037842
-0.006792
0.037886
0.012081
0.054616
-0.042876
0.037339
-0.041472
-0.040207
0.040881
0.006179
-0.022073
0.065771
0.060673
0.020393
0.046647
0.050070
0.035871
0.053734
0.023019
0.077263
-0.015825
0.075384
0.081449
0.045707
0.038683
-0.013662
0.001711
-0.067414
0.017058
-0.030927
-0.037492
-0.042984
-0.012899
0.028172
0.122832
0.017298
0.129534
0.074670
0.023718
-0.014094
-0.060295
0.034480
0.067564
0.215808
0.023329
0.018424
0.000000
0.008801
0.042746
0.007411
0.054168
0.032007
0.040645
0.093829
0.052779
0.008956
0.057919
0.058789
0.007831
0.027641
-0.002709
0.000000
0.060801
-0.015280
0.009730
0.000000
0.038532
0.021489
0.056416
0.051365
0.034823
0.039559
0.041997
0.070318
0.004366
-0.001472
0.055656
0.028620
0.041248
0.084835
0.004964
0.027697
0.113220
0.084366
0.003743
-0.009258
-0.017315
0.065424
0.042018
0.004877
0.043151
-0.019457
-0.057140
-0.222775
0.034889
0.010421
0.017933
0.017314
0.019374
0.092336
-0.019026
0.077107
0.051503
0.070520
0.011680
0.028460
0.050795
0.005606
0.078496
0.052765
0.144704
0.038614
-0.015771
0.094144
0.044187
0.003113
0.059681
0.054474
0.071513
0.099118
0.022605
0.055377
-0.019719
-0.054561
-0.075041
0.068090
0.032254
0.032344
-0.006524
0.019024
0.016905
0.027795
0.060068
0.066078
-0.000128
0.097133
0.038127
0.094279
0.069856
0.032482
0.038162
0.059672
-0.001667
0.071094
0.043695
0.019892
0.076829
-0.033776
0.135419
-0.071697
0.032125
0.031896
0.061951
0.070115
0.037123
0.114574
0.039300
-0.051303
0.027820
-0.027739
-0.021895
0.103399
0.083460
0.065530
0.133941
-0.029040
0.023925
0.058814
0.006404
-0.054446
0.017398
0.125730
0.053969
0.043519
0.050597
-0.044344
0.033085
0.028902
0.029810
0.057289
-0.025556
0.042051
-0.030986
0.084767
0.052730
0.103830
0.033794
0.078547
0.019028
0.069946
0.087139
0.047316
0.054945
0.020226
0.058160
0.068238
-0.048278
-0.020166
0.182021
-0.033357
0.037308
0.075902
-0.031446
0.035651
-0.048003
0.013500
-0.033213
0.009322
-0.069072
-0.066408
0.080018
0.044505
0.004701
0.041017
0.142532
0.032334
0.084402
0.028214
0.126846
0.108078
-0.006674
0.042296
0.017712
0.056122
0.011764
0.090464
0.040774
-0.017053
0.148795
0.234312
0.158013
-0.009198
-0.012187
-0.096888
0.002494
0.002001
0.025341
0.005570
0.010328
0.041957
0.070349
-0.011477
-0.106698
0.037779
0.032353
0.006323
-0.043219
-0.050193
0.048112
0.094600
0.053060
0.055147
-0.046037
0.046466
0.047083
-0.063393
-0.013055
0.130700
-0.018566
-0.062029
0.017059
0.062671
0.072032
0.015194
0.057408
-0.003358
0.032213
0.046312
0.127018
0.028994
0.089148
0.048957
0.026591
-0.002783
0.054698
0.081283
-0.003598
-0.029854
-0.004932
0.110473
0.027053
0.043203
-0.049648
0.033661
0.083389
0.056983
0.010851
0.062369
-0.045565
0.009805
0.045704
-0.002873
0.002071
0.063575
0.035705
0.022358
-0.011665
0.017876
0.045190
0.079196
0.022062
0.093665
0.047675
-0.019525
0.037500
0.006492
0.061149
-0.018125
0.051041
0.085435
0.030524
0.042134
0.006092
-0.007347
0.021414
0.112537
-0.009525
0.105671
0.005140
0.092216
-0.025062
0.054112
0.137497
-0.031248
0.052383
0.005806
0.096065
0.018843
0.067976
0.053555
0.011221
0.025280
-0.018540
0.087214
0.160840
0.008704
0.066474
-0.046946
0.017948
-0.025552
0.001490
0.020291
0.162418
0.116324
-0.019168
0.013432
0.045037
0.032679
-0.012628
0.051876
0.023071
0.044114
0.061041
0.003844
0.023188
0.046333
0.068589
0.020256
-0.001329
0.018956
-0.063908
0.068353
-0.051297
0.058487
0.000000
0.000000
0.000000
0.012047
0.057821
-0.019065
0.027597
0.077867
0.023481
0.065346
0.031175
-0.006709
-0.002885
0.048696
0.131000
0.016389
-0.057150
0.051785
0.073880
0.051534
0.043471
-0.060198
0.038720
-0.052748
0.014964
0.046443
-0.001134
0.000000
0.046486
-0.032835
-0.000179
-0.000929
0.026800
0.016110
0.029285
0.041142
-0.021425
0.030462
-0.001216
0.000000
0.046988
0.024449
-0.043343
-0.042265
0.084107
-0.031854
0.034549
0.080647
0.073373
0.034117
0.041714
0.103978
-0.015594
-0.052879
0.027838
-0.054024
0.041691
0.029193
0.014246
0.024209
0.033530
0.040287
-0.022469
0.053078
0.125187
-0.005457
0.045764
0.079060
-0.049082
0.087304
0.037415
0.029451
0.061000
0.046298
0.002554
0.029104
0.036085
-0.009990
0.000000
-0.021239
0.000000
0.092818
0.051443
0.066588
-0.004435
-0.000945
0.032938
0.038438
0.048041
0.043145
0.032679
0.049291
0.038863
0.027413
0.000000
0.083334
-0.003205
0.043275
-0.037681
0.060895
0.050743
-0.005832
0.000000
0.084013
0.011023
0.001615
0.023093
0.059028
0.079275
0.044591
0.108374
0.087571
0.003465
0.063425
0.004712
0.212477
-0.031901
0.041253
0.020468
-0.070264
-0.005129
-0.022376
0.013765
0.276291
-0.023919
-0.014488
0.076956
0.000000
0.018374
0.177970
0.087314
0.058876
0.082321
0.006075
0.031948
0.049040
-0.025883
0.018888
0.034306
-0.021498
-0.044296
-0.032337
0.035411
0.060752
0.016317
0.000000
0.000000
0.000000
0.034956
0.046375
0.024292
0.073375
0.019430
0.162123
0.001188
0.003120
0.018394
0.003591
0.019076
0.074879
0.002936
0.141258
-0.124342
-0.156216
-0.184576
-0.031715
0.030249
-0.137466
0.065057
-0.086091
0.074241
-0.011432
0.022695
-0.007659
-0.060672
0.104447
0.164655
-0.360428
0.053209
-0.014567
0.204739
0.013053
0.037192
0.057501
-0.150113
0.030680
-0.030919
0.081971
-0.129049
0.015985
-0.063320
-0.029905
0.216956
-0.012911
0.007953
0.030727
0.012672
0.422866
-0.133338
-0.068955
0.019111
0.105765
-0.317268
-0.088181
0.032601
-0.028906
0.077823
-0.025702
0.043664
0.036594
0.026857
-0.021610
-0.075604
0.283484
0.019162
0.060172
-0.059429
-0.088209
-0.034126
0.109949
-0.183465
-0.123082
-0.099699
-0.120236
-0.093904
-0.073881
0.022607
-0.064069
0.033290
-0.004009
0.057374
-0.278996
-0.184435
-0.204861
-0.196882
-0.077402
-0.080633
-0.053816
-0.089061
-0.068272
-0.031474
-0.048227
-0.137815
0.007297
-0.028107
0.000905
-0.007290
0.017404
0.020733
-0.050875
-0.018841
-0.040036
-0.012793
0.000047
0.055611
-0.028329
0.020328
-0.009643
-0.051480
-0.020755
-0.083260
0.109103
-0.194179
-0.057416
-0.047825
-0.070911
-0.039063
-0.053607
-0.079140
-0.076852
-0.043318
-0.061369
-0.043720
-0.011453
-0.086346
-0.067283
-0.065878
-0.097348
-0.009717
0.042520
0.021224
-0.087257
-0.023839
-0.025145
-0.011691
-0.059406
-0.069885
-0.098904
-0.058979
-0.001501
-0.044564
-0.026963
-0.209153
-0.012917
0.023397
0.081907
-0.086262
0.059903
0.080249
0.022413
0.000771
-0.162141
-0.064792
-0.001259
-0.035825
-0.100980
-0.271183
0.012143
0.079658
-0.064846
-0.149113
0.010315
0.059033
-0.033688
-0.046751
0.145501
-0.077200
0.007552
0.007528
0.019024
0.007120
0.020969
0.006915
-0.055074
-0.038199
0.043448
-0.012028
0.021564
0.017767
0.025046
-0.050465
-0.018926
-0.003956
-0.016323
-0.032680
-0.060866
-0.105688
-0.032956
-0.058362
-0.146590
-0.066664
-0.159629
-0.037540
-0.059191
-0.025322
-0.056656
-0.029604
-0.096251
-0.037291
-0.028560
-0.021963
-0.033461
-0.085854
-0.077813
0.024733
-0.067122
-0.167320
-0.027872
0.016803
-0.091444
-0.004802
-0.113235
-0.049034
-0.023215
0.046267
-0.067296
-0.052506
-0.012377
-0.103631
-0.040897
-0.103239
-0.048215
-0.097263
-0.128276
-0.186428
-0.032291
-0.084353
-0.084586
-0.066405
-0.121487
-0.102220
-0.130375
-0.036663
-0.030276
-0.062821
-0.058958
-0.049901
-0.020744
-0.007060
-0.062717
-0.060546
-0.076346
-0.081291
-0.054458
-0.023377
0.004877
-0.017410
-0.036250
0.030440
-0.118981
-0.125833
-0.017714
-0.079129
-0.021644
-0.205923
0.011721
0.055862
-0.090882
-0.101048
-0.060756
-0.103805
-0.079327
0.102295
-0.021206
-0.102173
0.016892
-0.035799
-0.075426
-0.110679
-0.073203
-0.003553
-0.030931
0.015603
-0.073004
-0.037702
-0.039627
-0.054182
-0.064138
-0.159866
-0.093750
-0.081529
-0.156156
-0.068084
-0.077230
-0.126072
-0.110354
-0.089483
-0.084962
-0.044980
-0.026053
-0.114478
-0.130618
0.013812
-0.036431
-0.048538
-0.139234
-0.053143
-0.020846
0.227215
0.104857
-0.168027
-0.098907
0.007808
-0.013797
0.126434
-0.078944
-0.036284
-0.038797
-0.103873
-0.074565
-0.300674
0.014189
-0.057013
-0.060979
-0.104335
0.055976
-0.132700
-0.044957
-0.057366
-0.082289
-0.124433
-0.082617
-0.101328
-0.051270
-0.071013
-0.085677
-0.107863
-0.096821
-0.087201
-0.063088
-0.116655
-0.130909
-0.153168
-0.021874
-0.051174
-0.013718
-0.178491
0.004841
-0.038389
-0.061977
-0.063532
-0.109809
-0.227800
0.030540
-0.011117
-0.063124
-0.112451
-0.136142
-0.176538
-0.087885
-0.111802
-0.047173
-0.052074
-0.029846
-0.096639
-0.106356
-0.157556
-0.055538
-0.079739
-0.083210
-0.055413
-0.094849
-0.018543
-0.028369
-0.036438
-0.093282
0.034404
-0.015931
-0.110020
0.004205
0.144189
