-0.002370
0.010298
0.000658
0.013982
0.001847
-0.002455
0.013277
0.019215
-0.098884
0.052587
0.016361
-0.042183
0.015543
0.038256
0.007626
0.075470
0.053550
0.000445
0.002500
-0.009034
0.004531
0.062094
-0.005715
-0.037063
-0.027704
0.049886
0.032518
0.038863
0.002091
0.002514
0.015395
0.012926
0.015336
0.004918
0.123444
0.014723
0.005886
0.007586
-0.004923
-0.032744
-0.006147
-0.013854
-0.000818
-0.028852
-0.026794
-0.037648
-0.010522
0.020420
-0.074917
0.088999
0.062335
0.309690
-0.015921
-0.006385
0.006776
-0.011325
-0.027217
-0.009413
-0.056106
-0.021097
0.036646
-0.057565
0.004449
0.024594
-0.002177
0.005326
-0.024895
-0.001441
0.003868
-0.038020
0.042082
-0.001425
0.037193
-0.005945
0.017349
0.017975
-0.081548
-0.021119
-0.078420
-0.009430
-0.103608
-0.021972
-0.025446
-0.004555
0.000325
-0.012893
0.001416
0.071973
-0.001566
-0.018101
-0.066827
0.022396
0.013811
-0.009772
-0.038308
-0.069992
-0.037377
-0.008260
-0.017775
0.035299
0.008215
-0.013658
-0.007532
-0.002568
-0.046638
-0.071803
0.013702
-0.020099
0.021610
0.002528
0.038745
0.016421
0.009012
0.026634
-0.016673
-0.004173
-0.024178
0.000000
-0.012432
0.000000
-0.013389
0.000000
-0.016165
0.000000
-0.003026
-0.006641
-0.002562
0.026418
-0.003575
-0.037255
0.027825
-0.006370
0.044796
-0.001403
-0.021122
0.026728
-0.025801
-0.044571
-0.023296
-0.019398
-0.022370
-0.037592
-0.040137
-0.058879
0.064189
0.026257
0.055137
0.107559
-0.009518
-0.014082
-0.085719
-0.022732
-0.020672
-0.030563
-0.022513
-0.074726
-0.041542
0.047998
-0.048395
-0.001447
-0.040191
-0.009862
-0.062882
-0.108085
0.000000
0.000000
0.000000
0.000000
0.007724
-0.007470
-0.015558
0.000000
0.000000
0.000000
0.000000
0.000000
0.000000
0.000801
-0.019482
-0.019213
-0.029957
-0.008822
0.000664
-0.002551
0.000000
0.026906
-0.023968
-0.026344
-0.016000
0.000000
0.087736
0.005870
-0.054761
0.007236
0.010188
-0.028474
0.070781
-0.005792
-0.097333
0.033744
-0.096770
0.002232
-0.009871
-0.025826
-0.009632
0.023537
-0.262157
0.000000
0.000000
0.000000
0.166957
-0.025694
-0.160617
0.023469
0.048162
-0.018469
0.000000
0.000000
0.000000
0.000000
0.000000
0.000000
0.000000
0.000000
-0.014993
-0.017774
-0.018132
-0.014424
0.026864
-0.001622
-0.014885
-0.068652
0.000133
0.019267
-0.059517
0.112081
-0.008026
-0.007709
-0.050875
0.071587
-0.018764
-0.059924
-0.028019
0.169936
0.064271
0.004267
0.007500
-0.005799
0.080501
-0.033568
-0.002677
-0.027662
-0.080739
-0.025137
-0.024975
-0.004968
0.015385
0.191571
-0.005908
0.013959
-0.003674
-0.017809
-0.028189
-0.021502
0.139364
0.185015
-0.015248
0.007865
0.015084
-0.016896
-0.056693
0.005226
-0.040811
-0.003138
0.020831
0.028652
-0.101027
0.035726
0.051839
0.019381
0.023006
-0.009962
-0.011416
-0.036448
0.015800
0.124486
0.066908
0.122463
-0.000656
-0.014023
0.006260
0.054509
-0.012557
0.006456
0.005300
0.011595
0.006647
-0.055528
-0.027710
0.031054
0.009254
-0.015141
0.038010
0.050464
-0.056728
-0.000271
-0.061688
0.000000
0.009649
0.034801
0.111642
-0.015292
-0.009861
0.010198
-0.009226
0.036389
0.038383
-0.039224
-0.034009
0.113157
-0.005550
-0.007796
-0.099146
-0.030552
0.010822
-0.026213
-0.049482
-0.005139
-0.007360
-0.032466
0.001027
0.035400
0.197197
0.075153
0.149439
0.046560
0.022734
0.084377
-0.007148
-0.014286
-0.017957
-0.015560
0.027424
-0.001035
0.176673
-0.079808
-0.020777
-0.009899
0.000000
-0.033090
-0.021775
0.002935
-0.003764
0.015138
0.041107
0.007422
0.041339
-0.011111
-0.000254
0.003701
0.005834
0.090664
-0.002103
-0.117396
-0.007339
0.026104
0.001374
-0.041436
-0.004949
-0.021322
-0.015615
0.009273
-0.011395
-0.003803
-0.004342
-0.020005
-0.088211
-0.017249
-0.034578
-0.020038
-0.021640
-0.025034
0.032357
-0.010611
0.138938
-0.027297
0.020628
0.019571
0.025981
0.000489
0.024838
0.035721
0.049265
0.065548
0.009082
-0.033202
-0.023638
0.014685
0.056756
-0.061673
-0.006187
-0.013222
-0.068357
0.000000
-0.045977
-0.022612
0.013599
-0.038736
-0.009396
0.055363
0.025007
0.025977
-0.008439
0.032508
-0.003031
-0.007058
-0.047422
-0.001826
-0.017849
-0.008403
0.015948
-0.004228
-0.025387
0.021216
-0.045079
0.030099
0.092801
0.059008
0.162819
-0.022865
0.072426
-0.041966
0.047234
0.030348
0.053746
0.001177
0.002238
-0.051144
-0.057400
-0.007967
0.023115
-0.002367
-0.020967
-0.056760
0.001777
0.048015
-0.050357
-0.004788
0.018911
-0.025662
0.002424
-0.030051
-0.014110
0.002655
-0.056690
0.049653
0.009224
-0.014595
-0.041989
-0.003013
0.276836
0.021893
-0.040643
-0.009421
-0.005833
-0.015912
-0.029276
0.004017
-0.054045
-0.044522
-0.074550
-0.003714
0.023461
0.000071
-0.046066
-0.005299
-0.013203
0.017363
0.516995
-0.077925
0.009967
0.023257
-0.033278
0.099274
-0.013927
-0.020238
-0.005971
0.023320
-0.052151
-0.118924
-0.023473
0.087309
0.308583
0.022393
0.041047
0.014359
0.074886
-0.030672
-0.002037
-0.003244
-0.027861
-0.017846
0.039141
-0.010469
0.057025
0.012786
-0.031221
-0.011467
-0.021273
0.052347
-0.052157
-0.020687
-0.019147
-0.064983
-0.037828
-0.060411
-0.004627
-0.032165
-0.013660
0.000711
-0.012583
-0.018198
0.051028
-0.006218
-0.036009
-0.009705
-0.034389
-0.037958
-0.033456
-0.033916
-0.035175
0.008240
0.008027
-0.004296
0.064760
0.027525
-0.014983
-0.025132
-0.011405
0.002514
0.067997
-0.029063
0.011881
-0.029451
0.027100
0.003099
-0.020848
-0.003669
0.012429
-0.001572
0.062078
0.003220
0.013607
0.004032
-0.003190
-0.025132
-0.031893
-0.048639
-0.019367
0.002503
-0.013462
0.002448
-0.009796
0.068050
0.016828
-0.064822
-0.002824
-0.003110
-0.010370
-0.054783
-0.025742
-0.023940
-0.012195
0.044228
0.029048
0.005456
-0.029058
-0.073768
-0.034734
0.024602
-0.008722
-0.037133
0.002963
0.042736
-0.022145
-0.120853
-0.053392
-0.051314
-0.019731
0.014305
-0.028936
-0.014229
-0.028636
-0.035143
-0.007442
-0.015716
-0.005585
0.034262
-0.029161
-0.013119
-0.019496
0.005749
-0.052479
0.014744
0.050641
-0.018045
0.012415
0.032757
0.006550
0.069762
0.142095
0.007754
-0.021731
-0.002092
-0.078263
0.006273
-0.024693
-0.009626
-0.018981
-0.001613
0.068140
0.003563
-0.016964
-0.011871
-0.005536
-0.017713
-0.022477
-0.019921
-0.049479
0.011509
0.198320
-0.018004
0.017057
-0.000498
0.011854
-0.008339
0.003082
0.001617
-0.075534
0.067192
-0.031472
0.028726
-0.039696
0.026733
-0.007741
0.043216
0.102593
0.025938
0.000274
0.004803
0.013777
-0.016148
-0.027523
-0.031937
-0.070697
-0.031795
0.000403
-0.031211
-0.072094
0.098881
-0.075752
-0.057578
0.099085
-0.006472
-0.017609
-0.027906
-0.021634
-0.094944
0.007063
-0.031434
-0.033107
-0.023922
0.025571
-0.030207
0.000329
-0.034161
0.025319
0.012280
0.042995
0.092216
-0.043192
-0.006521
-0.007675
-0.032418
0.014746
-0.042809
-0.001218
-0.012196
-0.018886
0.013571
0.014908
-0.002497
0.010723
-0.000994
-0.013077
0.040193
0.117961
0.003944
0.001124
0.041222
-0.034798
-0.059189
-0.013399
-0.013394
0.009339
-0.072319
0.042310
-0.050445
-0.018625
-0.024490
-0.015171
0.042455
0.073913
0.063878
0.121725
-0.001188
0.000000
-0.037399
0.004417
0.104321
0.085924
0.000842
-0.018538
0.005030
0.024954
0.001408
-0.017224
-0.020216
0.036443
-0.013107
-0.026368
0.054915
0.024209
-0.009092
-0.024106
0.521003
-0.045616
-0.004598
-0.017175
0.018691
0.022701
0.015989
-0.037485
-0.017417
-0.021929
-0.024170
-0.007725
-0.009454
0.078654
-0.001967
-0.025935
-0.020063
0.000288
0.012732
0.093038
0.033403
-0.015129
0.072121
0.055881
-0.041104
0.008657
-0.042943
-0.022726
0.152902
0.004572
-0.052749
0.166970
-0.019983
-0.071505
-0.025007
0.054104
0.073957
0.055535
0.016114
-0.008661
-0.029019
0.020607
-0.030973
-0.014425
-0.043227
-0.005562
-0.041591
0.023323
0.023765
0.023381
0.080738
-0.080919
-0.075115
-0.009341
-0.028126
-0.002253
-0.007347
0.036895
-0.030327
0.002361
0.012538
0.001396
-0.004964
-0.044093
-0.042835
-0.000618
-0.053993
-0.055561
0.170745
-0.003945
0.026315
-0.014344
0.014121
-0.060681
0.000000
-0.016684
-0.023420
0.077349
-0.017050
-0.010455
-0.039850
-0.002610
-0.004493
-0.036296
0.000039
-0.021592
-0.069948
-0.000952
-0.071642
-0.030803
-0.036750
-0.010876
0.038922
-0.030932
-0.015628
-0.025041
-0.024537
-0.014442
-0.007180
-0.008065
-0.010557
0.031821
-0.042689
-0.036894
-0.010926
-0.044129
0.007818
0.040015
-0.020897
0.074520
0.028111
-0.027235
-0.038496
0.010511
-0.039208
-0.058522
-0.003469
0.005636
0.160192
0.042500
0.001567
-0.039111
-0.031788
-0.043311
0.069533
0.053453
0.001016
0.434904
-0.038502
0.022294
-0.002708
-0.091965
-0.013672
0.011998
0.053918
0.025570
0.024034
0.002902
-0.041319
0.000531
0.015631
-0.001690
0.076949
-0.018224
0.127366
0.239714
-0.020303
-0.008855
-0.012014
-0.030292
0.012848
-0.016331
-0.000007
-0.006874
-0.002095
-0.021671
-0.007462
-0.051305
-0.026629
-0.103997
0.006921
-0.039913
0.030435
-0.005624
0.182507
0.000079
0.015584
0.007106
0.278574
-0.006183
0.107506
-0.036499
0.005787
-0.015348
-0.000720
0.009754
0.008950
-0.041688
-0.049734
-0.004087
0.066366
-0.058567
-0.004953
0.051616
-0.024627
-0.033499
-0.064003
0.021800
-0.005771
-0.065118
-0.036795
0.012799
-0.034904
-0.017190
-0.013539
-0.059741
-0.006612
0.042795
0.047783
-0.021632
0.049709
-0.044890
0.000151
-0.030396
-0.023978
-0.036670
-0.024544
-0.059613
0.006087
0.110309
0.021214
0.014694
-0.023468
0.339297
-0.005471
0.038773
-0.014320
0.004235
-0.004024
0.107529
0.007119
0.043430
0.203110
0.090979
-0.008738
-0.016636
-0.056992
0.169707
-0.030528
0.012556
-0.000476
-0.004690
-0.020042
-0.033361
-0.009282
-0.015884
-0.060098
-0.052764
-0.028077
-0.034382
-0.020769
0.011676
-0.031418
0.042105
-0.031116
0.063186
0.159843
0.213327
0.022313
-0.013461
-0.039569
-0.007036
-0.009655
-0.024415
-0.012359
-0.001411
-0.029768
0.069648
-0.000264
0.023849
-0.021089
0.073702
0.021393
0.068054
0.017690
-0.042810
-0.042927
0.001681
0.058073
0.021460
0.045552
-0.027703
-0.018981
-0.036511
-0.016188
-0.024811
0.073452
0.017691
-0.045114
0.215545
0.020398
0.131006
0.045613
-0.008037
0.011862
-0.043489
-0.047810
0.243249
-0.015901
-0.031874
-0.002709
0.046729
-0.038276
0.032083
-0.045273
-0.055039
0.039472
-0.007999
-0.007702
0.018253
-0.035169
-0.010398
0.002501
0.030975
-0.019746
0.006504
0.013846
-0.003389
-0.081439
0.013880
0.147563
0.078672
0.000893
-0.019788
-0.004633
0.023871
-0.001733
-0.056989
0.006439
-0.015468
-0.086055
0.009173
0.036390
-0.048686
0.026690
-0.022397
-0.013024
-0.053863
-0.005027
-0.096399
-0.008488
0.004360
0.093024
-0.013388
0.022523
-0.017658
-0.038035
-0.001495
-0.045459
0.028074
-0.001299
-0.019939
-0.066082
-0.025982
0.023074
0.022885
0.025197
-0.005774
-0.067006
0.095564
-0.022125
0.037668
0.050783
-0.022444
-0.047425
0.041915
0.021313
-0.048998
0.013337
-0.038162
-0.040937
-0.081175
-0.021618
0.048451
0.021135
0.001109
-0.047110
-0.027510
-0.014604
0.012709
-0.021749
-0.011411
0.030075
-0.018985
-0.020263
0.024914
-0.080756
0.161934
-0.083271
0.083389
-0.000193
-0.054415
0.037351
-0.027015
0.039020
-0.012057
-0.017303
-0.011717
-0.015660
-0.122896
0.013771
-0.038145
0.141355
0.007275
0.030581
0.024767
-0.000996
-0.016725
-0.021258
-0.021931
0.008070
-0.004423
0.037962
-0.061625
-0.028332
-0.024071
0.000000
-0.026756
-0.065744
-0.013361
-0.002419
-0.002416
0.033066
-0.035563
0.233033
-0.044868
0.102772
0.172045
0.016535
-0.020243
-0.018735
-0.009782
-0.036721
0.038496
-0.004537
-0.030661
-0.032792
-0.019391
0.010274
0.032203
-0.007651
-0.066160
-0.052921
-0.053717
0.000693
0.007475
-0.034610
0.016098
0.017097
-0.025025
0.000000
-0.009344
-0.026208
0.008693
-0.059043
0.003489
0.093559
-0.006450
0.087699
0.014246
0.005556
0.000000
-0.000505
-0.005575
-0.082927
-0.023498
-0.005577
-0.030542
-0.033377
-0.064661
-0.013422
0.000000
-0.025172
0.067558
0.043343
0.016567
-0.025219
0.009680
-0.061828
-0.003881
-0.078800
0.011687
-0.009437
0.028798
-0.014418
-0.011828
-0.048926
0.027416
-0.023643
-0.021855
0.005311
-0.043888
0.007165
-0.015195
-0.080532
-0.025769
-0.035068
-0.009896
-0.027283
-0.030633
-0.050716
0.020622
-0.038259
-0.035179
-0.060994
0.032096
0.068888
-0.008473
-0.032659
-0.008412
-0.069830
0.036412
0.035294
0.423606
-0.051602
-0.017499
-0.026271
-0.127510
-0.004074
-0.029699
-0.018529
-0.016149
0.088987
-0.017239
-0.030145
-0.002432
0.018058
-0.003305
-0.006610
0.003591
0.004269
0.008456
0.009987
-0.029012
0.020673
0.152954
0.065495
0.050021
-0.047986
0.029685
0.160948
0.143156
-0.011551
0.364278
-0.078670
0.023446
-0.036127
-0.015899
-0.063392
-0.018335
-0.154585
0.000352
-0.016848
-0.021145
0.009459
-0.002118
-0.074314
-0.067062
-0.006593
0.031690
0.026828
0.053713
-0.032328
0.030320
0.002619
0.148253
0.006270
-0.031503
0.170055
0.000356
-0.057816
-0.002491
-0.037021
-0.031228
-0.012582
-0.014178
-0.097240
0.034196
-0.056832
-0.093214
-0.083802
-0.026908
0.015297
-0.020831
0.016107
0.018351
-0.060980
0.018720
-0.042137
0.038557
0.018305
0.040383
0.042292
0.023417
0.019608
0.035287
-0.054138
-0.008863
0.004943
-0.000886
-0.013612
-0.011544
-0.030444
0.020564
-0.017963
0.012521
0.014741
-0.078210
0.031225
-0.036975
-0.024968
-0.060750
-0.011104
0.016594
-0.017737
-0.016779
-0.032981
0.038445
-0.018273
0.006325
-0.010266
0.006257
-0.008959
-0.012597
0.000992
-0.009382
0.040107
0.029165
-0.021733
0.115935
0.122792
-0.014770
-0.061588
0.000555
-0.022457
-0.004117
0.001340
0.015535
0.037803
-0.014758
0.003217
0.005452
0.010570
0.026111
0.005429
-0.005319
-0.013061
-0.047107
-0.008139
-0.004753
-0.032990
-0.020249
-0.035153
-0.014192
0.041612
-0.021232
0.094414
-0.008909
0.018253
-0.031578
-0.039002
0.074799
-0.034336
0.027175
0.026575
-0.012541
-0.039792
-0.058960
-0.018231
-0.010482
-0.065530
-0.009356
-0.043876
-0.019806
-0.086993
-0.028213
-0.016726
0.008550
-0.044210
-0.074367
0.028936
-0.031861
-0.057226
-0.024466
0.011378
-0.017607
-0.026753
0.040713
-0.017776
-0.039567
0.008909
-0.028684
0.109637
-0.059347
-0.046533
0.002231
-0.031373
-0.034600
-0.042832
-0.038290
-0.034675
-0.015300
-0.041111
-0.004488
-0.032044
-0.031302
0.001979
-0.008102
-0.130381
0.016834
-0.001942
-0.017610
0.056014
-0.033259
0.005348
-0.004164
-0.012826
-0.027800
-0.002403
-0.019629
-0.051478
-0.017503
-0.027496
0.063435
-0.005714
0.038309
0.037851
-0.027065
-0.011190
0.016618
0.120716
0.018413
0.103097
-0.027410
-0.050155
0.017011
0.014931
-0.017460
0.046117
-0.015736
0.029467
-0.049261
0.226165
-0.014278
0.006101
0.062341
0.004312
-0.036991
0.076765
-0.006607
-0.025356
0.034776
-0.019786
-0.018477
-0.005345
0.022968
0.054688
-0.012323
0.008023
0.000551
0.090126
0.082757
-0.022571
0.020046
-0.029567
0.000299
-0.029102
0.017007
-0.018100
-0.002459
0.090309
-0.035692
-0.003322
-0.024161
-0.006212
-0.004580
-0.004316
-0.027636
0.026104
-0.055689
0.000504
-0.026685
-0.004192
-0.013458
-0.017707
0.634141
-0.031528
-0.020381
0.068549
-0.026575
-0.011461
0.008475
-0.019271
-0.060361
0.036313
0.227653
-0.063192
-0.006787
-0.046049
-0.011626
0.093440
0.215824
0.038453
-0.015841
-0.036107
0.045730
-0.001065
0.029278
-0.002180
0.019267
-0.013504
0.042607
0.123589
-0.064383
-0.055064
-0.017807
0.019401
-0.028656
-0.009158
-0.031603
0.064283
0.305647
0.027764
0.028497
-0.023179
-0.001243
0.010729
-0.081017
0.144162
0.244223
0.162992
-0.042533
-0.006521
0.015475
-0.026389
-0.034120
0.000822
-0.009518
-0.011266
-0.023941
-0.074000
0.062823
-0.007621
0.081196
0.005830
-0.020093
-0.021836
0.017584
-0.074897
-0.039684
0.068602
-0.020499
-0.008907
-0.011701
0.010393
0.044907
-0.020891
-0.072909
-0.026483
0.078679
0.066211
-0.012198
0.000294
-0.006618
-0.001927
-0.022036
0.004055
0.001559
0.039268
-0.006784
-0.034407
-0.001932
-0.020977
0.010413
-0.024130
-0.002481
0.001259
0.015788
0.030045
-0.003099
-0.015173
-0.013262
-0.015392
-0.023956
-0.003094
0.051523
0.023737
-0.031182
-0.004956
0.025850
-0.031527
-0.014531
0.051879
-0.067987
0.075778
-0.025735
0.018410
-0.018234
0.006957
-0.022501
0.479600
0.100888
0.194207
-0.031186
-0.015332
0.015550
0.013197
-0.065650
0.005051
0.008886
0.068905
-0.007654
-0.012724
-0.082317
-0.046179
0.031107
-0.009598
-0.024093
0.036168
-0.033363
0.091821
0.452148
0.001784
-0.011906
-0.047189
0.012997
-0.023139
0.000000
-0.004329
0.042376
-0.039039
-0.027020
-0.036676
-0.062481
-0.010960
0.020548
-0.015783
0.002759
-0.002357
0.002594
0.071441
0.054050
-0.065953
-0.068583
-0.030327
-0.046968
-0.039471
0.051520
-0.002114
0.000415
-0.040496
0.082520
-0.010835
0.041067
-0.051549
0.022854
-0.025734
-0.028729
-0.016565
-0.005510
-0.039080
-0.015711
-0.023442
-0.022108
0.068260
0.006655
-0.015443
-0.003721
-0.009075
0.001296
-0.047445
-0.030550
0.016730
0.004582
-0.038064
0.018904
-0.008020
0.005599
0.033771
0.016081
0.007002
-0.026703
0.022271
-0.025006
-0.002053
-0.008880
0.021858
0.025738
-0.012653
-0.015059
0.063236
0.008251
-0.003134
-0.039429
-0.010578
-0.065756
-0.035624
0.067401
0.003882
0.018299
-0.022378
0.088699
-0.059653
0.046800
-0.005027
0.023328
-0.018928
0.002859
0.035792
0.021639
0.024219
-0.010084
-0.045416
0.007235
-0.029114
-0.012344
-0.001094
-0.006859
0.044102
-0.002081
-0.073030
-0.091537
0.105749
0.005918
-0.014203
0.004693
0.018000
-0.001589
0.000000
0.003275
-0.045547
-0.007879
0.015919
0.290663
0.006857
0.000000
0.107747
0.380532
-0.028090
-0.001345
0.015310
-0.004094
-0.007887
-0.015236
0.062354
-0.002853
-0.004672
-0.057732
-0.032678
0.009441
-0.029680
-0.000323
-0.000690
0.022592
0.013183
0.007217
-0.012095
0.035771
0.013932
0.018359
0.020373
-0.035863
-0.009940
-0.055891
-0.054171
-0.039943
-0.033950
0.017256
-0.015289
-0.053218
-0.029031
0.017519
-0.022191
-0.062448
0.077505
-0.032425
0.049853
-0.012822
-0.062778
-0.054187
-0.013698
-0.012843
-0.004262
-0.056520
-0.011774
-0.032425
-0.021509
-0.012464
0.014605
0.061175
-0.057567
-0.028766
-0.053784
-0.101838
-0.054403
0.002076
-0.076110
-0.017192
-0.003545
0.003514
-0.042730
-0.014884
0.024876
-0.016772
0.016621
-0.024034
-0.016582
0.069290
0.018615
-0.082713
-0.022552
-0.006975
-0.024572
-0.025501
-0.043028
0.207473
0.386126
-0.023121
-0.067026
0.003951
-0.056662
-0.063625
-0.004207
-0.051021
-0.024626
0.000186
-0.023330
0.033305
-0.007667
-0.103325
-0.104790
0.034878
0.042810
0.009770
0.011820
0.008831
-0.043018
-0.056008
-0.019894
-0.019727
-0.023416
-0.018425
-0.033784
0.037469
0.006152
-0.020649
-0.019948
0.020627
0.024465
0.004610
0.032527
-0.002526
0.000000
0.000000
0.000000
0.000000
-0.028926
-0.026118
0.380208
0.379165
0.009599
-0.020804
0.033529
0.008671
-0.005901
0.038234
-0.040927
-0.005298
0.178319
-0.011050
-0.046861
0.061744
-0.004387
-0.038763
-0.042569
0.015694
0.012565
0.069334
-0.010538
-0.040062
-0.021139
0.045145
0.041763
0.066868
-0.022103
-0.009472
0.011347
-0.023419
-0.017176
-0.036150
0.015506
-0.025010
-0.079327
0.021920
0.005050
0.043734
0.027452
-0.054123
-0.056389
-0.032270
-0.004066
-0.032208
0.036430
-0.050863
-0.016281
-0.045385
-0.008850
-0.074132
-0.028744
-0.028395
-0.042823
-0.011472
0.116122
-0.019086
-0.019915
-0.005919
-0.011426
-0.016945
-0.024301
0.050858
-0.030711
-0.071684
0.102932
0.101667
-0.023713
0.009844
0.009491
-0.007523
0.005507
0.065313
0.158573
0.194569
0.005433
-0.059113
0.006786
0.043941
-0.045445
-0.041721
-0.069578
0.011567
-0.019263
-0.034605
0.034343
-0.005270
-0.003376
-0.060971
0.319109
-0.005855
-0.001257
-0.037617
0.008009
-0.043313
-0.041575
-0.003031
-0.085533
0.023357
-0.052130
-0.081667
0.021115
-0.003169
-0.012601
0.105920
0.074904
-0.002289
0.028615
0.084813
0.008539
-0.092257
-0.054467
0.031979
-0.016024
0.000000
-0.054854
-0.080742
-0.019239
0.000000
0.016177
-0.048638
-0.009449
-0.049779
0.078696
-0.025254
0.009841
-0.037581
-0.070966
-0.055090
0.014039
0.060781
-0.016559
-0.004825
-0.050679
-0.013822
-0.011742
-0.063112
-0.045197
-0.015060
-0.003796
0.003505
-0.027067
-0.040966
-0.064584
0.017617
-0.029151
0.003510
0.004139
-0.017887
-0.039321
-0.028591
0.178135
0.111188
-0.040591
-0.007771
-0.037847
0.244297
-0.031929
-0.058562
0.043585
0.016602
0.054863
-0.020747
-0.047974
-0.015716
-0.014753
0.007471
-0.026578
0.037470
-0.008201
-0.062477
-0.012627
0.075383
0.026335
-0.001306
-0.006855
-0.012281
-0.013582
-0.024236
0.020940
-0.018043
0.027294
-0.005903
-0.022632
-0.013706
0.039971
-0.025557
-0.096319
-0.022924
-0.114498
-0.057653
0.039311
-0.002730
0.000668
0.006604
-0.018780
-0.033798
-0.003700
-0.012995
0.031077
-0.061772
-0.009650
-0.037112
-0.014841
0.008894
-0.048324
-0.014239
-0.059339
-0.001264
0.020889
-0.018899
0.069656
0.002013
0.013100
0.048173
-0.005087
-0.001588
0.024468
-0.011779
0.049159
-0.038028
-0.002604
-0.082409
-0.068725
0.015510
-0.088006
0.007396
-0.031700
-0.018702
0.111105
-0.014972
-0.002902
-0.040885
-0.005234
0.037515
0.035641
-0.028600
-0.043161
-0.038294
-0.046627
-0.074124
-0.015161
-0.006659
-0.022534
0.113334
0.009865
0.014594
0.107448
0.042925
-0.030736
-0.006616
-0.009738
0.014552
-0.007650
-0.002755
-0.005953
-0.013375
0.016974
0.004725
0.034114
0.016934
-0.010979
-0.012954
-0.038762
-0.034106
0.038936
-0.030452
-0.009539
-0.021491
-0.044491
0.029585
-0.007168
-0.028558
0.004753
0.000000
-0.010480
0.003239
-0.000093
0.193325
-0.055720
0.016926
-0.110929
0.028743
-0.020343
-0.016412
-0.027761
-0.034336
0.040516
-0.019689
-0.001347
-0.037756
-0.038200
-0.015984
0.000000
0.007269
-0.008528
-0.000079
0.000111
-0.005897
-0.041915
-0.015108
-0.024924
-0.036989
-0.012677
0.057739
0.024998
-0.039016
-0.044317
0.002446
0.291843
-0.062751
0.002881
-0.014184
0.019684
0.033090
-0.005342
-0.049886
-0.010776
0.034389
0.027419
0.047552
0.032858
0.000243
-0.000706
-0.028697
-0.070086
-0.016155
0.005239
0.000000
-0.003159
0.000318
-0.074321
-0.015325
-0.038652
0.035800
-0.030804
-0.005831
0.003928
0.077433
-0.007470
-0.071189
-0.051069
0.003730
0.012203
-0.032681
-0.043349
0.032561
-0.031219
-0.020595
0.003544
-0.005169
-0.070639
-0.024953
0.001176
-0.024883
0.030360
-0.037024
-0.039129
-0.003815
0.002035
-0.013427
0.015362
-0.022479
-0.025945
0.004162
-0.004421
-0.045756
0.005830
0.006512
-0.004823
-0.016996
-0.049792
-0.019494
0.047131
0.018829
-0.009663
-0.000659
0.009829
-0.020275
0.209428
-0.005256
0.004507
-0.024618
-0.000874
0.007318
-0.016572
-0.063063
-0.085476
-0.006704
-0.052643
-0.040992
-0.062760
0.038550
0.151241
-0.023556
-0.031517
-0.011017
0.046286
0.013601
0.012065
0.024476
0.032867
0.033200
0.021827
0.008262
-0.012370
-0.012555
-0.035212
0.052983
0.012316
0.091085
0.061792
0.019901
-0.024748
-0.084846
-0.023387
0.012535
-0.026631
-0.011848
0.069684
-0.029218
-0.042545
-0.020534
0.039036
0.024927
0.010360
0.068031
-0.003657
-0.009438
0.018641
-0.034592
0.052425
0.013681
-0.014245
0.002087
-0.054270
0.011640
-0.029805
0.487038
0.013779
0.028034
-0.002063
-0.033053
-0.098355
-0.053223
0.003676
-0.000651
-0.019595
-0.061655
-0.009408
-0.021622
-0.020468
0.025757
0.007042
0.014497
-0.009915
-0.010752
-0.013320
0.026619
0.007521
0.020026
-0.019684
-0.045400
0.048608
0.035283
-0.009437
-0.041469
0.008578
-0.010353
0.061662
0.027657
0.124566
0.006926
-0.015755
-0.007600
0.036036
-0.022954
-0.007246
-0.012948
0.000000
-0.020547
-0.020490
0.023209
0.070765
0.004277
-0.044748
0.027256
0.068248
-0.029528
-0.028649
0.186915
-0.044025
-0.011992
0.029534
0.006405
-0.004542
-0.016481
0.173658
-0.057104
0.185165
0.004991
0.009797
-0.025911
-0.073045
-0.003608
0.166652
-0.043389
-0.015750
0.014638
-0.035334
-0.048547
-0.007657
0.035193
-0.023119
-0.012017
-0.029833
-0.051433
-0.019110
-0.026342
-0.026672
-0.071117
0.088365
0.058366
-0.021387
-0.031904
0.002762
0.027266
0.030677
0.066125
0.007212
-0.001287
-0.000562
-0.017144
0.015517
-0.026191
0.016192
-0.015170
-0.033848
0.155582
-0.072401
-0.011713
0.026965
0.069705
-0.012394
-0.033613
-0.028487
0.033342
-0.059388
0.225684
0.015314
-0.012653
-0.026666
-0.017814
-0.012936
-0.049568
0.044024
-0.036577
-0.040805
0.083205
-0.060644
-0.015050
-0.012415
-0.023987
-0.015624
0.029382
-0.015604
-0.002639
-0.039892
0.051976
-0.043127
-0.024356
-0.001032
-0.025804
-0.038383
-0.008288
-0.047853
-0.034267
0.072442
-0.033970
-0.017922
-0.001517
0.002095
-0.001798
0.033879
0.079175
-0.013648
0.007048
0.018228
0.028979
0.031567
-0.022893
-0.079713
-0.036709
-0.003447
-0.003115
-0.011028
-0.024722
0.103144
-0.025770
-0.020857
0.036628
-0.065421
0.000166
-0.068933
0.003301
0.008624
-0.047465
-0.005589
-0.017597
0.011516
-0.018448
-0.009041
0.022871
-0.011282
-0.009297
0.052572
-0.000493
0.077536
-0.000752
-0.027929
0.047704
0.035736
-0.028784
0.034395
-0.011433
0.047288
-0.026775
-0.004732
0.029595
0.005876
-0.011060
0.032675
-0.039170
0.013608
0.038286
-0.014928
-0.033280
-0.158136
-0.013265
-0.006918
-0.059299
-0.016523
-0.013823
-0.022316
-0.043448
0.004957
0.059295
-0.029033
0.011283
0.016489
0.022437
0.246487
0.127648
0.012446
0.006137
-0.022861
0.031236
-0.041086
-0.006282
-0.018015
0.013098
0.043802
-0.064865
0.011045
-0.000619
-0.006874
0.000000
0.003633
0.054599
0.034324
0.031718
-0.016447
-0.050111
-0.029176
-0.025371
-0.043851
0.001123
0.001260
-0.012319
-0.036504
-0.013931
-0.000421
-0.028460
0.068422
0.002855
0.026837
0.010429
-0.071918
-0.042653
0.012325
-0.013551
0.011239
-0.044999
0.028760
-0.014833
-0.009349
-0.145257
0.024032
-0.106840
-0.037113
0.004157
-0.025953
-0.004189
-0.022944
0.026650
0.039816
-0.019000
-0.081927
-0.010814
-0.020383
0.011035
0.007287
-0.027940
0.002829
-0.021555
-0.041419
0.023806
-0.033538
-0.018752
-0.004793
-0.032247
-0.037928
0.027341
0.010402
-0.081213
-0.027666
-0.037402
-0.020136
0.020408
0.015049
0.008069
-0.013847
0.083089
-0.008252
-0.011278
-0.047524
-0.010247
-0.013731
-0.090209
0.065978
0.027387
-0.004833
0.011322
-0.002958
0.050309
0.036412
-0.011876
-0.026512
-0.012707
-0.003309
-0.046918
-0.015956
0.067484
0.045318
0.024055
-0.020933
-0.000352
0.016708
0.046317
0.023624
-0.031585
0.102202
0.010839
0.011112
0.046230
0.023526
-0.005067
0.010296
0.018090
-0.033278
0.013571
0.286739
-0.003238
-0.006716
-0.007898
0.118311
0.006413
0.085161
-0.021122
-0.031139
-0.085346
0.025992
-0.059036
0.006571
-0.001705
0.031885
-0.067811
-0.004965
0.006785
-0.000805
0.016661
-0.041097
-0.006788
0.000578
0.000679
0.003974
0.039329
0.040078
0.051215
0.016501
-0.029754
-0.016942
-0.012158
-0.005961
-0.041573
0.025331
0.063786
-0.014441
0.042723
0.014594
0.018470
-0.043448
0.009906
-0.008210
0.014920
0.055007
-0.021626
0.086881
0.023130
-0.027923
-0.012700
-0.040498
0.028104
-0.010720
-0.015952
-0.005979
-0.055618
-0.001276
0.061306
0.019239
0.172901
0.216783
0.062877
0.227158
0.012480
-0.009479
0.005183
-0.037447
0.010106
0.094609
0.077310
0.015131
-0.020320
0.045869
-0.091025
0.002383
-0.011126
0.032660
-0.005831
-0.011292
-0.017527
0.022468
-0.024032
0.081111
-0.006079
0.087989
0.120507
0.013890
0.028374
-0.009380
0.000000
-0.000691
-0.017543
-0.024569
-0.005756
-0.040408
-0.031498
0.020657
0.027260
0.028143
0.051808
-0.016277
-0.072768
-0.026341
0.431958
0.032896
0.157957
0.055858
0.062782
0.191076
-0.114606
-0.048774
-0.006714
-0.023325
-0.032564
0.019445
-0.009917
-0.067334
-0.008419
-0.030914
-0.018218
0.014066
0.004868
0.011240
-0.009905
0.025934
0.019632
-0.002669
-0.022592
-0.074335
0.207483
-0.026866
-0.044585
-0.053303
0.066314
0.005910
-0.022922
-0.030142
-0.047775
-0.052374
0.012256
-0.028784
-0.021101
-0.065364
-0.022743
-0.007799
-0.017304
-0.024485
0.032174
-0.006242
0.024068
-0.030989
-0.008359
0.004597
-0.016392
0.048357
-0.011294
0.065587
0.055598
0.017217
-0.013964
-0.008775
0.025048
-0.016631
-0.017957
-0.024621
-0.031298
0.101550
0.132780
0.032497
0.027198
0.042984
0.103414
0.005854
0.067320
0.006591
-0.016769
-0.027452
0.022707
-0.028100
0.099628
0.004899
-0.005641
-0.006492
0.014682
-0.006065
0.003269
-0.005070
0.018242
-0.095910
0.032748
-0.018086
-0.072519
-0.021516
-0.011286
0.010279
0.003638
-0.016595
0.296854
-0.055255
-0.021119
-0.016811
0.013767
-0.018893
0.188226
0.002224
-0.004276
0.042339
-0.019275
-0.003445
0.020492
0.048036
-0.034716
-0.073131
-0.018356
-0.020116
-0.008412
0.008249
-0.019714
-0.021095
0.073856
0.040244
-0.002316
0.439398
0.022096
0.136060
0.428369
0.014620
0.021855
-0.029878
-0.014643
0.009858
-0.012210
0.036778
-0.102526
-0.007096
0.586686
0.035107
0.047883
-0.001243
-0.004073
0.017731
0.018873
-0.017604
-0.077275
-0.047768
0.008003
0.050196
0.120825
0.025307
-0.074313
-0.021409
0.159047
-0.059371
-0.016963
-0.048251
0.099499
0.057124
-0.038830
0.025926
-0.020271
-0.011202
0.033066
-0.043225
-0.023055
0.019933
-0.046643
-0.024982
-0.008606
-0.013033
0.006771
-0.004913
0.015858
-0.072336
-0.025343
0.043412
0.068731
-0.009331
0.035325
-0.005185
0.020382
0.036816
-0.080449
-0.040887
-0.041641
-0.014588
-0.032596
0.068431
-0.039106
-0.016462
-0.054704
-0.075526
-0.114951
-0.002546
0.052915
-0.032898
0.063388
0.000228
-0.016724
0.072046
-0.050380
-0.047436
0.007789
0.072353
0.026296
-0.014685
0.009096
-0.001342
-0.041865
-0.048832
-0.070742
-0.002896
-0.009092
-0.017907
-0.068292
-0.004971
-0.063990
0.116564
-0.021185
-0.028482
0.014077
0.017802
-0.008153
0.003581
0.047931
-0.064879
0.009624
0.011448
0.026261
-0.000771
0.009880
0.050659
-0.027708
-0.022434
0.065388
-0.032687
-0.026532
-0.024417
0.028077
0.039283
0.022256
-0.013465
-0.030182
-0.078222
0.169830
-0.017585
0.038436
0.007389
-0.044723
-0.024814
-0.016424
-0.024311
-0.013139
0.033661
-0.009304
0.049958
0.040805
0.083486
0.006222
0.006982
0.056097
-0.008287
-0.013874
-0.029820
-0.023886
-0.000943
0.021092
-0.022762
0.001349
-0.011209
-0.005698
0.001279
0.007964
0.032322
-0.008261
0.010700
-0.020784
-0.037363
0.029862
-0.108546
-0.003605
0.160593
-0.002689
0.036746
-0.082139
-0.004668
0.037496
-0.021070
0.004152
-0.004466
0.108107
0.002019
-0.023841
0.002976
0.012219
-0.005392
-0.026241
0.018261
0.260897
-0.019236
-0.008409
-0.053203
-0.068339
0.311773
0.032985
-0.020940
-0.027730
-0.001396
0.001102
-0.039935
-0.006044
0.003374
-0.020779
-0.019752
-0.038659
0.073124
0.105345
0.048366
-0.022367
0.047964
-0.045828
-0.060226
0.003707
-0.033067
0.016542
-0.011620
-0.091445
-0.029366
-0.020095
-0.055149
-0.000401
-0.025003
-0.051488
-0.029694
0.000478
-0.040787
0.035705
-0.012111
-0.033145
-0.027709
0.058496
-0.012128
0.062052
0.049714
0.009712
0.030183
-0.011001
0.003788
-0.013535
-0.000008
-0.032761
-0.000913
0.006030
-0.003155
0.013989
0.028722
0.016839
-0.029921
-0.011177
-0.033798
0.004290
-0.015338
-0.015404
-0.039883
0.024075
0.017286
-0.044032
0.013165
-0.044436
0.004478
-0.014249
-0.026084
-0.044525
-0.024934
0.027113
-0.055180
-0.037772
0.001167
0.089173
0.008826
0.005111
-0.015438
-0.057364
-0.010471
-0.045482
0.073721
0.024182
0.017220
0.098368
-0.002904
0.001340
-0.043880
0.011625
-0.026391
-0.007074
0.036620
-0.035126
-0.033817
0.034076
-0.038486
-0.035135
-0.005807
0.009282
-0.010641
0.015309
-0.062890
-0.008080
0.028655
0.035375
-0.020085
0.017946
0.003570
-0.057309
-0.035796
-0.070762
-0.005659
-0.017921
0.000156
-0.033767
0.003698
0.035670
0.000298
0.002557
-0.007793
-0.005490
-0.093103
0.010473
-0.025587
0.045873
-0.044554
-0.069875
-0.003007
-0.009999
-0.052039
0.036369
-0.002148
-0.039080
-0.008159
0.136108
-0.028071
-0.081977
-0.026063
-0.021537
-0.017274
-0.013207
-0.076275
0.008649
-0.001295
-0.085804
0.023469
-0.057417
0.179403
0.027536
-0.004137
0.018674
0.000916
-0.018549
-0.021097
-0.009647
-0.018185
0.024760
-0.025283
-0.022471
-0.032136
-0.062594
-0.032975
-0.035320
-0.013943
0.020022
0.117161
-0.022016
-0.030833
-0.039068
-0.037917
-0.013783
-0.033817
-0.050166
-0.035279
0.029344
-0.072587
-0.034294
-0.039614
-0.013510
-0.012671
0.007318
-0.034122
0.016071
0.001625
0.000211
0.014039
-0.020459
0.131696
0.049337
0.006074
-0.019163
-0.031051
-0.045661
-0.016114
-0.013297
0.000000
-0.040398
-0.013495
0.023685
0.010930
-0.009832
-0.006310
-0.047557
-0.059753
0.029183
-0.003646
-0.018803
-0.018124
0.005507
-0.005903
-0.018596
-0.033170
-0.042889
0.003279
0.027181
-0.018175
-0.055370
0.014127
-0.080388
-0.014407
-0.038723
0.011581
0.071276
-0.044244
0.055170
-0.011547
-0.035981
0.004754
0.007975
0.037673
-0.010947
0.004299
-0.010095
-0.027708
0.060155
0.022337
-0.068681
-0.023040
-0.068219
0.108750
0.002948
-0.039468
-0.024309
0.018323
0.062652
-0.016393
0.047456
0.061126
-0.006021
-0.035125
0.007998
0.005326
-0.022562
-0.010407
-0.041265
-0.053983
-0.052736
-0.031060
0.001897
0.091002
-0.009960
-0.015096
0.039011
-0.058436
-0.026988
0.044704
-0.002313
-0.030492
-0.003425
-0.068095
0.017082
-0.036773
0.022938
-0.009333
0.018225
-0.104370
-0.023766
-0.006495
0.052283
-0.042484
-0.061395
-0.010349
0.007877
-0.023447
0.000642
-0.011403
-0.016784
-0.002074
-0.030823
-0.010418
-0.003194
-0.027851
0.008103
0.001763
0.004677
0.027769
-0.066569
-0.047634
-0.012639
-0.007644
-0.036282
0.035491
0.027560
-0.008198
-0.012806
-0.002551
-0.032784
-0.023786
-0.034963
0.003497
-0.018869
0.014083
-0.011063
-0.071862
0.002553
-0.003864
0.015399
-0.046622
-0.029876
-0.060931
0.003441
-0.025543
-0.048547
-0.014593
0.012488
0.027482
-0.021862
-0.029023
-0.048094
-0.038634
0.179690
-0.001301
0.002426
0.008391
-0.031877
0.011323
-0.079809
-0.075964
-0.037693
0.110091
-0.076616
-0.036238
-0.116991
0.123162
0.032707
-0.038649
-0.024701
0.132890
0.000141
0.016533
-0.009168
0.085644
-0.031205
-0.088616
0.102311
-0.028174
-0.014423
-0.058063
0.009213
-0.017538
0.106508
0.050929
-0.032912
-0.020346
0.034443
0.002781
-0.044597
-0.032939
0.043944
-0.040666
0.009907
0.026518
-0.037453
-0.064467
0.007937
-0.015205
-0.055664
0.010697
0.019515
0.042588
-0.010041
-0.000044
0.014326
0.041764
-0.020873
0.004619
0.016282
-0.015107
0.012702
-0.001548
-0.082732
0.018547
0.058180
-0.021833
0.007422
0.030941
0.055386
-0.001686
-0.024209
-0.008590
0.052045
-0.020994
-0.008274
-0.020441
0.002801
-0.017491
-0.017101
0.044780
0.003605
0.024564
-0.008709
-0.075285
0.062870
0.101899
0.006338
-0.018015
-0.008297
-0.034329
-0.017328
-0.010865
0.003562
-0.038109
0.011095
0.004708
-0.006745
-0.033701
-0.020843
-0.013522
-0.004343
-0.005843
-0.031784
-0.038816
0.033358
-0.001538
-0.021230
-0.033421
0.101571
0.008606
-0.014303
-0.002533
0.015335
-0.026423
0.027010
-0.007172
0.038466
0.013986
0.025060
0.065053
0.027390
0.055093
0.010433
0.019401
-0.022217
-0.024977
0.155754
0.046741
-0.036498
-0.017500
0.005478
-0.036541
-0.059574
0.006398
0.045455
0.003605
-0.030417
0.034974
-0.030635
-0.020906
0.017432
0.006116
0.002805
-0.035095
-0.012107
0.053312
0.008497
0.046621
0.039935
0.020292
0.035377
0.007661
-0.000678
-0.002037
-0.009414
-0.014134
0.018393
-0.001742
0.055871
0.001966
-0.022196
-0.015429
-0.021341
-0.021046
-0.029607
-0.010937
-0.015407
-0.011848
-0.012010
0.015239
-0.018940
-0.106203
-0.011688
0.040694
0.019046
0.001533
-0.038260
0.039580
-0.051377
0.005053
0.007714
-0.021767
0.046201
0.226056
-0.067118
-0.000529
0.009684
-0.019650
-0.032467
-0.056480
0.016803
0.016381
-0.028076
-0.036830
0.008261
-0.029345
-0.000354
-0.089523
-0.005485
0.009275
0.055313
0.014171
-0.009084
0.000000
-0.025835
-0.010024
0.003481
-0.001701
-0.021802
-0.016449
-0.017006
-0.016453
0.001255
0.049196
-0.032466
-0.022505
-0.059375
-0.000011
0.000000
-0.086766
0.014623
0.006718
0.000000
0.000421
0.008696
-0.002946
0.002924
-0.042003
-0.021347
-0.004692
0.032859
-0.026004
-0.022515
-0.042239
-0.030040
0.025365
0.021151
-0.013619
-0.009450
0.007804
0.003827
-0.015159
0.055066
0.007594
-0.034404
-0.050206
0.064139
-0.038782
0.005170
-0.037333
0.139112
0.077057
-0.033062
-0.027986
-0.017847
-0.049400
0.057419
0.062261
0.042398
-0.023354
-0.020802
-0.025364
0.019996
-0.030168
-0.049140
0.029834
-0.026716
-0.089534
0.018357
-0.076540
-0.021864
-0.008848
-0.042021
0.022574
0.004105
0.001283
-0.068861
-0.000354
0.008129
0.025269
0.060610
-0.016440
-0.075226
-0.003305
-0.040605
-0.029109
-0.005819
-0.058166
0.012185
-0.041562
-0.033819
-0.046597
0.024535
-0.039252
-0.000324
-0.003512
0.096561
-0.039903
-0.014192
-0.001990
-0.064395
-0.001956
0.086867
0.005032
0.017895
0.005015
-0.010698
0.012043
-0.016408
-0.013837
0.001419
-0.016998
-0.055211
-0.019110
-0.044254
-0.023226
-0.003589
0.008190
0.083453
-0.026809
-0.034128
-0.028947
-0.040857
-0.008037
-0.007434
-0.019187
-0.005733
-0.013941
-0.001830
0.007681
-0.013033
-0.024487
-0.013970
0.042856
0.021128
-0.041906
0.021992
-0.014620
-0.042649
0.014420
0.045835
0.025298
0.061349
-0.005277
0.071439
0.017244
0.008409
-0.004744
0.076261
0.047365
-0.006511
-0.022051
-0.020772
-0.072770
-0.023915
-0.030096
0.012009
-0.019135
-0.032021
0.002201
0.033653
0.100782
0.051962
-0.067443
-0.023148
-0.011727
-0.056296
0.000731
-0.039073
0.034736
-0.008296
-0.016389
-0.085362
-0.021577
0.021534
-0.030785
-0.046046
0.045889
0.011816
0.018939
-0.007074
-0.037987
0.014069
-0.019872
-0.029421
-0.080816
-0.079712
0.017122
0.001846
-0.069049
-0.028776
-0.031726
-0.017114
-0.005770
-0.001933
-0.015513
0.012131
-0.007612
-0.042571
-0.047795
0.049896
0.000740
-0.004692
-0.026890
0.020233
0.004614
-0.025908
0.009308
-0.021054
-0.004101
-0.028789
0.020907
-0.061076
-0.053563
0.037798
-0.086578
0.055810
-0.014231
0.107642
-0.019199
0.011976
-0.048374
0.010870
0.100251
-0.008514
-0.023320
-0.011255
-0.005061
-0.041323
-0.032997
0.175249
0.004267
0.006413
-0.013672
-0.028697
0.210718
-0.025763
0.012391
-0.023531
0.021312
-0.004672
0.021396
0.000987
-0.001512
0.124943
-0.015972
-0.005738
0.109823
-0.005369
-0.017601
-0.026744
0.005237
-0.006203
-0.040919
-0.070067
-0.054259
0.098448
0.011667
0.013771
0.020470
0.039714
0.105401
-0.010659
-0.024895
-0.005277
-0.023440
0.035626
0.000410
0.009861
-0.082572
0.028315
-0.071178
-0.008082
-0.027005
-0.054481
0.040366
-0.028323
-0.026574
-0.013253
0.000677
-0.014275
0.244604
0.010855
-0.010270
0.052281
0.036282
0.030631
-0.021091
-0.025976
-0.026834
-0.004017
-0.004461
-0.047738
-0.063527
0.028732
-0.094451
0.008155
0.012267
-0.010966
-0.031004
-0.104034
0.005120
-0.006921
-0.032632
0.018260
0.009103
-0.007454
-0.012654
0.034981
0.000406
-0.005071
0.000552
-0.010281
-0.020433
-0.005695
-0.048219
-0.008135
-0.032161
-0.013956
-0.117550
0.002508
0.000000
0.000000
0.000000
-0.025286
-0.020383
0.017695
0.025607
-0.041407
0.107726
-0.051085
0.023522
-0.035084
0.006474
0.089547
-0.018500
-0.008147
-0.023365
0.026426
-0.014117
-0.016027
0.007298
-0.018003
-0.032974
-0.029230
-0.029607
0.018640
-0.017606
0.000000
-0.026475
-0.044193
0.000583
0.009016
-0.001050
-0.013963
-0.019462
-0.007972
0.065047
-0.004547
-0.003485
0.000000
-0.020073
-0.042907
0.025300
-0.014249
-0.087901
0.008628
0.003042
0.063142
-0.034792
-0.026603
-0.006528
-0.041669
-0.067737
-0.016988
-0.012663
-0.087056
-0.039817
-0.056500
-0.019987
0.054209
0.022510
0.065950
-0.073893
-0.029826
-0.060901
-0.014112
-0.011966
0.050942
0.027136
-0.009819
0.017026
-0.038395
-0.009649
0.029733
0.027378
-0.004256
-0.005519
-0.014379
0.000000
-0.011668
0.000000
-0.033624
-0.005504
-0.015514
0.014238
0.005768
0.096019
0.006083
-0.008756
-0.017161
0.032326
0.025117
0.032361
-0.014012
0.000000
-0.017742
-0.048830
-0.038212
-0.017491
-0.043333
-0.051785
0.006133
0.000000
0.005407
0.049548
0.027166
-0.028626
0.024970
0.027272
0.056619
-0.023383
0.008983
-0.115740
-0.065114
-0.007484
0.061084
0.052388
-0.113170
0.091656
-0.082687
0.022469
0.078056
-0.036081
0.171601
-0.039316
0.068289
0.003460
0.000000
-0.005955
0.372948
0.076824
0.027410
-0.026235
0.008585
-0.021969
-0.001927
0.024969
-0.025438
0.063585
0.009089
-0.016858
0.026982
0.007633
0.057643
-0.008125
0.000000
0.000000
0.000000
-0.011084
-0.018033
-0.019330
-0.043572
0.014528
0.096948
-0.006170
-0.035817
0.013780
-0.029058
-0.069919
-0.044326
-0.074537
-0.018306
-0.028733
0.039903
0.096578
0.027160
0.197098
0.065141
-0.011642
-0.001211
0.034273
0.007801
0.030992
0.075946
-0.021985
0.004036
-0.016899
-0.055996
-0.016399
0.116573
-0.020932
-0.019950
-0.035312
0.027586
0.088346
-0.064873
0.026446
-0.002865
-0.050597
-0.005908
0.056571
-0.045315
-0.010521
0.026513
-0.011354
0.059446
-0.058513
-0.127148
-0.074632
0.114212
-0.033234
-0.004994
0.041186
-0.018884
-0.072943
0.031945
0.039082
-0.024362
-0.029670
-0.009018
0.013008
-0.005724
-0.033405
0.252067
-0.009397
0.031377
0.042660
0.014792
-0.010176
-0.075409
0.062746
-0.012820
-0.030685
-0.045505
-0.018060
-0.013573
0.032787
0.043622
0.045124
0.097686
0.041214
0.062300
0.091964
0.167500
0.042141
-0.023657
0.059526
0.017873
0.026025
0.025949
-0.030824
-0.005280
-0.044644
-0.074518
-0.010051
0.014839
-0.069864
-0.069378
0.018023
-0.029061
-0.027414
-0.019459
-0.006126
-0.046545
-0.033424
-0.058912
-0.038484
-0.062615
0.020462
0.002960
0.013937
-0.034256
-0.040533
0.036387
0.017170
0.011700
-0.003136
-0.080967
0.035382
0.101187
-0.024311
-0.041712
-0.033174
-0.008805
-0.062330
-0.037392
0.001782
-0.034834
0.105255
0.132776
0.066147
0.006056
-0.103089
-0.022639
0.047797
-0.074293
0.050445
-0.027749
0.043283
0.053790
0.022785
0.035027
0.031993
0.052580
0.009678
0.053522
-0.101021
-0.057792
-0.019830
0.004966
0.008050
0.028045
0.056916
0.012079
-0.020701
-0.008838
-0.073087
-0.029614
0.008228
-0.069663
0.012265
-0.006470
0.079834
-0.027196
-0.013295
0.067990
0.133347
-0.011928
0.269830
0.003592
0.120054
-0.012831
-0.010483
-0.018063
-0.048037
0.010404
-0.047167
-0.004857
-0.011195
0.007355
0.027307
-0.040062
-0.029629
-0.011773
0.042862
0.005713
-0.015213
-0.011837
0.018315
-0.020144
0.017907
-0.016640
0.039863
0.016635
-0.009018
0.003090
-0.022085
-0.000321
-0.064531
-0.000109
0.013877
-0.012722
0.028479
0.017255
-0.009972
0.029903
-0.033960
-0.029377
0.008448
0.028314
0.050398
0.045046
0.027753
-0.053939
0.061955
0.021085
0.034529
0.046556
0.063180
0.020027
0.011301
-0.014771
0.011529
-0.014301
0.054359
0.029603
-0.056106
0.048541
0.001924
-0.011801
0.026180
0.000860
0.003220
-0.009350
0.061968
0.006173
-0.008696
-0.019202
0.054009
-0.009183
0.006113
0.042654
0.096876
0.050162
0.016037
-0.004961
0.008997
-0.022857
-0.029824
0.064963
0.024766
0.016125
-0.066848
0.018240
0.042098
0.041093
-0.023986
0.034763
0.029615
-0.031054
-0.022281
-0.013426
0.030365
0.167102
0.006981
-0.026439
-0.041213
0.035990
0.035462
0.018217
-0.023680
0.016873
-0.078946
0.071364
0.013407
0.018112
-0.056917
0.019819
-0.057634
-0.054597
-0.038156
-0.003584
0.015135
0.034952
0.002764
0.012589
0.010982
-0.014822
0.020110
0.023992
-0.011535
-0.030523
-0.044683
-0.008513
-0.039835
-0.071202
-0.000861
0.036602
0.184658
0.056286
0.039237
0.017245
-0.019204
0.022051
0.070562
0.088700
0.038028
-0.024367
-0.023041
0.071363
0.178293
-0.034541
0.014542
-0.029238
0.018836
-0.036869
-0.031883
-0.034749
0.011020
-0.018190
-0.054292
-0.022286
-0.042620
0.013505
0.013627
-0.011665
0.010536
-0.030132
0.028194
-0.006209
0.017406
-0.010199
0.032851
0.008174
0.022240
-0.000068
0.056753
0.061867
0.009285
0.017187
0.035286
0.037877
-0.004036
0.038490
0.011312
0.015391
-0.037048
0.066042
-0.029125
-0.000084
-0.077153
-0.040198
-0.030464
-0.069430
-0.004277
0.051176
0.028965
0.053797
0.040995
-0.007886
-0.056940
-0.047055
0.024338
-0.019395
-0.020861
0.023203
0.023951
-0.021224
0.054879
-0.020526
0.046185
