0.000698
-0.008900
-0.009964
-0.031665
-0.012229
-0.031908
-0.033217
0.003568
0.029911
-0.001760
0.011682
-0.082213
-0.047152
-0.019566
0.023612
-0.046508
-0.002101
0.018046
-0.073848
-0.023571
-0.011191
0.044655
0.007560
0.040778
0.109978
-0.013800
-0.087612
-0.014078
0.064104
-0.028152
-0.018971
-0.066256
0.004825
-0.015138
0.030042
-0.010453
-0.017457
0.003327
-0.036643
-0.056992
-0.004659
0.001995
-0.014994
-0.018907
-0.032909
0.009463
-0.013587
0.352824
-0.057434
-0.018990
-0.012389
0.037860
-0.053962
-0.016259
0.206333
0.127332
-0.009402
0.173491
0.162106
0.080276
0.250275
0.088915
0.175580
0.060925
0.067102
0.067541
0.115305
0.076645
0.009134
0.056481
0.038293
0.060035
0.099194
0.081549
0.067365
0.085495
0.036722
-0.045387
0.064456
0.009687
-0.016563
0.051935
0.050180
-0.035748
0.082901
0.011856
0.095848
0.040623
0.059554
0.069115
0.010149
-0.004859
0.034343
-0.052021
-0.021979
-0.004618
0.079077
-0.010991
0.065724
-0.020478
-0.011925
0.038615
0.021817
0.022605
0.043144
0.052826
0.053772
0.081790
0.041990
0.111059
0.107732
0.168670
0.151146
0.072132
0.069958
0.056614
0.000000
0.052643
0.000000
0.126352
0.000000
0.064755
0.000000
0.062069
0.085191
0.090817
0.056920
0.012727
0.143118
0.015406
0.044484
-0.024164
0.028059
0.035736
-0.020862
0.102593
-0.006504
0.082248
0.006359
0.055603
-0.031224
0.055143
-0.028679
0.096566
0.046129
0.061031
0.000574
0.041998
0.020796
0.032456
-0.028232
0.039370
0.034339
0.043268
0.014228
-0.027202
0.007863
-0.002819
0.022540
0.049767
-0.028395
-0.125123
0.098528
0.000000
0.000000
0.000000
0.000000
0.037909
0.056866
0.019821
0.000000
0.000000
0.000000
0.000000
0.000000
0.000000
0.024379
0.166453
0.123692
0.012638
0.066953
-0.007394
0.034690
0.000000
0.088783
-0.009213
0.074677
0.076793
0.000000
0.063414
0.189208
0.126167
0.077046
0.034003
0.057220
0.006109
0.001082
0.519821
-0.006772
0.046966
-0.000566
0.025581
0.042874
0.007669
0.013363
0.015194
0.031892
0.000000
0.000000
0.000000
0.041045
0.140080
-0.040639
-0.003122
0.026539
0.013215
0.000000
0.000000
0.000000
0.000000
0.000000
0.000000
0.000000
0.000000
-0.006693
0.102644
0.015920
-0.055567
-0.002048
-0.004799
-0.034925
-0.008477
0.067110
-0.030753
0.006141
0.062565
0.014738
-0.011375
-0.007132
-0.001376
0.051840
0.022801
-0.039288
-0.005270
0.037527
0.000390
-0.012050
0.048752
-0.059684
0.007768
0.041391
0.025455
0.058788
0.061275
0.036849
-0.018378
-0.031800
0.080307
-0.001548
0.007784
0.015982
0.041643
-0.028115
0.073473
0.007931
0.068734
0.060752
0.034368
0.003684
0.007901
0.031275
-0.017672
-0.053957
-0.021333
0.002150
0.026950
0.047116
0.025363
0.032946
0.008327
-0.022515
0.022107
0.015761
0.014546
-0.023049
-0.037822
-0.012383
-0.017349
-0.028457
0.001760
-0.016782
-0.003777
0.001657
-0.003882
0.103784
-0.009306
0.015951
-0.016034
-0.000301
0.039521
-0.035755
-0.064536
-0.047468
0.036615
-0.066811
-0.005422
-0.029951
0.000000
-0.010099
0.039264
0.074182
-0.016503
0.063344
0.039807
0.079499
0.023754
0.025541
0.048778
0.013758
0.006479
0.016188
0.000617
0.048316
-0.046379
0.007441
-0.044135
0.009492
0.016926
0.013400
0.003654
0.000193
-0.012674
0.056068
-0.014450
0.014187
-0.002425
0.047391
-0.011136
0.007906
0.000742
0.000717
0.002650
-0.008751
0.014479
0.008666
-0.022820
-0.036579
-0.002005
0.000000
0.002578
0.008614
0.001789
0.037790
-0.031195
-0.000371
0.005997
-0.008029
-0.005479
-0.023763
0.035459
0.001057
0.204126
-0.030486
0.019508
0.030136
0.027255
0.070935
-0.038340
0.014066
0.018754
0.060486
0.012417
0.040383
0.007559
0.013976
0.041957
0.066471
0.058896
-0.016620
0.042720
0.006688
0.020652
-0.029568
0.033593
0.043013
0.044063
0.052192
0.017930
0.055492
0.041258
0.014026
0.006588
-0.018693
0.072398
-0.033887
0.003401
-0.037588
0.046605
-0.004030
-0.022203
-0.001813
0.020906
-0.016278
0.000000
-0.010112
0.002175
-0.011227
0.020303
0.004508
0.053011
0.013060
-0.054470
0.051534
0.044774
-0.004177
0.022831
0.024480
-0.015599
0.031872
0.011478
0.016150
0.000153
0.035729
0.056659
0.052381
0.000412
-0.006902
0.048826
-0.029235
0.000814
-0.009758
0.027781
-0.002863
-0.009728
0.045257
0.048499
0.013755
0.014036
0.030217
0.005754
0.030143
0.006260
-0.004889
0.024644
0.021030
0.040413
0.016390
0.036470
0.013488
-0.012475
-0.016742
0.038497
-0.030977
0.027456
-0.028397
0.020419
-0.031665
0.008690
0.008468
0.049082
0.008091
0.018931
-0.010774
0.000723
-0.041748
0.004776
-0.017629
-0.014139
-0.069303
0.041851
-0.075350
0.032539
0.004199
-0.049043
0.020077
0.010247
-0.006113
0.054150
-0.023893
0.002555
-0.007918
-0.016465
-0.015995
0.041838
0.096458
-0.012808
0.006195
0.067063
-0.061554
0.001982
-0.035232
0.004037
0.034463
0.027547
0.020593
0.041160
0.040058
0.042930
0.065993
0.003659
-0.000775
0.039455
0.046762
-0.000266
0.072176
-0.045936
-0.032275
0.005821
0.010458
0.038846
0.010769
-0.047673
-0.029777
0.054418
-0.001917
0.015743
0.005844
0.014952
-0.007678
-0.007428
0.002971
0.039265
0.059817
-0.006845
0.001560
-0.043306
-0.008570
-0.017515
0.003972
-0.010093
0.007673
-0.007922
0.007588
-0.000929
0.124569
-0.036163
0.008029
-0.018252
-0.004556
-0.043575
0.029550
-0.011592
-0.017079
-0.014014
-0.026930
-0.013288
0.043881
0.005727
-0.033795
-0.013162
-0.025510
0.007657
0.032632
0.047371
-0.003266
0.051231
0.003055
0.029203
0.085977
0.026866
-0.012159
0.006993
0.048351
0.000206
-0.046170
0.046213
-0.005470
0.043361
-0.095181
0.031286
0.001524
0.136910
-0.005815
0.041193
0.057592
0.128608
0.037593
0.001740
0.041076
-0.002237
0.018678
-0.002817
0.007339
-0.019250
0.014204
0.042532
0.021731
-0.009657
-0.004462
-0.036180
-0.016849
0.004939
0.003716
-0.024352
0.033471
0.050637
0.039633
0.004362
-0.020708
0.013434
0.059373
0.018766
0.040768
0.007292
0.012474
0.008415
-0.000060
0.046211
0.035182
0.068457
0.081158
0.004502
-0.011716
0.017320
-0.014000
-0.009603
-0.013894
0.005392
0.018295
0.009437
-0.012837
-0.015453
-0.011942
0.055639
-0.026720
-0.020926
0.016658
-0.039039
0.031307
-0.008676
0.014504
0.013999
0.048825
0.002326
0.020178
0.077789
0.034111
0.075020
-0.029791
0.019441
-0.026610
-0.016472
0.019373
0.031338
0.009764
0.031103
0.018116
-0.017978
0.017636
0.013822
0.017200
0.019882
-0.008182
0.090031
-0.018401
0.026711
-0.007562
0.003586
0.189220
-0.013954
0.057104
0.042348
0.006012
0.002895
-0.005193
0.036411
-0.009172
-0.023312
0.057494
0.042717
-0.014541
0.001078
0.067279
0.032414
0.047956
-0.023350
-0.055391
0.014135
0.012248
-0.014327
-0.018268
0.029062
0.043299
-0.011708
0.020033
0.077238
-0.028185
0.043965
0.000892
-0.011243
0.032130
-0.010379
-0.066592
0.023704
0.056060
0.032370
0.000359
0.155375
0.032665
-0.005768
0.063859
0.039566
0.016656
0.008212
-0.006499
-0.058045
0.000368
-0.011299
0.022514
0.006933
-0.002824
0.032493
0.039625
0.014763
-0.022549
-0.014802
0.000000
0.026996
-0.003183
-0.032228
0.062846
0.012688
0.008584
-0.069025
-0.007410
0.006281
0.036830
-0.000545
0.002913
0.008986
0.015523
-0.005479
0.052892
0.025612
0.051131
0.257978
-0.031592
-0.014217
0.010383
-0.204466
0.024599
0.014972
0.054496
0.020040
-0.062047
-0.014214
-0.001311
0.006946
-0.008163
0.014252
0.033686
-0.034871
0.042541
0.210028
0.185940
0.012721
0.035434
0.005506
0.005448
-0.012923
0.039561
0.008325
0.008031
0.086559
0.031323
-0.052891
0.007325
-0.024787
0.045159
-0.014596
-0.046942
-0.012504
-0.055161
-0.103984
0.008721
0.007546
0.000498
-0.002385
0.016411
0.055846
0.047582
0.053957
-0.021089
0.007413
0.023971
0.008475
-0.001924
-0.021700
-0.009557
0.036787
-0.009603
0.006930
0.006319
0.004065
0.011091
0.028595
-0.025199
-0.052580
0.046762
-0.017726
0.016225
0.009063
0.015798
-0.034423
0.034640
-0.038045
0.008843
0.021458
-0.013357
0.000000
0.000171
0.033609
0.000017
0.118695
-0.002508
-0.002620
0.009943
0.031337
-0.008002
-0.003939
0.018867
-0.041883
-0.005563
0.031811
0.027876
0.031084
0.056428
-0.016488
0.027562
-0.002843
-0.012552
-0.003616
0.009552
-0.027040
-0.010300
-0.018352
0.054827
0.008197
0.031570
0.000639
-0.023870
-0.028845
-0.022472
-0.005253
0.000213
0.046928
0.008622
-0.087417
0.045009
0.005211
0.007450
0.050716
-0.015071
0.055650
0.054014
-0.026096
0.052180
-0.009790
-0.006111
0.064197
0.001764
0.000224
-0.003966
-0.031978
0.039216
0.036536
0.011731
0.069979
0.059042
0.003816
-0.015749
0.018257
0.037201
0.016692
0.015022
0.000442
0.069069
0.066619
0.038409
0.110006
-0.030324
0.033041
-0.010465
0.051080
0.017380
-0.009338
0.009675
-0.023627
0.019448
-0.014914
0.054329
0.046795
0.050465
0.088159
0.074044
0.027112
0.114055
-0.001303
0.011247
0.005875
-0.004431
0.052522
0.031578
-0.019147
-0.034978
-0.011921
0.026837
0.070264
0.001767
0.011132
-0.049041
0.153422
0.020250
0.001415
0.058472
0.006134
0.028417
0.019961
0.040092
0.007351
0.007512
0.051168
-0.002905
0.025026
0.013831
0.037194
0.078145
-0.041461
0.033552
-0.005039
0.021466
0.003120
-0.001709
0.067891
0.021120
0.019625
0.006006
0.037643
-0.003184
-0.012624
0.018583
0.037563
0.005288
0.030641
0.023592
0.066612
0.015259
0.018034
0.065846
0.038461
-0.018263
0.039405
-0.015083
0.013819
0.135946
0.086071
-0.002778
-0.117678
-0.003809
0.124895
0.010923
0.031840
0.079445
0.064324
0.067387
0.041316
-0.024569
-0.023763
0.002810
0.040855
0.002655
0.045870
-0.011782
0.010258
-0.011466
0.000928
0.037981
0.019439
0.016868
0.023921
-0.008912
0.017999
0.014094
0.035440
-0.024342
0.014934
0.086281
0.017138
-0.019317
-0.000676
-0.008134
0.009159
-0.000621
0.013978
-0.035363
0.006416
0.046667
0.025535
0.016647
0.034546
0.028702
0.083838
0.010956
0.001674
0.069743
0.022438
0.058095
0.079209
0.007558
0.029610
0.004410
0.079127
0.058602
0.078314
0.044338
0.004799
-0.011262
-0.001233
0.019851
0.000852
0.020758
-0.008659
0.065701
0.044266
-0.035901
0.027334
-0.000109
0.006593
0.000465
-0.018924
0.032285
0.017058
-0.055698
0.048951
-0.041255
-0.029875
0.008025
-0.006544
0.099219
0.006935
0.025910
0.024303
-0.012099
0.000899
0.008978
-0.021519
-0.056381
-0.009788
0.051102
0.023870
0.021560
0.011017
0.036074
0.005949
-0.040344
-0.041544
0.050345
0.010481
0.005850
0.049886
0.004779
-0.047289
0.006684
0.027409
0.028856
0.008401
0.004489
0.139017
0.061369
0.008422
-0.018613
-0.002945
0.038235
0.024335
-0.006005
-0.005805
0.006300
0.106270
-0.041697
-0.037279
0.019846
0.017315
-0.015937
0.029544
0.064641
0.048237
0.038539
0.046617
0.014339
0.001934
0.018269
-0.056066
0.009396
-0.029792
-0.007608
0.023224
0.094574
0.039267
-0.002007
0.013066
-0.020402
0.002872
0.004934
0.036995
0.023455
-0.034612
0.017974
0.015216
0.015949
0.043305
0.013935
0.055212
0.007464
-0.010901
0.000347
0.034721
0.002843
0.036499
-0.002176
0.059671
-0.017153
0.013329
0.007906
-0.022042
0.018127
0.020354
-0.014659
0.057598
-0.002950
0.038292
0.014514
0.000904
-0.010707
0.009617
-0.002379
0.043880
0.027291
-0.000714
-0.024532
-0.001528
0.005708
0.000000
0.025826
0.013855
-0.022246
0.012655
0.010753
0.009653
-0.026445
0.015810
0.023208
0.087282
0.046387
0.057662
-0.036631
0.068330
0.033165
-0.033962
0.024516
0.052043
0.052774
-0.039916
-0.001377
-0.017972
0.060744
0.016419
-0.027382
-0.019865
0.054973
-0.098697
0.009719
0.019990
0.114468
0.116726
0.035313
0.000000
0.006048
-0.022646
0.016591
0.093706
-0.012174
0.026769
-0.002529
0.013282
0.036113
-0.023247
0.000000
0.005599
0.016253
0.006789
-0.009580
-0.003296
-0.043279
0.053635
0.071709
-0.032544
0.000000
0.000980
0.105968
-0.020318
-0.013847
-0.018942
-0.025303
0.090825
0.025562
-0.020720
0.040358
0.003659
0.113012
0.039852
0.017486
-0.024143
0.029575
-0.018240
0.012649
0.037848
0.078772
0.010520
-0.016156
-0.052358
-0.022929
0.042019
-0.048345
-0.031607
0.008168
0.023796
0.008135
-0.023963
-0.028551
0.048545
0.041028
0.281815
0.018311
0.007133
0.059158
0.030590
-0.005240
0.030449
-0.000389
0.027759
-0.040838
-0.001803
0.112114
-0.035251
0.005668
0.020856
0.045989
0.027096
0.040703
0.026914
-0.002533
0.030647
-0.016563
0.007938
-0.012396
-0.002709
0.040097
0.028094
0.034526
0.006351
-0.009982
0.050531
0.003768
0.032662
0.034149
0.070980
0.131034
0.128635
0.007207
-0.044517
-0.006692
-0.034349
0.015308
0.017889
-0.003843
0.048281
0.002634
0.007586
0.019112
0.521900
-0.045444
0.017783
-0.018557
0.097206
-0.010341
0.023084
0.080821
-0.021632
0.025587
0.012485
0.028029
0.003346
0.019445
-0.021955
-0.064098
-0.025356
0.094015
0.012510
0.003673
0.032144
0.055668
0.023433
0.005420
-0.032934
0.058717
-0.008520
0.123997
0.015896
0.004499
0.016575
-0.003163
0.001328
-0.006696
0.115229
0.227663
0.027174
0.000365
0.052380
0.026442
0.008181
-0.014323
0.100503
0.007100
0.092305
-0.026119
0.017549
0.010642
0.047127
-0.008567
0.098192
0.009490
0.025362
0.053293
-0.001957
-0.020467
0.016504
0.038939
0.052270
0.047126
0.001146
-0.051901
0.058215
-0.011467
0.015326
0.040478
0.018370
-0.006835
0.050542
0.003017
-0.002551
0.048049
0.151622
0.074874
0.007988
0.041376
0.089563
-0.056883
-0.017787
-0.028074
-0.038845
-0.015989
-0.008184
0.039390
0.041110
-0.030896
0.034232
-0.029486
0.029972
-0.004465
0.039782
-0.021206
0.043678
0.012942
-0.012685
-0.002538
0.004307
0.007992
0.007429
-0.004593
0.022708
0.005316
0.023818
0.022650
0.058752
-0.022836
-0.044614
0.029052
0.008363
0.050624
-0.005996
-0.034821
0.001211
0.041716
0.055661
0.018501
-0.030487
0.029900
0.014329
0.043821
0.032343
0.005790
-0.017616
-0.022150
-0.004430
-0.023187
0.080783
0.025995
0.038428
-0.015781
0.023260
0.028177
0.072676
-0.000471
-0.011089
0.126752
-0.022819
0.043688
0.055799
-0.083812
0.031085
0.015356
0.017541
0.056765
-0.020380
0.043814
0.011979
-0.011166
0.037105
-0.060078
0.035247
0.019808
0.002062
-0.013280
-0.058720
0.019913
-0.027872
0.089278
-0.011463
0.032652
0.034857
0.002095
0.051334
0.057948
0.036780
0.023717
0.030040
-0.004293
0.026847
0.033149
-0.004418
0.111189
-0.014779
0.083176
-0.001602
-0.000591
-0.006076
0.126606
-0.074619
0.025236
-0.000129
0.009570
-0.018403
-0.004393
0.046018
0.021294
-0.035129
-0.018306
0.055390
0.009491
0.037307
-0.011106
0.051713
0.010396
0.146534
-0.004967
0.018056
0.065534
-0.000228
0.031645
0.027283
-0.031846
-0.044142
0.047702
0.079731
0.029314
-0.030782
-0.096050
0.041557
0.048011
0.013327
0.017771
-0.005599
-0.008305
-0.022469
-0.003434
-0.010526
0.012559
0.189117
-0.000064
-0.002328
0.033516
0.054146
-0.000978
0.017977
0.048719
-0.039262
0.057151
0.075788
0.030146
-0.018942
0.063113
0.038096
0.013202
0.041964
-0.032200
-0.025195
-0.013694
-0.067345
0.039047
-0.049207
0.060081
0.004248
0.029638
-0.014493
0.012782
0.001909
0.048592
-0.002893
0.012579
0.067649
0.049812
0.005152
-0.000683
-0.011366
0.030786
0.005731
-0.005281
-0.034940
0.008183
0.052861
0.007154
0.001686
0.002494
-0.005953
0.055049
0.014594
-0.007579
0.089455
0.021765
0.012740
0.026788
-0.004434
0.001557
-0.015222
0.004644
-0.067773
-0.009961
0.035798
0.094464
-0.077392
0.017024
-0.010145
-0.009632
-0.014038
0.055610
0.043685
0.039317
-0.035387
-0.036430
0.003725
0.000998
0.015173
-0.002660
-0.020592
0.030809
0.039296
-0.003199
-0.018850
0.022292
0.010591
-0.006110
-0.005281
-0.030380
0.012785
0.018970
0.011195
0.007254
-0.011423
0.043193
0.074473
-0.084281
0.016134
0.081823
0.015546
0.004394
0.039439
0.007406
0.020409
0.019292
0.017882
-0.012592
0.004204
-0.005955
0.027597
-0.145874
0.030163
0.013424
0.070864
0.024786
0.001851
-0.015227
0.103708
0.015830
-0.024037
-0.005804
0.043137
-0.029491
0.044018
-0.033378
-0.069351
0.001287
-0.014762
-0.005511
-0.033444
0.014857
0.105480
0.109324
0.181947
-0.004453
0.064177
0.024978
-0.012391
-0.011538
-0.006579
0.000113
0.073662
-0.024693
-0.017903
-0.010987
0.004758
-0.024719
-0.020523
-0.037088
0.013742
0.003937
0.179871
0.049472
-0.003025
0.036220
0.002678
0.030520
0.001155
0.000000
-0.001595
0.027241
-0.045382
-0.008266
0.023052
0.021866
0.007550
-0.001036
-0.015837
-0.005006
0.009030
0.007442
-0.016829
0.028465
0.009850
-0.000980
-0.022523
0.099770
-0.027510
0.064167
0.001871
0.018841
0.011831
0.010192
-0.029596
-0.026592
-0.008087
0.038764
0.000634
0.016317
-0.081031
0.044287
0.011224
0.013406
-0.003357
0.011504
0.085217
0.027119
-0.014766
-0.014020
-0.009862
-0.033973
-0.002074
-0.015510
0.014328
0.013768
0.013459
0.009805
0.020763
-0.007571
-0.010539
0.021634
-0.002952
-0.052427
0.077155
-0.003985
-0.005794
0.024184
0.093208
0.033644
-0.011870
0.020086
-0.008938
0.005447
0.007275
0.020037
-0.017135
-0.025652
-0.037246
-0.014357
-0.045835
0.003691
0.096862
0.000970
-0.000162
-0.031070
0.005769
0.007006
0.007362
0.020902
0.017179
0.029654
0.018920
-0.005298
0.057544
0.020548
-0.010217
0.016615
0.004551
-0.012537
-0.066257
-0.019732
0.213101
0.018089
0.010507
-0.018394
0.020198
0.026780
0.084697
-0.006775
0.000000
0.007338
0.000493
0.032595
0.029414
0.081382
0.339323
0.000000
0.002514
0.022388
0.104576
-0.000740
0.025950
0.023367
0.013902
0.003432
0.013512
0.002567
-0.000716
0.043520
0.034931
-0.009079
0.014166
0.001504
-0.006409
0.005366
-0.012537
0.275093
0.012412
0.030199
0.064869
0.060498
-0.005270
-0.006083
0.026759
0.053152
-0.020000
0.056993
0.054568
-0.003035
0.050862
0.035023
-0.043054
0.424215
0.024677
0.000802
-0.009873
0.002878
0.037585
0.027927
0.014360
-0.014767
0.027471
0.007534
-0.004915
-0.003938
0.055662
-0.064609
0.018433
0.060780
0.015929
0.028255
-0.040950
0.031719
0.029333
-0.006885
-0.019008
0.008181
-0.015670
0.013996
0.011106
0.048718
0.022506
-0.018731
0.024466
-0.019762
-0.023528
0.139869
0.002515
-0.013931
-0.040345
0.033754
0.052365
0.052848
-0.003494
-0.009956
0.005036
0.029499
0.018654
0.007420
0.067267
-0.004506
-0.005301
0.000327
0.018604
-0.000652
-0.002130
-0.014984
0.012459
0.041174
0.059111
-0.084916
0.224723
-0.015974
0.027811
-0.005292
0.005657
-0.001898
0.003340
0.017545
-0.013566
0.014172
0.004256
0.015964
0.051655
0.085892
-0.017731
0.028797
0.040526
-0.010594
0.010061
0.016753
0.018621
-0.001735
0.000000
0.000000
0.000000
0.000000
-0.011759
0.003487
0.086908
0.005052
0.045599
0.022951
0.053786
0.022392
0.027801
0.041250
-0.025525
-0.013373
-0.000494
-0.005830
0.024022
-0.043557
0.046657
-0.020920
0.014665
0.072180
-0.003997
-0.056458
0.002143
0.005984
0.002895
-0.019028
-0.012080
-0.050748
-0.011904
0.012973
0.000856
0.012647
-0.019602
-0.000985
-0.005428
-0.051686
0.033471
0.015051
-0.028427
0.012852
-0.001154
-0.003327
-0.028660
0.029009
0.007675
-0.007930
0.074705
0.117628
-0.007003
-0.029936
0.092394
0.030491
0.003055
0.066335
0.094051
0.022204
0.029153
0.036150
0.034176
0.082822
-0.003429
0.056428
-0.001303
-0.035702
-0.027851
-0.047893
0.068920
0.034009
0.003385
0.022855
0.056810
0.043941
0.038142
-0.030900
0.025201
0.062479
0.030929
-0.012571
-0.100118
0.084154
0.013839
0.039733
-0.003989
-0.021253
-0.046105
0.054435
0.014099
0.014922
0.041644
0.017679
0.103755
0.017897
0.014448
0.057441
0.008649
0.000125
0.057147
0.036358
-0.022354
-0.002302
0.037288
-0.009800
0.051767
0.031288
-0.011875
-0.034240
0.075458
0.001461
0.092990
0.112154
-0.015033
-0.027034
0.006427
-0.009348
0.008715
0.000000
0.070702
0.013223
0.019302
0.000000
0.103363
0.006378
0.023717
0.087889
0.054855
0.015269
-0.010654
-0.045842
-0.051764
-0.005719
-0.013051
-0.000355
0.012907
0.030644
-0.202229
0.002576
-0.013243
0.058109
0.017244
-0.007343
0.009696
0.032837
-0.017309
-0.030324
0.040080
-0.009714
-0.017158
-0.009284
-0.004929
-0.007003
0.068543
-0.009452
0.011405
0.005978
-0.016329
0.007962
0.023284
-0.016326
0.017232
0.013104
-0.076008
-0.078130
0.099726
0.014928
-0.047280
-0.011834
0.022302
-0.034568
-0.014440
0.000088
-0.001614
0.030126
-0.016037
0.074587
-0.039609
-0.046661
-0.041899
0.022773
0.003393
0.050602
0.007395
-0.013422
0.061952
-0.008582
-0.000995
-0.001369
-0.020914
-0.022166
-0.001112
0.029087
-0.000211
-0.007351
0.015582
0.140724
0.045035
0.018097
0.039137
0.025525
-0.020220
0.030203
-0.004561
-0.038077
-0.008890
-0.021650
-0.021793
-0.032435
-0.018845
0.025499
0.026563
0.003155
-0.042114
0.011654
0.023457
0.074060
0.056763
-0.012438
-0.007714
-0.013200
-0.012479
-0.031128
0.029123
0.008823
0.027353
0.047489
0.018237
-0.005867
0.040885
0.021653
-0.020090
0.004042
-0.060590
0.011755
-0.023770
0.005319
0.010284
0.045133
0.036467
0.027797
0.024010
-0.009023
0.007018
0.021864
0.007106
0.016465
-0.047910
0.102977
0.071982
0.029082
-0.001756
0.004630
-0.002770
-0.003416
0.000761
-0.004757
0.002117
0.014170
0.017105
0.003756
0.027334
-0.011246
0.004615
-0.035322
0.002491
0.039512
0.029888
0.072968
0.037256
-0.004885
0.147754
0.049124
-0.058939
0.035850
-0.002796
-0.006575
0.005483
0.000000
0.000027
-0.018334
0.039071
0.073199
-0.010855
0.028920
-0.021565
0.000232
0.007827
0.077408
0.004636
-0.000796
0.040752
-0.018154
0.025887
-0.007320
-0.018000
0.001811
0.000000
-0.021180
0.013195
-0.018537
0.004096
0.004240
0.108836
0.037057
-0.009553
0.040679
0.000874
-0.041987
0.045602
0.036743
0.235644
-0.006842
0.164358
-0.039145
0.030395
-0.000261
0.032246
-0.019138
0.017486
0.061652
0.037240
-0.028249
0.031239
0.043083
-0.008482
0.005350
0.004339
-0.043284
-0.030603
0.022008
0.001249
0.000000
-0.004129
-0.012275
0.049015
0.030110
-0.012878
0.013015
0.023078
-0.018790
-0.023329
-0.014782
0.013373
-0.037158
0.010733
0.000306
0.009622
-0.009396
0.015274
-0.040547
-0.002015
-0.025244
0.033849
0.014858
0.042908
0.020819
0.007331
0.017564
0.031833
0.012829
0.019231
0.019668
-0.001052
-0.021489
-0.023678
-0.007358
-0.019583
-0.017321
0.008732
0.004020
-0.030058
0.005065
0.082941
0.022406
0.001437
0.018137
-0.042256
-0.038261
-0.013590
0.058730
0.060912
0.033216
0.333008
0.007332
0.064101
0.014373
-0.009354
0.021378
-0.007415
0.047957
-0.035358
0.013287
0.002851
0.005583
-0.042243
-0.003084
0.075697
0.026424
0.030517
-0.005869
-0.024514
0.038973
0.006314
0.035617
-0.013939
-0.030131
0.003399
0.022538
-0.015330
-0.007311
0.008710
0.007047
0.013002
0.024465
-0.013865
-0.050119
0.178902
-0.038035
0.002071
0.013374
0.022602
0.035602
0.047062
-0.007689
0.010596
-0.014016
0.015158
0.002423
0.070088
0.011957
-0.007750
0.056341
-0.035038
0.036284
-0.006659
0.007911
0.041924
0.032816
-0.000194
0.003783
0.051492
-0.076633
0.018769
-0.041928
0.003877
0.006792
-0.120380
-0.028596
0.214316
-0.003535
0.007503
0.050100
0.026995
0.121605
0.071143
0.028644
0.001752
0.040345
0.025336
0.110471
0.027303
0.028886
0.014087
0.066370
0.021409
0.006732
0.043228
-0.013485
0.007317
-0.090916
0.005545
0.008194
0.024016
0.028902
0.005363
0.021264
0.084976
0.020888
0.027866
0.010457
0.001074
0.005132
0.000000
-0.020624
0.004475
0.001179
0.045176
-0.057019
0.025722
0.058476
-0.019122
0.068263
-0.029304
0.000385
-0.030094
0.019290
0.064307
-0.014470
0.005440
0.027536
0.010217
0.000405
0.024865
-0.003640
0.062736
-0.009735
-0.034489
-0.011490
-0.003443
-0.006238
0.009324
0.044276
0.032685
0.027302
0.014200
-0.003009
-0.004379
0.065577
-0.035948
-0.006255
0.001303
-0.000798
0.047951
0.009146
0.005705
-0.004967
-0.003686
0.006680
0.026116
-0.017222
-0.003264
0.064548
0.036125
0.015221
0.075600
0.018457
0.070626
0.013607
-0.064395
0.010147
0.004032
-0.019573
0.093938
0.073343
-0.033246
0.094566
-0.006354
0.042079
0.035757
0.041505
0.013722
0.033396
0.054462
0.027012
0.018940
-0.011276
0.007052
-0.012007
-0.026467
-0.025878
-0.018843
0.046231
0.021892
0.016502
0.246839
-0.026431
0.068268
0.009741
0.022468
-0.000955
-0.000074
-0.045637
0.015384
-0.013104
0.009046
0.001023
0.039336
-0.030378
-0.020108
0.002231
0.030385
-0.015636
-0.012034
0.033113
0.028771
0.010783
-0.010463
0.017450
0.024231
0.002841
0.011608
0.026548
0.000143
0.032990
-0.021113
0.134754
0.018061
0.047809
0.006228
0.029365
-0.012874
-0.005710
-0.011342
-0.011971
0.005106
0.020874
0.019631
0.069423
0.001035
0.028814
0.018164
-0.011099
-0.001873
0.008699
0.075997
-0.035196
-0.005106
-0.038293
0.048492
-0.015927
-0.026342
0.014632
0.001829
-0.014339
0.029533
0.030728
-0.010446
0.015296
-0.003164
0.014419
0.015306
0.028786
-0.006717
0.000069
-0.007830
0.002981
0.018299
0.041089
0.013365
0.039771
-0.009296
0.076243
0.066292
0.042474
-0.009745
0.012149
-0.021980
0.005222
0.015878
-0.029952
-0.003766
0.010189
0.012130
-0.016109
0.000676
0.049220
0.027338
-0.001601
0.025963
0.065673
-0.005715
0.005694
-0.000806
-0.004544
0.023257
0.009939
0.011479
0.057312
0.034594
0.000000
0.004142
0.014280
0.059448
-0.022312
0.032388
0.005879
0.020694
-0.026960
0.036748
-0.075691
0.056721
0.078657
0.009581
-0.001100
0.022812
-0.002703
0.029289
0.005143
0.089821
-0.017862
0.026508
0.041610
0.068855
0.002891
-0.020990
0.066173
0.001410
-0.002862
0.018986
0.041937
-0.031829
0.148541
-0.002801
0.001130
-0.077376
0.016373
0.039329
-0.041175
-0.012146
0.035030
0.002033
0.006972
-0.029816
0.028172
0.050030
0.024005
-0.036343
0.198669
0.033159
0.018708
0.031308
0.092364
0.024255
-0.018855
-0.017017
-0.001914
0.005370
0.132280
0.019121
0.010228
0.033222
-0.007600
0.027044
-0.007078
-0.024042
0.073623
-0.012319
0.004322
-0.017076
0.049846
-0.028386
0.046735
0.091327
0.188706
-0.002258
-0.003353
-0.030616
-0.004864
0.015359
-0.002134
-0.039832
0.000660
-0.010624
0.131253
0.020628
0.197529
0.031184
0.036030
0.118712
0.011960
0.001998
0.033302
0.005965
0.036687
0.090229
0.051370
-0.031801
0.007561
0.007087
-0.014394
-0.046115
0.023629
-0.042153
0.064855
-0.116125
0.042577
-0.028252
0.017437
-0.006070
-0.007848
0.059205
-0.022325
-0.020769
0.042377
0.011460
0.080096
0.014184
0.004469
0.039294
-0.034328
0.000155
-0.004848
0.009497
-0.023609
0.039586
-0.009072
0.001078
-0.021160
0.010140
0.011638
-0.025474
0.057982
0.071558
0.047900
0.027548
0.023009
0.064192
0.013388
0.053528
0.077720
-0.008227
0.001623
0.027577
-0.001070
0.027463
0.066261
0.014086
0.069449
0.084586
0.033005
0.030753
-0.057205
-0.009363
-0.030219
0.053007
0.023191
0.037502
0.033460
0.006913
0.054949
0.043126
-0.003850
-0.014918
0.033356
0.031684
0.008786
-0.010193
0.022198
0.034339
0.001905
0.007538
-0.002591
0.019409
0.010148
-0.038886
0.005389
0.001008
0.074698
0.153187
-0.002596
0.003276
0.015210
0.035762
-0.029774
0.064691
0.057179
0.129716
0.020580
0.022126
-0.072696
0.006644
0.066444
-0.015172
0.000000
0.025768
-0.002462
0.021249
0.116018
-0.014490
-0.023620
0.011590
0.034560
0.041269
-0.055356
0.066145
-0.037431
-0.046928
0.031667
0.006707
0.017831
0.064868
-0.064982
0.026454
-0.019059
-0.014807
0.029098
-0.021804
-0.083699
-0.021293
0.016905
0.039271
0.030458
-0.057687
0.050807
0.061489
0.032590
0.036759
0.023554
0.016823
0.026811
0.028707
0.098820
-0.052334
0.010494
-0.053758
-0.003808
0.065589
0.006353
-0.008827
0.059116
0.072731
0.042602
-0.006785
0.111353
0.026882
0.013236
0.006218
-0.020611
0.003878
0.019177
-0.003801
-0.032504
0.026981
0.010006
-0.037596
0.006552
0.009829
0.004960
-0.039592
0.018671
0.027581
0.024436
0.047477
0.006662
-0.003257
0.062727
-0.001235
-0.025886
0.015648
0.020056
-0.054233
0.024055
0.059707
0.011336
0.055777
0.044807
0.045112
0.012721
0.014646
0.045466
0.012425
0.028821
0.010112
-0.001018
0.010082
0.056897
0.026075
0.037491
0.000350
-0.010536
0.043126
-0.026530
-0.048624
-0.024210
0.054152
-0.027591
-0.043595
0.044829
0.032511
0.020119
0.013456
0.026721
0.001029
0.018305
0.039134
-0.009849
0.011131
0.007205
0.013522
0.038875
0.073350
-0.021330
0.041146
-0.027737
0.007161
-0.007813
0.006220
-0.005474
0.046893
0.021826
0.009885
0.045467
0.003576
0.022394
0.016219
0.002635
-0.005552
0.048566
0.084552
0.029989
0.022900
0.041592
0.030228
-0.012939
0.040559
-0.039906
-0.004585
0.041929
-0.016461
0.030689
0.070807
0.042349
0.019581
0.026648
0.012983
0.043771
0.025915
0.004481
-0.035126
0.000225
0.128390
0.040172
0.053174
-0.019286
0.028897
0.029938
-0.003680
0.007563
-0.003479
0.021866
0.011362
0.005125
-0.016202
0.117124
0.044017
0.002419
0.008048
0.033317
-0.003528
0.004084
0.059395
-0.023724
0.032110
0.000225
0.098871
0.016307
-0.023705
0.239286
0.076595
0.007305
0.005322
0.038202
0.071301
0.007576
-0.011309
-0.105105
-0.011153
0.002336
-0.021205
-0.020863
0.083498
0.034714
-0.053964
-0.113868
0.030646
0.035282
0.028102
-0.004001
0.038924
0.077837
0.029944
0.002903
-0.040938
0.001292
0.023537
0.002486
-0.002044
0.046065
0.018799
-0.001946
0.017032
-0.013146
-0.015690
-0.012026
-0.002817
-0.007507
-0.006856
-0.050437
0.020642
0.005672
0.089908
-0.011040
-0.023036
-0.000040
0.004851
0.067043
0.025099
0.019878
-0.002810
-0.003231
0.024207
0.037350
0.021831
0.037950
0.043221
-0.000435
0.009910
0.010314
0.028592
0.091810
-0.020389
0.081063
-0.032793
-0.004100
0.013891
-0.017052
0.037124
0.118599
0.007582
-0.003555
0.029580
-0.027211
0.173271
0.093438
-0.027708
-0.059174
-0.018430
0.017789
0.009128
-0.030174
0.032893
0.207856
0.014799
-0.014941
0.043564
-0.013864
0.014112
0.034874
0.013092
0.053464
-0.033729
-0.028240
-0.004112
0.036633
0.034826
-0.014076
-0.036259
0.029552
-0.032517
0.063940
0.053771
0.001587
0.001058
0.115467
0.077526
-0.008950
-0.005840
0.015675
0.001147
0.021607
0.010373
0.006777
-0.008773
0.048275
0.025102
0.020757
0.066215
0.039611
0.005362
0.001975
0.078472
-0.029781
0.008638
0.077631
-0.010345
0.030636
0.062403
0.056082
0.134997
-0.001828
0.026254
0.028190
-0.006396
0.005556
0.022462
0.083261
0.031867
0.071003
0.031457
0.063829
0.008813
0.013798
0.058648
-0.005563
-0.030732
0.000176
0.009220
0.012248
0.001843
0.092155
0.009792
0.002354
0.078418
0.075657
0.105505
0.036463
0.009855
0.021934
0.034228
0.038666
0.034350
0.123537
0.037573
-0.010781
0.052471
0.033035
0.013503
0.277954
0.020295
0.036728
-0.023792
0.025225
0.085400
0.036423
-0.004857
0.026061
0.011073
0.023045
0.006498
0.052094
0.039198
0.052506
-0.019155
-0.013648
-0.035301
0.049222
-0.036892
0.041617
0.010724
-0.069978
0.026263
0.040475
0.016628
-0.086744
0.010416
0.017130
-0.056500
-0.002042
-0.009706
0.029458
0.030145
0.065280
0.079713
0.085400
0.057379
-0.005569
0.005626
0.051193
0.037543
0.009392
0.002274
0.029769
0.032774
0.084894
-0.007262
-0.014517
0.002602
0.063141
-0.064365
0.031798
0.045399
0.045445
0.073423
0.031231
-0.060145
0.002088
-0.003775
0.006252
0.004889
0.048502
0.042379
0.050148
-0.006722
0.030350
-0.015165
0.030077
-0.006690
-0.040222
-0.015817
-0.016456
0.006042
0.004794
0.048932
0.046407
-0.035183
0.005104
-0.079619
-0.100018
0.019526
-0.016350
0.003210
-0.018862
0.003649
-0.021497
0.047518
0.016115
0.004026
0.031751
0.101002
0.001417
-0.001251
0.033135
0.099486
0.106053
0.021407
0.027743
0.040332
0.039906
-0.030409
-0.016496
-0.016768
0.112918
0.036373
0.012075
-0.014787
-0.032663
0.060930
0.009906
-0.006039
0.052373
-0.042545
0.025847
0.030039
0.026133
0.036861
0.000476
0.012714
0.030228
0.036138
0.000728
0.068828
-0.010358
-0.007393
-0.019422
-0.001211
-0.016081
0.007421
-0.011268
0.009033
-0.011707
0.014747
-0.010268
0.033924
0.006821
-0.060806
0.012557
0.023859
0.001165
-0.016636
0.012687
-0.031816
0.009631
0.022526
0.072497
0.069695
0.236325
0.032864
-0.023424
0.011708
0.006233
-0.003147
0.517918
0.000000
0.043993
-0.011520
0.038389
0.035970
0.016910
0.025413
-0.019663
0.058179
0.026293
0.001849
0.021701
0.018785
-0.007973
0.008509
0.019587
-0.007615
0.032609
-0.017804
0.042595
-0.040413
-0.014048
-0.014181
-0.027639
0.016976
0.025320
0.039235
0.020564
-0.028592
0.024596
-0.002537
0.000557
0.000602
-0.001889
0.004172
0.125020
0.095082
0.008384
0.019229
0.018758
0.018852
0.024713
0.009591
0.006712
0.131766
-0.003110
-0.014702
-0.001724
0.046794
-0.055542
0.014172
0.012863
-0.034268
-0.018973
0.027842
0.069599
0.008877
0.069743
-0.014244
0.017083
0.010476
0.054170
0.091403
-0.003279
-0.038170
-0.020512
0.047138
-0.012117
0.000756
0.002626
0.002195
-0.009606
0.047449
0.035643
0.035055
0.003952
0.036782
-0.001021
-0.018648
0.034048
0.032633
-0.020616
-0.008798
0.034413
0.035571
-0.022247
0.001291
-0.049258
-0.002751
-0.010864
-0.010825
0.002067
0.016456
-0.004750
0.002981
-0.059909
0.018933
0.180421
0.061159
0.013462
-0.010827
-0.006699
-0.016333
0.033113
0.028630
-0.019012
0.006315
0.152317
0.005572
-0.010257
0.030981
-0.006942
-0.048806
0.049605
-0.036432
0.017017
0.061526
-0.004369
-0.032222
0.016322
0.016740
0.024251
0.115051
0.049599
-0.001084
0.085792
-0.017858
0.044980
-0.008294
-0.020209
-0.009862
0.013863
0.029307
-0.037254
-0.024904
0.001971
0.022664
-0.012995
0.014316
-0.013756
0.013241
-0.051619
-0.020007
-0.022410
0.046287
0.017183
-0.009500
-0.080401
0.002243
0.136643
0.018477
-0.012007
0.017037
0.017086
0.039223
0.028177
0.012510
0.020551
-0.027306
0.007878
0.014161
-0.007901
-0.011002
0.046736
0.089837
-0.001517
0.020146
-0.006819
-0.046775
-0.020694
0.052968
-0.034953
-0.002163
0.003223
0.099763
0.004076
0.031294
0.012015
0.008171
-0.007503
0.073689
0.040819
0.016810
-0.014476
-0.018219
-0.000510
-0.006780
-0.034841
-0.001072
0.092107
0.027305
0.027793
0.018337
0.056857
0.042261
0.023700
0.034706
0.031390
0.034154
0.054053
-0.012579
0.018051
-0.005857
-0.051984
-0.019017
0.025700
0.034748
0.026826
0.009984
-0.014045
-0.039473
0.004110
0.022982
0.045496
0.015398
0.004165
0.046906
0.015311
0.000787
0.028030
0.029770
0.021288
-0.024172
0.042205
0.001498
0.041065
0.003276
0.026303
0.036339
-0.054470
-0.008344
-0.024362
-0.017178
-0.022744
0.028636
-0.023071
0.006887
0.001164
-0.018395
0.013245
-0.109213
0.005390
-0.048218
0.017886
-0.020009
-0.022280
-0.034850
-0.029941
0.013747
0.013666
0.017239
-0.021167
-0.009319
-0.031306
0.120798
-0.006122
0.072320
0.025936
0.018428
0.028051
-0.037432
0.014619
0.055109
0.003334
0.037330
0.008162
0.022195
0.002009
0.036375
0.034210
0.089236
0.051278
0.026146
0.017708
0.024370
-0.022051
0.066152
-0.016998
0.029796
-0.002706
-0.011397
0.015095
-0.002599
0.011452
-0.035340
0.017186
0.042802
0.013262
0.030713
0.015780
-0.053344
-0.094065
0.019539
0.013453
0.016841
0.012106
-0.006533
0.032994
0.024136
-0.006085
0.074630
-0.010757
0.033305
0.018893
-0.022782
0.013999
0.004115
-0.005129
0.041493
-0.012169
0.036512
0.013104
0.081425
0.022067
0.004951
0.042127
0.062021
0.001905
-0.016754
0.017787
0.061940
-0.006158
-0.007873
0.071938
0.031022
-0.024714
-0.002075
0.002872
0.007483
0.042152
-0.066501
-0.020469
-0.054041
0.021617
-0.023060
0.002485
0.000000
0.013426
-0.005534
0.012605
0.029371
-0.008531
0.205565
-0.028173
-0.038213
0.005979
0.059037
0.032663
0.046549
-0.005217
0.009454
0.000000
0.017357
-0.003662
0.259518
0.000000
0.060641
0.011753
0.012331
0.011933
-0.014041
-0.018201
-0.084538
0.007038
-0.002639
-0.014784
0.059500
-0.009145
-0.023467
0.022933
0.010974
0.004729
-0.015505
0.006651
0.014116
-0.006009
0.025016
-0.056951
-0.022014
0.171502
-0.006305
-0.013687
-0.013152
-0.000631
0.042485
-0.023886
-0.012491
0.000784
-0.009697
0.052229
0.000557
0.019307
0.003506
0.005252
-0.013151
-0.011328
0.002964
-0.008269
0.015575
-0.026654
0.063849
-0.006776
-0.032490
0.019285
0.004824
0.053137
-0.045751
0.001152
0.071515
-0.020105
-0.023723
-0.005739
0.062925
0.019834
-0.016452
0.034282
-0.001744
0.029755
0.049375
0.064750
0.017284
0.048762
0.081600
0.011070
0.052672
0.032369
0.129728
-0.010874
-0.029589
-0.004555
0.012744
0.014189
0.009324
0.038703
0.076844
-0.025977
0.019748
0.061391
0.045807
0.105940
0.024139
0.004698
0.005306
0.004123
0.036386
0.048013
0.002947
-0.041604
0.028289
-0.050838
-0.030772
0.041300
-0.013858
0.042077
-0.013669
0.028257
-0.007299
0.003624
-0.018421
0.028838
-0.008858
0.013494
-0.001697
0.011230
0.015764
-0.028415
0.044520
-0.010134
0.026631
0.070815
-0.002978
-0.023394
0.025748
0.152336
0.012285
-0.030135
0.015200
0.037610
0.026777
-0.010106
-0.003008
0.056548
0.070160
-0.003058
0.005543
0.010411
-0.004413
0.013266
0.116661
-0.017456
0.015065
-0.000176
-0.010856
-0.025114
0.023064
-0.018792
0.039484
-0.062331
-0.020133
0.260702
0.060803
0.008416
-0.011109
0.011428
-0.037635
-0.000693
-0.018860
-0.014398
0.001680
-0.037009
0.010716
0.012508
0.007493
0.006426
0.017445
0.001021
-0.008172
0.004288
0.006502
-0.012494
0.015381
0.014211
-0.001835
-0.020577
0.018666
0.029545
-0.018330
0.009968
-0.025181
0.018797
-0.012370
-0.000382
0.009538
0.028981
-0.013986
0.015101
0.028293
0.022541
0.025155
-0.013695
0.045757
-0.002052
0.026703
0.083837
0.005570
0.027004
0.009496
0.103743
0.054550
0.017894
-0.040370
0.170361
0.024006
-0.001208
0.022174
-0.004015
0.125407
-0.035926
0.022543
0.007794
0.032101
0.054085
0.085684
0.003136
0.021616
0.011011
0.025018
0.062972
0.023434
0.014218
0.030384
0.040709
-0.000621
-0.003951
0.043907
0.006267
0.000861
0.028871
-0.017337
-0.015029
0.005208
0.005926
0.011870
0.013873
0.150956
0.003264
0.081174
-0.054581
0.019840
0.019423
-0.023210
0.007701
-0.039719
-0.003489
-0.042008
0.014893
0.037434
0.026580
0.006554
0.024969
-0.003082
0.045815
0.004096
0.011390
-0.003801
-0.016676
0.028614
0.009282
-0.000714
0.001022
0.018704
-0.041894
-0.012893
-0.035459
0.039995
0.034121
0.029558
-0.001182
0.426088
0.054293
-0.010782
-0.014795
0.002129
0.018634
-0.040809
0.035550
0.028508
-0.053877
0.032916
-0.013283
-0.012139
-0.000290
-0.011763
0.041259
-0.027774
0.004876
0.056681
0.036172
-0.016137
0.032733
-0.025976
0.044398
-0.008450
-0.005462
0.017366
-0.009889
-0.028408
-0.016191
0.015713
0.009075
-0.035894
0.004541
0.002539
0.000287
0.000000
0.000000
0.000000
0.029245
-0.013903
0.043556
0.031478
0.014841
0.078960
0.011093
-0.014753
0.091342
-0.061996
-0.019832
0.032953
0.043086
-0.002093
0.044097
0.037342
0.007255
0.003839
-0.004146
-0.003900
-0.036088
0.015097
0.049097
0.001002
0.000000
-0.002817
0.063075
-0.023890
-0.002675
0.011615
-0.004253
-0.014367
-0.038333
0.007831
0.029841
-0.006255
0.000000
-0.008345
0.025936
0.004165
-0.009901
0.055888
0.008564
0.004758
0.005519
0.017922
-0.032318
-0.009861
-0.023367
-0.030371
0.036509
-0.019139
0.017404
0.006632
0.012823
-0.025224
0.035439
0.029226
-0.018102
0.072263
-0.008415
-0.001571
-0.052061
-0.009286
0.061683
0.017568
0.026490
-0.004124
-0.009695
-0.001913
0.064711
0.037096
0.049358
0.003390
-0.017995
0.000000
-0.014788
0.000000
0.024639
-0.027608
0.069773
-0.006380
-0.079791
0.016797
0.017274
0.040988
0.025358
0.026064
-0.007179
0.000492
0.001479
0.000000
0.016483
-0.010238
0.027147
0.004482
-0.007951
0.020649
-0.008218
0.000000
0.068375
0.172406
0.022634
-0.010195
0.016889
0.054395
0.036726
-0.015219
-0.004833
0.075306
0.023178
0.016336
-0.064109
-0.019949
0.049920
-0.012677
-0.015661
0.005232
0.010382
0.009722
-0.341947
-0.031392
0.007077
0.016438
0.000000
0.007728
-0.010011
0.122053
0.010625
-0.014871
-0.012867
-0.036798
-0.012806
0.011281
0.015753
0.053880
0.019927
-0.026131
0.027459
-0.015781
0.033625
0.000928
0.000000
0.000000
0.000000
0.014623
-0.007489
0.050621
0.017744
0.002595
0.155201
0.056695
0.046359
-0.019910
-0.033930
0.057861
0.034585
0.007936
0.026218
0.023699
0.061621
-0.036422
-0.010309
-0.060636
-0.024258
-0.006630
0.021234
-0.063216
-0.010769
0.048106
0.050781
0.060184
-0.016155
0.010790
-0.124939
0.022087
-0.100197
0.013612
-0.022566
0.007148
-0.004034
-0.042982
-0.033230
0.062493
0.002876
-0.037842
0.002209
0.022396
-0.013555
0.012444
-0.014380
-0.024202
0.032716
0.014862
0.041971
-0.076841
-0.031686
0.031106
0.104191
-0.067336
0.020858
-0.019677
0.063037
0.003943
-0.025710
0.023667
-0.005813
0.014263
-0.019327
0.022782
0.117480
-0.013426
0.022809
-0.051207
-0.004938
0.009540
-0.014822
-0.010150
-0.018591
0.068365
-0.040211
-0.024199
-0.002248
0.025178
0.035645
0.141635
0.041710
-0.054748
0.224616
0.025950
-0.023786
-0.062329
0.020561
-0.016734
0.070304
0.034078
-0.026866
0.024405
0.004320
-0.021124
-0.052588
0.033401
-0.051065
-0.026419
0.010789
0.016905
0.020416
0.028286
-0.049012
0.014474
0.023525
0.010419
0.018601
-0.024985
-0.001741
-0.010578
0.036105
-0.010919
-0.016822
-0.051305
-0.035872
-0.016820
0.050598
0.004477
0.054187
0.007229
0.000158
-0.036121
0.057636
-0.027129
-0.018369
0.014025
-0.029850
-0.037547
-0.041305
-0.021744
-0.042445
0.014927
-0.012867
-0.056414
-0.010956
-0.003296
0.016318
0.014451
-0.027607
-0.013702
0.022550
0.018460
-0.023839
0.037226
0.034008
0.002213
0.054081
-0.071487
0.064866
-0.082909
-0.000107
0.026040
0.007925
-0.005927
0.027885
0.049590
0.023656
-0.035374
0.040021
-0.006282
0.092037
-0.080859
0.085319
0.146978
-0.049324
-0.013673
0.079321
0.055151
-0.002861
-0.003774
0.027426
0.035926
0.078101
0.079081
0.050259
-0.006559
0.048839
-0.032665
0.024202
-0.024930
0.033567
0.039992
-0.015020
0.001195
0.018370
-0.064007
0.006259
-0.005022
0.007092
-0.024282
-0.020797
-0.017557
-0.030350
-0.014278
-0.018048
0.029890
-0.022443
-0.107360
-0.061178
-0.038825
0.008327
-0.016650
0.009944
-0.014058
-0.023987
0.011678
-0.027395
0.079391
0.035170
-0.010891
-0.059682
-0.019865
0.037443
0.004061
-0.025585
-0.011300
-0.044397
-0.051812
0.004654
-0.019832
0.065813
0.009082
-0.005979
0.050228
0.020030
0.051200
-0.005548
0.078720
-0.011528
0.038007
-0.001797
0.034113
0.073529
0.055870
0.018262
0.003510
-0.004949
-0.028615
0.000637
0.010481
0.008064
0.050402
-0.008422
-0.040772
-0.040434
0.017507
-0.001201
0.041010
0.022152
0.042559
-0.042843
-0.021936
-0.034231
0.084226
0.021653
-0.023593
-0.011129
0.022405
-0.003484
-0.000609
-0.012367
0.039362
-0.004476
0.037788
0.033857
0.040582
0.011403
-0.007886
-0.008056
0.011384
-0.002356
0.003358
0.005655
0.045621
0.013561
-0.009317
0.006664
-0.062322
0.050452
0.004459
0.019345
0.047858
0.003824
-0.029931
-0.025338
0.027737
0.009410
0.069109
0.003796
-0.037630
0.049701
-0.031980
0.067881
0.039599
-0.006643
-0.032728
0.013417
0.021479
0.003765
0.010754
0.012412
0.084149
0.006308
0.012669
-0.032474
-0.030800
-0.018610
0.008165
0.011795
-0.054838
0.037119
-0.088759
0.015635
-0.012201
-0.033809
0.033886
-0.004069
-0.007845
0.012497
0.003027
-0.002162
-0.012186
0.018396
-0.040418
0.008472
-0.005179
-0.005681
0.004063
-0.029220
-0.006776
-0.012093
-0.024071
0.055949
-0.032147
-0.015596
-0.011750
-0.042781
-0.060220
0.042649
-0.009015
0.003099
-0.028132
0.050440
-0.003433
-0.021841
0.072196
0.067630
0.003135
-0.011005
-0.033283
-0.019186
-0.061124
-0.031751
-0.066807
0.172329
0.001382
0.010601
-0.021653
-0.033334
-0.001288
0.004748
0.040643
0.010606
0.005852
-0.015588
-0.044887
-0.040228
-0.043286
-0.047266
0.006551
-0.014245
0.024075
