0.028541
0.035669
0.013831
0.046987
0.018506
0.004368
-0.096613
-0.012695
0.047540
-0.017709
-0.023314
0.012550
-0.025783
-0.211486
0.008746
-0.099111
0.014265
0.002957
0.059612
-0.018337
-0.009410
-0.042886
0.000976
-0.059830
-0.026319
-0.070367
0.056856
-0.044669
-0.020064
0.092958
-0.020959
-0.062483
-0.020222
-0.002094
-0.052588
0.050986
-0.007100
-0.021173
0.001060
-0.032785
-0.021678
0.012167
0.033667
-0.019358
-0.071845
-0.040991
0.000687
-0.030623
-0.032668
0.010785
-0.043656
0.000585
-0.024579
-0.045873
-0.023139
-0.013726
0.003132
-0.062972
0.070088
-0.016102
-0.044763
-0.025225
-0.040124
-0.002771
0.002979
0.036151
-0.015886
0.017040
0.000330
-0.002541
-0.017293
0.020022
0.000467
0.067033
0.014525
0.006957
0.053686
0.029200
0.015068
-0.003798
-0.019846
-0.091121
-0.001256
0.032449
0.013485
-0.053336
-0.005745
0.012925
-0.003526
-0.025457
0.014595
-0.056829
-0.035051
0.001998
-0.008103
-0.058288
0.007906
0.009096
0.006056
-0.016374
-0.034065
-0.029294
0.020483
0.027580
0.016814
-0.004944
0.012862
-0.022002
-0.006902
-0.022131
-0.014406
-0.005443
0.022776
0.013694
-0.010543
-0.004810
0.148358
-0.003721
0.023002
-0.001082
0.005921
0.007097
-0.006421
0.018781
0.002500
-0.000480
0.003319
-0.042947
0.055913
-0.060736
0.026459
0.000394
-0.001638
-0.005111
0.042437
0.026804
-0.000569
0.006084
0.027905
-0.048293
0.025521
-0.009380
-0.131067
-0.078501
0.056273
0.003291
-0.051131
-0.034123
-0.006630
-0.022505
-0.014497
0.008082
0.040695
-0.013587
0.035645
-0.014783
0.009377
0.004293
-0.003945
0.028721
-0.018303
-0.135624
-0.057939
-0.011725
0.000000
0.000000
0.000000
-0.097761
-0.017779
-0.031593
-0.018332
0.000000
0.000000
0.000000
0.000000
0.000000
0.030777
-0.001895
-0.017335
-0.010699
-0.002485
0.023002
-0.078296
0.275114
0.058461
0.022395
-0.004256
-0.022819
-0.114783
0.052760
-0.055224
-0.038540
-0.044544
0.000627
0.004951
-0.032062
-0.008343
-0.026373
-0.033432
-0.044253
-0.027898
-0.018163
-0.020764
-0.052534
-0.049737
-0.009009
-0.009245
0.216621
0.000000
0.000000
-0.107126
-0.027888
0.103286
-0.070706
-0.005388
-0.042105
0.096214
0.000000
0.000000
0.000000
0.000000
0.000000
0.000000
0.000000
0.029720
0.038684
0.042885
-0.058563
0.070518
0.063261
0.034954
0.048169
0.027708
0.092365
-0.001530
0.010478
0.064424
0.049339
0.222125
-0.010066
0.028757
0.042241
-0.001496
-0.048446
-0.066645
-0.001661
0.081790
0.031395
-0.023968
0.033570
0.042001
0.025701
0.136600
0.014198
-0.002074
-0.074557
-0.013721
0.035407
-0.034222
0.041009
-0.014605
0.016239
0.062379
0.073692
0.014101
-0.011547
-0.009181
0.031735
0.027494
0.015549
0.230095
0.087591
0.097540
-0.012398
0.062475
0.101850
0.101805
0.048764
0.031069
-0.005420
0.099136
0.014371
0.037189
0.033814
0.003933
-0.001857
-0.049981
-0.005846
0.094789
-0.010770
-0.008788
-0.013540
0.056776
-0.001368
0.007564
-0.015368
0.020871
-0.012300
0.019121
-0.004032
0.017571
0.128457
0.058027
-0.063149
-0.003024
0.022803
-0.003716
0.007184
0.051972
-0.029681
-0.038046
-0.020152
0.041207
0.116174
0.009166
0.027691
0.182148
0.042506
0.031138
0.016859
0.068379
0.023638
0.040120
0.029154
0.062491
0.020139
0.086053
0.059568
-0.011214
0.062405
-0.042669
0.094535
0.048460
0.046451
0.022343
0.028727
0.014635
-0.026225
0.007286
0.057366
0.037909
0.022322
0.081119
0.008952
-0.022294
0.024316
-0.022841
0.005622
0.055951
0.026363
0.036756
-0.022352
-0.022851
-0.034235
0.021434
-0.014552
0.016976
0.033926
0.076170
0.011110
0.088678
-0.000152
0.140266
0.077683
0.070789
0.054820
0.059653
0.043933
-0.013594
0.067587
0.103054
0.112282
0.079556
-0.024213
0.095874
0.007243
0.005554
0.108462
0.017617
-0.013013
0.020962
0.043693
-0.032164
0.000334
0.012539
-0.036248
-0.017709
-0.000059
0.106326
0.011050
-0.079524
0.144965
0.026890
0.081465
-0.073397
-0.008252
-0.016760
0.088192
0.048110
0.048939
0.045742
0.022989
0.182357
0.000000
-0.014503
-0.009807
0.049732
0.004843
0.098217
-0.037757
0.066880
0.094871
0.019180
-0.017590
0.089988
0.050085
0.032143
-0.003347
0.020423
0.015129
0.035643
0.045439
0.070098
-0.054609
-0.091638
-0.014917
-0.008235
-0.031012
0.074174
0.025975
-0.071387
-0.075260
-0.024415
0.022862
-0.027012
-0.026466
-0.031790
0.038111
0.017204
-0.001743
-0.005061
0.023977
0.005081
0.057689
0.067314
-0.070906
-0.002698
0.020262
0.075599
0.067990
-0.019593
0.044354
0.102024
0.052025
-0.029849
0.052807
0.055179
0.112733
0.020587
0.015162
-0.043716
-0.028540
0.056375
0.127721
-0.032012
0.098647
-0.032890
0.001254
0.057618
-0.007461
-0.029055
-0.006050
-0.062209
-0.050783
0.063908
-0.019559
0.011560
0.086751
-0.002127
0.002069
0.003405
0.009469
0.002493
0.001132
0.073295
0.016113
0.108839
-0.026457
0.042822
0.001692
0.018523
-0.047757
0.066344
0.034604
0.063171
-0.002190
-0.001562
-0.050252
-0.002843
0.051990
0.020368
-0.002966
0.054357
0.026720
0.160970
0.010066
0.005162
0.000698
0.002790
-0.029136
-0.003762
-0.032987
0.082751
-0.010597
-0.010693
0.069357
-0.001009
-0.000936
-0.037308
0.043667
0.081931
-0.000506
0.073780
0.046948
0.073211
-0.049139
0.027185
-0.051669
-0.038628
0.027937
0.035965
-0.014719
0.052610
0.096877
0.053738
0.071784
0.039624
0.049250
0.012580
0.121599
0.046259
0.001711
0.033210
0.037845
-0.039227
0.030964
0.126855
0.002328
0.125750
-0.115574
0.009123
0.009701
0.019147
0.424108
0.182897
0.011636
0.103569
0.001136
-0.047164
0.003546
-0.030593
0.036794
0.007890
-0.061434
0.052260
-0.061728
0.128310
-0.025390
-0.033526
0.063927
-0.027255
0.014759
-0.044755
0.074789
0.132408
0.094679
0.024187
-0.025766
0.023899
0.018622
-0.007400
0.001038
0.009365
-0.101440
0.018305
0.014868
-0.007994
-0.079816
0.246592
-0.010471
0.061438
0.055275
0.062347
0.048677
-0.040356
0.037772
0.047129
0.048498
0.032009
0.062528
0.022031
0.013729
0.046842
0.003344
0.012697
-0.059802
0.046220
-0.002548
-0.017853
0.005266
0.031277
0.068658
0.008733
-0.003835
-0.039376
0.081871
0.088310
0.082778
0.037116
0.006926
-0.062685
0.265715
-0.006283
0.132990
-0.055315
-0.013270
-0.063972
-0.072241
0.070878
-0.027419
0.012605
0.051450
0.001969
0.045576
0.100216
-0.105434
0.122280
0.009074
0.135177
-0.014531
0.069016
-0.050102
-0.013803
-0.042919
0.022230
0.074582
-0.005254
-0.007829
0.039259
0.052062
0.051847
0.040292
0.081772
-0.027531
0.057158
-0.016976
0.006167
0.045673
-0.013509
-0.007399
-0.065642
-0.000946
-0.000722
-0.009037
0.090704
0.033326
0.054410
0.057494
0.059735
-0.092490
-0.023408
0.068892
0.038470
0.043893
0.039694
-0.000808
-0.022352
0.034140
0.069977
0.015798
-0.025432
0.055054
0.057684
0.042566
0.096188
0.154150
-0.007086
0.009470
0.027854
0.104531
0.010131
-0.096612
0.063097
0.025489
0.028362
0.092816
0.015095
0.006872
-0.030836
0.120041
-0.050711
-0.046271
-0.025979
0.006312
0.017501
0.049797
0.019031
0.256372
0.023769
0.050857
-0.000450
-0.005869
-0.050899
0.044652
0.056122
-0.013889
0.000000
0.030022
0.042774
0.012071
-0.021116
0.035850
-0.058298
-0.001483
-0.074510
-0.019037
-0.095899
-0.014625
-0.008976
0.026287
0.036844
0.057259
0.092442
0.029901
0.070253
-0.513208
-0.005428
0.106002
0.039471
-0.086094
0.132304
0.132125
0.091409
-0.037791
0.001106
0.031189
0.030271
0.016741
0.079345
0.003924
0.098692
-0.023024
-0.046317
0.022849
0.012265
0.055216
-0.047432
0.060679
0.111082
0.042748
0.047135
0.026595
-0.061724
0.015223
0.013101
-0.021402
-0.006867
-0.001311
0.028450
0.089247
-0.066999
0.015774
0.045953
-0.014956
-0.070918
0.029745
-0.000451
0.035415
-0.058134
-0.013204
0.007564
-0.029776
-0.011053
0.115719
0.082305
-0.009192
-0.057996
0.099838
0.027156
0.112664
0.082579
0.060293
0.009009
0.016707
0.110459
0.008725
-0.017808
-0.024541
0.019692
-0.004541
0.029053
-0.102463
0.027020
0.010433
0.095432
-0.063122
0.001786
-0.012000
0.081703
0.000000
0.162414
-0.013971
0.133684
0.089564
0.017310
-0.043520
0.026039
-0.003705
-0.008919
-0.031433
-0.018218
0.089455
0.031661
-0.015302
0.007635
-0.013077
0.050030
0.027477
-0.001841
0.089837
0.001284
0.058829
-0.028872
0.078871
0.013407
0.111184
0.061366
0.044688
0.052806
0.024507
-0.053995
0.016019
-0.004725
0.076661
0.034630
0.022060
0.137248
-0.037531
0.084735
0.049300
-0.019852
-0.130468
-0.002232
0.040428
0.022616
0.030007
0.006294
-0.017217
0.028784
0.053188
-0.011211
0.062636
0.083865
0.112260
0.048670
0.014195
0.146418
-0.003308
0.134688
0.016789
-0.054409
0.109027
0.032889
0.020315
0.042128
0.033843
-0.004539
-0.040445
-0.013701
-0.012809
-0.009435
-0.002546
0.040302
-0.022753
0.077343
-0.022883
0.039371
0.113238
0.079978
0.017627
0.091564
0.113981
0.042609
0.109906
0.021273
0.119973
-0.065770
-0.036118
-0.002892
-0.004563
0.065273
0.017278
0.060665
-0.034646
0.129287
0.043397
0.097473
0.037793
0.158406
0.053088
-0.014862
-0.016605
0.042586
0.060597
0.235379
0.076103
0.080747
0.077436
0.094697
0.056003
0.063943
0.024175
-0.006316
0.085407
0.003888
-0.012072
-0.010577
-0.008425
0.085990
0.089881
0.079489
0.118669
-0.024339
0.097479
0.002143
0.028097
-0.098892
0.067797
-0.021804
-0.103922
0.060174
0.050464
0.099923
0.139931
0.031435
0.169478
0.022635
-0.084010
0.026810
0.000707
0.072113
0.012714
0.066209
0.025101
0.005282
0.036993
0.039870
-0.051844
0.056645
-0.066907
0.037298
0.029108
-0.098580
0.071693
0.019766
0.084120
-0.006715
-0.032633
0.145332
0.004794
-0.004480
0.333055
0.034138
0.039873
0.005071
0.026011
0.269096
0.121215
0.124206
-0.072207
0.075182
0.057846
0.087607
0.030059
0.026015
0.042866
0.020902
0.071179
-0.005373
0.036066
0.151515
0.079292
0.043512
0.026279
0.053048
-0.002667
0.088710
0.017407
0.008470
0.009958
0.068504
-0.037066
-0.043513
-0.119745
-0.041814
-0.015281
0.080916
0.071931
0.044275
0.055298
0.118063
0.046037
0.076636
0.026694
0.003558
0.059415
-0.025484
0.074817
0.076256
0.024569
0.007219
0.038363
-0.072271
0.038369
0.081773
0.014158
0.034115
0.050774
0.026428
0.058949
0.032104
0.043245
-0.034877
0.055755
0.140344
0.089438
-0.058783
0.004002
-0.057989
-0.023743
0.024736
0.009024
0.005928
-0.004741
0.003681
-0.016675
0.058025
0.002379
0.014773
-0.035004
0.003031
-0.015298
-0.039926
0.092981
-0.066387
0.051722
-0.017935
0.060461
0.112373
0.062135
-0.010327
0.062605
-0.007066
-0.001597
0.017427
-0.005363
-0.028881
0.011934
0.014808
-0.034737
0.023992
-0.019080
0.033074
0.055631
0.180102
0.039164
0.143972
-0.040471
0.120120
0.015964
0.087170
0.076818
0.078947
0.058170
0.044021
0.015525
0.019072
0.015637
0.089046
0.021926
-0.023429
-0.049914
0.091300
0.100475
0.008002
0.145501
0.060049
-0.063967
0.016688
-0.018740
0.029779
0.020810
0.035122
0.045624
0.014213
-0.019501
0.116484
0.047428
-0.002012
0.099048
0.015812
0.001287
0.046282
0.015710
-0.014257
0.016196
-0.041419
0.055164
0.014889
0.019238
0.202571
0.045217
-0.046031
0.034565
-0.090460
-0.002820
-0.037667
-0.000260
0.145185
0.038468
0.121719
0.068745
-0.003572
0.070898
0.044250
-0.035543
-0.056745
-0.009597
-0.029169
0.002455
-0.048793
0.000000
0.046887
0.047710
0.012854
0.061574
0.014011
0.045799
-0.021247
-0.076643
0.053858
0.039950
0.025195
0.113832
0.009238
-0.026478
0.005627
-0.028425
0.026018
0.055974
0.022135
0.039603
-0.022061
0.068402
0.119750
0.043059
-0.016200
0.044169
0.104485
0.064012
0.029236
0.021026
0.036923
-0.033529
-0.001730
0.000000
-0.032429
-0.068140
0.036380
-0.014449
0.019643
0.102464
0.021377
0.007052
0.030096
0.013682
0.000000
0.006227
-0.010016
0.016337
0.081591
0.036060
-0.026997
-0.003251
0.206632
-0.017205
0.000000
0.029119
0.022615
0.033417
-0.030733
0.081598
0.072634
0.026099
-0.044856
0.071408
0.017656
0.021367
0.115640
0.099374
0.008093
0.046070
0.047832
0.010949
0.083224
0.107724
0.114333
-0.011687
-0.044340
-0.016405
0.034308
0.209806
-0.082503
0.029418
0.021795
0.019370
0.009109
-0.017558
0.128016
0.100064
0.006018
0.007376
-0.004483
-0.012937
-0.026849
-0.048198
0.016035
-0.020715
0.038667
0.009403
0.008224
-0.017010
0.008637
-0.036961
-0.002707
-0.041131
-0.008184
0.039820
0.016382
0.006372
-0.088507
-0.028872
-0.037664
0.034119
0.015533
-0.046780
0.047710
0.060894
0.106355
0.109046
0.015435
0.048938
-0.071520
-0.024853
0.105677
0.036156
0.080514
0.033048
0.007492
0.124987
0.001558
0.160838
0.077256
0.035019
0.047671
0.041352
0.131549
-0.030261
-0.021209
0.039600
-0.023604
0.070159
0.046725
0.119894
0.010156
0.028949
0.068760
-0.025930
0.052067
-0.028006
0.018826
0.049404
-0.054501
0.027653
-0.043841
0.024762
0.122222
0.040268
0.079235
0.054819
0.089424
0.157085
0.113385
0.007753
0.077619
0.021269
0.091805
-0.029277
0.011912
0.000184
-0.010698
-0.013499
0.031124
0.027542
0.008379
0.087687
0.051378
0.108885
0.002550
0.068699
0.018348
0.039015
0.119483
0.077315
0.176485
0.204546
-0.004835
0.004525
-0.025344
0.062660
0.051095
0.053180
0.122961
0.005740
-0.058089
0.006640
0.048987
0.129480
0.048969
0.107681
0.084571
-0.000244
-0.012131
0.004080
0.047102
0.086027
0.021966
-0.011392
0.014173
0.002774
0.205661
0.018140
0.051284
-0.038638
-0.034843
0.050923
0.023295
-0.073619
-0.033427
0.095980
0.020167
0.022321
-0.000208
-0.182767
0.082677
-0.000721
-0.078618
0.042833
-0.034312
0.004805
-0.013608
0.031654
0.118575
0.035374
0.045691
-0.023354
0.009856
0.021144
0.017559
-0.033112
0.020774
0.005300
0.051056
0.089905
-0.026162
-0.004855
0.123980
0.090910
-0.000928
0.023095
0.098399
-0.015728
0.061025
-0.018966
0.032881
0.093336
0.056046
0.034627
0.108719
0.076357
0.133994
0.003223
0.149886
-0.049848
0.033214
-0.015912
0.065368
-0.008444
0.028517
0.034107
0.047501
-0.006852
0.052371
0.012803
0.030622
-0.040132
0.069356
0.045593
0.025249
-0.103040
0.131858
0.018054
-0.007419
-0.013453
0.077473
-0.002697
0.049463
-0.031491
0.019727
-0.044168
0.136115
0.082149
0.010466
-0.033522
0.059553
0.035754
0.086822
0.045789
-0.017287
0.049245
0.003565
0.045356
-0.002929
0.007751
0.029961
0.059359
0.070026
0.043128
-0.028950
0.004351
0.013775
0.018084
0.004986
-0.008364
-0.026363
0.123384
0.107937
0.072826
-0.032045
0.077684
0.010109
0.012339
0.047878
-0.050501
-0.014044
0.066503
0.051917
-0.012088
-0.045558
-0.027307
-0.019177
0.030348
0.014916
0.078516
0.030329
0.081320
0.152288
0.013402
-0.010830
0.032945
0.014649
0.032230
0.022006
-0.023331
0.086861
-0.036722
-0.061596
0.064636
0.029023
0.008982
0.027959
-0.058620
-0.058746
0.046988
-0.030508
-0.000864
0.085505
0.053327
0.075062
0.007677
0.091176
0.049787
0.052490
0.076984
0.003472
-0.037666
-0.002349
-0.067149
0.001937
-0.028818
-0.008659
-0.022111
-0.004017
0.075390
0.000156
0.094708
0.032246
-0.039220
-0.045654
0.066463
-0.044717
0.091240
0.078131
0.131857
-0.095234
0.051609
0.047633
0.005051
0.009333
0.113458
0.032648
0.030440
0.012509
0.027061
0.127008
0.040926
0.036710
-0.012853
0.005772
0.005621
0.021302
0.044564
0.041754
0.116081
0.033110
0.005354
0.019013
0.000766
0.091027
0.053054
0.137882
0.029796
0.023076
0.072668
0.033375
-0.030036
-0.037037
-0.059853
-0.052524
-0.060745
-0.039941
-0.031680
0.003206
0.059369
0.080458
-0.059729
0.035514
-0.000469
0.003389
0.042964
0.046890
0.105130
0.016278
0.066734
-0.038800
0.026818
0.027806
0.027432
0.029096
0.020751
0.063555
0.066603
0.053658
0.078532
0.062035
0.040182
0.029256
0.045017
-0.008540
-0.028777
0.109706
-0.012964
-0.079867
0.099001
0.025896
0.027225
0.109978
0.084870
0.011467
0.064485
-0.096801
0.058579
0.004714
0.035146
0.044977
0.039781
0.057069
0.100516
0.010785
0.005642
-0.012036
0.050977
0.098875
0.046937
-0.062746
0.127105
0.055946
0.015578
0.034690
0.026750
0.012890
0.115916
0.017966
0.024583
0.044798
-0.008252
0.007822
-0.017084
0.062460
0.136509
0.037749
0.022370
0.107369
-0.019649
0.060222
0.034700
0.031407
0.012618
0.057260
0.017373
0.042208
0.068062
0.054143
0.035775
0.080398
-0.031161
-0.021588
0.004051
-0.025139
0.095356
0.026212
0.018438
0.000000
-0.028970
0.033421
-0.036625
-0.014365
0.065197
0.028098
0.051256
0.034188
-0.008303
0.009882
0.037787
0.012826
0.028141
0.055328
0.037953
-0.020038
0.000054
-0.008054
-0.009670
-0.067367
0.123346
-0.019466
-0.002970
0.008486
-0.037786
0.062473
0.072601
0.013261
0.053736
0.029114
-0.002503
0.141286
0.068113
0.062876
-0.002630
0.020146
0.109814
0.033954
0.015574
0.033666
-0.037982
-0.001970
0.010157
-0.003589
-0.031114
0.036518
-0.043502
0.107421
0.080673
0.147270
0.097391
0.137334
-0.045300
0.050478
0.031718
-0.073290
0.041097
0.042660
0.047069
-0.018285
0.094949
-0.064690
0.019149
-0.002228
0.016496
0.039058
0.013540
0.073517
0.078596
0.050114
-0.028902
0.045979
0.159107
0.044123
-0.042587
0.052590
0.035883
0.006588
0.184853
0.000303
0.044022
0.107597
0.103342
0.032567
0.031106
-0.010821
0.009841
0.051212
0.083259
0.017281
0.037217
-0.002344
0.042781
0.092793
0.105669
0.030618
0.033795
0.051504
0.081230
0.042980
0.000000
0.059610
-0.015215
0.005840
-0.006716
0.021880
0.031133
0.000000
-0.016853
0.019733
-0.016570
0.107681
0.058639
0.039402
0.053141
-0.008230
0.035171
0.018936
0.018614
-0.038163
-0.008511
0.057670
0.006354
0.030135
0.048668
0.023700
0.061727
0.006136
0.037381
0.008532
0.071833
-0.035395
0.022389
0.016458
0.029343
-0.019932
-0.017595
0.089983
0.017005
-0.029219
0.037907
-0.017446
0.029529
-0.024852
0.088942
-0.017989
0.038253
0.042094
0.018518
-0.003780
0.109413
0.046833
0.040568
-0.041832
0.059583
0.227990
-0.007140
-0.092229
0.026599
-0.024333
0.026688
0.061919
0.016626
-0.020847
-0.060035
-0.041953
0.089000
0.034097
0.021606
0.029821
0.161670
0.012457
0.173737
0.025070
0.008272
-0.022399
0.070712
-0.071277
0.057636
0.038821
0.046984
0.083278
0.034938
0.052875
0.041193
0.047234
-0.041051
0.002117
0.195079
0.043240
0.166105
0.048908
-0.062256
0.055636
0.004833
0.069801
-0.006508
-0.020243
0.002759
0.097279
-0.025103
-0.016931
-0.011976
0.004371
0.054345
0.014143
0.111525
0.014113
-0.061908
-0.089879
0.005755
0.041868
0.079377
-0.001528
0.025689
0.048280
-0.063891
0.028041
0.163956
0.003047
0.054530
-0.050331
0.019831
0.038539
0.000000
0.000000
0.000000
0.000000
-0.009632
-0.020787
-0.032757
0.042858
-0.000224
0.078855
-0.066589
0.101002
0.133881
0.081597
-0.038955
-0.060709
0.008520
0.080599
-0.024057
0.014353
0.025461
0.103946
0.064539
0.088862
0.057095
-0.010125
-0.018483
0.090294
0.012880
-0.092374
-0.081074
0.002615
0.004287
-0.022652
-0.065057
0.022362
0.134301
0.012286
0.014547
0.161425
-0.004061
0.148310
0.083208
0.097312
0.155915
0.023099
0.251169
0.018478
-0.026037
0.027346
0.049822
-0.010300
0.115016
0.125711
0.081834
0.095563
0.020240
0.016675
-0.027595
-0.020224
0.006572
0.117393
0.148889
-0.024273
0.161204
0.125666
-0.046791
0.143095
0.118130
-0.010349
-0.024066
-0.008406
0.013128
0.196357
0.010489
0.089654
0.098205
0.021865
-0.000958
0.007915
-0.121553
0.034926
-0.020001
0.073925
0.010699
0.097224
0.026262
0.115144
-0.051551
-0.009708
0.136001
-0.004431
0.080014
0.057586
-0.001946
0.110114
-0.020784
-0.006459
0.063840
-0.086413
0.032887
0.113989
-0.039102
0.070622
0.051327
-0.006458
0.031697
0.037490
-0.021183
0.019350
-0.022527
0.031765
-0.014671
0.002365
0.000627
0.029082
-0.013118
0.051158
0.021204
0.000000
0.028917
0.067651
0.008152
0.000000
-0.010124
-0.003149
0.053641
-0.044213
-0.045854
-0.004892
0.007688
-0.005341
0.013753
0.030261
0.118862
0.007759
0.084713
-0.038318
0.089034
-0.003642
0.044383
0.042346
0.052360
-0.008485
0.055132
0.060535
0.101703
0.038426
0.014940
0.039838
0.018320
-0.008546
0.087436
0.018537
0.014120
-0.011032
0.056683
0.013604
-0.001401
0.038866
-0.059344
-0.043517
-0.026575
-0.054510
0.030670
0.010013
-0.020077
-0.025606
-0.009308
-0.007983
0.069408
0.074143
-0.020902
-0.017308
-0.005027
0.023470
0.039865
-0.045822
0.054062
-0.079469
0.061234
0.002415
-0.025221
0.046778
-0.031274
0.051596
0.006367
0.051796
-0.069817
0.010956
0.012179
0.051085
0.059177
-0.005651
-0.001028
-0.058278
0.100001
0.089117
0.019063
0.024435
0.054909
0.009646
0.003325
0.066736
-0.024574
0.012713
0.012438
0.061070
0.067381
0.058096
-0.049853
0.000648
0.042918
-0.018465
0.004918
0.004312
0.054754
-0.026013
0.032873
0.082267
0.122913
-0.001073
0.009038
0.029694
0.058285
-0.002713
0.026398
0.087251
0.061898
0.020166
0.093020
0.007324
0.087987
0.007637
-0.025170
-0.003944
0.007322
0.018611
0.054766
0.015772
0.013065
0.053105
0.041352
0.049530
0.053968
-0.016086
0.064228
0.045478
-0.007231
0.005717
0.038681
-0.032956
0.005733
0.040275
0.078774
0.022608
0.062569
0.000055
0.064912
-0.015173
-0.014989
0.054709
-0.007571
0.007737
-0.006891
-0.003374
0.002267
-0.009062
-0.027488
0.042468
0.012563
0.091564
0.131441
0.006569
-0.049904
-0.010588
-0.071385
0.086450
0.019332
0.000000
0.028520
-0.005712
0.038844
-0.009072
0.038501
-0.006774
-0.002124
0.004933
0.002048
0.013829
0.116383
-0.044386
0.021438
0.018003
0.064857
0.050792
0.012790
0.023271
0.000000
0.066369
-0.034592
0.034851
0.039674
0.084859
-0.088761
0.098089
-0.015261
-0.076507
0.052892
0.086977
0.035665
-0.022520
-0.084937
0.011236
-0.027464
-0.012540
-0.010979
0.035190
0.039067
-0.020309
0.074741
-0.084376
-0.023447
0.002638
-0.024041
0.081000
0.099057
0.015991
0.033041
0.097624
0.061231
0.019291
-0.053225
0.000000
0.007156
-0.003910
-0.051771
-0.007572
-0.041902
-0.051731
0.019391
-0.008451
0.194759
-0.023925
0.006330
0.066843
0.083191
0.002728
-0.073769
0.031064
-0.003464
0.017666
0.077179
-0.014781
-0.023390
-0.024727
0.026127
-0.013904
-0.002324
0.078172
0.046847
-0.039605
-0.006784
0.090271
0.113831
0.116642
0.028424
0.076450
0.068580
0.179598
0.087146
0.005602
0.165657
0.035809
-0.050287
0.006853
-0.010347
0.042240
-0.001942
0.031775
-0.031029
-0.031724
-0.036877
-0.033725
-0.055036
0.023854
-0.010835
0.046659
0.038958
0.007608
0.002172
0.026533
0.013484
-0.020615
-0.012930
0.019357
0.055312
-0.017557
-0.019505
0.083922
0.080372
0.052637
-0.035463
0.014134
0.033318
0.018575
0.013018
0.034030
0.008847
-0.006287
0.007199
-0.021269
0.184288
-0.012920
0.047569
-0.005712
-0.012465
0.051364
0.098642
0.097501
0.013586
-0.080917
-0.028825
0.017011
-0.006898
-0.024182
-0.008981
0.021486
0.055099
0.055657
0.098959
0.007889
0.008005
0.014745
0.057263
0.049812
-0.006999
-0.014499
0.074525
0.007934
-0.010769
-0.001784
0.036723
0.044764
0.091005
0.019515
-0.024935
-0.004580
-0.002980
-0.031341
-0.038540
0.023667
0.042098
0.042557
-0.022654
-0.032145
0.001877
-0.030225
-0.014309
-0.024792
0.046393
0.035805
-0.041524
0.117482
0.082120
-0.012604
0.019696
0.004602
0.106403
-0.012533
0.017787
-0.100311
0.047315
-0.014624
0.004265
0.041416
0.028879
0.031417
-0.033814
0.127167
0.003130
0.078244
0.033786
0.020489
0.000000
0.016590
0.103206
0.016935
-0.075243
0.016234
0.002553
0.026445
-0.067501
0.041219
-0.035161
-0.020474
0.062917
0.015117
-0.027280
0.064733
-0.023199
-0.043936
-0.010646
0.020656
-0.046445
-0.018593
0.062425
-0.003361
-0.031778
-0.038491
-0.018561
0.034476
0.042901
0.005124
-0.059765
0.065876
-0.024362
-0.015437
0.010526
-0.012345
-0.006760
-0.032403
0.041071
0.029769
0.039703
-0.000396
-0.035018
0.024440
-0.010720
0.026701
0.091954
-0.047530
0.041345
0.091958
0.010427
0.069662
-0.058896
-0.028130
0.021842
0.050539
-0.007656
0.096932
-0.021001
0.005329
0.128083
-0.030510
0.003441
-0.017137
0.027618
-0.002495
0.055575
-0.001341
0.041581
0.013337
0.047123
0.007706
0.031237
0.068520
0.002422
-0.012199
-0.013142
-0.004641
0.031243
0.046671
0.171026
0.011051
0.040973
-0.035118
-0.022306
-0.101257
0.016451
0.101707
-0.036328
0.052633
0.121361
0.020873
0.051850
0.020553
0.101030
0.055632
0.049361
0.047512
0.024911
0.005911
-0.040320
0.050880
0.001222
0.042002
0.034930
0.163458
-0.025023
0.055749
-0.023137
-0.048756
-0.041358
-0.014240
-0.011268
-0.041800
0.010636
0.012014
0.052644
0.000532
0.087725
-0.016354
0.024429
-0.001704
-0.022415
0.043826
0.013735
-0.000228
0.071189
-0.023748
0.010448
0.100221
0.018804
0.036167
-0.018401
-0.035759
0.008898
-0.089261
-0.021376
-0.015030
0.042581
0.115277
0.050759
0.006414
0.052624
0.086141
0.108226
-0.003119
0.102098
-0.019517
0.008700
-0.024544
0.072591
0.045510
0.004377
-0.003548
-0.012495
0.010545
-0.020816
0.044755
-0.049085
0.002678
-0.098006
-0.036561
0.032652
0.043264
0.075762
0.060929
0.000625
0.006975
0.031061
-0.006964
-0.001195
0.048524
0.024449
0.003913
0.032543
0.086597
-0.067421
0.139068
0.081235
-0.009826
0.008635
0.100479
-0.081743
0.009130
-0.004073
-0.008171
0.006792
0.000000
0.035474
0.035133
0.027983
-0.063077
0.063853
0.124481
-0.058771
0.017729
0.062075
-0.074216
0.114594
-0.004266
-0.097628
-0.031421
-0.006999
-0.060248
0.053823
-0.020907
0.018392
-0.099137
0.024569
0.072387
-0.091361
-0.031190
0.000190
0.068935
0.003384
-0.041414
0.023198
-0.049870
-0.072082
0.033106
0.163808
0.008702
-0.028550
-0.011108
0.076312
0.014633
-0.023519
-0.022827
-0.008163
0.040677
0.098315
-0.007205
0.007837
-0.017836
-0.037478
0.005198
0.003304
0.085877
0.060290
0.021199
0.111994
0.117471
-0.036523
0.038598
0.003454
-0.003658
0.070071
0.157899
0.141931
-0.019606
0.048121
-0.024181
-0.010628
-0.017840
0.066513
0.012704
0.074034
0.026253
-0.030984
-0.055041
0.025943
0.000354
0.044116
0.111207
0.018963
0.022604
0.007864
-0.009039
-0.104259
0.028934
0.011440
0.024521
0.004180
-0.018632
0.226971
0.050493
0.057068
0.017314
0.018111
0.044313
0.085274
-0.014715
-0.041537
-0.122556
-0.006806
0.025256
0.026878
-0.060094
0.039949
0.073190
-0.122566
0.010378
-0.022042
0.090262
0.054691
0.211794
0.042371
0.016797
0.049915
0.006902
-0.014454
0.055301
0.040557
0.074555
0.090632
0.037400
0.049747
0.018539
0.026003
0.009925
0.053926
0.020180
0.048918
0.081809
0.068365
0.019664
0.154076
-0.026962
0.100909
-0.003412
0.166044
0.113361
-0.004010
-0.036332
0.000943
0.002076
0.046428
-0.031474
0.067275
-0.004263
-0.020223
0.021722
0.126395
0.025781
0.133000
-0.031953
0.043407
0.031560
0.045625
-0.098074
0.027329
-0.031081
-0.023064
0.059642
-0.017823
0.051618
-0.022800
0.194532
0.000906
0.016309
-0.096515
0.037864
-0.013950
0.110106
0.138967
0.220007
-0.015474
0.094433
0.062955
0.057481
0.007393
0.009140
-0.013438
0.173869
0.052610
0.108620
0.052208
-0.010131
0.012713
-0.023911
0.014464
-0.026685
0.062060
0.066315
0.058423
0.038897
0.089488
-0.033933
0.021514
0.055505
0.028943
0.000000
-0.081866
0.043450
0.066604
0.082450
-0.039918
-0.025000
-0.005902
0.028632
0.064501
0.028347
0.013360
0.075397
0.008937
0.058134
0.002695
-0.023040
0.067162
-0.028990
0.005539
-0.019945
0.010394
0.007895
0.039751
0.022500
0.109247
0.004221
0.015252
0.131695
0.011769
-0.010356
-0.058037
0.058961
0.040773
0.044662
0.047125
-0.015956
0.011900
0.042312
-0.044475
0.091481
0.099624
-0.026363
0.073882
-0.007265
0.076991
-0.019483
0.096948
-0.014651
-0.010639
-0.074718
0.008474
-0.008119
-0.016533
0.051079
-0.014342
0.117181
0.018414
0.001112
0.036143
0.190556
0.119304
0.048079
0.101881
0.059786
-0.053456
0.069449
0.012567
0.022772
0.066621
0.079320
0.167367
-0.005569
0.002962
0.004325
-0.012790
-0.002244
0.054403
-0.006590
-0.105426
0.025994
-0.008450
0.064011
0.067779
0.060226
-0.026381
0.062627
-0.070139
0.047642
0.045070
0.068963
0.055596
-0.012299
0.094036
0.007269
0.047737
0.057386
0.031968
0.029537
0.013992
-0.027730
0.001826
0.045942
-0.009910
-0.012813
0.141725
-0.036926
0.049644
0.083873
0.001434
0.136492
0.036575
0.025294
0.039059
0.036951
0.015108
0.000136
0.016373
-0.015189
-0.011304
0.052401
0.050283
0.036017
-0.038552
-0.044046
-0.069812
0.078079
0.012933
0.023550
0.067043
0.029603
0.012903
0.044908
-0.055683
0.002642
-0.038305
0.047752
0.016772
-0.001696
0.048052
0.214135
0.010757
0.043575
-0.011092
0.153781
0.073649
-0.009800
0.108976
-0.003822
-0.013854
-0.022068
-0.055570
-0.056270
-0.016462
0.035672
0.066536
0.069182
0.017618
0.019353
0.024970
0.048511
0.074514
-0.006876
0.024455
0.061051
0.078304
0.041763
-0.012442
0.020347
0.020281
0.063518
0.061458
0.111142
0.003739
-0.005386
0.038414
0.045410
-0.004286
-0.136128
-0.000266
0.160328
0.007724
0.165734
0.041227
0.051848
0.020135
0.066733
0.172715
0.100517
0.106973
0.082670
0.022972
0.023801
0.072828
0.157146
0.150472
0.126877
0.048688
-0.021539
0.036567
0.059548
0.006342
0.014526
-0.014193
0.005860
0.084607
-0.049567
0.029926
-0.027625
0.182741
0.057532
-0.061332
-0.059798
0.090848
0.068297
0.055609
0.030400
0.011671
0.047193
-0.040824
0.021277
0.061846
0.006893
0.004202
-0.025405
0.071526
0.004059
0.006343
0.079448
-0.012097
0.012596
-0.010683
0.039428
0.031799
0.009077
0.067567
-0.006195
-0.060940
0.062557
-0.002109
0.006101
-0.010906
0.037511
0.013381
-0.042471
0.038415
0.077960
-0.051220
0.065138
0.074132
0.095808
0.181570
0.064538
0.038256
-0.033578
0.013303
-0.035549
0.122485
-0.002146
-0.023897
0.011216
-0.016806
-0.037743
-0.012184
-0.014030
0.052200
0.039026
0.042813
-0.016419
-0.010912
-0.001711
0.008843
-0.025705
0.010081
0.082046
0.002965
-0.039217
0.011155
0.075527
0.015617
-0.005068
-0.111426
-0.023878
-0.004872
0.039444
0.045629
0.025023
0.017910
0.024718
0.051590
0.019299
0.082781
0.015256
0.124434
0.157401
0.042173
0.055483
0.054067
0.003077
0.108270
0.051569
0.056192
0.016166
0.024412
0.033631
0.020797
0.010947
0.017512
-0.012054
0.195547
-0.060052
-0.068931
-0.109113
0.023257
0.206637
-0.015332
0.225769
0.034764
0.055313
-0.059374
0.033979
0.005301
0.024099
0.059154
-0.007513
0.049776
0.076240
0.061073
0.112229
0.046395
-0.029715
-0.068440
-0.025819
0.019554
0.077764
0.092626
0.081515
0.084382
0.020880
0.041334
-0.025992
-0.087314
0.035657
0.037632
-0.009608
0.040001
0.126498
0.073929
0.109048
0.112769
0.053814
0.038745
0.129990
-0.012741
-0.057842
0.083383
0.036549
0.018448
-0.036254
-0.057865
0.033399
0.013607
0.000341
-0.008060
0.127007
-0.112828
0.005190
-0.029595
0.006425
0.018013
0.020346
0.013490
0.043548
0.002400
0.084696
0.140983
0.017403
0.218846
0.126027
0.058465
0.011685
0.040129
-0.053753
0.031885
0.010658
0.098539
0.032576
-0.000794
0.033544
0.066297
0.033222
0.048655
-0.002568
-0.035305
-0.040189
0.023667
0.013031
0.026004
-0.023482
-0.065356
-0.115479
0.084582
-0.000667
0.019672
0.098133
0.007648
0.042064
0.128960
0.076977
-0.048529
-0.013043
0.051730
0.045561
0.034230
0.027468
0.052729
0.048436
-0.002928
0.083596
0.088464
0.032984
0.017208
0.126171
0.004207
0.068966
0.034492
-0.019484
0.011193
0.010778
0.022004
0.185394
-0.031270
0.024035
-0.075177
0.012658
0.002990
0.013392
0.117834
-0.031399
-0.006527
0.055733
-0.038379
0.046241
0.130083
0.019875
0.056327
-0.030308
0.045768
-0.068284
0.004536
-0.012308
-0.000109
0.009214
0.043454
0.061629
0.067993
-0.032646
0.007209
0.046359
-0.023220
-0.042730
-0.063956
-0.036310
0.118596
0.058209
0.019957
0.102809
0.046616
-0.019986
0.051260
-0.007443
0.053243
0.082989
0.016572
0.145289
0.065852
-0.007806
0.013161
0.061323
0.006722
-0.007283
0.046020
-0.021536
-0.012385
0.018278
-0.020193
-0.004927
0.034337
0.105504
-0.014048
0.023221
0.043837
0.060636
0.093672
0.083082
0.007507
0.022405
0.090460
0.014633
0.015047
-0.032788
0.068921
-0.034258
0.003940
0.076368
0.092296
0.003259
0.085560
-0.004088
0.000000
0.060660
-0.010091
0.011875
-0.011755
0.021643
0.063160
0.042350
-0.033754
0.046443
0.172710
0.043733
0.049916
0.020355
0.023406
0.015332
0.127965
0.088051
0.074324
-0.017764
0.073119
-0.012926
-0.013762
-0.116097
-0.026359
-0.045560
0.005584
-0.016715
0.107850
0.067967
0.062132
0.003332
-0.002293
0.009455
0.143546
0.007838
0.010937
0.002283
0.058154
0.228291
0.032871
0.171422
-0.013718
0.112226
0.013491
-0.014437
0.073345
0.059862
0.049337
0.035929
0.027701
0.071101
0.053778
-0.018443
-0.019013
0.054835
0.065515
0.020634
0.090611
0.015330
0.028487
-0.018796
-0.015029
0.022896
0.016389
-0.025064
-0.074361
-0.058909
-0.084824
0.007986
0.021541
0.026808
0.052801
0.102251
0.037438
0.036957
0.001024
0.036954
0.036401
-0.029902
0.046159
0.113998
-0.019640
0.014682
-0.021686
-0.046184
0.018111
-0.044832
0.026709
-0.109570
-0.010715
-0.033119
0.000575
-0.027057
0.005622
0.074299
0.050315
0.011622
0.087274
-0.019030
-0.026688
-0.004979
-0.062634
-0.018890
0.036592
0.048550
0.037150
0.012662
-0.000731
0.044701
0.025271
0.006186
-0.000986
-0.003650
0.000745
0.013970
0.168842
0.045198
-0.039124
0.066405
0.017369
-0.013397
0.113556
0.175035
0.203611
0.039983
-0.002884
0.015429
0.000356
0.027401
0.070044
0.043397
0.064952
0.293453
0.238792
0.065537
0.090363
0.056220
0.051280
0.071927
0.060034
0.017195
0.033250
-0.076666
-0.017338
0.026970
-0.041942
0.005322
-0.108993
-0.010524
-0.016687
-0.086914
0.078857
0.002683
0.017478
0.028553
0.002399
-0.005182
0.018700
-0.013142
0.053494
0.053346
0.038249
0.095566
0.052266
0.046735
0.036670
-0.000154
-0.054428
0.094774
0.109734
0.047202
0.025807
-0.030736
-0.017102
0.042154
0.093164
-0.029501
0.088104
0.005131
0.044052
0.000595
0.080252
0.109054
0.000417
0.070394
0.052361
0.016142
0.129181
0.037342
0.016077
-0.070560
-0.003359
0.052531
0.025215
0.008260
-0.021502
0.061432
0.043012
0.069778
0.054938
0.009528
-0.029857
-0.051688
0.145161
0.043138
0.154339
0.058166
0.048994
0.030222
0.001330
-0.100882
0.018526
0.026741
0.093696
-0.007097
0.004118
0.161040
0.187982
0.113727
0.053458
0.044253
0.063972
-0.001673
0.013349
0.016519
0.016821
0.037099
0.052616
0.071875
0.037340
0.125681
0.122628
0.007497
0.074719
-0.052769
0.102478
0.038792
0.049757
0.049307
-0.063136
0.050413
0.089942
0.017161
0.025973
-0.046528
0.021186
-0.052037
0.070286
0.064745
0.089219
0.041471
0.192837
0.039829
-0.005292
0.138382
0.260157
0.081610
-0.024193
-0.069567
0.061040
0.020267
0.053046
0.070963
-0.040766
0.007319
0.076994
-0.038422
0.076588
0.025803
-0.013174
0.045846
0.038944
-0.020500
-0.030756
-0.055371
0.024977
0.142078
0.062750
0.037510
0.047720
-0.011500
0.033379
0.036549
0.120519
0.097754
0.002631
-0.002318
0.073549
-0.011840
-0.050188
0.003786
0.060613
0.063862
0.052681
0.038846
0.031354
0.004478
0.104584
0.083083
0.006308
0.084231
-0.032017
0.026371
0.075035
0.117892
-0.000817
0.098644
0.007051
0.011527
0.020563
-0.008722
0.210332
-0.038227
0.085247
-0.028898
0.078240
-0.007799
0.024874
-0.099916
0.021027
-0.058071
0.092864
-0.027658
0.038614
0.057964
-0.031138
-0.040952
0.002100
-0.000538
-0.048047
-0.068391
0.027844
0.143471
0.009031
0.012043
0.000000
0.009713
0.016861
0.090535
0.098923
0.061723
0.044554
0.007846
-0.018879
0.099979
0.046999
0.080114
0.005328
0.031761
0.004676
0.000000
-0.030429
-0.028434
-0.007703
0.000000
0.100239
-0.022496
0.061802
-0.007100
-0.013309
0.027712
0.011217
0.036640
-0.005785
-0.023474
0.044564
0.024525
-0.017531
-0.002639
0.101683
0.042556
0.045231
0.054282
0.056866
0.090497
-0.021249
-0.036897
-0.003743
0.060449
-0.103915
-0.016420
0.010896
0.130833
0.048157
-0.050035
-0.051428
-0.012454
0.018541
0.077291
-0.011316
0.112823
0.059261
0.035981
-0.009373
0.008779
-0.018394
-0.009613
-0.017194
0.071192
-0.093205
-0.034698
0.053663
-0.016644
-0.001984
-0.031759
0.114393
-0.004743
0.118404
-0.008377
0.081227
0.048421
0.019525
0.067933
-0.001558
0.151966
-0.024510
-0.024323
-0.104822
0.067548
0.167047
0.050540
0.032770
-0.045594
-0.002185
0.043694
0.013674
-0.076031
-0.054695
0.069451
0.028220
0.101230
0.023427
0.011183
-0.004140
-0.002403
0.058971
-0.058167
-0.071720
0.011169
0.029677
-0.001736
0.053156
-0.021151
-0.026037
0.083507
0.052624
-0.036861
0.056859
0.143519
0.291201
-0.010026
-0.043859
0.039597
0.016269
-0.067786
0.034991
0.001290
0.014955
0.155157
0.024288
0.142584
0.046367
0.060116
-0.032910
-0.025176
0.054899
-0.008522
0.003986
-0.047030
0.023068
0.025039
0.018804
0.002727
0.051508
-0.105757
0.071583
0.040485
0.035376
0.004164
-0.103097
0.010299
0.041032
-0.020375
0.085837
-0.052286
-0.029556
-0.022768
-0.036262
-0.104201
-0.031626
0.013118
-0.004949
-0.051986
0.028318
-0.083112
-0.031499
0.075276
-0.019978
0.024062
0.044153
-0.044457
0.116844
-0.001011
-0.018089
0.013428
-0.039439
-0.032765
0.067072
0.054950
-0.006260
0.028616
0.014289
0.008712
0.117061
-0.041722
0.023898
0.012450
0.038465
-0.160111
-0.055259
0.063204
-0.013544
-0.072943
-0.052491
-0.021116
-0.059089
0.054789
-0.004713
0.179690
0.030455
0.086876
-0.026764
-0.010170
-0.000011
-0.032583
-0.009218
0.000578
0.054891
-0.018284
0.013716
0.067383
0.023290
-0.043403
0.014617
0.031728
-0.031760
0.000065
0.012013
0.005987
-0.046070
-0.091248
0.003211
0.027321
-0.017444
-0.003752
0.074916
-0.001899
0.037303
-0.010849
-0.053318
0.048862
0.154575
0.086489
-0.026312
-0.027894
-0.006067
-0.014848
0.040333
-0.006348
0.062283
-0.052314
-0.024331
0.047342
-0.008433
0.015502
0.050819
-0.002206
0.046162
0.023354
0.026441
-0.019885
0.054473
0.151628
-0.011153
0.096146
0.066875
-0.001345
0.002272
0.009322
0.060684
0.026019
-0.017351
0.077323
-0.046748
0.070797
-0.016281
0.023465
0.038424
0.138289
0.039229
0.051424
-0.125308
-0.015085
-0.019818
-0.071228
0.054571
0.077941
-0.023936
0.048129
-0.008564
-0.043743
-0.011788
0.045192
0.031076
-0.019509
-0.005706
-0.030240
-0.060841
-0.015240
0.023859
-0.056489
-0.004013
0.058719
0.042441
0.031949
0.137173
0.051122
0.017702
-0.023612
-0.026086
0.008256
-0.007562
-0.136110
-0.020533
0.017883
0.003826
-0.021773
0.045990
0.014413
-0.012915
0.027625
0.113201
0.032148
0.091117
0.029324
0.030274
0.065651
-0.042460
0.010030
-0.002837
-0.007180
-0.014828
0.016817
0.000000
0.000000
0.000000
0.086182
0.070182
0.041579
0.054765
-0.003411
0.015830
0.008250
0.045442
0.007630
0.155411
0.005274
-0.067245
0.011932
-0.000361
0.054341
0.044070
0.015291
0.027879
0.087267
0.093682
0.047214
0.016111
0.068808
0.018072
0.000000
-0.024113
0.025285
-0.041543
-0.000875
0.051763
-0.145028
-0.008541
-0.056600
0.088427
0.065456
0.024794
0.000000
-0.044881
-0.040660
0.037333
-0.029616
-0.012724
0.023933
0.069497
0.021057
0.071784
0.115211
0.033380
0.094998
-0.001011
-0.000493
0.031383
0.002633
0.097031
-0.034110
0.072602
0.022712
0.068726
-0.017892
-0.057663
0.080590
0.053571
0.062796
-0.027770
-0.013481
-0.017869
0.029789
0.043411
0.048899
-0.052855
-0.003933
-0.007419
0.041118
-0.003114
0.040747
0.000000
0.013088
0.000000
-0.001099
0.048793
0.058156
0.014845
0.067486
0.012468
0.023614
-0.020075
0.023093
0.012023
0.038254
0.047390
0.008014
0.000000
0.056460
0.031562
-0.009982
0.071716
-0.001216
-0.024959
-0.036144
0.000000
-0.034606
0.002915
-0.008367
0.047918
0.080665
0.030422
0.036114
0.095061
0.064007
0.075207
0.154102
-0.007517
0.061133
-0.061135
-0.041514
-0.007764
0.008835
-0.011972
0.011716
-0.002901
-0.035412
0.022427
-0.030911
-0.021491
0.000000
0.002507
-0.058642
-0.006464
0.010480
-0.025827
-0.008625
0.002170
-0.027114
0.027466
-0.012331
-0.009082
-0.000666
0.043171
0.015653
0.011287
-0.070428
-0.011083
0.000000
0.000000
0.000000
0.060671
0.005562
-0.024979
0.018703
0.049789
-0.011395
0.054691
-0.000827
-0.062994
-0.078204
0.051555
0.046258
-0.021547
-0.179072
0.035829
-0.046381
-0.036134
-0.029917
-0.024082
-0.027809
0.028381
-0.041879
-0.010674
-0.042794
-0.060624
-0.070547
0.002768
-0.036986
-0.041589
0.123637
-0.068337
-0.087991
0.000542
0.000156
-0.036557
-0.013377
0.052726
-0.003106
-0.030915
-0.033564
-0.007695
-0.015116
0.004587
0.022004
0.023601
-0.024538
0.005515
-0.019450
-0.030688
0.049939
-0.042373
0.053860
0.031588
0.028766
-0.106055
-0.080270
0.003507
-0.024192
-0.015828
0.008508
0.000559
-0.000691
-0.002804
-0.003089
-0.009899
0.086305
0.000163
-0.003847
-0.009978
-0.003345
-0.026650
0.001968
-0.045866
-0.024016
-0.022988
0.011312
-0.001353
-0.033620
0.029124
0.011071
-0.042987
-0.038904
0.055864
-0.054483
-0.055283
-0.083601
-0.074637
-0.037347
0.020290
-0.074537
-0.030623
-0.002918
0.034616
0.021756
0.055750
-0.062980
0.043987
-0.019506
-0.016331
-0.006969
-0.034675
-0.030248
-0.004279
-0.020689
-0.009462
-0.030367
-0.017730
0.009169
-0.019613
0.005986
0.007898
-0.026559
-0.032104
-0.106755
-0.007498
-0.089330
-0.021682
0.009475
-0.080882
-0.039127
-0.035207
-0.030564
-0.022120
0.041317
-0.011062
-0.012310
0.021007
-0.011278
-0.025773
-0.004941
-0.056391
0.069258
-0.016463
-0.020870
-0.019005
0.006374
-0.043095
-0.099938
-0.010213
-0.052824
-0.060428
0.013349
-0.013523
-0.057787
-0.040730
-0.030437
0.016702
-0.045403
0.005737
-0.044969
-0.025280
-0.033210
-0.045386
0.025063
-0.015953
-0.006724
-0.024616
-0.026025
-0.078346
-0.008118
-0.018175
-0.010673
-0.010270
-0.024429
0.030632
0.004257
0.011127
-0.025452
-0.054080
-0.029206
0.062804
0.015544
-0.043712
-0.011521
-0.010724
-0.018425
-0.054594
0.004925
-0.004391
0.002084
0.022902
-0.000744
0.026012
0.040271
-0.036535
-0.034206
0.007069
-0.004885
-0.032843
-0.000156
-0.038568
-0.106419
-0.055911
-0.042575
0.004878
-0.002399
-0.054978
-0.072280
0.036014
-0.001794
0.004571
-0.046667
-0.015064
-0.013211
-0.030863
0.001598
-0.009995
-0.009838
0.055889
0.059242
0.010473
-0.048798
0.036934
-0.030739
0.065291
-0.028127
-0.029039
-0.033035
-0.077343
-0.013085
-0.024787
-0.005581
-0.001211
-0.044302
-0.050041
-0.046784
-0.055934
-0.019022
-0.028320
-0.045758
0.002776
-0.025461
-0.056716
0.015241
0.053137
-0.005117
-0.058393
-0.060995
-0.104681
-0.013768
-0.012918
-0.008953
0.005255
-0.045253
0.007542
-0.006596
-0.030479
0.024718
-0.030293
-0.062185
-0.001372
0.020841
-0.027312
-0.001173
-0.016087
-0.020926
-0.019934
-0.025364
-0.011394
0.003417
-0.042297
-0.017583
-0.028322
-0.039154
-0.012640
-0.006152
-0.050642
0.050141
-0.012379
-0.005278
-0.005650
0.020597
0.015066
-0.006104
0.002238
0.009842
-0.015086
-0.017104
-0.022826
-0.077722
-0.073418
-0.065969
0.004238
-0.007530
-0.001364
-0.023656
-0.023283
-0.029291
-0.056369
-0.027928
0.020870
0.039283
-0.072000
-0.002944
0.020313
-0.034630
0.036321
-0.050470
-0.007765
-0.025259
-0.069993
0.000222
0.006138
-0.009840
-0.000512
-0.046825
0.025255
-0.029964
0.004876
0.007884
-0.046929
-0.060529
-0.098827
-0.018616
-0.015692
-0.015705
-0.005729
-0.066003
0.099903
-0.064660
-0.027087
-0.045697
0.008788
-0.006237
0.000593
-0.008059
0.016596
-0.035491
0.007301
0.017267
-0.048534
0.032070
-0.029997
-0.108857
-0.095559
-0.054079
-0.019084
-0.029830
-0.062541
-0.035329
-0.023178
-0.030099
-0.010164
-0.071787
0.101374
0.051529
0.033006
-0.028592
-0.008200
0.060620
0.004426
0.085917
-0.013068
0.017551
-0.064682
-0.027312
0.000832
0.021707
0.041132
-0.033501
0.003936
-0.014917
0.010851
-0.086143
-0.025539
-0.026784
-0.011107
-0.057765
-0.018297
-0.002394
0.014351
-0.002435
0.027130
