-0.000006
0.005080
-0.003160
-0.015545
-0.010353
-0.000807
0.075083
-0.022919
0.005946
-0.016919
0.047169
-0.018300
0.002059
-0.009980
0.004191
-0.003612
0.005740
-0.000361
-0.006805
0.001898
-0.011395
0.045784
-0.016707
-0.010172
-0.004286
-0.004968
-0.003582
0.022492
0.015490
-0.008473
-0.008216
-0.002001
-0.014779
0.042807
-0.005861
-0.008513
-0.032800
-0.017996
-0.012786
0.000786
0.025805
0.001388
0.010658
-0.014785
-0.014361
-0.005020
0.002127
0.004357
0.024073
-0.004103
0.031688
-0.016823
0.006427
-0.002061
-0.003633
0.029040
-0.009315
0.004644
0.006715
-0.003042
0.002156
0.000355
-0.007280
-0.011153
0.008694
0.073228
-0.022371
-0.009089
-0.000705
-0.007355
0.074443
0.002020
0.046537
0.020192
-0.003519
-0.023280
-0.018979
-0.017562
0.060805
-0.012771
0.004072
-0.001677
0.000910
-0.021607
-0.010752
0.086063
0.001992
-0.005985
0.002417
-0.006919
0.001354
0.036621
-0.006036
0.002574
0.057723
-0.010097
-0.001151
-0.004681
-0.001770
-0.004791
-0.014772
-0.015158
-0.018227
-0.012480
-0.006015
-0.008390
-0.002763
-0.023724
-0.000508
-0.003161
0.017391
-0.013205
-0.024722
-0.014200
-0.024636
-0.020035
-0.008954
0.000273
-0.054675
-0.011769
-0.022774
-0.007226
-0.021964
-0.013147
0.031965
-0.014299
0.071471
-0.013862
0.082925
-0.010098
-0.037036
0.057951
-0.022969
0.011700
-0.011589
-0.024129
-0.016352
-0.017563
0.024227
0.000161
-0.016508
0.018576
-0.022631
0.019514
-0.001612
-0.021232
0.002874
-0.010660
-0.030711
-0.003403
0.003152
0.067759
-0.007272
-0.012709
-0.035122
0.032123
-0.019064
-0.001119
0.008677
-0.013680
-0.001249
0.000546
0.060460
0.001137
0.002460
0.001134
-0.001974
-0.007192
-0.020516
-0.012016
0.002263
0.010485
-0.018311
-0.018550
-0.015539
0.058543
0.037602
-0.024147
0.050593
-0.016971
-0.045594
0.007266
0.029386
-0.006693
-0.014200
-0.024588
-0.016206
0.030780
0.067426
0.002533
-0.007083
0.003288
-0.024662
-0.001747
-0.001930
-0.002678
0.012964
-0.006495
0.043503
-0.005348
-0.011603
-0.011454
0.011878
-0.014610
-0.004600
0.001779
0.011522
-0.014501
-0.026025
-0.021201
0.009662
0.008866
-0.026601
0.007946
-0.016920
0.000247
0.051544
-0.014549
-0.023745
-0.005956
0.044419
-0.013004
-0.010418
0.010582
-0.024454
0.013841
0.001670
-0.005791
-0.013544
-0.004275
0.000951
0.002710
-0.033886
-0.025598
0.006476
-0.000540
0.010600
0.004441
-0.022957
0.031614
-0.027087
-0.025136
0.007468
-0.019039
0.108515
-0.008959
0.004245
-0.004285
-0.010953
0.017570
-0.004701
-0.037829
-0.010748
-0.006029
-0.007436
0.026882
-0.018678
-0.007523
0.008112
-0.013283
0.011914
-0.007683
0.000642
-0.044642
-0.009586
-0.011104
0.002344
-0.068341
0.005047
0.007458
-0.005192
0.005247
-0.025028
0.012918
-0.009430
0.004370
-0.027852
-0.023572
0.012588
0.003186
-0.004929
0.010549
-0.000680
0.006923
-0.006152
0.068745
-0.007984
0.005361
0.004323
0.002655
-0.014924
0.001135
-0.002026
0.002780
-0.004530
-0.011546
-0.001149
0.005652
0.003944
-0.005690
-0.009138
0.003651
0.004523
0.037574
-0.010970
-0.009716
-0.004604
0.049676
-0.032882
-0.015795
-0.011706
-0.006930
-0.000235
-0.008767
-0.011206
-0.011566
-0.002888
-0.007449
-0.014899
0.010322
0.008334
-0.008407
-0.000890
0.022360
0.026599
-0.000651
-0.010326
-0.002901
-0.010616
-0.006388
-0.006648
0.017173
-0.001882
-0.002277
0.005098
-0.012588
-0.006465
-0.013197
-0.002754
-0.025114
-0.010920
-0.010428
-0.006524
-0.010299
-0.016130
-0.017243
-0.006386
-0.010366
-0.031386
0.015152
0.001318
-0.014942
0.030851
0.121299
0.081515
-0.004975
0.003334
-0.016743
-0.015152
-0.000718
-0.001662
0.001654
0.050622
0.045412
-0.021337
0.096092
-0.020615
-0.008674
-0.013212
-0.019598
-0.008931
-0.007051
-0.012942
-0.022475
-0.018283
-0.013273
-0.007672
0.005670
0.000832
0.004021
-0.013835
-0.009368
0.064748
0.030695
-0.026142
-0.004994
-0.009716
-0.002443
-0.012219
-0.018567
0.045378
0.008593
0.018963
0.000674
-0.008471
0.014169
0.076894
-0.003867
0.019447
0.000450
-0.005509
0.008810
0.005376
-0.001736
-0.004177
0.002178
-0.004888
-0.001067
0.001237
-0.002214
-0.019061
-0.003774
-0.006460
-0.002060
-0.007769
-0.003358
0.006062
-0.002660
-0.001145
-0.000664
-0.011679
-0.022300
0.004012
-0.001596
-0.000889
-0.011751
0.006595
-0.003438
0.004438
-0.001553
-0.005449
-0.008276
-0.007951
-0.002923
-0.006913
0.006690
0.031854
0.003887
-0.004291
-0.000995
-0.004916
0.029986
0.014311
0.061028
-0.015447
0.003388
0.002852
-0.000004
-0.005853
-0.004264
-0.012651
0.005435
-0.005857
0.008841
0.033800
-0.030159
0.034789
-0.010992
0.024502
0.034509
-0.005258
0.002773
-0.018655
-0.015142
-0.004654
0.006412
-0.013644
0.020238
0.031437
0.036700
-0.016892
-0.005730
-0.007484
-0.017010
-0.001773
-0.008194
-0.004975
0.130496
-0.009201
0.025994
-0.030951
-0.005089
0.020754
-0.052583
0.002208
0.059178
-0.019332
0.004741
0.008789
0.015824
0.002761
-0.014252
-0.004773
-0.007536
0.000332
0.005926
0.052104
-0.018073
-0.000389
-0.005898
-0.008082
-0.005987
-0.003384
-0.007503
0.004145
-0.003444
-0.010180
0.004241
-0.005684
0.001230
0.008551
0.002347
-0.003364
-0.009602
-0.038075
0.008027
0.008159
-0.026855
-0.014514
-0.013388
0.011738
-0.018556
-0.022520
-0.006334
-0.000358
0.012496
-0.002895
-0.022932
0.004635
0.004609
-0.002357
-0.000498
0.000613
-0.006194
0.002256
-0.009305
-0.013991
0.008695
-0.024575
-0.003198
0.005158
-0.012922
-0.029698
-0.056455
-0.002313
0.005714
0.007009
0.238407
-0.017830
-0.009128
-0.021212
-0.022921
-0.019721
0.009780
-0.003996
-0.015011
-0.005255
0.000023
0.056326
0.006425
0.015394
-0.022928
0.090801
0.031273
-0.014704
-0.002069
0.009127
0.019889
-0.022669
-0.009751
-0.017733
-0.015614
0.011737
-0.015537
-0.005369
-0.008527
0.000116
-0.010433
0.012531
-0.000140
-0.009823
-0.000331
-0.020100
-0.005613
-0.001308
0.011263
-0.005271
-0.008721
0.005240
0.008825
-0.003184
-0.003156
-0.005135
0.019969
0.006617
-0.006328
-0.033384
0.063101
-0.031279
-0.008215
0.017313
0.013782
0.004364
-0.011764
-0.018180
0.007928
-0.005560
-0.009783
0.004115
0.009620
-0.009868
-0.003606
-0.012423
-0.007708
-0.006703
-0.005939
-0.004712
-0.013338
-0.026604
-0.009143
0.016921
0.019755
-0.008012
0.004788
-0.002643
-0.002144
0.013197
0.004340
-0.013047
-0.003950
-0.010277
-0.004742
0.002085
-0.008059
-0.003222
0.009080
-0.013799
-0.003932
0.050864
0.028916
-0.010294
0.007998
-0.013700
-0.009759
0.000087
0.011421
-0.032386
-0.040831
-0.002057
0.008228
-0.010408
-0.013747
-0.020224
-0.002090
0.002618
0.069450
-0.014228
-0.013698
0.007030
0.002972
-0.009780
-0.002485
-0.012004
-0.000670
0.008931
0.008059
-0.007144
-0.006299
-0.012516
0.006352
-0.003424
-0.000116
-0.004801
0.000795
0.006590
-0.005696
0.034808
-0.001561
-0.007981
-0.000842
0.004220
0.083132
0.015525
0.006638
-0.011901
-0.004720
-0.010204
-0.000418
-0.013492
-0.014774
-0.009830
-0.008529
-0.005476
-0.005222
-0.004509
-0.008120
-0.015206
-0.003758
-0.020433
-0.007186
-0.003003
-0.002623
0.002873
0.016937
-0.013188
-0.013968
-0.002249
0.042315
-0.000709
0.000899
-0.009303
0.019747
-0.022527
0.037193
0.007106
-0.019769
-0.004561
-0.008177
-0.000828
0.021336
-0.002061
0.006951
-0.002024
0.003109
0.008845
-0.009161
0.013793
-0.000505
0.000792
-0.010204
0.053680
0.004004
0.039760
0.037420
-0.010274
-0.008032
-0.004864
-0.017173
0.002649
-0.000147
-0.011563
0.000497
-0.005315
-0.012515
-0.003025
-0.012024
-0.019572
-0.011203
-0.016894
0.052786
-0.045775
0.029215
-0.003962
-0.016303
-0.012318
0.001040
-0.005408
-0.002252
0.007917
0.005021
-0.002046
-0.013011
0.005805
0.009221
-0.012997
-0.000537
-0.003173
-0.012501
0.006710
0.101734
-0.007678
-0.004732
-0.051594
0.005206
0.001054
-0.016831
-0.017331
-0.020215
-0.020883
0.005813
0.078318
0.000880
0.022719
-0.002168
0.004320
0.005708
0.001000
0.000901
0.002974
0.026689
0.025331
-0.002141
-0.010932
-0.022151
-0.002506
-0.011480
0.104765
-0.030781
0.000326
0.004003
-0.010285
-0.019596
-0.019702
0.000826
-0.038530
0.020740
-0.018264
-0.002024
-0.026008
0.001572
0.025493
-0.002487
-0.007824
-0.015950
-0.009414
0.001134
-0.004310
-0.012281
0.003284
0.002357
-0.016180
0.022739
0.013185
-0.000798
-0.011856
-0.008093
-0.007757
0.003662
-0.004413
0.028755
-0.035633
0.007276
-0.030941
0.039354
-0.007556
0.005379
-0.008942
0.084127
-0.008531
-0.004210
0.006495
-0.002911
-0.011503
-0.005757
-0.008084
-0.004902
-0.003138
0.003742
-0.013184
-0.009861
0.001428
-0.007821
-0.003020
0.006224
-0.000868
0.007346
-0.000804
0.003462
0.011627
-0.031378
-0.006728
-0.001125
0.003816
0.000372
-0.007315
-0.014413
-0.003971
-0.015215
0.002631
0.004291
-0.020831
0.003183
-0.011266
0.002201
-0.022699
-0.003180
-0.003011
-0.001417
-0.001481
-0.016606
0.011144
-0.024156
0.001116
-0.007612
-0.019451
-0.020536
0.027561
-0.029710
-0.022517
0.020834
-0.003441
0.001657
-0.000244
-0.005186
0.030195
0.133555
0.030049
-0.000667
-0.006481
-0.001984
-0.001458
-0.008517
-0.014143
0.009028
-0.002520
0.008508
-0.010785
0.008761
-0.012311
0.004182
0.057059
0.006087
-0.006303
-0.012537
-0.022618
-0.026250
-0.005099
-0.000867
-0.013573
0.017219
-0.016866
0.065974
-0.003403
-0.008948
-0.023962
0.000255
0.011969
-0.007763
-0.005856
0.091016
-0.030077
-0.005592
-0.005394
0.007436
0.005626
-0.000542
0.004605
-0.017592
-0.005381
0.009532
-0.003264
-0.011803
-0.001175
0.009021
-0.010430
0.016778
-0.001522
-0.004503
-0.010326
0.000580
0.007042
-0.006227
-0.006286
-0.011032
0.081473
0.057291
0.007856
-0.026043
0.000136
0.001330
-0.003655
-0.002346
0.007806
-0.035864
-0.016112
-0.000548
-0.013079
0.000864
0.006560
-0.019278
-0.026416
-0.026755
-0.014980
-0.007884
0.005412
-0.010923
-0.000783
0.001764
-0.006666
-0.010001
-0.006747
-0.047905
0.006083
-0.003693
-0.032226
0.010163
-0.012384
0.012312
0.011930
-0.016347
0.004093
0.007710
0.001599
0.010212
0.001078
-0.001520
0.058059
-0.017716
0.000339
0.001082
-0.006677
-0.011885
0.009529
-0.009238
-0.014864
-0.003410
-0.010800
0.016313
-0.012247
-0.007310
-0.011524
0.041319
-0.024329
-0.001120
-0.026937
-0.014801
0.073830
0.006121
0.009072
-0.007595
-0.007133
0.002971
-0.014432
0.038958
0.010489
-0.003434
-0.023595
0.100990
-0.005561
-0.011182
-0.015097
-0.007421
-0.023244
-0.008278
-0.000625
0.006852
-0.017793
-0.009953
0.005919
0.009893
-0.003182
0.005868
-0.002471
-0.017366
-0.007960
0.057694
0.031206
0.000691
0.106799
-0.006947
0.002227
-0.023609
-0.002230
-0.001970
0.051016
0.049569
-0.000262
0.006353
-0.002576
-0.020898
0.012269
0.034963
0.008414
-0.005211
0.001650
0.003350
0.016164
-0.006680
-0.003666
0.057040
-0.000001
-0.001230
0.003000
-0.004930
0.021758
0.010714
-0.010818
-0.015226
0.033689
-0.005501
-0.003780
-0.004739
-0.005702
-0.031584
-0.007822
0.001334
-0.016030
-0.006369
0.001807
-0.008916
0.028315
0.005949
-0.002817
-0.029960
-0.020689
-0.024078
0.038117
0.008985
-0.002359
-0.031137
0.027710
-0.007812
0.004843
-0.002077
-0.014369
-0.006356
-0.013879
0.016025
0.022996
-0.039716
-0.018868
-0.001939
-0.022231
-0.009329
0.028168
-0.009379
0.000463
0.011119
0.000903
-0.017469
-0.005249
-0.005581
-0.018162
-0.014317
-0.025580
0.021398
-0.015554
-0.006501
-0.016786
-0.006164
-0.017809
-0.003512
-0.006378
-0.016233
-0.007356
0.005740
0.008456
-0.001176
0.012741
-0.018720
0.001018
-0.008642
0.046242
0.001606
-0.002662
0.012098
0.007459
0.001463
-0.008105
0.008368
-0.002210
-0.027431
-0.001139
0.003073
-0.002105
-0.009585
-0.012177
-0.007887
-0.002004
-0.008705
0.007566
0.001340
-0.027651
-0.013167
-0.034076
0.004392
-0.002329
-0.014611
-0.018830
-0.013721
-0.013743
-0.012244
-0.011056
0.007667
0.001304
-0.022548
-0.015972
-0.001763
-0.010627
0.001114
-0.019858
-0.004705
-0.003364
-0.015807
-0.005406
-0.015851
-0.033747
-0.022798
-0.001584
-0.006199
0.020327
-0.027924
-0.010460
0.017057
-0.014074
-0.006281
-0.008885
0.003554
-0.010927
-0.006699
-0.012509
-0.007670
-0.007143
0.002041
0.000799
-0.008940
-0.000848
-0.010192
-0.007694
0.000791
0.075153
0.001201
0.138933
-0.003130
-0.017611
-0.007378
-0.003437
0.002278
-0.020382
0.012761
0.007574
-0.020008
-0.013097
-0.004499
-0.005342
-0.009001
-0.012802
-0.016017
-0.010599
-0.018650
-0.011934
-0.006142
0.001079
0.002353
-0.003405
0.012651
0.002075
-0.002577
0.014817
0.037555
-0.032717
0.082284
-0.007783
-0.027623
-0.007540
-0.019393
-0.005019
0.007256
-0.010444
-0.002810
0.010196
-0.003721
-0.017320
-0.010098
-0.001524
0.058150
0.003865
-0.001485
-0.007100
0.050329
0.028087
-0.015546
0.000446
-0.004180
-0.004175
0.033986
-0.015459
-0.001999
-0.003973
-0.012064
-0.008690
-0.002950
-0.004077
-0.013020
-0.006392
-0.004501
-0.007003
-0.027241
-0.002068
-0.025971
-0.004232
0.017993
-0.032042
-0.003609
-0.029621
-0.028424
-0.036768
-0.014687
-0.008019
-0.006203
-0.002871
-0.009720
-0.014810
0.007061
-0.013882
-0.001844
-0.004205
0.021607
0.002764
-0.003253
0.015167
0.000943
-0.018061
0.033999
-0.007438
-0.013015
-0.004139
0.004334
-0.005899
-0.009860
-0.003712
0.006765
-0.012680
0.014541
-0.017904
0.007303
0.020995
0.030527
-0.037387
0.086380
-0.000981
-0.001402
-0.049317
-0.002069
-0.005312
0.381400
-0.008394
-0.008559
-0.039545
-0.007870
-0.021211
-0.003649
-0.001069
-0.005709
0.047958
-0.003464
-0.003120
0.041628
-0.009096
0.000907
-0.003803
0.004312
-0.015997
0.000898
-0.002565
-0.007952
0.002696
-0.000943
0.009722
-0.000455
0.066044
-0.019749
-0.006083
0.006167
-0.005359
-0.013014
-0.003951
-0.006061
-0.013938
-0.006785
0.001287
-0.002458
-0.016690
-0.008172
-0.001377
-0.007529
0.012050
-0.004219
0.000110
-0.001261
0.004815
-0.004149
-0.024651
-0.010191
0.003240
-0.019154
-0.007371
0.121891
-0.000900
-0.001597
-0.008024
0.003206
-0.001401
-0.016277
0.015232
-0.008813
0.016664
0.086768
0.060107
-0.006616
-0.008284
0.062648
-0.013119
0.001472
0.002653
-0.006180
0.024194
0.003810
-0.007985
-0.000750
0.014128
0.031501
0.010576
-0.004141
-0.005148
-0.004175
-0.022695
-0.001253
-0.007511
0.012807
-0.023493
0.004754
-0.013725
-0.012071
-0.014829
-0.028569
-0.021027
0.002322
-0.012184
-0.021354
-0.007996
-0.005590
-0.009919
-0.001639
0.002774
-0.005957
-0.018118
-0.012459
-0.002901
0.002947
-0.006384
-0.027867
0.015794
0.013956
0.009546
-0.015051
-0.027852
-0.001029
0.005350
-0.002319
-0.017488
0.011173
-0.000406
-0.025322
-0.003271
0.000860
-0.009821
-0.015317
-0.007656
0.011693
-0.009060
-0.013904
0.015258
-0.000763
-0.017341
-0.021661
-0.008683
0.000629
0.004771
0.004235
-0.012786
-0.008378
-0.025470
-0.014337
-0.003495
-0.002991
0.157999
0.011507
-0.004645
-0.011381
-0.026607
0.058783
-0.019034
-0.008999
-0.002323
-0.004389
0.007791
-0.010904
-0.016220
0.024122
0.077105
0.066188
0.008079
-0.013934
-0.023038
0.005309
-0.007514
-0.012169
-0.012704
-0.021861
-0.000341
-0.000582
0.004374
0.009667
0.004361
0.001450
-0.006171
-0.020849
0.000362
-0.007016
-0.015934
-0.015792
-0.005417
0.000255
0.017451
-0.037183
-0.002479
0.004282
-0.011807
-0.010101
-0.002415
0.000433
-0.002111
-0.015613
-0.014850
-0.030948
-0.010246
0.009225
-0.003948
0.011047
-0.006542
0.008057
-0.021965
0.008633
-0.003329
0.052378
-0.004183
0.024239
-0.018843
-0.027680
-0.040378
-0.005816
0.004449
-0.011287
-0.007371
0.066594
0.003475
0.013093
-0.003423
-0.004269
0.038993
0.007842
-0.020166
0.000401
0.009334
0.005766
0.007645
0.002403
0.008304
0.074434
-0.024098
0.010886
-0.038119
0.002153
0.009371
-0.008008
-0.002276
-0.015737
-0.008982
-0.022564
0.006628
0.001038
0.000675
-0.003163
-0.017636
-0.003876
-0.000551
-0.007921
-0.009895
0.001681
0.016140
0.051824
-0.010443
-0.006852
-0.036391
0.054820
-0.012049
0.008302
0.004179
-0.017116
0.030896
0.002870
0.005200
-0.005234
0.000161
-0.011990
0.002135
-0.010820
-0.009447
-0.000747
0.079541
-0.005915
0.003224
0.013111
0.027537
-0.007467
-0.009587
-0.018648
-0.016916
0.026782
0.002285
0.029974
-0.001441
-0.001953
-0.018619
0.008550
0.049889
0.068378
-0.009081
-0.014697
-0.011072
-0.008446
0.026045
0.033855
0.001206
-0.018476
-0.021201
0.013362
-0.000100
0.069793
-0.008579
-0.018591
0.000822
-0.012466
0.024871
-0.008439
0.007106
-0.006288
0.001914
0.016942
-0.005098
0.006136
-0.001829
-0.009863
-0.000406
-0.001439
-0.033092
-0.005915
0.035452
0.005061
-0.002127
-0.008316
0.009133
-0.015091
0.003682
-0.021790
0.009729
-0.020460
0.019591
-0.006032
-0.013227
-0.034435
0.017912
-0.014380
-0.010266
-0.010690
-0.005393
0.000170
-0.013720
0.001063
-0.028630
0.001431
0.002793
-0.004110
-0.009418
-0.017229
-0.008566
-0.022248
0.010389
-0.001062
-0.015546
-0.014342
0.044367
0.001312
-0.012434
0.001286
0.004181
-0.013433
-0.002964
0.002763
-0.004034
-0.010689
-0.015576
-0.009615
-0.055756
-0.006268
-0.006434
-0.008172
-0.008987
-0.009050
0.004879
-0.004639
0.002571
0.002646
-0.013227
-0.010055
-0.007197
-0.018693
0.035335
0.018637
-0.022351
-0.015389
0.032216
0.012915
-0.003888
0.001769
-0.031057
-0.002141
-0.014651
0.002479
-0.010603
0.001866
0.019009
-0.011148
-0.007649
-0.007338
-0.012091
-0.020611
0.009594
-0.003781
-0.033497
-0.023625
0.101645
-0.001892
-0.002018
-0.010509
-0.003617
0.002822
-0.027143
0.012265
0.005975
-0.010578
-0.016498
-0.005360
-0.016554
-0.000881
-0.024764
0.001352
-0.005847
0.009416
-0.027549
-0.021364
0.004031
0.000119
0.019389
-0.001874
-0.019561
-0.006229
0.043226
0.009627
-0.005948
-0.067493
0.080655
-0.003122
-0.006578
-0.009585
-0.018009
0.008091
-0.017751
0.022452
-0.021265
0.002459
0.008772
0.002328
-0.006197
0.004968
-0.001046
-0.000298
0.041337
-0.004916
-0.018462
-0.008772
0.003783
-0.014603
0.050942
-0.016944
-0.020862
0.014869
-0.019868
-0.012759
-0.007260
-0.010182
0.026178
-0.003270
0.006769
-0.002143
-0.001443
-0.025289
-0.000049
0.000581
-0.007130
-0.009955
-0.005421
-0.008758
-0.006390
0.001529
-0.011289
-0.003473
0.001669
-0.004003
0.001966
0.037830
-0.002492
-0.005832
-0.008066
-0.045484
-0.003219
0.015972
0.073709
-0.011180
-0.023238
0.004427
0.015912
0.028638
-0.011577
0.052598
-0.015263
0.014046
-0.023609
-0.002002
0.022647
0.007306
-0.004634
0.001205
0.054232
0.006550
0.008785
-0.006380
-0.025948
0.007146
0.007230
-0.013143
-0.008919
0.030320
-0.006724
0.013783
-0.001283
-0.000774
0.008170
0.011831
-0.007158
-0.009114
-0.022242
-0.002121
0.006951
-0.001286
-0.019318
0.003859
-0.015293
-0.000816
-0.002692
-0.018237
0.001532
-0.005816
0.004552
0.044179
0.007961
0.152545
-0.027733
-0.002092
-0.016022
-0.012574
0.010164
0.010100
0.019270
-0.001341
0.011393
-0.006836
-0.020034
-0.006252
0.007536
-0.006600
-0.002189
-0.011490
-0.005056
-0.000246
0.011331
0.004129
-0.018459
-0.013900
-0.001763
0.021360
-0.049810
-0.009068
0.073413
0.001674
-0.007887
0.002895
0.011496
0.022627
-0.007421
-0.007837
-0.007681
0.000503
-0.002067
-0.012325
-0.013228
-0.015857
-0.013674
0.002106
-0.010394
-0.005824
-0.012874
0.005016
-0.010137
0.005219
0.001812
-0.003029
-0.020199
-0.007541
-0.000426
-0.000010
-0.008513
-0.020721
0.002861
0.010814
-0.000210
-0.019667
0.000379
-0.019107
0.011540
-0.011577
0.062753
-0.007692
-0.017878
-0.008773
-0.013589
0.005151
0.003969
0.004511
0.004182
-0.008630
-0.012452
0.003678
-0.040866
-0.001565
0.006122
0.002399
-0.004059
-0.019342
-0.013628
-0.048737
-0.010396
-0.015255
-0.012245
-0.005485
0.135203
-0.006625
-0.012452
-0.019544
0.021535
-0.003266
0.009736
0.016139
-0.007882
-0.008191
0.009112
-0.002592
0.002199
-0.002662
0.035209
-0.020442
0.010024
-0.013194
-0.030876
-0.022690
-0.016041
0.003279
-0.009040
-0.049823
-0.022540
0.012610
0.016202
-0.014449
0.008269
-0.002111
-0.018488
-0.012666
0.005152
-0.006158
-0.041586
0.010589
-0.005106
0.001982
-0.001512
-0.012706
-0.003487
-0.002353
-0.016092
0.004879
-0.001244
0.011253
0.035342
-0.027288
0.071064
0.047540
0.007675
-0.001630
0.025087
-0.002866
0.001328
-0.002483
-0.001957
0.008478
-0.018759
-0.010892
-0.023918
-0.027148
-0.005653
-0.001061
0.001889
-0.034622
0.001387
-0.010529
0.005332
-0.011822
-0.011424
0.009646
-0.018687
-0.004565
-0.012486
0.029725
-0.011623
0.030304
-0.012070
0.006405
-0.018692
-0.004631
-0.000734
0.008721
-0.001140
0.021301
-0.006660
-0.000320
-0.004494
-0.004012
-0.014118
-0.013651
0.049637
0.002154
-0.005982
-0.014646
0.023050
0.006542
0.001827
-0.010240
-0.000758
-0.014286
-0.004095
0.003443
-0.016563
-0.011343
-0.005509
-0.011468
-0.012300
-0.004195
-0.003862
0.004663
0.001913
0.006002
-0.004338
0.003667
0.013120
-0.015086
-0.001559
-0.020924
-0.009264
0.003173
0.000041
0.007568
-0.005066
-0.010486
-0.010230
-0.013454
-0.019350
0.002712
-0.000966
-0.025954
0.018907
0.006901
-0.005576
0.015049
-0.003641
0.033166
-0.009599
-0.007552
-0.001394
0.000541
-0.001098
-0.007807
-0.009843
-0.029785
0.001195
-0.008915
-0.005488
-0.005016
-0.008888
-0.010409
-0.006265
-0.007501
0.085259
0.001482
-0.010581
-0.019665
-0.002383
-0.009507
-0.021141
-0.003770
-0.001811
0.022564
-0.005532
-0.002911
-0.008527
0.002680
0.004146
-0.010754
0.060837
0.001990
-0.004599
-0.010501
0.006663
-0.001695
0.012744
-0.009783
0.024096
0.002681
-0.029975
-0.002180
0.000539
0.003591
-0.027947
-0.001241
-0.003080
-0.030524
-0.013816
-0.019392
-0.026002
0.002556
-0.010671
-0.014248
-0.004492
-0.001553
0.011734
-0.011386
0.010004
0.002729
-0.006718
0.012887
-0.013993
0.009663
-0.018650
0.007095
0.007588
0.010149
0.004040
-0.003795
-0.044900
0.002696
0.001824
-0.002549
0.002621
0.001586
-0.020248
-0.007969
-0.004868
-0.008118
-0.018021
-0.004662
0.003508
-0.017481
-0.010911
0.012858
0.053119
-0.015960
0.001763
0.014709
0.004351
-0.026534
0.000111
0.005853
0.030254
-0.001149
-0.005343
-0.069773
-0.051866
-0.018371
-0.052905
-0.043141
0.111905
0.002600
0.002850
-0.029420
-0.002146
0.001481
-0.009463
-0.020677
0.034785
-0.013556
-0.009139
0.003736
-0.008251
-0.005017
0.002416
0.057196
-0.022865
0.000727
-0.017846
-0.002032
-0.012546
0.008302
-0.009080
0.002460
-0.000876
0.008184
0.006536
-0.014855
0.084063
0.027622
-0.015721
0.049136
0.007391
0.005340
0.022209
0.000390
0.024460
-0.010553
-0.005134
0.004320
-0.027009
-0.033777
0.043627
-0.000093
0.033884
-0.009129
0.000976
-0.008748
-0.008083
-0.008008
-0.010814
0.016555
-0.009910
0.000299
0.037493
0.039851
-0.004075
-0.006379
0.065832
-0.002440
-0.024431
-0.022737
-0.011451
0.006494
-0.027378
0.007216
0.004383
-0.019582
-0.012718
-0.001306
-0.017310
-0.018714
0.018296
-0.005171
-0.012247
-0.005168
0.007326
-0.001671
-0.008648
0.013387
0.003263
-0.006537
-0.009737
0.015406
0.005244
-0.007463
-0.024929
0.000281
-0.000263
-0.001751
-0.007028
-0.019723
-0.026624
0.002032
-0.011349
0.000872
-0.011542
-0.027624
-0.008675
-0.000250
-0.015310
-0.001020
-0.019001
0.003216
-0.023326
0.000069
-0.007554
-0.000958
-0.004764
-0.009579
0.005084
0.001372
-0.001110
-0.002135
-0.006221
-0.021648
-0.000634
-0.006104
-0.000232
-0.023373
-0.020912
0.003010
-0.002907
0.004215
-0.003316
0.001277
0.009629
-0.017622
0.000827
0.009284
-0.031556
0.002721
0.000484
-0.016814
-0.005927
-0.015897
-0.003753
-0.000616
-0.015449
-0.007325
0.007434
-0.000464
0.014188
-0.012024
-0.007203
-0.001852
-0.001901
-0.029514
-0.024447
0.002682
-0.013459
0.005899
0.039297
0.006223
-0.011076
-0.013095
-0.009406
0.010058
0.024851
-0.016812
0.001778
-0.008455
-0.009843
0.002450
-0.004879
-0.012471
-0.004102
0.002798
-0.002213
-0.000671
-0.015275
-0.014669
-0.044238
-0.019017
-0.012894
-0.004866
-0.006723
-0.023575
-0.022499
-0.010202
-0.010261
-0.011479
-0.001917
0.001604
-0.003991
-0.007547
-0.003414
-0.008272
-0.011690
-0.042768
-0.003505
0.017043
0.002025
0.003408
-0.009459
0.009135
-0.008383
-0.007928
-0.000161
-0.023002
0.036094
-0.005971
-0.001720
-0.016699
0.000329
-0.009348
-0.004854
-0.010284
0.002092
-0.010846
0.003322
0.002563
0.000083
0.009245
-0.002010
0.027289
0.013667
-0.001436
-0.004234
0.017854
0.078709
-0.000526
-0.017677
0.100993
-0.012133
0.026764
-0.009083
-0.008891
-0.001964
-0.009825
-0.023411
-0.011287
-0.000488
0.015300
0.005154
0.005168
-0.007445
-0.010537
-0.030754
-0.032077
0.000501
-0.028013
-0.002461
0.000123
0.006235
-0.013315
0.004866
0.001590
0.006963
-0.000606
-0.003044
-0.002945
-0.005414
-0.027158
0.004385
0.011222
-0.018602
0.026310
0.001018
-0.011297
0.057150
0.004347
-0.000421
-0.028659
0.001248
0.048853
-0.026570
0.001897
-0.013764
-0.006088
0.083912
-0.002068
-0.016259
-0.013500
-0.002329
0.008949
-0.012851
-0.014217
0.054053
-0.019515
0.023418
-0.001388
-0.016059
-0.012574
-0.024711
-0.009051
-0.002452
-0.009608
-0.014770
0.006084
0.008209
-0.004297
0.002523
-0.003075
0.004540
-0.015346
0.004959
-0.003722
-0.013852
-0.010064
-0.015482
-0.007157
-0.001917
0.000991
-0.027122
0.000953
-0.017548
-0.005088
-0.015769
-0.000043
-0.018393
-0.028168
-0.008166
-0.013742
-0.006909
0.092071
0.046019
-0.007090
-0.010554
-0.015153
-0.010098
-0.009171
-0.012516
-0.014834
0.091256
-0.024941
0.005094
-0.003987
0.000976
-0.015357
0.001827
-0.015532
-0.000406
-0.002514
0.001373
-0.018253
-0.024488
0.011244
-0.004245
-0.005883
-0.008867
-0.000065
0.003904
-0.011570
-0.015270
-0.004897
-0.008392
-0.011294
-0.021757
-0.017591
0.024985
-0.012213
-0.014692
0.005388
0.004709
-0.009892
-0.011364
-0.017278
-0.000535
-0.007814
-0.015910
-0.004317
0.001168
-0.002683
-0.022866
-0.029752
0.053137
0.066526
0.089238
0.054266
0.001382
0.004648
0.000969
0.011166
-0.029713
0.067277
-0.015460
0.003929
0.001329
0.019063
0.016564
-0.020171
-0.010359
-0.013937
-0.000962
-0.005269
0.057003
0.051797
-0.001562
0.033906
0.019666
0.016138
-0.000870
0.006647
-0.025976
0.001711
0.001523
-0.006729
0.016933
-0.010707
-0.005849
0.022446
-0.024754
-0.012181
-0.009648
-0.016565
0.001004
-0.011487
-0.021220
-0.021428
-0.015082
-0.010115
-0.003579
-0.011587
0.001320
-0.009623
-0.007159
0.017376
-0.023482
-0.048153
0.024363
-0.015505
-0.045454
-0.025285
-0.014470
0.065352
0.001227
-0.011817
-0.019832
-0.006138
0.008228
-0.006866
-0.022049
-0.015997
0.011334
-0.022382
0.019662
-0.004530
-0.014975
-0.004192
0.003659
-0.003716
-0.005607
-0.001864
-0.000042
0.028728
0.010676
0.002662
-0.001413
-0.031663
-0.027481
-0.006990
-0.005117
-0.010027
0.005927
0.007653
0.003488
-0.001509
-0.010323
0.006248
0.004357
0.000824
-0.015859
-0.005476
-0.011021
-0.017023
0.002493
-0.002990
-0.025847
0.000655
0.019219
0.002145
-0.007220
0.040941
0.007715
-0.003135
0.006559
-0.003071
0.059792
-0.012430
0.060973
-0.024910
-0.018502
-0.052894
-0.002808
-0.008643
-0.010074
0.003830
0.004627
-0.006177
-0.005635
-0.001784
0.082773
0.058677
-0.009421
0.071950
-0.024776
-0.006988
-0.003789
-0.006403
0.042430
0.006301
-0.009258
0.028999
0.000129
0.006560
0.002986
-0.005172
-0.005004
-0.003068
-0.002404
-0.001874
0.015215
0.004807
-0.003448
0.014625
-0.000932
-0.012079
-0.009864
0.004930
0.059514
0.021070
-0.010479
0.039231
0.001395
-0.015386
-0.014402
0.006531
-0.021804
0.001970
-0.001375
-0.006052
-0.016865
-0.008970
-0.007322
-0.007870
0.005167
0.012376
0.008170
0.009117
0.012199
0.002856
-0.029472
0.003419
-0.005645
0.006810
-0.011369
0.006101
-0.007074
-0.021010
-0.018748
0.003389
-0.009017
0.002802
0.004483
-0.002167
-0.013642
0.000486
-0.001165
0.034778
0.000946
-0.000902
-0.003697
-0.006761
-0.020852
-0.017682
-0.007121
0.004966
-0.013194
0.011088
0.004211
0.000065
0.055111
-0.008810
0.005302
-0.018579
-0.006463
0.003400
0.003594
0.009925
-0.004692
-0.015342
-0.013427
-0.002726
-0.017608
0.006287
-0.004908
0.087862
0.023627
0.040852
-0.017350
-0.008405
-0.005127
0.000149
0.003264
-0.000022
-0.009798
0.001237
-0.003264
-0.022679
-0.008947
-0.005067
0.006638
0.014392
-0.000615
0.027725
-0.019485
0.021915
0.004837
-0.028917
-0.014993
-0.010020
-0.018767
-0.005247
0.031032
0.004475
-0.007858
-0.005140
-0.007242
0.004186
-0.006424
-0.001156
0.010630
0.002626
-0.003116
0.012620
0.007254
0.002086
-0.026501
-0.007357
-0.014649
-0.027747
0.000374
-0.010410
0.033799
0.000930
-0.020689
0.011974
-0.015826
-0.000554
-0.008037
-0.003006
-0.001171
-0.006799
0.004970
0.148926
-0.002992
-0.003221
-0.003779
0.084918
-0.023745
0.002987
0.008596
-0.007646
-0.006766
-0.000701
-0.005420
0.003878
-0.011764
0.001555
-0.006480
-0.001037
-0.003863
-0.004684
-0.013519
-0.009405
-0.015876
0.008458
0.007230
-0.014279
0.097295
0.008278
-0.014290
-0.008452
-0.015711
0.021369
0.007348
-0.011221
0.000148
-0.006754
-0.007290
-0.000764
-0.013237
-0.030340
-0.005348
0.007816
0.139421
-0.022957
-0.000976
-0.013842
0.005282
0.008794
-0.004974
0.003250
-0.002046
-0.007898
-0.019153
-0.001843
-0.001141
0.001061
-0.003972
-0.000242
0.000509
-0.002697
0.008494
-0.000880
0.011189
-0.003862
-0.015175
-0.001592
-0.000221
-0.010872
-0.012361
-0.005969
-0.013925
-0.005908
0.000598
-0.014894
0.014763
-0.003357
0.050800
-0.016406
-0.015614
-0.008670
-0.006107
-0.001196
0.005534
0.001122
-0.010203
-0.036183
-0.001609
0.017937
-0.003702
0.012974
0.069481
0.001192
-0.001581
0.085632
-0.017031
-0.005592
0.005493
-0.015762
-0.030807
-0.008621
-0.006231
-0.005747
0.014595
-0.004116
-0.008348
-0.006893
-0.017744
0.037534
-0.007860
-0.006431
-0.032966
-0.004882
-0.010092
-0.020054
0.102026
0.058263
-0.005404
-0.005595
-0.007498
0.013185
0.000200
-0.003923
0.004107
0.003206
0.037551
-0.000240
-0.004386
0.017754
-0.019815
0.010947
-0.004067
-0.038530
-0.020637
-0.026201
0.002523
-0.018008
-0.003629
-0.000818
0.003848
-0.010726
-0.003726
-0.012221
0.008410
-0.018455
0.016418
-0.011527
-0.003108
-0.008566
0.019444
-0.011354
-0.041453
0.000460
-0.007421
-0.008008
-0.001928
0.006843
-0.010216
-0.012316
-0.016413
-0.045372
-0.004164
-0.029600
-0.105274
-0.097936
-0.096483
0.013537
0.009588
-0.001634
-0.006231
-0.011423
0.009723
-0.005330
-0.011680
-0.012375
0.000835
-0.005586
0.026000
0.059420
-0.017339
0.047928
0.005365
-0.000366
-0.005392
-0.024322
-0.006262
-0.001705
0.008284
-0.006241
0.002983
-0.009209
-0.006424
-0.004988
-0.007585
-0.009269
-0.001551
-0.029018
-0.042589
-0.004790
0.000688
0.070468
0.014149
-0.036825
-0.006165
0.002117
-0.002523
-0.041425
-0.000823
-0.005978
-0.006637
0.003596
-0.000461
0.000500
0.012121
-0.007335
-0.013631
-0.009169
-0.022003
-0.018679
-0.007099
-0.014033
-0.000239
-0.014945
0.019311
-0.022428
-0.030516
-0.002841
-0.001303
-0.015043
-0.000621
-0.000181
0.006770
-0.002122
0.002590
0.008244
-0.013948
0.000589
-0.004718
-0.003866
-0.013613
0.039220
-0.021197
0.035639
0.000333
-0.021390
-0.009267
-0.008886
0.014851
0.020413
0.017684
0.021233
-0.007497
-0.009043
-0.007777
-0.001532
0.023400
0.019143
-0.004666
-0.026269
-0.023053
-0.013345
-0.010324
-0.006283
-0.004231
0.015599
0.042930
0.000717
-0.004265
-0.001439
-0.010904
0.020960
0.011162
-0.011074
-0.013067
0.103126
0.034342
-0.009972
0.023340
-0.010353
0.008672
0.013399
-0.003505
-0.003162
-0.009326
-0.002888
-0.003996
0.000696
0.037147
-0.013482
-0.008484
0.001009
-0.009739
-0.029200
-0.011265
-0.002793
0.022598
-0.010962
0.006000
-0.015604
-0.011980
-0.004455
0.004408
0.004602
-0.003329
-0.000951
0.000045
-0.015126
0.100912
-0.006254
-0.006513
-0.000940
-0.012104
-0.003952
-0.009292
0.029472
-0.011627
0.010065
-0.003877
-0.031339
-0.046646
0.004255
0.065016
-0.003311
-0.005022
-0.010672
0.003598
0.035303
0.001823
-0.017242
-0.003750
0.005745
-0.004568
-0.022046
0.011778
-0.006304
0.003161
0.000795
-0.000503
-0.015167
-0.016193
0.008932
-0.019983
-0.014329
0.000042
-0.011300
-0.018049
0.037895
-0.012285
-0.027190
-0.002533
-0.001618
0.092549
0.000373
-0.014423
0.005069
0.114093
-0.014428
0.020462
-0.029512
-0.000334
-0.010797
0.004066
0.026432
-0.002926
-0.009540
-0.006613
0.001691
-0.043364
-0.016454
0.001214
0.004244
0.007940
0.028536
0.047529
-0.004019
0.040716
-0.006942
0.000075
-0.002759
-0.012629
0.002192
-0.013858
-0.006232
0.042213
0.026159
-0.000752
0.002284
0.006087
0.003170
-0.015127
-0.002491
0.011821
-0.013508
0.004046
0.005553
-0.021663
0.013505
0.089839
-0.010190
0.010472
0.013852
0.005264
-0.000066
-0.013141
0.013935
0.002054
0.001722
-0.009378
-0.005218
-0.012908
0.020474
-0.021574
-0.024600
-0.001246
0.017938
-0.027780
0.005967
-0.004349
-0.013781
-0.002231
-0.008729
0.005600
-0.015654
-0.005223
-0.002012
-0.010654
0.003529
0.003985
0.002825
0.004364
-0.006140
0.022415
0.053354
-0.001170
-0.007683
-0.004480
0.008235
0.008627
-0.015549
0.024085
-0.008207
0.016964
0.082199
-0.007061
-0.005754
0.001498
0.000200
-0.018994
0.024886
-0.029279
-0.008123
-0.009727
-0.011638
-0.007434
-0.015263
-0.025724
0.000262
-0.000174
-0.004106
0.030361
-0.022964
-0.013366
-0.015456
-0.013303
-0.027516
-0.028888
0.015511
-0.014621
0.001236
0.008559
-0.021246
-0.008549
-0.005892
-0.025138
-0.011730
-0.008877
0.007678
0.013377
0.000289
0.005901
-0.000328
-0.009605
-0.005948
0.006467
0.005335
-0.016248
-0.008859
0.012545
-0.001666
-0.007611
-0.008343
0.045065
-0.026842
0.002135
0.068497
-0.015201
0.015679
0.004878
-0.003980
-0.008233
-0.010108
0.004429
-0.019832
0.008408
0.001637
0.000264
0.029454
-0.024725
-0.003312
0.019124
0.000699
-0.013445
0.029225
-0.011272
-0.002851
0.009739
0.005622
-0.015584
-0.003499
-0.002446
0.000597
0.074376
0.004698
-0.004367
0.006710
-0.009317
-0.003742
-0.001073
-0.014018
0.006694
0.011136
-0.012739
0.005158
0.003703
-0.009773
-0.011867
0.001535
-0.002890
0.005076
-0.018301
-0.003234
-0.014115
-0.006447
-0.017630
-0.002630
-0.016050
-0.005235
-0.032181
-0.019502
0.013923
-0.017963
-0.012471
-0.007457
-0.002388
-0.017587
0.014726
-0.011565
-0.011053
-0.018555
0.000407
0.079070
0.037580
0.003340
-0.010161
-0.008979
-0.004592
-0.006792
-0.005481
0.035021
0.008110
0.011399
0.019302
-0.013156
0.001668
-0.007439
-0.006193
0.000149
-0.013303
0.070929
-0.007670
-0.008420
-0.013397
0.021226
0.008002
0.010255
-0.003995
-0.001125
0.014415
-0.004257
-0.011371
-0.001094
-0.009118
-0.004706
-0.009128
-0.003611
0.002706
0.009504
-0.007318
-0.006980
-0.023900
0.060563
0.056017
-0.008948
0.031273
0.016522
-0.001372
0.000023
0.045480
-0.009264
-0.009127
-0.010930
0.009247
0.002173
0.042364
-0.009987
0.006016
0.000505
-0.008572
-0.004160
-0.015871
-0.001694
0.002588
-0.008745
-0.007832
-0.009394
-0.012652
-0.000659
0.003162
0.011555
-0.011228
0.034384
-0.000487
0.010900
0.007964
-0.000463
0.006559
0.002197
0.000054
0.013337
0.000752
-0.020685
-0.017737
-0.005858
0.027728
-0.022439
0.000124
-0.005025
0.002613
0.112464
-0.016217
0.002586
0.009358
-0.029782
-0.003940
0.002664
0.027197
0.161364
0.059817
-0.009646
-0.003922
-0.020434
-0.014387
-0.014735
-0.009740
0.018711
-0.014513
-0.005335
0.042706
-0.003503
0.001955
0.008267
-0.010528
-0.027563
-0.018872
-0.003625
-0.008195
0.095840
-0.018297
-0.004534
-0.004178
-0.024883
0.014330
0.004929
-0.007202
-0.011816
-0.016832
-0.007689
0.029065
-0.012923
0.044165
0.076510
-0.015750
-0.001506
0.005280
-0.004263
0.006378
0.103445
-0.005429
-0.018196
-0.003842
-0.020643
0.016005
0.062925
-0.019029
-0.011003
-0.019083
0.018017
-0.005946
0.003191
-0.000656
-0.026798
-0.006412
-0.002290
0.009212
-0.000789
-0.012136
0.013785
0.025380
-0.012943
-0.018751
-0.010989
-0.011799
-0.006981
0.065462
-0.001620
-0.036361
-0.002518
-0.015739
-0.008849
-0.012052
-0.006225
0.001064
0.001056
-0.004668
-0.004072
0.004120
0.114018
-0.016486
-0.005278
-0.008334
-0.022233
-0.007228
-0.030838
-0.013856
-0.021602
0.012964
-0.004215
-0.005334
0.030865
-0.002094
-0.009805
-0.007753
0.003644
-0.002486
0.089147
-0.009659
0.003513
-0.022136
-0.009523
0.002334
-0.017637
-0.007641
0.003925
-0.007150
0.010246
-0.006969
0.005622
-0.005299
-0.006585
0.071001
0.005111
0.047558
0.006663
0.004250
-0.011684
-0.004248
0.007446
-0.000770
0.003811
-0.023067
-0.000865
-0.001393
0.000498
-0.006683
0.001725
-0.016044
-0.000894
-0.032794
-0.007358
-0.007419
-0.027532
-0.004638
-0.011401
-0.004818
0.019234
-0.002599
-0.005920
-0.019128
-0.005521
-0.005570
0.158252
-0.018187
0.005374
0.011246
0.007943
0.004267
-0.007314
-0.004840
-0.001544
-0.004768
0.090024
-0.008522
-0.019226
-0.005647
0.007193
0.011096
-0.001265
-0.000904
0.000841
-0.009131
0.005379
-0.010704
0.096943
-0.004498
0.005364
0.008890
-0.008074
-0.011723
0.001631
-0.007516
-0.001550
0.014544
0.007366
-0.025022
-0.035885
0.077898
0.018150
-0.014222
-0.030002
0.031523
0.007035
-0.004309
0.048933
0.001061
-0.007919
-0.007336
-0.001234
0.006287
0.006002
0.000206
-0.009314
0.069920
0.002662
0.013337
-0.006875
-0.004294
0.000381
-0.009213
-0.009193
-0.003726
0.007445
-0.005178
-0.006993
-0.000153
0.002647
0.000825
0.000164
-0.010088
-0.011354
-0.012755
-0.016415
-0.004346
-0.006229
-0.000472
-0.016869
-0.010416
0.001191
0.002335
0.026611
0.005521
-0.016099
-0.010023
-0.005685
0.070654
0.001654
0.013920
0.014513
0.054453
-0.007530
-0.005476
0.023160
-0.003755
0.001318
-0.016047
-0.001108
-0.005543
-0.020468
0.001013
0.010143
-0.022218
-0.043173
-0.041762
-0.014888
-0.025225
0.026025
-0.000711
-0.001068
0.002131
-0.033307
-0.010687
-0.000989
-0.006316
0.035177
-0.001279
-0.001663
-0.015768
-0.004695
-0.005273
0.068651
-0.005064
0.005715
0.079110
-0.004653
-0.010951
0.029921
0.013308
-0.020445
0.007927
-0.015646
-0.006407
-0.008427
-0.008746
0.000620
0.033928
0.002504
0.063786
0.000868
0.007028
-0.012869
0.022098
-0.001048
0.013443
0.014402
0.013405
-0.010225
-0.005853
-0.006042
-0.005408
-0.009980
-0.006295
0.001723
0.016367
-0.032895
-0.004168
-0.004791
-0.006783
-0.005540
-0.010712
0.003462
0.029092
0.056123
0.048316
-0.005293
-0.026035
-0.008533
-0.006365
-0.011538
-0.017993
0.020516
-0.005195
0.003750
-0.008178
-0.012121
-0.004395
-0.025573
0.009409
0.017697
0.009188
-0.011543
-0.014149
0.006597
-0.013796
0.056118
0.000053
0.017221
-0.028794
-0.004406
-0.006803
0.000285
-0.007011
-0.002922
0.006447
-0.014081
-0.005839
0.025746
-0.005088
0.001576
-0.003639
0.011463
-0.008692
-0.005691
0.002136
-0.020894
0.004191
0.050351
0.125337
-0.012842
0.083991
0.146778
0.000149
0.014533
0.000762
0.024275
-0.005195
-0.002828
0.014990
0.021876
-0.006741
-0.024769
-0.002553
-0.003682
0.017550
-0.011741
-0.010644
-0.015910
0.000201
0.047049
-0.019899
0.008715
0.003794
0.011505
-0.027550
0.009171
-0.021296
0.015152
0.006882
-0.005934
-0.013429
0.167670
0.107119
0.103117
0.091261
0.240435
0.002687
0.000249
0.002502
-0.014953
-0.001205
-0.000570
-0.020969
0.000288
-0.001100
-0.016315
0.011417
0.014039
-0.028915
-0.006528
-0.015472
-0.042437
-0.015507
-0.017109
0.000920
-0.043325
-0.010256
0.006161
0.004475
-0.013660
-0.014009
-0.014158
-0.020073
0.001844
-0.004596
0.007467
-0.000019
-0.001598
-0.002541
-0.001738
-0.004714
-0.000939
-0.018266
-0.001170
-0.008059
-0.012854
-0.022048
0.010168
-0.006454
-0.023720
-0.003670
-0.004888
-0.014848
0.001419
-0.012399
-0.005584
-0.008848
-0.004963
-0.016329
-0.025315
0.007749
-0.006609
-0.015301
-0.026635
-0.029534
-0.016680
-0.000887
0.008733
-0.021302
-0.004610
-0.015909
-0.012358
0.141198
-0.004890
-0.010309
-0.007650
-0.006265
0.000603
0.009786
0.017185
0.002439
-0.005016
-0.001134
-0.046649
-0.005199
-0.003173
-0.003367
0.013996
0.010668
-0.008262
0.003465
-0.025887
-0.010098
0.068847
0.004273
0.008429
-0.003929
0.007594
0.002324
-0.015096
0.006703
0.020492
-0.004724
0.007422
0.006649
0.001795
-0.012000
-0.021605
-0.006602
-0.010828
0.002257
-0.030109
0.004040
0.000455
0.001370
-0.028352
-0.017286
0.016368
-0.000627
-0.003466
-0.002065
-0.012106
-0.008239
0.019149
-0.009199
-0.008887
-0.000819
-0.010839
0.003156
-0.000518
0.007141
-0.003995
-0.013017
-0.009438
-0.007707
-0.013842
0.002820
-0.004157
-0.016094
-0.003082
-0.006076
-0.012782
-0.004792
0.002179
-0.026907
-0.008366
-0.030677
-0.009336
-0.004810
-0.001583
-0.004080
0.000324
-0.000922
-0.008714
0.003875
-0.001762
-0.002998
-0.008623
-0.003742
-0.017250
-0.009519
-0.007448
-0.000439
-0.007808
0.010212
-0.010076
-0.028996
-0.003239
-0.005642
0.002616
-0.005931
-0.009006
-0.014843
-0.039627
-0.020484
-0.020779
-0.002249
-0.006207
0.000221
0.002198
-0.015394
-0.006367
-0.007345
0.003041
-0.012897
0.009510
-0.008588
-0.012505
0.005853
-0.014401
0.021353
-0.009282
0.001365
0.005607
0.003059
0.006595
-0.004342
-0.007087
-0.019775
0.000283
-0.002642
-0.020257
-0.006569
-0.003997
0.002571
-0.020394
0.011419
-0.002170
0.006415
0.025900
-0.000123
0.000244
0.009153
0.002901
-0.000837
-0.015484
-0.013326
0.010797
0.064769
0.001531
-0.016083
-0.005113
-0.006531
0.001081
-0.000705
-0.003001
0.158685
0.014864
0.003906
-0.012753
-0.012415
-0.010209
-0.030571
0.000088
-0.000724
-0.011220
-0.004675
0.024006
0.002978
-0.009962
-0.002450
-0.006224
-0.002558
-0.000590
0.003965
0.002050
-0.001452
0.007129
-0.015982
0.014876
-0.002225
-0.004959
-0.000824
-0.011517
0.016312
-0.004024
-0.002466
-0.002970
0.001372
0.008795
0.014863
0.039226
-0.007318
-0.006087
0.037358
0.045716
-0.000585
0.030286
0.000256
0.051707
0.004996
-0.002414
-0.001074
-0.005468
0.016021
-0.001608
0.034228
0.002877
-0.004636
0.000023
0.018306
-0.002714
-0.002651
-0.013474
0.004175
-0.003827
-0.003832
-0.021620
0.007738
-0.004726
-0.016059
0.115561
-0.001396
-0.007671
-0.014592
0.004913
-0.022280
-0.005449
-0.011054
-0.002756
-0.015218
0.009778
0.003847
0.011759
-0.011697
-0.009406
-0.004215
-0.005779
-0.028771
0.369631
0.117697
0.243514
0.140888
-0.016401
0.001606
-0.031600
0.024266
-0.019170
-0.007982
-0.007140
0.008293
-0.010176
-0.003920
-0.000373
0.005577
-0.003851
-0.016674
-0.014806
0.001815
0.023034
-0.013309
0.003762
0.001004
-0.006747
-0.023049
-0.023629
-0.007916
-0.015765
0.013159
0.009716
-0.014732
-0.007913
0.001252
-0.009439
-0.002079
-0.005577
-0.009572
-0.009348
-0.002273
0.000572
-0.013134
0.000987
0.009472
0.014080
-0.018922
-0.003964
-0.040178
0.003068
-0.006322
-0.050052
0.003360
-0.002544
-0.009927
-0.028017
-0.017025
-0.001449
0.007174
-0.012257
-0.003794
-0.015196
-0.029988
-0.017707
-0.004577
0.016443
0.009022
0.103266
-0.011748
0.025801
0.009811
-0.008302
0.042816
0.001886
0.022347
0.010934
-0.006827
-0.002220
0.063138
-0.002754
-0.004945
-0.006860
0.001197
0.005613
-0.005031
-0.009279
-0.005268
-0.029503
-0.002587
-0.002753
0.047205
-0.024456
0.014243
-0.009593
-0.006103
-0.023970
0.044304
-0.009245
-0.000292
-0.014943
-0.003780
-0.004269
0.024435
0.002908
-0.007981
-0.023271
0.009738
-0.003738
0.011855
0.003947
-0.009185
-0.019352
-0.013292
-0.003308
-0.004593
0.004137
-0.018114
0.003111
-0.003869
0.039525
-0.020739
0.057569
0.025432
0.047026
-0.000590
-0.003304
0.005396
-0.011630
-0.002313
0.000196
0.000525
0.008841
0.010548
0.033337
-0.004047
0.077829
0.003427
0.002989
0.007243
-0.027227
-0.016729
-0.009750
0.004458
-0.021775
-0.004820
0.002114
0.065398
0.064855
0.007087
0.003762
-0.022189
0.003887
-0.006503
0.000701
0.002114
-0.024242
-0.003510
0.001460
0.000278
0.001456
-0.009805
0.000638
-0.018526
0.010441
0.000368
0.002891
-0.001134
-0.005150
0.004030
-0.001185
-0.001836
0.005479
-0.020858
0.031469
-0.011677
-0.037966
-0.005091
0.010406
-0.003293
0.002403
0.017408
0.077193
0.002874
-0.003031
0.020094
0.004888
-0.004025
-0.011699
-0.030730
-0.025379
-0.006642
-0.000582
-0.002350
-0.025338
0.028469
0.001652
-0.001219
-0.008599
-0.018475
-0.011046
-0.007735
-0.010015
0.002329
-0.018301
0.001262
0.030296
-0.005536
0.046265
-0.013624
-0.013277
-0.021381
-0.024260
-0.039818
0.000225
0.008795
-0.000608
-0.012861
-0.030617
0.000133
-0.017536
-0.006183
-0.017959
-0.005903
-0.001758
0.002873
-0.031804
0.015836
-0.025562
-0.002277
-0.004328
-0.007750
-0.012783
0.033421
0.002543
-0.005297
-0.041188
0.006876
0.070564
-0.001452
-0.000168
-0.025944
0.008692
-0.004960
-0.000611
-0.002491
-0.012967
-0.004070
-0.002557
0.014101
-0.008180
-0.018896
-0.012640
0.005617
-0.022627
0.019537
-0.017492
0.014911
-0.015777
-0.009982
0.014800
-0.010232
0.008736
0.005887
0.004359
-0.017075
-0.004934
-0.009649
-0.014499
0.005922
0.045937
-0.003240
-0.012654
-0.008312
-0.002121
-0.015624
-0.002298
-0.001062
0.001607
-0.018305
-0.013736
0.002592
-0.005520
0.034000
0.019764
-0.017162
-0.011372
-0.006254
-0.000269
-0.011139
-0.014935
-0.020185
0.000770
0.002845
0.001823
0.016203
-0.001295
-0.014387
-0.001534
-0.004361
-0.005921
-0.021632
0.018183
-0.002741
-0.004522
-0.000908
-0.030085
0.033658
-0.000450
-0.015767
-0.004792
-0.004841
0.019642
-0.003796
-0.004705
0.008163
-0.009283
0.020006
-0.000475
-0.002080
-0.011445
0.001398
-0.018365
-0.014261
-0.010649
-0.008140
-0.010570
-0.008589
-0.010816
0.025043
0.001638
-0.010167
-0.003843
-0.049509
0.007583
-0.001758
-0.014230
-0.014428
-0.009039
-0.013865
-0.006536
0.002029
-0.011518
0.038850
-0.001480
-0.007021
0.000650
-0.012075
0.000747
-0.012964
0.027224
-0.005610
-0.018015
-0.002356
-0.000683
-0.008496
0.000805
-0.004505
-0.002706
-0.010707
-0.006589
-0.001920
0.004572
-0.008380
-0.004890
-0.010358
0.015640
-0.004029
0.062662
0.004449
0.009435
0.009269
-0.024822
-0.008006
-0.012416
-0.010849
-0.004223
-0.012035
0.013272
-0.018992
0.158597
-0.004713
-0.002396
-0.007360
-0.000273
-0.006374
-0.003931
0.001282
-0.001087
0.004446
-0.016132
-0.001909
0.023905
0.006195
-0.022670
-0.013458
-0.018887
0.007556
-0.020960
-0.001153
-0.011371
-0.002507
-0.009462
-0.016319
-0.005171
-0.017709
-0.008379
-0.040944
-0.010946
-0.006651
-0.011767
-0.003469
-0.008945
0.005991
-0.001861
-0.006789
-0.009899
-0.001903
-0.000996
0.003891
0.072995
0.002735
-0.012787
-0.008510
0.076463
-0.010115
0.026477
-0.004739
-0.009506
-0.007452
-0.018945
-0.002036
-0.005529
-0.007476
0.007912
-0.006970
-0.014114
-0.010156
0.000615
0.006509
-0.025067
-0.012046
0.030071
-0.000935
-0.016332
0.003971
0.002034
-0.004471
0.030000
-0.000989
0.001159
-0.040932
0.017884
0.050586
-0.009432
-0.014030
-0.001581
0.003096
0.003330
-0.002399
0.015279
0.021615
-0.001173
0.052724
-0.016337
-0.011013
0.005286
0.001610
0.081000
-0.001179
-0.008730
0.016607
0.011382
-0.004951
-0.011727
0.004228
0.004648
-0.001390
0.000078
0.007467
-0.024359
-0.002503
0.007865
0.003461
-0.022722
-0.039284
-0.008885
0.048408
0.001493
-0.022901
-0.017811
-0.006940
-0.007773
0.000944
0.006127
0.009410
-0.002257
-0.017808
-0.003656
0.000043
-0.011770
-0.006430
-0.029644
-0.022676
0.014493
-0.004769
0.003425
-0.006906
-0.001145
-0.016285
-0.010392
0.013163
-0.004449
-0.022619
-0.008385
0.003694
-0.019485
-0.002991
0.014881
-0.015378
0.017197
-0.007278
-0.010767
-0.005985
0.004194
-0.012549
0.049986
-0.004277
0.009593
-0.014682
-0.010880
-0.016690
-0.000545
0.017038
-0.017783
-0.022332
0.013197
-0.000125
0.012036
-0.001206
-0.013635
-0.011135
-0.016732
-0.013298
-0.034433
0.031354
-0.015123
-0.006824
0.012941
0.009392
-0.008861
-0.023985
0.000326
0.005723
0.029217
-0.029213
-0.015177
-0.021446
-0.038030
0.049455
-0.003090
-0.013075
0.007314
-0.014892
0.009977
-0.039840
-0.002729
-0.012678
-0.006418
0.001111
-0.006097
-0.012303
0.003573
0.002892
0.023381
0.005246
-0.011708
-0.008433
-0.007808
-0.011919
0.023072
-0.032338
-0.031854
-0.000519
-0.011553
-0.028334
-0.028030
-0.012929
0.001335
0.019805
-0.023668
-0.001162
-0.001935
-0.005079
0.011972
0.052366
0.018645
-0.023174
-0.002631
0.007274
-0.011090
0.015172
0.003842
-0.016403
0.013413
-0.002130
0.011887
-0.015027
0.000793
-0.004759
-0.000527
-0.038977
0.008214
0.012909
-0.004292
-0.014986
-0.008852
0.042924
0.002404
-0.007499
-0.002121
-0.031732
-0.009919
-0.014260
-0.015028
-0.004566
-0.001843
0.020880
0.030709
0.052192
-0.004716
-0.015590
0.006225
0.012014
-0.001468
0.047274
-0.012301
0.009333
-0.011295
-0.008274
0.012134
-0.009184
0.058496
-0.004965
0.006351
-0.002866
-0.006148
0.002159
-0.012005
-0.029091
-0.012993
-0.012797
-0.010474
-0.001079
0.004008
0.003424
0.001130
-0.023541
-0.003915
-0.008626
-0.016261
-0.002427
-0.014213
-0.020267
-0.000112
-0.001275
0.000061
-0.003220
-0.003671
-0.032054
-0.013156
-0.000010
0.042338
0.008774
-0.007664
-0.019945
0.000923
-0.014886
-0.002031
-0.034281
-0.023879
0.019642
-0.009407
-0.007457
-0.003636
-0.002172
-0.010791
0.002434
-0.027478
-0.023733
-0.008479
-0.012433
-0.024407
-0.010566
0.051824
-0.027179
-0.005143
-0.004332
-0.025441
0.002692
-0.004622
-0.002844
-0.000038
-0.002388
-0.003517
-0.007368
-0.003068
0.001698
0.021060
-0.000616
-0.007684
0.006783
-0.009425
-0.017694
-0.000000
-0.022529
-0.028578
-0.011864
0.004813
-0.015603
-0.013707
-0.022717
-0.001923
-0.009038
-0.006069
-0.020758
-0.004621
-0.010165
-0.004827
-0.000008
-0.010889
0.001340
-0.006960
-0.002367
0.005529
-0.006676
-0.016034
0.033130
-0.012188
-0.004372
-0.017460
-0.017007
-0.011639
0.009762
-0.014913
0.020096
-0.012794
0.001713
-0.008003
-0.007003
-0.012270
-0.008514
0.005305
0.004924
-0.012283
-0.003804
-0.006477
0.007934
-0.005531
-0.023272
0.014750
-0.025678
-0.014327
-0.016457
-0.006742
-0.006510
-0.012432
-0.021135
-0.037933
-0.015670
-0.009313
-0.022699
-0.006439
-0.021132
-0.029573
-0.005792
-0.000903
-0.000927
0.000532
0.005746
-0.003189
0.005567
-0.005397
0.017616
-0.019161
-0.020716
0.005813
-0.017172
0.000593
-0.018094
0.012185
0.000777
0.000622
-0.002217
0.020654
-0.002857
-0.001428
0.001628
0.000608
-0.018965
0.008523
0.015164
0.064477
0.002049
0.009526
-0.002756
-0.001135
-0.034024
-0.002419
-0.000100
-0.014897
-0.004151
0.044261
0.012932
-0.017397
0.050018
-0.017828
-0.009862
0.015677
0.032895
0.026348
0.003392
-0.019543
-0.005555
-0.004450
0.011817
-0.000718
0.005772
0.003642
-0.001477
0.011004
-0.002221
0.018287
-0.002417
0.046931
-0.020565
-0.019016
-0.002452
-0.017227
0.002732
-0.004171
-0.019796
-0.008572
-0.008274
0.018442
0.006304
0.000664
-0.002275
-0.016627
-0.003876
0.001447
0.010888
-0.017945
-0.002592
-0.000900
-0.048100
0.002583
0.011775
-0.011787
-0.003312
-0.018500
0.000610
-0.026998
-0.006895
-0.000867
-0.011926
-0.007751
-0.012431
0.008325
0.016882
-0.001768
-0.017479
-0.002791
-0.008961
-0.003505
-0.009147
0.000042
-0.010992
0.005367
-0.009033
-0.004493
0.015298
-0.002078
0.004591
0.002040
0.015225
-0.003647
-0.012187
-0.009335
0.062743
0.003321
-0.007598
-0.030639
-0.002498
-0.006044
-0.016869
0.025953
-0.001655
-0.036542
-0.010947
-0.047269
0.005865
-0.044369
-0.006285
0.026253
-0.017350
-0.000230
0.006314
0.000619
-0.014439
-0.005324
0.001067
-0.019320
-0.004009
-0.014738
0.036623
0.000194
-0.008407
-0.018213
0.010867
-0.008851
0.011622
-0.015461
0.048161
-0.012767
-0.025124
0.000809
-0.005062
0.009095
0.100364
-0.009165
-0.018061
0.046768
0.014414
-0.002786
-0.087141
0.004059
-0.014434
-0.013974
-0.005313
0.003767
0.067620
-0.009812
-0.008974
-0.011786
0.002448
-0.002735
-0.006707
-0.004034
-0.005086
-0.009243
0.001577
-0.014685
0.004701
0.023977
-0.036101
-0.002069
-0.008117
-0.004693
-0.003397
0.012507
-0.009511
0.019950
-0.004364
0.054092
-0.011656
-0.010033
-0.001963
0.001300
-0.003592
-0.006446
-0.004573
-0.019873
-0.003439
-0.000722
-0.015759
-0.006800
-0.007307
-0.000810
-0.013650
-0.013867
-0.005007
0.019807
-0.019022
-0.010162
0.018435
-0.069133
0.001378
0.050606
0.004179
-0.012107
-0.019694
0.006776
-0.006466
-0.027452
-0.013769
-0.001601
-0.012174
-0.006408
0.009460
-0.033176
-0.003958
-0.002965
-0.001131
0.007143
-0.014092
0.015265
-0.003435
-0.002897
-0.010909
-0.000492
-0.016944
0.065960
-0.024702
0.000737
-0.008111
-0.001408
-0.010599
-0.003100
0.013317
-0.020617
-0.000329
0.000095
0.012727
-0.000342
0.001556
0.000177
-0.017109
0.006277
0.004257
-0.018744
-0.009769
0.019231
-0.007916
0.003719
-0.018807
0.007421
-0.016777
-0.007748
0.006551
-0.018365
0.001324
-0.003840
-0.010224
-0.012491
-0.005007
-0.009188
-0.004867
-0.001559
-0.001368
-0.015752
0.008477
0.023631
-0.012864
-0.008459
0.001133
-0.008345
-0.009573
-0.006207
-0.005590
0.006753
0.002246
-0.016656
0.019149
-0.015906
-0.008625
0.012381
-0.017751
-0.003428
0.037917
-0.016955
0.003376
-0.004187
0.005118
-0.017798
0.017138
-0.008532
-0.036147
-0.006263
-0.003388
0.009037
-0.002697
-0.013951
-0.000385
-0.010400
-0.027616
0.026773
-0.024264
-0.010094
0.012679
-0.013856
-0.003639
0.067935
0.000646
-0.009920
0.000695
0.003482
0.002963
-0.001988
0.000147
-0.004091
-0.006600
-0.003244
-0.014254
-0.004464
0.012206
0.073154
0.007026
-0.007169
-0.015221
0.019242
0.013143
-0.009051
-0.013604
-0.026997
-0.001752
-0.012196
0.069935
-0.004479
0.005542
0.000675
-0.000878
-0.004461
-0.021958
-0.022945
0.011496
-0.005702
0.005058
0.000176
-0.003039
0.005042
-0.014725
-0.004453
-0.010054
-0.036160
0.001765
-0.012415
0.004525
0.007196
-0.011982
0.003684
0.003890
0.016783
-0.008146
0.002535
-0.003616
0.014448
0.019917
0.004165
-0.001426
-0.050187
0.012715
-0.005922
-0.005970
-0.014350
0.021197
-0.018589
0.080104
0.004283
-0.018661
0.043625
-0.023579
-0.020799
-0.018429
-0.003123
-0.016391
-0.001742
-0.033890
-0.009882
0.005472
-0.007104
0.004737
0.001462
-0.011564
-0.002405
0.000146
-0.004490
0.039502
-0.000306
-0.008200
0.002509
0.004318
-0.004811
0.001833
-0.005064
-0.018781
0.001645
-0.007463
0.001907
0.005729
0.010966
-0.000819
0.033217
-0.009685
0.006711
-0.046307
-0.006876
-0.007414
0.005030
-0.011563
-0.005260
-0.009740
0.007770
-0.011945
-0.008496
0.033184
0.021817
-0.016171
-0.008424
-0.022904
0.018048
-0.004847
-0.003167
-0.014012
-0.002657
-0.000605
0.003886
-0.001995
-0.015577
0.072519
0.004552
-0.001384
-0.011509
-0.000220
0.023296
-0.003964
-0.023075
-0.005819
-0.019695
-0.013584
-0.000516
0.006143
0.007576
0.025662
0.097912
-0.013465
-0.007407
-0.005522
-0.012806
-0.003543
-0.001056
0.000744
0.000565
0.001372
-0.008761
-0.020653
-0.002315
-0.021713
0.049096
-0.000417
-0.003647
0.006148
-0.009666
0.013259
-0.003968
-0.021016
-0.008425
-0.030381
-0.034657
-0.058495
0.011867
-0.040580
-0.007832
0.010654
-0.015746
0.005892
-0.001357
-0.003077
-0.002759
-0.001162
-0.008321
-0.001324
-0.001861
-0.007557
-0.028646
-0.015126
0.003211
-0.008924
-0.046692
-0.007183
-0.005846
-0.003622
0.000749
-0.022776
0.009438
0.012114
0.039189
-0.008283
0.005802
-0.001492
0.005720
0.039536
-0.003695
-0.004992
-0.011672
-0.008272
-0.017509
-0.000489
0.006449
-0.001432
0.008261
-0.003825
0.001034
-0.000825
-0.001627
-0.006698
0.003511
0.000411
0.015460
0.078784
0.010470
-0.001398
0.004491
-0.002492
-0.007705
0.006522
-0.012309
-0.003368
-0.005850
-0.007363
-0.058501
0.018364
0.049773
-0.001131
0.024820
-0.002760
-0.001960
-0.008785
-0.002206
-0.011958
-0.022420
-0.046901
0.000534
-0.017592
-0.025281
0.004370
0.003425
-0.022815
-0.017505
0.014634
-0.005394
0.026137
-0.025721
-0.017691
0.010904
-0.013123
-0.008120
-0.007534
-0.004009
0.003243
0.015170
0.036168
-0.004051
-0.031170
0.001741
-0.005553
-0.001196
-0.002776
-0.045769
-0.007107
0.004150
-0.010914
-0.006551
-0.008582
-0.010780
-0.007701
-0.025614
-0.002513
0.052571
0.000663
-0.010905
0.017936
0.046756
-0.036797
-0.023723
-0.009134
-0.000609
-0.015028
-0.013402
0.000684
-0.020760
0.003838
-0.013430
-0.013422
0.042916
-0.005553
-0.002686
0.004409
-0.004690
-0.003754
0.000456
-0.001095
0.008680
0.002710
-0.019086
-0.020571
-0.053282
0.021636
-0.005226
-0.014160
-0.016512
-0.010184
-0.005100
0.061101
-0.014914
0.001579
-0.006017
-0.008858
0.001671
-0.004726
-0.012811
0.016609
0.005816
-0.010851
-0.000456
-0.002392
-0.003383
0.010801
0.002824
-0.000136
-0.013856
0.002499
-0.007063
-0.006928
-0.015630
0.001190
-0.013833
0.007158
-0.008582
-0.015517
0.007644
-0.002489
-0.007210
0.069003
-0.013962
0.003529
-0.017900
0.016531
-0.024745
0.004920
-0.031505
0.006163
-0.010273
0.039064
-0.001733
-0.011891
-0.026682
-0.013233
-0.001878
0.014513
-0.014560
-0.024431
-0.024877
-0.011425
-0.004366
-0.010440
0.000831
-0.005295
0.005532
-0.001646
-0.015155
-0.017931
-0.002085
0.013503
-0.003661
0.000041
-0.020419
-0.009771
-0.012493
-0.004346
0.011067
-0.008205
-0.005666
0.006525
-0.017295
0.097464
-0.009379
0.084285
0.015412
-0.000370
-0.014101
0.014472
-0.003554
-0.017190
-0.008244
-0.013747
-0.004579
-0.002871
-0.005974
-0.020328
-0.002475
-0.007823
-0.002448
-0.019684
0.004791
-0.013258
-0.002673
-0.039499
-0.016171
-0.019815
-0.006592
-0.023519
-0.012258
0.005032
-0.006960
0.059586
0.001475
0.000365
0.004848
0.038659
-0.033655
0.042625
-0.008941
-0.016778
-0.002941
-0.005466
0.003213
-0.002761
-0.011801
-0.004629
0.001501
-0.001956
0.003125
0.011094
-0.000821
-0.007368
-0.028686
-0.012008
0.059622
-0.001479
-0.007395
-0.020368
-0.017970
-0.009590
0.014509
-0.013304
-0.000702
-0.008657
-0.003568
-0.025220
0.075139
-0.002066
0.029309
-0.005723
-0.010561
0.016414
0.001545
-0.036063
-0.003328
-0.003778
0.081709
0.011189
-0.000033
-0.001408
-0.000618
-0.010015
-0.004127
-0.003415
0.011489
-0.002816
0.023625
-0.025026
-0.033054
0.019284
-0.010287
0.003654
0.066739
-0.002619
0.003131
-0.000719
0.023142
-0.025292
0.039887
-0.009365
-0.018089
-0.018061
-0.015705
0.010571
-0.004568
-0.004485
-0.014471
-0.009894
0.021594
-0.003803
-0.026887
0.001715
-0.008938
0.045696
-0.015655
0.000912
0.010936
0.013890
0.001680
-0.005096
0.005941
0.003910
-0.008586
-0.010410
0.006090
-0.021402
-0.024366
0.065457
0.001197
0.006513
-0.021057
-0.008827
0.003011
-0.008519
0.000966
0.003587
0.000241
-0.005347
-0.005189
0.005252
-0.006683
-0.000865
0.011368
0.002626
-0.003517
-0.000599
0.054823
-0.000524
-0.004678
0.007441
-0.032970
-0.006392
-0.010069
0.003809
0.026663
-0.004297
-0.004445
-0.018711
0.000245
-0.006845
0.002087
-0.015380
0.004020
-0.008683
-0.002971
-0.009997
-0.007867
0.009988
-0.007708
0.004608
-0.006156
-0.004218
-0.012959
-0.007552
-0.006062
0.000327
0.013628
-0.020763
-0.005806
-0.007577
-0.002359
-0.008044
-0.003504
-0.024539
-0.008132
-0.007137
0.002810
0.007828
0.004293
-0.009554
0.011516
0.006239
0.005340
-0.014177
0.038110
-0.005773
-0.011708
-0.016797
0.011893
-0.000698
-0.014771
0.002119
-0.003835
0.006709
0.000695
0.059674
0.047378
0.031007
-0.007543
-0.015037
-0.010589
-0.015235
0.005224
-0.004399
-0.016367
-0.025097
-0.009074
-0.005738
0.007979
0.010696
-0.001704
0.027021
0.025340
-0.009380
-0.005658
-0.021148
-0.002406
-0.006651
-0.023644
-0.002570
-0.000028
0.082415
-0.002413
0.001311
-0.013521
-0.016476
0.008076
-0.002694
-0.008127
-0.007413
-0.012010
-0.007912
0.050646
-0.003487
0.000801
0.000117
-0.007672
-0.013583
-0.001514
0.011103
0.005766
-0.000680
-0.021871
0.001192
-0.001464
0.004894
0.009382
0.048022
-0.006291
-0.010641
-0.005501
-0.023204
-0.005520
0.053329
-0.004796
0.000965
0.014278
-0.014971
-0.001988
-0.014116
-0.012733
-0.000651
-0.001213
-0.010606
0.000784
-0.008912
-0.021140
-0.019410
0.010883
-0.010186
0.025194
-0.010684
0.000271
0.000633
-0.003048
-0.008890
-0.008828
-0.005107
-0.003248
-0.006958
-0.004511
0.011428
-0.002528
-0.010370
-0.017607
-0.009906
-0.029670
-0.003063
0.007218
-0.000396
-0.002347
-0.016277
0.024737
-0.015286
-0.023105
-0.007365
-0.003952
0.054074
0.001391
-0.000214
0.029110
0.068517
0.004872
-0.005263
-0.009415
-0.008547
-0.004126
0.006371
-0.006525
0.098085
-0.002833
-0.006606
0.047886
0.020406
0.010338
-0.002832
0.014645
0.008190
-0.010623
-0.006252
-0.019434
0.037732
-0.006427
-0.007192
-0.007839
0.003463
-0.013594
-0.016497
0.004041
0.010573
-0.018156
-0.001397
0.011147
0.002736
0.003999
-0.014874
-0.013850
0.009334
0.000382
-0.027152
0.005407
0.031373
0.002404
-0.013581
-0.005813
0.022473
0.038565
-0.010450
-0.002583
-0.021799
-0.010735
-0.008164
-0.012581
-0.001300
0.010833
0.001225
0.020328
-0.000900
0.001022
0.030551
0.001932
-0.004748
-0.009948
-0.014082
0.001093
-0.008010
-0.022813
-0.009464
-0.007036
-0.007372
-0.010250
-0.017205
0.008338
0.001653
-0.012017
0.013454
-0.004952
-0.000238
-0.013640
-0.009576
-0.006225
0.026187
-0.016850
-0.012821
-0.000373
0.061840
-0.005026
0.006492
0.011326
-0.008178
0.012496
0.019109
-0.017126
0.016024
0.006052
0.015667
0.091167
-0.001904
0.003546
-0.016638
-0.025795
0.001702
-0.020343
0.032114
0.004390
-0.000506
0.011149
0.045104
-0.002183
0.055654
0.025517
-0.002035
-0.003888
-0.003892
-0.010547
0.001616
-0.016688
-0.006908
0.023913
0.000028
-0.007461
-0.016601
0.034820
0.093853
-0.003118
-0.019843
-0.017032
0.004724
0.016492
0.005692
-0.025661
-0.004650
-0.006861
-0.005056
0.001392
0.001827
-0.000472
0.002911
0.036093
-0.019187
-0.033832
0.003193
-0.042706
-0.024849
-0.010043
0.104412
0.098873
0.028563
-0.031861
-0.017904
-0.003160
-0.000568
-0.007835
-0.008608
0.005080
0.010464
-0.012787
0.007315
0.007235
-0.007904
-0.022642
-0.001373
-0.007033
0.001515
-0.023003
-0.000715
-0.018472
-0.000526
-0.003267
-0.000506
-0.003132
0.046290
0.000100
0.004782
-0.008499
-0.000172
0.003206
-0.009868
0.020088
0.010042
-0.007308
-0.000199
-0.019484
0.078224
0.005637
-0.011204
0.017636
-0.003326
-0.014196
-0.014270
0.010952
0.010457
-0.006735
-0.003075
0.004805
0.005435
-0.015311
-0.004491
0.007322
-0.011877
-0.010103
0.004460
-0.023256
0.068131
-0.038151
-0.010474
0.005338
-0.012748
0.068368
-0.004489
0.001904
0.006851
-0.007288
-0.010451
0.015259
-0.004030
-0.009720
-0.039816
-0.018731
-0.001522
-0.041333
-0.011365
0.018895
0.000181
-0.016343
-0.012998
-0.021528
-0.002645
0.002346
0.004353
-0.009713
0.016196
0.001388
-0.012667
0.003061
-0.009054
-0.018455
-0.008920
-0.021822
-0.011285
-0.022288
-0.005396
0.043487
0.002350
0.008614
0.001000
0.000230
-0.006740
0.023767
-0.007138
0.002371
-0.002587
-0.009426
-0.012174
-0.004809
-0.020825
0.000795
-0.007719
-0.001043
-0.000040
-0.039580
-0.007834
-0.011076
-0.011998
0.003828
-0.009992
-0.008518
0.006708
-0.022021
0.002392
-0.003966
0.006790
-0.009300
-0.022328
-0.001829
-0.023730
0.025430
-0.019758
-0.004171
-0.007043
-0.007220
-0.000655
-0.000301
-0.010033
-0.004829
-0.007381
0.026472
0.000863
-0.015851
-0.012537
-0.000166
0.003211
-0.011832
-0.006673
0.020882
-0.021158
0.010412
0.005248
-0.007045
-0.003642
-0.005752
-0.012637
0.001429
-0.015619
-0.007119
-0.013692
-0.011610
0.001746
-0.000166
0.011474
-0.031894
-0.000248
-0.015915
0.007295
0.011185
-0.008475
-0.001926
0.102763
0.056821
-0.019270
-0.005363
-0.006559
-0.012085
-0.085072
0.009574
-0.021709
0.002855
-0.014263
-0.013094
-0.004375
0.004432
0.001774
-0.012384
-0.010166
-0.017094
-0.013269
-0.021696
0.015691
-0.018825
-0.004137
0.003278
0.002526
-0.004043
0.013352
0.013664
0.002254
-0.002878
-0.005827
-0.004835
-0.006015
-0.019447
-0.001048
0.029794
-0.019500
-0.006120
0.036383
-0.013930
0.001924
-0.020454
0.021384
-0.000834
-0.021312
-0.017139
-0.006829
-0.000443
0.018174
0.006936
-0.003173
-0.004963
0.002050
-0.029172
-0.009657
0.004772
0.001821
-0.003420
-0.026404
0.106937
-0.023117
-0.009841
-0.001918
-0.005774
-0.017106
-0.015648
0.000061
-0.012849
-0.010782
-0.004680
-0.003686
0.004242
-0.026396
0.062113
0.006970
0.072439
-0.010275
-0.008914
0.060033
-0.011644
-0.012732
-0.009924
-0.018826
-0.011995
0.006906
-0.011671
-0.018738
-0.006796
-0.011750
0.000100
-0.009441
-0.000011
-0.000932
-0.010127
-0.010192
-0.004367
-0.021107
0.040354
0.089800
0.006329
0.016157
-0.008025
-0.010211
-0.017748
-0.024641
-0.015987
0.015531
-0.007090
-0.001288
-0.009512
-0.015155
-0.007900
-0.002696
-0.000738
0.062216
-0.003340
-0.007020
-0.016053
-0.020863
0.013502
0.012627
0.006608
-0.012686
0.088305
0.009632
0.001085
-0.006351
-0.008463
-0.011364
-0.001104
0.090495
-0.008683
-0.012834
-0.001953
0.000110
-0.013804
0.053527
0.003277
0.040448
-0.025283
-0.003064
-0.002574
-0.025562
-0.001511
-0.003152
-0.004327
0.053823
0.001034
-0.003660
-0.011092
-0.002647
-0.000282
-0.014102
-0.008369
0.000072
-0.006674
0.017036
-0.033154
0.073025
0.002417
0.011985
0.013064
-0.016917
-0.004157
0.017183
-0.006370
-0.027433
-0.004134
-0.001942
-0.013236
0.003161
-0.037631
-0.025269
0.001732
0.037992
-0.015549
-0.003079
0.000419
-0.024477
-0.044002
-0.023105
-0.000018
0.000731
0.015339
-0.008014
-0.009079
-0.013478
-0.011897
-0.012176
-0.010532
-0.002530
-0.002850
-0.017262
-0.013459
0.037683
-0.004821
-0.001390
-0.004423
0.001835
-0.008932
-0.011764
-0.010832
-0.007931
-0.011282
0.009051
0.002063
-0.042974
-0.000490
-0.013686
-0.017604
-0.004314
0.019182
0.031052
0.073208
0.063817
0.005354
-0.012383
-0.004122
-0.002730
0.001267
-0.017359
-0.002722
-0.020143
-0.006800
0.000176
0.022546
-0.005475
0.005621
-0.005811
0.003989
-0.013364
0.003150
-0.048122
0.072001
-0.005101
0.001886
-0.023082
-0.029413
-0.011054
0.001214
-0.005724
0.002687
0.036136
-0.007207
-0.003018
-0.005852
-0.011867
0.010077
-0.011978
-0.007891
0.030495
0.016061
-0.010925
-0.006689
0.027248
-0.004841
0.000441
-0.000903
-0.002593
-0.006529
0.000063
0.024715
-0.012399
0.009136
-0.001785
-0.006123
-0.015016
0.080393
-0.019491
-0.006951
0.006140
-0.007512
-0.008109
-0.008572
-0.001747
-0.007141
-0.005815
0.017326
-0.007205
-0.011309
-0.011115
-0.004384
0.055420
-0.000680
0.008506
-0.013106
-0.004017
0.040292
-0.036445
0.014738
-0.005561
-0.005750
-0.002578
-0.022277
-0.002769
-0.009838
-0.016637
-0.005432
-0.009560
-0.009581
-0.006875
-0.019123
-0.017429
0.006148
-0.002196
-0.011682
-0.015481
-0.014316
0.003054
-0.016588
-0.004012
-0.014711
-0.034272
-0.002537
-0.012899
-0.004838
-0.003727
-0.006318
-0.034667
-0.005833
-0.011604
-0.003682
-0.009702
-0.001568
0.002926
-0.006400
0.011921
-0.001889
-0.009921
0.035704
-0.018653
0.009781
0.003763
-0.013941
-0.017639
-0.017415
0.004630
-0.004059
-0.000230
-0.024163
-0.008866
0.001876
-0.035857
-0.000573
0.002204
-0.027075
-0.007333
-0.011352
0.009410
-0.016977
-0.006354
-0.010917
-0.005919
-0.003297
-0.013334
0.014427
0.014518
-0.003910
0.014338
-0.004595
-0.010168
-0.003033
0.002663
-0.004473
-0.002568
-0.008041
-0.011249
-0.006134
-0.010118
-0.007281
0.001447
-0.015043
-0.019871
0.058485
-0.005155
-0.006409
-0.046772
-0.003212
-0.008270
-0.014837
-0.021335
0.001097
-0.001348
-0.011093
-0.003987
-0.010405
-0.008626
-0.006974
-0.000820
0.005820
0.138466
0.093158
-0.040884
-0.011604
0.004219
-0.001590
-0.021048
-0.008917
0.004967
-0.000635
-0.005171
0.000154
-0.010305
-0.003302
0.033295
0.016138
-0.002430
-0.008984
0.135668
0.005202
0.007822
-0.022085
-0.007882
-0.003628
0.004003
0.016430
-0.012938
-0.003611
0.058049
0.000662
0.041417
-0.001244
0.000749
0.028162
0.013325
-0.020653
-0.009544
0.003977
-0.002644
-0.001676
0.059105
-0.002209
0.000621
-0.024977
0.071044
-0.015506
-0.002353
0.059053
0.124227
0.007977
0.038386
0.024996
-0.031913
0.002461
-0.002019
-0.008423
0.001082
0.004933
0.015554
0.009926
-0.006568
-0.005966
-0.001816
-0.008405
-0.001660
-0.010337
0.012621
-0.005031
0.054010
-0.004939
-0.005594
-0.010810
-0.012217
-0.010724
0.007934
-0.013573
-0.003127
-0.004420
-0.014577
0.004403
-0.012910
0.003469
0.015413
-0.005586
0.002469
0.000626
-0.018379
-0.021297
0.002559
-0.006187
-0.006193
0.004336
-0.008979
0.005958
0.032238
0.005775
-0.002627
-0.014934
-0.016019
0.001315
0.028981
-0.009105
0.048542
-0.008946
0.022792
-0.006573
-0.010387
0.000867
-0.025593
0.024153
-0.014360
0.061440
-0.015992
-0.003739
-0.004702
-0.008385
-0.048740
-0.003333
-0.004809
0.008973
-0.003754
-0.004324
-0.006027
-0.024948
0.006556
-0.002461
0.001856
-0.006925
-0.009581
-0.007398
-0.004114
-0.008903
-0.001535
-0.001102
-0.000740
0.026929
-0.009723
-0.010429
-0.000532
0.047421
0.002552
-0.029843
-0.004936
-0.017049
-0.081118
-0.015463
-0.018123
-0.005037
0.077087
-0.009050
-0.020831
-0.014518
0.010136
-0.009402
0.006023
-0.005198
0.002571
0.023253
-0.013514
0.053418
-0.010074
0.018407
0.000092
-0.004377
0.004702
-0.024958
-0.015972
-0.002198
-0.015853
0.001725
0.008474
-0.021347
0.007496
-0.029938
-0.000628
-0.016955
-0.008242
-0.009404
0.015644
0.008630
0.010012
-0.020156
0.025785
-0.007836
-0.003279
-0.015179
-0.014125
-0.008126
0.011503
-0.015083
0.011493
0.002512
0.004761
-0.002141
0.004570
-0.003110
-0.000655
-0.014331
-0.012483
-0.005893
-0.049288
0.011074
0.003653
-0.025573
-0.007002
-0.014912
-0.008857
-0.009021
0.025822
-0.011903
0.013473
0.006542
0.003176
-0.004687
0.009775
0.047675
0.012125
0.000672
-0.004053
-0.021183
-0.004004
0.005193
-0.021957
0.009115
-0.013615
-0.017167
-0.005259
0.002561
-0.001702
-0.000079
-0.026011
-0.008145
-0.005211
-0.011929
-0.002802
-0.004519
-0.006208
-0.007355
0.032850
-0.001296
-0.032859
0.008196
-0.011947
0.022645
0.014830
0.011794
-0.000985
0.007689
-0.004259
0.010552
0.042803
-0.019878
0.000229
0.022361
0.054378
0.086232
-0.004226
0.042019
-0.007909
0.028704
-0.009876
-0.013923
-0.017249
0.001887
0.005008
0.001037
-0.008910
-0.029451
0.004336
-0.016958
-0.009754
-0.004957
-0.007529
-0.007281
-0.011984
-0.017699
-0.006965
0.032977
-0.006698
-0.009757
-0.000022
-0.010651
-0.011619
-0.006400
0.001354
-0.001949
0.000867
-0.001364
-0.003304
0.003484
-0.000933
0.015265
-0.010351
0.015595
-0.024961
-0.031287
0.006605
0.002907
0.013802
0.001496
0.014666
-0.014162
0.009764
0.051168
0.008184
-0.005010
-0.011765
-0.007557
-0.007543
0.010814
-0.016134
0.004420
-0.007969
0.014904
-0.013496
-0.004931
-0.007109
-0.006628
-0.001892
0.000490
-0.004034
-0.005114
-0.023263
0.003120
-0.003477
0.037198
-0.016916
-0.024071
0.002477
-0.003607
0.005219
0.008889
-0.003170
0.047527
-0.003771
0.010813
-0.005590
-0.012557
0.015666
-0.009525
0.007314
-0.011318
0.007079
0.001403
0.012499
0.023486
-0.004944
0.021225
0.012711
-0.004765
-0.000972
0.003018
0.064539
-0.001332
-0.006399
0.008140
-0.014369
-0.004467
-0.000491
-0.001716
-0.010161
-0.002597
0.005421
-0.025110
0.025698
0.002142
0.008913
0.005595
-0.000582
-0.014505
-0.000256
-0.007365
-0.016158
-0.011575
-0.004791
-0.000003
-0.009812
-0.019449
0.048975
-0.009925
0.009686
-0.005365
0.028160
0.040841
-0.006346
-0.005414
-0.009838
-0.003817
-0.035976
0.015404
-0.004489
0.001399
0.019344
-0.008739
-0.023909
-0.008985
0.007807
-0.000491
-0.010167
0.014003
0.000214
0.006545
-0.004312
-0.001438
-0.044853
0.032553
0.099209
-0.010931
-0.001463
-0.015521
0.001518
0.002391
0.036480
-0.020223
0.010293
-0.001249
0.014412
-0.003069
-0.022802
-0.005979
-0.015185
-0.025818
-0.008342
-0.010816
-0.004833
0.003837
-0.012765
-0.019269
-0.016088
-0.001362
-0.010639
-0.000172
0.010421
-0.001779
-0.003480
0.008690
-0.032817
-0.021473
0.001215
0.012119
0.065987
-0.009139
-0.030472
0.074343
0.034157
-0.000121
-0.020826
0.098566
0.012178
-0.007043
-0.003733
0.005755
-0.005255
-0.020619
0.002859
0.007067
-0.013153
0.010086
-0.009330
-0.004051
-0.005234
-0.016188
0.084845
-0.011452
-0.000421
0.000363
-0.011736
-0.013782
0.002982
-0.009605
0.003018
-0.008126
-0.005828
-0.008923
-0.014794
-0.022722
0.004241
-0.010979
0.017555
0.002653
-0.014323
-0.008911
0.026532
0.012364
-0.006769
0.001741
-0.004034
0.006436
-0.046095
-0.000279
-0.003005
0.001151
-0.017681
-0.006732
0.004230
0.009585
0.136707
-0.001576
0.009294
0.010028
-0.012488
-0.005407
-0.004475
0.004944
-0.021430
-0.010838
0.009570
0.064365
0.021807
-0.007404
-0.001362
-0.024339
-0.006769
0.004787
-0.014840
-0.010729
-0.016124
-0.004464
0.004430
-0.016724
-0.026280
-0.009050
0.044991
0.000429
0.006665
0.006551
0.013950
-0.001496
-0.005124
0.002536
-0.040011
0.073311
0.027853
0.001065
-0.015928
0.054519
-0.010466
-0.007298
-0.011132
0.003593
-0.024245
0.003946
0.025169
-0.005550
-0.021330
0.001801
-0.016552
-0.014265
0.072212
-0.000536
-0.022209
-0.025552
-0.007193
-0.011227
-0.005370
-0.028481
-0.014177
-0.005962
0.010949
-0.000405
0.006181
0.002596
-0.005116
-0.013317
0.000415
-0.003038
-0.004694
0.000165
-0.000180
-0.001696
-0.002125
-0.010426
0.007394
0.015226
0.004969
-0.001438
-0.008515
-0.013288
-0.010000
0.024007
-0.017376
-0.030841
0.004511
-0.004565
0.051266
-0.009266
-0.000803
0.003483
-0.010537
-0.000603
0.001024
-0.008695
0.014420
-0.009589
-0.002940
-0.006405
-0.000779
-0.000509
0.005646
-0.038030
0.000374
0.013089
-0.016863
-0.005210
-0.008098
0.009015
-0.005908
-0.006592
-0.012835
-0.000760
-0.001074
-0.012728
-0.006585
-0.014194
-0.005233
0.002629
-0.003272
-0.020955
-0.004349
0.004970
0.004168
-0.000918
-0.003744
-0.012748
0.003721
-0.028517
-0.008443
0.019742
0.014627
0.008275
-0.000513
-0.022212
-0.008185
0.000373
0.001457
0.001565
-0.015710
-0.017092
-0.007062
-0.009547
0.029439
-0.000409
0.149084
-0.010044
-0.003442
-0.008143
-0.004714
0.003393
-0.013300
-0.012379
-0.023406
0.041680
-0.006919
-0.000973
0.004234
-0.008320
-0.032132
-0.009734
0.001993
0.022813
-0.013350
0.001761
-0.014637
0.015451
-0.008557
-0.000923
0.022711
-0.004688
0.001122
-0.004799
0.005632
0.001264
0.005777
0.036596
-0.001390
-0.061288
0.015859
-0.011464
-0.004905
0.013943
0.061027
-0.006930
-0.013079
0.004724
0.085882
0.017669
0.002320
-0.019060
0.012786
0.041662
0.001056
0.011048
-0.002124
0.006586
-0.009324
-0.000475
-0.008806
-0.003415
-0.011382
-0.027836
0.035809
-0.016932
-0.019740
0.000421
0.001876
-0.005680
-0.018053
0.044101
0.012246
0.008875
0.006657
-0.004677
-0.012283
-0.000628
-0.002623
0.003403
0.000797
-0.002907
-0.000714
-0.001034
0.006078
-0.012896
-0.001578
-0.015040
-0.001858
-0.000375
-0.007743
0.003093
-0.002401
-0.018453
0.004617
-0.029105
-0.003418
0.022483
-0.010726
0.010751
-0.009411
0.002879
-0.017957
-0.011093
-0.007994
-0.018102
-0.010040
0.046240
-0.001007
0.012328
-0.003333
-0.003885
0.001303
0.001178
0.009900
-0.014677
-0.002389
0.002100
-0.015666
-0.015185
0.007089
0.012275
0.016800
0.001785
-0.003790
0.036985
-0.000886
-0.020778
0.008369
-0.014504
0.025192
0.004696
0.036645
0.041636
-0.005447
-0.005698
-0.009685
-0.001865
-0.004848
0.000654
-0.020062
-0.001021
-0.009314
0.004590
-0.020429
-0.055727
0.002041
0.009776
0.102341
-0.004389
-0.009786
-0.013196
-0.000479
-0.020145
-0.034867
0.021314
-0.010499
-0.016636
-0.013015
-0.003342
-0.010679
-0.005199
0.007839
-0.014705
-0.020145
-0.006324
-0.031363
-0.002376
0.002765
-0.010967
-0.027138
0.003303
-0.010213
-0.007075
-0.024963
-0.000111
0.034849
-0.020962
0.101308
-0.010158
0.000929
-0.020575
-0.040994
-0.008382
-0.006292
0.003831
-0.001834
0.046613
0.006942
-0.006423
0.009465
-0.012832
-0.012730
0.012641
0.023781
-0.016043
-0.005831
0.012490
-0.012095
0.001495
-0.016111
0.001644
-0.000131
0.005405
-0.014830
0.008671
0.002571
-0.003770
0.035441
0.027689
0.002248
-0.015780
0.042996
-0.006435
-0.007809
-0.003753
-0.016624
-0.002315
-0.057765
-0.014724
-0.014329
0.005939
0.000124
-0.029503
-0.004235
-0.014964
0.000823
0.046317
-0.012300
0.000504
0.030308
0.000073
-0.006465
0.005713
-0.003689
0.001554
0.011428
-0.005271
0.005812
-0.020573
-0.001022
0.003942
0.023896
-0.002445
0.063403
-0.013907
0.002185
-0.004335
-0.015945
-0.008126
-0.000885
-0.001249
-0.008404
-0.017999
-0.019464
0.002575
-0.006761
-0.009290
-0.017920
-0.008909
0.029250
0.004777
0.019683
-0.004925
-0.010689
0.030659
-0.015125
0.013358
0.004839
-0.010916
0.008667
-0.015540
-0.010978
0.005299
-0.039476
-0.003416
-0.001425
-0.020005
-0.001875
0.000547
0.000912
0.027966
0.005947
0.016199
0.001684
0.078597
-0.017681
-0.012691
0.072109
0.017090
-0.030492
-0.015174
0.001089
0.004040
-0.029484
-0.002539
-0.005202
0.002149
-0.034206
-0.000789
-0.006175
-0.012440
-0.003396
-0.005744
0.000791
0.034176
0.024120
-0.007599
-0.005675
-0.003839
0.000599
0.008801
0.011703
-0.015763
-0.000389
0.007135
-0.015220
0.037400
0.003290
-0.006623
0.003891
0.003335
-0.003237
-0.004713
-0.008727
-0.011558
-0.015475
-0.009802
-0.017993
-0.007724
-0.004077
-0.003784
-0.005442
0.129484
-0.005324
-0.027743
-0.004881
-0.016831
0.022043
0.010959
-0.000755
0.008949
0.004148
0.008731
0.007876
0.011021
-0.000125
0.012984
0.002139
-0.002042
0.004264
-0.004957
0.003706
0.010177
0.010704
-0.026008
0.004651
-0.022218
-0.009260
0.044528
0.089346
0.020092
-0.023924
-0.022769
0.000573
-0.004330
-0.006130
-0.025957
-0.005715
0.013576
0.024525
-0.017058
0.007822
0.000920
-0.004020
0.022331
-0.015102
0.008542
-0.000436
-0.002845
-0.020572
0.017098
-0.020306
-0.026478
-0.014311
-0.033480
-0.004849
-0.009355
0.018839
-0.004430
0.025803
-0.028544
0.001251
0.001534
0.003407
0.010263
-0.012771
-0.013625
0.002177
0.028317
0.063873
-0.029220
0.000492
0.017813
0.001492
-0.012970
-0.020693
-0.017591
-0.007029
-0.011164
0.004423
0.019186
0.004146
-0.027290
-0.019956
-0.025325
0.012588
0.023901
-0.016993
-0.000213
0.059756
-0.001125
-0.005845
-0.005518
0.000018
-0.003484
-0.009737
0.032874
-0.020150
-0.000209
0.006613
0.067987
0.002188
-0.003491
-0.013423
0.003745
-0.000895
-0.005199
0.015452
-0.003952
-0.012166
-0.006585
-0.000925
-0.014389
-0.004512
0.108139
-0.001387
0.002334
0.032535
-0.016375
0.001661
-0.003748
-0.016382
0.010848
-0.029517
-0.000570
0.103499
0.000127
0.027475
-0.003470
-0.010781
0.000242
0.009319
-0.004069
0.000202
-0.006095
0.008441
-0.002525
-0.006953
-0.006114
-0.005843
0.006308
-0.010545
-0.001079
-0.021056
-0.008111
-0.025118
0.044415
-0.000054
-0.002766
-0.011472
-0.014071
-0.005129
-0.007255
0.038637
-0.016532
0.070417
-0.004968
0.002654
-0.001702
-0.005097
-0.000974
-0.003156
-0.009360
0.005229
0.126149
-0.006094
0.023946
-0.012761
0.009780
0.001417
-0.003917
-0.019831
-0.017038
-0.003683
-0.013159
0.005562
0.077682
0.006806
0.005746
-0.005485
0.002360
-0.015745
-0.005744
0.002737
0.041888
-0.008897
-0.003984
-0.008555
-0.024430
-0.021348
-0.021530
0.001832
-0.010849
-0.008035
0.010149
0.035950
-0.012982
0.067243
-0.012049
-0.018166
0.007256
0.007438
0.010231
-0.007191
0.008549
0.004402
0.005445
-0.011896
-0.019310
-0.001637
-0.040198
-0.016711
0.000778
0.000545
-0.007499
-0.008853
0.005992
-0.000005
-0.000816
-0.014975
-0.003040
-0.023091
-0.005270
-0.000792
-0.001267
-0.000506
-0.007948
0.007047
0.002893
0.006894
0.000589
0.000805
-0.015824
-0.003790
-0.003848
0.014766
-0.008046
0.013331
0.068821
-0.002970
0.004885
-0.003307
0.005254
-0.006132
-0.000616
0.006539
-0.016843
-0.009581
-0.004551
-0.001495
-0.017263
0.005112
-0.022058
-0.007267
-0.023340
-0.007495
0.006777
0.000938
0.032735
-0.005279
-0.003416
-0.010646
-0.000251
-0.003781
-0.017422
-0.002891
-0.019469
-0.016063
0.000723
0.000208
-0.002436
0.001929
-0.003746
-0.004214
-0.009182
0.001692
-0.015140
-0.001368
-0.011823
0.002754
-0.003747
0.002570
-0.016193
0.017939
-0.010052
-0.008343
-0.002346
0.002545
0.010961
0.004497
-0.010277
0.043270
-0.021332
-0.000420
-0.003536
-0.001868
-0.023338
-0.004768
-0.016521
0.059281
-0.005612
-0.000351
-0.015175
-0.005505
-0.003458
-0.022060
0.036515
-0.012996
-0.021979
0.006366
-0.019417
-0.025086
-0.011205
-0.006394
-0.016714
-0.003114
-0.000096
0.042515
0.001589
0.055325
0.002433
0.002450
-0.019050
0.028533
-0.025069
0.005996
-0.005009
-0.008543
-0.006657
0.018427
-0.018238
-0.021300
-0.012542
-0.016993
-0.006245
0.003314
0.003966
0.006952
-0.003983
0.001913
-0.006988
0.010928
0.005414
0.000602
-0.003575
-0.028285
0.082779
0.030793
-0.000868
-0.016855
-0.007328
0.000539
-0.003910
-0.009581
-0.006367
-0.003262
-0.007583
0.000244
-0.018724
0.051778
-0.035529
-0.016447
-0.011231
0.003022
0.048362
0.040794
0.057292
-0.009914
-0.001355
-0.003681
-0.006161
-0.003948
0.004008
0.000333
-0.001490
-0.006362
-0.011086
0.010247
-0.016858
0.018669
0.053670
-0.014570
-0.033807
0.007995
0.005671
0.006106
-0.001454
0.000211
-0.015804
-0.012033
0.009624
-0.001136
-0.005417
0.044247
-0.016093
-0.012763
-0.007320
-0.006403
-0.027119
-0.000222
0.033799
-0.001472
0.002741
-0.000274
-0.000385
0.002875
0.027873
-0.008937
0.000757
0.055963
0.032002
-0.010191
-0.017252
-0.007908
0.000674
-0.007769
-0.009805
0.002603
0.000673
-0.006568
0.002548
0.016219
0.000147
0.008927
-0.008482
-0.001252
0.000325
-0.011437
0.005917
-0.006823
0.057358
-0.008740
-0.014312
-0.002843
0.005411
0.098738
0.054150
0.003004
-0.026617
-0.040823
-0.003853
-0.032181
-0.011840
-0.000810
-0.000616
-0.007777
0.000191
0.000062
-0.005083
0.007826
-0.007067
-0.018766
0.033365
-0.008327
-0.021699
0.002122
0.000298
-0.012818
0.010522
0.110767
-0.023138
-0.010129
-0.002421
-0.014787
-0.013122
-0.023297
-0.019237
-0.001058
-0.008288
0.004753
-0.007006
-0.000347
0.006723
0.000589
-0.013884
-0.002597
-0.026303
-0.003125
-0.014776
0.001623
-0.001939
0.020079
-0.007592
-0.003487
0.000795
-0.005579
-0.002381
0.001880
-0.004405
-0.007973
0.012275
-0.007792
-0.025756
0.002233
-0.016495
-0.009101
-0.005718
0.004513
-0.001501
0.001326
-0.000720
-0.003326
0.010325
-0.023495
-0.012446
-0.002255
-0.010217
-0.014944
-0.004818
0.005989
0.000969
-0.000550
0.001561
-0.007919
0.049603
-0.009296
-0.012241
-0.002322
0.001610
-0.029059
-0.008463
-0.000893
-0.014399
0.015961
-0.013704
0.003035
0.002925
0.085655
0.010863
0.000541
-0.000678
0.002287
-0.000117
-0.001940
-0.005740
-0.003054
-0.023175
-0.006911
0.001926
-0.001483
-0.001413
0.086057
0.081362
0.000045
-0.001178
0.000554
-0.001359
-0.000301
-0.002362
0.000361
-0.009937
-0.002285
0.000056
0.008182
-0.002713
0.009151
-0.038108
-0.016139
0.001796
-0.017936
-0.011570
-0.001072
0.001861
-0.007916
-0.002310
0.000591
-0.003872
0.001511
-0.010106
-0.019406
-0.010310
0.003152
0.009770
-0.012677
-0.000055
-0.017902
0.005602
0.003060
-0.001717
0.015340
0.000971
-0.008558
-0.011439
-0.005428
0.012130
0.002214
-0.000755
-0.000688
0.003501
-0.000006
-0.006806
0.021499
0.001352
0.070988
-0.001542
-0.009160
-0.000134
0.002978
0.021348
-0.005937
0.002814
-0.013646
-0.013810
0.003782
-0.002806
-0.012004
-0.001367
-0.006799
-0.002037
0.006705
0.020314
-0.003681
0.001960
0.003594
0.018648
0.002222
-0.011263
0.004892
-0.003906
-0.002674
-0.009008
-0.000361
-0.005872
-0.002554
0.020333
0.009955
-0.004382
-0.013014
-0.001496
0.004190
-0.000057
-0.002377
0.002708
0.000662
-0.013087
-0.010953
-0.005658
-0.004804
-0.009719
0.010348
-0.003775
0.003705
-0.000442
-0.001090
0.002270
-0.001678
-0.001286
0.001443
0.000496
0.006181
-0.009081
0.002748
0.024073
-0.005881
-0.000810
-0.002795
-0.008983
0.007852
0.005283
-0.000413
-0.001819
-0.013922
-0.004095
-0.012427
0.015283
0.000515
0.003937
-0.003060
0.004586
0.011616
-0.009416
-0.005251
0.017784
-0.000433
-0.016321
0.013160
-0.003348
0.000480
0.000813
-0.005956
-0.002165
0.007881
-0.004312
0.000201
0.001763
0.004845
-0.003589
0.000536
0.000219
0.003304
-0.013020
-0.012410
-0.003979
-0.006812
-0.004490
0.000649
-0.000884
-0.008923
-0.010885
0.035042
-0.000054
-0.002013
0.000730
0.000942
-0.000169
-0.019944
0.001464
0.002893
0.000620
-0.008390
-0.013123
0.000996
0.000294
0.086489
-0.015885
-0.000414
0.006891
-0.002561
0.021892
-0.007615
-0.009526
-0.003485
-0.009965
-0.016607
-0.003043
0.001912
-0.000801
0.013678
-0.017866
-0.013078
0.007743
-0.012828
-0.017525
-0.000270
-0.003562
-0.001086
-0.008547
-0.012351
-0.016379
-0.003711
-0.006222
-0.005316
-0.006101
-0.008233
-0.004851
-0.001933
-0.020139
0.015810
-0.009392
-0.021562
-0.013804
-0.002287
-0.001396
-0.007352
0.047322
-0.002531
-0.005843
-0.013272
0.000417
0.004437
0.007280
0.005529
-0.006683
0.021605
-0.008627
-0.002993
0.000785
-0.001944
-0.000390
0.002852
-0.001054
-0.004488
-0.000984
-0.016964
-0.003365
0.003464
-0.010402
0.004371
-0.006326
-0.001689
-0.004078
-0.007442
0.019466
0.003055
0.061040
-0.013867
-0.025056
0.007084
-0.002407
-0.008472
0.010068
-0.019591
0.009793
0.004385
-0.016318
0.008571
-0.013721
0.002283
-0.012612
-0.010899
-0.000624
-0.007285
0.014127
0.034265
0.013881
-0.020390
0.006543
0.001248
-0.012850
-0.005068
0.026144
0.041308
0.003193
-0.016980
-0.004570
0.002429
0.042364
0.004874
-0.006199
0.061526
-0.019870
-0.011910
0.020090
0.025641
0.047547
0.032537
-0.017737
-0.022478
-0.002195
0.002232
0.000076
-0.008395
-0.015471
-0.024309
-0.028438
0.111446
0.065567
0.069550
0.014673
-0.003562
0.004490
-0.000935
-0.007693
-0.000968
-0.016436
-0.023412
-0.011385
-0.009919
-0.007426
-0.002674
-0.005638
0.010283
0.017062
-0.010811
0.005823
0.003949
-0.003624
-0.019750
-0.003288
-0.002250
-0.007212
0.005470
0.014432
-0.002295
-0.012324
-0.002833
-0.002455
-0.005300
0.002519
0.009199
0.012391
-0.003557
0.002446
-0.002307
-0.005434
-0.007518
-0.009001
-0.007752
0.001228
-0.004937
0.033765
0.003665
0.007172
0.023995
0.052353
0.076386
-0.004365
0.047638
0.004425
0.000830
-0.017607
-0.001226
-0.019928
-0.009401
0.009378
-0.014094
-0.002756
-0.001468
-0.022575
0.003378
-0.021179
-0.003669
-0.015199
-0.002530
0.001665
-0.007763
0.005613
0.003945
-0.003953
-0.005321
-0.003592
-0.005261
0.004919
0.003442
-0.002319
-0.006540
-0.001277
0.058171
-0.004364
0.006215
0.001825
-0.000213
-0.021501
0.000325
-0.001697
-0.004744
0.000109
-0.012223
-0.009582
-0.001072
-0.006907
-0.005680
-0.003703
-0.005479
0.004482
-0.002330
-0.007955
-0.003040
-0.003797
0.014420
-0.003927
-0.003505
-0.008371
0.002584
-0.017332
-0.004240
0.065036
0.005053
0.047935
-0.001801
0.009554
-0.014498
0.000256
-0.006497
0.009472
-0.003727
-0.000715
-0.000391
-0.001453
-0.006365
-0.006567
-0.002305
-0.016549
-0.002264
-0.000568
0.000963
0.033272
0.006253
-0.006942
0.002777
0.001084
-0.003194
0.028972
-0.000545
-0.003354
0.001752
-0.033671
0.000423
-0.006401
0.001363
0.137838
-0.000504
-0.004648
-0.002147
0.000332
-0.004373
-0.012061
0.007496
-0.001218
0.000625
0.037395
0.023219
-0.005048
0.000894
0.056346
-0.008972
0.059193
-0.013925
0.002879
0.004853
0.015094
-0.002171
-0.016411
-0.002655
0.004496
0.003213
0.001603
-0.011985
0.010134
-0.000663
-0.008181
0.006446
0.003827
0.009882
-0.003012
0.001655
