-0.000000
0.006298
-0.004214
-0.013573
-0.008600
-0.000293
0.085726
-0.032868
0.008276
-0.015310
-0.004502
-0.024332
0.002295
-0.010594
0.010395
-0.003878
0.009252
-0.002094
-0.015649
0.001377
-0.010271
0.042503
-0.041684
-0.007165
-0.002109
0.003435
-0.002393
0.022057
0.012396
-0.008427
-0.014156
0.000167
-0.008454
0.032809
-0.020765
-0.010216
0.055242
-0.026213
-0.010276
-0.003786
0.030192
-0.002502
0.015553
-0.022568
-0.002442
-0.005392
0.007300
0.005704
0.021508
-0.004382
0.028546
-0.026573
-0.001194
-0.003739
0.002876
0.019217
-0.009286
0.002448
0.009339
-0.003216
-0.002743
0.000016
-0.011293
0.063100
0.008431
0.055361
-0.017625
-0.028352
-0.009954
-0.002185
0.059419
0.001562
0.039116
0.015726
-0.006900
-0.018001
-0.023047
-0.016675
0.071153
-0.015539
0.002732
0.001616
-0.006519
-0.027179
-0.015915
0.079114
-0.003881
0.004174
-0.020309
-0.004400
-0.011167
0.054418
-0.008247
-0.001873
0.099523
-0.001492
0.005020
-0.006005
-0.005482
-0.011882
-0.017003
-0.003403
-0.023752
-0.010558
-0.010679
-0.002584
0.002732
-0.031408
0.003372
0.005627
0.017518
0.007296
-0.016382
-0.015401
-0.029510
-0.014907
-0.001023
-0.003279
-0.045749
-0.012799
-0.028258
-0.004685
-0.028908
-0.028763
0.028019
-0.018069
0.074067
-0.016341
0.085765
-0.006975
-0.023681
0.065903
-0.024237
0.008620
-0.012409
-0.011911
-0.048176
-0.023119
0.027531
-0.008256
-0.016237
0.025266
-0.021792
0.015857
-0.006528
-0.015753
0.003939
-0.008271
-0.023261
-0.015338
0.003882
0.002405
-0.014328
-0.006904
0.058445
0.030353
-0.013736
-0.007772
0.005887
-0.006671
-0.007103
-0.006324
0.061195
0.002795
0.000075
0.009296
-0.013588
-0.006110
-0.020960
-0.006863
-0.000051
0.001522
-0.030274
-0.019540
-0.012781
0.058982
0.033403
-0.019249
0.056762
-0.022306
-0.051793
0.003471
0.017292
-0.012119
-0.012125
-0.012671
-0.013451
0.029539
0.056762
0.002125
-0.003984
0.003692
-0.013876
0.004852
-0.001903
0.004453
0.021409
-0.000842
0.052831
0.002563
-0.012810
-0.017531
0.012368
-0.031653
0.001742
0.000088
0.014479
-0.015301
-0.016816
-0.026397
0.010644
0.011361
-0.025745
0.004167
-0.017909
0.008116
0.040599
-0.007576
-0.019045
-0.006159
0.052657
-0.012194
-0.009719
0.013814
-0.033465
0.003640
0.004711
-0.010524
-0.006478
0.000053
-0.000342
-0.006061
-0.030676
-0.020966
0.005148
-0.007866
0.078895
0.006063
-0.000953
-0.016905
-0.007789
-0.021646
-0.001819
-0.016134
0.127857
-0.002462
0.004286
-0.003626
-0.016034
0.005091
-0.006648
-0.023628
-0.008903
-0.011697
0.000906
0.026741
-0.009732
-0.006801
0.005623
0.003145
0.004522
-0.006216
0.049642
-0.057137
-0.010211
-0.008075
0.009550
-0.026518
0.011089
0.001453
-0.001755
0.006462
-0.016346
0.002590
0.066245
-0.005067
-0.017814
-0.021242
-0.008207
0.001355
-0.005416
0.002737
0.001117
0.006377
-0.007465
0.044445
-0.007357
0.004176
0.001269
0.003627
-0.013390
-0.001881
-0.002195
0.002960
-0.006371
-0.012970
0.000085
0.000953
0.003023
-0.010805
-0.008132
0.005056
0.003491
0.034366
-0.009952
-0.008932
0.001119
0.039567
-0.025060
-0.010929
-0.011208
0.042256
0.058772
-0.012568
-0.007827
0.010185
-0.006468
-0.005663
-0.019797
0.001978
0.014738
-0.008620
-0.009207
0.020571
0.029851
0.002272
-0.010223
0.000299
-0.011200
-0.000529
-0.001810
-0.039268
-0.003315
-0.004484
0.009013
-0.020322
-0.001361
-0.017534
-0.004910
-0.031540
-0.006943
-0.005182
-0.015377
-0.011443
-0.015480
-0.017869
-0.006248
-0.015677
-0.040376
0.008793
0.026530
-0.006368
0.029877
0.150700
0.087912
-0.004613
-0.011671
-0.015980
-0.009493
-0.005125
-0.000617
0.001701
0.052105
-0.017156
-0.015100
0.041235
-0.019446
-0.012857
-0.013748
-0.032085
-0.006913
-0.012285
0.020588
-0.021668
-0.016309
-0.023424
-0.017476
0.009321
0.012404
0.012165
-0.003312
-0.009703
0.044557
0.028283
-0.049480
0.001734
-0.001732
-0.015437
-0.010502
-0.015751
0.053897
0.007939
0.019422
0.004740
-0.010701
0.017208
-0.002391
-0.004407
0.019300
-0.010388
0.001231
0.008358
-0.004893
0.007128
-0.004363
0.001786
-0.004389
-0.004683
-0.000033
-0.003940
-0.018625
-0.005300
-0.008083
-0.004777
-0.005759
-0.009700
0.002325
-0.001542
-0.002856
-0.001390
-0.002750
-0.020772
0.001631
-0.003842
-0.006509
-0.006480
0.004387
-0.012584
0.006512
-0.001333
-0.011026
-0.005085
0.020241
-0.005532
-0.008450
0.012649
0.041096
0.009153
-0.007424
0.001579
-0.012238
0.030894
0.006219
0.042946
-0.014723
0.005673
-0.004143
0.001323
-0.007546
-0.009327
-0.017629
-0.005740
-0.008273
0.008652
0.015025
-0.035024
0.036771
-0.013808
0.028884
0.022050
-0.009770
0.004856
-0.010347
-0.022833
-0.005023
0.011760
-0.008585
0.024021
0.056128
0.021026
-0.015285
-0.002740
-0.000259
-0.011927
-0.001782
-0.007709
0.004241
0.117216
-0.003830
0.027957
-0.042870
-0.005979
0.027230
-0.027665
0.008144
0.066229
-0.016073
0.001055
0.021180
0.018807
0.000545
0.001326
-0.004133
-0.004875
0.010486
0.005760
0.077809
-0.022396
-0.008361
-0.008978
0.002180
-0.003481
0.001055
-0.006200
0.006408
0.000363
0.010601
-0.004523
-0.002082
0.003939
0.011850
-0.005147
0.004475
-0.015275
-0.033034
0.006811
-0.016199
-0.032643
-0.016836
-0.014368
0.013981
-0.010165
-0.020758
-0.004727
0.000081
0.012764
-0.003488
-0.023049
0.010004
0.004576
-0.002633
0.001483
0.001585
-0.000869
-0.002019
-0.010268
-0.010741
0.004694
-0.020762
-0.002876
0.011856
-0.014577
-0.020946
-0.042126
-0.002113
-0.001207
0.001072
0.105799
-0.020119
-0.011105
-0.024970
-0.022833
-0.020640
0.005895
-0.007586
-0.009362
-0.003160
-0.000091
0.032586
-0.000557
0.022978
-0.023770
0.104669
0.031954
-0.012894
0.000722
0.009538
0.010879
-0.019699
-0.008345
-0.004229
-0.010805
0.002045
-0.013892
-0.013950
-0.012482
0.000791
-0.010989
0.012629
-0.000931
-0.006233
-0.007108
-0.018468
-0.024090
-0.008137
0.011474
-0.007857
-0.017563
-0.002901
0.008125
-0.003397
-0.003340
-0.005504
0.017666
0.007931
-0.003245
-0.035615
0.065098
-0.025852
-0.005016
0.065587
0.015295
0.005722
-0.010690
-0.022233
0.004748
-0.008714
-0.003601
0.002601
-0.005980
0.003883
-0.007697
-0.010580
-0.012151
-0.001548
-0.008676
-0.001836
-0.011151
-0.022504
-0.017257
-0.004952
0.017192
-0.012223
-0.000301
-0.012365
-0.003236
0.011957
0.006589
-0.012793
-0.005026
-0.015881
-0.007034
0.004643
-0.008135
-0.007251
0.004513
-0.017216
-0.001224
0.040745
0.025580
-0.010346
0.000663
-0.014060
-0.013118
0.004084
0.013747
-0.045141
-0.041691
-0.004925
0.009072
-0.014272
-0.011664
-0.023100
-0.000214
0.000138
-0.000825
-0.009568
0.003973
0.011181
-0.006684
-0.010097
-0.001941
-0.011309
-0.000979
-0.008378
0.013562
-0.003405
-0.004278
-0.009699
-0.005057
0.001535
-0.001866
-0.004774
0.000964
0.013929
-0.003781
0.040253
0.002598
-0.007122
-0.002153
-0.006835
0.065946
0.009239
0.004494
-0.006048
0.036565
-0.012938
0.001307
-0.017125
-0.007061
-0.002432
-0.007493
-0.005738
-0.007592
-0.003896
-0.011982
-0.014926
-0.004522
-0.017266
-0.007338
-0.004761
-0.007759
0.015232
0.002771
-0.009447
-0.016402
-0.000126
0.038255
-0.003144
0.003502
-0.002889
0.038319
-0.023291
0.042036
0.000540
-0.009089
-0.008292
-0.007078
0.003062
0.009812
-0.005127
0.005784
0.000859
0.004352
0.011804
0.008117
0.005697
0.000100
-0.004203
-0.014307
0.033351
0.004720
0.018210
0.039017
-0.021483
-0.017514
-0.004689
-0.015705
0.001140
0.000072
-0.013926
0.003320
-0.009152
-0.029246
-0.001575
-0.015842
-0.012657
-0.005406
-0.013109
0.054437
-0.032816
0.030104
-0.004856
-0.015927
-0.006506
-0.001970
-0.004364
-0.007688
0.004434
0.004184
-0.001741
-0.012620
0.002348
0.006551
-0.005076
0.003723
-0.002760
-0.017298
0.001523
0.092631
-0.014397
-0.005646
-0.050628
0.001880
0.009036
-0.007495
-0.024058
-0.019123
-0.022806
0.006503
0.080062
-0.000123
0.025283
-0.001657
-0.009346
0.005238
0.006569
-0.000562
0.003666
0.035617
0.026645
0.003962
-0.011852
-0.022284
-0.000192
-0.012349
0.089660
-0.031572
0.001406
0.001755
-0.008313
-0.021894
-0.025632
0.002839
-0.045144
0.024586
-0.017893
0.003883
-0.021670
0.002114
-0.002669
0.000928
-0.013884
-0.018532
-0.003764
-0.002913
-0.004157
-0.008406
0.015216
-0.006607
-0.016228
0.026616
0.004233
0.002336
0.005776
-0.005835
-0.002146
0.003480
0.002014
0.025909
-0.027198
0.016499
-0.031138
0.044999
-0.004930
0.008335
-0.006115
0.082640
-0.005280
-0.000811
0.004327
-0.010659
-0.013500
0.005967
-0.002305
-0.006902
-0.002156
0.003324
-0.014786
-0.002505
0.001039
0.002592
-0.003631
0.007262
-0.000032
0.010927
-0.001079
0.003010
0.010873
-0.051242
-0.007796
0.000612
0.005224
0.003295
-0.010571
-0.024561
-0.003516
-0.014151
-0.009705
0.001988
-0.018018
0.003252
-0.004420
-0.002300
-0.025547
0.001105
-0.000105
-0.001255
-0.001558
-0.009903
0.006085
-0.047008
-0.000249
-0.002766
-0.011006
-0.009972
0.027621
-0.002567
-0.016631
0.023896
-0.002945
0.001975
-0.004282
-0.002143
0.005331
0.167639
0.044210
-0.007451
-0.003973
-0.006435
-0.000627
-0.006469
-0.008005
0.005699
0.055325
0.006129
-0.017383
0.014687
-0.012337
-0.005658
0.044987
0.007598
-0.003394
-0.013400
-0.015222
-0.032927
-0.001786
-0.011904
-0.006757
0.013483
-0.034422
0.068671
-0.002179
-0.011679
-0.022700
-0.000193
0.001807
-0.007590
-0.000650
0.085501
-0.023566
-0.004739
-0.003958
0.005552
0.002993
-0.001166
-0.001342
-0.017055
-0.008920
0.003227
0.001507
-0.013321
0.000066
-0.001513
-0.013639
0.008393
-0.004711
-0.002194
-0.002423
-0.003869
0.005760
-0.002886
0.002482
-0.011134
0.045232
0.056733
0.000553
-0.012051
-0.006145
0.002357
-0.005531
0.000113
0.005871
-0.040356
-0.005644
0.003012
-0.005322
-0.003766
-0.006108
-0.019287
-0.017153
-0.019761
-0.011858
-0.007212
0.006174
0.005994
0.008666
0.001708
-0.002448
-0.014312
-0.009526
-0.057735
0.002464
-0.003983
-0.017622
0.008709
-0.017708
0.023332
0.028486
-0.011211
0.002665
0.007851
0.000395
0.006499
0.008120
-0.001664
0.059631
-0.015114
-0.000582
-0.001310
-0.005287
0.000241
0.006565
-0.017805
-0.014917
-0.000066
-0.005859
0.018476
-0.009091
0.015401
-0.001183
0.061776
-0.022460
0.006655
-0.023965
-0.012942
0.063177
0.006707
0.006785
-0.007357
-0.006340
-0.000040
-0.016218
0.039904
0.001985
0.000595
-0.015000
0.114334
-0.010003
-0.011041
-0.009825
-0.008356
-0.027669
-0.009625
-0.001368
-0.000287
-0.023299
-0.005708
0.000417
-0.004245
0.002543
0.005389
-0.001923
-0.006474
-0.007000
0.060533
0.029377
0.000833
0.102373
-0.008793
0.006731
-0.021009
-0.005743
-0.008265
0.053391
0.040462
-0.000854
-0.001281
-0.005829
-0.022830
0.007160
0.057167
0.006329
0.000109
-0.002044
0.002115
0.009214
-0.010118
-0.000564
0.060855
-0.000238
-0.003163
-0.005173
-0.016328
0.025222
0.010765
-0.006732
-0.012719
0.049873
-0.001782
-0.002556
-0.005243
-0.006121
-0.034741
-0.003573
0.003602
-0.005834
-0.022708
0.002457
-0.012499
0.040247
0.007681
0.005109
-0.023356
-0.012360
-0.027448
0.041315
-0.005332
-0.000342
-0.026437
0.032046
-0.010074
0.008636
-0.011240
-0.017632
-0.004799
-0.008571
0.005276
0.020565
-0.024338
-0.002280
-0.004414
-0.035315
-0.018022
-0.005670
-0.012814
-0.001090
0.010887
0.000602
-0.013115
-0.002126
0.000092
-0.016743
-0.005510
-0.025191
0.029856
-0.027049
-0.010037
-0.009659
-0.004415
-0.015517
-0.005172
-0.008675
-0.015352
-0.005437
0.000086
0.006298
0.005456
0.008670
-0.017656
-0.010437
-0.009859
0.046731
-0.010416
0.004336
0.007238
-0.002110
0.002789
-0.014221
0.005012
-0.001410
-0.012623
0.001702
0.002173
-0.005034
-0.011374
-0.011063
-0.005857
-0.008282
-0.008837
0.006409
-0.004306
-0.025554
-0.026439
-0.035122
0.006148
-0.002587
0.023109
-0.005096
-0.024333
-0.010744
-0.013781
0.002583
0.006172
0.002636
-0.018352
-0.023815
0.000684
-0.008984
0.001759
-0.017299
-0.001232
-0.001390
-0.012090
-0.012992
-0.019832
-0.024708
-0.023361
-0.004465
-0.013067
0.029183
-0.018328
-0.003437
-0.021666
-0.014200
-0.009966
-0.019960
-0.008820
-0.015768
0.021862
0.001317
-0.002948
-0.007142
0.006205
0.003537
-0.012527
0.000718
-0.004763
-0.005919
0.001710
0.078935
0.001823
0.118018
0.000020
-0.019729
-0.005841
0.002462
-0.008439
-0.015340
0.016780
-0.003522
-0.013726
-0.013967
-0.007147
-0.007607
-0.004228
-0.010128
-0.013542
-0.023255
-0.018467
-0.017877
-0.008621
-0.000070
0.000548
-0.003010
0.015474
0.001513
-0.006566
0.011456
-0.015783
-0.021345
0.007230
0.001760
-0.005202
-0.004163
-0.020231
-0.006276
0.012779
-0.018771
-0.001884
0.002404
-0.003624
-0.012326
-0.011366
-0.011205
0.057346
-0.000132
0.002340
-0.007149
0.054671
0.022422
-0.013146
0.001071
-0.007875
0.005246
0.040388
-0.013585
-0.002002
0.002500
-0.010625
-0.009090
-0.002167
-0.006770
-0.004016
-0.005726
-0.001448
0.007069
-0.020161
-0.000424
-0.027319
-0.004924
0.016302
-0.018101
-0.005779
-0.015286
-0.029895
-0.025152
-0.016948
-0.009915
-0.000619
-0.002290
-0.007036
-0.017102
0.007940
-0.012545
-0.002548
0.001508
0.026425
-0.004806
0.001239
0.010048
0.014009
-0.017115
0.031726
-0.008558
-0.003625
-0.017351
0.000459
-0.008865
-0.008290
-0.005943
-0.002294
-0.007181
0.009878
-0.009276
0.002065
0.016259
-0.009574
-0.034849
0.075173
0.002002
0.112136
-0.049670
0.031522
-0.003695
0.395801
-0.009343
-0.002352
-0.044711
-0.009126
-0.014070
-0.011642
-0.002887
-0.017050
0.067080
-0.001540
-0.004955
0.025763
-0.006844
0.004408
-0.003170
-0.000061
-0.010509
-0.002068
-0.003747
-0.006039
0.002666
-0.007175
0.008022
0.002716
-0.014675
-0.016850
-0.006666
0.002599
-0.010063
-0.006227
-0.001711
-0.008294
-0.011995
-0.001336
0.004798
-0.001986
-0.005321
-0.001063
-0.005855
-0.007884
0.006036
-0.006639
0.003861
-0.009432
-0.005773
0.003358
-0.029986
-0.014112
0.000759
-0.003155
-0.006520
0.142483
0.004309
0.004051
-0.009132
0.001500
-0.000990
-0.014942
0.019387
-0.019107
0.010598
0.095969
0.081125
-0.004018
-0.013517
0.065150
-0.017705
-0.000987
0.008787
-0.004371
0.021392
0.008187
-0.017849
0.001102
0.007425
0.000028
0.084736
-0.000296
-0.003756
0.002861
-0.007576
0.002044
-0.015935
0.011799
-0.023396
-0.002705
-0.019469
0.052066
-0.005970
-0.026579
-0.022890
-0.004558
-0.007947
-0.017911
-0.010978
-0.003146
-0.016491
-0.004634
-0.002697
-0.009776
-0.015818
-0.027866
-0.000736
0.004874
-0.003956
-0.031381
0.003033
-0.011567
0.002983
-0.018645
-0.032503
-0.007285
0.014255
0.000734
-0.017862
0.014231
-0.000087
-0.015157
0.004789
-0.004494
-0.006218
-0.012837
-0.002828
0.004727
-0.024819
-0.024825
0.015449
-0.002409
-0.017042
-0.017145
-0.007369
-0.004360
0.002517
0.012007
-0.000021
-0.005585
-0.027056
-0.023295
-0.008700
0.001957
0.166135
0.009417
-0.006317
-0.005300
-0.023375
0.023047
-0.008832
-0.012895
0.000891
0.016514
0.017085
-0.006168
-0.007999
0.027946
0.088908
0.078472
0.016017
-0.032821
-0.019032
-0.006207
-0.005660
-0.013816
-0.007064
-0.019831
-0.001671
-0.001185
0.001183
-0.003582
-0.003850
0.002768
-0.004484
-0.016714
-0.000265
-0.006010
-0.017748
-0.016022
-0.004577
0.001622
0.002952
-0.045286
-0.000212
0.005340
-0.005909
-0.008349
0.003578
0.000022
-0.004242
-0.010913
-0.019502
-0.030538
-0.006501
0.009084
-0.005189
0.007489
-0.005791
0.005636
-0.010786
0.003252
-0.004391
0.051465
-0.007331
0.023851
-0.009343
-0.021286
-0.031394
-0.005532
0.006751
-0.013119
-0.013505
0.073282
0.003981
0.008428
-0.000941
-0.010776
0.033477
0.028415
-0.016500
0.001336
0.002126
0.004562
0.007365
0.003856
0.014536
0.064878
-0.012853
0.009745
-0.038930
0.001219
-0.011687
-0.007032
0.006344
0.000592
-0.011031
-0.012366
0.002748
-0.000026
0.003855
-0.002288
-0.010319
-0.007169
0.002230
-0.015475
-0.010281
-0.002162
-0.001746
0.046903
-0.008425
-0.005245
-0.031723
0.064794
-0.007302
0.015996
0.008600
-0.004934
0.039361
-0.002585
-0.000638
-0.012313
0.001755
-0.014561
-0.007203
-0.004938
-0.009386
-0.002286
0.086170
-0.009577
-0.003047
0.013155
0.018906
-0.004978
-0.010123
-0.018402
-0.019581
0.037891
0.003070
0.032873
0.022952
-0.002832
-0.013475
0.010972
0.053070
0.002261
-0.006373
-0.013354
-0.017628
-0.008346
0.018976
0.023360
0.004282
-0.020883
-0.011851
0.013644
0.005903
0.077315
-0.007473
-0.006446
0.003195
-0.017574
0.029832
-0.011698
0.006743
0.021691
-0.002124
0.006109
0.000334
0.004483
0.000039
-0.015096
0.013183
0.010190
-0.010631
-0.007535
0.043397
0.002230
-0.001089
-0.008397
0.013734
-0.007404
0.001238
-0.005444
-0.006484
-0.017736
0.018788
0.003329
-0.020260
-0.024761
0.012022
0.000925
0.003709
-0.013123
-0.001291
-0.011796
-0.016711
-0.002651
-0.032193
0.003169
0.000634
-0.001647
-0.013386
-0.003095
-0.001956
-0.010495
0.002835
-0.000364
-0.006503
-0.015988
0.033581
0.000562
-0.010109
0.002238
0.001148
-0.013275
0.000229
-0.009030
-0.014510
-0.006912
-0.017477
-0.005749
-0.044743
-0.011667
-0.016467
-0.012636
-0.004023
-0.003373
0.005353
-0.013175
0.002903
0.003016
-0.004449
-0.005585
-0.011527
-0.008993
0.037330
0.016197
-0.026512
-0.017013
0.027951
-0.017810
-0.000807
-0.000360
-0.033178
-0.007117
-0.010836
0.002413
-0.007816
-0.003491
0.015382
-0.027787
-0.000278
-0.002366
-0.003320
-0.024854
0.004691
-0.000064
-0.033801
-0.034409
0.101875
-0.003662
0.000252
-0.006809
0.002872
-0.002967
-0.025383
0.010028
-0.005476
-0.006420
-0.018085
-0.003704
-0.017947
0.002750
-0.011068
-0.004424
-0.006631
0.003890
-0.024761
-0.000919
-0.000069
0.007839
0.030600
-0.009450
-0.025366
-0.006448
0.033071
0.008321
-0.007711
-0.082554
0.091582
-0.009128
-0.010590
-0.012581
-0.015597
0.006483
-0.019419
0.016205
-0.016304
-0.000673
0.008818
0.028878
-0.003176
0.002946
-0.015956
-0.032698
0.050668
-0.004560
-0.004777
-0.006006
0.005426
-0.011111
0.095549
-0.012754
-0.010197
0.017910
-0.032045
-0.014081
-0.016324
-0.003591
0.030261
-0.008193
-0.001612
-0.000017
-0.001230
-0.019646
-0.005649
-0.001279
-0.009775
-0.009307
-0.013219
-0.011690
-0.029209
-0.001506
-0.010274
-0.004149
-0.005170
-0.001804
-0.000690
0.032523
-0.002089
-0.006686
0.000125
-0.015402
-0.009288
0.008132
0.072046
-0.008068
-0.019244
-0.001533
0.014624
0.005310
-0.010584
0.050836
-0.012116
0.013871
-0.022273
-0.000260
0.014528
0.007883
-0.006277
0.001941
0.046808
0.001094
0.008146
-0.005180
-0.025708
0.006058
0.008099
-0.014165
-0.005834
0.031822
-0.021082
0.009461
0.006842
-0.001320
0.011097
0.005301
-0.002514
-0.007016
-0.018255
0.008887
0.007017
-0.005696
-0.025793
0.002584
-0.013603
-0.000072
-0.000771
-0.016201
-0.003145
-0.004346
0.002107
0.047093
-0.000184
0.110028
-0.023598
-0.008830
-0.012143
-0.008470
0.005896
0.005822
0.031372
-0.001103
0.011308
-0.004126
0.009348
0.009834
0.008758
-0.019737
-0.004954
-0.006934
-0.009516
-0.000003
0.012772
0.003073
-0.022102
-0.014031
-0.004024
0.037744
-0.075358
-0.013781
0.064426
-0.002751
-0.002038
0.007784
0.001157
0.020160
0.000039
-0.007380
-0.011935
-0.004818
-0.001711
-0.022645
-0.011997
-0.016193
-0.008474
0.002842
-0.020090
-0.000555
-0.010593
0.004602
-0.013179
0.005911
0.004017
0.002454
-0.024077
-0.007595
-0.000679
0.000598
-0.006267
-0.014867
0.001992
0.005404
0.000312
-0.018619
-0.004106
-0.019543
0.000068
-0.007228
0.057264
-0.013745
-0.011137
-0.002738
0.005980
0.000701
-0.001294
-0.005606
-0.004205
-0.006879
-0.020933
0.004493
-0.031971
-0.001017
0.006896
0.002273
-0.011643
-0.016823
-0.063923
-0.050816
-0.010403
-0.014859
-0.002422
-0.017564
0.069667
-0.001937
-0.004589
-0.009757
0.015664
-0.004235
0.009997
0.007229
-0.007815
-0.015451
0.013306
-0.010924
0.001871
-0.000104
0.034829
-0.021458
0.007339
-0.012857
-0.027960
-0.011902
-0.011862
-0.005646
-0.024165
-0.048269
-0.014660
0.010906
0.006430
-0.021511
0.005469
-0.002445
-0.020050
-0.005736
0.007472
-0.004637
0.043756
0.002396
0.000399
0.003167
-0.001460
-0.010403
-0.002333
-0.003077
-0.011789
-0.003502
-0.019682
0.015189
0.028051
-0.013270
0.093951
0.047856
-0.015816
-0.001411
0.000918
-0.005009
-0.016463
-0.008683
-0.014510
0.009416
-0.020597
-0.006191
-0.018973
-0.023509
-0.004916
-0.008716
0.001763
-0.014430
0.001581
-0.009268
0.002107
-0.016770
-0.011691
0.002460
-0.026331
-0.002281
-0.013629
0.024853
-0.013205
0.029835
-0.013815
-0.005301
-0.022744
-0.002815
0.001106
0.019316
-0.002464
0.031466
0.026260
-0.002483
-0.007747
-0.013715
-0.009439
-0.012685
0.037455
0.005495
-0.006834
-0.006166
0.011598
0.004622
-0.000718
-0.011506
0.013403
-0.002631
-0.005287
0.003461
-0.022120
-0.009705
-0.012717
-0.003510
-0.015280
-0.004364
-0.005432
0.003700
0.000565
0.006193
-0.002882
0.007233
0.003020
-0.012127
0.023439
-0.018307
-0.012414
0.003641
-0.010739
0.009625
0.000388
-0.011953
-0.004081
-0.009491
-0.012244
-0.000188
-0.007479
-0.035097
0.008357
0.008799
0.007627
0.015316
-0.001212
0.039958
-0.005653
-0.009589
-0.001868
-0.001378
-0.000142
0.000751
-0.006089
-0.015959
-0.004225
-0.006692
-0.000484
-0.006929
-0.011956
-0.017913
-0.009076
-0.011333
0.033211
0.006341
-0.011550
-0.023572
-0.004953
-0.010778
-0.017523
-0.006753
-0.000220
0.032110
-0.017542
-0.002519
-0.009573
0.002219
-0.013961
-0.013758
0.050987
0.003115
-0.004838
-0.012839
0.001639
-0.002619
0.007951
-0.005939
0.033338
-0.002046
-0.037337
0.003096
-0.003744
0.005880
-0.022304
-0.004056
-0.003841
-0.028815
-0.023379
-0.021140
-0.015350
-0.000750
-0.012705
-0.013234
0.002318
-0.000659
-0.004790
-0.013515
0.011432
0.006917
-0.003959
0.015940
-0.013264
0.004707
-0.009901
0.006929
0.003694
0.002972
0.000881
-0.003964
-0.038936
0.002937
0.004958
-0.005372
0.005540
0.001328
-0.018351
-0.016732
-0.001031
-0.010577
-0.010026
-0.010973
-0.006457
-0.011964
0.000046
0.006603
0.045660
0.006578
-0.000521
0.012560
0.003625
-0.027896
0.011707
0.006067
0.066344
0.000728
-0.018359
-0.064773
-0.050647
-0.007145
-0.030681
-0.031967
-0.051832
0.001341
-0.000823
-0.028227
-0.005377
-0.005598
-0.003745
-0.007894
0.036070
-0.013322
-0.011273
-0.007442
-0.011790
-0.000120
0.013371
0.051936
-0.011077
-0.000766
-0.015991
-0.002267
-0.010576
0.007523
-0.010033
-0.006483
-0.002454
0.006066
0.012560
-0.011573
0.070534
0.031936
-0.009919
0.061266
0.006816
0.031184
0.023571
0.011822
0.020329
-0.002535
-0.000999
0.003420
-0.020697
-0.043166
0.038719
-0.000627
0.035900
-0.007870
0.005378
-0.011631
-0.012849
-0.006274
-0.008759
0.015882
-0.006911
-0.000812
0.017529
0.048838
0.000257
-0.001616
0.072129
-0.002371
-0.010291
-0.025964
-0.010085
-0.007977
-0.037291
0.012500
0.007392
-0.014309
-0.012245
0.002026
-0.028993
-0.039574
0.020842
-0.002119
-0.012562
-0.017666
-0.000879
-0.002038
-0.010454
0.014427
0.014222
-0.006615
-0.012018
0.036510
0.011193
-0.008555
-0.019757
-0.004597
0.002200
-0.006294
-0.000194
-0.013638
-0.024164
0.002384
-0.008797
0.008777
-0.009149
-0.011978
-0.003418
0.011392
-0.016397
0.005425
-0.018158
-0.000001
-0.020376
0.005153
-0.004880
-0.000279
-0.004625
-0.015939
0.013598
0.000053
0.000854
0.000929
-0.008334
-0.020874
0.009686
-0.004923
-0.004955
-0.020652
-0.033771
-0.000131
-0.011241
0.002577
-0.007357
-0.007567
0.093355
-0.009706
0.001201
0.010408
-0.042240
0.002213
0.002508
-0.015633
-0.008971
-0.017593
-0.003357
0.004138
-0.013001
-0.007409
0.009365
-0.000159
0.011063
-0.019400
-0.005351
-0.009292
-0.002198
-0.013058
-0.029535
0.004418
-0.015394
-0.000845
0.041207
0.012936
-0.008330
-0.015311
-0.006862
0.008443
0.000791
-0.021725
0.004853
-0.008832
-0.013666
-0.007082
-0.005688
-0.009089
-0.008994
0.002951
-0.001841
0.004225
-0.021156
-0.018316
-0.041720
-0.013448
-0.019282
-0.001757
-0.007997
-0.017862
-0.033437
-0.006544
-0.006556
-0.009873
-0.005341
0.000641
-0.005125
-0.005342
-0.009161
-0.014637
-0.008854
-0.038733
-0.004864
0.001923
-0.001623
0.002287
0.001490
0.008377
-0.003116
-0.003761
0.001448
-0.023999
0.036650
-0.005825
-0.002029
-0.008816
-0.001929
-0.016425
-0.008286
-0.014917
-0.004273
-0.011985
-0.000939
-0.002134
-0.000254
0.012769
-0.001559
0.028923
0.012432
-0.007203
-0.001363
0.020248
-0.014730
-0.005159
-0.025340
0.116166
-0.010199
0.025249
-0.006708
-0.000014
-0.003390
-0.011003
-0.006127
-0.009961
-0.002419
0.024163
0.009162
0.000876
-0.019001
-0.013659
-0.025561
-0.015074
-0.000923
-0.004335
0.037964
-0.008246
0.005099
-0.009195
0.003480
0.001359
-0.006959
-0.005758
0.000471
-0.002871
0.002658
-0.012987
0.000505
0.009343
-0.013061
0.016407
0.000959
-0.013044
0.047675
-0.002734
-0.001304
-0.032256
0.002454
0.044721
-0.023640
0.001636
-0.008870
0.026073
0.094810
0.000662
-0.026964
-0.006123
0.001565
0.006832
-0.009458
-0.009334
0.063325
-0.008897
0.023806
-0.009224
-0.013304
-0.010130
-0.022941
-0.002406
-0.006396
-0.012023
-0.014355
0.002352
0.006509
-0.002982
-0.001576
-0.010413
-0.006988
-0.006883
0.002968
0.002006
-0.014374
-0.002104
-0.015829
-0.006778
-0.000790
0.001688
-0.031437
-0.005735
-0.013111
-0.008318
-0.024355
0.001499
-0.017817
-0.022789
-0.005947
-0.019622
-0.009457
0.101562
0.045691
-0.013119
-0.004781
-0.009871
-0.007530
-0.008836
-0.011658
-0.018718
0.086130
-0.026191
0.004441
-0.003086
-0.007019
-0.014532
0.004793
-0.005541
0.003622
0.001099
0.002312
0.014631
-0.035268
0.005720
0.001512
-0.003590
-0.008922
-0.017088
0.004221
-0.006693
-0.013641
-0.004227
-0.010570
-0.016696
-0.014024
-0.005967
0.025736
-0.009212
-0.009488
0.006938
0.004842
-0.007585
-0.015091
-0.013454
0.001446
-0.006505
-0.013770
-0.003959
-0.003298
-0.005908
-0.016999
-0.037895
-0.026822
0.061932
0.089571
0.086721
-0.000030
0.000891
0.002084
0.015265
-0.023595
0.070124
-0.006992
0.003729
0.003126
-0.004495
0.008825
-0.010781
-0.013561
-0.013284
0.004894
-0.007881
0.073642
0.059706
0.001629
0.036961
0.017022
0.019363
-0.007290
0.006466
-0.023444
0.000831
0.000991
-0.004154
0.028999
-0.013837
-0.002142
0.021662
-0.039516
-0.010943
-0.005577
-0.011358
-0.001825
-0.024002
-0.015650
-0.011050
-0.012559
-0.010585
-0.005794
-0.009302
0.008606
-0.011357
-0.011694
0.008707
-0.004187
-0.040322
0.033205
-0.013046
-0.030542
-0.021796
-0.025767
0.054306
0.000265
-0.007973
-0.025240
0.003283
-0.004516
-0.011811
-0.023742
-0.016979
0.008590
-0.029371
0.031740
-0.001924
-0.012558
-0.004384
0.004085
-0.002485
-0.010512
-0.004090
-0.003518
0.035466
-0.004982
-0.004125
-0.005970
-0.033064
-0.032709
-0.000484
-0.003586
-0.008557
0.004655
0.003908
0.006255
-0.003914
-0.012649
0.005870
0.013435
-0.004458
-0.006379
-0.007759
-0.005670
-0.021558
0.004425
0.000148
-0.029304
-0.002265
0.012451
-0.004938
0.003679
0.045734
0.008939
0.000356
0.006540
-0.003587
0.048118
-0.013192
0.054775
-0.024672
-0.013969
-0.055717
-0.002848
-0.001689
-0.015605
0.003151
0.002521
-0.006554
-0.000355
-0.004984
0.069806
0.016477
0.001355
0.068928
-0.025877
0.001371
-0.020205
-0.003314
0.027411
0.001266
-0.010492
0.024987
-0.002419
-0.003194
0.000730
-0.000744
-0.004797
-0.003749
-0.003363
0.000071
0.015090
0.013522
0.005764
0.007060
0.002099
-0.014895
0.007364
-0.006132
0.046206
0.025534
0.011719
0.022429
0.003221
-0.013325
-0.011215
-0.000206
-0.014298
-0.000939
-0.004813
-0.012034
-0.014867
-0.024353
-0.002657
-0.011641
-0.002630
0.012178
0.004968
-0.010092
0.021188
0.001451
-0.006459
0.011653
-0.012153
0.014855
-0.005313
-0.008483
-0.002260
-0.018795
-0.018758
0.016840
-0.015817
-0.000762
-0.000488
-0.000606
-0.014245
0.004720
0.008099
0.035731
0.004624
-0.004560
-0.001632
-0.010730
-0.011788
-0.020635
-0.008334
-0.002550
-0.004554
0.010144
0.009496
-0.003105
0.081969
-0.008314
0.006774
-0.009965
0.002572
-0.010515
0.000569
0.012790
-0.002938
-0.006211
-0.011496
0.033859
-0.017773
0.000906
-0.002532
-0.028219
0.026494
0.034339
-0.022955
-0.003681
-0.005138
0.002198
0.063874
-0.005986
-0.002861
-0.001728
-0.012949
-0.028122
-0.011950
-0.005966
0.004047
0.012956
-0.000122
0.030298
-0.022120
0.016026
0.002887
-0.021986
-0.009935
-0.005870
-0.020019
-0.006979
0.030900
0.007960
-0.015314
-0.004609
-0.005077
0.010176
-0.002270
0.000336
0.007333
0.001100
-0.003321
-0.011693
-0.002045
0.003315
-0.020290
-0.002901
-0.011921
-0.025870
-0.003248
-0.003306
0.032537
-0.001367
-0.014629
-0.010689
-0.016740
-0.001232
-0.006253
-0.000335
-0.003615
-0.003468
0.003705
0.132155
-0.002708
-0.007435
0.005103
0.047777
-0.026613
0.004090
0.014532
-0.008430
-0.002098
-0.005274
-0.005035
0.006751
-0.010637
-0.005509
-0.003406
-0.000904
-0.000936
0.004325
-0.033964
-0.007663
-0.018275
0.009509
0.013675
-0.005526
0.080154
0.004369
-0.010711
-0.017167
-0.020999
0.018979
-0.003666
0.002532
-0.001516
0.003653
-0.006153
0.007209
-0.017136
-0.033532
0.000051
0.009380
0.096975
-0.016377
0.002334
-0.013520
0.011369
-0.000972
0.007166
-0.002116
-0.008877
-0.021930
-0.025707
0.001979
-0.003044
0.008279
-0.007779
0.002663
0.001115
-0.000479
0.010660
-0.000156
0.016590
-0.002690
-0.013645
-0.008477
-0.002609
-0.012242
-0.001983
-0.006724
-0.012261
0.006260
-0.002713
-0.015243
-0.005011
0.000955
0.055090
-0.013810
-0.021942
-0.009296
-0.007143
-0.000638
0.000823
-0.003387
-0.008446
0.011176
-0.002392
0.023438
-0.006251
0.013622
-0.006481
-0.000788
-0.006575
0.070067
-0.015915
-0.012942
0.009182
-0.003039
-0.022587
-0.010783
-0.002947
-0.005438
0.011918
0.005649
0.003193
-0.008720
-0.016451
0.033067
-0.006776
-0.007876
-0.031728
-0.005117
-0.005453
-0.027054
0.092594
0.047714
-0.003820
-0.016191
-0.005804
0.013442
0.000477
-0.012075
0.001546
-0.000832
0.030069
0.003679
-0.003981
0.012849
-0.011610
0.009535
0.003861
-0.010084
-0.012147
-0.026109
0.022470
-0.018007
0.072253
0.000665
0.001904
-0.011268
-0.003327
-0.021791
0.004487
-0.020979
0.011274
-0.013211
-0.007203
-0.005748
0.023368
-0.024636
-0.029858
0.002504
-0.003654
-0.009821
-0.002311
0.006687
-0.008025
-0.015737
-0.012217
-0.044995
-0.005748
-0.029103
-0.107234
-0.093746
-0.098172
-0.011231
0.003050
0.011166
-0.008123
-0.011229
0.007875
-0.004388
-0.003891
-0.010126
0.002734
-0.005103
0.030346
0.064085
-0.023873
0.049521
0.005497
-0.000210
-0.009311
-0.034542
-0.003389
-0.002934
0.007799
-0.005198
0.010565
-0.004948
-0.006897
-0.012393
-0.008041
-0.019391
-0.007726
-0.016709
-0.037522
-0.002562
-0.003506
0.087436
0.025218
-0.027994
-0.009469
0.000134
0.002554
-0.039257
-0.000230
0.001013
-0.008240
-0.006914
0.001221
0.006906
0.002200
-0.019317
-0.009805
-0.011631
-0.008935
-0.017921
-0.002846
-0.005017
0.005607
-0.019247
0.013584
-0.035561
-0.029093
0.002310
0.003938
-0.016676
-0.002688
0.003868
0.002798
0.000944
0.004673
0.007172
-0.011090
0.003387
0.005405
-0.002216
-0.010739
0.041602
-0.015765
0.041502
0.000394
-0.011875
-0.004699
-0.006292
0.021237
0.017212
0.014540
0.027306
-0.010866
-0.007981
-0.006274
-0.004558
0.017542
0.033442
-0.003207
0.020186
-0.013482
-0.021863
-0.022194
-0.001692
-0.008345
0.024689
0.061124
0.009364
0.004617
0.000771
-0.006726
0.013460
0.014146
-0.017522
0.003248
0.108063
0.038458
-0.014241
0.004626
-0.011276
0.018875
0.019926
-0.007501
-0.007916
-0.010285
-0.005283
-0.003890
-0.000772
-0.006587
-0.010131
-0.005612
-0.005810
-0.012634
-0.034544
-0.005858
-0.002590
0.023126
-0.009365
0.005639
-0.019152
-0.001979
-0.009100
0.009613
-0.001995
-0.007422
-0.000070
-0.000280
-0.013611
-0.012643
-0.003579
-0.003827
-0.004266
-0.010408
-0.003710
-0.009904
0.021802
-0.008712
0.004905
-0.002151
-0.027347
-0.019874
0.006819
0.049373
-0.004524
-0.014682
-0.004990
0.003271
0.022672
-0.004677
-0.016932
-0.004050
0.008422
-0.004873
-0.017779
0.010946
-0.008348
0.007986
0.001336
0.005415
-0.015918
-0.016342
0.006998
-0.018050
-0.020917
0.005883
-0.005336
-0.015590
-0.011966
-0.010337
-0.012419
-0.001258
0.000761
0.088332
0.009181
-0.012657
0.008032
0.073240
-0.018509
0.019052
-0.023373
-0.002373
-0.009112
-0.001568
0.027166
-0.001659
-0.012717
-0.008442
-0.003038
-0.040947
-0.018382
0.002121
-0.000414
0.012124
0.034890
0.028091
-0.006639
-0.001998
-0.007632
0.001072
-0.008855
-0.044064
-0.009244
-0.019456
-0.009680
-0.001565
0.026591
0.001277
-0.000736
0.006417
-0.003374
-0.012101
0.005527
0.012058
-0.010752
0.001882
-0.000001
-0.021901
0.021335
0.089686
-0.003452
0.003013
0.005151
0.012258
0.006720
-0.012728
0.010146
0.001647
-0.000875
-0.012262
-0.008494
-0.018923
0.020349
-0.027148
-0.012937
-0.001393
0.000120
-0.034493
-0.003128
-0.005913
-0.023010
-0.002999
-0.000802
0.011089
-0.014499
-0.005586
-0.010485
-0.005557
0.003868
0.007880
0.001045
0.002349
-0.009139
0.024630
0.072033
0.005554
-0.004863
-0.009224
0.010720
0.006142
-0.016272
0.023609
-0.010459
0.011268
0.071804
-0.014853
0.007144
0.000014
-0.011732
-0.007426
0.033038
-0.025724
-0.008779
-0.002076
-0.018740
-0.025565
-0.012221
-0.023023
0.001955
-0.006178
-0.020035
0.031083
-0.006153
-0.023111
-0.013852
-0.010608
-0.021092
-0.027980
0.007332
-0.011493
-0.004555
0.006035
-0.024393
-0.001918
-0.006236
-0.014419
-0.011084
-0.006792
0.010521
0.001755
-0.000297
-0.008556
0.000570
-0.005064
-0.004340
0.008351
0.002985
-0.011766
0.002822
0.017805
0.000563
-0.010363
-0.003902
0.052927
-0.029138
0.010774
-0.006350
-0.009408
-0.015952
0.006070
0.002083
-0.021243
-0.014663
0.007685
-0.011038
0.004872
0.000817
0.006120
0.023315
-0.018134
-0.001466
0.020078
0.008413
-0.016331
0.022329
-0.017829
-0.000908
0.008679
0.004957
-0.022062
-0.007006
-0.001316
0.004747
0.068097
-0.004907
-0.011067
-0.005327
-0.003915
-0.005649
-0.010735
-0.018892
0.006788
0.018310
-0.013813
0.011856
0.004931
-0.012616
-0.004008
0.002162
-0.004598
0.007435
-0.024030
-0.001933
-0.012003
-0.005586
-0.022669
-0.000978
-0.019269
-0.010714
-0.031367
-0.016481
0.019753
-0.011025
-0.021986
-0.006537
-0.022788
-0.032777
0.019466
-0.007393
-0.009481
-0.029780
0.000715
0.085680
0.072694
0.000545
-0.009623
-0.009063
0.003638
-0.006515
-0.003023
0.035627
-0.008073
0.011118
0.010856
-0.015544
-0.003256
-0.008223
0.003751
-0.003390
-0.004587
0.074225
-0.007564
-0.017133
-0.011498
0.017814
-0.004607
0.006636
-0.001801
0.008128
0.016378
-0.006227
-0.008488
0.002878
-0.017815
-0.007579
-0.006764
-0.007744
0.004484
0.006627
-0.006590
-0.003030
-0.017710
0.066894
0.072122
-0.009693
0.043764
0.018182
-0.002110
0.001710
0.041319
-0.011885
-0.011822
-0.019717
0.005934
-0.006005
0.018458
-0.014946
0.009771
-0.000259
-0.006652
-0.001270
0.023736
-0.004327
0.002966
-0.006227
-0.004155
-0.010342
-0.001824
0.004701
0.000044
0.005289
0.062013
0.025267
-0.002974
0.014650
0.003565
-0.010402
0.002089
0.002563
-0.011453
0.012196
-0.005172
-0.018432
-0.026423
-0.000017
0.024036
-0.015518
-0.000776
0.033378
-0.000861
0.088758
-0.013885
0.016170
0.009963
-0.027809
-0.000403
0.000098
0.029596
0.168601
0.047742
-0.011461
-0.002610
-0.021100
-0.006280
0.000555
-0.007370
0.014135
-0.008744
-0.006222
0.041186
-0.005168
-0.003716
0.011813
-0.008960
-0.012281
-0.005958
-0.003269
-0.015883
0.075182
0.075307
-0.001243
-0.003464
-0.020619
0.008678
0.013629
-0.006982
-0.011655
-0.012350
-0.009034
0.028230
-0.004082
-0.004542
0.064832
-0.013721
-0.007234
-0.008035
-0.005643
0.002384
0.112616
-0.004061
-0.021534
-0.001858
-0.003903
0.020817
0.032821
-0.019789
-0.006258
-0.022221
0.014386
0.005650
0.004648
0.001096
-0.020496
-0.013761
-0.003309
0.002409
0.001514
-0.014597
-0.002487
0.018233
-0.014528
-0.002873
-0.020751
-0.006000
-0.019973
0.032483
0.005078
-0.031773
0.004085
-0.006964
-0.015443
-0.012014
-0.007035
0.003562
-0.002581
-0.010770
-0.003230
0.002966
0.107280
-0.011866
0.001657
-0.005419
-0.019380
-0.009637
-0.031841
-0.004438
-0.012725
0.015529
-0.002835
-0.002185
0.031663
-0.004880
-0.007069
-0.005434
0.000930
-0.004899
0.085784
-0.015690
-0.000699
-0.022246
0.000856
-0.000969
-0.018229
-0.009076
-0.004433
-0.007876
0.011340
-0.003856
-0.000667
-0.010276
-0.009015
0.052996
0.001436
0.042517
0.003059
0.007228
-0.016256
-0.004889
0.000415
-0.003103
0.003779
-0.023451
0.007644
0.000709
-0.007013
-0.006174
0.000451
-0.008971
-0.002005
-0.033316
-0.009529
-0.008313
-0.029676
0.004557
-0.013271
-0.005543
0.027110
-0.001904
-0.004061
-0.008737
-0.006620
-0.002075
0.115412
-0.010063
0.005775
-0.004681
0.005406
0.017689
-0.014680
-0.003119
0.004725
-0.009526
0.086071
-0.007143
-0.013044
-0.005413
-0.018933
0.012735
0.000096
0.004129
0.002960
-0.010615
0.011125
-0.012204
0.103642
-0.009881
0.001141
-0.005068
-0.010964
-0.012385
-0.001053
-0.006113
-0.004295
0.008386
0.000515
-0.024765
-0.031858
0.068805
0.019409
-0.012930
-0.023518
0.008468
0.010351
-0.005097
0.051482
-0.004174
-0.006715
-0.000876
0.003891
0.005985
0.004777
0.005407
-0.013238
0.069204
0.001223
0.016242
-0.013034
-0.012992
0.001616
-0.009362
-0.010491
-0.005233
0.007136
-0.001416
-0.004972
-0.004041
-0.001008
-0.004219
0.000293
-0.005107
-0.005926
-0.012407
-0.002840
-0.005046
-0.003032
0.001318
-0.013819
-0.002016
0.002891
0.002319
0.027968
0.004701
-0.012624
-0.012950
-0.007274
0.070672
-0.009823
0.001344
0.005659
0.070563
-0.016384
0.000907
-0.026545
-0.032663
0.004224
-0.013858
-0.005600
0.000043
-0.021112
0.007263
0.015070
0.020053
-0.036140
-0.040918
-0.008985
-0.011298
0.018604
-0.003194
0.000120
0.007267
-0.023582
-0.002161
-0.004686
-0.016617
0.037725
-0.000602
-0.008020
-0.012059
-0.002988
-0.009621
0.057346
-0.000631
0.004644
0.049501
-0.003323
-0.011491
0.025342
0.014408
-0.014601
0.005320
-0.000306
-0.005628
-0.006968
-0.007367
-0.000690
0.034498
0.005025
0.074006
-0.004658
-0.006387
-0.009275
0.018188
0.003015
0.013821
0.011783
0.019774
0.001960
-0.004163
-0.002557
-0.004981
-0.008386
-0.001992
0.004177
0.011637
-0.022656
-0.001267
-0.000896
-0.008666
-0.015168
-0.008951
-0.005745
0.026051
0.051346
0.049448
-0.006338
-0.021134
-0.009420
-0.002209
-0.012763
-0.021552
0.019488
-0.011254
0.003348
-0.009792
-0.015979
-0.005540
-0.038647
0.008282
0.014358
0.009301
-0.005025
-0.010342
0.006830
0.001943
0.061101
-0.004464
0.000203
-0.033583
-0.004388
-0.007473
0.003224
-0.009669
-0.000590
0.003790
-0.011083
-0.008382
0.024833
0.006513
-0.003260
-0.006164
0.011418
-0.003793
-0.007767
0.002249
-0.019066
0.001966
0.020217
0.093662
-0.012073
0.070071
0.104684
0.004888
0.001129
0.003981
0.019762
-0.007853
-0.005036
0.014032
0.010397
0.000664
-0.022148
-0.008636
-0.021925
0.028104
-0.012032
-0.019481
-0.007719
-0.007890
0.040316
-0.014651
0.006074
0.049352
0.007051
-0.029586
-0.002699
-0.027077
0.021402
0.009874
-0.005413
-0.015771
0.178709
0.102887
0.098553
0.008393
0.168792
0.032510
-0.000195
0.006493
-0.016324
-0.004468
-0.000048
-0.017047
0.009178
-0.001036
-0.015768
0.002392
0.013513
-0.026978
-0.005285
0.000828
-0.045963
-0.018695
-0.009246
0.008556
-0.042181
-0.012688
0.008948
0.002524
-0.025513
-0.013586
0.003298
-0.027161
0.030678
-0.004415
0.006449
0.000061
-0.001875
-0.001999
0.000684
0.001220
-0.010510
-0.017135
-0.000107
-0.000774
-0.019721
-0.007802
0.008885
-0.006148
-0.030196
0.000648
-0.002832
-0.015785
-0.002911
-0.014927
-0.006784
-0.002774
-0.007056
-0.023666
-0.017948
0.000757
-0.007430
-0.007654
-0.013446
-0.024491
-0.015664
0.005784
0.004281
-0.020704
-0.005691
-0.030893
-0.014863
0.177890
-0.009634
-0.010207
-0.006648
0.001519
0.000737
-0.000376
0.022231
0.001339
-0.017193
-0.002282
-0.045348
-0.001493
-0.011418
-0.004412
0.017322
0.015658
0.003808
0.004803
-0.021322
-0.022328
0.072149
0.003189
-0.002520
-0.005520
0.007478
0.006128
-0.016806
0.005455
0.005712
-0.003764
0.002910
0.002606
-0.000476
-0.012314
-0.019190
-0.006459
-0.009956
-0.000425
-0.015667
0.006698
0.003110
0.000241
-0.024042
-0.025072
0.011354
0.000824
-0.011976
0.000579
-0.016931
-0.006466
0.011518
-0.006845
-0.008404
-0.004826
-0.010280
0.006979
-0.005318
0.002651
0.062645
-0.008387
-0.005689
-0.013851
-0.010023
0.003350
-0.004283
-0.020075
-0.004539
-0.010650
-0.014572
-0.008439
-0.003569
-0.034654
-0.013249
-0.016649
-0.009925
-0.002073
0.000274
-0.003298
-0.000734
0.003322
0.003270
0.003926
-0.002677
-0.002490
-0.008317
-0.004084
-0.015367
0.017549
-0.004706
-0.003575
-0.018029
0.009737
-0.008443
-0.027979
-0.008713
-0.007806
0.055691
-0.000699
-0.010774
-0.009173
-0.042092
-0.023549
-0.016892
-0.006372
-0.004082
0.001177
-0.010791
-0.010613
0.005015
-0.003918
-0.007082
-0.010671
0.011700
-0.008816
-0.010652
0.008192
-0.008578
0.024282
-0.013295
0.003617
0.004069
-0.005654
0.003783
-0.003991
-0.006042
-0.009150
-0.010506
0.008073
-0.013470
-0.005131
-0.005052
-0.000583
-0.027004
0.015990
0.002976
-0.006939
0.020136
-0.000520
-0.012713
0.011237
0.005780
0.009505
-0.014685
-0.015659
0.013287
0.082048
-0.002397
0.007926
-0.007791
-0.004634
0.000803
0.004050
-0.002320
0.064076
-0.011521
-0.008227
-0.027784
-0.019460
-0.000943
-0.012699
-0.003749
-0.005395
-0.013746
-0.007002
0.013973
0.007319
0.002052
-0.002934
-0.006875
-0.004401
-0.002657
-0.000695
0.000307
-0.005896
0.006594
-0.010249
0.012216
0.009956
-0.005061
-0.003598
-0.021274
0.012216
0.002230
-0.005884
-0.008812
0.001374
0.007780
0.031607
0.002024
-0.006927
-0.006805
-0.024025
0.039515
-0.019748
0.034440
0.010430
0.051122
0.006828
-0.002940
-0.002741
-0.008240
0.016871
-0.002377
0.042132
-0.006966
0.004303
-0.003540
0.018743
0.004980
0.000260
-0.025047
-0.001724
0.002697
-0.004999
-0.019641
0.004133
-0.022540
-0.008871
0.150449
-0.003839
-0.007133
-0.009505
0.004870
-0.010924
-0.001779
-0.008724
0.000818
-0.016932
0.009727
0.000960
0.007099
0.001228
-0.006195
-0.007552
-0.005120
-0.033471
0.319651
0.119472
0.223426
0.172009
-0.030777
0.007088
-0.026691
0.015777
-0.012250
-0.003299
-0.010089
0.008598
-0.005887
0.000023
0.006630
0.007208
-0.003828
-0.015941
-0.001369
0.002015
0.040055
-0.018805
0.001440
-0.010190
-0.008135
-0.025553
-0.017960
-0.016535
-0.019318
0.008946
0.002169
-0.014181
-0.000553
0.001490
-0.009350
0.001578
-0.004837
-0.015370
-0.010041
0.005654
-0.003033
-0.019815
0.003511
0.009210
0.028543
-0.037107
0.005814
-0.043514
-0.000375
-0.005712
-0.036353
0.007030
-0.004099
0.097092
-0.032587
-0.007767
0.001636
0.003659
-0.010648
0.011031
-0.009504
-0.065454
-0.015568
-0.006987
0.005297
0.003125
0.068985
-0.020277
0.019928
0.044635
-0.019118
0.041208
-0.005095
0.018580
0.005062
-0.015975
0.001241
0.038544
0.006370
-0.004605
0.000193
0.000366
0.010889
-0.011629
0.014683
-0.008162
-0.039488
-0.001899
-0.001785
0.041605
-0.024235
-0.005347
-0.006460
0.002508
-0.016546
0.054165
-0.007987
-0.003776
-0.026308
-0.012159
-0.004234
-0.003857
-0.004771
-0.032865
-0.018455
0.010353
-0.005255
0.011949
0.006569
0.003083
-0.010828
-0.016836
0.001038
-0.005933
0.004493
-0.017919
-0.001334
-0.000922
-0.015801
-0.016091
0.047492
0.015401
0.044047
-0.002937
-0.001683
0.002958
-0.015793
-0.001082
-0.009944
-0.003487
0.010556
0.009410
-0.003810
-0.005383
0.076623
-0.014245
0.000798
-0.000505
-0.025852
-0.014731
-0.004555
-0.015605
-0.025882
-0.005286
0.005508
0.067405
0.062851
0.005343
0.007462
0.000405
-0.004529
-0.002486
-0.007729
0.006176
-0.032845
-0.003399
-0.000441
-0.002713
0.002041
-0.014002
0.000121
-0.018607
0.006803
-0.001657
0.001560
-0.002632
-0.008481
-0.004826
-0.004805
0.028566
0.009736
-0.027893
0.028989
-0.009455
-0.029356
-0.009473
-0.009753
0.003144
-0.002399
0.015240
0.061758
-0.000764
-0.014957
0.016081
0.001491
-0.006589
-0.004761
-0.036995
-0.015311
-0.007404
0.000612
0.006512
-0.016344
0.025787
-0.006052
0.008538
-0.006266
-0.024196
-0.018270
-0.004262
-0.011685
0.006954
-0.010020
0.000090
-0.001397
-0.004316
0.044419
0.030117
-0.011249
-0.006524
-0.033903
-0.027817
-0.001189
0.000229
0.000822
-0.010855
-0.026286
-0.001014
-0.015795
-0.006390
-0.021065
-0.005502
0.001042
0.004143
-0.015540
0.023600
-0.036099
-0.004393
0.006618
-0.008100
-0.007844
0.030705
-0.000236
-0.004496
-0.042510
0.008306
0.054906
0.001824
-0.000154
-0.029168
0.000424
-0.004642
0.000135
-0.003008
-0.010496
-0.010791
-0.004710
0.010781
-0.002806
-0.011888
-0.024700
-0.000367
-0.021913
0.014008
-0.020921
0.009795
-0.000204
-0.005615
0.024515
-0.003966
-0.009767
0.002962
-0.003427
-0.012362
-0.003201
-0.011017
-0.015568
-0.008157
0.045781
0.005282
-0.009527
-0.017462
-0.004047
-0.008803
-0.002899
-0.002251
0.004935
-0.023402
-0.010656
0.003329
-0.005954
-0.001979
0.016161
-0.015781
-0.007940
-0.006461
0.001572
-0.003215
-0.016424
-0.021004
-0.000800
0.003742
-0.001901
0.016555
-0.012795
-0.010225
-0.001862
-0.008665
-0.007107
-0.030740
0.027008
-0.003379
-0.003949
0.000491
-0.021230
0.034761
0.000913
-0.018934
-0.007743
-0.010445
0.015719
-0.011997
-0.005572
0.000612
-0.006844
0.000735
-0.006369
-0.003814
-0.014263
0.002064
-0.019689
-0.011185
-0.029163
-0.009614
-0.001845
0.022065
-0.011126
0.029545
0.000292
-0.002753
-0.006224
0.013633
0.007749
-0.002615
-0.009141
-0.020627
-0.014689
-0.008851
-0.006511
-0.000723
-0.004812
0.022184
-0.000486
0.000389
0.003247
-0.012737
0.002985
-0.013836
0.020816
-0.006423
-0.032317
-0.003173
0.000224
-0.009689
-0.001321
0.009551
-0.001253
0.008922
-0.029280
-0.000565
0.007878
-0.001057
-0.022006
-0.006794
0.000147
0.002415
0.069589
0.004711
0.008959
0.012156
-0.035090
-0.007562
-0.009972
-0.011863
-0.010381
-0.010530
0.004788
-0.018449
0.002917
-0.005962
-0.003558
-0.010468
-0.005767
-0.012636
-0.000967
0.004132
0.003838
0.001258
-0.019393
-0.003721
0.022976
0.009717
-0.025721
-0.009120
-0.022579
0.003177
-0.016589
-0.001388
-0.010247
-0.008102
-0.010146
-0.008451
-0.005247
-0.020179
-0.009588
-0.028120
-0.010165
-0.010449
-0.028191
-0.011307
-0.008118
0.004937
-0.004534
-0.009095
-0.005795
0.006153
-0.001039
0.001431
0.077666
0.007520
-0.009611
-0.007409
0.059417
-0.015887
0.024803
0.043321
-0.009804
-0.005134
-0.019105
-0.000542
0.004635
-0.002836
0.006039
-0.014811
-0.008974
-0.006017
0.000307
0.004305
-0.004563
-0.004768
0.026750
-0.000265
-0.020360
0.002383
-0.003861
-0.005039
0.034033
-0.002436
0.004437
-0.024853
0.013807
0.039816
-0.011280
-0.007495
-0.000625
0.001718
0.003958
-0.015465
0.014183
0.009251
0.000219
0.056240
-0.013427
-0.011051
0.000640
0.003944
0.086647
-0.003343
-0.003906
0.010133
0.005790
-0.004717
-0.010077
0.006808
0.004394
-0.002929
-0.003244
0.007747
-0.025495
-0.001368
0.010560
-0.001575
-0.026939
-0.030016
-0.010897
0.048303
-0.000199
-0.014577
-0.016318
-0.005804
-0.002850
-0.003933
0.018004
0.011233
-0.001705
-0.020856
-0.006409
0.003054
-0.008801
-0.008760
-0.022053
-0.025202
0.018604
-0.005440
0.003952
-0.008704
-0.003932
-0.018153
-0.011573
0.010385
-0.017416
-0.017766
-0.011711
0.000015
-0.019193
0.000123
0.016631
-0.014157
0.024182
-0.034498
-0.010255
-0.008932
-0.003406
-0.013129
0.044866
-0.001369
0.015257
-0.008812
-0.008614
-0.020940
0.005108
0.006532
-0.002244
-0.037232
0.011945
0.001680
0.015857
-0.002469
0.054494
-0.010352
-0.009135
-0.005229
-0.035905
0.018202
-0.011710
-0.007453
0.005793
0.001308
-0.008445
0.003947
0.001202
0.004384
0.026814
-0.025028
-0.016020
-0.022297
-0.032898
0.029870
-0.004317
-0.005245
0.007141
-0.016749
0.009368
-0.028931
-0.004686
-0.011987
-0.004847
-0.003222
-0.004505
-0.008325
0.004638
-0.001989
0.025789
0.005668
-0.019374
-0.008938
-0.004280
-0.011358
0.020495
-0.027803
-0.019319
0.008700
-0.010509
-0.026310
-0.027115
-0.007365
0.001514
0.023777
-0.022869
-0.001233
-0.003854
0.001100
0.009607
0.051602
0.014554
-0.027498
-0.012469
0.006942
-0.014782
0.026997
-0.004789
-0.018061
0.014605
0.000913
0.011554
-0.019137
0.002372
-0.006880
-0.005295
-0.007790
0.008554
0.017768
-0.006141
-0.033464
-0.009270
0.041352
-0.005476
-0.002767
-0.004121
-0.031883
-0.010160
-0.013351
-0.013753
-0.009583
0.000899
0.019508
0.036386
0.051808
-0.005480
-0.018824
0.007139
0.013268
0.001931
0.055217
-0.015722
0.004348
-0.016619
-0.006354
0.004466
-0.000943
0.063393
0.001353
0.006431
-0.006759
-0.006470
0.003628
-0.006431
-0.029186
-0.008547
-0.009083
-0.019557
0.001798
0.017984
0.002638
-0.006742
-0.023313
-0.003258
-0.004664
-0.025788
-0.003437
-0.014374
-0.021916
-0.004611
-0.002881
-0.002390
-0.004300
-0.002349
-0.015125
-0.017986
-0.001213
0.050329
0.013406
-0.004767
-0.018874
-0.002754
-0.013256
0.003432
-0.029041
-0.016661
0.018719
-0.004778
-0.010920
-0.001241
-0.002647
-0.009063
0.002910
-0.019604
-0.021219
-0.007137
-0.015657
-0.003066
-0.009339
0.049918
-0.021746
-0.005169
-0.008682
-0.027994
0.012585
-0.005760
-0.007027
0.001108
-0.006010
-0.005017
-0.001960
-0.009635
-0.007491
0.023981
-0.000263
-0.000089
0.008610
-0.017794
-0.013945
-0.002185
-0.023560
-0.022646
-0.012635
-0.000874
-0.007417
-0.004080
-0.019346
0.005193
-0.005668
-0.004079
-0.026996
-0.002957
-0.009337
0.005849
0.008566
-0.009482
-0.002044
-0.005326
0.004561
0.006723
-0.002646
-0.012918
0.017559
-0.009861
-0.002456
-0.013903
-0.001159
-0.018643
0.006951
-0.011919
0.016670
-0.010759
-0.017748
-0.015829
-0.000909
-0.023131
-0.008792
0.012193
0.000338
-0.011346
-0.003446
-0.000821
0.002538
-0.006401
-0.023650
0.016856
-0.030152
-0.017995
-0.016706
-0.008731
-0.005274
-0.013527
-0.022053
-0.037088
-0.022171
0.005912
-0.020953
-0.008274
-0.005870
-0.015396
-0.004516
-0.005675
-0.000930
0.008792
0.004234
-0.004172
0.005017
-0.006235
0.019679
-0.021333
-0.019609
0.011440
-0.018394
0.002808
-0.021494
0.010162
-0.001316
0.001805
-0.003587
0.013282
-0.001718
-0.001554
0.001969
0.001921
-0.015213
0.013241
-0.006302
0.069401
0.000159
-0.000191
0.000354
0.001493
-0.035390
-0.009465
-0.002103
-0.015137
-0.009064
0.034577
0.020139
-0.034720
0.047657
-0.002102
0.004925
0.007735
0.031589
0.034745
0.005436
-0.017339
-0.007138
-0.006238
-0.021261
0.000248
0.003791
0.003988
-0.027927
0.002188
-0.000320
0.019289
0.002784
0.079027
-0.008202
-0.021379
0.001868
-0.005925
0.003253
-0.005919
-0.017043
-0.014956
-0.009251
0.017591
-0.010213
-0.000777
-0.003023
-0.020140
-0.002995
0.000173
0.014489
-0.014876
-0.003456
0.001027
-0.043631
0.000168
0.002423
-0.013183
-0.005436
-0.014965
0.002098
-0.012906
-0.006297
-0.008643
-0.004365
-0.014727
-0.011423
0.005445
0.024181
-0.000193
-0.024027
-0.004182
-0.003806
-0.000390
-0.012113
0.000310
-0.009768
-0.000513
-0.014476
-0.002647
0.009211
-0.000951
-0.000984
-0.000327
0.017454
-0.002938
-0.008318
-0.005132
0.065616
0.003873
-0.003295
-0.030720
-0.000800
-0.012177
-0.020480
0.030780
-0.001947
-0.020171
-0.015444
-0.053194
0.003072
-0.021449
-0.009615
0.040447
-0.016574
0.001818
0.000015
-0.004914
-0.009454
-0.003928
-0.006261
-0.020218
-0.002560
-0.017737
0.030596
0.005287
-0.008628
-0.021477
0.017634
0.000150
-0.010415
-0.014817
0.044914
-0.011148
-0.018311
0.000640
0.000133
-0.008510
0.095763
-0.007454
-0.018064
0.029771
0.005304
0.005191
-0.102574
0.000496
-0.012501
-0.014314
-0.003680
0.002117
0.026350
-0.018558
-0.008162
-0.012944
0.000567
-0.003777
-0.011917
-0.002031
-0.011750
-0.008173
0.006317
-0.021143
0.001050
0.024108
-0.027311
-0.003574
-0.001951
0.000366
-0.000356
0.005057
-0.004994
0.013296
-0.003271
0.039565
-0.011936
-0.004499
-0.000881
-0.009284
-0.009270
-0.006527
0.001397
-0.019249
-0.002336
-0.000017
-0.005392
-0.009240
-0.004901
-0.003981
-0.017201
-0.014834
-0.007634
0.020518
-0.020958
-0.007066
0.001602
-0.040132
0.002782
0.053179
-0.000551
-0.009302
-0.022670
0.004691
-0.007965
-0.022292
-0.005857
-0.001439
-0.012369
-0.010952
0.013513
-0.037185
-0.000130
-0.002348
-0.000677
0.006235
-0.014147
0.016574
-0.005794
-0.002824
-0.019681
-0.004358
-0.018943
0.062720
-0.012051
0.000292
0.008309
0.000877
-0.005884
0.002126
0.014103
-0.008983
-0.003239
-0.010033
-0.000692
0.004275
-0.000192
0.028365
-0.012437
0.004730
0.007969
-0.026748
-0.010202
0.018217
-0.011782
0.000390
-0.010238
0.004016
-0.012810
-0.015646
0.002813
-0.022528
0.001694
-0.004288
-0.006360
-0.008408
-0.003275
-0.012217
-0.004370
0.002911
0.001619
-0.020766
-0.004220
0.020346
-0.016661
0.000591
0.001777
-0.008541
0.001296
-0.008389
-0.005712
0.007966
0.003909
-0.011284
0.018800
-0.012688
0.001056
0.010237
-0.013645
-0.004010
0.038804
-0.008914
0.003814
-0.007689
0.002612
-0.024108
0.006247
-0.013766
-0.021477
-0.005736
-0.006470
-0.000411
0.006832
-0.012227
-0.002228
-0.014697
-0.016341
0.031752
-0.019652
-0.025329
0.003987
-0.017321
-0.005235
0.060860
-0.000515
-0.007629
-0.000291
0.000245
0.006061
-0.009123
-0.003650
-0.002092
-0.007482
-0.000248
-0.010876
-0.010511
0.024694
0.062078
-0.013709
-0.002428
-0.009624
0.022741
0.007333
-0.014030
-0.008249
-0.025054
-0.006225
-0.008608
0.069291
-0.002396
0.005251
-0.003898
-0.002409
-0.004099
-0.012722
-0.010390
0.015394
-0.004085
0.011262
-0.005933
-0.002621
0.010417
0.005190
-0.005096
-0.007355
-0.037550
0.002605
-0.025337
0.004285
0.019298
-0.015041
0.006548
0.004160
0.021914
-0.010906
0.003599
-0.001118
0.025166
0.024891
-0.007954
-0.002532
-0.076104
0.017074
-0.010000
-0.005300
-0.017690
0.021102
-0.013334
0.081481
-0.013683
-0.028792
0.059624
-0.018087
0.000444
-0.010369
-0.002140
-0.013129
-0.005807
0.038172
-0.010277
0.008674
-0.012392
-0.000554
-0.001234
-0.021133
-0.002485
0.000092
-0.003530
0.037130
-0.000688
-0.009013
-0.001571
0.008458
-0.002217
0.014486
-0.004188
-0.016387
-0.001341
-0.008782
0.000233
0.019572
0.006530
-0.001190
0.025822
-0.007767
0.009008
-0.029213
-0.004136
-0.013774
0.002939
-0.011653
-0.005573
-0.015453
-0.003401
-0.013341
-0.002262
-0.008470
0.025251
-0.012464
-0.013277
-0.020466
0.016269
-0.012677
-0.002956
-0.025766
-0.012227
0.001335
0.008429
-0.002535
-0.015241
0.071022
0.000302
-0.000455
-0.011751
0.009599
0.018163
-0.004702
-0.019679
-0.007689
-0.018345
-0.020110
0.004602
0.007226
0.008803
-0.005964
0.092505
-0.013873
-0.006670
0.000523
-0.010578
-0.009483
-0.002633
0.000579
0.007696
0.004451
-0.007136
-0.018479
0.002030
-0.024533
0.049565
-0.000091
-0.003951
0.010450
-0.000971
0.017140
-0.013273
-0.017405
-0.012041
-0.027342
-0.028721
-0.046090
0.014337
-0.034605
-0.017363
0.006774
-0.019513
-0.006922
-0.001421
-0.003615
0.002219
-0.001119
-0.011907
-0.000959
-0.003614
-0.006340
0.001169
-0.012687
-0.002615
-0.009609
-0.031432
-0.008509
-0.005772
-0.001722
-0.000704
-0.026186
0.002430
0.008935
0.053986
-0.010292
0.001901
-0.003568
0.005109
0.043850
-0.010704
0.000458
-0.015401
-0.008835
-0.018408
0.002127
0.000482
-0.002773
0.008019
-0.010898
0.004456
0.001967
-0.000891
-0.006078
0.020521
-0.000384
0.019883
0.008554
-0.000589
0.002741
-0.005302
-0.011005
-0.005308
0.010282
-0.002535
-0.007555
-0.003082
-0.003018
-0.058273
0.020785
0.048799
-0.003032
0.018779
-0.001916
-0.002926
-0.011056
-0.014680
-0.005730
-0.015862
-0.029110
-0.001705
-0.003113
-0.027341
0.000741
0.007780
-0.000688
-0.021239
0.011555
-0.005287
0.022953
0.015934
-0.017543
0.006080
-0.011018
-0.008168
-0.015303
0.004731
-0.004901
0.022834
0.031020
-0.000533
-0.029128
0.000414
-0.004473
0.001127
-0.000851
-0.037996
-0.006334
0.009397
-0.014338
-0.017948
-0.008628
-0.010686
-0.009453
-0.022405
-0.003754
0.077349
-0.002480
-0.011280
0.018590
0.046316
-0.038612
-0.019571
-0.006237
-0.003017
-0.015055
-0.005141
-0.007486
-0.016787
-0.005775
-0.018456
-0.015779
0.043965
0.006823
-0.004790
-0.001479
-0.001411
-0.003124
0.007768
-0.005216
0.004590
0.008008
-0.018906
-0.024490
-0.046622
0.017486
-0.001871
-0.013091
-0.010855
-0.012882
-0.005621
0.063608
-0.014233
0.000888
-0.003707
-0.013664
0.007306
-0.003316
-0.009749
0.012913
-0.005633
-0.011166
-0.008769
-0.002866
-0.002535
0.006636
0.018075
0.000974
-0.014655
-0.001603
0.000306
-0.004596
-0.005268
0.000550
-0.014577
-0.012074
-0.008652
-0.015557
0.007600
-0.007726
-0.008741
0.062835
-0.014558
0.005617
-0.012452
0.007253
-0.024657
-0.000861
-0.019638
0.009190
-0.008532
0.089133
-0.001550
-0.017996
-0.036567
-0.007684
-0.017997
0.006235
-0.016292
-0.024864
-0.022463
-0.004559
0.000068
-0.010018
0.003256
-0.001756
0.000398
-0.000784
-0.010906
-0.008092
0.001485
0.004967
-0.010200
-0.003581
-0.016083
-0.008782
-0.009152
-0.005218
0.006034
-0.010685
-0.005293
0.001313
-0.013976
-0.004515
-0.014669
0.097178
0.013692
0.002149
-0.013230
0.023244
-0.019808
-0.013902
-0.006455
-0.010447
-0.002593
0.004296
-0.007668
-0.017857
-0.002770
-0.004922
-0.002089
-0.025189
0.003552
-0.010011
-0.003480
-0.038552
0.000289
-0.019097
-0.008793
-0.012192
-0.015810
0.008237
-0.003741
0.067964
0.000705
0.000721
-0.003616
0.038743
-0.018679
0.035403
-0.011071
-0.011475
0.000472
-0.002426
0.003747
-0.005589
-0.017925
-0.001859
-0.005576
-0.003101
-0.002648
0.008888
-0.001916
-0.014501
-0.033703
-0.008652
0.051648
0.003561
-0.011626
-0.011360
-0.006580
-0.008331
0.019178
-0.014793
-0.001521
-0.001967
-0.003649
-0.017758
0.058060
-0.011219
0.017678
-0.006124
-0.008444
0.017828
0.005726
-0.036175
-0.003135
-0.006012
0.074205
0.010367
0.002263
-0.011216
0.002883
-0.007828
-0.004905
0.007317
0.011318
-0.001335
0.031834
-0.024321
-0.028843
0.017483
-0.007617
-0.001430
0.075117
-0.003832
0.005721
0.001500
0.037945
-0.028615
0.038021
-0.009585
-0.019634
-0.015327
-0.015421
0.029128
-0.006851
-0.012604
-0.013380
-0.012944
0.027155
-0.005223
-0.026537
0.009553
-0.010957
0.041043
-0.013705
-0.002007
0.010537
0.009982
-0.004001
-0.007177
0.004560
0.004067
-0.009783
-0.003695
0.014985
-0.015799
-0.020327
0.076631
-0.001835
0.007183
-0.020263
-0.006741
0.002954
-0.009792
0.009283
0.006838
-0.000692
-0.008267
-0.009114
-0.004043
-0.007139
0.002247
0.007338
0.003218
-0.001860
-0.002504
0.080006
-0.018890
0.001470
0.005148
-0.053765
-0.007211
-0.005958
0.006844
0.023892
-0.005888
-0.002104
-0.008511
-0.002010
-0.011979
0.007608
-0.014276
-0.002537
0.013089
-0.005074
-0.008664
-0.009383
0.004093
-0.010336
0.003632
-0.009865
-0.005422
-0.011243
-0.007457
-0.018036
-0.000763
0.005677
-0.016617
-0.012394
-0.010057
0.003317
-0.012560
0.004264
-0.016570
-0.009535
-0.009284
0.005989
0.009331
0.007587
-0.013549
0.009631
0.007152
0.008223
-0.021761
0.035075
-0.002704
-0.010527
-0.015201
0.004211
0.006987
-0.010292
0.008428
-0.004910
0.000783
0.007895
0.066026
0.049054
0.023405
-0.006182
-0.012148
-0.011637
-0.015927
0.001558
0.002991
-0.010152
-0.022623
-0.012398
-0.002943
0.014682
0.007702
0.001540
0.023849
0.025964
-0.011221
-0.004979
-0.022461
-0.002901
0.004451
-0.024931
-0.005626
-0.001484
0.006057
-0.003835
0.004763
-0.019575
-0.030247
0.006995
-0.001075
-0.010449
-0.013951
-0.013301
-0.000123
0.058962
-0.009853
0.005064
-0.000167
0.000831
-0.011340
-0.006420
0.009563
0.002871
-0.000147
-0.026032
0.001028
-0.003515
-0.001189
0.017351
0.059466
-0.020021
-0.006545
-0.002810
-0.017775
-0.003140
0.048934
-0.001311
0.000271
0.009234
0.037007
-0.004948
-0.012972
0.004401
-0.002822
-0.004019
-0.011022
0.002614
-0.012311
-0.019623
-0.011766
0.000847
-0.012051
0.027858
-0.008682
0.005315
-0.003420
-0.000005
-0.013687
-0.016986
-0.005205
-0.000703
-0.008638
-0.003949
0.002986
-0.001257
-0.011367
-0.000949
-0.001675
-0.039467
-0.000490
0.008174
-0.003874
-0.005140
-0.024099
0.014777
0.011979
-0.023485
-0.009086
-0.000364
0.055613
-0.005889
0.006767
0.028671
0.002747
0.001361
-0.006931
-0.027100
-0.009807
-0.006517
0.003689
-0.008342
0.101262
0.001954
-0.009133
0.063087
0.012507
-0.002570
-0.004926
0.008211
-0.008375
-0.009262
-0.004721
-0.020644
0.030269
-0.008332
0.001401
-0.011217
-0.003200
-0.012347
-0.011400
-0.002548
0.007974
-0.033340
-0.009459
0.011254
0.006593
-0.001976
-0.004365
-0.021156
0.013430
0.068269
-0.018997
0.001958
0.039770
0.010292
-0.015884
-0.009605
0.017683
0.006112
-0.011630
-0.004379
-0.012620
-0.004464
-0.010520
-0.015663
-0.002925
0.009989
0.004793
0.019180
-0.001527
0.004164
0.033166
0.001699
-0.006276
0.001257
-0.025635
0.000213
-0.007453
-0.018534
-0.026938
-0.001315
-0.017752
-0.013689
-0.010781
0.016025
0.004400
-0.025020
0.017499
-0.003735
0.001783
-0.017272
-0.008890
-0.003697
0.023561
-0.014708
-0.006306
0.000474
0.002322
-0.005511
0.005383
-0.003044
-0.000410
0.004437
0.018976
-0.017861
0.019850
0.003057
0.025565
0.121126
0.009696
0.006433
-0.019180
-0.025684
-0.003064
-0.013524
0.038690
0.004666
-0.000127
0.026261
0.053266
-0.000109
-0.013521
-0.019205
-0.015717
-0.002281
-0.002801
-0.009824
0.006210
-0.017305
0.010164
0.016859
0.004365
-0.014348
-0.018112
0.048896
0.100479
-0.002066
-0.022039
-0.018854
-0.009827
0.023454
0.011306
-0.025148
-0.005001
-0.003643
-0.005867
-0.002028
0.001891
0.004081
-0.000267
0.012069
-0.004900
-0.039635
0.003071
-0.040827
-0.030061
-0.008183
0.100958
0.087118
0.040365
-0.024973
-0.017279
-0.003571
-0.001558
-0.005500
-0.001988
0.001383
0.003820
-0.009661
0.006772
0.013994
-0.009389
-0.025637
-0.001853
-0.005308
0.003582
-0.021752
-0.001291
-0.016441
-0.001101
0.000141
-0.006561
-0.002145
0.040514
0.005262
0.003114
-0.006964
0.002829
0.007165
-0.018879
0.012227
0.006193
-0.012467
0.003002
-0.013433
0.080154
-0.003087
-0.008106
-0.000048
-0.007887
-0.017370
-0.011166
0.011402
0.011950
-0.007663
0.000483
0.011002
0.003211
-0.011947
-0.015921
-0.008791
-0.003829
-0.006040
-0.004622
-0.016194
0.045508
-0.032592
-0.010219
0.002051
-0.010690
0.088000
-0.002234
0.006291
0.006872
-0.008665
-0.010769
0.009632
-0.014384
-0.009517
-0.017430
-0.021951
-0.013691
-0.042210
-0.005019
0.020126
-0.003511
-0.011755
-0.013056
-0.019680
0.000458
0.004215
0.002134
-0.017274
0.023516
-0.008502
-0.008748
0.005446
-0.002560
-0.010131
-0.001374
-0.015520
-0.011520
-0.017890
-0.002991
0.050305
0.000059
-0.002031
-0.018996
-0.005382
0.041722
0.019850
-0.006569
-0.004524
0.004873
0.012408
-0.014232
-0.007392
-0.031551
0.000403
-0.016957
-0.002195
-0.008147
-0.039833
-0.008281
-0.009800
0.001776
0.005090
-0.007281
-0.013143
-0.000247
-0.021734
-0.010438
-0.000875
-0.000145
-0.009260
-0.022825
0.004027
-0.001037
0.013541
-0.024600
0.000395
-0.006829
-0.005912
-0.000474
-0.003995
-0.017463
-0.012600
-0.008727
0.026316
-0.000823
-0.011687
-0.011681
-0.009208
0.005886
-0.018021
-0.007521
0.023135
-0.020717
0.000187
-0.004058
-0.014625
-0.006711
-0.010585
-0.010767
-0.000614
-0.017121
-0.005306
-0.015817
-0.006631
0.010324
-0.001392
0.009150
-0.026163
-0.003357
-0.021174
0.016187
0.003867
0.005170
0.000432
0.071877
-0.009988
-0.010542
-0.003218
-0.003956
-0.019647
-0.058746
0.008990
-0.020003
0.006406
-0.012322
-0.014339
0.004696
0.007864
-0.002680
-0.009790
-0.006630
-0.019480
-0.011185
-0.003926
0.015423
-0.017986
-0.003300
0.003542
-0.002533
-0.003893
0.017259
0.010410
0.013320
-0.001259
-0.008905
-0.006862
-0.006645
-0.020783
0.003003
0.027184
-0.018230
-0.013553
0.031398
-0.014488
0.002646
-0.013642
0.005773
-0.011519
-0.016158
-0.018072
-0.005753
-0.004827
0.023008
-0.002174
0.009407
-0.012521
-0.001243
-0.022757
-0.007667
0.001157
0.005027
-0.019368
-0.027242
0.126513
-0.016170
-0.014254
0.001539
-0.012087
-0.023638
-0.009603
-0.008048
-0.024853
-0.010873
-0.007434
0.003403
0.004551
0.056710
0.065559
0.015973
0.020419
-0.006771
-0.010308
0.043362
-0.010209
-0.014060
-0.006966
-0.015250
-0.018770
0.012093
-0.011384
-0.012304
-0.004185
-0.025581
-0.007172
0.055082
-0.005692
0.000325
-0.014013
-0.008048
-0.010445
0.003791
0.044405
0.097450
0.008519
0.013951
-0.003870
-0.011219
-0.012850
-0.001560
-0.020769
0.013215
-0.005025
-0.002310
-0.009503
-0.015073
-0.014985
-0.005726
-0.008287
0.064797
0.000015
-0.007053
-0.010885
-0.009061
0.015535
0.006738
0.005310
-0.006249
0.092941
0.000512
-0.004292
-0.007253
-0.009056
-0.012655
0.014383
0.071834
-0.011429
-0.020160
-0.005802
-0.001276
-0.012564
0.064327
0.004007
0.040853
-0.015947
-0.001065
-0.004203
-0.013229
-0.001329
-0.002067
0.008811
0.054024
0.000704
-0.004338
-0.028388
-0.002745
-0.000925
-0.005139
-0.013593
-0.003203
-0.011928
-0.014463
-0.029978
0.057909
0.004029
-0.003202
-0.002605
-0.017076
0.000116
0.019880
-0.008150
-0.024487
-0.006066
-0.000224
-0.011268
-0.006118
-0.035318
-0.027836
-0.001199
0.035585
-0.015850
-0.000218
-0.001216
-0.017849
-0.039729
-0.017774
-0.004402
0.001225
0.017119
-0.012933
0.033235
-0.012939
-0.008917
-0.009494
-0.012942
0.011234
-0.002846
-0.015639
-0.005029
0.039933
-0.000722
0.001575
-0.006659
-0.008104
-0.005638
-0.022569
0.000460
-0.012720
-0.003911
-0.002402
0.009031
-0.038184
0.002044
-0.011503
-0.021225
0.003342
0.020426
0.030412
0.078135
0.052545
0.004986
-0.008267
-0.003135
0.001845
0.005095
-0.026038
0.000256
-0.006741
-0.002893
-0.002097
0.018837
-0.012968
0.001267
-0.006022
0.008148
-0.010241
0.008828
-0.047148
0.063773
-0.005298
0.000243
-0.021147
-0.016929
-0.008462
-0.002670
-0.007960
-0.000082
0.032368
-0.006972
0.001197
-0.028183
-0.008669
0.008741
-0.007185
-0.001385
0.023653
0.011549
-0.012369
-0.010326
0.019730
-0.003922
0.000829
-0.000132
0.005435
-0.004494
-0.001439
0.009886
-0.015019
-0.008397
-0.002014
-0.006711
-0.014351
0.097885
-0.024551
0.001243
0.002111
-0.009367
-0.008930
-0.009377
-0.008710
-0.006711
0.044744
0.019564
-0.002540
-0.011938
-0.012722
-0.010918
0.053388
-0.008763
0.005222
-0.013743
-0.005567
0.054845
-0.031148
0.013711
-0.006424
0.000319
-0.003618
-0.020760
-0.006926
-0.002717
-0.009125
-0.005056
-0.009816
-0.001124
-0.014026
-0.007620
-0.009990
0.005442
-0.000509
-0.007707
-0.016243
-0.016321
0.002753
-0.001033
-0.002190
-0.008496
-0.033311
0.003876
-0.018665
-0.001950
-0.004822
-0.006285
-0.032915
-0.011187
-0.013964
-0.000011
-0.007868
-0.000059
0.000338
-0.004772
0.004319
-0.003949
-0.008093
0.036851
-0.019153
0.003206
-0.003249
-0.009529
-0.011933
-0.015320
0.001357
-0.003888
-0.000314
-0.024748
-0.008986
0.002107
-0.034274
-0.010411
-0.001083
-0.019121
0.007188
-0.019138
0.008739
-0.009131
-0.019876
-0.008716
-0.003590
-0.007347
0.002198
0.002041
0.015829
-0.005452
0.014977
-0.006008
-0.008570
0.000215
0.000832
0.000691
-0.004004
-0.009538
-0.006296
-0.017805
-0.012444
-0.006623
0.015994
-0.008925
-0.029322
0.051772
-0.014823
0.065679
-0.031954
-0.012435
-0.010372
-0.010483
-0.021126
-0.011673
-0.001096
-0.008969
0.000202
-0.006596
-0.003681
0.009107
-0.001392
0.001508
0.084222
0.086559
-0.034190
-0.014532
0.009250
0.001415
-0.015917
-0.009150
0.008709
-0.001372
-0.005518
0.008984
-0.000203
0.002092
0.020377
0.016563
-0.015923
-0.009524
0.133041
-0.003727
0.006616
0.009419
-0.001841
0.001071
-0.001674
0.013824
-0.003075
-0.002028
0.092694
0.002183
0.036421
-0.018764
0.000304
0.017584
0.007106
-0.022669
-0.011915
0.004074
-0.000332
-0.002468
0.047897
-0.006762
-0.002716
-0.022144
0.070373
-0.010360
-0.000713
0.041439
0.124328
0.009036
0.037101
0.020278
-0.022769
0.012727
-0.001436
-0.006034
-0.007946
0.007190
0.019100
0.008679
-0.007311
-0.009569
-0.002149
-0.012520
-0.004576
-0.010066
0.001814
-0.005526
0.048099
0.005815
0.010751
-0.006280
-0.013654
-0.025295
-0.006007
-0.012814
-0.001094
-0.003410
-0.010567
0.004293
-0.010429
0.009627
0.017844
-0.002708
0.004936
-0.007179
-0.016898
-0.011050
-0.001491
-0.006025
-0.002762
0.004412
0.001054
0.010145
0.034614
0.005844
-0.002432
-0.012118
-0.018336
0.007737
0.031430
-0.011475
0.037339
-0.006468
0.019829
-0.009333
0.016754
0.005938
-0.011693
0.028280
-0.014401
0.075303
-0.015366
-0.001515
-0.003447
-0.008038
0.037824
-0.001680
-0.000635
0.005825
-0.002723
-0.004514
-0.006465
-0.026951
0.013829
-0.005742
-0.008189
-0.008582
-0.000060
-0.005165
-0.001031
-0.006454
0.000957
-0.000025
-0.011249
0.038926
-0.001762
0.074757
0.000956
0.044577
0.000766
-0.012318
-0.007475
0.002609
-0.078916
-0.004523
-0.029152
-0.001559
0.085331
-0.012929
-0.019390
0.007323
0.003398
-0.007843
-0.000531
-0.001715
0.000192
0.036283
-0.009466
0.058777
-0.010657
0.026965
-0.003845
-0.005223
-0.003280
-0.022107
-0.022414
-0.001640
-0.013428
-0.009102
0.008662
-0.014145
-0.002064
-0.041868
-0.007154
-0.012025
-0.008642
-0.007705
0.017520
0.012478
0.014411
-0.020717
0.025075
0.000096
-0.001408
-0.015187
-0.010859
0.014552
0.008491
-0.012674
0.011076
0.006563
0.007720
-0.003581
0.000456
-0.003515
0.003260
-0.008121
-0.008815
-0.006020
-0.034839
0.012676
0.010401
-0.033716
-0.003022
-0.010777
-0.001517
-0.007267
0.026267
-0.015917
0.007113
0.003755
0.001401
-0.000733
-0.004814
0.062231
0.008899
0.005404
-0.004677
-0.017249
-0.006250
-0.001869
-0.012341
0.008547
-0.016127
-0.015563
-0.002493
0.000319
0.000856
-0.001498
-0.010593
-0.012103
-0.009391
-0.009064
-0.007120
-0.007117
-0.015492
-0.005045
0.030946
-0.001266
-0.026828
-0.013348
-0.010740
0.022859
0.021537
0.012549
-0.000970
0.007703
0.067584
0.007008
0.038677
-0.011059
0.001367
0.014484
-0.001278
0.090531
-0.001336
0.038791
-0.005787
0.036604
-0.003721
-0.000204
-0.014051
0.002365
0.005252
0.002790
-0.009305
-0.027920
0.003159
-0.014699
-0.008648
-0.005582
-0.004776
-0.000101
0.000755
-0.011654
-0.007104
0.026777
-0.014003
-0.008507
0.000251
-0.009804
-0.007522
-0.008190
0.001748
0.003872
0.005509
-0.004952
-0.002991
0.002312
-0.001750
0.027986
-0.019301
-0.002919
-0.045368
-0.024759
0.006979
0.006495
0.015234
-0.006144
0.014064
-0.007349
0.017201
0.062309
0.026123
0.004450
-0.011145
-0.011280
-0.004970
-0.002253
-0.001214
0.004078
-0.006893
0.013353
-0.015276
-0.012029
-0.011666
-0.011910
0.001684
0.006567
-0.003926
-0.004846
-0.024891
0.009541
0.006299
0.034994
0.048579
-0.019783
0.003223
0.000791
0.000674
0.005800
-0.005250
0.039085
-0.005721
0.012569
-0.004144
-0.014093
0.006040
-0.014897
0.007175
-0.018148
0.003342
0.000712
0.010524
0.022841
-0.006447
0.021795
-0.001868
-0.009670
-0.001672
-0.004862
-0.001534
-0.004759
-0.005312
0.002831
-0.014109
-0.005813
-0.009507
-0.001179
-0.008062
-0.008150
0.006230
-0.015558
0.027328
-0.016701
0.003101
0.005109
-0.003687
-0.018200
-0.002958
-0.004887
-0.002387
-0.007108
-0.007761
0.003406
-0.003763
-0.012773
0.073281
-0.002432
0.005570
-0.008134
0.028121
0.042415
0.000734
-0.012932
-0.012896
-0.005991
-0.034724
0.023571
-0.015698
-0.000803
0.010797
-0.013832
-0.019646
-0.007764
-0.003252
0.004779
-0.006972
0.013021
-0.003873
0.004429
-0.003815
-0.004319
-0.049602
0.026236
-0.027976
-0.009857
-0.007687
-0.005311
0.005319
0.014961
0.012703
-0.022602
0.013436
-0.002958
0.015808
0.001579
-0.010996
-0.003123
-0.004450
-0.007753
-0.005267
-0.006836
-0.012095
0.001092
-0.016277
-0.008135
-0.017159
-0.005040
-0.005967
-0.003020
0.009718
-0.007314
-0.008463
0.005875
-0.032268
-0.020347
0.001673
0.006282
0.064182
0.002042
-0.041282
0.014782
0.032822
0.006135
-0.010713
0.081228
0.008749
-0.004509
-0.007514
0.008237
-0.002198
-0.025947
0.007698
0.006101
-0.018615
0.013670
-0.011917
-0.006890
-0.003675
-0.010039
0.075491
-0.009874
-0.000693
0.002574
-0.014652
-0.001449
-0.002271
-0.014227
-0.001582
-0.003241
0.001537
-0.010025
-0.019648
-0.012819
0.004170
-0.009269
0.019180
-0.000745
-0.015244
-0.009862
0.028872
0.008637
-0.010352
0.001053
-0.005197
0.009352
-0.050772
0.000139
-0.009430
-0.008352
-0.013396
-0.005063
0.005098
0.002192
0.076741
-0.006750
0.018148
0.006026
-0.010309
-0.003303
-0.004312
0.005022
-0.019523
-0.006154
0.016754
0.069165
0.021032
-0.009828
0.000750
-0.018661
-0.004385
0.007695
-0.010193
-0.009029
-0.023871
0.001232
0.001538
-0.024069
-0.016005
-0.005245
0.047390
-0.001210
0.002369
0.007133
0.007644
-0.012003
-0.003526
0.001745
-0.034828
0.064337
0.022522
-0.005592
-0.014995
0.048248
-0.014904
-0.011028
-0.014338
0.004036
-0.023199
-0.017273
0.025002
-0.010320
-0.022419
-0.004938
-0.017783
-0.014058
0.073740
0.007563
-0.018173
-0.007671
-0.005598
-0.015040
-0.005873
-0.018931
-0.019992
-0.006943
0.006272
-0.000572
0.005859
-0.001496
-0.006407
-0.017248
-0.000799
-0.000454
-0.005031
-0.004475
-0.002101
0.000103
-0.001686
-0.016227
0.010719
0.015248
0.061070
0.000684
-0.008080
-0.013399
-0.007928
0.028776
-0.010777
-0.023004
0.005549
-0.013868
0.044369
0.000911
0.000857
0.011157
-0.006792
0.004144
0.005779
-0.008102
0.006980
-0.008091
0.000608
-0.003465
-0.010294
0.002547
0.006483
-0.058397
0.000108
0.012795
-0.011687
-0.006926
-0.006128
0.009935
-0.003701
-0.006671
-0.007075
0.000016
-0.006177
-0.012735
-0.006822
-0.013049
-0.006233
0.004757
-0.004043
-0.016204
-0.001498
-0.003840
0.001529
0.004840
0.000956
-0.012610
0.003280
-0.015827
-0.005502
0.019653
0.013328
0.006999
-0.001120
-0.018409
-0.008093
0.003310
0.001340
0.003179
-0.012555
-0.013169
-0.001770
-0.017041
0.042093
-0.008743
0.143842
-0.007540
-0.006109
-0.003320
-0.005165
0.010623
-0.004423
-0.007700
-0.013767
0.053994
-0.012984
0.000089
0.006087
0.001855
-0.020749
-0.006800
0.011559
0.015072
-0.011107
0.006951
-0.007301
0.011271
-0.009538
0.002073
0.025640
-0.006554
0.001451
-0.003114
0.003588
0.004715
0.005907
0.044311
0.000335
-0.058296
0.024093
-0.015921
-0.004900
0.001544
0.062681
-0.006193
-0.022488
0.004402
0.005691
0.005508
-0.006354
-0.013590
0.009105
0.038105
-0.002176
0.010915
-0.000697
0.000444
-0.002474
0.000966
-0.002444
-0.001582
-0.020499
-0.016652
0.036283
-0.017635
-0.025401
0.000534
-0.002881
-0.005641
-0.018642
0.042145
-0.004002
0.002037
-0.004357
-0.001388
-0.000839
-0.000448
-0.005061
0.004254
0.007269
-0.002672
-0.000021
0.000857
0.011582
-0.013504
-0.006958
-0.017448
-0.003995
-0.002677
-0.042302
-0.005326
0.003673
-0.018468
0.001624
-0.020409
-0.008825
-0.001980
-0.018834
0.011755
-0.004650
0.001218
-0.023200
-0.011507
-0.001807
-0.013500
-0.010185
0.051509
-0.000095
0.014271
-0.002782
-0.003228
-0.006341
0.002589
0.019898
0.006822
-0.004521
-0.005597
-0.020366
-0.002739
0.007511
0.015462
0.014453
-0.002079
0.001842
0.047145
-0.005421
-0.012103
0.001890
0.009665
0.037898
-0.000444
0.042094
0.045444
-0.008447
0.011111
-0.011913
-0.001998
-0.016886
0.009093
-0.019115
0.040839
-0.014555
0.012583
-0.001028
-0.039323
-0.004953
-0.000617
0.123218
-0.007775
-0.007538
-0.010476
-0.009747
-0.018406
-0.024772
0.016908
-0.016410
-0.015300
-0.008893
-0.003621
-0.011638
0.002849
0.001893
-0.020440
-0.014885
-0.004045
-0.030745
-0.003293
0.005376
-0.006444
-0.034696
-0.007763
-0.015829
-0.001360
-0.023602
0.001798
0.042202
-0.032146
0.056852
-0.004064
-0.020457
-0.024473
0.009896
-0.004442
-0.005801
0.011800
-0.000033
0.042127
0.008688
-0.008780
0.012661
-0.006758
-0.011565
0.011235
0.026209
-0.008495
-0.005280
0.012930
-0.012393
0.002754
-0.019457
-0.002087
-0.002162
0.005714
-0.020805
0.010699
0.003240
-0.004119
0.039969
0.029014
0.000890
-0.017602
0.038886
0.008931
-0.007075
-0.004617
-0.028724
-0.006996
-0.043740
-0.010606
-0.016317
0.016495
0.000771
-0.033955
-0.003334
-0.008151
-0.001742
0.043719
-0.030810
-0.009221
0.159992
0.009431
-0.002224
0.003526
-0.008263
0.004415
0.010898
-0.006531
0.004580
-0.012122
0.001299
-0.000508
0.013930
-0.001356
0.079294
-0.015141
-0.002879
-0.004227
-0.015610
-0.015831
-0.001781
-0.006623
-0.005152
-0.016370
-0.015109
0.001690
-0.003365
-0.010024
-0.018189
-0.006973
0.025104
0.000388
-0.008710
-0.001587
-0.023641
0.032150
-0.014155
0.037678
-0.001334
-0.010611
0.006183
-0.019291
-0.000360
0.008134
-0.047171
-0.003006
-0.001513
-0.021453
0.002354
0.001691
0.000809
0.029657
-0.004043
0.021290
0.010798
0.075369
0.078652
0.006400
0.073095
-0.006149
0.042594
-0.023288
0.000739
0.006247
-0.017368
-0.005860
-0.006661
-0.003709
-0.034394
0.004035
0.005922
-0.009301
-0.005178
-0.015597
-0.004605
-0.025146
0.024968
-0.005109
-0.007317
0.014691
0.002334
-0.003488
0.009068
-0.024127
-0.002100
-0.004594
-0.005308
-0.004474
0.004868
-0.005303
0.010816
-0.004831
-0.006220
-0.004910
-0.009124
-0.004755
-0.021766
-0.012573
-0.018957
-0.003098
-0.000656
-0.004300
-0.015985
0.113232
-0.004238
-0.020400
-0.009768
-0.008434
0.018358
0.006999
0.002001
0.003530
0.003490
0.011000
0.002230
-0.001883
0.005663
0.013118
0.019166
0.000245
0.002991
-0.010887
-0.000416
0.000432
0.006595
-0.026551
-0.006120
-0.022517
-0.008743
0.044288
0.082342
0.007705
-0.024425
-0.011572
0.001902
0.003405
-0.008113
-0.021298
-0.009527
0.010658
-0.003112
-0.008883
0.007325
-0.001188
-0.000768
0.022880
-0.020588
-0.001632
0.005736
-0.019659
-0.020914
0.020306
-0.020362
-0.010825
-0.002945
-0.026386
-0.010670
-0.014365
0.020116
-0.006792
-0.005154
-0.015336
-0.000836
0.002069
0.000805
0.006635
-0.012816
-0.017686
0.001630
0.021702
0.070128
-0.000040
-0.002043
0.019863
-0.008597
-0.007037
-0.030524
-0.015761
-0.003740
-0.006096
-0.000316
0.019574
-0.001320
-0.020440
-0.020919
-0.024372
0.001369
0.019294
-0.012399
-0.002348
0.054783
0.006778
0.056901
-0.004825
-0.001481
-0.006320
-0.009629
0.012183
-0.014297
-0.001030
0.004378
0.062630
0.001943
0.003111
-0.014571
0.006319
-0.001120
-0.008853
0.009063
0.002748
-0.014975
-0.005537
0.001652
-0.014116
-0.005607
0.018202
0.014842
0.003054
0.031527
-0.023965
-0.010335
-0.003637
-0.015258
0.011116
-0.022179
-0.002809
0.097848
0.001276
0.025969
-0.001987
-0.008963
0.013172
0.000392
-0.006338
-0.000781
-0.004022
0.004590
-0.002219
-0.012486
-0.003025
-0.004829
0.013977
-0.009463
-0.020183
-0.033178
-0.009051
0.024259
0.031024
-0.011707
-0.000960
-0.014472
-0.014224
-0.001426
-0.004952
0.035664
-0.011330
0.070500
-0.010225
0.009519
-0.004605
-0.003852
-0.000854
-0.003505
-0.003467
-0.003884
0.101868
-0.002670
0.015527
-0.012567
-0.007006
0.002251
-0.002879
-0.019366
-0.005541
-0.006803
-0.021457
0.004488
0.080553
0.000581
0.003223
-0.003839
0.007341
-0.011800
-0.005927
0.004128
0.035946
-0.010516
-0.005299
-0.008170
-0.015913
-0.017021
-0.012432
0.003140
-0.005109
-0.020427
0.004608
0.050488
-0.000409
0.063879
-0.009184
-0.011450
0.009911
0.005476
0.001634
0.009775
0.010200
0.002049
-0.001200
-0.007895
-0.013605
-0.000850
-0.036820
-0.009317
0.000190
-0.005311
-0.015506
-0.008433
0.005726
0.001710
-0.009467
-0.010898
-0.002922
-0.007038
-0.006165
-0.002222
0.000790
-0.001504
-0.006395
0.001982
-0.002072
0.005355
0.008352
0.002454
-0.002117
0.001205
-0.000753
0.014536
-0.009467
0.009929
0.095632
-0.009893
0.003729
-0.002102
-0.000087
-0.009223
0.005129
0.005108
-0.018737
-0.010627
-0.010530
-0.005468
-0.019915
0.003868
-0.017116
-0.010245
-0.012545
-0.002365
0.011115
-0.001760
0.033862
-0.002454
-0.009788
-0.022281
-0.002043
-0.003240
-0.006337
-0.011445
-0.019554
-0.001709
0.001791
-0.001375
-0.004508
0.004298
-0.005379
-0.007057
-0.009069
0.000934
-0.023482
-0.000634
-0.015715
0.000809
-0.001027
0.001340
-0.020925
0.005361
-0.010319
-0.015643
0.003699
0.000638
0.012282
0.008664
-0.010099
0.027594
-0.030004
0.000212
-0.013726
-0.002276
-0.004830
-0.003702
0.073385
-0.021011
-0.011268
-0.000535
-0.012095
-0.003182
-0.003727
-0.044450
0.015234
-0.007409
-0.016217
0.005717
-0.018806
-0.029591
-0.010887
-0.005584
-0.014832
0.001668
0.003113
0.051135
0.013116
0.007198
-0.001906
-0.005677
-0.002462
0.001348
-0.013732
0.008380
-0.006948
-0.008989
-0.005158
0.003509
-0.008533
-0.023100
-0.009396
-0.017966
-0.001927
-0.006259
0.003902
0.015252
0.008208
0.000248
-0.004066
0.002214
-0.000099
-0.009009
-0.007238
-0.029652
0.102079
0.033183
0.004146
-0.016816
-0.010673
0.000943
-0.002765
-0.009207
-0.005162
-0.003210
-0.008269
0.001706
-0.014510
0.051221
-0.038039
-0.011174
-0.014947
0.000909
0.046890
0.037785
0.060376
-0.007871
-0.007369
-0.002057
-0.009467
0.003361
0.001193
0.000385
-0.004919
-0.007053
-0.023960
0.010043
0.020385
0.016429
0.024552
-0.009210
-0.032753
0.008923
0.005439
0.009839
0.002894
0.001396
-0.012534
-0.012384
0.009154
-0.000131
-0.007792
0.031014
-0.009541
-0.011134
-0.011512
-0.003183
-0.036201
0.003777
0.032477
-0.001394
0.004595
0.001100
0.002112
0.003719
0.030404
-0.009878
-0.000979
0.060820
0.024628
-0.010790
-0.016964
-0.008313
-0.000860
-0.007259
-0.008025
0.003926
0.001679
-0.006735
0.008895
0.027488
0.002942
0.004640
-0.004174
-0.000041
-0.002494
-0.008973
0.007379
-0.013670
0.050938
-0.017438
-0.007441
-0.005508
0.012795
0.100268
0.063932
0.010297
-0.019442
-0.035624
0.003373
-0.012561
-0.010587
0.000219
-0.009317
-0.005502
-0.000529
0.002858
-0.004025
0.004447
-0.013143
-0.013313
0.024361
-0.004673
-0.024250
-0.007435
0.001548
-0.003900
0.013471
0.113868
-0.034297
-0.009564
-0.004771
0.007620
-0.011967
-0.020696
-0.017841
0.002496
0.012236
0.006975
-0.010573
0.001214
0.005376
0.000941
-0.012187
-0.004571
-0.031210
-0.003035
-0.010419
-0.003250
-0.001342
0.017421
-0.007243
-0.005248
-0.000964
-0.005618
-0.000840
0.003703
-0.005971
-0.002575
0.005598
-0.003139
-0.024050
0.002340
-0.018586
-0.009072
-0.005857
0.003908
-0.001473
0.000556
0.002169
-0.000808
0.010009
-0.016475
-0.014249
-0.002046
-0.011148
-0.011386
-0.006543
0.005105
0.001746
-0.003020
0.020516
-0.012402
0.063681
-0.014358
-0.010642
-0.003426
0.009811
-0.030759
-0.014130
-0.005183
-0.005863
0.024167
0.011129
0.003134
0.002371
0.110890
-0.006992
0.000868
0.001198
0.012039
-0.000139
-0.007865
-0.006739
0.004955
-0.018783
-0.001367
0.002916
-0.002195
-0.001360
-0.019166
0.085734
-0.000215
-0.002138
0.001287
-0.000985
-0.000524
-0.002290
-0.000079
-0.010539
-0.005986
-0.000272
0.000956
-0.003403
0.005466
-0.040124
-0.014492
-0.006321
-0.013377
-0.009434
-0.000309
0.006032
-0.005604
-0.002725
0.005475
0.001607
-0.008323
-0.008458
-0.014474
-0.019032
0.001202
0.010099
-0.004624
0.000549
-0.013840
0.002704
0.003097
-0.003942
0.016291
0.001064
-0.009748
-0.010339
-0.004023
-0.000911
0.000000
-0.000276
-0.000563
0.002226
-0.000615
-0.006538
0.138593
0.002281
0.071097
-0.002977
-0.005526
-0.005285
0.001130
0.018185
-0.006913
0.002998
-0.017283
-0.017745
0.002041
-0.002379
-0.010798
-0.009074
-0.006175
-0.002645
0.007969
0.021680
-0.004466
-0.001581
0.000973
0.012569
0.004502
-0.009905
0.001809
-0.003570
-0.000396
-0.004917
-0.002413
-0.004314
-0.004647
0.017797
0.010734
-0.003788
-0.011030
0.004427
0.006974
0.000421
-0.011100
0.002836
-0.000088
-0.000561
-0.011136
-0.005348
-0.005583
0.007532
-0.000577
-0.001480
0.004156
-0.000824
-0.005953
0.002684
-0.002972
-0.001580
-0.006947
-0.001338
0.001979
-0.009836
-0.004944
0.032181
-0.011529
-0.001682
-0.003186
-0.009759
0.007514
0.003928
0.000842
-0.003125
-0.012967
0.003352
-0.018176
0.013368
-0.001816
-0.003423
-0.009508
0.005268
0.012388
-0.005456
-0.005391
0.016748
-0.001543
-0.023668
0.011287
-0.004276
0.004582
0.001751
-0.006069
-0.001901
0.002265
-0.003139
0.003833
0.004508
0.006113
-0.003389
0.001141
-0.000088
0.002592
-0.007901
-0.004462
0.002267
-0.007019
-0.006919
0.000536
-0.000361
-0.012662
-0.009049
0.036363
-0.000142
-0.002592
0.000950
0.001193
-0.000177
-0.008560
0.001218
0.000781
0.004664
-0.008404
-0.010274
0.004189
0.000209
0.093425
-0.013457
-0.000452
0.009201
-0.004963
0.023348
-0.006221
-0.012532
-0.000585
-0.010051
-0.002947
0.000673
0.003483
-0.001924
-0.005515
-0.004205
-0.006900
0.005302
-0.010553
-0.013830
-0.000326
-0.003255
-0.000303
-0.008743
-0.010163
-0.007606
-0.006065
-0.009190
-0.006643
-0.005498
-0.013447
-0.007504
-0.002670
-0.014204
0.021529
-0.005853
-0.018244
-0.002261
-0.003397
-0.004173
-0.011836
0.053695
-0.000132
-0.006852
0.000542
-0.001790
0.003988
0.005858
0.009777
-0.002385
0.023054
-0.003167
-0.004254
-0.005179
-0.002923
0.001011
0.001170
-0.001412
-0.003171
-0.001511
-0.019481
0.000797
0.002099
-0.005639
0.001852
-0.005619
-0.002691
-0.002765
-0.000933
0.012953
0.006034
0.051535
-0.017751
-0.018218
0.006461
0.000708
-0.020180
0.007442
-0.025964
0.006487
-0.008605
-0.013158
0.008193
-0.007202
-0.000392
-0.011100
-0.010585
-0.000609
-0.006393
0.013639
0.031379
0.005738
-0.025741
0.008168
-0.001150
0.019044
-0.002288
0.027550
0.046991
0.006029
-0.010008
0.001129
0.001032
0.044345
0.006915
-0.003966
0.077953
-0.015857
-0.017594
0.019826
0.027990
0.039251
0.030485
-0.014489
-0.014960
-0.015906
0.000202
0.006018
-0.009025
0.077043
-0.025469
-0.039248
0.095166
0.048833
0.065156
0.012545
-0.008859
0.001357
-0.005734
-0.010635
-0.001797
-0.005749
-0.015265
-0.006267
-0.007619
-0.001979
-0.008238
-0.003996
0.007393
0.017035
-0.008920
0.007199
0.003629
-0.002184
-0.025813
-0.005653
-0.000294
-0.003349
0.004858
0.016671
0.000163
-0.008887
-0.002223
-0.003135
-0.007063
0.002296
0.009549
0.011332
-0.006582
0.000403
-0.005756
-0.003980
-0.013143
-0.008142
-0.006244
0.001356
-0.004911
0.031853
-0.018755
0.006792
0.022309
0.042398
0.061343
-0.005787
0.043897
0.003879
0.001771
-0.027390
0.000405
-0.016626
-0.015511
0.008801
-0.007932
-0.001409
-0.002220
-0.012401
0.006308
-0.017635
-0.000451
-0.009344
-0.008600
0.002361
-0.008280
0.007555
-0.000070
-0.007402
-0.004237
-0.010184
-0.005121
0.008656
0.000364
0.003733
-0.000561
0.000489
0.050694
-0.006160
0.005526
0.007866
-0.001345
-0.022704
-0.009945
-0.004307
-0.007016
0.001581
-0.018415
-0.007930
0.009980
-0.008117
-0.005241
-0.006538
-0.001904
0.006677
0.002267
-0.019998
-0.002764
-0.006701
0.011104
-0.004467
-0.004384
-0.007904
-0.003505
-0.015989
-0.005169
0.089268
0.009238
0.047548
-0.007167
0.014273
-0.019678
-0.003680
-0.008622
0.012698
-0.007849
0.000114
-0.002626
0.000530
-0.006611
-0.004455
-0.001933
-0.017162
-0.003317
-0.000070
-0.004125
0.037072
-0.005223
-0.004773
-0.003435
-0.004473
-0.003630
0.095656
0.001532
-0.006124
0.001793
-0.032354
0.003848
-0.004262
0.000884
0.103203
0.003327
-0.002515
0.000185
-0.008050
-0.005544
-0.005599
0.005871
0.003407
0.015286
0.046651
0.023568
-0.006979
0.004998
0.054307
-0.000805
0.064483
-0.019539
0.003557
0.005790
0.012056
-0.000493
-0.004145
0.007562
0.000868
0.006867
0.002415
-0.005140
0.007556
0.008174
-0.012420
-0.000658
0.010766
0.005942
0.006849
0.001947
