-0.000014
0.004420
-0.004662
-0.002594
0.005909
-0.003954
-0.008755
-0.002341
0.002419
0.003777
-0.008756
0.003496
-0.010439
0.004249
0.001827
0.017081
0.011040
-0.006256
-0.013886
0.001330
0.015290
-0.008692
0.029956
0.013187
0.025179
0.021021
-0.007479
-0.005976
0.008150
-0.013528
-0.003580
-0.015989
0.001370
-0.008084
-0.012598
0.011245
-0.009585
-0.003917
-0.015372
0.004335
-0.007358
0.018525
-0.015597
0.005227
-0.014132
0.013662
-0.017423
-0.004567
-0.005492
-0.004408
-0.001987
0.002340
-0.002573
0.003150
-0.002615
-0.000043
0.005300
0.002535
0.002379
0.004668
0.034814
-0.005865
-0.050673
-0.009108
-0.010971
-0.007349
-0.005999
0.020630
0.015243
-0.006179
0.021058
0.009706
-0.011668
-0.009653
-0.002499
-0.003143
-0.005633
0.006245
0.030226
0.125726
0.088691
-0.005555
0.009782
0.020680
-0.007907
0.027878
-0.005590
-0.010431
-0.011651
0.007420
0.016916
0.004134
-0.005210
-0.008100
0.013653
-0.004412
-0.004395
-0.003743
-0.003968
-0.004580
-0.001603
-0.003743
0.000167
0.009632
-0.002702
-0.001259
-0.002414
-0.004901
-0.009504
0.000514
-0.005126
-0.007990
0.022001
-0.004495
0.019133
0.001642
-0.010129
0.019195
0.034698
0.069521
-0.003123
0.009064
0.017943
0.000909
0.026170
-0.005920
0.007990
-0.008739
0.026154
0.041993
0.002551
-0.006515
0.021387
0.002920
0.010976
0.000684
0.001778
-0.002527
-0.006826
0.001562
0.006841
0.008375
0.006942
-0.000415
0.018040
0.002192
-0.002802
-0.005006
-0.006348
-0.003957
0.007767
0.009775
-0.021414
-0.010251
0.000178
0.055755
0.000229
0.021878
-0.008427
-0.006895
-0.001268
-0.011761
-0.003003
0.010909
-0.001441
0.021971
0.004146
0.002821
-0.002041
-0.014196
-0.009578
0.005698
-0.004881
0.014051
-0.006896
0.003185
-0.007730
0.000567
-0.012964
0.005448
0.016143
-0.010908
0.001817
0.021541
0.001793
-0.002801
-0.014978
0.000785
-0.006940
-0.001202
-0.015837
0.049339
-0.013775
-0.008121
-0.000518
-0.005710
-0.010781
-0.010515
-0.004334
-0.011528
0.013075
0.014011
0.001350
-0.003152
-0.005545
-0.009155
-0.005074
-0.003528
-0.003531
-0.006214
-0.005921
0.020146
0.026381
-0.005143
-0.006483
-0.012530
-0.007411
-0.006229
-0.008721
-0.010769
-0.009456
-0.009794
-0.005619
-0.004267
0.019303
0.000918
-0.003200
0.008601
-0.001966
0.003052
0.008525
0.009372
0.000966
-0.016168
-0.001519
0.017493
-0.009611
-0.001226
-0.004974
0.001235
0.053412
-0.010059
-0.012154
-0.005003
-0.006519
-0.004264
0.000126
-0.002362
-0.009611
-0.005526
-0.003658
-0.003971
-0.016746
0.009954
-0.005108
0.000657
0.009306
-0.011567
-0.012263
-0.002592
0.028382
-0.001104
-0.004229
0.003334
0.000721
0.044451
0.026783
-0.010292
0.002601
-0.016545
-0.019728
0.001600
0.011526
-0.014968
-0.000069
-0.007097
-0.004565
-0.005606
-0.019445
0.019579
0.000538
-0.011938
-0.010885
0.003261
0.036743
-0.007268
-0.002633
-0.000375
-0.001248
-0.010004
-0.010548
-0.010617
-0.004195
0.005113
0.003601
-0.008425
-0.002090
0.001777
-0.004273
-0.000616
-0.004171
0.011859
-0.000615
-0.004828
-0.000953
-0.004704
-0.003709
0.009307
-0.005833
-0.002707
0.001499
0.002651
-0.010906
-0.005162
-0.010369
-0.025911
0.016839
0.001052
-0.019611
-0.000543
-0.007490
0.000927
-0.004681
-0.005652
0.004243
-0.001710
-0.010573
-0.001016
0.000303
-0.008640
0.001300
-0.003977
0.003546
-0.000057
-0.003957
-0.023221
-0.023213
0.001903
-0.005605
0.027710
0.029274
-0.006743
0.008008
-0.000993
-0.010058
-0.008589
0.002493
-0.012409
-0.018708
0.006912
-0.006605
-0.003459
-0.006139
0.003198
-0.008659
-0.006611
-0.012977
-0.005280
-0.006469
-0.000176
-0.000611
0.006435
-0.000548
-0.005578
0.025116
0.005043
-0.000198
-0.001654
0.006661
0.008942
0.001625
-0.002052
-0.010518
0.020006
-0.005468
0.002517
-0.007453
0.008036
-0.003174
-0.010306
0.026809
-0.016820
0.020795
-0.000464
0.035658
-0.007327
-0.004260
-0.000779
-0.002209
-0.013541
-0.005369
-0.011030
-0.006964
-0.004168
-0.010780
-0.011769
-0.005848
0.013012
-0.013127
0.036176
0.003810
0.012689
0.000906
0.005801
-0.000671
-0.001800
-0.011557
0.008633
-0.000062
-0.014743
-0.007477
0.004470
0.004386
0.000945
-0.005113
-0.011629
-0.014204
-0.006503
0.003421
-0.007588
0.015506
-0.004862
0.003831
-0.006311
-0.003603
0.001917
0.012685
-0.003118
0.011671
-0.004509
-0.004502
-0.011546
-0.002519
-0.004175
-0.009748
0.007397
-0.016595
0.023551
-0.004369
-0.009508
0.018890
-0.005174
-0.007068
-0.011239
-0.001082
-0.005492
-0.018124
-0.003315
-0.000683
-0.014577
-0.008393
-0.004306
0.002665
0.025576
-0.011154
0.002751
0.024391
-0.014254
-0.011893
0.003428
-0.015080
-0.008977
0.003645
0.008399
0.016541
0.011107
-0.007411
-0.010962
-0.001798
-0.001401
-0.006752
-0.005962
-0.003206
-0.006136
-0.002229
-0.004345
-0.008729
-0.011422
-0.007903
0.006807
-0.003219
-0.010426
-0.000340
0.006551
-0.007514
-0.014747
-0.001097
-0.007693
0.003236
-0.008086
0.023612
0.015818
0.073632
0.086050
-0.007439
-0.006813
0.013507
0.024892
-0.003663
-0.004779
-0.012835
-0.008283
-0.008987
0.000157
-0.006030
-0.022676
0.015056
0.012338
0.012502
-0.003330
-0.003345
-0.011171
-0.008815
-0.006171
-0.004719
-0.010760
-0.000114
0.017612
-0.008725
-0.000076
0.013825
-0.015272
0.002045
-0.011711
-0.005461
-0.011266
-0.007745
0.000368
-0.005544
-0.002296
0.000050
-0.005312
-0.009573
-0.005574
0.004248
-0.006051
0.049590
-0.010213
0.022268
-0.015374
-0.005506
0.005164
0.036384
-0.008607
-0.006100
0.046888
-0.001815
0.002534
0.005485
-0.004319
0.008539
-0.003239
0.008394
-0.009802
-0.001833
-0.004617
-0.004263
0.024668
-0.009703
-0.008886
-0.014673
0.005353
0.003374
-0.002496
0.004468
-0.005924
-0.006843
-0.005480
0.007317
0.021269
0.001911
0.037440
0.019589
0.006763
0.056028
-0.012371
-0.010720
-0.010265
-0.006230
-0.020967
-0.017932
-0.003746
0.021007
0.006513
0.011088
-0.000976
0.010324
0.000814
0.031846
0.014680
-0.005240
-0.004084
-0.012144
0.004012
-0.001466
-0.005802
-0.002461
0.001735
-0.000248
-0.001920
-0.009203
-0.001586
-0.001485
-0.006317
-0.011466
0.003539
-0.009806
-0.004391
-0.012658
-0.004483
-0.006368
-0.002248
0.001765
0.043886
-0.005398
0.004923
0.001082
-0.027614
-0.029466
-0.004318
0.000588
-0.007130
-0.001532
0.006736
-0.009668
-0.002396
0.002879
0.002427
0.030325
-0.028026
0.006604
-0.007813
0.010069
0.000761
-0.000949
0.015836
-0.000430
-0.007139
-0.011494
-0.009838
-0.021066
-0.010202
0.002341
-0.001484
-0.007321
0.000281
-0.011981
-0.007279
-0.005248
-0.007701
-0.002799
0.025461
-0.003596
0.020896
-0.010933
-0.016896
0.006646
0.014437
0.025909
-0.006110
0.014581
0.009868
0.001458
-0.007783
-0.006518
-0.001628
0.004821
-0.009983
0.006192
-0.006636
0.008235
0.000549
-0.008020
-0.004094
-0.000040
-0.013461
-0.012686
0.010153
0.010384
0.005300
0.033331
-0.000407
-0.011223
0.016822
0.006998
-0.012199
0.008477
-0.006471
-0.012871
-0.005860
-0.007006
0.017786
-0.008040
-0.003411
-0.001952
-0.009309
-0.011219
-0.016610
-0.005510
-0.004809
-0.016085
0.005002
-0.009909
0.000556
-0.010052
-0.000739
-0.001924
-0.006115
0.001653
-0.005359
-0.002877
-0.004515
-0.007597
-0.001141
-0.002478
-0.006675
-0.013489
-0.015572
-0.009548
0.024954
0.002581
-0.004628
-0.001210
0.044235
-0.021917
-0.012562
-0.006623
0.008922
0.011398
-0.009018
0.005866
-0.014314
-0.006402
0.005570
-0.003022
0.002512
-0.001739
0.011542
-0.005824
-0.015335
-0.023439
-0.001420
-0.016074
0.003228
-0.000720
0.022856
0.001935
-0.005489
-0.004946
-0.007594
-0.011660
-0.015877
-0.005964
-0.000937
-0.005182
-0.009822
0.016342
-0.008425
0.000621
0.015094
-0.010297
-0.011188
0.020868
0.005289
-0.006994
-0.007100
-0.001906
-0.001732
-0.004174
-0.008757
-0.006573
-0.010322
0.002270
-0.004294
-0.010353
0.002222
0.003981
-0.004529
0.001962
0.013549
-0.016419
-0.004024
-0.006885
-0.020485
0.000819
-0.001983
-0.000679
0.012299
-0.008773
-0.003384
-0.011074
-0.009277
-0.010829
-0.001309
0.003628
-0.000590
-0.004723
-0.006400
-0.003993
0.012583
0.004112
0.001575
-0.061189
-0.047141
-0.005198
-0.000349
0.002399
-0.010201
0.034365
-0.012608
-0.005113
-0.010484
-0.006685
-0.011253
0.009891
0.024599
0.007509
0.015374
0.026231
-0.002019
-0.002332
0.030816
-0.003355
-0.000449
-0.007880
-0.007572
-0.007527
-0.001440
0.028149
-0.001819
-0.013715
0.031956
-0.009979
0.009385
0.034134
0.013725
-0.006210
-0.000093
-0.014316
-0.001714
-0.005250
-0.007089
-0.003438
0.004704
-0.013253
0.010377
-0.012823
-0.001678
-0.003086
-0.020139
-0.005817
-0.025177
-0.005058
-0.002159
-0.002801
-0.016624
-0.006917
0.009088
-0.000433
0.011087
0.007084
-0.014490
0.014539
-0.003649
-0.001381
-0.010425
-0.008297
-0.005884
0.007227
-0.004920
-0.010964
-0.036159
0.000111
-0.012277
-0.000797
-0.009977
-0.009974
-0.014262
-0.007133
0.003770
-0.001283
0.001075
-0.005378
-0.004446
-0.010218
-0.000932
-0.006873
0.013333
0.011162
0.002692
-0.006610
-0.005936
0.007877
-0.002349
-0.000415
0.003096
0.015180
-0.006713
-0.005547
0.000537
-0.001437
-0.003405
0.000998
0.000588
0.011129
-0.011426
-0.000144
-0.005924
-0.002949
-0.001301
0.051886
0.005138
-0.006806
0.006677
-0.010596
-0.009450
0.057914
-0.016724
0.014100
-0.015330
-0.011621
-0.019264
0.001775
0.004548
-0.014730
-0.002935
-0.001298
0.001735
-0.001965
-0.007425
-0.017075
-0.009749
-0.008988
-0.006585
-0.018651
-0.012488
-0.015366
-0.003152
-0.005840
-0.000607
0.003926
-0.005750
-0.002716
-0.019000
-0.008269
0.006060
-0.006689
-0.006265
-0.004813
0.008242
0.017731
-0.021147
-0.006356
-0.013525
0.094931
0.030189
0.020362
-0.005792
-0.007416
0.031421
-0.010017
-0.009273
0.001271
-0.009556
-0.007407
-0.007682
-0.006637
0.024818
-0.005071
-0.013518
0.011447
0.000482
-0.015073
-0.006674
-0.005129
-0.000210
-0.003529
-0.005204
-0.003200
-0.000250
0.000203
-0.006613
0.001923
0.000937
-0.002434
0.000885
-0.014287
-0.006672
-0.006930
-0.012774
0.001796
0.001700
-0.007277
0.005137
-0.001914
0.030083
-0.014897
-0.013100
0.027750
-0.007337
-0.001844
-0.001093
0.003327
0.016002
0.012751
0.038442
0.002120
0.006357
-0.014125
-0.002232
0.008491
0.030693
0.006815
-0.011081
0.012374
-0.001509
-0.015609
-0.000322
0.005384
-0.012022
-0.010043
0.005391
0.002978
0.001336
-0.004296
0.009271
-0.007143
-0.006781
0.025624
-0.007968
-0.012271
-0.002489
-0.002804
-0.002333
0.007166
-0.012828
-0.026052
-0.001759
0.000082
-0.004228
-0.003873
0.001951
0.011878
0.003439
-0.001179
-0.019617
-0.001302
-0.000486
-0.009424
-0.008502
-0.004282
0.003012
-0.004227
-0.007720
0.002846
0.001847
-0.004834
-0.002607
-0.010757
-0.004731
0.006173
-0.006348
0.016884
-0.006791
0.007884
-0.009598
0.013010
-0.004245
-0.004642
-0.003870
-0.000788
-0.012765
0.021130
-0.006288
-0.007621
-0.010244
0.000201
-0.007204
-0.010422
-0.002249
-0.004109
-0.003222
0.011103
-0.002352
-0.010262
-0.000661
-0.004831
-0.002851
-0.003610
-0.004880
-0.001753
0.003131
-0.000967
-0.009668
0.045866
-0.001141
0.011110
0.008733
0.007019
-0.013003
0.011080
-0.011757
-0.004963
-0.004317
0.015270
-0.007106
-0.008681
0.019519
-0.006589
-0.007085
-0.008087
-0.100479
-0.095393
-0.089723
0.009151
0.000107
0.017383
-0.012796
-0.007014
0.026976
-0.004996
-0.005609
-0.004666
0.000825
-0.006096
-0.005148
0.001234
0.000444
-0.000554
-0.004453
-0.007776
-0.004023
0.008408
-0.013744
-0.012123
-0.016320
-0.005422
-0.013385
0.005447
0.001142
-0.002442
0.001519
-0.007228
-0.011831
0.016036
0.020865
-0.009015
-0.005884
-0.001305
-0.003443
-0.000276
0.009401
0.000484
-0.011419
-0.011122
-0.008078
0.036134
-0.009972
0.013449
-0.013161
-0.006226
-0.000400
-0.008585
0.017704
-0.010138
-0.008065
0.003077
-0.000982
-0.007758
-0.005443
-0.001746
0.003972
-0.005641
-0.041067
0.001267
-0.001317
-0.007663
0.001544
0.027585
-0.009815
-0.014103
-0.000518
-0.014157
0.009622
-0.004545
-0.013761
0.001136
-0.006502
-0.005684
-0.015427
0.005240
-0.008003
-0.008107
-0.003553
0.002544
0.004536
-0.017953
0.000546
-0.000971
0.028796
-0.003914
-0.006592
-0.005154
-0.003956
-0.012748
0.030702
0.004025
-0.005145
0.005554
-0.000373
0.000407
0.003196
-0.009484
-0.004433
0.007121
-0.009457
-0.000844
0.001081
0.023326
-0.005201
0.013871
-0.006681
0.009836
-0.004883
-0.010670
-0.012607
0.026194
0.000499
0.003352
-0.024041
-0.003603
-0.003795
0.003348
0.001564
-0.011446
-0.000270
-0.004037
-0.011975
0.007090
0.004666
-0.009387
0.003978
0.025335
-0.004091
0.002225
-0.003052
-0.014957
-0.009658
-0.005126
-0.006950
-0.013579
0.010334
0.009161
0.000865
0.003802
-0.001441
0.005205
0.007619
-0.007269
0.013196
-0.009088
0.015688
0.000348
0.016032
-0.007237
-0.011243
-0.002386
0.001630
-0.007776
-0.000106
-0.012519
0.009775
-0.012441
-0.007373
-0.002158
-0.005815
-0.006683
-0.015780
-0.003785
-0.006088
0.019386
-0.016423
-0.012040
-0.001233
0.066304
0.000991
-0.011223
-0.000402
0.004868
0.009212
-0.013793
-0.001017
-0.013359
0.015014
0.000620
-0.000696
-0.024455
0.011847
-0.004517
-0.012637
-0.000877
-0.006068
-0.001500
-0.005529
-0.008373
-0.001317
-0.004844
0.068884
-0.011599
0.000708
-0.000108
0.002048
-0.014381
-0.009457
-0.012102
0.040938
-0.000607
-0.000913
-0.005987
-0.008589
0.003831
-0.002707
0.014852
-0.002163
-0.012968
-0.006947
0.014831
0.024039
-0.011936
-0.007622
-0.015550
-0.005614
-0.008487
-0.015669
0.016155
-0.000563
0.039069
0.009802
-0.016230
-0.003852
-0.003193
0.019164
-0.007085
-0.012972
-0.013362
-0.009613
-0.005865
-0.006363
-0.019273
0.022432
0.008541
-0.004730
0.000981
0.001958
0.003138
0.020753
-0.008972
-0.005559
0.065124
-0.003748
0.005644
-0.003489
0.004846
-0.011643
-0.014337
0.006644
-0.005748
0.030365
-0.014974
-0.002124
0.000538
-0.003261
-0.004277
-0.000681
-0.002898
-0.008832
0.014001
-0.007357
-0.003564
-0.000791
-0.005319
0.000804
-0.007125
-0.002955
0.002350
0.031768
-0.010138
0.006080
0.004334
0.010388
0.002168
-0.000919
-0.006011
-0.007968
-0.002242
-0.010330
0.001014
-0.006782
0.020080
-0.013211
-0.004359
-0.008481
-0.012340
-0.007526
-0.010995
0.009055
-0.015876
0.022339
-0.016464
-0.006868
-0.002881
0.000510
0.005171
-0.012960
-0.001995
0.011058
0.002131
-0.003708
-0.002934
-0.001374
0.001263
-0.003255
-0.004101
-0.004559
0.001158
-0.000280
0.032231
-0.006921
0.004095
0.001634
-0.012108
0.007539
-0.008800
0.010270
-0.029066
-0.007532
-0.007987
0.003964
-0.022290
-0.016732
0.002082
-0.003916
-0.009204
-0.002552
0.000833
-0.008483
0.017584
-0.003543
0.003808
0.026196
0.021888
0.012893
-0.001867
-0.005718
-0.002737
-0.007600
0.021566
0.038218
-0.005257
0.022781
0.003763
-0.013123
0.009938
-0.007338
0.013627
0.018949
-0.007667
-0.008512
-0.002507
-0.008356
-0.007218
0.000804
-0.015315
0.007216
-0.005670
0.006700
0.007087
-0.002907
-0.010623
-0.019252
-0.009084
-0.011181
-0.013452
-0.012404
-0.010905
0.162170
0.108266
0.099510
-0.000652
-0.011651
0.008479
-0.002587
-0.006443
0.008113
-0.001954
-0.004896
0.004231
0.007203
0.028566
-0.006251
0.003610
0.000487
-0.002460
-0.002357
-0.019197
0.002032
-0.007273
-0.009498
-0.000350
-0.012699
-0.012808
-0.005540
0.000081
-0.006954
-0.007563
0.025177
-0.002232
-0.000743
-0.007219
-0.011492
0.009350
0.017025
0.001010
-0.006852
-0.010035
-0.006029
0.000496
0.010595
-0.003396
-0.004031
-0.007682
-0.004314
-0.008843
-0.005953
-0.004219
-0.012600
-0.005010
-0.002533
-0.002845
0.000322
-0.000065
-0.004106
-0.005955
0.000514
0.021201
-0.000921
0.012260
-0.008253
-0.008080
-0.004819
-0.000649
-0.013278
-0.006395
-0.007862
0.002760
0.000883
-0.003313
-0.009985
-0.006266
0.015453
0.000485
0.017811
-0.011396
0.003402
-0.017748
0.000570
0.000521
-0.000510
0.013674
-0.015585
0.001894
-0.000949
0.000558
-0.003433
-0.009184
-0.003904
-0.003717
0.005318
0.000093
0.012632
-0.004924
-0.003303
0.001341
0.003038
0.014315
0.033275
-0.007485
-0.003572
0.031345
0.028609
-0.002952
-0.010061
-0.003942
-0.004722
-0.022478
0.007254
-0.009362
-0.010467
-0.005623
0.017961
0.003430
-0.005892
0.095888
-0.010013
0.004261
-0.008637
-0.004245
-0.007327
0.002777
-0.012212
0.005224
-0.011205
-0.019168
0.005793
0.013362
-0.012802
0.001315
-0.008555
-0.001481
-0.003193
-0.002242
0.009834
-0.034482
-0.005176
0.014652
-0.003193
0.004419
0.010926
0.011407
0.024223
-0.006997
0.051283
0.000213
0.005217
-0.003227
-0.000950
-0.002890
0.010730
-0.011723
-0.000471
0.019054
-0.008098
-0.003682
-0.007936
0.043903
-0.003255
0.011747
-0.002779
-0.012445
-0.009783
-0.001843
-0.008084
-0.001853
-0.000655
0.007488
0.030881
0.008491
0.000067
0.004468
-0.022017
-0.010154
0.002812
-0.009561
0.003485
-0.010746
-0.004482
-0.004454
0.002054
0.001094
-0.009499
0.001569
-0.002129
-0.005143
-0.006140
-0.006816
0.005867
0.011498
0.000904
-0.006596
0.017960
0.004265
-0.010032
0.015489
-0.011631
-0.004186
-0.000405
0.006542
-0.012714
0.018685
-0.007544
-0.015356
-0.006253
-0.003482
-0.003255
0.008804
-0.004231
-0.000107
0.002208
-0.011920
0.001570
-0.001285
0.000889
0.000688
0.015951
-0.013094
0.001258
-0.011679
0.018192
0.005617
-0.004395
0.005788
0.002222
-0.001190
-0.009600
-0.003818
0.013767
-0.007970
0.013054
0.011357
-0.000682
-0.005442
-0.011865
-0.002335
-0.005191
-0.012164
-0.014404
-0.002282
-0.002165
-0.000122
0.001928
0.001841
-0.004865
0.013952
-0.008119
-0.004493
-0.003673
-0.008724
-0.001460
-0.002896
-0.007611
-0.012122
-0.004290
-0.003051
-0.007651
0.000986
0.013851
-0.015939
-0.012701
-0.012750
-0.012070
0.017950
0.010451
-0.000961
-0.013358
-0.011257
-0.007706
0.001855
0.032996
-0.001556
0.001304
0.009100
-0.003393
-0.010339
-0.001953
-0.003039
-0.003825
-0.009846
0.008417
-0.009013
-0.010689
-0.012640
-0.001908
-0.003120
-0.003581
0.002240
-0.004908
-0.002782
-0.010984
-0.009294
-0.008514
0.013063
-0.001203
-0.005022
-0.008404
-0.002458
-0.009851
-0.002396
-0.007403
-0.005590
0.007918
-0.010795
-0.009895
-0.002758
0.003793
-0.014280
0.034179
-0.015654
-0.003252
-0.006069
-0.011293
0.002530
0.013892
-0.007103
-0.007911
0.001692
0.013920
-0.006565
-0.001071
0.000766
0.011418
-0.000168
-0.000558
-0.004656
-0.009538
0.017655
-0.009826
-0.004023
-0.002813
0.001379
-0.001273
-0.021112
-0.002656
-0.004791
0.002933
0.003035
-0.003112
-0.012660
-0.005860
0.002964
-0.011749
-0.009783
0.002619
-0.031849
-0.009218
0.023520
-0.010512
0.003115
-0.017136
0.015177
-0.010974
0.019932
0.000097
0.011691
0.001471
-0.019564
-0.013020
-0.004705
-0.012176
-0.002534
0.028010
-0.015012
-0.006078
0.005961
-0.003948
-0.004651
-0.008490
-0.006543
0.021854
-0.003012
-0.005728
0.012042
-0.016710
0.000160
0.014983
-0.002106
-0.000568
0.012854
0.005903
-0.014745
-0.001116
-0.015392
-0.002860
-0.001124
-0.007527
-0.013808
0.002113
0.035208
-0.006133
-0.000176
-0.012140
-0.007754
-0.011793
-0.011635
-0.002238
0.018094
0.015944
0.013317
-0.003311
-0.001533
0.002516
-0.011219
0.001006
-0.007484
-0.013173
0.006016
-0.020077
-0.000489
-0.009993
0.004916
0.000449
-0.013728
-0.001742
-0.001692
-0.001728
-0.012463
0.011844
-0.010785
-0.000363
-0.010584
-0.011864
-0.008433
-0.005209
0.003929
-0.003744
-0.001742
0.001149
0.026839
-0.000947
-0.022031
-0.012651
-0.004993
-0.011910
0.000208
-0.007806
-0.005073
0.018443
0.013427
-0.007239
-0.000821
0.021928
0.020625
0.009727
-0.003103
-0.017299
0.002456
-0.005375
-0.027612
-0.013279
-0.015794
-0.007743
-0.037156
-0.021234
-0.000890
0.008219
-0.004450
-0.007139
-0.000870
-0.003852
0.000008
0.014366
-0.001373
0.011519
0.000477
-0.033521
-0.005988
-0.006139
-0.007041
0.022989
0.003266
-0.008144
0.000048
0.027463
0.011129
0.000221
0.009205
-0.001386
0.024689
-0.002889
-0.003254
-0.002925
-0.015681
-0.005605
0.012121
-0.015133
-0.009116
0.000788
-0.010335
-0.000053
-0.004374
0.001682
-0.014324
0.008740
-0.003084
-0.004313
0.001187
-0.010827
-0.010458
0.000891
0.016528
-0.002028
-0.006981
0.003785
-0.011767
-0.001966
-0.006425
-0.001425
0.008281
-0.005326
-0.005956
-0.005226
0.012889
-0.006587
0.019278
0.000905
0.021848
0.000156
0.000851
-0.020791
0.011166
-0.009556
-0.013011
-0.001428
-0.005345
-0.000246
-0.010402
-0.005057
0.014501
0.005732
0.001809
0.010246
-0.008834
-0.007252
-0.003373
0.000155
-0.004450
-0.007495
-0.003773
0.020777
-0.008294
-0.007804
0.015705
0.001308
-0.012667
-0.009416
-0.001927
0.006999
0.013240
-0.011118
-0.009427
-0.000320
-0.001816
-0.003951
-0.005744
-0.007289
-0.004580
0.024547
0.005523
0.011597
-0.011444
0.002810
0.005738
0.001379
-0.000898
0.001874
-0.003432
0.018879
-0.006211
0.000028
0.022573
-0.005769
-0.003543
-0.006441
-0.008362
-0.007862
-0.017140
-0.004633
0.006530
-0.006971
0.003420
-0.002812
-0.002986
0.023554
0.027663
0.010077
0.000873
0.004729
-0.002274
-0.013552
-0.007275
-0.004969
0.001686
0.006479
-0.009057
-0.000119
0.022257
-0.010329
0.005921
-0.009553
0.009658
0.021079
0.017773
-0.003237
0.005894
0.023610
-0.001638
-0.010591
0.009573
0.000177
0.011773
-0.005732
-0.005332
-0.002752
-0.002827
0.000286
0.016837
-0.006051
-0.010298
0.021199
-0.007402
0.005665
-0.004427
-0.016206
0.001899
-0.004770
-0.008882
-0.014293
0.013585
-0.003018
0.000538
-0.006350
-0.004983
0.005106
0.018565
-0.002884
-0.003987
-0.013251
0.006444
0.023735
-0.012324
-0.011392
-0.004705
-0.002352
-0.007788
-0.001565
0.045787
-0.000445
-0.004125
0.009760
-0.020306
-0.011349
-0.019981
-0.013738
-0.001658
-0.008400
-0.000942
0.026029
0.003913
-0.006861
-0.009889
-0.004279
-0.003017
-0.001192
0.011910
-0.008334
-0.004260
-0.015492
-0.002528
-0.007172
-0.004527
-0.007482
0.018470
-0.009997
-0.004752
-0.000229
-0.001006
-0.005583
-0.033420
0.006243
-0.009342
0.012601
-0.013266
0.018498
-0.010411
-0.009647
-0.012965
-0.004655
-0.009049
0.014981
0.037748
-0.010180
-0.017452
0.000650
-0.017759
-0.012444
0.008844
-0.008705
-0.003173
-0.009427
0.014317
-0.004833
-0.010489
-0.013703
-0.004578
0.005654
-0.012008
-0.007806
-0.003353
-0.012723
-0.000045
-0.011261
-0.016078
-0.000354
-0.008629
-0.012117
-0.007050
0.001276
-0.010171
-0.011190
-0.014056
-0.017424
0.001277
0.001852
-0.002888
-0.012818
-0.002896
-0.007486
-0.008772
0.004533
-0.007722
-0.004739
-0.005085
-0.008156
-0.010073
0.001825
-0.003085
-0.010651
-0.008536
-0.005646
-0.008011
-0.012178
-0.007334
-0.004939
-0.001534
-0.009836
-0.002022
-0.007757
-0.011213
-0.006210
-0.003954
-0.000890
-0.010209
0.035821
-0.008568
0.018439
-0.002116
-0.004064
-0.010644
0.018159
-0.010383
-0.012010
0.006071
0.003791
-0.005872
0.012490
0.015728
-0.007209
0.000192
-0.005224
-0.003920
-0.005551
0.049155
0.027425
-0.008930
-0.004807
-0.006861
-0.008863
0.042308
-0.006797
-0.003589
0.009017
-0.000011
0.003637
0.024700
0.000158
0.015094
-0.012119
-0.022743
0.001189
-0.001828
0.005155
-0.004504
0.002445
-0.007454
-0.004921
-0.006830
-0.003871
-0.001791
-0.000744
-0.002968
-0.006217
-0.009897
0.002125
-0.005325
-0.011532
-0.005932
0.004226
-0.010388
0.002293
0.036513
-0.008543
-0.016665
0.004866
0.007612
-0.009812
-0.015175
0.016269
0.011003
0.020891
-0.011955
-0.004213
-0.002540
0.009216
-0.001625
-0.009250
-0.010127
0.000405
0.006806
-0.005911
0.010679
0.006942
-0.006343
-0.002511
0.037223
-0.011671
0.000598
-0.020444
0.000831
-0.006254
-0.003342
0.007761
-0.006258
-0.001281
-0.001974
-0.005580
-0.009987
-0.011328
-0.003772
-0.005493
-0.000229
-0.010601
-0.002061
-0.012030
-0.003999
-0.006340
-0.004870
-0.009458
0.012264
-0.008022
0.028507
0.008465
-0.009510
-0.006700
-0.004410
0.001153
-0.006782
0.006938
-0.009446
-0.001108
-0.008163
-0.000294
-0.006135
-0.005577
0.001461
0.023397
-0.004978
-0.002274
0.018063
0.008666
-0.004053
0.000363
-0.006624
-0.009101
-0.003345
0.015149
-0.009072
-0.006920
0.002385
0.026108
-0.001687
0.008742
-0.008079
-0.004399
-0.007120
-0.014856
0.007887
0.010375
0.023050
-0.002450
-0.002424
-0.003767
-0.001479
-0.000580
0.002390
-0.011822
-0.005844
-0.011601
-0.001823
-0.004948
0.010365
-0.006710
-0.012347
-0.003406
-0.003525
0.003456
-0.006806
-0.002857
-0.006192
-0.002240
0.011062
-0.006650
-0.013252
0.009413
-0.000986
0.010944
-0.009365
-0.007483
-0.010270
-0.002336
0.003466
-0.004615
0.013037
-0.009166
-0.010385
0.005367
0.007076
-0.004583
-0.005761
-0.003846
0.019573
0.016493
-0.009299
-0.008257
-0.032793
-0.008190
-0.009085
0.003564
0.003915
-0.009927
0.002350
0.008122
0.003126
-0.007627
-0.002788
0.000184
-0.002962
-0.011664
-0.006413
0.014204
-0.008063
-0.010318
-0.004782
-0.010683
-0.015913
-0.002724
-0.002915
-0.004420
0.003568
-0.007565
0.004997
0.000818
-0.006886
0.016021
-0.009054
-0.000277
-0.003656
-0.014104
0.008624
0.013847
-0.010527
-0.005799
0.004901
0.018306
-0.006778
-0.006691
-0.003282
0.018762
-0.007522
-0.004599
-0.019447
-0.006258
-0.012326
-0.012894
0.005844
0.028081
0.064046
-0.007824
-0.008395
-0.009866
-0.010469
-0.010367
-0.005701
0.029295
0.014639
-0.002137
-0.010917
0.010738
-0.007749
0.005276
-0.005104
0.001538
-0.009489
-0.004954
0.027843
-0.007414
-0.010411
-0.000188
-0.000481
-0.000020
0.050925
0.004232
-0.004506
-0.009887
-0.003754
-0.002459
0.007221
-0.001973
0.012608
-0.032065
0.002457
0.010346
0.018915
-0.010353
0.011035
-0.014232
-0.017806
-0.003935
-0.000900
0.010506
-0.009005
-0.011571
0.008327
0.031212
-0.003672
-0.008506
0.008499
0.001505
-0.003885
0.017760
0.025132
-0.007060
-0.001374
0.003530
0.001530
0.013361
0.004119
-0.004543
-0.003096
-0.009443
0.001408
0.020728
-0.003781
-0.004411
0.059269
-0.008790
0.019832
-0.000783
0.002244
0.001755
-0.001966
0.032631
-0.007028
-0.004081
-0.007450
-0.004800
-0.003678
-0.007445
-0.015218
-0.005161
0.014512
-0.006112
0.001473
-0.004390
-0.006123
-0.004662
-0.003201
-0.008660
-0.005961
-0.011498
0.005559
-0.003537
-0.015778
-0.002710
-0.009161
-0.002088
-0.008106
0.009571
0.001699
-0.007037
-0.000520
0.000791
-0.002706
0.009485
0.015697
0.015871
-0.006231
-0.002915
-0.001989
-0.010559
-0.012906
-0.008435
-0.014478
0.051068
-0.015605
-0.004868
-0.005124
-0.003240
-0.001958
-0.006177
-0.000887
-0.001623
-0.002930
-0.007477
0.005488
-0.009554
0.010986
-0.003753
0.000232
-0.006287
0.004218
0.000171
-0.002666
-0.002152
-0.001980
0.133045
0.006856
-0.002309
-0.007533
-0.007782
-0.006409
0.019033
-0.005561
-0.005218
-0.017352
0.004583
0.002421
-0.002538
0.001044
0.000974
-0.005951
-0.007650
0.028169
-0.010019
0.049210
-0.006860
0.021051
-0.013292
0.013831
0.000034
-0.004131
-0.004747
-0.011726
-0.006972
-0.002474
-0.004081
-0.000764
0.030470
0.001017
-0.000546
-0.012517
-0.014805
0.006663
0.008802
-0.002525
0.002219
0.034752
-0.005381
-0.013481
-0.005888
-0.013292
0.000790
-0.006931
-0.010339
0.011229
-0.010325
0.011121
0.013908
0.005916
-0.004770
-0.007721
0.024516
0.009703
0.009886
-0.010418
0.007812
-0.004444
-0.004692
-0.006711
0.003739
-0.014159
0.001841
-0.009806
-0.008212
-0.005720
-0.004814
-0.001329
-0.022410
0.005295
0.014399
0.010125
0.011256
-0.003484
-0.006715
0.031553
0.000860
0.010968
0.003823
-0.003533
-0.002364
0.001979
-0.007085
-0.009935
0.026574
-0.006594
-0.011583
-0.010961
0.006205
-0.011684
0.000805
0.020894
0.005664
-0.000176
-0.006212
-0.009292
0.017777
-0.010970
0.008321
0.014155
-0.006346
0.008716
0.006247
-0.012611
-0.000162
-0.001444
-0.004249
-0.007448
0.006630
-0.014863
-0.000622
0.002109
0.001852
-0.003034
0.016673
0.008608
-0.000164
0.009555
-0.007503
-0.002921
-0.005465
-0.004766
-0.008867
-0.004110
0.020564
-0.006184
-0.001361
-0.003977
-0.006412
0.004662
-0.011731
-0.006605
0.002092
-0.020898
-0.022039
-0.007653
-0.000708
-0.004981
-0.002701
-0.004684
0.025036
-0.012202
-0.005301
-0.003172
-0.008076
-0.015543
-0.006236
0.006736
0.004146
0.010682
-0.002532
-0.004756
0.003547
-0.014703
0.005091
0.001524
-0.008083
-0.006358
-0.006041
-0.012760
-0.005419
-0.007724
-0.004943
0.004161
0.001375
-0.007702
0.003103
-0.006032
-0.003281
-0.003542
-0.013880
-0.004096
0.004980
0.005264
-0.005547
-0.004671
-0.007390
0.013702
0.000461
-0.009812
-0.005300
-0.008633
-0.003931
0.012042
-0.004753
0.012272
-0.019196
0.019507
0.005240
-0.012521
-0.016079
-0.011083
-0.004990
-0.010313
-0.008605
0.001078
0.000812
-0.016936
-0.000443
-0.001793
-0.008757
0.002061
-0.003673
-0.001930
-0.006802
0.009889
0.000415
-0.006971
0.020537
0.001028
0.005972
0.014370
-0.005308
-0.006064
-0.003370
-0.003558
0.004028
0.001475
0.026661
-0.006360
-0.006118
-0.001117
-0.016384
0.000534
-0.004898
-0.007284
-0.008522
0.003405
-0.002228
-0.006173
-0.007804
-0.002901
-0.004678
-0.012494
0.001183
0.008506
-0.006517
-0.001937
0.049916
-0.002833
-0.001499
-0.007960
0.002586
0.014761
-0.005851
0.006923
-0.006718
-0.000849
0.018497
0.001311
-0.009120
0.007186
0.002637
0.005133
0.018524
-0.002364
-0.005182
0.033849
0.010425
-0.003709
-0.001088
0.068301
-0.000209
-0.007912
0.017539
-0.004490
-0.005096
-0.009877
-0.006555
-0.002021
-0.009095
-0.014447
-0.002537
0.002595
-0.014932
-0.006982
-0.008128
0.013545
0.000039
-0.021928
-0.012095
-0.002227
0.015376
-0.007149
0.022088
-0.000671
-0.006571
-0.008451
-0.005464
-0.005022
-0.008927
0.000967
0.009361
0.001347
-0.005141
0.014884
0.001616
-0.003295
-0.012455
-0.003763
-0.016978
0.006601
-0.009224
-0.012790
-0.014166
0.000636
-0.013417
-0.003964
0.000508
0.001502
-0.006804
0.009708
0.022053
0.004309
0.009369
-0.014344
-0.005678
-0.000080
-0.004965
0.007539
-0.004306
-0.012305
-0.007469
-0.004342
-0.017317
-0.003626
0.019386
0.001305
-0.010692
0.043823
-0.001099
0.020482
-0.005810
-0.016634
-0.010144
0.024129
-0.008164
0.104515
-0.012094
-0.001692
-0.007870
0.002629
0.001624
-0.012239
-0.013540
-0.012109
0.012247
-0.007063
0.025771
-0.009328
0.007824
-0.000034
-0.000441
0.000899
-0.000545
0.022378
0.068159
0.001204
-0.010697
-0.009054
-0.006763
-0.000048
-0.005753
0.001750
0.019580
0.026215
-0.004151
0.000092
0.005803
-0.002866
-0.000807
-0.006024
-0.006418
-0.004354
-0.005045
-0.007627
0.016085
0.006648
-0.001724
0.004588
0.003841
-0.008751
0.006441
0.008175
0.014129
-0.001202
0.000786
-0.002106
0.014318
-0.003394
0.047167
0.020819
-0.015532
-0.001057
-0.006332
-0.008465
0.018441
0.026648
0.004731
0.017744
0.012185
-0.010580
0.017360
-0.009588
-0.005635
0.007165
0.021112
0.003384
0.000728
-0.006252
-0.002102
0.021516
0.003661
-0.013496
-0.024633
-0.028840
0.019102
0.013774
-0.008503
-0.004908
0.000048
-0.005791
0.009969
-0.000905
0.000747
0.001882
0.003880
-0.017213
-0.015761
-0.000671
0.031316
0.005120
-0.001991
-0.002009
0.020173
-0.006247
0.010490
0.013829
-0.012429
0.049379
-0.002324
-0.011793
-0.003850
-0.018628
-0.003916
0.006132
-0.014239
-0.006132
0.004635
-0.003061
0.001584
-0.012419
-0.007198
0.001986
0.010563
-0.006115
-0.009668
-0.011051
0.019241
0.009974
-0.017432
0.026584
0.009280
0.000191
-0.014447
-0.000657
-0.004373
-0.009494
0.000280
0.001130
-0.005384
-0.010363
0.001133
0.000957
-0.005826
-0.000701
0.003684
-0.004005
0.002245
-0.013637
-0.000476
-0.004650
-0.004178
0.000508
-0.008614
-0.002828
-0.006934
-0.004656
0.000749
-0.004562
-0.015261
0.002819
-0.005851
-0.011068
0.006974
0.001443
-0.002601
-0.000278
-0.000048
0.002750
0.000373
-0.001572
0.002975
-0.003352
-0.010869
-0.009165
0.001815
0.022807
-0.005307
-0.002844
-0.002757
-0.011998
-0.006864
-0.002006
0.038594
0.003923
-0.014269
-0.006283
0.001615
0.039248
0.001223
-0.001472
0.013575
-0.010362
-0.002570
-0.006527
-0.000126
0.000171
0.002974
0.005023
-0.008486
-0.017031
-0.001196
-0.004784
-0.006977
-0.004553
-0.003526
-0.004726
-0.004277
-0.033061
0.004977
-0.010744
-0.011957
-0.000206
-0.010007
-0.010639
0.010176
0.021902
0.014394
0.046287
0.008889
0.012472
0.000549
-0.004468
-0.008324
0.007944
-0.005268
0.036293
-0.007228
0.033997
-0.005072
0.006661
0.019993
-0.010802
-0.024635
-0.001008
0.007040
0.001604
-0.008272
0.016106
0.002759
-0.001543
-0.000949
-0.015745
0.012251
-0.010284
-0.005463
-0.000703
-0.004657
0.000474
-0.017457
0.050891
-0.006319
0.002328
-0.013986
0.007730
-0.005846
-0.000137
0.020876
-0.001278
-0.000695
-0.012958
-0.005346
-0.000129
0.010568
-0.003605
-0.000419
-0.001915
-0.001531
0.012174
0.000119
-0.010157
-0.003035
0.001806
0.001761
-0.000625
-0.006201
-0.008430
-0.016506
-0.004469
-0.002718
0.013344
0.000267
-0.009868
-0.001139
-0.007276
0.002809
0.003345
0.000614
0.014265
0.000809
-0.001604
-0.003611
-0.002401
-0.005856
-0.010656
-0.006961
-0.007167
0.003072
-0.005866
-0.004618
0.000125
-0.004230
-0.008188
0.011346
-0.012108
0.002310
0.018585
-0.011130
0.004102
-0.000781
-0.008440
0.001073
0.018718
-0.008840
-0.003217
0.003920
0.024020
-0.003165
-0.006205
-0.000438
-0.004476
0.022840
-0.003721
-0.002894
-0.000848
-0.004633
0.009914
0.001006
-0.000102
-0.001747
-0.001047
-0.006526
0.016662
-0.004552
0.004056
-0.002976
-0.010686
-0.002935
-0.005302
-0.020936
0.008931
0.000219
-0.002384
-0.002287
0.001377
-0.004147
-0.007797
-0.003360
0.031067
-0.000010
-0.001156
0.000380
0.002976
-0.000939
-0.006522
0.000810
-0.000735
-0.014641
-0.004019
-0.004184
0.011084
-0.006275
-0.002243
-0.003030
-0.015546
-0.011590
-0.009435
-0.014183
-0.008205
-0.000151
-0.005446
-0.002941
-0.001407
-0.004591
0.003390
-0.003198
-0.003632
0.029041
-0.003319
-0.001247
-0.000610
-0.004416
0.001779
-0.000710
-0.008378
-0.002061
-0.000748
0.007035
-0.016498
-0.000461
-0.003343
-0.002320
-0.005805
-0.003500
-0.009579
-0.006322
0.007589
0.004745
0.023529
-0.008691
0.018341
0.042861
0.013307
-0.001112
-0.010775
-0.014854
0.053789
0.014175
-0.003999
0.004989
-0.004019
-0.015179
-0.005728
0.005184
-0.004320
0.011378
-0.000177
0.003144
-0.004340
0.000182
0.001966
0.008259
-0.001489
-0.005685
-0.002785
-0.004297
-0.003128
-0.000306
0.003009
0.021374
-0.001949
0.003057
-0.001224
-0.010400
-0.009668
-0.000575
-0.014589
0.012193
-0.007189
-0.002184
-0.000366
0.006022
-0.000007
-0.002658
-0.002320
-0.011069
-0.006280
0.000244
-0.004645
-0.001765
-0.002975
-0.013197
-0.003494
-0.002524
-0.007187
0.005228
0.010207
-0.002858
0.014317
-0.004104
-0.008556
-0.003372
-0.001724
0.023703
-0.011431
-0.003218
0.023721
-0.002712
-0.002852
0.000229
0.001966
