0.004193
0.002328
0.000121
-0.005905
-0.009995
-0.011540
-0.004366
-0.000056
0.001036
-0.004505
-0.001688
-0.003392
0.000411
0.009625
-0.001881
-0.007541
-0.003288
-0.001993
0.037438
0.001537
0.009159
-0.010233
0.000729
-0.008086
0.002757
-0.006383
0.002173
-0.003747
-0.005653
-0.000735
-0.000415
0.002148
-0.000344
0.003078
-0.001042
0.016096
0.002905
-0.005600
-0.012941
-0.012865
-0.017680
-0.010529
-0.000307
0.000874
-0.010025
0.010650
-0.013462
-0.010705
0.001968
-0.005108
0.006676
-0.008574
-0.002181
0.002163
-0.001834
-0.010749
-0.000421
-0.003125
-0.004374
-0.048187
0.024801
0.033532
-0.005064
-0.026786
-0.012178
-0.001026
-0.000080
-0.013097
0.002677
-0.000241
-0.015656
-0.001523
0.001289
-0.002752
-0.001088
-0.001910
-0.002252
-0.003455
0.002269
-0.000320
-0.004620
0.000214
-0.006482
0.009603
0.008320
-0.007095
0.037602
0.022789
0.000918
0.007023
0.006532
0.018285
-0.011247
-0.045274
-0.012610
0.017574
0.002513
0.020752
-0.000922
-0.010422
-0.018838
0.005673
-0.002484
0.006172
-0.002183
0.007559
-0.015761
0.003682
-0.001390
0.009716
0.000461
-0.001259
-0.010048
0.009183
-0.001557
-0.006551
0.004276
0.000855
-0.000439
0.009110
-0.004755
0.000623
-0.003896
-0.007543
-0.009534
-0.010217
0.000024
0.002686
0.018449
0.001472
-0.013015
-0.021834
-0.005807
-0.003035
-0.000060
-0.005594
-0.011065
-0.007699
0.000829
0.002397
0.006889
0.032824
0.010028
0.002221
-0.007398
-0.019708
-0.026985
-0.004846
0.005127
0.000638
0.003339
0.000790
0.043265
-0.012284
0.012530
0.003315
0.004723
-0.009465
0.000966
0.002068
-0.015872
0.016491
-0.009239
-0.015871
-0.020907
0.005274
-0.008201
-0.000213
0.000827
-0.014411
-0.010929
-0.007398
-0.005856
0.003497
-0.010780
-0.004767
0.003880
-0.008313
-0.005314
-0.004178
-0.007452
-0.003724
0.022825
-0.007982
0.002226
0.023223
-0.022688
0.008704
-0.016194
0.009773
0.031368
0.005020
-0.001026
-0.014793
-0.003997
-0.006927
0.009088
0.013178
-0.000267
-0.007491
0.003332
0.041074
0.000316
-0.008091
-0.007678
-0.014082
-0.002519
-0.006150
-0.000896
0.006977
0.011843
-0.007785
0.017665
0.002804
0.006109
-0.005651
0.015927
-0.010574
-0.020370
-0.001909
-0.008360
-0.003050
0.003138
-0.012380
-0.011260
0.000895
0.000670
0.006137
0.035261
-0.002713
0.010891
0.018597
-0.003844
0.018093
-0.006202
-0.016772
0.000745
-0.004256
-0.010181
0.003909
0.005806
-0.005841
0.008306
0.011308
0.005077
-0.004511
-0.004242
0.000216
-0.000639
0.000108
-0.003537
-0.001927
-0.010872
-0.005118
-0.001612
-0.011758
-0.009128
-0.012793
-0.009987
0.008775
0.003291
0.011974
0.031311
-0.009406
0.018201
0.024129
-0.011859
0.022072
-0.001055
-0.005031
-0.004435
-0.003458
-0.009895
0.026399
-0.002546
0.040283
0.004079
-0.002880
-0.008205
0.015759
0.013958
-0.010910
-0.012857
-0.000639
0.003018
0.001844
0.010094
0.039502
-0.006864
-0.001390
0.004748
-0.025984
-0.017234
-0.020950
-0.006084
-0.011877
-0.005892
0.012439
-0.003819
-0.005041
0.012366
0.009796
0.001365
-0.007871
0.000468
-0.012558
-0.013714
0.011425
0.000136
0.004659
0.032658
0.001754
-0.005993
-0.002784
-0.006301
-0.013034
0.001997
-0.030144
0.000726
-0.000127
0.004821
0.011030
-0.000302
-0.027590
-0.003373
-0.003778
-0.005924
-0.002584
-0.002840
-0.000549
-0.010772
0.006868
-0.018901
0.015314
-0.021980
-0.007548
-0.002146
-0.012939
-0.011910
0.010372
-0.019527
0.008631
-0.013468
-0.022026
-0.005743
-0.004713
-0.007403
-0.011210
-0.003887
-0.008382
-0.006829
-0.006867
0.001604
0.000303
-0.000200
-0.005846
-0.010590
0.000012
-0.010206
-0.006889
0.001553
0.014107
0.006786
-0.006825
-0.021571
-0.000627
0.019524
-0.004298
-0.008176
-0.001013
-0.012666
-0.012041
-0.006930
-0.004520
0.003204
0.055944
-0.023671
-0.009139
0.003335
0.046828
0.004784
-0.015031
0.053829
-0.003741
-0.007174
0.010231
-0.002551
0.014374
0.008100
-0.002835
0.019910
0.035511
0.006609
0.124141
-0.004785
0.043582
0.000565
-0.011981
-0.009205
-0.024545
0.008510
-0.011728
-0.027354
-0.002398
0.056668
0.001500
-0.020328
-0.008553
0.007576
0.004387
-0.008726
-0.001678
-0.005160
-0.004868
-0.000758
-0.003542
0.004093
0.006580
0.006759
-0.002688
0.001556
-0.008149
-0.010364
0.002528
0.006721
0.008137
0.013615
-0.007212
-0.015412
-0.012655
-0.005914
0.006233
-0.008330
0.018340
-0.008457
0.000317
0.002453
-0.009647
0.005196
0.006339
-0.025535
0.000859
0.003857
-0.011760
0.018439
-0.008822
-0.027889
-0.014660
-0.005192
-0.005136
-0.004869
-0.004106
-0.001119
-0.001637
-0.009583
0.039679
0.007413
-0.009956
-0.037701
-0.002820
0.017407
0.013461
-0.006257
-0.019793
-0.004147
-0.007262
0.016956
-0.003207
0.015489
0.019640
0.017793
-0.026568
-0.006015
0.001802
0.014606
0.004482
0.006838
0.015347
-0.005558
-0.007290
0.022597
-0.011756
-0.009932
0.012688
0.014558
-0.020112
-0.013949
0.001941
-0.002146
-0.001293
-0.014586
0.019707
-0.016371
0.016743
-0.000712
-0.006353
0.015224
0.036528
-0.005400
0.000315
-0.003484
-0.005299
-0.011631
-0.004817
0.023318
0.011743
-0.007451
-0.019533
-0.005016
-0.017270
-0.023137
0.008288
0.026291
-0.005067
-0.020063
-0.022491
0.007251
-0.019654
-0.004446
-0.028046
-0.005488
0.005866
-0.004244
-0.005763
0.001529
0.011739
0.006771
-0.006878
-0.032258
0.009936
-0.000681
0.014415
0.002515
-0.010763
0.002328
-0.017740
0.017915
-0.006243
-0.019686
-0.006767
-0.006101
-0.008708
-0.001279
0.001391
0.028712
0.001883
0.000550
0.003080
-0.006362
0.000544
0.010931
0.020405
-0.000882
-0.002547
-0.023643
-0.003756
0.004027
0.005834
-0.003970
0.009126
0.008505
-0.022891
0.014482
-0.011825
-0.011193
-0.010814
0.008063
0.030679
0.015194
-0.005383
-0.006953
-0.017040
-0.008891
0.002491
0.003776
-0.001455
0.025295
0.028910
0.014046
0.001977
-0.001116
-0.005433
-0.009677
-0.005071
-0.007999
-0.006330
0.012612
-0.003569
-0.015343
-0.024313
0.032901
-0.005185
-0.000987
0.004052
0.011970
-0.018752
0.020170
-0.005947
-0.007596
-0.004246
-0.011124
0.012787
0.021041
0.003976
0.010704
0.006564
-0.002069
-0.013725
-0.033749
-0.015844
0.001757
-0.010686
-0.244235
-0.049754
-0.007805
-0.005635
-0.010168
0.014215
-0.004512
-0.002214
0.001965
-0.012486
0.021683
0.078116
-0.012360
0.002123
-0.000561
-0.003453
0.001864
-0.005356
0.005487
-0.014157
0.007635
-0.015638
-0.009916
-0.013812
0.004520
0.015918
0.007243
0.001504
-0.008649
0.002418
-0.001879
-0.008991
-0.008908
0.019296
-0.012317
-0.002208
-0.002931
0.005881
0.011973
-0.004338
0.017638
0.008594
0.007922
0.009105
0.003342
-0.007947
-0.001412
0.010248
-0.003317
-0.002482
-0.007490
-0.011862
-0.008029
-0.003506
0.003419
-0.002346
0.003856
0.016759
-0.001789
0.006039
-0.010830
-0.013945
0.006822
-0.001617
0.007844
-0.001904
-0.006182
0.001090
0.013731
-0.001338
0.001644
-0.007359
0.017796
-0.009508
-0.007159
0.025213
-0.014145
-0.011229
0.066865
-0.000857
-0.001495
-0.004929
-0.003256
0.005479
0.005060
-0.003600
-0.009201
0.019222
0.017074
0.012144
-0.000723
-0.004670
0.022147
-0.007229
0.012479
0.019339
-0.007181
-0.006620
-0.007091
-0.004497
0.036163
-0.000489
-0.021670
-0.010789
0.000504
-0.004534
-0.001447
-0.004945
-0.008931
0.006249
-0.014631
-0.013163
-0.014864
0.016188
0.001688
-0.010278
-0.021901
-0.012032
-0.005037
-0.006037
-0.010221
0.017468
0.021952
0.006778
0.001742
0.003544
-0.015641
-0.008470
-0.004978
0.010204
0.007700
0.026026
0.005713
-0.015417
-0.002728
0.000872
0.000859
-0.012129
-0.007960
-0.001698
-0.000336
0.010817
-0.005867
0.020688
0.006111
0.002232
-0.016974
-0.013709
0.006592
0.000085
-0.011385
0.000822
0.007291
0.020484
0.012787
0.003607
-0.005124
-0.003393
0.007572
0.027370
-0.013620
-0.005996
-0.010203
-0.018075
0.007623
-0.000690
-0.003410
-0.003085
-0.005977
0.017138
-0.004853
0.003354
-0.010543
-0.011686
-0.007107
-0.007190
-0.004117
-0.007176
0.008662
0.001951
-0.005802
0.015434
-0.005195
0.012180
-0.002465
-0.010203
0.001866
0.014568
-0.000394
0.002296
0.002268
-0.008997
0.000716
-0.005494
-0.011088
0.023962
0.022266
-0.010161
-0.002845
0.001244
-0.002215
-0.009413
-0.017357
0.008134
-0.007913
0.000581
-0.000565
-0.006729
0.017380
0.009997
-0.001851
-0.000457
0.010871
-0.003366
-0.013570
0.016496
-0.000027
0.007653
-0.004976
0.006728
-0.003813
0.008719
-0.003530
-0.012709
0.013495
0.012118
-0.005069
0.003662
-0.005125
0.010988
-0.011573
0.006393
0.004078
0.034882
-0.008162
-0.009328
-0.008353
0.000700
-0.003055
0.016287
0.008054
0.049470
-0.016620
0.000979
-0.007571
-0.022341
-0.016316
0.003981
0.002625
0.002584
0.004895
0.084433
-0.011799
0.016991
-0.009032
0.002641
0.005672
0.010381
0.006232
0.002485
-0.000850
0.031058
0.016228
-0.009944
-0.023700
-0.008267
0.005864
0.001710
-0.027311
0.019531
0.005971
-0.014822
-0.002221
-0.003755
-0.000053
-0.000337
0.000777
0.019806
0.008794
-0.021312
0.011347
-0.000925
-0.009358
0.001060
-0.000588
0.000761
-0.008091
-0.006668
0.002149
0.086756
-0.000791
-0.003910
-0.017471
-0.004752
0.002860
-0.013426
0.008003
0.000131
0.017598
0.004487
-0.003081
-0.002938
-0.005693
0.000727
0.002458
0.001442
0.022005
0.006763
-0.003663
-0.002635
-0.011193
0.004151
-0.009185
-0.004553
-0.012893
-0.005302
0.027156
-0.006311
0.004776
-0.003203
0.004723
-0.013898
-0.016052
0.036852
-0.010264
0.011574
-0.003771
-0.014124
-0.009454
0.003751
-0.025548
0.002709
-0.015285
0.011150
-0.001680
0.021107
-0.004990
0.025009
-0.011836
-0.005022
-0.001957
0.048200
0.002425
0.023666
0.001957
-0.009479
-0.015841
0.031951
0.001679
0.006366
-0.002732
0.006628
0.003146
-0.001620
-0.015345
0.005630
0.007093
0.003066
0.017172
0.060141
0.004750
0.002103
-0.001189
-0.011449
0.002937
0.000172
0.007649
0.005972
-0.008962
-0.034801
0.006182
-0.004249
0.002730
-0.003583
0.356846
-0.000685
-0.008144
-0.001535
0.004639
0.000863
0.002560
0.014197
0.045441
0.036447
0.003498
-0.009295
-0.007811
-0.011275
0.002469
-0.014855
-0.006861
-0.011648
0.005332
0.011706
0.032795
-0.017205
0.017381
0.027862
-0.003302
-0.024214
0.019989
-0.009915
-0.006108
-0.009722
0.000946
0.001371
0.038736
0.008062
-0.022470
-0.007905
-0.024998
-0.017472
-0.008409
-0.011606
0.011763
0.024635
0.004617
-0.009543
-0.003865
-0.011403
-0.000316
0.024384
0.000046
0.005174
-0.001122
-0.014300
-0.005066
-0.004545
0.003263
-0.007277
-0.013946
-0.014560
-0.036927
0.034614
0.004741
0.002965
-0.002512
-0.004440
-0.011304
-0.001746
-0.001829
0.007816
-0.006884
0.002396
-0.000264
-0.001762
0.000873
-0.014364
-0.014049
0.007365
0.005094
0.002346
0.004003
-0.008492
0.013059
0.024082
0.000735
0.001290
0.004848
0.048814
-0.008258
0.005439
0.027583
-0.002381
-0.017369
-0.004748
0.001347
0.006698
-0.014007
-0.004631
-0.008425
0.002479
-0.000445
0.004138
-0.009575
0.003967
-0.005278
-0.004751
-0.031062
-0.005827
-0.005463
-0.002968
-0.004636
-0.021855
0.003488
0.026041
0.001424
-0.033133
0.012767
0.012877
0.018031
0.582606
-0.002284
-0.011906
-0.002467
-0.001195
0.019768
-0.009463
0.016830
-0.004677
0.001693
-0.001764
-0.009312
-0.003982
-0.011838
-0.011508
0.008970
0.020732
-0.008934
0.016185
0.011248
-0.004492
0.008038
-0.016101
0.006166
-0.016691
0.000168
0.025341
-0.025973
0.006588
-0.009265
0.006997
0.009302
0.000177
-0.003260
-0.008683
-0.008127
-0.014725
0.004533
-0.002381
-0.000038
-0.001458
0.021434
0.042522
-0.019672
-0.001449
-0.020844
-0.002094
-0.009340
-0.020040
0.004224
0.010309
-0.011021
-0.015120
0.006212
0.003602
-0.004609
0.000145
-0.013068
0.013683
0.062025
0.013812
-0.001673
0.004192
0.024177
0.002284
-0.000793
0.036861
-0.001952
-0.017372
-0.010942
0.010227
-0.000201
0.005680
-0.005649
-0.015498
-0.017483
-0.016966
0.001024
0.029642
0.005407
0.049708
-0.003740
-0.015886
0.008291
-0.000077
-0.003376
0.025175
-0.008651
0.007675
-0.003667
-0.000190
0.003011
0.017550
0.029617
0.017696
-0.003405
-0.004528
-0.003901
0.009268
0.004237
-0.002039
0.005909
0.000548
-0.003019
-0.018344
-0.015209
-0.014363
-0.017929
0.006560
-0.001628
0.001772
-0.016470
-0.015021
-0.007745
0.012573
-0.016125
-0.004225
-0.008386
0.002698
-0.016931
-0.000990
-0.010655
-0.002746
0.027617
0.001030
-0.010104
0.001134
-0.004007
-0.006717
-0.003514
-0.003589
0.002363
-0.012192
-0.010777
-0.009632
0.003168
0.001069
0.010684
-0.022693
-0.019016
0.003881
0.004479
0.004438
-0.019771
0.000062
-0.006391
-0.007056
-0.029803
-0.006576
-0.011444
0.011059
0.044079
-0.004762
-0.007685
0.003907
0.003499
-0.002878
-0.004610
-0.014398
0.003433
0.030263
-0.005568
0.013423
-0.017100
0.023454
-0.011503
0.012800
-0.007165
-0.006904
0.013173
0.003808
0.000348
0.011111
-0.020052
-0.002448
-0.010435
0.002034
0.014659
-0.001528
-0.001851
-0.028226
0.004617
-0.013091
-0.013595
-0.002718
0.005490
0.000571
0.004366
-0.006339
0.027850
-0.006345
0.008721
0.010664
-0.002325
0.003610
-0.013614
-0.005721
0.010829
-0.001727
-0.005273
-0.001352
-0.005935
-0.008877
-0.004735
-0.008752
-0.024609
-0.013138
-0.015207
-0.003400
-0.011136
0.000770
-0.013577
0.018478
-0.009511
-0.009025
-0.019837
-0.010785
-0.000894
0.016536
0.017978
0.007079
-0.003134
-0.000928
-0.002284
-0.023834
0.000360
0.002174
0.008818
-0.000974
-0.001723
-0.005813
-0.004692
-0.006006
-0.006649
-0.005057
-0.011460
0.007698
-0.005492
-0.028025
0.005672
0.002078
0.006178
-0.004741
0.004676
0.001551
-0.011114
0.062501
-0.004647
-0.003785
0.004922
-0.002316
0.005067
0.052473
-0.008300
-0.001529
0.000735
0.009514
0.008486
-0.014172
-0.007849
0.006404
-0.004833
0.004649
-0.009377
0.001560
0.008634
0.001965
0.001623
0.000360
0.010879
0.004346
-0.006993
-0.006458
-0.007871
0.005443
-0.004985
0.019015
0.007692
0.019374
-0.001250
-0.002033
0.047405
-0.009867
-0.009291
0.012952
0.004192
-0.020380
-0.007635
0.001080
0.003214
-0.002630
-0.008743
-0.002955
0.036227
-0.023640
0.019669
-0.007458
0.005431
0.002895
-0.001018
0.022807
-0.011987
0.002747
0.016305
-0.001305
-0.003569
0.022124
-0.014128
0.001424
0.026533
-0.013826
-0.012897
-0.038437
-0.002778
-0.015841
-0.002919
0.010867
0.002836
0.009077
-0.000923
-0.015390
0.000372
-0.004844
-0.034401
0.006536
-0.036492
-0.022723
-0.005139
-0.015498
0.004716
0.000982
0.016522
-0.008555
0.003742
-0.038589
-0.001718
0.011471
-0.006228
0.007927
0.002558
-0.012895
-0.004530
0.004789
-0.009300
0.000380
-0.002156
-0.000140
-0.011563
-0.000122
0.009608
-0.002801
-0.005209
-0.010390
-0.005440
-0.006258
0.001467
-0.005638
-0.004994
-0.015139
-0.001286
0.020606
0.006721
-0.000936
-0.006205
-0.011136
-0.020386
-0.005583
0.022863
-0.000629
-0.011376
-0.030227
0.012054
0.005453
0.004774
0.007992
-0.016831
0.003968
0.025210
0.000116
-0.002430
0.000050
-0.004089
-0.008846
0.004820
0.000669
-0.015580
0.005939
-0.008014
-0.011252
-0.002983
-0.011587
-0.020759
-0.014204
0.000082
-0.013687
-0.000049
-0.011233
0.003257
-0.007509
-0.009573
-0.012158
0.002292
0.004999
-0.008145
0.000680
-0.006203
-0.000795
-0.021405
-0.013323
-0.007178
-0.002275
-0.015851
0.001691
-0.004483
-0.002220
0.003354
-0.018026
0.013920
0.005063
-0.023680
0.016288
-0.002580
-0.010194
-0.003182
0.005180
-0.027230
0.017193
-0.014157
0.009083
0.008229
-0.002926
0.004245
0.026124
0.045589
-0.007523
-0.000127
0.000437
-0.008992
-0.000012
-0.001545
-0.003348
-0.007664
0.004686
-0.007117
-0.004994
-0.012355
0.014232
-0.006931
-0.004122
-0.000974
0.012136
-0.007167
0.014143
-0.010744
-0.004117
-0.015577
0.019869
0.005740
-0.003199
0.004972
-0.010685
-0.004974
-0.023321
-0.012604
-0.000319
0.007345
0.003264
-0.005946
-0.006270
0.023630
-0.003129
0.002893
0.000582
-0.015826
-0.002690
0.001308
-0.009256
-0.021393
-0.009365
-0.006468
-0.014715
-0.006546
-0.004720
-0.004135
-0.016665
-0.002163
0.014292
-0.056334
-0.019388
-0.001301
-0.001791
0.027242
0.006036
-0.019269
-0.003400
0.005980
-0.005644
0.005582
0.020258
0.016486
-0.009108
0.020572
0.013176
-0.020034
0.008792
0.000247
0.001034
-0.004700
0.005058
0.004325
-0.010400
0.000712
-0.005963
-0.008006
0.014832
0.039906
0.003672
-0.011898
0.002218
0.027619
-0.003588
0.005655
-0.013538
-0.019553
-0.015248
0.014827
0.000621
-0.027038
0.002373
-0.005444
-0.002206
0.017921
0.020992
0.022377
-0.005591
-0.017111
-0.004869
-0.016114
-0.000743
-0.004403
0.009231
0.018398
-0.001343
0.006288
0.000907
0.006383
0.003933
0.014035
0.006392
-0.005671
0.012111
-0.002739
-0.012236
-0.007175
-0.005039
-0.001492
-0.004988
0.005400
-0.009418
0.029777
0.001194
-0.005300
-0.022213
-0.006445
0.003297
-0.013335
0.006893
-0.014029
-0.006821
-0.015141
-0.004692
0.000806
-0.015301
0.001744
-0.001832
-0.000339
-0.003167
0.006992
0.008062
0.009642
0.006995
-0.001410
-0.003545
-0.017958
0.000862
-0.022953
0.000615
0.007775
-0.011062
-0.013413
0.002739
-0.015686
-0.008630
-0.000628
0.002455
-0.009314
0.005877
-0.007801
0.049716
-0.000458
0.011652
-0.002636
-0.003906
0.009787
-0.006219
0.033785
0.006409
0.004589
0.005951
-0.006656
0.012093
0.002790
-0.008744
-0.018673
-0.003094
-0.017293
-0.000408
-0.011525
-0.013006
-0.000406
-0.022796
0.003918
-0.008995
-0.015524
-0.001662
-0.020691
0.000100
-0.009692
0.020262
-0.006462
-0.003652
0.003699
-0.009745
0.061072
-0.011880
0.010313
-0.003038
-0.005301
0.000660
-0.008504
0.006310
0.005399
0.004830
-0.029152
-0.000454
-0.002590
0.001235
0.007106
-0.020648
-0.005336
-0.004452
-0.002190
0.018536
-0.008252
-0.003666
-0.009353
-0.010479
0.024927
0.004760
-0.001923
0.014705
-0.018672
-0.011087
0.013838
0.004634
-0.005436
-0.004982
-0.009775
0.006869
-0.016005
-0.004359
0.016150
0.015420
0.001491
-0.013965
-0.005900
-0.006134
0.004270
-0.007525
0.000445
-0.006013
-0.000306
-0.005485
0.018566
-0.003376
0.002688
-0.014777
-0.015905
0.018113
-0.002549
0.004509
0.013720
-0.002786
-0.009107
0.032656
-0.005375
-0.013062
-0.006032
-0.020397
-0.009425
-0.011753
0.002169
-0.000988
-0.005522
-0.011795
-0.009133
-0.011910
-0.009051
-0.015257
-0.010163
0.001015
-0.015331
-0.007706
-0.012706
-0.002392
-0.007590
-0.004315
-0.004310
0.006821
-0.006037
0.028428
-0.005756
0.006991
-0.019667
-0.006079
-0.017166
-0.015750
-0.016416
-0.003475
-0.015283
0.015875
-0.013545
-0.005805
-0.014211
-0.021428
-0.009157
-0.013262
0.007750
-0.018380
-0.004403
0.017677
0.002638
-0.034743
-0.007577
-0.005527
0.022244
0.020621
-0.014566
0.004567
-0.007937
0.001237
-0.006319
0.004448
-0.015462
0.003900
0.001543
0.004624
0.026220
0.003381
0.001332
-0.011152
-0.011227
0.016522
0.012362
0.001566
-0.052750
-0.004638
-0.004812
-0.002230
0.007341
-0.002222
0.023059
0.015133
0.000427
-0.002613
-0.005221
-0.001513
-0.002855
-0.013840
-0.026857
0.005886
-0.017601
0.021745
-0.014620
-0.015178
0.003131
0.004191
0.000465
-0.014668
-0.004953
-0.002440
0.006330
-0.003495
-0.005611
-0.004674
0.007821
-0.003519
-0.001010
0.002859
-0.007050
0.006554
0.028787
0.012497
-0.005290
-0.006950
-0.012864
-0.007921
-0.008437
-0.008240
-0.005280
-0.001982
0.000197
0.010188
-0.005438
-0.003980
0.006337
-0.001233
-0.005352
-0.004907
0.006049
-0.004366
-0.006261
-0.001300
0.020842
0.009016
-0.005982
0.033349
0.013488
-0.002065
0.008766
0.001799
0.054434
-0.012359
-0.003726
-0.007718
0.004414
-0.001211
-0.012323
0.003628
-0.008673
-0.003433
0.013867
0.000927
-0.003919
0.004674
-0.001420
-0.013004
0.015872
-0.006794
0.031157
-0.003974
-0.004106
0.002875
0.010869
0.012224
-0.000233
0.001828
0.001872
0.009786
0.016007
-0.001586
0.009218
0.116255
0.001034
-0.008280
0.011481
0.110586
0.000886
-0.007286
-0.005059
0.028694
-0.005022
0.003468
-0.008988
0.003523
0.000167
-0.001947
0.003823
-0.023634
0.008455
0.012767
-0.006155
-0.004906
-0.001165
0.016127
-0.025172
-0.016303
0.009274
-0.000989
0.008503
0.003359
0.002833
-0.007140
0.014536
0.000283
-0.015847
0.002277
-0.004538
-0.001548
-0.007498
-0.000248
-0.000190
0.003465
0.018799
0.009952
0.000387
0.006311
0.002287
-0.009633
-0.002604
0.000119
-0.005328
-0.005322
0.003987
-0.001471
-0.006500
-0.012634
-0.003328
-0.003129
0.003435
-0.013421
-0.004346
0.016575
0.002069
0.008567
0.008311
0.004449
-0.017523
-0.006484
0.001604
-0.006662
0.002882
-0.019066
0.008629
-0.017681
-0.002840
-0.010111
-0.006440
-0.003438
0.001133
-0.006978
-0.005427
-0.029085
0.005731
0.010545
0.016967
-0.004724
-0.008338
0.003514
0.002178
-0.004681
-0.005485
0.008282
0.001724
-0.001620
-0.004660
-0.024554
-0.000874
-0.000652
-0.002511
0.016102
0.003533
-0.008936
0.001531
0.004397
-0.006213
0.011698
0.011088
-0.002839
0.004679
-0.016503
0.000100
-0.013241
0.010287
-0.003235
0.021172
0.004016
0.005493
-0.015606
0.004577
-0.002308
-0.015231
0.011763
0.010983
-0.006999
-0.018984
-0.001623
0.003027
0.041161
-0.006843
-0.006138
0.004892
0.023845
0.001061
-0.033214
-0.002323
-0.023212
-0.002635
-0.001762
0.004994
0.026808
-0.017078
-0.000514
-0.004735
-0.016191
-0.013016
0.008729
0.002234
-0.001016
0.005538
0.003244
-0.004605
-0.041493
0.013762
-0.001350
0.009083
-0.007608
0.000189
0.003553
0.000661
-0.000857
0.000058
-0.029453
-0.001780
0.004066
0.064286
0.001959
0.009689
-0.005162
0.021073
0.004283
0.007342
0.000782
0.027908
0.038800
0.004938
0.002625
-0.003094
-0.004451
-0.026350
0.019754
-0.004034
-0.008725
-0.020807
-0.004256
-0.023387
-0.025941
-0.007894
-0.006061
0.007908
0.008063
-0.003163
0.002864
0.005776
-0.003292
-0.002351
-0.001403
0.020319
0.016749
0.002807
-0.005579
-0.002245
0.036302
0.023432
-0.003542
-0.016536
-0.001688
0.013386
-0.002456
0.005136
0.011603
-0.002687
-0.000231
0.002954
-0.013798
-0.011316
-0.004596
-0.001954
-0.001629
-0.000842
0.068502
0.003429
0.007401
0.081618
0.001591
-0.013208
-0.002714
-0.008674
0.007192
-0.017169
-0.017861
0.009906
0.001952
-0.016606
0.006003
-0.003336
-0.022832
0.003576
0.005312
-0.012488
-0.003649
0.029301
-0.006068
0.013111
-0.027282
0.021555
-0.003885
0.002519
0.004347
-0.004443
-0.000485
0.000241
0.007344
0.001938
-0.007104
-0.005401
-0.014813
0.002458
-0.005628
-0.002236
0.009912
0.015797
-0.016269
-0.010786
-0.009374
-0.000206
-0.006613
-0.011498
-0.002500
0.008641
-0.004806
-0.018886
-0.015680
-0.012684
-0.009374
0.006386
-0.010250
-0.003810
-0.009523
0.000368
-0.014147
-0.001165
0.038123
-0.003557
-0.008162
-0.010053
0.002787
-0.006746
0.008220
-0.005465
-0.005941
-0.003999
0.003754
-0.003336
-0.010232
0.022571
-0.001269
0.000908
-0.002037
-0.002986
0.000351
-0.009433
-0.018041
0.017185
-0.003312
-0.023592
0.015965
-0.022119
-0.005746
0.003516
-0.031678
-0.004181
0.003326
0.009079
-0.003396
0.003712
-0.013300
0.000853
-0.014645
-0.011547
0.009622
-0.014606
-0.013189
0.000018
-0.004039
-0.000732
-0.024831
-0.009159
-0.010189
0.000853
0.013456
-0.000860
0.010397
-0.014414
-0.009700
0.002968
0.035142
0.000595
-0.012103
-0.003172
0.003106
-0.007017
-0.001673
0.005888
-0.013327
-0.019413
0.006714
-0.011860
-0.003569
-0.002676
0.006222
0.000906
0.032866
0.001621
-0.005101
0.005554
0.002528
-0.003919
-0.011237
-0.002583
-0.008444
-0.006200
0.003359
-0.010406
0.011383
-0.008753
0.000594
-0.006785
0.003159
-0.004230
-0.012590
-0.003134
-0.007374
-0.004784
-0.010740
0.004785
-0.003127
0.013799
0.008419
-0.006460
-0.011478
-0.001021
-0.023760
-0.004106
0.001097
0.017993
0.002960
0.001452
-0.019754
0.007793
0.009858
-0.018569
-0.003169
-0.006924
0.005717
-0.009965
-0.005183
-0.010241
-0.000659
0.009251
0.012283
0.001231
0.000682
0.000715
0.020198
-0.004740
0.002491
-0.004451
-0.008357
-0.003451
-0.008278
-0.025221
-0.004011
0.006337
-0.003238
0.011240
-0.000512
-0.011131
-0.004176
-0.020169
-0.009418
-0.000865
-0.017777
-0.009568
0.023336
-0.007952
-0.005735
0.051281
0.000532
0.006995
-0.003530
-0.061989
-0.005389
-0.001671
-0.002782
-0.001270
-0.001502
-0.005614
0.002280
0.009242
-0.000209
-0.008287
-0.003073
-0.003961
-0.000709
0.004843
-0.002631
-0.003966
0.011245
0.000022
-0.000627
-0.002763
-0.014721
-0.001773
-0.006777
-0.003452
-0.009884
-0.001998
-0.009556
0.002494
-0.004563
-0.006278
-0.001749
-0.009205
-0.002092
-0.007705
-0.001276
-0.001666
-0.013603
-0.012126
0.016024
-0.013395
-0.017425
0.003882
-0.004888
0.016686
-0.002493
-0.005520
-0.015739
-0.005907
0.000371
0.022223
0.000899
0.000649
-0.016412
-0.004066
0.001542
-0.002635
-0.020403
-0.006336
-0.008840
-0.001652
0.009009
0.005708
-0.016496
-0.003744
0.001817
-0.008901
0.000336
0.001461
-0.033550
0.000647
0.011782
-0.002856
-0.000313
-0.003101
-0.003781
-0.003480
-0.000441
-0.000713
-0.004589
0.002221
-0.004784
-0.000143
0.011838
0.011295
-0.001070
-0.004048
0.020172
0.001015
-0.006390
0.002091
-0.001635
0.008204
-0.000633
0.002131
-0.009659
0.010347
0.014010
0.016623
-0.013571
0.008617
0.001091
-0.007138
-0.006758
-0.005081
0.009886
-0.001491
-0.001082
-0.001839
0.012765
0.004201
-0.002757
0.001336
-0.008319
-0.003763
-0.001444
0.013503
-0.002676
0.001901
-0.002319
-0.013368
-0.001833
0.001422
-0.003806
0.016570
-0.005925
0.008133
-0.005021
-0.007254
-0.006748
-0.001754
-0.010691
-0.006286
-0.007827
-0.003078
0.005948
-0.005342
0.001562
-0.002041
-0.001994
0.013984
0.004572
-0.001567
-0.005596
-0.003227
-0.004193
-0.011735
0.016275
0.003173
-0.000438
-0.026054
-0.004063
0.013580
-0.000874
-0.019889
-0.004308
0.002499
0.002304
-0.013056
-0.003858
0.000801
