0.004796
0.002745
0.002374
-0.007547
-0.011915
-0.045338
0.003131
-0.001191
-0.012140
-0.007456
0.057595
0.000166
0.002374
-0.002269
-0.005809
0.000188
-0.001988
-0.016560
-0.021801
0.001000
-0.001565
-0.001412
0.005277
0.001351
-0.002352
0.023312
-0.001847
-0.004418
-0.050336
0.000969
0.048189
-0.015130
0.001566
0.007758
-0.020379
0.019032
0.009841
0.000619
0.000006
-0.010400
-0.008505
0.014375
0.002971
0.005244
0.001471
0.004817
-0.003370
-0.009357
-0.037263
-0.001834
-0.003215
-0.007036
-0.002165
0.000576
0.000138
-0.004401
-0.021628
0.004136
0.001970
-0.001065
0.015444
0.002588
0.004034
-0.005419
-0.014089
-0.013703
-0.013222
0.011596
-0.012169
-0.015719
0.014594
-0.011564
0.005249
0.027899
0.001281
-0.005815
-0.015174
-0.001255
-0.011563
-0.006925
0.001819
-0.001189
0.006209
-0.004614
0.003264
0.000560
0.003972
-0.002160
0.000992
-0.011694
-0.001610
-0.003509
-0.002441
-0.011983
-0.005075
-0.013591
0.006962
0.001226
0.006393
-0.006765
0.025529
-0.006661
-0.037321
0.028573
-0.003141
0.031511
-0.005325
0.008754
-0.015919
0.024256
0.014021
0.000914
-0.005344
0.023238
0.017665
-0.035981
-0.010085
-0.015906
-0.033605
-0.022913
-0.024591
-0.006240
-0.009646
-0.003588
-0.000375
-0.009962
-0.000550
-0.013883
-0.000906
0.002631
-0.007685
-0.008220
0.018396
-0.002695
-0.001964
-0.007396
-0.001178
-0.000315
-0.001207
-0.018644
-0.002859
-0.000396
-0.003573
0.017537
0.007503
-0.011467
-0.008342
0.026356
0.023268
-0.000167
0.027107
0.009981
-0.001256
0.012643
-0.001556
0.001403
-0.032569
-0.011065
0.018721
-0.025575
-0.037852
-0.017479
0.018552
-0.014255
0.019897
-0.002181
-0.018191
-0.035934
-0.014996
-0.016332
-0.031555
0.073850
0.019670
-0.018967
-0.007543
-0.009935
-0.050617
0.004706
-0.004143
0.027850
0.006254
0.000117
-0.022909
-0.022872
0.002084
0.049022
-0.010235
0.003469
0.003577
-0.012387
0.014783
-0.012711
0.008012
-0.034125
0.010730
-0.006521
0.042339
-0.002113
0.007302
0.006765
0.021467
0.000553
-0.029165
0.000936
-0.045306
-0.037591
-0.000129
-0.006611
-0.028635
0.009238
-0.012606
-0.004899
-0.046012
-0.015262
-0.015723
0.008601
0.024386
-0.001165
0.010258
-0.006924
-0.001306
0.005231
-0.009443
-0.001495
0.009265
0.003060
0.001993
0.014742
-0.005636
-0.000958
0.004680
-0.001274
-0.013235
-0.004016
0.032265
-0.018575
-0.011955
0.008200
-0.010960
-0.005665
0.001242
0.001740
0.035779
0.003826
-0.008872
-0.000035
0.016706
-0.010517
-0.018778
-0.027278
0.002345
-0.000655
0.002134
-0.010171
-0.016521
-0.007338
-0.007928
0.000771
0.000686
-0.018608
-0.002027
-0.008469
0.016702
-0.010117
-0.001034
-0.000710
-0.012945
-0.014230
0.000333
-0.000508
0.005994
-0.000342
-0.038028
0.038245
0.008382
0.015263
0.012511
0.004870
-0.012998
-0.025612
0.002156
-0.012653
-0.017024
-0.004297
0.005940
0.001311
0.007044
0.004530
0.006555
-0.006526
0.000146
-0.016924
0.001840
0.005036
0.015617
0.049227
-0.011043
0.010781
-0.005809
0.045558
-0.001427
0.003593
-0.007369
0.004484
0.022701
-0.000132
-0.001368
0.008246
-0.014784
0.021316
-0.006545
0.017129
0.006564
-0.015700
-0.031179
0.004990
-0.009438
-0.000557
-0.001208
-0.004756
0.005367
-0.014964
-0.027581
-0.010936
-0.022309
-0.010856
0.002040
0.002761
-0.006233
-0.010181
-0.010834
-0.015653
-0.006135
-0.032713
-0.004634
0.012142
0.001248
0.000500
0.020854
0.009120
-0.005210
0.013114
-0.014606
-0.011648
0.000434
-0.007337
-0.015913
0.025657
0.010379
0.003815
0.005561
-0.010075
0.001026
-0.004422
0.001266
-0.012480
0.046018
0.005771
0.018043
-0.012527
-0.001061
-0.009591
-0.020665
0.003183
0.028880
0.003898
-0.000235
-0.016146
-0.005221
-0.007508
-0.004710
0.006774
0.018655
-0.000652
-0.007335
-0.002724
0.009736
0.067906
0.000828
0.003579
-0.012785
0.001426
-0.022391
-0.010303
-0.004069
-0.002630
-0.015088
0.005009
0.000180
-0.001026
0.000412
-0.007157
-0.008478
0.016599
-0.001917
0.005745
0.008400
-0.020845
0.050449
0.020507
-0.026039
0.003276
-0.005510
-0.035580
-0.004796
-0.006456
0.006940
0.002852
-0.007943
-0.018036
-0.002205
-0.007142
-0.003462
0.015635
-0.010628
0.000851
-0.011694
-0.008649
0.005303
-0.002358
-0.025543
-0.011097
0.007163
-0.005083
0.003182
0.004570
-0.012671
-0.019549
0.000199
-0.022498
-0.001649
0.034623
-0.000104
0.013634
0.004882
0.025135
-0.005888
0.027175
-0.013918
-0.006828
-0.001503
0.034402
-0.001998
0.000551
-0.001563
0.013547
0.002404
-0.006559
0.000058
0.001268
-0.005787
-0.005040
-0.029799
0.007254
-0.020496
-0.006359
0.014430
0.006728
-0.020120
-0.000592
-0.011732
0.001363
-0.010786
0.004994
-0.001152
-0.016304
-0.000983
0.007779
0.047841
-0.011344
-0.003633
-0.002189
-0.013735
-0.007826
0.015444
0.004473
0.013095
0.017768
-0.003164
0.006785
-0.000800
-0.003304
-0.006003
-0.014621
-0.011964
-0.018095
0.009258
0.014905
0.001915
0.002069
0.017842
0.029145
-0.009044
0.014335
0.020032
-0.008624
0.018093
-0.008516
0.000855
-0.003017
-0.002998
0.026297
-0.006219
0.003767
0.002343
-0.001810
-0.004942
-0.030949
0.022808
0.011564
-0.001309
0.003078
-0.062922
0.049616
0.007334
-0.003736
-0.028145
0.022694
-0.013357
-0.013908
0.005868
0.005527
-0.038961
-0.016550
0.007999
-0.003885
0.036555
-0.012194
-0.005505
-0.010371
-0.010262
0.007479
-0.003939
0.002041
0.012507
-0.007732
-0.061767
0.028038
-0.008219
0.016375
-0.001090
-0.009199
-0.039342
0.002059
0.038584
0.002143
-0.000662
0.067965
-0.004469
-0.012610
-0.019080
0.002156
-0.019009
-0.021018
0.004887
0.000537
-0.008574
0.007303
-0.018448
0.032569
-0.001555
0.043909
-0.005243
-0.019408
0.003512
0.013661
-0.007031
-0.034272
-0.009349
0.010320
-0.001935
-0.005509
-0.004912
-0.002415
0.009277
-0.036886
-0.026072
0.007746
-0.002502
-0.013460
-0.008202
0.005027
-0.012611
0.014142
0.005902
0.001517
-0.000347
-0.009517
-0.001197
-0.014053
-0.024791
0.014849
-0.008775
-0.021800
0.003064
-0.026990
-0.003680
0.004778
0.031637
0.000791
-0.003456
-0.005248
-0.001793
0.008205
-0.003197
0.040097
-0.002785
-0.008432
0.009096
0.005844
0.004759
0.008077
-0.038271
-0.037640
-0.021645
-0.001307
-0.031457
-0.001135
0.009074
-0.000055
-0.015285
-0.051156
-0.019049
-0.034015
-0.014294
-0.007564
0.000891
-0.013039
-0.125381
-0.004158
-0.038116
-0.003015
-0.019809
-0.013583
-0.002535
0.029046
-0.000966
-0.044831
-0.010561
-0.008677
-0.010977
-0.003448
0.001338
-0.000129
-0.015046
-0.005629
-0.000959
0.046466
-0.001212
0.001973
-0.007803
-0.015510
0.016900
0.064450
0.016551
0.014044
-0.013663
-0.025088
0.005357
-0.018271
-0.016681
-0.002387
-0.007758
-0.005249
0.014691
-0.019629
0.014662
0.004691
-0.010793
-0.016937
-0.005456
-0.001912
-0.004189
-0.019734
-0.003006
-0.006243
-0.007211
0.020184
0.003043
0.002274
-0.018004
-0.013717
-0.000267
0.002665
-0.002739
-0.010120
0.001536
-0.016924
-0.024160
-0.007749
0.001978
0.018182
-0.039400
-0.007612
-0.008822
0.001671
-0.006271
0.102504
-0.009724
-0.023067
0.072100
0.039830
0.004541
0.000658
0.013988
-0.007207
-0.006310
0.040999
-0.064774
-0.021299
0.004586
-0.009596
0.023142
-0.004255
-0.009136
-0.002833
-0.006536
-0.011520
-0.003949
0.004357
0.043661
-0.020802
-0.006696
-0.022293
-0.025861
-0.023741
-0.017526
-0.003519
-0.019422
-0.004086
0.039631
-0.015816
0.010480
-0.017481
-0.004495
0.052327
0.002735
0.007014
-0.024911
-0.027158
0.003031
0.010578
-0.003871
-0.036963
-0.023736
0.006484
-0.048648
0.012739
0.011361
0.019965
0.013544
-0.001807
-0.004528
0.018256
-0.005930
-0.021273
-0.000739
0.015625
-0.015452
0.024963
0.008133
-0.015437
-0.009371
-0.012741
0.154401
0.031170
0.002618
-0.004402
0.065071
0.028733
-0.003275
0.030676
0.000125
-0.006865
-0.007906
0.000458
-0.000888
-0.026676
0.025308
-0.056842
0.017041
0.030343
0.005427
-0.007606
-0.019705
-0.001343
0.050420
0.003298
0.055433
-0.005180
-0.018561
-0.001795
-0.070417
0.012625
0.004325
-0.020407
-0.052749
-0.031526
-0.003441
-0.015332
0.001800
-0.024765
0.004448
0.005702
-0.023889
-0.009975
-0.000762
0.026942
-0.005548
0.019064
-0.010960
-0.011715
-0.001573
-0.022064
0.007924
-0.002690
0.001238
-0.001873
0.001915
0.014471
0.003669
0.000309
0.033854
0.004949
-0.012812
0.020852
0.042743
-0.000306
0.048446
-0.008559
-0.007877
0.009915
-0.006977
-0.012209
0.002781
0.002316
0.025489
-0.052928
0.009946
0.025319
-0.015054
0.063228
-0.007197
-0.012156
0.004101
-0.029490
-0.017924
-0.009098
-0.015587
-0.019687
-0.002624
0.066655
-0.000732
0.004333
0.026918
-0.015567
-0.015614
0.001889
-0.003156
0.018084
-0.005371
-0.005582
-0.013112
0.002693
0.028440
-0.006137
0.002059
-0.027572
0.046006
-0.019471
0.022805
-0.028793
-0.014475
0.000704
0.006032
-0.024079
0.007482
0.016444
0.000646
-0.015358
-0.023661
-0.014794
-0.008864
-0.017410
-0.020215
-0.007559
0.031330
-0.001443
-0.023971
-0.004534
-0.000981
-0.014472
-0.011714
-0.018661
-0.004985
-0.010287
-0.009937
0.005022
0.007724
-0.000366
0.013272
0.000717
0.033110
0.032455
0.006457
-0.012752
-0.016061
-0.033502
-0.007202
-0.006733
0.024046
0.036390
0.004532
0.008690
-0.009261
-0.011683
-0.012235
-0.010067
-0.007348
0.019116
-0.003960
-0.041872
0.004823
0.018227
-0.011201
-0.004975
-0.009941
-0.001165
0.013744
0.000796
-0.000398
0.015352
-0.019473
0.009653
0.005946
-0.017240
-0.028723
0.006149
-0.019247
-0.029464
-0.008239
-0.014787
-0.018515
-0.006688
-0.022803
0.011095
0.004507
0.017918
0.030585
0.023641
-0.036831
-0.016951
-0.006148
0.004003
0.040266
0.019353
-0.014453
0.015157
-0.009875
0.008431
-0.013216
-0.007396
0.010070
0.019092
-0.035883
0.010674
-0.014262
-0.066199
-0.010901
0.002436
-0.018972
-0.021539
0.017793
-0.015958
-0.006133
-0.011722
-0.000466
-0.000829
0.000709
-0.029707
-0.016190
-0.005620
0.016918
-0.008749
-0.015022
-0.044287
-0.008051
-0.002361
-0.042763
0.015502
0.004867
0.004857
-0.007250
0.017937
0.038362
0.042598
-0.000974
-0.002311
0.033657
-0.004553
0.001985
-0.002400
0.005575
-0.014489
0.010519
-0.016442
-0.000574
0.028036
-0.020841
0.012491
-0.000241
-0.014389
-0.018622
-0.002337
-0.009657
0.000958
-0.013913
-0.004233
-0.011915
-0.014498
-0.009993
-0.029121
-0.004865
-0.006636
0.005942
0.017479
0.010507
0.003401
-0.006490
-0.008799
0.022800
-0.004512
-0.020712
-0.009630
-0.016518
0.023714
0.011302
-0.000891
-0.008839
-0.005019
-0.022424
-0.001036
0.006821
0.000028
-0.009065
0.040225
0.000436
0.009940
0.008679
-0.006546
0.002424
-0.007754
0.007825
-0.035330
0.007742
0.012788
-0.005619
0.018120
0.022937
0.002474
0.021036
-0.011350
-0.016447
0.006390
-0.002597
0.018790
-0.003197
0.035183
0.005877
-0.017662
-0.004205
-0.006182
-0.035601
-0.015742
-0.037913
-0.001615
-0.019110
-0.005934
-0.008057
-0.007074
-0.011959
-0.056392
0.011260
-0.010892
0.001870
0.000062
0.004283
-0.004765
0.041484
-0.003571
0.001065
0.043121
0.007621
0.007031
-0.017695
-0.033171
-0.008185
-0.012839
-0.011815
-0.029109
-0.004955
-0.025676
0.004257
-0.008738
-0.009465
0.006551
-0.020941
-0.026250
0.003872
0.016274
-0.002947
-0.027118
0.005054
-0.000519
-0.020832
0.002789
0.003727
-0.010763
0.007062
-0.008948
0.027122
-0.011940
-0.010032
-0.004345
0.016610
-0.013522
0.004887
0.033191
-0.020547
0.011787
-0.012556
0.000077
-0.004621
-0.011839
-0.006756
0.017289
-0.000373
0.028219
-0.001995
0.056541
-0.012837
0.005007
-0.003668
-0.005653
-0.002969
0.000655
0.021737
-0.003365
0.009423
-0.023184
0.010134
-0.054062
0.010662
-0.006582
-0.007272
-0.023820
0.013994
0.040674
-0.007233
-0.015739
0.010534
-0.025671
0.003359
0.000491
-0.038435
-0.001709
0.007346
0.006464
0.039732
0.022936
-0.005205
0.000128
0.010296
-0.011389
0.004663
0.001705
0.007318
-0.002599
-0.006889
-0.010084
0.018248
-0.005130
0.002531
-0.009864
-0.004094
-0.008061
0.011335
-0.002702
-0.000845
0.017218
-0.001800
-0.009333
0.005627
-0.025559
0.032306
-0.066617
0.006245
-0.015908
0.042233
0.000585
0.005005
-0.000421
0.003024
0.010686
-0.005790
-0.011397
0.022212
0.004429
-0.008701
-0.006859
-0.013160
-0.000771
-0.013254
-0.003646
-0.011523
0.010011
-0.011378
0.018724
0.001913
-0.028362
0.003025
0.006797
-0.001579
-0.004663
-0.017547
-0.003598
0.008235
-0.002227
-0.034278
0.021338
-0.031061
0.000502
-0.008154
-0.004866
-0.250720
-0.048860
-0.011858
-0.002624
-0.002833
-0.017091
-0.001919
-0.010576
-0.025345
0.011943
-0.004480
0.007730
0.007684
0.028796
-0.020405
-0.007234
0.011301
-0.025810
-0.001474
-0.000117
0.000948
0.007472
0.022823
0.027110
0.096296
-0.010251
-0.012640
-0.001887
0.025424
-0.025123
0.001851
0.006265
0.005623
-0.001475
-0.004481
0.008010
-0.032731
-0.009203
-0.004997
-0.000109
0.003955
-0.042589
-0.010902
-0.006561
0.006728
-0.028940
-0.083879
0.020366
0.011279
0.011027
0.000032
-0.001595
0.050657
0.012299
0.001644
0.005124
0.018574
-0.005019
-0.010204
-0.011212
-0.002548
-0.048152
-0.006528
0.052676
-0.000838
0.000964
-0.000552
-0.003728
-0.039933
0.004964
0.046480
-0.000778
-0.001407
-0.019268
-0.006781
-0.015684
0.003436
-0.028826
0.007267
-0.010663
-0.021032
-0.017360
-0.035365
-0.019005
-0.004230
-0.023724
-0.002755
-0.001154
-0.023486
0.010519
-0.000200
0.016214
-0.010699
0.010014
0.014790
0.005068
-0.032153
0.010241
-0.013441
0.011618
-0.018856
0.006515
0.003583
-0.011769
0.002594
-0.011828
0.012016
0.001747
0.005065
-0.032713
0.000887
-0.007086
-0.009243
-0.002698
-0.001594
-0.011708
0.002035
-0.008568
0.001639
0.001189
0.071357
-0.017227
-0.012617
-0.012906
-0.009071
-0.007190
0.005453
-0.008094
0.000383
0.001999
-0.016052
-0.013619
0.016962
-0.008661
0.034458
-0.024991
-0.000017
-0.007019
0.018219
-0.010967
-0.020261
0.032929
0.061092
-0.000031
-0.010641
-0.001554
0.004642
-0.021168
0.007340
0.001962
-0.001233
-0.014232
-0.008125
-0.008964
0.001404
-0.004534
-0.006678
0.006127
-0.004081
-0.008132
-0.001740
0.014103
-0.016522
0.001834
0.002489
-0.047727
-0.000580
-0.032724
0.009031
0.003635
-0.010387
-0.006426
0.018954
0.014433
-0.009637
-0.021744
-0.005242
-0.008061
0.064489
-0.006166
-0.021456
-0.002170
-0.019815
0.001868
0.001448
-0.000657
-0.007010
0.008190
-0.067852
-0.004122
0.014573
0.011250
-0.000855
0.005768
-0.017721
0.072927
-0.005149
0.036607
0.008274
-0.018943
0.011780
0.020556
0.009666
0.005634
0.008962
-0.006265
0.017656
-0.011611
-0.005159
0.014382
0.022779
-0.014032
-0.004280
0.024768
0.026649
0.013698
-0.027259
-0.003994
0.011674
-0.007801
0.006331
0.043768
0.012414
0.009305
0.020463
-0.006932
-0.009815
-0.016792
-0.011863
-0.002951
-0.036589
-0.023071
-0.010536
0.026207
0.019698
0.064555
0.009410
-0.031041
-0.006625
-0.001520
-0.013119
-0.001255
-0.008867
-0.009991
-0.001296
0.008192
-0.002413
-0.009028
0.005551
0.018878
-0.011866
0.042150
-0.011991
-0.011355
-0.030796
0.016340
0.034859
-0.038760
-0.020529
-0.040454
-0.010638
-0.005108
-0.009005
-0.020966
-0.012744
-0.021470
-0.009873
0.004237
0.022770
-0.010201
0.018388
-0.004228
-0.000196
-0.025347
0.029829
0.000736
-0.020829
-0.005888
-0.000453
0.019303
0.002363
0.027420
0.000043
-0.024004
-0.000241
0.002066
0.000805
-0.005389
-0.021008
0.018251
0.001693
0.028696
0.046574
0.033665
0.083163
-0.008997
-0.040537
-0.006321
-0.013971
-0.010118
-0.007884
0.012640
0.001978
-0.002129
0.003997
0.044554
0.007730
-0.005029
0.000718
0.001394
0.023418
-0.000045
-0.003613
0.022036
-0.008585
-0.009951
0.006512
0.010120
-0.008940
-0.002506
-0.019675
-0.043885
-0.002572
0.006712
0.010017
-0.000544
0.006308
0.001936
-0.007150
0.093786
-0.007906
0.007899
-0.008171
-0.000809
-0.028409
-0.004080
0.000917
0.012564
0.016845
-0.002778
0.010756
0.014852
0.002582
0.002599
-0.005980
-0.011613
0.026493
-0.002587
0.022752
0.009710
-0.031267
0.006974
-0.020406
0.003851
0.010240
-0.035603
0.007470
-0.013484
0.013399
-0.019327
-0.006897
0.002560
0.002784
0.008192
-0.003982
0.011661
-0.008213
-0.005306
0.003136
0.001226
0.006041
0.020092
-0.004216
0.026449
-0.004330
-0.007657
0.006618
-0.019306
0.004816
-0.001357
0.043155
-0.015136
0.002950
-0.014024
0.006951
0.005602
0.006221
-0.019989
-0.003608
0.001967
-0.027499
0.000069
-0.099371
0.021992
0.018438
-0.006401
0.051636
-0.028484
-0.060425
0.004241
-0.018481
-0.009266
-0.009074
-0.008591
-0.001691
-0.019633
0.006792
-0.001646
0.001540
-0.007608
0.012444
-0.012920
-0.008249
-0.003705
0.005942
-0.004837
-0.001601
-0.000441
-0.012380
-0.007999
0.007883
0.025108
0.006948
0.000829
0.000510
-0.012991
-0.005003
-0.006426
0.011298
0.026112
-0.003773
-0.002522
-0.006307
-0.002941
0.001815
0.009246
-0.012668
-0.010580
0.021259
-0.005949
-0.032461
-0.030580
-0.011370
-0.008808
-0.019611
-0.001797
0.005728
-0.013728
0.013007
0.015487
0.000336
-0.012982
-0.005259
-0.012009
-0.032305
-0.014866
-0.014119
-0.037277
-0.007560
-0.009809
0.005676
0.072584
-0.016250
0.013692
-0.001843
-0.020927
0.005707
-0.058094
-0.030997
0.003847
-0.010434
0.017674
0.000179
0.015992
0.007430
-0.020115
-0.000988
0.001361
-0.003518
-0.014967
0.016752
-0.002248
-0.015324
0.024481
0.012212
0.017918
-0.003320
0.003422
-0.014567
-0.002613
0.012390
-0.005571
0.018658
-0.003599
-0.021708
0.018639
0.084452
-0.004760
0.004793
0.012261
0.014374
-0.021851
-0.028059
0.082544
-0.006908
-0.000417
-0.003515
0.001234
-0.011157
-0.004376
0.003524
-0.001581
-0.006949
0.012624
-0.011228
0.000378
0.006724
0.001808
0.018820
0.012909
-0.012149
-0.008652
-0.027404
-0.005787
0.013428
0.030739
-0.004711
-0.004252
0.020525
0.001052
0.059601
-0.006924
-0.014818
0.000231
-0.009057
-0.017916
0.003149
0.027881
-0.009352
0.004279
0.004667
-0.004180
0.003236
0.003071
-0.017347
-0.002293
0.001636
0.065399
-0.006433
0.015124
0.002620
0.010520
0.079459
0.000019
0.000709
0.012002
-0.015564
0.020430
-0.010244
0.003023
-0.000276
-0.005566
-0.001589
-0.045277
-0.016610
-0.002430
-0.002236
-0.007824
0.015499
-0.032868
0.018065
0.000857
0.020554
-0.004056
0.001552
-0.013846
-0.013481
0.011447
-0.002550
-0.010331
-0.001251
-0.013407
0.041723
0.009864
-0.017624
-0.006950
-0.000725
-0.001154
-0.013808
-0.028864
0.001446
0.001390
-0.006824
0.011275
0.016934
-0.044009
0.004986
0.002658
-0.015796
-0.010644
0.006250
-0.004668
0.005431
-0.007308
-0.005262
0.002066
0.019975
0.015107
-0.006911
-0.000254
-0.002453
0.076391
0.051906
0.098287
-0.009275
0.019869
-0.000583
-0.016041
-0.020450
-0.008704
-0.015638
0.004825
-0.003547
0.004485
-0.017955
-0.033952
-0.008885
0.009918
-0.014232
0.024273
-0.009634
0.015441
0.010456
-0.003191
-0.005922
-0.001699
-0.007259
-0.012501
-0.006041
-0.008225
0.001784
-0.018991
-0.000947
0.041908
0.003613
0.023975
-0.002349
-0.002464
-0.004914
0.034384
-0.004160
0.032264
0.012442
-0.013387
0.001950
-0.008769
-0.048144
-0.000990
-0.011535
-0.004553
-0.037175
0.000764
-0.010683
-0.013947
-0.005521
-0.030887
-0.004589
-0.008019
0.026336
-0.006853
0.005063
0.001118
0.004655
-0.015199
-0.006072
-0.008385
-0.040737
-0.027726
0.047826
0.044729
-0.009895
-0.021219
-0.007483
0.018207
0.013298
-0.002212
-0.015801
-0.012439
-0.011122
-0.007454
-0.007148
-0.007847
-0.001821
0.042182
-0.012000
-0.013565
-0.014496
0.003506
0.017069
0.015368
-0.004084
-0.016587
0.044561
0.015125
-0.003857
-0.002590
0.006765
-0.008505
0.031019
-0.044817
-0.015728
-0.011714
-0.007213
-0.000042
-0.002944
-0.006769
-0.026448
0.045257
-0.011887
-0.002769
-0.019730
0.001982
-0.058312
0.027126
0.032123
-0.003006
-0.006930
0.008213
-0.007325
-0.008741
0.003868
-0.012728
-0.026083
0.022955
-0.030977
0.002165
0.005737
-0.001929
0.008186
0.037094
-0.009207
-0.002350
-0.013255
0.003903
-0.022794
-0.014466
0.004086
0.004514
-0.008165
0.020771
0.089036
-0.010392
0.000746
-0.002968
-0.015489
-0.025938
-0.011792
0.005087
0.016484
-0.021271
0.043046
-0.002966
-0.004545
0.010638
-0.002875
-0.011684
-0.004816
-0.039763
0.011995
-0.007182
0.004634
-0.011787
-0.004452
-0.001698
-0.009671
0.018727
-0.027220
0.001268
0.355000
-0.061297
0.006987
-0.008520
-0.018806
-0.011787
-0.005995
-0.006448
-0.008913
-0.010383
-0.003796
-0.005507
0.003971
0.011845
0.051529
0.016429
0.028071
0.027718
-0.023445
0.037189
-0.009749
-0.010100
-0.011239
-0.004930
-0.007271
-0.001444
-0.013721
-0.073980
-0.004702
0.001430
-0.004494
0.035983
-0.015761
0.028373
0.002793
-0.009369
0.029069
0.022344
-0.011765
0.029802
-0.026856
0.019627
0.023066
0.001096
-0.006511
-0.024378
0.011615
0.000796
0.041605
-0.003184
0.032746
-0.012466
0.000820
0.002963
0.014119
0.014607
0.033284
0.005076
0.064489
0.015738
-0.033225
0.014343
-0.036613
-0.016503
-0.023571
-0.034122
-0.006897
-0.030184
-0.005049
0.004868
-0.024578
-0.003776
-0.017092
0.009021
-0.005022
-0.012686
0.012933
-0.016123
0.007309
-0.006375
-0.010423
0.006359
-0.011654
-0.002978
0.000851
0.026637
-0.004128
-0.009297
-0.000294
0.005072
-0.011270
-0.031270
-0.009033
-0.000794
-0.001552
0.005807
-0.006094
-0.045473
0.002742
0.001448
-0.002816
0.027678
-0.021569
-0.005520
-0.005633
-0.005667
0.012349
-0.006954
-0.012732
-0.012798
0.008620
-0.041093
0.047094
0.000232
0.026891
0.007930
-0.016496
-0.004083
-0.004018
-0.014795
0.061411
-0.021874
-0.005218
-0.001318
0.042428
0.023474
0.001076
-0.018709
-0.005755
0.003885
0.001225
-0.031788
0.006416
0.000979
0.001346
-0.020048
-0.016367
-0.032617
-0.009167
0.008970
-0.025780
-0.000441
-0.016991
0.014704
-0.029413
0.011040
-0.006250
-0.001820
0.005956
-0.005150
0.022711
-0.008286
-0.016361
-0.002542
0.001187
0.023655
-0.001137
-0.013182
0.011228
0.001879
0.040318
-0.014689
-0.005828
-0.012372
0.001717
-0.010405
0.006763
0.026489
0.020508
0.000374
-0.001476
0.021478
-0.002932
0.006431
-0.013383
0.022731
-0.000906
-0.008059
0.101700
-0.005392
-0.003840
-0.000728
-0.009058
0.032371
-0.000809
-0.010395
0.004867
-0.033832
0.007353
0.052419
-0.022035
0.045149
-0.005671
-0.006173
-0.002184
-0.011561
0.018369
-0.002199
0.004250
0.008982
0.000279
0.028025
0.000472
0.000232
-0.004999
-0.011963
-0.015156
0.006733
-0.010369
-0.010476
-0.002738
-0.002406
-0.026066
-0.005928
0.001599
0.003217
-0.000205
-0.003365
0.027436
0.169159
-0.002788
-0.064075
-0.012371
-0.012763
0.003757
0.037617
0.023558
0.008015
-0.033489
0.013696
0.007737
0.004579
0.000704
0.019308
-0.003533
0.006724
-0.014946
0.581250
-0.023207
-0.006560
-0.055295
0.001296
-0.002963
-0.007386
-0.040686
0.023363
-0.003202
0.000937
0.025792
-0.013907
0.021948
-0.011502
-0.002819
0.020534
-0.004492
0.002294
-0.001414
-0.013534
-0.010859
-0.003816
-0.009165
0.001673
0.033750
-0.017802
0.007322
-0.011432
0.005160
0.000677
-0.023852
0.015314
0.002523
-0.023798
0.037933
-0.031160
-0.014565
0.020562
0.013330
0.048522
0.010427
0.015643
0.067049
-0.001482
-0.003582
-0.027105
0.009304
-0.004562
-0.016677
-0.006948
0.013175
0.022544
0.051845
0.011441
-0.009890
-0.011321
-0.024041
-0.051393
0.005952
-0.011453
0.024750
-0.025895
-0.017687
-0.011491
-0.005671
-0.034575
-0.028237
-0.002169
0.012678
0.010641
0.010974
0.008885
-0.015462
0.022559
-0.004984
-0.021732
0.001403
-0.008501
-0.033848
0.007095
-0.001872
-0.013685
0.043704
-0.015865
-0.006384
-0.007130
0.015580
-0.006168
-0.016756
0.004570
0.000255
-0.002450
-0.001728
-0.001435
0.033698
0.017533
-0.004415
-0.038930
0.043777
-0.022456
-0.016788
-0.004291
0.022206
0.002700
-0.004716
-0.032727
-0.016316
-0.002466
-0.013083
-0.027580
-0.018130
0.021275
-0.000614
0.009557
-0.034174
-0.016881
0.005315
0.000331
-0.011933
-0.019205
-0.001925
-0.058055
0.003362
-0.003319
0.002043
-0.005269
-0.008407
0.002132
-0.000922
0.000757
-0.009719
0.036076
0.023492
0.081645
0.010196
0.000402
-0.000471
-0.008308
0.019316
0.003338
0.007019
0.067212
0.018754
-0.014537
0.006952
-0.001956
0.016743
-0.030553
0.002243
-0.020635
-0.013418
-0.006537
-0.009799
-0.000316
-0.076481
-0.016868
0.007268
-0.023965
0.016458
0.021087
0.028081
0.001469
-0.004286
-0.002546
0.000251
-0.001094
0.163419
-0.031254
-0.005704
0.013812
-0.009288
-0.013396
-0.032908
-0.012294
-0.017689
-0.051651
-0.012303
-0.034086
0.007112
0.037297
-0.014548
0.005071
0.002657
0.045969
-0.044819
0.040230
-0.053356
0.006113
0.036136
-0.015988
-0.017563
0.014504
-0.004811
0.000704
0.013295
0.030928
-0.013469
0.001154
-0.020144
-0.005934
-0.016763
-0.025354
0.007823
-0.003093
-0.003241
-0.003784
0.015572
0.002837
0.013402
0.033502
-0.003538
0.006024
0.000551
-0.043286
-0.005030
-0.013158
0.011370
0.012750
0.002405
0.007244
-0.013580
0.006646
0.035952
-0.001645
0.007482
-0.003848
0.005803
-0.034069
-0.033289
0.005449
0.000387
-0.000990
-0.004501
-0.015844
-0.011634
0.003627
0.005989
-0.003423
0.008580
-0.000841
-0.016466
0.011336
-0.006018
0.003665
-0.006443
-0.015037
-0.000177
0.002669
-0.020164
-0.012791
-0.004682
0.024648
-0.015428
-0.020063
-0.013290
-0.020911
-0.007109
0.102247
0.007785
0.001356
-0.012654
0.003300
-0.021997
-0.004168
-0.003645
0.027743
0.028789
0.002073
-0.010973
-0.034512
-0.005646
-0.000366
0.006291
-0.020500
-0.003941
-0.032696
0.086516
0.008487
0.003307
-0.012748
-0.004352
-0.008916
0.000267
-0.015269
0.002258
0.022461
-0.004179
-0.011708
0.054848
-0.013667
-0.028065
-0.008112
-0.016486
0.002255
0.086090
0.002688
0.056193
0.007493
-0.018110
-0.015669
0.004579
0.006485
0.006555
-0.021139
-0.003476
0.008611
-0.004839
0.006243
-0.005616
-0.023741
-0.046939
-0.005215
-0.004831
-0.002318
-0.000012
-0.006831
-0.004911
0.007689
0.038499
-0.007395
-0.012419
0.044341
-0.016066
0.004048
0.003946
-0.008570
-0.025137
0.001847
-0.007966
-0.002472
-0.008956
-0.000270
-0.013665
-0.011735
-0.000069
0.033161
-0.028012
0.011415
-0.017593
-0.013540
0.025486
-0.003545
0.009776
-0.012073
0.007328
-0.017837
0.051231
0.043548
-0.013901
0.003876
-0.009337
-0.037403
-0.008233
0.032969
0.019837
0.020870
-0.006538
0.002634
0.008812
0.004044
0.019268
0.013913
-0.020423
-0.005900
0.006101
0.000059
-0.009556
0.033019
-0.008256
0.009269
0.002896
0.005416
-0.015913
0.010739
0.012282
0.017130
-0.002149
-0.006146
-0.006490
-0.036006
0.037608
-0.035588
-0.052179
0.005968
-0.015043
-0.023113
-0.008220
-0.001360
-0.001635
0.005281
-0.000646
0.010691
-0.014483
0.008722
-0.002969
0.017439
0.034705
-0.003417
-0.002460
-0.006995
0.008456
0.014178
-0.007814
-0.001932
-0.008249
-0.024794
0.005337
-0.012574
-0.012621
0.005734
0.041729
0.000693
0.043948
-0.002618
0.010829
0.006389
-0.005577
-0.002222
-0.005105
-0.015179
-0.001637
-0.004462
-0.000323
-0.002409
-0.003429
-0.015670
-0.006765
-0.007818
-0.017907
-0.003368
-0.010183
-0.014181
-0.044477
-0.000706
0.017198
0.006971
0.000089
-0.002255
-0.009289
0.044530
0.010837
-0.007360
-0.011314
-0.009643
0.003119
-0.011077
-0.030135
-0.019682
-0.026765
-0.008381
-0.013871
-0.020293
0.002629
-0.008695
0.012829
0.010894
-0.020410
0.005576
0.021317
-0.002635
0.007339
0.000247
-0.018557
-0.003255
0.003920
-0.001996
-0.013040
-0.017329
-0.007385
0.011346
0.006779
-0.010445
0.002318
0.001171
-0.009974
-0.006659
-0.011390
0.012735
-0.000401
-0.009782
-0.003806
-0.001359
-0.004693
-0.012279
0.007275
-0.010766
-0.004876
-0.031595
0.005869
0.012420
-0.009712
-0.000325
0.009724
-0.008674
-0.032776
0.002050
0.004981
0.003180
-0.004132
0.003226
-0.007960
0.051836
0.007325
-0.008934
0.001347
-0.003785
0.006704
-0.000549
-0.007891
0.001185
0.054796
0.050355
-0.006132
0.073769
-0.009142
-0.008949
0.018567
-0.011524
-0.000729
0.015823
0.005590
-0.013390
-0.011804
0.000037
0.006642
-0.015963
0.040158
-0.000638
-0.009924
-0.009813
-0.013814
0.002861
-0.000486
0.032752
-0.001200
0.024603
0.009069
-0.006127
-0.061741
-0.004290
0.057197
-0.007928
0.008116
0.005233
-0.000027
0.000140
-0.011029
-0.004861
0.016356
0.009934
0.139074
-0.031274
0.002432
0.001613
-0.005048
-0.012319
-0.044860
0.025822
-0.000411
-0.011217
-0.002266
-0.003519
-0.029081
-0.001822
0.005058
-0.004526
0.015700
0.004936
0.009684
-0.000672
-0.009519
-0.001912
-0.009412
-0.023344
0.018714
0.043454
-0.005130
-0.053372
-0.005119
-0.012998
0.003050
0.010226
-0.007909
0.005329
-0.020441
-0.023515
0.003670
0.015182
-0.004362
-0.001127
0.000268
-0.005011
-0.009892
-0.013889
-0.037514
-0.014198
-0.000236
-0.026418
-0.007079
0.011351
-0.003569
0.046156
-0.020505
0.019494
-0.005458
0.015405
0.009100
0.003243
0.027135
-0.034960
-0.004398
0.014989
-0.046098
-0.012150
-0.011914
0.005969
0.001303
0.022234
-0.003108
-0.016096
-0.016055
-0.002030
0.000158
-0.009420
-0.010623
-0.032581
-0.040526
-0.014774
0.003834
0.005847
0.005603
-0.003820
-0.008459
0.006167
-0.033444
0.002305
-0.011916
-0.014108
-0.015132
-0.054342
0.032611
-0.006902
-0.002796
-0.018935
0.027783
-0.012319
-0.003642
-0.003471
0.019077
0.005624
0.004255
-0.007652
-0.014429
0.031081
-0.001379
-0.024856
-0.029169
-0.027256
-0.002996
-0.034544
0.001605
-0.002453
-0.036585
-0.021022
-0.011433
-0.010706
-0.003712
-0.010094
-0.014188
-0.016041
-0.019658
-0.014921
0.052145
-0.002153
-0.039412
-0.000024
-0.005890
0.000034
0.010616
0.043376
-0.015329
0.000679
-0.041986
-0.016787
0.017015
-0.001438
-0.006810
0.050407
-0.019000
0.018640
-0.002137
-0.010662
0.014770
0.012435
-0.010181
-0.010322
0.003444
0.010841
0.003336
-0.007944
-0.004528
-0.027116
0.002665
0.006609
-0.009353
0.012324
-0.022701
-0.017395
-0.047498
-0.006970
0.003111
-0.029064
0.000649
-0.009163
-0.026144
-0.006874
-0.052869
-0.006000
-0.007776
-0.013531
-0.001297
0.060525
0.009368
0.002886
-0.010859
-0.000419
-0.009569
-0.020216
-0.003802
-0.011719
-0.014191
-0.006162
-0.002986
-0.002365
-0.001105
0.001732
-0.009376
0.014170
-0.000297
0.002210
0.046796
-0.005696
-0.012155
-0.035519
0.002739
-0.015886
0.025795
-0.002605
0.003990
0.009110
0.007614
-0.002447
-0.010390
-0.011627
0.032752
-0.020061
0.000139
0.027067
0.005353
0.003981
-0.011631
-0.006016
-0.004800
-0.026396
0.014472
0.010089
0.012483
0.045596
-0.017778
-0.014139
0.003703
-0.011584
0.005208
-0.010401
-0.015353
0.025317
0.013918
0.005002
0.023536
-0.004315
-0.024353
-0.018851
0.005649
-0.004609
-0.021316
-0.014383
-0.026212
0.022997
0.030285
-0.000917
-0.003089
0.043459
0.007905
-0.009802
-0.003588
-0.025887
-0.001697
0.006110
-0.021341
0.007471
-0.006379
0.004310
0.008366
-0.003329
-0.009743
-0.041143
-0.003715
-0.007329
-0.014782
0.012721
-0.008503
-0.046804
0.021283
-0.018288
-0.016094
0.014512
-0.035514
0.001240
-0.009045
-0.000407
-0.021270
-0.020320
-0.006995
0.005974
-0.014954
-0.010817
-0.007314
-0.024237
0.009766
-0.004261
-0.005361
-0.013618
-0.037783
0.001898
0.007781
0.006115
0.008537
0.041248
-0.002045
-0.004572
0.012499
-0.012618
-0.026287
-0.002390
0.044872
-0.004674
-0.003285
0.002411
-0.006655
-0.015254
-0.030114
-0.003013
-0.009837
-0.007642
-0.007076
-0.026128
-0.000621
-0.005873
-0.007907
-0.026397
-0.021946
-0.001307
0.001359
-0.003727
0.030784
-0.005021
0.006573
-0.015016
-0.010123
-0.030938
0.029328
-0.009394
-0.029809
0.037718
0.008622
0.002529
-0.026424
0.016836
0.002293
0.020220
-0.007212
-0.000695
0.006775
-0.021586
0.018665
-0.012676
-0.000566
0.009819
0.025257
-0.008760
0.015250
0.020628
0.006198
-0.019522
0.048749
0.000366
-0.009439
0.001828
-0.010959
0.074570
-0.000378
-0.010904
0.001663
-0.001438
-0.003225
-0.007170
0.006401
-0.000780
-0.005869
-0.004046
-0.006742
0.007418
-0.012643
0.020249
-0.006726
0.001632
0.003114
0.011532
0.005414
0.033555
0.020305
-0.037151
0.006707
-0.008347
-0.002063
-0.008591
-0.018941
0.085391
0.016986
0.004243
0.010441
-0.003462
0.030429
-0.002218
-0.018089
-0.009793
0.002683
0.002329
-0.024285
-0.035091
-0.019991
-0.004009
-0.000710
-0.025625
-0.012748
-0.018597
-0.001704
0.010954
-0.032994
-0.014756
-0.006790
0.003437
-0.005102
-0.017082
0.029216
0.069977
-0.001509
-0.006219
0.056751
-0.012476
-0.006841
0.004558
0.009347
0.004911
-0.001160
-0.018345
-0.002279
-0.014615
0.018139
-0.002792
-0.009050
0.036553
-0.027767
-0.035231
0.046013
-0.003276
-0.008103
-0.002054
-0.005742
-0.010461
0.007879
0.001218
0.009357
0.015143
-0.004254
0.018115
-0.011267
-0.003266
-0.007636
-0.012248
-0.022770
-0.019533
0.002514
-0.015831
-0.002167
0.014794
0.033349
0.011902
-0.058058
-0.004779
-0.016236
-0.000787
-0.008883
-0.031374
-0.002590
-0.004383
-0.054580
-0.028169
0.019936
-0.051610
0.001650
-0.013936
-0.015941
-0.015469
0.021477
0.003250
0.014756
0.014022
-0.013704
0.002786
0.017181
0.033741
0.019354
0.000294
-0.012381
-0.002707
0.024734
-0.054287
0.007444
-0.047372
0.001303
-0.001339
-0.004964
0.002149
0.023698
-0.000996
-0.006864
0.015268
0.084163
0.002910
-0.003889
-0.001726
0.003114
0.001016
-0.009632
-0.001623
-0.002418
-0.000060
-0.008059
-0.008750
0.002470
-0.006469
-0.005802
0.008508
0.033521
-0.007725
0.006646
-0.001374
-0.022731
0.001582
-0.004393
0.024356
-0.021875
-0.010352
-0.014028
0.027079
-0.013563
0.017072
0.007963
-0.014529
-0.000993
-0.017977
0.049043
-0.011149
0.026680
0.001814
-0.032079
-0.010044
0.002840
-0.004654
0.002262
0.004811
0.025003
-0.028932
-0.029203
0.002041
0.017139
-0.004810
-0.025447
-0.010373
-0.008455
-0.005027
-0.020728
-0.020073
-0.027483
-0.005679
-0.009657
-0.010633
-0.018722
-0.022474
-0.038417
-0.005134
-0.013188
-0.005453
-0.033865
0.018099
-0.006267
0.013546
-0.003863
0.009613
0.004106
0.010598
0.024487
0.007314
0.012468
0.012213
0.002886
-0.005064
0.013246
-0.019070
-0.002657
-0.015318
-0.009630
0.014487
-0.011917
0.003413
-0.023732
-0.001746
-0.002195
0.015741
-0.002911
0.006335
-0.007432
-0.007183
0.024333
0.060576
-0.017018
-0.001796
0.000718
-0.026159
-0.013254
-0.006808
0.000354
-0.013923
0.015527
-0.010011
-0.002017
-0.009917
-0.000755
-0.001421
0.002014
-0.002888
-0.002773
0.005572
-0.003001
0.049079
-0.053831
-0.007122
0.003099
-0.038209
0.004419
-0.004169
-0.003586
-0.014976
0.002577
0.054616
-0.019862
0.033167
0.017033
0.015836
0.009231
-0.001044
0.040294
-0.009296
-0.007120
-0.020900
-0.000819
-0.013974
0.025416
-0.001869
-0.020545
-0.006603
-0.004366
0.004576
-0.004982
-0.000632
0.014783
-0.016961
0.022528
-0.036297
0.010739
-0.013200
0.001026
0.009126
0.002069
-0.030626
-0.016239
0.014585
-0.011810
-0.007283
-0.003941
0.002203
0.012097
-0.004810
-0.004828
-0.004481
0.005917
-0.018845
-0.002205
0.001063
0.042981
-0.003917
0.004079
0.008508
-0.006397
-0.008961
0.046153
-0.001911
0.022883
-0.016850
-0.008009
-0.012911
0.003793
-0.006014
-0.008414
0.016029
0.003297
-0.038745
-0.016171
-0.008075
0.005005
-0.018779
-0.005568
0.007522
0.002480
-0.004424
-0.002108
-0.005706
-0.016755
-0.008965
-0.006404
-0.014867
0.000915
-0.016525
-0.003307
0.008134
-0.004349
-0.017418
-0.000894
-0.015480
0.015562
0.001821
0.000094
-0.010310
0.009386
-0.022601
-0.011181
0.000100
-0.004255
-0.003842
-0.003723
-0.010334
0.002490
-0.012446
0.009301
0.000378
-0.005323
-0.028288
-0.003416
0.064192
-0.004842
-0.009118
-0.028522
0.007158
0.001280
-0.009314
-0.001420
-0.011951
-0.013883
-0.010310
-0.004488
0.001554
0.010614
0.018277
0.004304
-0.021173
-0.028935
0.002143
-0.008990
0.027194
0.006959
-0.031469
0.014403
-0.007014
0.017193
0.028510
-0.021052
0.046330
-0.010372
0.012078
-0.007053
-0.014068
-0.026501
-0.002462
-0.003945
-0.022453
-0.011696
-0.018684
-0.075940
0.001237
-0.014303
-0.002234
-0.007288
-0.013337
0.002033
0.002370
0.017285
-0.010823
-0.002587
-0.008234
-0.015728
-0.010627
0.031363
0.028668
-0.007653
-0.016213
0.045514
-0.008695
-0.015930
0.001450
0.007122
-0.041195
0.006057
0.095723
0.036613
0.008068
-0.029909
-0.038901
-0.024130
-0.003376
-0.007151
-0.001839
0.045764
0.056135
0.013811
-0.009588
-0.012299
0.003741
0.008974
0.013035
0.005052
-0.005476
-0.009046
0.071093
-0.000740
-0.005655
-0.018864
-0.010951
-0.004295
-0.013649
-0.010387
0.039756
-0.022922
-0.007461
-0.014787
0.030970
0.081916
-0.013011
-0.000503
0.016988
-0.001936
-0.007241
-0.000975
-0.002245
-0.000486
-0.002017
-0.049864
-0.001044
0.059014
-0.006507
0.015949
0.002327
-0.005140
0.013397
-0.010777
-0.019079
0.007796
0.005674
-0.019972
0.033485
0.004167
-0.015696
-0.008443
0.021203
-0.040911
0.031825
-0.004495
0.002105
0.029614
0.038477
-0.012216
-0.002184
0.011433
-0.008218
0.027461
0.008867
0.002147
-0.011384
-0.012676
-0.005438
-0.021793
-0.020275
-0.039585
0.069872
-0.000666
-0.006973
0.007672
0.004399
0.007501
-0.029686
-0.020099
-0.010705
-0.028174
-0.019414
-0.000859
0.005623
-0.003057
0.021078
-0.002523
-0.017607
0.013283
0.051871
0.022652
-0.021354
-0.010667
-0.035434
0.005432
0.000122
-0.005566
-0.006609
-0.010535
0.004002
-0.015944
-0.004450
-0.001883
-0.004148
-0.001888
-0.000677
-0.003261
-0.004970
-0.007996
0.025199
0.012651
-0.017273
-0.006935
-0.017878
0.008622
-0.000511
-0.001096
-0.008398
0.044624
0.013800
-0.028499
-0.000344
0.025636
0.000969
-0.006833
-0.012333
-0.006047
-0.020210
-0.004956
-0.003364
-0.047235
-0.010693
0.009759
0.008898
-0.020932
-0.004648
-0.018505
-0.002713
-0.008868
0.049336
0.013708
-0.027980
-0.004657
0.005933
-0.012353
-0.011759
-0.012812
-0.011199
0.001466
-0.006459
0.005572
0.016796
-0.012132
-0.004906
-0.002911
-0.025675
0.013539
0.016677
0.011646
-0.005836
0.007960
-0.029464
0.016191
0.000090
-0.005771
-0.004618
0.002233
-0.042471
-0.018224
0.000462
-0.002892
0.019086
-0.011171
0.015999
0.003272
-0.011497
0.010270
-0.009498
-0.013085
-0.004287
-0.007891
-0.048186
0.030699
0.001824
0.027819
-0.002257
-0.020319
-0.008126
-0.004728
0.007901
0.032881
0.000818
-0.008248
0.001299
0.001911
-0.003157
0.001298
0.019815
0.000839
0.005384
-0.001916
0.060868
-0.014799
-0.010293
-0.001588
0.015868
0.027126
0.019568
-0.012176
-0.003243
-0.013561
-0.021705
-0.009340
0.001784
-0.047759
0.004637
0.042755
-0.005090
-0.003599
-0.007179
-0.013253
-0.017978
-0.002105
0.041236
0.005303
0.005986
0.012083
-0.010437
0.018465
0.026816
0.003543
-0.013804
-0.009836
-0.001792
-0.015709
-0.002064
-0.025147
0.001752
-0.054011
0.005027
-0.001868
-0.019901
0.016458
-0.012039
-0.001194
-0.013477
-0.039563
-0.005237
0.077608
-0.005991
0.012660
0.047639
0.005219
0.057554
-0.020551
-0.010314
0.005859
-0.013084
0.002419
-0.003657
0.000564
0.003611
-0.018830
-0.001260
0.005011
-0.000457
0.008390
-0.034684
0.007388
0.005174
-0.008179
0.003262
0.010066
-0.022265
0.023419
-0.003027
0.012571
-0.011310
-0.013089
-0.001354
-0.002195
0.003578
0.003090
-0.011999
0.003109
0.017195
0.008373
-0.002609
-0.009502
-0.013387
-0.008203
-0.003327
-0.017631
-0.008790
-0.009871
-0.009875
-0.009833
-0.008428
0.004065
0.001604
0.008309
-0.008324
0.003240
-0.020571
-0.019777
-0.004860
-0.019116
0.007103
-0.014716
-0.005723
-0.007257
-0.000205
0.012154
0.014326
-0.040323
-0.007441
0.024396
0.013709
0.014058
0.044526
0.007617
-0.018415
-0.012484
-0.014955
0.015420
0.059431
0.000947
-0.027603
-0.013763
-0.006712
-0.032240
-0.006174
0.003911
-0.006778
-0.004495
0.026165
0.001336
-0.004051
-0.008040
0.041327
-0.003205
0.021648
-0.009103
0.031358
0.024416
0.007998
-0.007127
-0.009500
-0.010060
-0.008242
0.000709
0.001836
0.016716
0.017366
-0.002438
0.009823
-0.003127
-0.022640
0.050277
-0.051577
-0.012689
-0.014244
-0.010723
-0.003150
-0.010266
-0.019300
-0.008606
0.101735
-0.023412
0.028855
-0.014622
-0.001636
0.000268
-0.023638
-0.013777
-0.027282
0.000082
0.016935
0.011112
0.009066
0.001598
-0.000073
-0.008551
-0.000484
-0.001719
0.018665
-0.001221
-0.029658
-0.026672
-0.006743
0.101714
-0.002600
0.003038
-0.012982
0.001228
-0.020272
0.006634
-0.009601
-0.030895
0.006822
-0.000488
-0.001348
-0.018219
0.014622
-0.006990
-0.033096
0.024267
0.003984
0.043331
-0.008862
0.007961
-0.012399
0.009980
0.008194
-0.010476
-0.001414
-0.023687
0.004124
0.017925
-0.013961
-0.013535
-0.002748
-0.013735
0.004861
-0.003354
0.115942
0.000949
-0.013967
0.012198
0.017411
-0.045374
-0.000544
0.006121
0.002015
0.116798
0.004044
-0.003258
0.012429
-0.004422
0.129649
-0.025138
-0.003756
0.091668
-0.000387
0.023325
0.007456
0.000095
-0.007890
0.021904
-0.007550
-0.009718
0.000021
-0.009918
-0.007957
0.020793
0.005491
0.001274
-0.009874
-0.000234
-0.017240
0.001507
-0.015744
-0.018740
0.010104
-0.024430
-0.021360
0.009024
-0.000590
0.003280
-0.004911
-0.013805
-0.008141
-0.000309
0.002954
-0.006221
-0.007837
-0.007120
0.010088
-0.024010
-0.005698
0.008211
0.015773
-0.015838
0.001045
0.034504
0.002181
0.016102
-0.016088
0.011295
0.071679
-0.003522
-0.004725
-0.032566
0.011110
-0.003916
0.006556
-0.014163
0.016060
0.135380
-0.011901
0.012147
-0.012670
-0.002044
-0.015603
-0.002994
-0.014072
0.001737
-0.009143
0.061420
-0.003317
-0.028628
0.015603
-0.002440
0.004966
0.009454
-0.005826
0.001468
0.000562
-0.005598
-0.011933
0.009419
0.045796
-0.003776
0.002632
-0.007457
-0.012371
0.013678
0.009364
-0.016639
-0.000499
-0.060218
-0.011062
-0.001760
0.017224
-0.021234
0.004867
-0.000048
-0.000577
0.008308
-0.002276
-0.004441
-0.001224
-0.000536
0.002752
0.003287
-0.003258
-0.002497
0.002360
0.028280
-0.008951
-0.023277
0.000194
0.007163
0.019113
-0.006401
-0.002011
0.010918
-0.007780
-0.002489
0.017943
0.001294
0.023183
0.011859
0.044952
-0.011001
0.001762
-0.012423
0.001348
-0.022300
-0.002133
0.024703
-0.007786
0.015658
0.003894
-0.004807
0.003180
-0.017192
-0.018031
0.022945
-0.008651
0.001748
-0.011922
-0.005315
-0.003463
-0.005171
0.017077
0.003051
-0.008065
0.009499
0.008724
-0.003186
-0.002739
-0.008873
-0.000054
0.022958
-0.029810
0.015116
-0.002148
-0.010458
0.028276
-0.003114
0.001967
0.014366
-0.006119
0.003064
-0.009575
-0.001236
-0.058692
0.031755
-0.002502
-0.006824
-0.045115
0.039020
0.042420
0.020354
-0.006210
-0.011334
-0.003050
-0.013499
0.001106
-0.007738
-0.016761
-0.001825
0.000912
0.023356
-0.020537
0.010473
0.059815
-0.000057
-0.005551
0.020534
-0.005081
-0.007305
-0.008854
0.006157
-0.011715
0.022033
0.008593
-0.002996
0.048354
0.010507
0.001188
-0.002249
-0.002856
0.003947
0.064139
0.000995
0.021587
-0.004725
0.002000
-0.020304
-0.013758
0.017821
-0.015939
-0.014613
0.005720
-0.000123
-0.009983
-0.005544
0.012134
-0.003402
0.019047
0.002401
0.002811
0.005015
0.032117
-0.016518
0.012721
-0.004658
-0.009317
0.018667
-0.047049
-0.037777
0.005002
0.006797
0.017462
0.001302
0.031665
0.003400
0.001437
-0.018149
-0.009832
0.005698
0.003846
-0.008990
0.013412
-0.017734
0.019257
-0.006943
-0.003547
-0.014031
-0.001051
0.038289
-0.009320
0.058003
-0.032886
0.027314
-0.018478
-0.006068
0.053843
0.015274
-0.007071
0.008170
-0.001045
0.007413
-0.007146
-0.019775
0.032640
-0.000018
0.025364
-0.001499
-0.036466
-0.044480
-0.005852
-0.018654
-0.023557
-0.012249
-0.002239
-0.014129
-0.005737
0.003410
0.002574
0.013039
-0.001953
-0.028007
-0.000992
-0.007629
-0.003890
-0.013804
-0.015082
0.006642
0.002393
-0.027882
0.000756
-0.055816
0.005277
0.005469
0.006025
-0.004360
0.009574
-0.039961
0.013527
-0.004632
-0.027430
0.006405
-0.009157
-0.001838
0.019421
0.010078
-0.020723
0.012660
0.000653
0.018499
0.006795
0.006553
-0.028476
-0.006908
0.000380
-0.024898
0.069742
0.006817
0.001982
-0.012539
-0.012964
-0.013280
-0.008132
0.000647
0.004285
-0.011606
-0.028221
-0.013792
0.003867
0.025652
-0.014340
-0.006668
-0.006096
0.026597
0.007936
-0.066831
0.004165
0.006423
-0.001895
0.008711
0.000640
-0.001165
0.025996
0.039689
0.017506
-0.015324
-0.065577
0.004206
0.001539
0.000078
-0.005027
-0.024408
0.001864
0.021672
-0.030257
-0.022788
0.005893
0.009954
-0.007531
0.009392
0.054443
-0.017992
-0.001105
-0.015504
-0.006063
0.019600
-0.002619
0.029720
-0.025399
-0.005658
-0.023275
-0.019644
-0.012742
-0.004346
0.005884
0.040717
-0.007970
0.006751
0.003949
-0.007016
0.003057
0.039136
-0.005041
-0.007702
-0.036506
-0.007853
-0.035085
-0.000577
0.000447
-0.008392
-0.010235
-0.023205
0.026401
-0.010620
-0.029271
0.024624
0.001421
0.017140
-0.016976
0.002706
-0.010515
-0.001896
-0.036967
-0.006429
-0.009959
0.029277
-0.008404
0.004081
-0.011227
-0.015860
0.014784
-0.025081
0.057735
-0.011805
0.006204
-0.009359
0.024604
0.043888
-0.012973
0.008867
0.013056
-0.004415
-0.007518
0.009676
-0.010129
0.001514
-0.011605
-0.004688
0.008033
-0.000642
0.008717
0.006899
-0.004809
-0.011938
-0.009830
0.077395
-0.003774
-0.006213
0.001257
-0.003480
-0.016352
-0.008674
0.003258
-0.004527
0.000050
-0.015194
-0.001404
0.000982
-0.026925
-0.003419
0.058274
0.041609
0.001254
0.006170
0.083350
0.000744
-0.027018
-0.007485
-0.008392
0.002531
-0.013719
0.017885
-0.003271
-0.001616
-0.004322
0.014502
-0.010916
-0.010972
-0.003529
-0.017712
0.005635
0.005695
0.006924
0.029720
-0.011384
-0.012080
0.034067
0.005074
-0.023338
-0.004855
-0.070401
-0.012375
-0.004346
0.041572
0.000821
-0.001434
-0.014732
0.008388
0.005911
0.014844
0.000055
-0.006669
-0.006600
0.021079
0.001844
0.032122
-0.048199
0.019990
0.022781
-0.003106
-0.015151
0.012495
-0.035796
-0.019689
0.018272
0.021969
-0.002295
-0.016298
0.003477
-0.038013
0.001800
0.004481
-0.005531
0.000531
0.045637
-0.000109
-0.002246
0.025845
-0.002719
0.001560
0.001625
-0.002924
-0.010634
-0.014238
0.006225
-0.001799
0.009698
-0.005796
-0.026659
-0.009782
-0.005305
0.011820
0.009905
0.013235
-0.018920
-0.006190
-0.004827
-0.033233
-0.000315
0.022327
0.009671
-0.042790
-0.011463
-0.006619
0.001104
-0.027305
-0.000858
-0.007464
-0.008459
-0.016701
-0.035535
-0.023532
-0.005745
-0.008778
-0.004476
-0.007330
-0.022213
-0.004537
0.007601
-0.008730
0.014525
-0.014052
0.020801
-0.008522
-0.005219
-0.013907
-0.007599
0.004840
-0.001403
0.000839
-0.011023
-0.014301
-0.003631
0.039462
-0.004487
0.008814
0.004031
-0.009228
-0.015467
-0.001041
-0.036725
-0.004073
0.007376
-0.011904
-0.004649
-0.006676
0.010079
-0.023495
-0.001656
0.002807
-0.005904
0.130964
-0.003291
-0.009508
0.025522
0.058838
0.009509
-0.001957
0.010288
-0.021526
0.101036
0.002898
0.004114
-0.010000
0.012885
-0.015201
0.001317
0.005744
0.031989
-0.013290
-0.010296
0.015332
-0.001886
0.017239
-0.027063
0.021186
-0.014287
0.006304
-0.018432
0.010120
-0.001891
-0.003671
-0.003314
-0.028563
-0.003901
0.008792
0.010323
0.000768
0.000312
0.002270
-0.000425
0.003513
-0.013963
0.000238
-0.031473
-0.018031
-0.015743
-0.007239
-0.004197
-0.022303
-0.010340
0.013515
-0.006169
-0.018016
0.002468
-0.015353
-0.015032
-0.002327
0.006000
-0.017412
0.001638
-0.027997
-0.006048
-0.018121
0.006603
0.001523
-0.020971
0.003851
-0.005757
0.000083
0.006635
-0.007786
-0.006712
-0.010519
0.001096
0.026957
-0.004405
-0.017743
-0.009766
-0.011407
0.023209
-0.010796
-0.022638
0.006278
-0.001904
-0.007691
0.004434
-0.001858
-0.021695
0.009411
-0.009917
-0.011134
-0.017181
0.006444
0.000107
0.013020
-0.001373
0.004844
-0.007608
0.004478
0.008674
-0.000824
-0.060147
-0.007718
0.022448
0.003858
-0.019289
-0.011109
0.004520
-0.027119
-0.001713
-0.007117
-0.003077
-0.000066
0.044269
-0.013503
0.044639
-0.005703
0.030010
-0.008813
-0.023953
-0.007585
0.060943
-0.018633
0.001392
-0.025202
-0.005341
-0.006603
-0.008238
0.011890
0.011374
-0.027224
-0.045715
-0.015942
-0.001740
0.021557
0.025693
-0.013135
-0.008196
-0.018057
0.003467
-0.003123
-0.015043
-0.006364
-0.002175
-0.010386
-0.002583
0.003917
0.060889
-0.012040
-0.008128
-0.001872
-0.006695
0.010563
-0.018670
0.006460
-0.014068
-0.033024
-0.008082
-0.008392
-0.007323
-0.003579
-0.031698
-0.001239
-0.003749
0.031816
0.006048
-0.028645
0.003457
0.002316
0.004033
0.001434
-0.009713
-0.007234
-0.027802
-0.026345
0.006976
0.017677
-0.018424
-0.012845
-0.021431
0.030649
0.095445
-0.003378
-0.006328
0.008367
-0.009155
-0.034871
-0.009651
0.024130
-0.004542
0.005281
0.009116
-0.006703
0.006383
0.005232
0.006192
-0.011247
0.003059
0.009325
-0.014260
0.017575
0.007141
-0.007763
-0.002651
0.000773
0.004028
0.002677
-0.002555
-0.001275
-0.015688
-0.034775
-0.000129
0.006515
-0.000719
0.000443
-0.004120
-0.009901
-0.005889
-0.010852
0.001339
-0.030676
-0.006302
-0.027605
0.019501
-0.007782
0.003607
-0.001759
0.010636
-0.000178
-0.016034
-0.005297
-0.017541
-0.005826
-0.000556
-0.014330
-0.011664
0.010432
-0.007352
-0.001340
-0.026789
0.008428
0.020987
0.039908
0.001169
0.020096
-0.023928
-0.002436
-0.053405
-0.001609
0.014824
-0.003990
0.013074
0.023235
-0.012596
-0.009957
-0.004495
-0.012277
-0.002107
-0.008253
-0.006247
-0.000794
-0.004573
-0.003324
0.005241
0.001524
0.002682
-0.003660
-0.003389
0.000077
0.002205
-0.001347
-0.005386
0.000795
-0.008161
0.004341
0.016529
-0.002767
-0.009425
-0.002900
-0.003949
0.002276
-0.037693
0.008291
-0.048001
0.004059
-0.001874
0.000248
0.012687
0.011871
0.029368
0.000899
-0.004330
-0.010566
-0.010367
-0.018192
-0.006621
-0.001758
-0.009615
0.003739
0.001592
-0.016179
-0.017007
0.005298
-0.003729
-0.003245
-0.002244
0.000728
-0.005847
-0.000837
-0.003603
-0.004095
-0.011800
-0.004040
0.006910
-0.001792
-0.007777
-0.000660
0.000779
-0.000128
-0.002891
0.000370
-0.001892
-0.017266
-0.005065
0.005844
-0.011072
-0.004793
-0.000864
-0.003741
-0.000132
-0.001750
-0.000186
-0.010403
-0.016821
-0.007456
0.027988
-0.000976
-0.004042
0.003010
0.002108
-0.007559
0.014711
-0.001776
-0.018851
-0.013576
-0.013668
-0.002003
0.003148
-0.007114
-0.010904
0.047674
-0.012365
0.024191
0.010021
-0.037629
0.008392
-0.022946
-0.002857
-0.011298
-0.002164
0.001836
0.024709
0.030902
-0.000507
-0.007728
-0.008975
-0.005525
-0.002053
0.005489
0.014563
0.002374
-0.009623
-0.005702
-0.013347
-0.007938
-0.000643
0.002847
-0.021878
-0.007058
-0.002593
0.006192
-0.008216
0.042075
-0.007402
-0.000467
-0.008323
-0.009850
0.031898
-0.000232
-0.020921
-0.005999
0.004138
-0.006971
-0.005752
-0.000207
-0.029891
-0.006130
0.003034
-0.005613
-0.008986
-0.006342
0.008417
0.002402
0.000207
-0.022298
0.002164
-0.017054
-0.017591
-0.032909
-0.017069
0.029933
0.007399
-0.008315
0.032413
-0.010098
0.016079
-0.001424
-0.000305
-0.008963
-0.021988
-0.032037
0.000957
0.007430
-0.007051
0.007281
-0.003905
-0.003048
-0.001898
-0.010622
-0.006668
0.029472
-0.001022
0.003306
-0.011319
0.003253
-0.002310
0.020030
-0.007371
-0.005471
0.011124
-0.007048
0.000044
-0.001013
0.036114
0.000136
-0.004619
0.002266
0.008670
0.002315
-0.018327
0.012375
0.015185
-0.002754
0.001552
-0.010761
0.000479
0.060332
-0.006449
0.013944
0.001025
-0.000977
-0.024278
-0.018470
0.012933
0.007227
-0.004133
0.003320
0.037925
-0.031326
0.024580
0.004671
-0.005040
0.001220
0.019758
-0.049402
0.002950
-0.013120
-0.006250
0.064390
-0.000241
-0.014897
0.004782
0.049674
-0.001587
-0.002634
0.010828
0.014929
-0.012249
0.012062
-0.003033
-0.006754
-0.006790
-0.006556
-0.011498
0.009152
0.000616
-0.002754
-0.002588
-0.004055
0.010331
-0.003950
0.002717
0.003966
-0.023761
-0.013113
0.007004
0.000307
-0.007863
0.014105
0.008289
-0.004713
-0.003763
0.002680
-0.007025
-0.007000
-0.000795
0.001694
-0.001448
-0.003133
0.014344
-0.010152
0.000288
0.000526
-0.005068
-0.011772
-0.002094
-0.005290
0.005028
-0.052270
0.004007
-0.004223
-0.003282
0.012992
-0.001424
-0.024552
0.004473
-0.002832
-0.019024
-0.008472
-0.006470
0.002117
-0.007483
-0.012679
-0.042590
0.000990
0.002429
0.001077
0.106058
-0.014226
-0.003434
-0.005331
-0.007876
-0.004831
0.001519
0.000502
0.000132
0.007787
0.002795
-0.002909
-0.016548
-0.003223
0.002644
-0.004421
-0.000068
-0.001236
-0.022067
0.008384
0.012135
0.002800
-0.003192
-0.003331
0.000951
0.005872
-0.003948
-0.014403
0.015034
0.003520
0.001347
0.014994
-0.001606
0.004935
-0.012142
0.035621
0.001301
-0.003283
-0.028794
-0.025089
-0.001040
0.015740
0.000952
-0.008197
-0.016889
-0.003350
-0.004957
-0.004095
0.026647
0.003258
-0.004999
-0.010329
0.070780
0.011672
-0.017085
0.033823
-0.001812
-0.004598
0.023840
0.004015
0.001787
0.005669
-0.011740
-0.002145
-0.014835
-0.007546
0.033065
-0.003046
-0.001291
0.012665
0.007656
0.000774
0.004607
0.013395
0.002397
-0.014803
-0.006671
0.011876
-0.007851
-0.001829
-0.010926
-0.011532
0.006749
-0.002751
-0.000250
-0.002421
0.000900
