0.010787
0.013267
0.015920
-0.005450
-0.000677
-0.029580
0.003575
-0.006287
-0.030429
-0.000851
-0.002201
-0.023166
-0.002380
0.007454
0.000243
-0.015038
-0.015735
-0.001858
0.033851
0.013906
-0.000016
0.030574
-0.006339
0.002551
-0.009178
-0.001919
-0.010720
-0.032656
-0.016585
0.004959
0.002530
-0.045174
-0.003220
-0.005472
0.005231
0.000580
0.004903
0.013663
-0.002213
-0.001724
0.001133
-0.005394
-0.009648
0.002562
-0.002936
-0.010715
-0.003915
-0.002749
0.020934
-0.002518
-0.010385
-0.005663
0.007833
-0.003955
-0.014569
-0.011014
0.012741
0.007669
-0.010915
0.011033
-0.003659
0.010773
-0.006239
0.000166
-0.001672
-0.000293
-0.002577
-0.004852
-0.005081
-0.003688
-0.004461
0.007301
0.001335
0.001142
-0.008634
-0.006359
0.000585
0.001261
-0.001944
-0.005205
0.011946
-0.018854
-0.012091
-0.021292
0.001876
-0.006108
-0.014290
-0.013442
-0.001577
-0.002026
-0.004914
0.009201
-0.033539
-0.015226
-0.007121
-0.006924
-0.000817
-0.005512
-0.003642
0.001093
-0.014268
0.014740
-0.002312
-0.000371
-0.002249
0.013133
0.000926
-0.003556
-0.004022
-0.007297
-0.006336
-0.003129
-0.005225
0.009768
0.003021
0.005447
0.004325
0.000000
-0.001976
0.000000
-0.000417
0.000000
-0.000238
0.000000
-0.004935
0.002154
-0.007547
0.012218
-0.000104
0.044229
-0.013396
0.001200
0.010129
-0.002519
0.003546
-0.003775
-0.006459
-0.005645
0.011727
0.024332
0.006756
-0.001525
0.016734
0.032558
0.053325
-0.006883
-0.009414
0.006916
0.002349
0.014119
-0.034270
0.024185
-0.003688
0.004336
-0.002374
0.008583
-0.002912
-0.003450
-0.010392
0.000255
0.018915
-0.015506
-0.047409
-0.023758
0.000000
0.000000
0.000000
0.000000
0.004876
0.000345
0.009121
0.000000
0.000000
0.000000
0.000000
0.000000
0.000000
-0.017288
-0.002423
-0.006054
0.000695
0.002559
-0.003619
0.023261
0.000000
0.011100
-0.008229
-0.001655
0.023447
0.000000
0.020709
0.001829
-0.005524
-0.007348
-0.003227
-0.013643
-0.000064
0.016023
0.009449
-0.009579
-0.000596
0.009225
-0.012521
0.003080
-0.021691
0.018643
-0.000880
-0.007624
0.000000
0.000000
0.000000
-0.002354
-0.008588
-0.011438
-0.012116
-0.011486
-0.004865
0.000000
0.000000
0.000000
0.000000
0.000000
0.000000
0.000000
0.000000
0.015913
0.020099
0.037549
-0.016281
-0.014088
-0.027843
0.020221
0.013839
-0.014356
0.004097
-0.002513
0.008444
-0.006489
-0.003177
-0.003604
-0.003901
-0.003503
-0.001033
0.005842
-0.013139
0.016655
-0.000927
-0.015076
-0.011452
-0.005540
-0.004862
0.009202
0.000032
-0.004744
0.000479
-0.007154
-0.059131
-0.013375
0.002379
-0.005674
-0.009821
-0.000140
-0.031974
-0.023383
0.001222
0.009464
0.004432
-0.007460
0.039611
0.000018
-0.020762
-0.018995
0.020469
-0.004070
0.040625
0.009233
0.038913
0.001343
-0.003314
-0.001763
-0.001225
0.007814
-0.007779
-0.011694
-0.037825
-0.008755
0.004182
0.011721
0.000765
-0.009399
-0.017103
0.005245
0.001765
-0.001217
-0.010322
0.013909
-0.000843
-0.019306
0.011342
-0.010278
0.003929
0.000254
0.019553
-0.007457
-0.013538
-0.004454
0.000032
-0.013468
0.000000
0.003214
0.017136
0.008706
-0.004087
0.022737
0.018813
-0.015054
0.030563
0.000363
-0.009721
-0.002656
-0.006801
-0.007922
0.005399
0.008351
0.023570
0.010633
-0.003505
0.004453
-0.006092
-0.001775
-0.020845
-0.010376
0.024807
-0.011418
0.000103
-0.003473
-0.006509
0.006128
-0.009312
0.004969
-0.009691
-0.004837
-0.008075
-0.012072
-0.001669
-0.010804
0.009862
-0.002397
0.039509
0.000000
0.064070
-0.001773
-0.001635
-0.006263
0.015327
0.000570
-0.008617
-0.008563
0.009622
-0.005474
0.008163
-0.023342
0.009479
0.017643
-0.012866
0.004995
-0.013360
0.016608
-0.003775
0.016146
0.080466
0.013990
-0.004803
0.039868
0.005573
-0.025560
0.001104
-0.019244
-0.003482
0.005365
-0.011071
-0.012130
0.015576
0.042047
-0.002599
-0.006166
0.006257
-0.000790
-0.004371
-0.011397
0.013372
0.015200
-0.008078
-0.034491
0.007695
0.012143
-0.012306
0.004475
-0.001501
0.013584
-0.002127
-0.021220
-0.005099
-0.003043
0.000000
0.007801
-0.005212
-0.008841
0.006697
-0.000434
-0.008496
0.012205
0.006333
-0.001639
0.008046
0.006663
0.007720
-0.000309
0.000912
0.031179
-0.011508
0.004523
0.027014
-0.000377
0.001057
0.005407
-0.004714
0.001917
0.002905
-0.004460
-0.004705
0.017764
0.050574
-0.003435
-0.002431
-0.005287
0.026038
-0.006564
0.003653
0.023455
-0.007970
-0.004067
-0.010372
-0.004820
0.013420
-0.011426
0.012171
0.011133
0.010214
-0.004743
-0.008718
-0.003371
0.005128
0.018039
-0.001999
0.020937
0.050016
-0.005966
-0.005685
0.004317
-0.007737
-0.023453
0.009107
-0.001355
0.018456
-0.007597
-0.011081
0.001614
0.007596
0.036339
-0.010200
-0.002129
0.000567
0.016523
-0.012759
0.057861
0.000953
-0.001016
0.015218
0.007604
0.014322
-0.003335
-0.010541
-0.004632
0.020724
-0.015548
0.011089
-0.006724
0.012608
0.008083
-0.009339
-0.010724
0.003366
-0.021925
-0.016316
-0.012137
-0.003569
0.014635
0.010829
0.002003
0.018763
0.008618
-0.030443
0.004081
0.003264
-0.002995
0.054233
0.000755
-0.004947
-0.013230
-0.018876
0.039710
0.025951
0.035973
0.043629
-0.012955
-0.015512
-0.009645
0.032243
-0.011062
0.037466
-0.024072
-0.008903
-0.010868
-0.002602
0.008140
0.008128
-0.029189
-0.026064
-0.013025
-0.012202
0.020189
-0.012427
-0.004097
0.004011
0.003315
-0.019343
0.008314
-0.022986
-0.015933
-0.014891
-0.007791
0.003579
-0.005528
-0.014237
0.002745
-0.003294
-0.016356
-0.009115
-0.011263
0.007106
-0.007580
-0.003572
0.004904
-0.011948
0.003342
0.006561
0.010304
-0.012521
0.015500
0.028188
-0.001781
0.011565
-0.006266
0.012977
-0.014793
0.000113
0.020915
-0.016679
0.044429
-0.015169
-0.006494
0.008768
-0.008909
0.003674
0.003726
0.001235
-0.027518
-0.023577
0.024297
-0.026319
-0.006794
-0.001777
-0.004090
0.003796
0.010887
-0.021101
-0.004298
-0.020044
-0.010239
-0.048399
-0.026228
-0.014650
0.022681
0.003511
-0.004667
-0.002344
-0.006284
-0.002051
-0.004168
-0.001995
-0.020442
-0.009476
-0.016686
-0.002472
-0.003187
0.004898
-0.002425
-0.004864
-0.000966
-0.005497
-0.004582
0.005807
0.009756
-0.002963
0.003941
-0.013625
0.012511
0.005641
0.009532
0.014251
-0.014552
-0.003356
0.062439
-0.023261
-0.028630
0.007313
-0.002735
0.029633
-0.004261
0.010148
0.034833
0.013097
-0.009488
-0.003266
-0.000200
-0.010583
-0.002452
0.038891
0.013379
0.010167
0.038215
0.004117
0.018653
0.020586
-0.014905
0.012063
0.001353
-0.009897
0.013014
-0.016904
-0.028331
-0.032074
-0.020772
-0.011276
0.014642
-0.000169
-0.020530
-0.019624
0.002801
-0.002126
-0.025313
-0.005889
-0.005852
-0.011730
-0.011997
0.022349
-0.007713
-0.034166
-0.002196
0.013830
0.012880
0.023088
-0.028304
0.001663
0.010588
-0.013827
0.004713
-0.012422
0.016055
-0.002199
0.002771
-0.020575
-0.020613
0.016056
-0.023065
0.020474
0.003412
0.004832
0.000369
0.005889
0.002492
0.000468
0.101838
-0.016351
0.009245
-0.005948
-0.004556
0.007261
-0.002235
0.017448
-0.001705
-0.005387
-0.000238
-0.003806
-0.024515
0.013921
-0.030931
-0.021753
0.042324
-0.035047
0.010728
-0.006908
-0.007302
0.009737
-0.010714
-0.008937
0.000000
-0.024642
0.003070
0.001245
-0.013493
-0.002425
-0.019913
0.036485
-0.008498
0.008624
0.000743
0.020754
0.033024
-0.001969
-0.004684
0.007170
0.007500
-0.007822
-0.013724
0.065436
-0.083692
-0.005138
0.003357
-0.028803
-0.011121
0.057673
0.002407
0.020212
0.003038
-0.004596
-0.008585
0.008470
-0.009727
-0.008293
0.045886
0.003203
0.015609
-0.007823
-0.002562
-0.024915
-0.028592
0.004340
0.013385
-0.001335
-0.002237
0.008033
-0.028892
-0.005638
-0.000909
-0.002706
-0.002141
0.004052
0.021858
-0.008095
0.013515
-0.005208
-0.000489
-0.012657
0.002772
-0.014580
-0.023043
0.019048
0.004999
-0.000860
-0.011911
-0.033256
0.007000
-0.019501
0.020605
-0.002102
0.017491
0.002824
-0.013475
0.005987
-0.032190
0.014890
0.003834
0.014337
-0.022742
0.000482
-0.020239
0.027189
0.021814
0.000904
0.004885
0.029411
0.006785
0.003192
0.022294
0.036132
-0.006335
0.011798
0.002470
0.000000
0.001568
0.023468
-0.021622
-0.021097
0.023134
-0.007572
-0.025399
0.011454
-0.009954
0.020966
0.018794
-0.029782
0.000751
-0.003412
-0.017719
-0.029353
-0.011860
-0.020930
0.006107
0.001892
-0.002944
-0.006586
0.004405
-0.003826
-0.004963
0.008455
-0.011512
-0.004427
0.031311
0.025961
0.004531
-0.008950
-0.005269
0.016802
-0.007674
-0.010545
-0.003476
-0.007387
0.013302
0.009041
-0.000770
-0.013469
-0.004698
0.007663
-0.007815
-0.032158
0.014720
-0.008708
0.078108
0.016928
-0.002530
0.009163
-0.003130
-0.001355
-0.012193
-0.016349
0.002082
0.006187
-0.011071
0.031944
-0.003426
-0.006461
0.002123
0.003846
-0.001468
-0.008879
0.024868
-0.006971
-0.010056
-0.022350
-0.000497
0.022086
-0.005367
-0.010231
0.025881
-0.035131
0.019739
-0.004054
0.004689
0.002583
-0.002090
-0.011437
-0.013178
0.004373
0.003123
0.004576
-0.027920
-0.011538
0.001894
-0.008715
-0.030275
0.002949
-0.021068
-0.002381
-0.024840
-0.007422
-0.009056
-0.019470
-0.002399
-0.002475
-0.001903
-0.009044
0.000747
0.006895
0.030329
-0.011110
-0.013672
0.043017
0.004135
-0.012424
0.005842
0.026386
0.007357
-0.010669
-0.023053
0.007809
0.004903
-0.006128
-0.001230
0.016600
-0.009096
0.001977
-0.011480
-0.017075
0.008453
0.027408
0.001379
0.007859
-0.013650
-0.005471
-0.001774
-0.003943
-0.002722
0.000524
0.000514
-0.038882
-0.002588
-0.009860
-0.008398
-0.002444
0.061582
0.054645
0.109946
-0.006586
-0.002409
-0.014121
-0.022782
0.009614
0.000495
-0.006243
0.017113
0.020104
0.001513
0.005314
0.035595
-0.001073
-0.026530
-0.000776
-0.017725
-0.014877
-0.004978
-0.003034
-0.023606
0.062421
0.000941
0.017869
-0.031372
0.001208
0.018577
-0.012340
-0.014770
0.007555
-0.015668
-0.019633
0.026718
0.023717
0.003491
-0.001968
0.014297
0.005585
-0.002372
0.009764
-0.011046
0.009557
0.001265
0.002606
0.010145
-0.003080
-0.017731
0.003079
-0.006618
0.019508
-0.003927
0.000754
-0.018136
-0.007956
0.016216
-0.016949
-0.006070
0.001743
0.039276
-0.030693
-0.019159
0.010296
-0.009057
0.017056
-0.004808
0.027988
0.016160
-0.010177
0.026454
0.018370
-0.009170
0.000562
-0.001503
-0.004402
-0.003898
-0.000059
-0.006910
-0.007029
0.000674
0.035062
0.018619
-0.004992
0.002858
0.065013
-0.028345
-0.001488
-0.010798
0.007418
-0.011088
0.029758
-0.000348
-0.006307
-0.001283
-0.006518
-0.008642
-0.014144
0.003175
0.022920
-0.006299
0.063990
-0.014771
-0.000715
0.005632
-0.008506
-0.120542
-0.001005
-0.011373
0.021784
0.011174
0.025692
0.014570
0.039315
0.037417
0.000037
0.015606
-0.002577
-0.012304
-0.001142
0.016421
0.013454
-0.004252
0.001183
0.002523
-0.024383
0.026205
0.006052
-0.015311
-0.003597
-0.019578
0.001499
0.001137
-0.005995
0.001982
0.012668
0.010286
-0.001768
-0.019422
0.008307
-0.000500
-0.003656
-0.029274
-0.034834
-0.025498
-0.003400
0.017088
-0.019613
-0.003137
-0.012556
0.000941
0.011398
-0.010288
0.003550
-0.017111
0.005088
0.031968
0.004935
-0.027827
0.004554
-0.009071
-0.010131
0.022588
-0.003372
-0.001833
0.025057
-0.054165
-0.004961
-0.014284
0.007526
0.006944
0.004035
0.004786
0.013927
0.018878
0.017823
-0.005867
-0.006789
0.007452
-0.005902
0.016222
-0.003351
-0.009314
-0.014472
-0.021167
-0.018264
-0.002063
0.003329
-0.020786
0.038041
-0.008361
0.000000
-0.008865
-0.002559
-0.014308
-0.017303
-0.003840
-0.001223
0.020070
-0.008024
0.009185
0.028690
-0.006309
0.006340
0.006035
-0.035967
0.013452
0.020044
0.024305
-0.025578
-0.006605
-0.019680
-0.018320
-0.001808
-0.016174
0.035443
0.006391
-0.000263
0.043081
0.004892
-0.007843
-0.000497
0.000921
0.005610
0.006097
0.000000
0.000220
-0.005231
-0.007343
-0.016847
-0.007649
0.004803
-0.035638
-0.016488
-0.005765
-0.024515
0.000000
0.014201
0.007018
0.006897
0.072191
-0.004683
-0.001706
-0.008934
-0.024911
0.008218
0.000000
0.012502
-0.010855
-0.023167
-0.004395
-0.006018
0.000087
-0.002685
0.005543
-0.018380
0.009491
0.002671
0.000203
0.003316
0.008198
0.022380
-0.016844
0.002570
-0.016549
0.058682
0.054805
-0.017571
-0.002496
0.007098
-0.010683
-0.011765
-0.028685
-0.012934
-0.018971
-0.009061
-0.020338
-0.008354
0.002805
-0.010559
-0.004896
-0.001550
0.001933
0.005817
0.040226
-0.013237
0.009192
-0.021004
-0.011349
0.001125
0.016680
0.015008
-0.014018
-0.004582
-0.000387
0.014934
-0.000222
0.002720
-0.006622
0.023986
-0.045338
-0.004204
-0.012630
0.002571
0.029218
-0.011512
-0.004002
-0.016685
-0.001198
-0.006281
0.011032
-0.002273
-0.010150
-0.008321
0.026369
-0.002639
-0.002680
-0.027864
-0.009093
-0.026366
-0.016021
-0.014887
0.006043
-0.003853
0.006281
-0.022488
-0.013955
0.005243
-0.003398
-0.008223
0.016923
0.011048
-0.013319
-0.003269
-0.011287
0.000227
0.022811
0.003075
-0.017759
-0.007701
0.000955
0.011951
0.001208
0.036015
0.013074
-0.031753
-0.001171
0.013449
-0.015250
0.020889
-0.002764
0.000972
-0.010350
0.002233
-0.000897
0.013259
-0.047369
0.000163
-0.001204
0.013004
0.026335
0.002782
0.004092
0.003895
-0.009515
-0.001550
-0.004604
0.023031
0.004291
0.003864
0.017173
-0.006849
-0.026480
-0.007932
-0.037397
-0.069941
-0.017993
-0.005952
-0.006556
-0.020446
-0.019833
-0.014259
-0.007922
-0.014441
-0.028666
0.005510
-0.001131
-0.015373
-0.004472
-0.002831
-0.038483
0.001020
-0.008557
-0.007399
-0.019902
0.037304
-0.001868
-0.009599
-0.016724
0.006775
0.015989
0.030337
0.015308
0.063793
-0.020967
0.014434
-0.026741
0.002690
0.005444
-0.004019
0.007851
-0.006155
-0.006705
-0.000776
-0.022847
0.006403
0.008223
0.006874
0.003340
-0.026321
0.006336
0.022063
-0.008912
-0.001440
-0.002971
0.030666
0.002474
0.029689
0.010792
0.008086
-0.014787
0.007237
0.002939
-0.020556
0.013653
0.006388
-0.001142
0.010298
-0.007609
0.002470
0.003543
-0.026306
0.054461
-0.012571
-0.005669
-0.011866
-0.010434
-0.001577
0.005802
-0.020623
0.013105
-0.003373
-0.024685
-0.001059
0.015205
0.026807
-0.016702
-0.013267
-0.029803
0.004676
-0.006707
0.003162
0.010753
-0.008344
0.008024
-0.009384
0.003609
0.008300
0.001306
-0.015044
-0.010622
-0.014905
-0.001048
0.000644
-0.011669
0.013808
0.013148
-0.000739
-0.004068
-0.013273
0.010747
0.034456
0.010652
-0.004717
-0.012228
-0.007309
-0.014880
0.019620
-0.000662
0.000943
-0.001445
-0.009684
0.002135
-0.015899
0.017456
0.011369
0.020936
-0.002390
-0.016001
-0.003606
-0.006458
0.016654
0.002551
0.002051
0.000693
-0.010328
-0.011890
-0.020886
-0.012286
0.018904
-0.004948
-0.008797
0.004216
0.011828
-0.004118
0.023065
0.018989
-0.002631
0.035762
-0.001229
-0.006444
-0.030658
-0.019181
-0.002400
0.001681
0.011096
-0.005641
-0.010746
0.000461
0.008589
-0.016258
-0.014225
0.000589
0.003109
0.035264
0.034653
0.005921
-0.019744
-0.013102
-0.004140
-0.008708
-0.015296
0.015104
-0.010802
0.010811
0.022462
0.004500
0.015509
-0.021250
-0.017129
0.024699
0.003212
0.046925
-0.007127
0.005221
0.017575
-0.010317
0.001148
-0.003477
-0.008038
-0.001815
0.025093
0.004855
-0.024538
-0.045576
0.013023
0.004113
-0.014168
-0.010955
-0.005741
0.019129
-0.011891
-0.004733
-0.020623
-0.034663
-0.001418
0.010833
-0.021457
-0.003870
-0.015719
0.007294
0.021756
0.010228
-0.012885
-0.018137
0.005312
-0.010151
0.028904
-0.018689
0.016025
-0.012120
0.002955
-0.016224
0.005474
-0.008737
0.002819
-0.001232
0.002298
-0.003033
0.007995
-0.026615
-0.015714
-0.000444
-0.001754
0.002484
-0.009494
-0.020467
0.012229
-0.009207
-0.004472
-0.013135
0.039695
0.001036
0.014317
-0.005018
-0.018744
0.009560
-0.015320
0.017189
-0.004708
0.015751
0.026754
-0.006379
0.015558
-0.010498
-0.005399
0.004554
0.015802
-0.000020
-0.003825
-0.012266
0.026391
-0.037138
-0.002369
-0.009054
0.051588
-0.003525
0.000099
0.009107
0.006605
-0.000829
0.097371
-0.021997
-0.046450
0.003987
0.007039
0.036444
0.022566
0.006015
0.038770
0.007447
0.060610
-0.018698
0.006565
-0.054287
0.003285
0.000048
0.004759
0.011962
0.000245
0.020742
0.018386
-0.010538
0.022312
-0.029896
0.001064
0.024678
0.008542
-0.003921
-0.001065
0.003091
0.011473
-0.000591
-0.025602
0.016807
-0.019340
-0.017638
-0.002730
-0.037753
0.074828
0.024233
-0.003224
0.000304
0.052897
0.011056
0.000652
0.003175
-0.000676
0.010771
0.011622
-0.066020
0.027173
0.051607
-0.003355
-0.029119
-0.007574
0.003419
-0.004868
-0.006145
0.005262
0.008722
0.035620
0.000000
-0.021828
-0.006125
-0.004072
0.004807
-0.015233
-0.008831
0.000286
-0.010801
-0.015333
-0.003787
0.010624
-0.012455
0.005291
-0.020333
-0.014095
0.010592
-0.016791
-0.010416
-0.009869
0.008211
-0.009138
0.001321
-0.019579
0.000154
0.009087
-0.005163
-0.005037
-0.002686
-0.016832
-0.052189
0.015866
0.030887
0.024063
0.020557
-0.011973
-0.000899
-0.003529
-0.025441
0.003893
-0.003643
-0.008866
0.007046
-0.004957
-0.013983
-0.008328
-0.012692
-0.010787
0.001269
-0.019212
-0.007290
-0.021726
-0.001868
0.006274
0.014183
-0.009138
-0.028042
-0.007040
-0.019751
-0.008285
-0.010386
0.006858
-0.008675
-0.007806
0.053145
0.007246
-0.013219
0.007766
-0.032732
-0.006108
-0.005674
-0.021155
0.010999
0.053727
-0.017545
-0.013685
-0.006295
0.001884
0.005151
-0.012377
-0.005068
0.011613
-0.001551
0.077522
-0.022977
-0.022981
-0.051772
-0.023619
0.002774
0.009380
0.018394
-0.015713
-0.006565
0.000417
-0.017450
-0.009153
-0.035745
-0.013509
-0.006359
0.470486
-0.010799
0.000000
-0.025440
0.020470
-0.019766
-0.001388
-0.010675
0.014257
0.000000
0.003239
0.006929
0.016035
-0.022616
-0.006973
0.011251
0.010179
-0.000410
0.019273
0.007482
-0.010501
0.018527
-0.027200
-0.001046
-0.001524
0.016579
-0.008937
0.025656
-0.052865
0.033287
-0.013011
0.005037
-0.005311
-0.005950
0.002077
0.001097
0.000180
-0.010881
0.000591
0.000709
-0.014539
0.036042
0.059444
-0.004968
-0.013712
-0.018243
-0.019126
0.027220
-0.009613
0.067995
0.049857
-0.008306
-0.008350
-0.020234
0.018063
0.000339
0.012658
-0.037888
-0.004212
0.040165
0.025290
-0.000239
-0.015334
-0.008966
-0.029164
0.063131
-0.011745
0.014205
-0.019363
0.002039
-0.019239
0.001076
0.005437
-0.020768
0.036120
-0.012784
-0.000889
0.011835
0.028341
0.012077
0.006765
-0.007042
-0.020888
0.007334
0.013870
0.016197
0.000613
-0.029614
-0.010950
0.004388
-0.022675
0.010556
0.040148
-0.024203
-0.013726
-0.013981
0.005431
-0.007004
0.008322
0.004381
-0.000603
-0.014065
0.003555
-0.009371
-0.004439
-0.014295
0.092865
-0.018422
0.014079
0.004240
0.005750
-0.027336
0.014394
0.007892
0.005380
0.003230
0.081445
-0.015437
-0.014405
-0.000936
-0.021613
-0.018318
0.001114
-0.008819
0.038963
-0.003861
0.000000
0.000000
0.000000
0.000000
-0.002896
-0.002224
0.001193
0.032004
0.008363
-0.006524
-0.010953
0.004804
-0.012601
-0.014577
-0.001880
0.005959
-0.001033
-0.004469
0.019096
-0.011855
0.004841
-0.007020
0.012173
0.008711
0.003745
-0.008205
-0.002547
0.021583
-0.021621
0.010258
0.013699
0.000259
-0.016081
-0.017598
0.000203
-0.015998
0.006227
0.008798
-0.008334
0.015090
-0.005096
0.003836
0.017151
-0.036240
-0.025606
-0.008670
0.005405
-0.008501
-0.001611
0.006720
-0.014448
0.011702
-0.001156
-0.029610
0.015006
0.003625
-0.006369
0.027458
0.004333
-0.008277
0.006472
-0.006604
-0.005122
0.008078
-0.014337
-0.000635
0.008359
0.000261
0.009843
0.012359
-0.000524
0.000058
-0.014332
0.020519
-0.005578
-0.036100
-0.015273
-0.001296
0.003364
-0.000720
-0.037293
-0.012542
0.015405
0.007027
0.014073
0.002772
0.013012
-0.000573
-0.021051
-0.040382
-0.010931
-0.004984
-0.031220
0.001229
0.010725
-0.004548
-0.001682
0.001304
-0.029462
0.012306
-0.011938
-0.001249
-0.011504
0.008175
0.010142
0.035597
0.003767
-0.013251
0.029988
-0.006222
0.013921
0.002724
-0.006570
0.019647
-0.021172
-0.005877
-0.009609
-0.013972
0.009295
0.000000
-0.007193
0.001827
0.001809
0.000000
0.002227
0.006106
-0.004141
0.012744
-0.007335
-0.003306
0.004587
0.009976
-0.022244
0.006059
-0.008393
0.027061
0.010711
0.002766
-0.014665
-0.008331
0.093165
-0.005803
0.017600
0.028122
-0.018582
-0.013849
-0.005548
-0.001656
-0.012625
-0.003720
-0.014396
-0.020176
-0.002036
0.018677
-0.003631
-0.003729
0.015709
0.004064
-0.005365
-0.015882
-0.018330
0.027712
-0.008166
0.009739
0.002937
0.004150
0.050637
-0.012065
0.024300
0.023733
0.002062
0.017535
0.012415
0.009568
0.029129
0.004121
-0.011848
-0.010742
0.003874
-0.059909
0.003234
0.002791
0.001451
-0.058020
-0.003228
0.014531
0.032147
-0.005122
-0.006274
0.012791
0.006895
0.022933
0.104123
-0.003784
-0.005456
-0.007668
0.011684
0.032393
0.009459
-0.022715
-0.003794
0.002500
-0.055344
-0.001176
-0.018651
0.000099
-0.019833
-0.009586
-0.017556
-0.099833
-0.003817
-0.010805
0.024129
0.001790
-0.002398
-0.003342
-0.012045
0.004677
0.004665
-0.003361
0.017560
0.037136
0.034564
-0.000483
0.017885
0.005545
-0.000573
0.000001
0.005007
-0.009057
0.021168
0.008194
0.005943
0.008827
0.000590
0.000296
-0.000524
-0.009390
-0.006802
0.015294
0.017366
-0.020389
0.043942
0.055114
0.012168
0.053639
0.002857
0.010118
0.000146
-0.005903
0.005300
-0.003668
-0.009616
-0.000769
-0.001234
-0.002079
-0.005324
-0.001677
0.001886
-0.021189
-0.007944
0.003560
0.001732
-0.003298
-0.009630
-0.005347
-0.012658
-0.002191
0.002980
0.003606
-0.010771
0.014524
-0.022212
0.011381
-0.002972
-0.005098
-0.000314
-0.014236
-0.002119
0.000000
-0.000785
0.003513
0.017821
-0.005684
-0.014962
0.015028
0.003799
-0.005469
-0.015610
0.013282
-0.008853
0.002299
0.042770
0.004699
0.002578
-0.013887
0.000523
0.009610
0.000000
-0.011524
-0.028935
-0.008573
0.005792
-0.029259
-0.018571
-0.098675
-0.005574
0.013828
-0.034247
-0.011521
-0.009203
-0.004950
0.016294
-0.007574
0.014250
-0.000311
-0.004492
-0.001488
-0.027206
-0.004911
0.012094
-0.005626
0.005711
-0.006149
-0.009905
-0.013142
0.005189
0.004963
-0.006313
-0.025856
-0.017608
0.006050
-0.009725
0.000000
-0.010750
-0.005795
0.012416
-0.007801
0.005195
-0.006916
-0.002672
0.000902
-0.001648
0.030569
0.010994
-0.017189
-0.025080
-0.000287
-0.022582
-0.014133
-0.029796
-0.024194
0.024799
-0.000892
0.006415
0.009377
-0.009957
-0.021264
-0.018324
0.034980
-0.015853
0.030078
0.028070
0.018454
-0.035055
-0.022601
-0.036203
-0.035481
-0.033675
-0.009130
-0.003311
-0.010903
0.005906
0.035117
0.006904
-0.050349
0.009017
-0.039763
-0.007943
-0.027113
-0.002275
-0.006372
0.006753
0.037037
0.002636
-0.008099
0.006908
0.014264
-0.002719
-0.010533
-0.006861
0.001512
0.004909
-0.008596
-0.006408
0.041968
0.017714
0.005390
0.012393
-0.012810
-0.006020
-0.001010
-0.015003
-0.008618
-0.011475
-0.032439
0.010241
0.015248
0.040588
0.008740
0.015613
-0.014868
-0.007987
-0.006406
0.005589
-0.005441
0.018577
-0.013963
-0.024056
0.002285
-0.009550
-0.003659
-0.006415
-0.001663
-0.004975
-0.000933
-0.002165
-0.001324
0.003808
-0.028547
-0.002107
0.005879
0.005056
0.049168
-0.002779
-0.003441
-0.022985
-0.002851
-0.021855
-0.041443
-0.005077
-0.008532
-0.003721
0.001069
-0.025275
-0.032271
-0.033225
-0.017034
0.016360
0.009031
-0.003281
-0.025520
-0.004800
0.007181
-0.002762
-0.013038
-0.023201
0.001721
-0.018522
-0.035762
0.012361
-0.011386
-0.013645
0.013689
-0.011495
0.001755
0.023351
-0.005190
-0.025952
-0.017706
-0.016699
-0.018566
0.059551
0.026265
-0.000488
-0.001482
-0.016375
0.025985
-0.006314
-0.026757
-0.006465
-0.004434
0.013791
0.000000
-0.000357
-0.025724
0.003149
-0.015098
-0.000275
0.018724
-0.016430
0.015078
0.018236
-0.007629
0.000717
-0.012616
0.004326
-0.007743
0.007740
-0.016373
-0.011559
-0.007849
0.003632
0.001172
-0.008883
0.002511
0.004630
-0.006472
0.000312
0.011167
0.001954
0.005242
-0.014556
-0.012361
-0.005216
-0.003911
0.006004
0.017142
-0.028449
-0.001379
-0.000016
-0.012416
0.009735
0.013260
0.001987
0.004945
0.011585
-0.005320
-0.007740
0.006394
0.011069
0.008210
0.004985
0.003790
-0.002863
0.015185
-0.014174
0.031518
-0.002110
-0.009697
-0.012381
-0.058970
0.000511
0.028986
0.017573
-0.006555
-0.004866
-0.010433
0.011200
-0.006399
-0.020793
0.005660
0.004836
-0.004526
0.006157
0.008475
-0.014078
0.003131
-0.009682
-0.002233
0.009547
0.015829
-0.012933
-0.012153
0.000206
0.023838
-0.016695
0.010159
-0.022716
0.007258
0.002640
0.016747
0.015265
0.044252
-0.003018
-0.012649
0.004020
0.003361
-0.012181
0.005215
0.014576
0.046281
0.000836
0.040388
0.005139
-0.019658
-0.064171
0.006536
-0.023907
0.005697
0.025377
0.011960
0.017590
0.023142
-0.005272
-0.005952
-0.010349
-0.001744
-0.006164
0.020049
0.004703
0.020333
0.004917
-0.000803
0.042668
-0.014956
0.015772
0.001081
-0.006071
-0.028151
0.005643
-0.012103
-0.010572
0.013619
-0.004587
0.011473
-0.002206
-0.006941
0.006945
0.003139
-0.004093
0.005065
-0.013138
-0.007745
-0.011887
0.021932
0.047759
0.033114
-0.003684
0.010704
-0.015083
-0.002905
0.008948
-0.005132
0.041312
-0.027376
0.005577
0.000247
0.004744
-0.002469
-0.007738
-0.003065
0.000396
0.006863
-0.009256
-0.003226
-0.031571
0.011792
0.011031
-0.024596
-0.017129
-0.028469
0.001783
0.006033
0.060572
0.005298
-0.014605
-0.004539
0.029334
-0.024158
-0.001468
0.019730
-0.003771
0.003255
-0.010725
-0.022543
0.036704
-0.017370
0.000357
-0.000449
0.000000
0.002706
0.018741
-0.003042
-0.002491
-0.003101
0.035185
-0.005310
-0.040379
-0.012701
-0.004100
0.016818
-0.004065
-0.019197
0.001477
0.025501
0.015049
-0.027857
0.005441
0.000519
0.005336
-0.009903
0.009152
-0.016609
-0.018711
-0.006658
-0.008935
0.015510
-0.008256
-0.004463
0.008270
-0.005845
0.000905
0.006296
-0.005020
-0.000962
0.003732
-0.041397
0.001423
-0.005173
0.006872
0.009673
-0.010790
0.004269
0.001659
-0.003210
-0.002762
-0.002494
-0.003345
0.021494
-0.015378
-0.008613
0.001313
-0.016181
-0.031045
0.036745
-0.008712
0.005833
0.005616
0.002233
-0.011266
-0.020204
-0.004190
-0.012373
0.005917
-0.010286
-0.004948
-0.009595
-0.003696
-0.024600
0.009968
-0.006890
-0.002929
-0.001855
0.007515
0.009714
0.001255
0.022965
-0.006692
-0.009624
-0.004417
0.033073
-0.004593
0.001078
-0.003540
0.007720
-0.002448
-0.005121
0.005702
-0.005718
-0.013664
-0.011677
-0.003482
0.003035
0.007038
0.003391
0.035334
-0.033811
-0.012887
0.001922
-0.005736
-0.016911
-0.019177
0.070239
-0.002636
0.003395
-0.000381
-0.007167
-0.006936
-0.011105
-0.015849
-0.005120
0.005363
0.011514
0.017674
-0.015692
0.010605
0.008020
0.027512
-0.019458
-0.001845
-0.000884
-0.004690
-0.014235
0.106750
0.000602
-0.010653
0.006780
-0.002369
-0.025132
0.000093
-0.032167
-0.003836
-0.016950
0.018986
0.007976
-0.006715
-0.000891
0.000957
0.018856
-0.001137
0.043380
0.005649
0.008299
-0.006268
0.026152
0.015336
0.007932
-0.011181
-0.012338
0.008262
0.028530
0.007212
-0.002352
-0.001791
-0.005652
-0.012636
0.008827
-0.031208
-0.013849
0.018648
0.005586
0.000680
0.006101
-0.005264
0.003157
-0.007456
-0.019368
0.004832
0.002234
-0.009981
0.004104
0.002670
-0.007290
-0.011390
-0.010693
-0.014699
-0.009766
0.008194
-0.019490
0.011762
-0.003175
-0.015444
-0.019847
-0.013004
-0.005371
0.009354
0.012539
0.002010
-0.009684
0.013621
0.007708
0.019339
0.002821
0.000000
-0.013330
0.012237
-0.020918
0.006618
0.029296
-0.003668
0.017168
-0.000269
-0.017101
-0.018695
0.018815
0.011898
-0.021207
0.004297
-0.004761
-0.014794
-0.009250
-0.004893
-0.002812
0.016540
-0.002488
-0.010168
0.005272
-0.004185
0.024325
0.019100
-0.012981
0.018667
0.003346
-0.011878
-0.001428
-0.000088
0.026183
-0.009748
-0.000497
-0.001465
-0.000324
0.004176
0.039965
0.029692
0.002606
-0.006569
0.010778
-0.013104
-0.006723
-0.016220
-0.005355
-0.005401
0.035372
-0.003420
0.002587
-0.001282
-0.003677
0.042259
-0.020683
0.004920
-0.006850
-0.009925
-0.015929
-0.004382
-0.006879
-0.001593
-0.023540
-0.016437
0.002132
0.005539
-0.006529
-0.000414
-0.001499
-0.002568
-0.005282
0.028827
0.007583
0.032399
-0.005629
0.013517
-0.007256
-0.006017
-0.003386
-0.012367
-0.007455
-0.022400
-0.003076
-0.016353
0.000926
0.010616
0.042150
0.043335
0.006548
0.003509
-0.001689
0.050940
-0.002318
-0.002447
-0.005141
0.062275
0.007480
-0.004335
0.004311
-0.001641
0.034459
-0.015631
-0.017208
0.002727
0.007012
-0.013142
-0.008593
0.025650
0.009821
0.002957
-0.001821
-0.004908
-0.007970
-0.008060
-0.019298
-0.007440
0.011957
0.001438
-0.012341
-0.010507
-0.032094
0.013599
0.008517
0.017464
-0.028773
0.004304
0.011322
0.006745
-0.004652
0.003524
-0.018935
-0.018860
-0.008077
0.002896
0.011247
-0.005570
0.011780
-0.007668
-0.022336
0.011581
0.030196
-0.009705
0.005799
-0.017166
0.021378
-0.023080
-0.007703
-0.007480
-0.008595
-0.008020
-0.012591
-0.011373
0.002715
-0.026389
-0.007030
-0.019850
-0.003932
-0.004881
-0.014524
-0.007163
-0.000734
0.007765
-0.000839
-0.004302
-0.010515
-0.001429
0.009325
-0.013068
-0.004148
-0.009374
-0.003291
-0.015403
-0.003306
0.008363
-0.004538
0.004582
-0.019594
0.011401
-0.007999
-0.018151
-0.010863
-0.014241
-0.011043
0.003385
-0.018319
-0.011806
0.005849
-0.012875
-0.015634
-0.004459
-0.007807
-0.024747
-0.007677
-0.009159
-0.033526
-0.006763
0.007013
-0.008640
-0.021028
-0.011159
0.005598
0.006325
-0.015031
0.003158
-0.020035
0.015664
0.006222
0.019294
-0.014690
-0.024101
0.008185
0.009942
0.031963
0.014399
-0.004062
0.006160
0.066753
-0.025798
0.010944
-0.020877
0.042962
-0.009020
0.066875
-0.000625
0.011016
-0.000460
-0.000506
-0.001074
-0.000829
-0.011277
0.001358
-0.004442
-0.039865
-0.014485
-0.032904
-0.011469
0.002693
0.011333
0.001578
-0.003259
0.025259
-0.030262
0.024492
-0.000081
-0.000064
-0.029174
-0.021615
-0.012008
0.027830
-0.013881
-0.010863
-0.023789
0.009749
-0.028149
0.002085
-0.002973
0.003835
0.011682
-0.018518
-0.007461
-0.008796
0.001155
-0.008485
-0.033812
-0.004138
-0.019168
0.013613
-0.000376
-0.010847
-0.007434
0.035149
-0.002269
0.034989
-0.015113
-0.005320
-0.002606
0.031670
-0.008756
-0.007889
0.003535
0.004667
0.013984
0.010618
0.025305
-0.011368
-0.003774
0.002640
-0.011966
0.003354
0.008557
0.008314
0.008377
-0.004776
0.000481
-0.003837
-0.003400
-0.009629
0.012983
0.010941
0.009719
0.004371
0.014295
-0.008397
0.013360
-0.026711
-0.029375
-0.012959
0.012757
-0.005607
-0.015451
-0.020337
-0.010461
-0.007290
-0.012534
-0.018733
0.014898
0.008279
-0.006301
-0.022783
-0.005497
0.000257
0.021111
-0.002330
-0.005300
0.004047
-0.004355
0.001060
-0.018493
-0.014555
-0.003284
-0.010139
-0.020807
-0.002327
-0.010664
-0.007939
-0.017929
0.024992
-0.007898
-0.009432
-0.013263
0.007604
-0.000479
0.005561
0.010201
0.058488
-0.010163
-0.000238
-0.030239
0.009233
-0.008115
-0.003638
0.026946
0.007445
-0.002368
0.011478
-0.002038
0.013435
0.000340
0.004685
-0.016125
-0.006077
0.003226
-0.004534
0.010187
-0.022378
-0.009522
-0.003425
0.006937
-0.003619
0.027794
-0.021470
0.016179
0.053009
-0.031319
-0.001538
-0.002703
-0.000294
0.020998
0.023047
0.004690
0.059000
-0.001623
0.003332
-0.024604
-0.022708
-0.014414
0.007401
0.019441
-0.022303
-0.004696
0.010498
0.005992
0.014424
-0.010799
0.002665
0.002141
0.007541
0.025428
0.003467
0.004119
0.060760
-0.017262
-0.007709
0.011893
-0.003381
-0.008449
0.007624
-0.014222
-0.003839
-0.007400
-0.007319
-0.007995
-0.005326
-0.024798
-0.008794
0.000831
0.009505
0.026690
-0.001387
0.009340
0.003644
0.024965
0.065834
-0.011595
-0.009199
0.000170
-0.022094
-0.014546
-0.013830
-0.074078
-0.004752
-0.019135
-0.022915
-0.054056
-0.000996
-0.014038
-0.021352
0.000827
-0.000789
-0.011241
0.025477
0.008968
-0.002689
-0.004969
-0.025139
0.015073
0.056325
0.012104
-0.006829
0.041058
-0.006748
0.007699
0.035168
0.000425
-0.007703
0.002958
-0.006483
-0.012407
0.008906
0.003410
-0.008359
-0.007374
-0.020456
0.000871
-0.006484
0.049189
-0.028142
0.005648
-0.034179
0.000196
0.001527
-0.005036
-0.014401
0.009461
0.003139
-0.003892
-0.033406
-0.011372
-0.008604
-0.001029
0.017803
0.002520
-0.024058
-0.002774
-0.003925
-0.013178
-0.011787
-0.003320
-0.047904
-0.007945
-0.028632
-0.010125
0.000341
-0.008615
0.001243
0.015723
0.045460
0.041686
0.033542
0.003643
0.019128
-0.014763
-0.012536
-0.048387
0.038799
0.004932
0.015540
-0.018099
0.000000
-0.010721
0.015000
0.057566
-0.008407
-0.011249
0.017860
0.005341
-0.017661
0.011906
0.009230
0.035377
-0.029146
0.004422
0.012582
0.043633
0.010046
-0.028678
0.018288
0.001366
-0.027878
0.001319
-0.005921
-0.016818
-0.003015
-0.012290
-0.004429
0.033091
0.007661
-0.009088
0.020462
-0.038132
-0.014253
-0.001571
0.056652
-0.001124
0.048905
0.012361
0.020229
0.073873
-0.005233
-0.007791
-0.013390
-0.001361
-0.000418
0.014206
-0.011651
-0.006748
-0.003264
-0.025175
0.007110
0.006022
0.007454
-0.005383
-0.014904
0.004177
0.008662
-0.001355
-0.004382
-0.003403
0.003359
-0.013687
0.043070
-0.002047
0.006073
0.002176
0.009682
-0.005968
0.016354
0.007217
-0.003551
-0.010301
-0.009264
0.013438
-0.013427
0.007628
0.004006
0.004400
-0.004148
-0.002972
-0.014810
-0.031244
-0.038921
0.017815
-0.009006
-0.009093
-0.002597
0.002747
-0.000218
0.005245
0.041345
-0.002560
-0.014562
-0.013317
-0.005528
-0.003768
0.003447
-0.003836
0.032917
0.009121
-0.004981
0.032172
-0.005995
-0.001763
-0.004098
-0.018050
-0.011174
0.010235
0.028671
-0.005550
0.009987
0.007852
0.008597
0.019316
-0.001401
0.003921
0.002800
-0.024135
-0.015824
0.011858
0.009318
0.004252
-0.008252
-0.074964
-0.001461
-0.025920
-0.005579
-0.003412
0.005690
0.055244
-0.000019
0.011831
0.007208
0.012923
0.019198
0.016074
0.020647
0.022551
0.019532
-0.008469
0.010205
-0.023545
0.000226
0.029893
-0.010416
-0.006602
-0.014861
0.001631
0.005288
-0.010415
-0.006929
0.003404
-0.011193
-0.020440
0.003886
-0.016209
-0.007079
-0.041610
-0.030727
-0.008608
0.008425
-0.008599
-0.015860
-0.022133
0.027129
0.018582
-0.002700
-0.002675
-0.019946
0.000639
0.000678
0.005144
-0.003338
-0.010174
0.018269
0.024644
0.020107
0.012859
-0.001150
0.009676
0.014630
0.010221
-0.004850
-0.000834
0.037149
0.001519
0.010821
-0.004817
-0.008275
-0.011270
-0.013491
-0.001301
0.013044
-0.021749
0.029941
-0.017950
-0.002596
-0.008119
0.010065
0.001812
-0.011111
-0.021390
-0.007733
-0.019184
-0.018681
0.020184
-0.030961
-0.028600
-0.018792
0.015972
-0.012476
-0.027218
0.000527
0.008838
0.001760
-0.016252
-0.025807
-0.017262
-0.005044
-0.010096
0.002376
-0.018091
0.035595
-0.013109
0.000517
0.005019
0.042281
0.007254
0.010040
0.004242
0.000244
-0.024738
-0.026138
-0.043464
0.030427
-0.021062
-0.023524
-0.022677
0.001927
0.011727
0.038714
0.029807
0.044960
-0.009303
-0.001204
-0.005855
-0.029039
0.013120
-0.009445
-0.011316
0.002599
-0.009433
0.004547
0.007108
-0.012163
0.006503
-0.010215
-0.024497
0.002787
-0.000424
-0.008249
-0.003707
-0.007282
0.009995
0.039892
0.057765
0.018153
-0.017066
0.014149
-0.024205
-0.014723
-0.016555
-0.001822
0.000208
-0.013384
-0.040960
0.016938
0.020349
-0.007067
-0.011279
0.011441
-0.007526
0.000984
-0.004987
0.019290
0.006714
0.014602
0.009311
0.020040
-0.010531
0.005050
0.016676
-0.003596
0.019961
0.004297
-0.005693
0.009912
-0.003638
-0.013480
0.007861
0.000887
0.004343
0.014811
0.010870
-0.000048
0.032912
-0.000670
0.008743
-0.001788
0.027227
-0.009926
-0.014854
0.019239
0.024385
0.019520
0.018275
0.000509
-0.013970
-0.016824
0.017611
0.007785
-0.001342
0.013525
-0.005184
0.006518
0.029743
-0.017804
0.009754
0.004859
0.006750
-0.011086
0.002191
-0.013539
-0.041851
0.012882
0.102440
0.000000
-0.004413
0.006967
-0.013471
0.007855
-0.020407
-0.003457
0.025237
-0.044085
-0.014797
0.000135
-0.008873
0.009446
0.006047
0.003909
0.000000
0.002886
-0.003140
0.001732
0.000000
0.018360
-0.003195
0.005429
-0.014944
0.008549
-0.028443
-0.098080
0.008121
0.009317
-0.029152
0.020033
-0.103293
0.028713
0.001252
-0.004696
0.007901
-0.004859
-0.018717
-0.016363
-0.040283
-0.005499
-0.034951
-0.007445
0.000666
-0.013468
-0.044336
0.019150
-0.017816
0.005953
0.000841
0.009734
-0.006126
-0.007275
-0.003408
-0.010297
0.008126
-0.018783
0.020213
-0.003582
0.015858
-0.007463
-0.001004
0.005688
-0.008427
-0.004153
-0.029225
0.003525
0.007492
0.004294
-0.003095
-0.006220
0.002094
0.024640
0.049208
0.015391
-0.021888
0.002783
-0.009805
-0.016059
-0.027992
0.001517
-0.023694
0.023567
0.014300
-0.008578
-0.002411
0.001685
-0.007195
0.013477
0.008208
-0.000049
-0.012034
-0.000676
-0.010807
-0.007797
0.009170
0.000805
-0.022795
-0.019347
0.010898
-0.006984
0.004223
0.008446
-0.003742
0.058689
-0.002457
0.060762
0.006071
-0.005713
0.009806
-0.001847
0.009678
0.037615
-0.005636
-0.005112
0.004890
-0.007791
-0.022459
0.020421
0.006679
0.009361
0.026138
-0.007328
-0.005430
-0.015134
-0.000733
-0.002940
-0.011821
-0.031489
-0.027165
0.017829
-0.004178
-0.001416
-0.022384
0.006984
0.001280
-0.009091
0.005642
-0.006303
-0.003159
-0.000227
-0.000827
0.007054
-0.010372
0.040404
-0.002133
-0.005219
-0.008981
-0.004255
-0.007434
-0.004631
-0.010995
0.068607
0.001730
0.002373
-0.015146
0.010825
0.002009
0.016182
-0.019022
-0.013887
-0.015987
-0.006112
-0.027571
-0.003121
0.009912
0.008757
0.006134
-0.006125
-0.002579
-0.002755
-0.001505
-0.013500
-0.011201
-0.002206
-0.004143
-0.009111
-0.021291
0.009287
0.006219
-0.008578
0.007737
0.044705
-0.002279
-0.015704
0.002796
-0.003988
-0.005160
-0.004307
0.022347
0.006532
-0.003999
-0.001752
0.001195
0.008700
0.003679
0.009741
-0.001884
-0.001603
0.013023
-0.023570
-0.002401
-0.006408
0.001882
0.058607
-0.011717
-0.005238
0.001221
-0.004726
0.001997
-0.004870
0.027749
-0.002577
-0.026379
0.001970
0.041536
0.000205
-0.009183
-0.011809
-0.008513
-0.000585
-0.020195
-0.018671
-0.007627
0.006978
-0.009243
0.003137
0.010119
-0.002159
0.003655
-0.014062
-0.000830
-0.004320
0.007288
0.006834
0.008299
0.005407
0.002864
-0.007618
-0.001304
-0.010025
-0.012579
0.009300
-0.007660
-0.008242
-0.002378
0.017909
0.151429
-0.010470
0.003386
0.002369
-0.037297
-0.010112
-0.002825
0.018697
-0.021735
0.009634
0.005635
-0.006948
0.003868
-0.006699
-0.009496
-0.019008
-0.008052
-0.005752
-0.013925
0.007890
-0.003806
-0.025659
0.009229
-0.014915
0.006952
-0.010567
0.001008
0.018393
-0.038779
0.017410
0.000617
-0.000675
-0.025066
-0.007628
-0.031268
0.010921
0.008854
-0.007427
0.000188
0.009473
-0.023113
0.009650
0.002221
0.043335
-0.009033
-0.011404
-0.010144
-0.000090
-0.021365
-0.013502
-0.006866
-0.082468
-0.006764
0.003148
-0.003722
0.001703
0.005369
-0.018944
-0.009213
0.003438
-0.004702
0.007752
0.006569
0.018215
0.012347
0.009464
-0.012544
-0.013587
-0.000241
0.013600
-0.001154
0.000000
0.000000
0.000000
-0.006049
0.009544
0.026930
0.007581
-0.003198
0.003458
0.001802
-0.021858
-0.031947
0.001695
0.002900
0.015976
-0.003597
0.020998
0.004217
0.000348
-0.015867
-0.003630
-0.014032
-0.036981
-0.012124
-0.003941
0.001641
0.011565
0.000000
0.009747
0.017909
0.004622
-0.001590
0.029950
0.000190
0.006575
-0.005998
0.030411
0.006075
0.343389
0.000000
0.005543
0.014482
0.032196
-0.003024
-0.031179
-0.010479
0.006273
0.014731
0.012993
-0.019154
-0.022997
0.011130
-0.003169
-0.006873
-0.011989
-0.023752
0.008447
0.012759
-0.018339
-0.010660
-0.001555
0.007484
0.054879
0.013623
-0.003195
-0.008587
-0.013505
-0.026135
-0.021767
0.017410
-0.005070
-0.002740
-0.008364
-0.002795
-0.005044
0.070652
0.010954
0.030123
0.000000
-0.007159
0.000000
-0.005448
-0.011392
-0.005416
-0.011405
-0.021739
0.016786
-0.008801
-0.024674
0.002252
-0.004349
0.010191
0.031606
-0.008160
0.000000
-0.006235
-0.003827
-0.015466
0.021354
-0.008310
-0.012482
-0.008898
0.000000
0.016016
-0.001845
-0.013779
0.022216
0.001468
-0.000283
-0.030777
0.028297
0.003890
-0.002084
0.007670
-0.001259
-0.014286
0.039465
0.012605
0.034603
0.002643
-0.005438
-0.007688
-0.018736
0.001478
0.000877
-0.015651
-0.004013
0.000000
0.002286
0.004014
-0.009669
0.005375
-0.024113
0.011781
0.000248
-0.004724
0.003423
0.015382
-0.006763
-0.003229
0.039665
0.024285
-0.002206
0.044565
0.012224
0.000000
0.000000
0.000000
-0.001831
-0.001837
0.035656
0.001526
-0.015875
0.024054
-0.012618
-0.002406
0.002473
0.000364
-0.008581
-0.002585
-0.022890
-0.010297
-0.007131
0.023685
-0.002341
-0.001350
-0.003923
-0.002486
-0.003264
-0.002534
-0.013647
0.002058
0.014290
-0.007822
-0.009926
-0.005370
-0.001251
-0.016311
-0.020671
0.086739
-0.003911
-0.000232
-0.008870
-0.000737
0.004455
0.003204
-0.002642
-0.004920
0.001082
-0.000953
-0.004032
0.001562
0.003308
-0.001368
0.000712
-0.004667
-0.003099
0.059418
-0.000262
-0.018660
-0.084840
0.028604
0.020471
-0.011470
0.001074
-0.001084
0.002360
0.002427
0.001484
-0.004400
-0.003505
-0.000917
-0.000915
0.010694
-0.008980
-0.007111
-0.002872
-0.003967
0.001010
-0.007558
-0.001324
-0.019391
-0.005123
0.018924
-0.005789
-0.005667
0.009653
0.009761
0.004010
-0.003115
-0.000261
-0.011609
-0.012731
-0.007517
-0.005514
-0.007698
-0.008513
0.002800
0.003273
0.023950
-0.003955
0.008062
0.013643
0.003731
-0.021182
-0.022480
-0.002496
0.005548
-0.000062
-0.001073
-0.008406
0.006432
-0.008290
-0.006626
0.003652
0.009833
-0.002847
-0.005324
0.002540
0.014380
-0.005161
-0.027202
0.023197
-0.000756
-0.002580
-0.007963
0.004418
-0.014956
0.002719
0.004160
-0.007005
-0.027977
-0.005665
0.008281
-0.001005
0.019790
0.018562
-0.008023
0.031018
-0.003945
0.006989
-0.000151
-0.011236
-0.007427
-0.000660
0.001132
-0.009065
0.008129
0.007831
0.012599
-0.006314
-0.005575
0.017083
-0.006345
0.000491
-0.013323
0.037384
0.011713
0.038731
-0.005133
0.005577
-0.010569
-0.008520
0.005021
-0.001861
-0.011732
0.021822
-0.007000
-0.006095
-0.008072
0.000918
0.003275
-0.009759
0.014238
-0.003519
-0.003480
-0.015313
0.011881
-0.012126
0.003308
-0.007148
-0.006188
0.023181
-0.005102
0.000638
-0.007805
0.003924
-0.004435
0.013385
0.003285
-0.003102
0.005597
-0.005549
0.006724
-0.010461
-0.003068
0.015937
-0.006177
-0.005926
-0.016842
0.003213
0.000806
-0.004683
-0.007013
-0.012265
-0.003827
-0.011682
-0.002507
0.006245
-0.004189
0.001128
0.018719
0.009460
0.006746
-0.008644
-0.006103
0.013737
-0.028021
0.008311
-0.005878
-0.017384
-0.004524
-0.004484
0.006329
-0.004740
-0.004607
0.006016
-0.010936
0.003356
0.013205
-0.023395
-0.017434
0.001507
-0.003384
0.020150
0.001954
0.002284
0.012824
-0.001455
0.006046
0.000168
0.016566
0.007031
-0.006767
0.000313
0.032341
-0.015618
-0.001408
-0.011776
-0.018688
0.001351
-0.016971
0.020530
-0.003164
-0.029517
-0.018760
-0.007822
-0.007028
-0.010324
0.002987
0.011511
-0.002621
-0.008054
-0.016475
0.015210
-0.006096
-0.002193
-0.005005
-0.012915
-0.006487
-0.000960
-0.006890
0.001513
-0.009854
0.006177
0.008615
-0.001745
0.006545
-0.013088
0.023670
-0.016260
-0.008220
-0.012571
-0.006387
0.003027
0.007311
-0.013312
0.010629
-0.001995
0.003214
-0.003109
-0.004306
-0.001587
0.002450
0.007078
0.003213
0.002561
-0.003726
0.001614
-0.006361
0.001654
-0.007020
0.004295
-0.000264
-0.003984
-0.003398
0.004672
-0.000172
-0.000074
0.000240
0.007648
-0.001201
-0.000561
-0.003970
-0.004424
-0.000830
0.000646
0.006723
-0.004979
-0.020884
-0.016583
0.003259
-0.002192
-0.007082
-0.011890
0.007161
-0.028433
0.012223
0.009474
-0.006201
0.012778
-0.003263
0.010062
0.025481
-0.000467
-0.000303
0.011008
-0.012813
0.060024
-0.013186
0.006047
-0.009819
0.007329
-0.004052
-0.003042
0.001944
0.016207
-0.020086
0.009397
-0.012868
0.017805
0.003938
-0.009931
-0.022106
-0.007092
0.003852
-0.015425
-0.004783
-0.018644
-0.007717
-0.004591
0.001423
0.004523
0.027720
-0.001013
0.003902
-0.012626
-0.005960
0.002902
-0.007953
0.005683
0.003632
-0.006038
0.000541
-0.001909
0.010427
-0.013654
-0.006579
-0.012086
0.020659
0.002447
