0.000051
-0.012403
0.008502
-0.002499
-0.012978
0.028497
-0.006116
-0.005285
0.002888
0.026940
-0.000981
0.017312
0.001326
0.001235
0.001478
-0.009324
-0.000781
-0.002538
-0.005107
-0.022857
-0.007503
-0.007838
-0.005203
0.001314
-0.002113
0.004205
0.002203
-0.008281
-0.003243
0.002187
-0.002782
-0.004681
0.005926
0.008341
0.015399
0.076143
0.005555
0.003280
-0.013802
0.004660
-0.021990
-0.022589
-0.005676
0.014584
0.018574
-0.012656
-0.005670
-0.004571
-0.008573
-0.014603
0.008550
0.006550
0.015061
0.001842
-0.008646
0.000035
-0.006528
0.001543
0.004352
0.002316
-0.000078
0.007835
-0.024312
-0.000745
-0.011002
-0.004750
0.001106
-0.004143
0.009320
0.015569
-0.011698
-0.023089
-0.011253
-0.001902
-0.003931
-0.003733
-0.007309
0.001626
0.056912
0.087753
0.119124
-0.011210
-0.002738
-0.010126
-0.003594
-0.001056
-0.013776
-0.017525
-0.012679
-0.001964
-0.009779
-0.007451
-0.007516
-0.005508
-0.014334
-0.013667
-0.009712
-0.021594
-0.009813
0.008266
-0.011739
-0.007003
-0.014505
-0.010648
0.027300
-0.012516
-0.008177
-0.006057
0.027906
-0.004968
0.002945
-0.007707
0.000260
0.022606
-0.026070
-0.003850
-0.003164
0.062912
0.123870
0.102283
0.022783
-0.018613
0.018594
-0.005458
-0.025252
-0.009563
0.069069
-0.015473
0.033693
0.168310
-0.005590
0.000324
-0.021103
0.010302
-0.007089
0.033506
-0.008418
-0.005508
-0.004030
-0.004010
0.005968
0.019654
-0.013497
-0.000839
0.003410
-0.004034
0.014929
-0.001219
-0.005243
-0.005849
-0.004093
0.001467
0.005769
0.000409
0.001034
-0.014140
-0.002108
-0.000663
-0.011903
-0.010531
-0.008632
0.001671
-0.005859
-0.004283
-0.000466
-0.006091
-0.007404
0.013796
-0.005965
0.006983
-0.013237
0.000011
-0.010212
0.005614
-0.009830
0.008024
-0.019806
-0.010274
-0.009902
0.020743
0.010860
-0.012178
-0.001493
0.022608
0.009704
0.010527
0.000997
0.020594
-0.019705
-0.025400
0.005713
-0.014083
0.044179
-0.009084
0.021511
0.004001
0.022205
0.023455
-0.008693
-0.002706
-0.005762
0.008483
-0.011446
-0.003163
0.021347
0.048513
0.008509
0.010287
0.004264
0.013599
0.044879
-0.000488
0.000492
-0.001969
-0.002692
-0.004279
-0.014075
0.005771
-0.009005
-0.000830
0.029355
0.009918
0.015392
-0.009094
-0.003671
0.012334
-0.008508
-0.003918
-0.003495
-0.005580
-0.000100
0.016404
-0.008297
0.009057
-0.006501
0.015082
0.010057
-0.003003
-0.001889
-0.007056
0.012317
-0.007607
-0.003653
-0.016846
0.008980
0.006531
-0.001079
-0.001187
-0.020321
0.009637
-0.000413
-0.003666
0.010131
-0.014034
-0.000744
-0.011568
0.000387
0.004582
-0.005797
0.000994
-0.012398
0.000765
0.017319
-0.005804
0.000337
0.062497
-0.006041
-0.000297
-0.003659
-0.004087
-0.020803
-0.004516
-0.020696
0.000258
-0.005692
-0.003876
0.001245
-0.000447
-0.011251
-0.004573
0.015431
0.006143
0.018722
0.002888
0.040407
-0.002868
0.012012
-0.014145
-0.025924
0.003837
0.015298
-0.000584
0.001853
0.010288
0.004327
-0.017724
-0.004005
0.000978
-0.013046
-0.006069
0.005850
-0.013702
0.001055
-0.011145
-0.009082
0.030641
-0.017861
0.010941
-0.003730
-0.003957
-0.013820
-0.008487
0.020378
0.004366
-0.007037
0.006559
0.019226
0.001528
-0.008727
-0.005743
-0.002418
0.008186
-0.003756
0.000230
0.009981
-0.008695
0.005120
-0.003833
-0.009034
-0.004030
-0.006534
0.008363
-0.006377
-0.000272
-0.007097
0.055800
-0.010128
0.002246
-0.001806
0.005324
-0.002077
-0.014503
-0.008093
0.000454
-0.011247
0.032247
0.031889
0.020112
-0.015888
-0.014068
-0.008844
-0.020023
-0.004929
0.000462
-0.009195
0.050540
0.015821
0.001047
-0.005999
-0.008138
-0.004978
-0.001688
-0.004642
0.010282
0.044912
-0.001076
-0.019142
-0.003200
-0.020727
0.024612
-0.000652
-0.003884
-0.001321
-0.010573
-0.012508
0.017895
0.027962
0.008505
-0.021864
-0.019531
-0.000960
-0.004121
-0.023369
-0.005769
-0.014518
-0.005927
-0.006689
-0.012628
0.015834
-0.008108
0.013868
-0.011326
-0.002719
-0.006465
-0.006294
0.007898
-0.013980
-0.003591
0.001451
-0.008194
-0.010713
-0.000437
-0.006929
-0.004663
-0.010087
-0.016015
-0.010879
0.002372
0.009108
-0.011867
0.033640
0.002538
-0.002009
0.017163
0.005933
0.001800
-0.025375
0.006521
-0.008526
-0.004950
-0.002225
-0.010959
-0.001145
0.081050
0.016249
0.000238
-0.004138
-0.000033
0.019339
0.002529
-0.016289
-0.016772
-0.013109
0.002909
-0.002784
-0.020634
-0.017090
0.015880
-0.004097
-0.027284
-0.026967
0.022688
0.004584
0.000458
0.011202
0.000831
0.003053
-0.002575
-0.010998
-0.004358
0.019595
0.016051
-0.013249
-0.008087
0.035761
-0.000051
-0.001214
0.006833
0.002087
0.067435
0.027418
0.008151
0.002388
0.000152
0.003513
0.015816
-0.001125
0.003158
-0.010351
-0.003861
-0.000919
-0.007002
0.013459
-0.005980
0.047125
0.017496
-0.011673
-0.022146
-0.008820
0.017053
0.004318
-0.007926
-0.009303
-0.014445
-0.005103
-0.017909
-0.000867
-0.003917
0.050649
0.006814
0.062341
0.033793
0.140617
0.098734
-0.013996
0.010188
-0.012118
-0.004433
-0.011537
-0.006980
0.012401
0.006513
-0.007301
-0.002454
0.009467
0.004709
-0.016035
-0.004823
-0.018754
-0.014222
-0.008799
0.008877
-0.018740
-0.005683
-0.029605
-0.000493
-0.000913
-0.018269
-0.002198
-0.008853
0.009615
0.032212
0.000617
0.021567
-0.008629
-0.007018
0.048727
-0.003018
-0.003845
-0.013207
-0.003174
-0.004582
-0.006346
0.008158
-0.012722
-0.013859
0.035330
-0.008595
-0.003884
-0.019404
-0.000401
0.007338
-0.012717
-0.013199
0.013485
-0.025619
-0.004619
0.003743
0.014389
0.006784
0.016434
0.006901
-0.009175
0.000888
0.006531
-0.002445
0.101019
-0.013237
-0.003067
-0.008733
-0.036949
-0.010773
-0.001676
-0.006002
0.007705
0.021173
0.003373
-0.001863
-0.003411
-0.012174
0.010971
-0.020256
-0.010764
-0.010513
0.070763
-0.008706
-0.010483
0.023869
0.015696
0.006428
0.017014
0.005753
-0.003273
0.000092
-0.002737
-0.010105
-0.008363
0.001726
0.001987
0.061375
0.004694
-0.004688
-0.007874
-0.005479
-0.006670
-0.009236
-0.011309
-0.006906
0.006536
-0.009585
0.006134
-0.002880
-0.001122
-0.018528
0.008200
0.005451
-0.005823
-0.013261
0.022957
0.000559
-0.005515
-0.004822
0.005310
-0.011271
0.001093
-0.004621
0.006942
0.011563
0.025242
-0.007958
-0.033702
0.003958
0.011960
-0.008566
-0.052495
0.011931
0.021686
0.024248
0.029675
0.000337
-0.021080
-0.015615
0.015917
-0.006151
-0.018732
-0.001469
0.003292
-0.005351
-0.007307
-0.010371
0.005680
0.010572
-0.001179
0.002461
-0.006351
0.002738
-0.008652
-0.017441
-0.007534
-0.007604
-0.006721
-0.008803
0.010968
-0.012989
0.005221
0.005370
-0.002041
-0.000548
-0.005663
-0.004623
-0.014720
-0.015503
0.012858
-0.003460
-0.002168
-0.007696
-0.015512
0.029749
-0.011068
-0.016725
0.009586
-0.004666
-0.026818
0.042487
0.007909
0.037733
0.022983
-0.008228
-0.020185
0.000164
-0.017810
-0.003415
0.015662
0.005699
-0.006989
0.002044
-0.009853
0.003958
-0.003099
-0.003867
0.024263
-0.008685
-0.006477
-0.009424
0.003980
-0.007749
-0.011109
-0.011590
0.029810
0.041446
-0.021501
-0.005546
-0.016604
-0.011352
-0.016000
-0.011602
-0.003422
0.009734
-0.003493
0.007510
-0.004231
0.012793
-0.003219
-0.000924
0.001169
-0.015947
0.054981
-0.013376
-0.006241
-0.011465
-0.020036
-0.010478
-0.008605
-0.001350
-0.011875
-0.016132
0.033076
0.002090
0.034454
-0.000419
0.012155
0.011156
-0.011239
-0.001959
-0.009872
-0.004406
-0.007591
0.005696
-0.004588
0.021279
0.025491
-0.015831
-0.027422
0.011840
0.024574
-0.007770
-0.005057
-0.001928
0.000379
0.009388
0.025330
0.029296
-0.001618
-0.005774
-0.009476
-0.006067
-0.010599
-0.000956
-0.000631
0.028127
-0.004243
-0.010758
-0.019954
0.010486
0.000961
-0.007463
-0.004578
0.004166
-0.003657
-0.006260
-0.014231
-0.002841
0.000612
0.031367
0.001328
-0.012036
0.020465
-0.015605
0.004022
-0.006719
-0.016448
0.003363
-0.001625
-0.020126
0.000144
-0.005808
0.007447
-0.014311
-0.012482
-0.004931
0.001298
-0.035681
0.004386
0.006328
-0.004728
0.015651
0.030492
0.003197
0.019646
-0.005707
-0.006604
-0.002272
-0.037612
-0.022855
-0.027745
-0.029946
0.004216
-0.005081
-0.003353
0.004483
-0.011726
-0.019822
0.013897
0.002022
-0.010945
-0.003512
0.056769
-0.001709
0.023263
0.084590
0.001499
0.004411
-0.019251
0.037088
0.015493
-0.011208
0.001057
-0.011950
-0.000639
-0.000435
-0.001081
-0.008343
0.003513
-0.023726
0.005798
0.004775
-0.006930
-0.003990
0.015141
-0.000115
0.002283
-0.016539
0.076268
-0.015281
-0.015704
0.016082
0.004543
-0.020393
-0.005537
0.053462
-0.000802
-0.014611
0.040200
0.014459
0.004728
-0.013991
-0.013974
-0.011670
-0.000947
-0.010374
-0.009813
-0.043596
-0.013839
0.005081
-0.019995
0.000719
-0.007624
-0.000812
-0.009086
0.006602
-0.002232
-0.012034
-0.002946
-0.002286
0.012369
0.000378
-0.007604
0.028079
0.024067
-0.007517
-0.008148
-0.021835
-0.013984
0.012593
-0.005400
-0.009549
-0.003580
0.002415
-0.006462
0.006999
-0.030641
-0.002642
0.014051
0.001217
0.013943
0.044953
-0.005994
0.018065
0.008159
-0.018576
-0.003465
-0.002787
-0.004370
0.022699
-0.005336
0.003468
0.006442
-0.009199
0.019193
-0.006749
-0.001523
0.006348
-0.015688
-0.010089
0.002194
0.001547
0.024005
0.093448
0.037151
0.001533
-0.008886
0.024641
0.000675
-0.005710
0.008500
-0.007594
-0.004438
0.001522
0.000269
-0.011566
-0.005429
-0.025853
-0.016348
-0.009419
0.006479
0.003987
-0.018222
-0.007795
-0.008701
0.024624
-0.007587
-0.019204
0.005302
-0.003953
0.036055
-0.016223
-0.021363
-0.019648
-0.001098
-0.009049
-0.005330
-0.018973
0.054166
0.017394
-0.013721
0.032905
-0.013007
-0.013052
-0.002230
-0.009146
-0.010650
0.014742
-0.005640
0.014134
-0.013579
-0.012499
-0.011723
-0.010667
-0.011312
-0.010982
-0.009052
0.012383
-0.014939
-0.000465
-0.004748
0.025703
0.010999
0.017042
-0.009196
-0.009798
0.018708
-0.000876
0.028281
-0.000780
-0.001097
0.004667
0.024541
0.014979
-0.005718
-0.001056
-0.015524
-0.002980
-0.002477
-0.005321
0.027495
-0.003636
-0.004550
-0.017614
-0.009957
-0.020517
-0.020635
0.046152
-0.002135
-0.009726
-0.013189
0.008908
0.020508
0.003477
0.005516
-0.008306
-0.000179
0.009688
-0.004320
-0.007560
-0.013472
-0.003789
-0.008615
-0.004561
0.010446
0.005076
-0.014373
-0.008235
0.001691
-0.008077
0.001856
0.028999
-0.002573
0.001741
0.027949
0.000187
-0.007075
0.044235
-0.002848
-0.011904
0.002090
0.015359
-0.011663
-0.022050
-0.002910
0.017758
-0.003962
0.005361
0.007161
-0.003913
0.007664
0.008122
-0.021051
-0.003597
0.003783
0.009981
-0.009697
-0.003626
-0.006727
-0.002362
-0.015152
0.010462
-0.011609
-0.002321
0.020059
-0.009147
0.003813
-0.016887
-0.013975
0.054010
-0.001400
-0.000621
-0.016138
-0.015832
0.011071
0.012119
-0.022618
-0.011948
-0.025274
0.031003
0.000046
-0.013647
-0.008787
-0.003275
-0.008653
-0.007010
-0.004049
-0.001967
-0.006593
0.005932
0.002007
-0.023306
-0.006873
-0.010134
0.016714
0.007457
-0.009828
-0.000484
0.001290
-0.003420
0.024759
-0.002666
-0.005073
0.008097
0.002713
0.004675
0.026104
-0.005280
0.006800
-0.010957
0.005060
-0.003855
0.000896
-0.017960
0.042861
-0.003286
0.018499
0.025696
-0.071561
-0.012576
-0.007519
-0.005510
0.006444
-0.019844
0.002540
-0.008651
-0.002011
0.008634
-0.008263
0.005419
-0.009049
-0.010738
0.008748
-0.009213
-0.009493
0.055802
0.083699
-0.014209
-0.007378
0.001898
-0.013361
-0.003062
-0.010203
-0.004389
-0.006729
0.003154
0.023689
0.000511
-0.006030
0.004344
-0.003552
0.005158
-0.008395
-0.005911
-0.007615
0.018347
-0.003857
-0.000665
-0.001971
-0.000504
-0.006629
-0.002697
0.000749
0.004828
0.004934
0.001321
-0.015881
0.000714
-0.003190
0.009150
0.003315
0.004076
-0.011834
0.038539
0.009055
0.006351
-0.011009
0.001214
-0.009830
-0.000573
0.009294
-0.004527
0.011741
-0.015112
-0.003602
-0.012139
-0.018938
0.041925
0.003627
-0.027075
0.002707
-0.013769
0.010086
-0.000901
-0.006790
-0.014130
0.004345
0.020509
-0.016451
-0.005259
-0.012881
0.005792
-0.001130
-0.008035
0.000772
0.032344
0.086155
0.001563
-0.015403
-0.005092
-0.004261
0.029281
0.001901
0.036697
0.002695
-0.006304
0.012073
-0.004651
-0.002304
-0.006464
-0.001792
-0.009972
-0.004901
-0.000330
-0.010863
0.011005
-0.015317
-0.009688
0.025457
0.010186
0.007298
-0.004520
-0.016862
0.010165
-0.002261
0.004336
0.049792
-0.001280
0.018157
-0.000163
-0.023494
-0.016065
-0.007842
0.001965
0.019024
-0.019143
-0.008097
-0.010873
0.025825
0.161939
-0.007362
-0.005141
-0.005272
0.023795
0.005843
0.009004
-0.006079
-0.006183
0.002032
-0.014214
0.002689
-0.005001
-0.008685
-0.011144
0.002333
-0.009487
-0.019167
0.006749
-0.001374
-0.009105
-0.001697
0.032827
-0.015412
-0.008525
0.074003
-0.023227
0.000495
0.019389
0.001467
0.020683
-0.006177
-0.006795
-0.010011
-0.008573
-0.034173
-0.008480
0.011683
0.041254
-0.035560
-0.027271
0.030722
0.058312
-0.007944
-0.008419
-0.012257
-0.011467
-0.008573
0.001457
0.002001
-0.002210
-0.020757
-0.000800
-0.008997
-0.020537
-0.011086
-0.012590
-0.002661
-0.018281
-0.005260
-0.000611
-0.016166
0.018828
-0.005385
-0.009936
-0.035510
-0.013653
-0.001125
-0.007712
-0.001242
0.001735
-0.021818
-0.023849
-0.000941
-0.004856
0.002106
-0.012200
-0.007768
-0.017847
0.017426
0.014099
-0.014656
0.040457
-0.001484
-0.021226
-0.015313
0.000266
0.143578
0.026475
-0.005836
-0.000106
-0.005373
0.004124
-0.002023
0.013401
-0.001685
-0.025598
-0.007627
-0.006968
-0.014107
0.008610
-0.017217
0.043627
0.000955
-0.007500
-0.005083
0.001152
0.001085
-0.012777
-0.011470
-0.001071
-0.007412
-0.004355
-0.012693
-0.011539
0.004207
0.029041
-0.007297
0.009931
0.007563
-0.010129
0.004913
-0.011023
0.020909
-0.007386
0.023005
0.063839
0.034235
-0.006435
-0.002984
-0.007713
-0.005862
-0.004656
-0.010304
0.000507
0.018826
-0.002080
-0.019871
-0.008276
0.002784
-0.027930
-0.002819
0.013222
-0.004394
0.000114
-0.011146
-0.000267
-0.008736
-0.016929
-0.012868
0.008906
0.022352
-0.015314
0.037847
-0.000359
0.039089
-0.007914
-0.000780
-0.012724
-0.014228
-0.009003
-0.002095
-0.017366
0.048493
-0.006173
0.046270
-0.007743
-0.010128
-0.006826
-0.000773
-0.000675
0.004407
0.009433
-0.005331
0.004572
-0.006715
-0.004306
0.009212
0.005335
-0.000811
0.033548
0.000080
-0.004859
0.037307
0.023576
-0.006078
-0.017155
-0.000512
-0.014058
0.006521
0.038918
-0.015152
-0.000526
-0.010681
-0.008095
-0.002791
-0.024333
-0.015032
-0.005966
-0.000485
-0.009955
-0.002666
0.002226
0.007318
0.024563
0.003295
0.001441
-0.024262
0.014304
0.002433
-0.010249
-0.008276
0.008752
-0.003610
-0.006217
-0.007600
-0.000145
-0.021709
-0.008086
-0.007566
-0.021931
0.019412
-0.019865
0.003271
-0.005708
-0.009010
-0.005309
0.008849
0.000035
0.001836
0.044047
-0.003871
-0.005724
-0.000747
-0.003084
0.017556
0.015703
0.162694
-0.012138
0.013158
-0.003452
0.007907
-0.010005
-0.016681
-0.003713
-0.007843
-0.000585
-0.009493
-0.001874
0.001588
-0.003205
0.009986
0.021277
-0.007773
-0.003128
-0.014594
-0.003551
-0.004007
0.002798
-0.000918
-0.007265
0.008835
-0.012881
-0.011054
0.002600
-0.009743
-0.002424
-0.011703
0.004494
0.000689
-0.000290
0.032881
0.004993
0.002397
-0.007768
-0.005763
0.010801
0.054568
0.007340
0.011326
-0.008248
-0.008088
-0.000905
-0.005389
-0.000641
0.015341
-0.003733
0.000865
0.007806
0.011297
-0.003579
0.004021
0.001142
0.009198
-0.002021
-0.012152
-0.012417
-0.002219
-0.007341
-0.005194
-0.013245
-0.000123
0.102894
-0.024043
0.003813
-0.004158
-0.022226
-0.000633
0.009033
0.025872
0.010235
-0.007516
-0.005812
-0.004308
-0.005565
-0.012688
0.001172
-0.017443
-0.002765
-0.011943
0.000089
-0.010993
0.008973
0.049000
-0.008402
-0.001240
-0.009567
0.001752
0.011728
-0.001504
-0.016280
-0.003266
-0.019755
-0.005689
0.001187
0.002487
0.016869
-0.004433
-0.006426
0.021000
0.003742
0.005668
-0.001378
-0.012764
0.008406
0.016901
0.017567
0.022503
-0.003912
0.000389
-0.014211
0.013945
0.031621
-0.021550
0.012486
0.032568
0.002127
0.020871
0.013343
-0.007309
0.013579
-0.002537
0.003438
0.006889
0.069936
-0.012184
-0.010751
-0.001988
0.005872
-0.014639
0.012766
0.015830
0.030260
0.018441
-0.001672
-0.003354
0.006088
0.010503
-0.006879
0.025392
0.046855
-0.005825
0.013194
-0.006706
-0.002106
-0.011588
-0.001422
0.011898
0.019819
0.006060
-0.002906
-0.013294
0.017775
-0.010004
-0.004120
0.016949
-0.029893
-0.015337
0.010822
-0.013542
0.012704
-0.012434
0.001054
-0.002000
-0.004445
0.003737
-0.012033
0.008021
-0.003842
0.002500
0.013091
-0.000938
0.006083
-0.003510
-0.011491
-0.009262
-0.012491
-0.040208
-0.011465
0.005222
-0.015695
0.018894
-0.006111
-0.010951
-0.001360
-0.000783
-0.004742
-0.005564
-0.005538
0.012758
-0.004785
-0.007468
-0.003555
0.012449
0.002847
0.001438
-0.005537
-0.020129
-0.003969
0.011746
-0.013347
-0.009219
-0.009080
-0.013252
-0.010238
0.003458
-0.011830
-0.011439
0.011913
-0.007975
-0.003855
-0.013571
0.102129
-0.009692
0.006760
-0.012720
0.018234
-0.001529
-0.007443
-0.010244
0.021806
0.010376
-0.014246
0.003448
-0.012416
-0.001562
0.003288
0.005198
-0.004605
0.002246
-0.007153
-0.005144
0.007638
0.008514
0.032564
-0.010174
0.014170
-0.021590
-0.004586
-0.004503
0.006597
0.004723
-0.014538
-0.013849
-0.005966
-0.008491
-0.000975
-0.003389
-0.009991
0.016387
0.002927
0.017516
0.016980
-0.026099
0.019973
0.004534
-0.003789
-0.004980
-0.007622
-0.005099
0.000389
-0.002105
-0.004449
0.013561
-0.008926
-0.012195
-0.011003
0.018573
-0.009487
-0.003618
-0.007431
-0.025464
-0.022082
-0.016261
0.009092
-0.008290
-0.005952
-0.003777
0.001800
-0.014274
-0.007700
-0.002076
-0.009224
-0.005152
0.000945
0.004025
-0.006085
-0.005257
-0.005198
-0.002574
-0.011744
0.014874
-0.001679
-0.010202
0.014156
-0.013894
0.017796
-0.003999
-0.007608
-0.000936
-0.000777
-0.005830
0.034055
-0.004295
0.004270
-0.004918
0.000800
-0.010141
-0.016977
0.008767
0.010248
-0.005713
-0.014158
0.015691
-0.023694
0.013254
-0.015177
-0.008055
-0.014575
-0.015040
-0.011718
0.001072
0.010179
0.006115
-0.011653
0.007986
0.000220
0.006772
-0.001529
0.007341
-0.004124
-0.018410
0.029131
0.017118
0.007351
-0.000884
0.003048
-0.011305
-0.066594
-0.011116
-0.017064
0.000519
-0.000933
0.000781
-0.009065
0.000155
0.007860
0.009651
0.008733
0.008689
0.012040
-0.010941
0.031070
-0.007491
0.005058
0.008498
0.013241
-0.003035
0.018474
0.050325
0.008656
0.000821
-0.001226
-0.017403
-0.000730
0.007569
-0.015921
0.003287
-0.006643
0.009459
-0.017344
-0.002845
-0.010381
-0.027435
0.049554
-0.001112
-0.007408
0.000767
0.004778
-0.002912
0.002816
0.002364
-0.000730
-0.001879
-0.006827
0.002606
-0.012885
0.001162
-0.014167
0.019473
0.007032
-0.007052
0.001092
-0.012734
0.017974
0.022002
0.003137
0.008691
-0.003995
-0.008059
0.012171
0.000624
-0.003078
0.018975
0.003447
-0.005877
-0.008188
0.026873
-0.000902
0.045074
-0.012971
-0.002275
0.020009
0.039570
0.010775
-0.011683
-0.015184
-0.001467
0.004983
-0.001943
-0.004010
-0.013940
0.001537
0.018075
-0.008076
-0.004710
-0.005331
-0.006250
-0.002588
-0.002277
-0.015403
-0.005428
0.004831
0.004047
-0.005098
0.011472
0.011885
-0.014055
0.000268
0.012495
0.006016
-0.010641
-0.009225
0.055046
0.000940
-0.008569
-0.013408
-0.008253
0.004222
0.021152
0.012410
0.009480
-0.005953
-0.012439
-0.066308
-0.047147
0.017869
-0.090408
-0.037670
-0.004085
-0.019191
-0.006051
-0.000391
0.000338
-0.007170
0.005827
0.014027
-0.003966
-0.002824
-0.001419
-0.096872
-0.078591
-0.064493
-0.002792
0.001803
0.004359
-0.023583
-0.011908
0.032750
0.016994
0.006933
-0.012637
0.001167
0.009419
-0.007637
-0.007910
0.061366
-0.022487
-0.001986
-0.011841
0.008289
-0.014497
-0.002660
0.005285
-0.006727
0.004810
0.019327
-0.013129
-0.013616
0.008633
0.011668
0.000936
-0.007480
-0.008015
-0.001298
-0.002458
-0.004244
0.013550
0.002893
-0.028314
-0.003504
-0.003650
0.015044
-0.003840
-0.006942
0.004283
-0.025007
0.005328
-0.005876
0.021372
-0.005553
0.015872
0.012934
-0.007004
-0.016740
0.011892
0.022959
-0.014199
0.008146
-0.000942
-0.011602
0.030453
0.023822
-0.012750
0.003340
0.003670
-0.014068
0.007853
-0.003059
-0.002678
0.000418
0.001058
-0.005527
0.002315
0.005894
-0.006646
-0.003056
-0.007682
-0.005040
-0.000166
0.018048
-0.001479
-0.012295
0.004226
-0.004030
0.007393
-0.000438
-0.004672
0.002513
-0.004546
0.015191
0.012684
-0.011877
-0.011500
0.003602
-0.007221
-0.003015
-0.004174
0.000308
-0.001266
-0.002108
0.005327
0.018869
0.000572
-0.007330
-0.004225
-0.004287
-0.010036
-0.014565
0.051147
-0.014240
0.014290
-0.003391
-0.014064
0.015628
-0.006228
-0.003600
-0.004987
0.012352
-0.009081
0.006378
-0.015385
0.012986
-0.001697
-0.014466
0.009172
-0.008023
-0.010695
-0.013944
0.004372
-0.003817
0.002848
-0.017789
0.002614
-0.006921
-0.020525
-0.004271
0.010271
-0.003111
0.018111
-0.002750
-0.002321
-0.000796
-0.006489
0.001245
0.044964
-0.014213
-0.004833
-0.004998
0.003186
0.007564
-0.004426
-0.011712
-0.012856
-0.008266
0.016420
-0.001962
0.001655
-0.026794
0.013730
-0.006115
-0.014629
-0.003817
-0.005752
-0.003687
-0.009538
0.007443
0.005837
-0.002088
0.015068
0.010713
-0.023340
0.023406
-0.003647
-0.022395
-0.011987
0.046933
-0.034461
-0.006688
-0.001305
-0.011561
0.066502
0.000086
-0.007721
-0.009426
-0.009812
-0.013196
-0.025116
0.020928
-0.000156
0.024930
-0.007651
0.016846
-0.014961
-0.001652
0.008625
-0.010837
-0.019912
-0.005474
0.004514
-0.001166
0.009394
-0.011538
-0.000333
-0.007518
-0.007977
0.005511
-0.011449
-0.016092
-0.013880
-0.011482
-0.002769
0.000019
-0.016866
-0.008200
-0.016466
-0.004201
0.008712
-0.012857
-0.007510
-0.003923
-0.025353
-0.000518
-0.008681
0.011054
-0.012852
-0.009289
-0.008255
-0.004301
-0.018745
0.002149
-0.009837
-0.012543
-0.013939
0.002929
0.000566
-0.007490
0.019421
0.008218
-0.006981
-0.005119
-0.010608
-0.006273
0.003601
-0.006695
-0.001773
0.000245
-0.009575
-0.004097
0.007099
-0.003691
-0.014680
0.019891
-0.012371
-0.007043
0.006723
-0.006498
0.011597
-0.001055
0.015702
-0.011090
0.003497
-0.015033
0.007698
-0.003323
0.012341
-0.006173
0.028753
0.016908
-0.013500
-0.007254
0.016147
-0.004060
-0.016247
0.001256
-0.022637
-0.002651
-0.015210
-0.013942
0.022110
0.011950
-0.011774
0.004016
0.029450
-0.008497
0.043575
-0.010235
-0.018665
0.091788
0.001206
0.019415
-0.004989
0.004094
-0.006248
0.003857
-0.003124
-0.009117
0.000301
0.003987
0.022470
0.005284
-0.008423
0.117473
-0.000422
-0.003308
-0.006392
-0.000410
-0.023279
-0.013422
-0.016227
-0.027787
-0.007448
-0.008609
-0.005459
-0.008626
0.034955
-0.007779
-0.008914
0.008567
0.001102
-0.000255
0.001595
-0.001170
0.058094
0.045416
-0.011309
-0.001219
-0.005807
-0.006716
-0.018073
-0.002752
-0.006593
0.019410
-0.007008
-0.014820
-0.007817
-0.013053
-0.008721
0.001782
-0.000081
-0.009155
-0.015376
-0.000325
-0.008514
-0.003486
0.000112
-0.012160
-0.004842
0.003724
-0.009353
0.019287
-0.019199
0.019190
-0.008833
0.015317
0.027210
-0.005184
0.001722
0.008217
0.008964
-0.010294
0.005756
-0.010431
-0.012270
0.003423
0.000477
-0.017036
-0.007641
0.000616
-0.017199
-0.006437
-0.002027
0.000003
0.056308
-0.015743
-0.015656
0.019838
-0.010527
0.018202
0.002559
0.006326
0.001255
-0.019805
0.013226
-0.017501
0.000110
-0.002967
0.002467
0.022647
-0.010715
-0.009000
0.012800
-0.007874
-0.006406
-0.009704
0.025189
-0.001590
-0.010411
-0.008587
0.027510
-0.002932
-0.007253
-0.011222
-0.008220
-0.012494
0.008009
0.000590
0.011220
-0.005765
-0.006254
0.017328
-0.009065
-0.000327
0.000197
-0.011089
-0.002605
-0.001183
-0.009683
-0.008460
-0.019879
0.042716
0.000182
0.008278
0.039061
0.010893
-0.002720
-0.014981
-0.013112
-0.012290
-0.006349
0.021041
0.010761
-0.002900
0.027094
-0.006454
-0.012882
-0.007797
-0.004946
0.013284
-0.000417
0.001030
0.018695
0.065441
-0.002330
-0.014959
-0.002924
0.059959
-0.005120
-0.002207
-0.001279
-0.008445
0.008507
-0.009004
-0.013237
-0.005709
-0.003937
0.031803
0.014642
-0.005356
-0.013252
-0.008195
-0.012275
-0.015964
-0.009377
-0.006154
0.007827
-0.007244
0.013843
0.011640
-0.009600
0.025531
-0.006895
-0.000527
-0.010058
0.000916
-0.009104
-0.006535
0.010008
-0.001058
0.034093
-0.006303
-0.015269
-0.011675
0.005245
-0.016417
0.009393
0.014219
-0.005229
0.008361
0.007829
0.013041
-0.030528
-0.007767
-0.005886
-0.022996
-0.010499
0.000479
-0.005320
-0.008683
-0.011758
0.013635
0.005840
-0.009402
-0.002357
-0.020224
-0.020930
-0.016659
0.025121
0.022404
-0.003136
-0.012311
-0.008862
0.001458
0.028568
-0.013334
-0.010264
0.005499
0.000137
-0.014606
0.002900
-0.012168
-0.005130
-0.022409
-0.007208
0.008458
0.034192
-0.004142
0.000799
-0.012946
0.016067
0.007285
-0.004478
0.007078
-0.014994
-0.028066
-0.000402
-0.021484
-0.008450
-0.000272
-0.002718
0.006267
-0.027101
-0.030378
0.023575
-0.003437
-0.014204
0.017020
0.002823
-0.018212
-0.014932
-0.012733
-0.012810
-0.008507
-0.002477
0.025173
0.023744
-0.007440
-0.001985
-0.014008
-0.000757
-0.015628
-0.031473
-0.017904
-0.023941
-0.021390
-0.003811
-0.016851
-0.010238
-0.025361
0.010223
0.018393
0.013914
0.001671
0.007704
-0.009748
-0.019226
-0.019390
-0.001046
-0.017836
-0.004426
-0.009520
-0.002895
-0.004028
0.021957
0.011059
0.011177
-0.020344
-0.015907
-0.010068
-0.011044
-0.008662
0.005373
-0.008443
-0.004165
-0.021012
-0.007914
0.047260
-0.005325
0.003708
-0.035380
-0.014136
-0.004953
-0.007684
-0.011346
-0.014737
-0.007569
-0.001995
-0.002666
0.003904
-0.011533
-0.009740
-0.017213
0.005626
-0.012927
-0.013055
-0.012797
-0.005836
-0.001541
0.000325
0.007200
0.007980
-0.000350
0.025291
-0.001965
0.028469
-0.005018
0.013052
-0.011390
-0.006704
-0.008567
0.004370
0.009409
0.000304
0.000439
-0.019755
0.000678
0.000077
-0.000051
-0.005221
-0.018357
-0.012146
-0.008490
-0.003221
-0.011895
-0.003200
-0.000047
-0.007356
-0.002367
0.053412
-0.022782
-0.023683
-0.008287
-0.004254
-0.001807
-0.006413
-0.005855
0.016721
0.019118
-0.013163
0.008923
-0.008131
-0.001986
-0.007224
-0.003904
-0.007692
-0.007687
-0.000933
0.007634
-0.002731
0.004470
0.077866
-0.005655
0.000783
0.009186
-0.005058
0.037801
0.001638
-0.009378
-0.008172
-0.016659
-0.008047
0.002756
-0.005999
-0.002832
0.001635
-0.000936
-0.016879
0.002827
0.013620
0.020542
0.013040
-0.012968
-0.014167
-0.002666
-0.009956
0.004598
-0.009167
0.012807
-0.001193
0.011217
0.002889
-0.006652
-0.025046
-0.001280
0.002152
-0.005901
0.011188
0.015099
-0.012603
0.018414
-0.009875
-0.004142
-0.029592
-0.004652
0.002328
0.010931
0.036367
-0.008567
-0.016742
-0.014759
-0.002498
0.000742
-0.008863
-0.012468
0.006340
-0.008099
0.005914
0.003723
0.003439
-0.000215
-0.004491
0.094531
-0.002846
-0.013128
0.000372
0.025047
0.014275
0.009433
0.008472
-0.004802
-0.004360
-0.005451
0.004352
0.021133
-0.018285
-0.002718
0.008024
0.017863
0.029293
-0.013511
0.004298
-0.014045
0.001608
-0.007186
0.007283
-0.001635
-0.005652
-0.015270
-0.006497
-0.012813
-0.003609
0.017223
-0.009756
0.020829
0.004296
-0.012404
-0.001727
0.001037
-0.007481
0.003065
0.007424
-0.001974
-0.012048
-0.013297
-0.007085
-0.013145
0.013271
0.013086
-0.003866
-0.002808
0.012788
0.007057
-0.013574
-0.008401
-0.005789
-0.016980
-0.006054
0.014710
0.000861
0.001615
-0.010463
-0.022240
-0.016202
-0.011992
0.023687
-0.013854
-0.000373
-0.005006
-0.021892
-0.003726
0.015959
-0.011337
0.025377
-0.005267
-0.004231
0.002211
-0.020692
-0.003509
-0.000744
0.004628
-0.003757
0.003958
0.007990
0.014109
0.016063
-0.005787
0.000371
0.012329
0.029255
-0.004973
-0.011657
-0.012332
-0.003120
-0.006999
0.019867
0.003979
0.014986
-0.007413
-0.000696
0.000081
0.020905
-0.003196
-0.003195
-0.011750
-0.012288
-0.000730
-0.009953
-0.008276
-0.006062
0.028621
0.004797
0.007713
-0.005477
-0.000560
0.006939
0.026635
0.021232
0.013761
0.018506
0.009637
-0.009420
-0.024577
0.007095
-0.001043
-0.008853
-0.015587
-0.008815
-0.014774
0.005924
-0.003223
0.006395
0.005459
0.005815
-0.011634
-0.006488
0.000360
0.007506
-0.018280
-0.011939
0.000098
0.015688
-0.013906
-0.001073
0.000188
-0.013052
-0.006357
-0.003852
-0.004673
-0.010482
-0.014466
-0.002055
-0.004450
0.003687
0.002558
-0.016882
-0.015441
-0.006981
0.000776
-0.000075
-0.001875
-0.004951
0.001189
-0.005607
-0.014764
-0.001269
0.034428
-0.018487
-0.003072
-0.004189
-0.004217
-0.021858
0.008519
0.005805
-0.024187
0.021884
0.026683
-0.012583
-0.008698
-0.002153
-0.000858
0.003537
-0.002883
0.051906
0.007806
-0.001739
-0.007138
0.022113
-0.010259
-0.012919
0.008607
-0.013883
-0.002567
-0.000395
0.001021
-0.010630
0.010744
0.000962
0.000258
-0.007473
0.017718
-0.011521
0.023104
0.012762
-0.016654
0.023203
-0.004651
-0.000265
-0.006457
-0.004413
0.013749
0.049206
0.024158
-0.012799
0.013404
-0.012665
0.009195
-0.008627
-0.003824
-0.022310
-0.009517
-0.005419
-0.007374
-0.017961
-0.008154
-0.020831
0.038088
0.013927
-0.002190
-0.003369
0.005974
-0.023675
-0.006347
-0.008890
0.028580
-0.007767
0.001123
0.006679
-0.004194
-0.004999
0.002515
-0.014353
0.006472
0.012657
-0.016152
-0.019623
0.052715
0.003703
0.034539
-0.013475
0.000152
0.012728
0.009910
0.003720
0.019940
0.006605
0.011860
-0.010081
0.005741
-0.011162
0.001863
-0.011677
0.000737
0.002931
0.007684
-0.012675
0.015617
0.006019
-0.004241
-0.000106
0.002526
-0.004005
0.001228
-0.020686
0.079723
-0.005722
-0.005678
-0.000715
-0.004833
-0.009880
0.046871
0.128276
0.122335
0.010105
0.001624
-0.005455
0.005697
-0.008921
-0.014156
-0.005201
0.025680
-0.002540
0.028314
-0.003890
-0.010672
-0.008046
-0.004169
0.001692
-0.000058
0.012214
-0.011614
0.009721
-0.006881
-0.009812
-0.000149
-0.010840
-0.002280
0.002092
-0.008470
-0.023543
0.015200
0.015918
0.017027
0.005891
-0.000686
-0.006143
0.000910
-0.012111
-0.003229
-0.002351
-0.004749
0.023573
0.043696
-0.001208
0.000191
-0.002378
0.010556
-0.002549
-0.003098
-0.002246
-0.004958
-0.000869
-0.010114
-0.023665
-0.003531
-0.004469
-0.012420
0.016131
0.001297
0.022660
-0.018853
-0.011468
-0.009125
0.004063
-0.011411
-0.007779
-0.010389
0.011784
-0.004931
0.002437
-0.011664
-0.006828
0.014360
0.022048
-0.001173
-0.012388
0.010761
0.001032
-0.019005
0.035801
-0.011872
-0.007722
0.001652
-0.017515
-0.003958
-0.003991
-0.007846
-0.005754
-0.001733
-0.000874
-0.001999
-0.000380
-0.019678
-0.003748
-0.005152
-0.016129
0.038187
-0.006191
-0.001135
0.015328
0.005710
-0.007063
-0.009949
-0.017612
0.021466
0.011001
-0.008796
0.020073
-0.011196
-0.001476
-0.010046
-0.016128
-0.019217
0.002795
-0.008268
0.004684
-0.014177
0.017749
0.005944
-0.005159
-0.001802
-0.009854
-0.015699
-0.005131
0.003846
-0.016943
0.048017
-0.004486
0.000507
-0.022968
-0.002905
-0.001494
-0.006400
-0.003698
-0.006587
-0.007792
-0.009023
-0.012956
-0.001826
-0.002635
-0.001516
-0.018543
-0.002928
-0.006848
-0.012474
-0.000116
-0.017834
-0.002981
-0.015693
-0.002821
-0.018198
-0.010595
-0.006493
0.002124
0.012081
0.001027
0.007343
0.007065
-0.008653
-0.010319
-0.002193
-0.000402
0.005615
-0.004796
0.005575
0.000535
0.004949
-0.007127
0.004712
-0.019428
-0.009569
0.001651
0.013654
-0.003089
0.002011
-0.007647
0.196224
0.067584
0.069409
0.018577
0.001225
-0.015126
-0.007345
0.018806
-0.002141
-0.002712
-0.008069
-0.007007
-0.006177
-0.002239
-0.022113
-0.006048
-0.003126
0.002777
-0.008723
0.016106
-0.018563
0.011008
-0.010118
-0.018961
0.033535
0.009793
0.000984
0.009186
0.001912
0.026697
-0.002923
0.004193
0.004157
-0.002170
-0.007491
-0.005418
0.034598
-0.013160
-0.006325
0.016563
0.007929
-0.006863
0.022913
-0.004313
-0.005094
-0.007775
0.010857
0.003694
0.023787
-0.000750
-0.006688
-0.007199
-0.010614
-0.012716
-0.001916
0.014133
0.000575
-0.001730
0.015864
0.000380
0.028162
-0.009472
-0.001369
0.001261
-0.011087
0.005745
-0.000759
0.028401
-0.001053
0.012057
-0.009013
0.000421
0.001743
-0.002736
0.051622
-0.033897
0.001104
-0.003119
-0.007580
0.012368
0.001061
-0.009087
-0.001935
-0.015612
-0.014424
-0.010251
-0.006254
0.007287
0.023921
0.002031
-0.024926
-0.010582
-0.003855
-0.022928
-0.003871
-0.007652
-0.012548
-0.005484
-0.004240
-0.006586
-0.027796
-0.003369
-0.003221
-0.010365
-0.011143
0.003107
0.001554
0.015015
-0.001345
0.001139
0.000216
-0.015232
-0.002666
0.015809
0.020816
-0.000421
-0.003626
-0.006372
-0.011956
-0.005144
0.017963
-0.014388
-0.009564
-0.005096
-0.010720
0.003899
-0.007817
-0.006209
-0.016491
-0.001230
-0.004913
-0.004914
0.011859
0.105294
-0.003902
-0.009652
-0.009414
0.006348
-0.013044
-0.003714
0.025156
-0.009914
0.009616
0.007148
0.029015
-0.010293
0.000566
-0.001350
0.000855
-0.004382
-0.003084
0.021446
-0.002835
0.011096
-0.001297
-0.005536
-0.007263
0.005474
-0.009355
-0.013740
-0.014337
0.000364
-0.008465
0.001338
0.002049
0.008956
0.011520
-0.010852
-0.011909
-0.000048
-0.001761
0.000303
-0.006952
-0.002024
0.001492
-0.001467
0.026999
-0.011011
0.046439
-0.008506
-0.009541
-0.005960
-0.007677
-0.011588
-0.019531
-0.008636
-0.006803
-0.013969
0.013972
-0.008751
0.002961
0.043109
-0.009902
0.015730
-0.008821
0.017674
-0.004533
0.032673
-0.011093
-0.014166
0.008165
0.054459
-0.017125
-0.000869
-0.001881
0.006669
0.000449
-0.000298
-0.003967
-0.013450
0.005553
-0.005683
-0.005744
0.022182
-0.014150
0.032149
-0.011538
-0.004485
-0.006537
0.000672
0.014066
-0.022545
-0.009142
-0.005191
0.000707
-0.027833
0.128593
-0.012437
0.055765
0.078986
-0.000778
0.019965
0.024554
-0.007534
-0.007331
0.010625
0.002635
0.087106
0.010786
0.017911
0.028555
0.013491
0.007684
0.015823
0.015678
0.015702
0.028513
0.037813
-0.004314
0.016341
0.004048
-0.006742
-0.006347
-0.015939
-0.002869
0.008115
0.045017
-0.008580
0.000054
0.006934
-0.023942
-0.002126
0.008797
0.007253
0.007545
-0.023627
-0.014335
0.005503
-0.017488
0.001554
0.017250
0.021063
0.004303
0.006296
0.025279
-0.010994
0.017663
0.019853
-0.001525
-0.005860
-0.017587
-0.008104
0.009985
0.011219
-0.011074
-0.004811
-0.006958
-0.012317
0.037881
-0.008270
0.003505
