0.000001
-0.005367
0.009140
-0.022297
-0.016314
0.000445
-0.023803
-0.014592
0.016485
-0.015392
0.007800
-0.020369
-0.008128
-0.011577
0.006586
0.000148
-0.014509
0.009765
-0.026192
0.008543
-0.014911
-0.000091
-0.017357
0.002077
-0.005965
0.006522
-0.035153
-0.091097
-0.035042
0.067544
-0.023169
0.000497
-0.030676
-0.020991
-0.036903
0.001075
-0.103744
-0.012542
-0.007559
-0.008018
0.026044
0.017160
0.007364
-0.045878
0.018137
-0.005893
-0.008730
-0.035809
-0.020523
0.001576
-0.003609
-0.046877
-0.026514
-0.005772
-0.014116
0.024030
-0.002026
-0.009796
-0.002292
-0.015423
0.002509
0.043658
0.003345
-0.015044
0.006997
-0.005092
0.008333
-0.002659
-0.015013
-0.017865
-0.052066
0.000415
-0.024787
-0.002068
-0.004039
-0.056765
0.002500
0.012027
-0.006100
0.020416
-0.043173
0.008305
0.027463
-0.009486
-0.010184
0.005093
-0.023101
-0.000019
-0.007183
0.005018
-0.002943
-0.005520
-0.007954
0.106251
-0.010951
-0.002296
-0.015594
0.006318
-0.011404
-0.027007
-0.006790
-0.011417
-0.010200
0.001762
-0.001296
-0.045622
-0.007335
-0.003674
0.010942
0.070754
-0.007212
0.001345
-0.040763
-0.009165
-0.047610
-0.002175
-0.012751
-0.005211
-0.004475
0.032820
-0.020049
-0.023431
-0.024063
-0.020462
0.000374
0.135390
-0.005639
-0.003632
-0.022116
0.006383
-0.011691
0.009744
-0.014288
-0.029850
-0.000008
-0.035179
0.014173
0.020865
0.008548
-0.031826
0.013186
0.006523
-0.019352
-0.013308
-0.012367
-0.064007
-0.004266
0.014673
0.033844
0.010797
0.013368
-0.017270
0.009880
0.073608
-0.014018
-0.016744
-0.004891
0.012521
-0.006585
-0.006532
-0.005453
-0.001382
-0.001661
-0.001482
-0.017233
-0.003382
-0.009098
-0.000042
-0.030175
-0.004259
-0.008766
-0.012906
-0.005786
-0.019591
-0.026466
0.058161
-0.021356
-0.000089
-0.000861
-0.005341
-0.008236
-0.005869
0.069975
-0.026533
-0.003394
-0.002345
-0.002249
0.011865
0.000982
0.083456
-0.022150
0.020523
-0.003397
-0.027642
-0.006949
0.008902
0.014314
-0.009620
0.061877
0.016802
-0.003901
-0.008343
-0.035267
-0.000170
0.156118
-0.003667
0.055284
0.000656
-0.012550
-0.028671
-0.014585
0.035689
0.017262
-0.017480
0.025340
0.034043
-0.042316
-0.012970
0.032433
-0.055636
-0.009748
-0.008871
0.029073
-0.009233
-0.026276
0.000052
-0.000851
-0.030604
0.006939
0.002486
-0.005082
-0.020442
-0.020242
-0.009307
-0.016796
0.075785
0.002428
0.006607
-0.002073
0.005712
-0.005846
0.008291
-0.007129
-0.008209
-0.014731
-0.029892
0.004472
-0.003848
-0.009056
-0.001063
-0.053979
-0.020894
-0.017376
0.004463
-0.019727
-0.018881
-0.001618
0.001390
-0.006480
0.013655
0.019886
-0.004841
0.112773
0.055278
0.029213
-0.031564
-0.028475
0.159718
-0.013953
-0.013520
-0.007424
-0.007733
0.006706
-0.008671
-0.012843
-0.017307
-0.013756
0.000099
-0.002137
-0.021400
-0.003677
0.074600
-0.009584
0.016851
-0.013681
-0.010237
-0.012045
0.016903
-0.009157
0.003588
-0.004229
-0.020533
0.017032
0.002733
-0.001825
0.002452
-0.001220
-0.002215
0.001194
-0.015867
-0.009408
0.005497
0.001007
0.012553
-0.018188
0.010286
0.017113
-0.007100
-0.023623
-0.013283
-0.000122
-0.010865
-0.036717
-0.020321
0.003343
-0.006279
-0.000672
0.003033
-0.032184
-0.004321
0.002787
0.014183
-0.015238
-0.010006
-0.024683
-0.014361
-0.008553
-0.002735
0.012887
-0.014169
0.000578
0.062008
-0.003062
-0.006048
0.006154
-0.034158
-0.015399
-0.001170
-0.006626
0.016011
-0.009730
-0.008785
-0.011567
0.007446
-0.001081
-0.011553
-0.000419
-0.016440
-0.025442
0.003097
0.013978
-0.025101
0.060629
0.054064
0.117486
-0.011875
-0.007283
-0.019451
0.000937
0.001367
-0.007126
-0.011384
-0.003384
-0.008122
0.004483
-0.003298
-0.037078
-0.026450
0.107738
-0.001383
0.028861
0.003060
-0.031656
0.032866
-0.000776
-0.022512
-0.017314
0.023022
0.008998
-0.015103
-0.014650
0.001134
0.044351
0.003764
-0.039936
-0.017716
-0.000178
0.119388
-0.038338
-0.015735
0.028029
0.000698
-0.012295
0.004868
-0.009622
0.018385
-0.018224
-0.002145
-0.010531
0.000120
-0.003257
0.000298
0.028469
-0.009343
-0.008493
0.007391
-0.015161
-0.012683
-0.011892
0.007088
-0.020076
-0.006306
-0.000469
-0.007573
-0.001623
-0.014836
-0.007322
0.025977
-0.011447
-0.007227
-0.029327
-0.016803
-0.003539
-0.001121
-0.002751
0.006104
0.006480
-0.016064
-0.006749
0.009845
0.002348
-0.020740
0.002955
0.001566
0.033253
-0.012276
-0.034871
-0.032282
-0.012011
-0.001215
-0.001958
0.051420
0.115162
0.109061
-0.019714
0.007599
0.003000
-0.003133
0.005872
0.027048
-0.005644
0.013060
-0.006551
-0.014633
0.006997
-0.010809
-0.007327
0.054444
-0.004248
-0.021331
-0.000186
0.013450
-0.009684
0.007341
-0.013891
0.078744
-0.014809
0.027483
0.159019
0.137402
0.003462
0.001239
-0.007307
-0.034619
-0.005479
-0.021572
-0.018423
-0.017462
-0.003090
-0.004469
-0.005947
0.001965
-0.018007
-0.019830
0.005075
0.162001
0.106379
-0.015351
0.018241
-0.003485
-0.021483
0.005544
-0.006049
-0.017871
-0.023778
0.041375
0.045245
-0.021225
-0.016051
-0.023890
-0.003938
0.002659
0.005619
-0.001507
0.000350
-0.000459
0.011853
-0.011193
-0.003829
-0.020290
0.016898
0.068321
0.004531
-0.034285
-0.011231
-0.008901
-0.014595
-0.017860
0.023797
-0.029142
0.003620
-0.007090
-0.028004
-0.004877
0.000479
0.007460
-0.009086
-0.022298
-0.002732
-0.001200
0.003955
0.061446
0.016362
-0.007995
-0.010050
-0.007364
0.000092
-0.003490
-0.018916
-0.018479
-0.009617
-0.009107
-0.017691
-0.025330
-0.010391
0.019788
0.060822
0.107087
-0.033727
0.052017
-0.026068
0.013988
-0.029893
-0.013393
0.000721
-0.002284
-0.005299
0.000692
-0.013945
0.057936
0.008726
-0.040425
0.003989
-0.028091
-0.027609
-0.002098
0.019146
-0.010129
0.009903
-0.014285
-0.001792
-0.012303
0.064780
0.002958
-0.004061
-0.028516
-0.008862
-0.000569
-0.022412
-0.006766
0.012285
-0.012894
-0.010850
-0.039208
0.007207
0.000526
-0.003386
0.013479
0.003491
0.008097
-0.001628
0.000848
-0.016290
-0.013332
-0.005466
0.023826
0.000547
0.042496
0.063818
0.036109
-0.007165
-0.005296
-0.008471
0.013049
-0.027345
0.000818
-0.007127
-0.015145
0.020987
-0.004887
-0.004992
0.006671
-0.007621
-0.020608
0.002024
-0.003115
-0.015149
0.010392
-0.018704
-0.010199
0.028706
0.010894
-0.012013
-0.006858
-0.014446
-0.006869
0.026039
-0.007347
0.028432
0.009214
0.004566
0.022832
-0.015728
-0.026377
-0.024816
0.003994
0.007945
0.001159
-0.028375
0.078595
-0.008546
0.018557
-0.008535
-0.069327
0.038247
0.000424
-0.050190
0.016629
0.024578
0.070571
0.028723
-0.026537
0.019137
0.000860
0.011234
-0.021957
-0.018163
-0.065416
-0.004667
-0.051373
-0.023005
-0.018066
-0.001703
-0.000834
-0.003799
0.010102
-0.006503
0.001090
0.029928
0.030035
0.006972
0.044733
0.003051
0.014415
-0.016656
-0.001845
-0.008373
-0.014580
0.020240
-0.047257
0.065852
-0.009213
0.003423
0.007529
0.033612
0.009026
-0.003334
0.002668
-0.005007
0.023919
-0.004729
0.001092
-0.011899
-0.009952
-0.006660
-0.005930
0.013737
-0.005244
0.012946
0.016597
-0.006551
-0.008949
0.090428
0.014657
0.005402
-0.000342
0.009012
0.036395
-0.031180
0.000602
-0.024766
0.013734
-0.017501
0.039391
-0.008144
0.001240
0.001038
-0.023098
-0.017474
0.092304
-0.010422
-0.000010
0.001857
-0.004276
0.001600
-0.021363
0.008047
0.001816
-0.012537
-0.004962
0.045988
0.002244
0.013959
-0.011086
-0.008896
0.010851
0.007147
0.015782
-0.010553
-0.002027
-0.021061
-0.011020
-0.020571
-0.024632
-0.004359
-0.003518
0.003423
-0.016533
0.062467
-0.008596
0.025769
0.024956
-0.008143
-0.004523
-0.023096
0.027805
-0.009137
0.005340
-0.000342
-0.000443
-0.000637
-0.017865
-0.020962
0.003836
-0.010531
-0.004954
-0.002940
0.012042
-0.013378
-0.028410
0.000418
-0.003460
-0.033527
-0.011584
0.003481
-0.013472
0.009107
0.000054
-0.023935
-0.003925
0.001213
0.001697
-0.019158
-0.003797
-0.004776
0.010320
0.001538
-0.008917
-0.002861
0.061575
-0.017765
-0.018359
-0.014610
0.036074
-0.006623
-0.002800
0.002282
-0.014210
-0.007082
-0.015264
0.033125
0.004800
-0.013777
-0.001923
-0.077613
-0.018633
-0.001156
-0.012214
-0.002197
-0.003664
-0.015439
-0.009773
-0.014040
-0.022104
-0.024794
-0.033080
0.004030
-0.005816
-0.000366
-0.009258
-0.003904
-0.002966
0.032675
0.004006
-0.013367
0.011577
-0.000096
0.003395
-0.013133
0.003981
-0.007698
-0.018591
-0.009573
0.051831
0.004816
-0.008471
-0.015193
0.059573
-0.019197
0.004942
-0.005503
-0.044529
0.009208
-0.000110
-0.003336
-0.001682
0.007329
0.012223
-0.008577
0.028720
0.052615
-0.002643
-0.010470
0.005383
-0.019935
-0.014049
-0.007471
-0.003811
-0.008133
-0.014198
-0.043856
-0.001481
-0.044498
-0.009805
-0.015759
-0.022988
0.000640
-0.007250
0.013306
0.006976
0.022168
-0.006990
-0.020447
-0.008631
-0.011258
-0.001740
-0.014758
0.003394
-0.016973
-0.023375
0.000250
-0.008810
0.041594
-0.019569
-0.004946
0.001486
0.009899
0.059947
-0.008821
0.007637
-0.020626
-0.000644
0.000154
-0.002403
-0.006889
0.064343
-0.048345
-0.005432
-0.010754
-0.014362
-0.005113
-0.009131
0.001725
-0.002382
0.003440
-0.008668
-0.018810
-0.008718
0.002741
0.022931
-0.014326
-0.005232
0.008051
-0.003055
-0.022543
0.007875
-0.001900
0.002890
-0.021627
0.023392
0.027464
-0.009950
0.004690
-0.014235
-0.002580
-0.000981
-0.003482
0.001085
0.019040
-0.007336
-0.001354
-0.002495
-0.001867
0.008434
0.015472
-0.012296
-0.003795
-0.028714
-0.006094
-0.012190
0.060812
-0.012928
-0.003525
-0.041850
-0.032140
0.037539
-0.000475
-0.008339
-0.018276
-0.013620
-0.007059
0.011635
0.006423
-0.008827
-0.025019
-0.017168
-0.014148
-0.029621
-0.001472
-0.009662
-0.010125
0.027136
-0.025433
0.036877
-0.011482
-0.014252
0.017718
-0.000417
-0.009499
0.069082
-0.004588
-0.008052
0.075492
-0.008072
0.017698
0.006071
0.038673
0.004805
0.006885
-0.005622
0.036414
-0.024907
-0.043118
0.005949
0.069567
-0.008032
-0.000961
0.009422
-0.009697
-0.003545
-0.016849
-0.003054
-0.009246
-0.057919
-0.003917
-0.017710
-0.005408
0.085109
-0.010923
0.007149
0.030487
-0.024470
0.038376
0.004338
-0.017265
0.100252
-0.023134
0.036795
0.003302
-0.021114
0.004855
-0.020990
-0.004708
0.008415
-0.063549
0.064545
0.089814
-0.019500
-0.034358
-0.026168
-0.004171
0.005973
-0.003733
-0.012288
0.033409
0.052106
0.010912
0.083981
0.001323
-0.000273
-0.018902
0.002084
-0.033271
-0.017579
-0.005723
0.000045
-0.010629
0.000766
-0.001170
-0.005550
0.001581
0.016037
-0.003967
0.030795
0.008834
0.005396
0.023144
0.070579
-0.001922
0.011058
-0.003221
-0.010592
-0.020385
-0.020948
0.001747
-0.031460
-0.010375
-0.018912
-0.007457
-0.077476
0.026965
-0.043214
-0.005365
-0.024859
-0.010611
0.000801
0.055497
-0.017189
0.002683
-0.009136
0.002129
0.004160
-0.009199
-0.010872
-0.014658
-0.007471
-0.023748
-0.007359
0.004922
-0.001079
-0.002508
0.003955
0.060104
0.116453
0.027908
-0.000086
0.000836
-0.024816
0.014442
0.027405
-0.020895
0.001413
-0.029469
-0.020200
-0.000923
-0.036787
0.005768
-0.002899
-0.012289
0.059892
0.016150
-0.012759
0.003354
-0.015241
0.024439
-0.007540
-0.007110
-0.007582
-0.000022
-0.000905
-0.021925
-0.007044
-0.052320
-0.022207
-0.010141
-0.002395
-0.016454
-0.009986
-0.001291
-0.009857
-0.009855
-0.009507
-0.008483
0.005656
-0.018634
0.034214
-0.023908
-0.005227
0.011677
-0.011044
-0.000230
-0.004665
0.041345
-0.009022
0.013685
-0.012460
-0.018694
0.002395
-0.007770
-0.009097
-0.004944
-0.006162
-0.003281
0.005099
-0.030119
-0.002266
-0.001210
-0.000890
-0.009171
0.006608
-0.017464
-0.036948
-0.016711
-0.006248
-0.014214
0.034871
-0.003820
-0.005255
-0.046612
-0.015718
0.004056
0.005977
-0.013848
0.030406
-0.058671
0.004859
-0.013883
-0.011765
0.018950
0.002787
-0.020474
0.054898
-0.014966
-0.003944
0.011173
-0.010074
-0.009539
0.003786
-0.001398
-0.023687
-0.008588
0.000080
-0.023326
-0.043174
0.008519
-0.010844
-0.014843
-0.015514
-0.013394
-0.010586
-0.016701
-0.005325
-0.001662
0.006330
-0.011837
-0.018473
0.003023
0.001634
-0.013042
-0.015601
0.006009
0.002491
-0.010312
-0.025210
-0.003321
0.006261
0.070279
-0.004423
0.026718
-0.003553
-0.027344
0.002279
0.004783
0.012590
-0.007199
0.000972
-0.036651
-0.002829
0.000746
0.023610
0.002949
-0.016110
0.048882
-0.007588
-0.019902
-0.005796
-0.026251
0.001018
-0.024616
-0.029082
0.014540
-0.016322
-0.019604
0.002434
0.000788
0.014067
-0.020508
0.003001
-0.019307
-0.012068
0.052674
-0.005329
-0.018635
-0.031717
-0.033834
-0.012720
-0.010710
0.027127
0.010314
0.006818
-0.004071
-0.003030
-0.006758
-0.013849
-0.041704
0.089486
-0.012814
-0.020732
0.013620
-0.000999
0.001943
0.014912
-0.040975
0.054479
0.023715
-0.010998
0.005592
0.003613
0.000272
0.007872
-0.003017
0.004204
-0.008529
0.006218
-0.008662
-0.004131
-0.002783
0.008618
-0.003777
-0.012260
0.003013
0.038563
-0.013138
-0.005223
-0.002064
-0.002063
-0.038570
-0.016099
0.014463
0.011923
-0.080422
-0.019256
-0.026151
0.004578
-0.005077
-0.046365
-0.008104
-0.001310
0.018172
-0.002910
-0.002322
0.003850
0.010344
-0.019702
0.005655
-0.003219
-0.000207
0.035549
0.030393
0.046106
-0.017950
0.005765
-0.003916
-0.000037
-0.018471
-0.013888
0.006147
0.003889
-0.035537
-0.017579
0.014263
-0.014971
-0.023201
0.030486
-0.013673
-0.016574
0.004730
-0.007752
0.080173
0.004869
-0.018009
-0.016524
-0.021838
-0.018563
0.180193
0.121333
-0.006517
-0.000693
-0.000722
-0.012772
0.003745
-0.010199
0.001596
-0.007653
0.019521
0.002152
0.042902
-0.033262
0.024182
0.004459
-0.016703
-0.022449
-0.010180
0.035749
0.015011
0.035101
-0.011613
-0.009994
-0.002228
0.014179
0.023492
-0.011029
-0.017034
-0.002004
0.005117
-0.005610
-0.003253
-0.013978
0.000235
0.021438
0.050366
-0.003333
-0.012337
-0.006520
0.006616
-0.000709
-0.015165
-0.000251
0.000515
-0.042103
-0.005543
-0.002057
0.068733
-0.015200
0.064079
-0.026194
0.023786
0.145723
0.118773
-0.003025
-0.023858
-0.013030
-0.007000
0.017542
-0.009828
-0.020071
-0.014454
0.095153
-0.046106
-0.009072
-0.002509
-0.016325
-0.004437
0.003375
0.003355
-0.011293
-0.014622
-0.014855
0.081227
-0.003500
0.011960
0.003470
-0.013410
-0.015681
0.002635
-0.011231
-0.012619
-0.014502
0.067563
0.001164
-0.000116
-0.004091
-0.008783
0.003154
-0.043088
0.017630
0.002875
-0.016591
0.023982
-0.040532
-0.009202
-0.013251
-0.022729
-0.010098
0.007735
0.003479
-0.019528
-0.005278
0.000501
-0.010901
0.003961
-0.010399
-0.015600
-0.022423
-0.029003
-0.002390
-0.019882
0.008343
-0.010605
0.018902
-0.054784
-0.001866
-0.025892
-0.002313
-0.047378
-0.033771
-0.001366
-0.005339
0.011748
-0.013009
-0.002661
-0.014682
-0.010036
-0.017190
-0.009049
0.003443
0.065647
0.015476
-0.019781
-0.022746
0.001620
-0.030479
-0.009597
0.004055
0.006985
-0.029643
0.033382
-0.002303
-0.019589
-0.007550
-0.027330
0.070061
0.003944
0.022867
0.002179
-0.023011
-0.030375
0.009029
-0.013688
0.002723
-0.027951
-0.007754
-0.001555
-0.016086
-0.009432
0.001320
-0.012738
0.014847
-0.003403
-0.009744
-0.010746
-0.016069
0.057600
-0.002924
0.002047
-0.025751
0.003518
-0.007161
0.011002
-0.014202
-0.017497
-0.004035
-0.012659
0.020387
0.062506
-0.011974
-0.011196
0.004657
-0.000441
-0.009214
-0.009819
0.009940
-0.035352
0.004317
0.024094
0.042790
-0.013443
0.000714
-0.023068
-0.015842
0.041686
-0.006392
-0.002384
-0.001009
-0.015115
0.001018
-0.017284
0.067617
-0.013721
0.016818
-0.018452
-0.029449
-0.009500
-0.027903
-0.008969
0.003106
0.016525
-0.024857
0.006838
-0.022326
0.007968
0.002741
-0.003674
0.008195
-0.025621
-0.003298
-0.026943
-0.009603
-0.002518
0.009076
-0.001131
0.009946
0.022618
-0.007087
0.006767
0.101253
0.020591
-0.005905
0.034675
0.098528
0.056529
-0.009228
-0.002518
-0.015175
-0.005827
0.022946
-0.031662
0.036374
-0.005086
-0.008859
0.008805
-0.004236
0.021047
-0.005136
0.018328
-0.011392
0.011564
0.013607
0.003408
0.009055
-0.013899
-0.012231
0.000204
-0.012048
-0.016684
0.005042
-0.005881
-0.034585
0.007383
-0.004144
0.015569
-0.024376
-0.009472
-0.017824
-0.005656
-0.019764
0.077630
-0.049720
-0.005050
-0.009573
0.001839
0.028140
0.004645
-0.002428
-0.007529
-0.002054
0.023424
0.067474
-0.014699
-0.013856
0.010724
0.043625
0.032624
-0.037303
-0.007828
0.051296
0.006323
-0.003033
-0.019252
-0.009838
-0.005014
0.001459
-0.018279
0.042222
-0.007077
-0.004529
-0.019667
-0.010728
-0.014736
0.008569
-0.026356
0.009598
-0.007098
-0.030417
-0.006289
0.001519
0.009646
0.035082
-0.005923
-0.005400
-0.006629
0.066038
0.068406
-0.010156
-0.015709
0.009054
-0.011893
-0.010184
-0.009386
0.006580
-0.030728
-0.007669
-0.008296
-0.009481
0.041849
-0.014815
0.017675
-0.012836
0.001254
-0.000273
0.004529
-0.007336
0.044703
-0.001081
0.007742
-0.008288
-0.000443
-0.021395
-0.012158
-0.023367
0.001091
0.047522
0.012112
0.003421
-0.028808
0.005308
-0.011950
-0.039255
-0.013964
0.027670
0.005242
0.034532
0.001404
0.016789
0.011761
0.105444
-0.011694
-0.020601
-0.003106
-0.007337
-0.003795
-0.029170
-0.013085
-0.012894
0.029354
-0.000663
-0.000394
0.006400
-0.002787
0.024144
-0.004022
0.010997
0.003335
-0.012099
-0.003540
0.079533
-0.001963
0.063731
-0.002518
0.003541
0.002094
0.025286
-0.004764
-0.014887
-0.000076
-0.004184
-0.010061
-0.010034
-0.025350
-0.024827
-0.029844
0.003204
-0.010933
-0.013184
0.002977
0.002619
-0.005019
0.003517
-0.003521
-0.010973
-0.043315
0.037824
0.015223
0.020951
0.031026
-0.004075
-0.018340
-0.023159
-0.017955
-0.020364
-0.046296
-0.024492
0.004015
-0.013813
-0.008574
-0.028868
-0.049085
0.015103
0.033588
-0.012272
-0.012476
-0.002030
-0.019591
0.026948
-0.006577
0.012016
-0.003772
-0.011571
-0.010301
-0.011625
-0.007206
-0.011441
0.001395
-0.000803
0.002892
-0.004094
-0.007828
-0.000309
0.003618
0.009234
-0.017566
0.002700
0.004045
0.005940
-0.010291
-0.007998
-0.017359
0.013170
0.090219
-0.005890
-0.008481
-0.004378
-0.008961
-0.001781
-0.000039
-0.020698
-0.004407
-0.008032
-0.016396
0.013544
-0.001042
0.026532
-0.002581
0.022810
0.073534
-0.011675
0.033585
-0.017647
-0.030395
0.005882
0.009366
-0.000166
0.000295
-0.006335
-0.018339
-0.025113
-0.031873
-0.018605
-0.024829
0.031343
-0.015062
-0.043415
0.036411
-0.010326
0.067110
0.018399
-0.004434
0.003756
-0.000800
-0.000386
-0.006439
0.031090
-0.033229
-0.017309
-0.015672
-0.017094
0.076357
-0.044277
0.001320
0.006592
0.051813
-0.024615
0.007617
0.002206
0.004567
0.065145
-0.018415
-0.005501
-0.019888
0.025724
0.003725
-0.012578
0.057322
-0.014657
0.013352
-0.009740
-0.003730
-0.008771
-0.032914
-0.016728
-0.022911
-0.010305
-0.014102
0.003145
-0.013737
-0.002601
-0.020580
0.019337
0.013142
-0.001774
-0.017848
-0.021681
-0.044683
0.004218
-0.020550
-0.016715
-0.010592
0.006647
0.012490
0.001236
-0.006990
0.120325
0.029206
-0.002906
0.018190
0.030587
-0.016944
-0.002878
-0.014133
-0.007311
-0.043627
0.001763
-0.022321
0.025420
0.001170
0.006078
-0.008845
-0.013299
-0.015642
0.029405
-0.013218
0.039249
-0.027293
-0.008571
-0.029099
-0.022111
-0.015578
-0.012828
-0.000310
-0.016328
0.000436
0.056606
0.017364
0.055494
-0.003239
-0.009850
0.001257
-0.036917
0.006328
-0.016887
-0.007488
-0.008875
-0.005362
-0.010334
0.025846
0.000730
-0.002329
-0.015454
0.034857
0.003040
-0.000930
-0.005867
-0.009403
0.014157
-0.002526
-0.002057
0.000606
-0.031576
0.062133
-0.019511
-0.046326
0.007704
-0.013796
-0.002547
-0.017913
-0.038233
0.015290
-0.003963
-0.005653
-0.005724
-0.011418
-0.003761
0.004498
-0.012067
-0.009758
-0.003629
-0.023201
-0.001155
-0.039620
-0.009173
0.007324
-0.007793
-0.011051
-0.012187
-0.023754
-0.011048
-0.017409
0.028824
0.002679
-0.020173
-0.023738
-0.001393
0.027656
-0.005411
0.003463
0.004334
-0.033239
-0.017309
-0.003079
-0.012099
-0.024358
-0.021591
-0.030393
-0.004503
-0.002614
0.004240
0.000061
-0.008057
-0.014884
-0.024072
-0.002795
0.010660
-0.006169
-0.003226
-0.001996
-0.015948
0.006715
-0.016724
-0.022233
-0.009951
-0.026973
-0.003268
-0.031655
0.010483
-0.026366
0.111023
0.029545
-0.005950
0.019961
0.026441
-0.018245
-0.035756
0.015016
-0.009473
0.008750
-0.003563
0.097107
0.051778
-0.029160
0.024703
0.095813
-0.035742
-0.039110
0.057857
-0.039131
0.012087
0.014420
-0.003703
-0.024481
-0.032404
-0.001028
0.018755
-0.024065
-0.014263
-0.003251
0.012931
-0.029436
-0.012796
0.029741
-0.032305
-0.003500
-0.007164
-0.001972
-0.012769
0.066109
0.041059
-0.007022
0.006741
-0.010070
-0.006553
-0.040406
-0.007383
0.031889
-0.000722
0.051514
0.004391
-0.005029
-0.014072
-0.003120
0.000281
-0.008422
-0.005538
0.047919
-0.013020
-0.007139
-0.007210
-0.031841
-0.006213
0.016339
0.028347
0.107655
-0.015161
-0.018114
-0.003141
-0.025529
-0.015841
-0.029952
-0.002314
0.006440
0.063160
-0.047171
-0.044808
0.014223
0.005014
-0.000302
0.005708
-0.004826
-0.003996
0.005203
0.002729
0.004998
-0.003144
0.022220
-0.003960
-0.016785
-0.001856
0.007414
-0.014215
-0.015875
0.005023
-0.024426
0.013118
0.014092
-0.025517
0.035075
-0.008166
-0.032649
0.002248
-0.000653
-0.002889
-0.022368
-0.022188
-0.011677
-0.014023
0.018846
-0.027560
-0.000934
-0.032678
0.003807
-0.021324
-0.005547
0.001394
0.001924
-0.006822
0.003608
0.001173
-0.003197
0.006321
-0.004262
-0.003722
-0.007139
-0.011213
-0.010202
-0.010945
0.086341
-0.016462
-0.024881
0.000422
-0.043106
0.016397
-0.007369
0.005977
-0.010178
-0.009518
-0.014428
-0.001839
-0.003363
0.009709
-0.032196
-0.003783
0.018849
-0.002002
0.013072
-0.005898
-0.006779
0.003035
-0.021184
-0.011983
-0.054988
0.058609
0.013566
0.025240
-0.006758
-0.013321
-0.018022
-0.001514
-0.012233
-0.009170
0.020481
-0.012719
-0.036982
-0.020540
-0.033918
-0.012672
0.090312
-0.007903
-0.007232
-0.001100
-0.013116
0.016214
-0.009979
-0.003119
-0.056691
-0.046078
-0.018798
-0.023658
-0.029074
-0.012976
-0.033452
-0.015558
0.004591
0.018360
-0.030156
-0.020888
0.007853
-0.003780
-0.016657
0.005181
-0.009282
-0.028065
-0.010503
-0.000620
-0.010589
-0.028596
0.051884
-0.014300
-0.012029
-0.015354
-0.001333
0.009693
0.064071
-0.020922
-0.028374
-0.009605
-0.009545
0.003924
0.078413
0.006489
0.055803
-0.021443
0.050143
0.010603
0.020362
0.111959
0.076394
-0.033002
0.137783
0.018978
-0.005238
-0.031388
0.037917
-0.002641
0.006655
-0.024362
0.032704
0.012197
0.001003
-0.002998
0.003875
-0.012363
-0.021600
-0.015461
0.000274
-0.005100
-0.018171
-0.008207
-0.002381
-0.007146
-0.012392
-0.019806
0.007451
-0.003029
-0.004804
-0.008021
0.002887
0.016358
-0.014437
0.002122
-0.042601
-0.053352
-0.033528
0.005272
0.008777
0.005053
-0.019975
-0.011050
-0.006312
-0.019304
0.007376
-0.000786
-0.015227
0.007406
0.000767
0.007544
-0.006836
-0.000879
0.005272
-0.000112
-0.004462
-0.002931
-0.010270
-0.030804
0.003352
-0.013477
0.075357
-0.021911
0.064300
0.001269
-0.012687
-0.003361
0.001782
0.010519
0.063609
-0.009400
0.062680
-0.013311
0.015001
-0.012944
0.013931
0.014672
-0.008016
-0.006049
0.062238
-0.015088
-0.047943
0.078396
-0.021002
-0.001323
-0.004094
-0.002123
-0.013766
-0.017162
-0.011573
-0.009267
0.075238
-0.025432
-0.016011
-0.004020
-0.009369
-0.007458
-0.014940
-0.002128
-0.025426
0.015892
-0.001339
0.002013
-0.021708
-0.013713
-0.016555
-0.002119
-0.007607
-0.006634
-0.020702
-0.014266
-0.001389
-0.010792
-0.035690
0.010778
-0.013507
-0.016325
-0.039499
0.003088
0.069496
-0.008930
-0.025567
-0.004914
-0.000973
0.011249
0.018020
0.008170
0.009795
0.011272
0.002379
-0.004169
0.001990
-0.008803
0.001782
0.000512
-0.020285
-0.027072
-0.009516
0.008099
-0.000937
-0.019672
-0.005907
-0.008688
0.051955
-0.012365
-0.001044
-0.001844
-0.001727
-0.000494
0.007429
0.005725
0.002048
0.033793
0.023772
-0.009762
-0.006595
0.007067
-0.020659
-0.003394
-0.009686
-0.038730
-0.010207
-0.025983
0.010665
0.003295
-0.014000
-0.012267
-0.005061
0.013380
-0.004407
-0.003822
0.111587
-0.033859
-0.006379
-0.034435
-0.014802
-0.015146
-0.004302
-0.003603
0.000713
-0.002627
-0.025803
0.004269
-0.015636
0.021569
-0.035349
-0.000627
0.024979
-0.031414
-0.017296
0.035522
0.010288
-0.019461
-0.030878
-0.012148
-0.011932
-0.010688
-0.012309
0.007064
-0.002032
-0.009879
0.050837
0.066177
0.013316
-0.019713
-0.009428
-0.000196
0.001843
0.007315
-0.003377
-0.019949
-0.009616
0.023666
-0.004618
0.034278
-0.000273
0.002883
-0.006243
0.007771
-0.019747
-0.005005
0.002047
0.197685
0.006348
0.005145
0.017690
0.013540
0.004005
-0.001380
-0.012670
-0.016743
0.000207
-0.015697
-0.022389
-0.016894
0.047606
-0.024537
-0.050412
-0.041544
-0.003926
-0.027360
-0.000311
0.003812
0.000788
0.101717
0.020796
-0.000519
-0.032241
-0.001353
0.015029
0.012397
-0.029947
-0.004241
-0.019357
-0.019919
-0.013907
0.006453
0.007400
-0.017286
0.084757
0.001352
-0.007983
0.010335
-0.002424
-0.024929
-0.005357
0.006056
-0.006116
-0.004460
0.003119
0.038498
-0.009647
-0.000684
-0.012270
0.072633
-0.005765
-0.009293
-0.026378
-0.017976
-0.005043
-0.010666
0.012255
-0.006818
-0.009006
-0.007034
0.026671
0.006203
-0.003328
-0.020902
-0.009018
-0.008290
-0.021013
-0.000385
-0.007090
-0.013143
0.014066
-0.016192
-0.032707
-0.001876
-0.012703
0.019353
-0.040423
0.016683
-0.018682
-0.024618
-0.024437
0.005256
-0.008391
0.001148
0.001836
0.063359
-0.018247
-0.008135
-0.021647
0.031144
0.065502
-0.004155
-0.024680
-0.014310
0.001866
-0.026973
0.009561
-0.037026
-0.057563
-0.029685
0.004919
-0.006185
-0.000768
-0.000387
0.002029
0.061310
-0.015864
-0.018627
-0.037520
-0.001034
0.015035
-0.026340
-0.010598
-0.003509
-0.024729
-0.023646
-0.009943
0.002457
0.000271
-0.010771
-0.019671
0.020386
0.048885
-0.001094
-0.016402
-0.023445
-0.019309
0.028019
0.010052
0.003041
-0.017360
-0.012658
0.064222
-0.025061
-0.001858
-0.002105
-0.005998
-0.008278
-0.000713
-0.009543
-0.006358
-0.010417
0.010074
-0.044735
0.030316
-0.004354
0.026324
0.021071
0.061933
0.007405
-0.015558
0.001553
-0.003171
-0.003448
-0.010857
0.018310
-0.011677
0.031326
-0.015875
-0.022277
-0.003905
-0.013122
-0.013422
-0.022010
-0.012146
-0.016813
0.002036
-0.009395
-0.006390
0.001118
-0.021504
-0.004034
-0.006515
-0.018867
-0.038003
0.013279
-0.062976
0.072431
-0.019691
-0.009613
-0.014372
-0.011415
-0.016884
0.003128
-0.005995
-0.003376
-0.002007
-0.007590
-0.021664
0.038334
0.013404
0.025304
0.004782
0.017823
-0.021212
-0.015432
0.022370
-0.007954
0.008934
-0.015589
0.005305
0.002421
-0.013961
0.000474
0.001528
0.004531
-0.016120
0.003020
-0.000976
-0.031357
-0.001759
0.006598
-0.011854
-0.009943
-0.033077
0.000898
-0.005327
-0.028694
0.008336
-0.013028
0.017445
-0.024246
-0.026902
-0.017545
-0.012717
-0.002101
0.012724
-0.016468
-0.000975
0.002881
-0.002517
0.029823
0.007492
-0.008804
0.010133
-0.010171
-0.008278
-0.014758
-0.003417
-0.012620
0.000079
-0.021638
0.007354
-0.012151
-0.035764
0.004919
0.035209
-0.009242
0.041460
-0.004936
0.051188
-0.002818
0.010267
-0.001857
-0.010483
-0.014770
-0.008472
0.016506
-0.032936
0.002195
-0.019712
-0.007674
-0.014089
0.014468
0.020189
0.009207
-0.002300
-0.021177
0.005841
0.002897
0.011769
-0.030413
-0.021782
-0.004666
-0.025349
0.041112
-0.017158
-0.009883
-0.004895
0.004094
0.007069
0.002530
-0.003774
0.060149
0.016771
-0.011547
-0.005116
-0.018505
0.011713
-0.009195
0.014167
-0.004312
-0.018261
-0.004834
0.007143
-0.013161
0.070965
-0.014984
-0.019777
0.006352
-0.004672
0.000422
0.007366
-0.015001
-0.013127
-0.012499
-0.007498
-0.007401
0.008759
-0.001824
0.007973
-0.012183
0.004916
-0.022283
-0.006031
0.002630
-0.011534
-0.013455
-0.017677
0.030261
-0.007808
0.012181
-0.003898
-0.014585
-0.035753
-0.024683
-0.008054
0.013397
0.061653
0.008784
0.029920
-0.001391
0.007507
0.025371
-0.018888
-0.030985
-0.005214
0.069534
-0.009915
0.031272
0.091625
-0.017455
-0.004820
-0.011185
-0.009743
0.000205
-0.019535
-0.019216
0.007975
0.023718
0.006048
-0.012970
-0.015327
-0.011131
-0.001696
0.012629
0.000299
-0.002251
0.004114
-0.015638
0.067443
-0.008751
0.001030
0.003871
-0.000550
-0.005766
-0.009553
0.008061
0.006069
-0.015054
-0.036497
0.011303
-0.006750
0.079330
-0.026155
-0.019965
-0.003243
-0.022541
-0.011103
-0.039771
0.006438
-0.002562
-0.009891
0.000417
-0.021135
-0.008243
-0.032908
-0.000129
-0.018966
0.009177
-0.033310
-0.020813
-0.005795
-0.012298
0.003319
0.000142
0.013471
0.001469
-0.017363
-0.007658
0.020167
-0.009223
-0.002193
-0.008402
0.000413
0.042393
-0.014664
-0.031612
0.000702
-0.021453
-0.000575
-0.041110
-0.003834
-0.015427
-0.016705
0.014388
0.047019
0.016565
0.000264
0.005835
0.004952
-0.000025
-0.010450
-0.006899
-0.018628
-0.020463
0.001147
-0.000533
-0.012410
0.082291
-0.014139
-0.023521
-0.008381
-0.015083
-0.007977
0.001396
-0.019545
-0.045927
-0.021869
0.007728
-0.024058
0.018973
-0.039606
0.009093
-0.005443
-0.012254
-0.023807
0.008507
0.002737
0.002009
0.011260
-0.001764
-0.024309
0.006559
-0.017004
0.067282
-0.012495
-0.012561
-0.024001
0.010602
0.013955
0.136453
-0.007878
-0.037499
0.018228
-0.008267
-0.006761
-0.001631
0.006268
0.009703
-0.007991
0.013083
-0.031919
-0.006630
-0.000880
-0.006790
-0.004695
-0.004814
0.008731
0.000414
-0.006951
0.011048
0.018362
-0.008267
-0.021571
-0.021866
-0.006748
0.023874
-0.002412
-0.016979
-0.013651
0.003782
0.004467
-0.024708
0.006544
-0.008887
-0.006917
-0.015620
0.009484
-0.022361
0.004668
-0.059077
-0.000271
0.002596
-0.015217
0.000393
-0.006866
-0.000085
0.022749
-0.010465
0.043468
-0.004916
0.017193
-0.016873
-0.001154
0.009788
-0.015377
0.006401
-0.021665
-0.005143
0.002078
-0.011993
-0.008803
-0.013372
0.036582
0.010575
-0.007053
-0.007873
0.031759
-0.002718
-0.037203
0.008604
-0.029790
0.047483
-0.014608
-0.037537
0.060644
-0.001754
-0.009723
0.062931
0.013705
0.019122
-0.004141
0.007846
-0.021566
0.017598
0.014695
-0.079137
-0.012810
-0.009846
-0.016230
-0.023628
-0.003917
0.003624
0.008716
-0.012258
0.047364
-0.010875
0.003042
0.007832
-0.004547
-0.007750
0.061959
0.007824
-0.000471
-0.008297
0.014237
0.001520
-0.019642
0.024396
0.001477
-0.013289
0.010488
-0.011456
0.013990
-0.009387
-0.009678
-0.006693
-0.011369
0.005907
-0.015906
-0.005710
0.004138
-0.008984
-0.026833
0.001820
-0.035611
-0.029199
-0.008556
-0.005072
-0.044901
0.061206
0.085571
-0.004546
0.006167
-0.015654
-0.003838
-0.012443
-0.008158
-0.020414
-0.005414
0.127606
-0.004192
0.002459
-0.004814
0.001924
-0.015735
0.009580
-0.010715
0.009801
0.075288
-0.008938
-0.010320
-0.007947
-0.023506
0.008215
0.025409
-0.003366
0.061181
-0.019912
-0.004860
-0.005666
-0.019051
-0.010067
-0.002342
-0.015670
0.004637
-0.015008
0.017990
-0.007333
-0.001681
0.018028
0.029186
0.009049
-0.012429
-0.034030
-0.009937
-0.001616
0.010106
0.001846
-0.010232
-0.012385
-0.009167
-0.037766
-0.007734
-0.006616
-0.006811
0.015463
-0.022764
-0.017759
-0.006436
0.051443
-0.001619
-0.016020
-0.011329
-0.001819
0.000432
-0.004707
0.000153
0.009245
-0.017999
-0.029935
0.007614
0.000036
-0.015164
-0.027680
-0.021776
-0.017566
0.008815
0.003948
-0.003227
0.013198
-0.009181
0.017465
0.018829
-0.021595
-0.022310
-0.018676
0.009483
0.003549
-0.009969
-0.017515
0.002511
-0.025808
0.005090
0.100143
-0.009988
-0.015657
-0.022828
-0.004593
0.044005
-0.014898
0.011333
-0.002376
-0.008876
-0.012256
0.000846
0.038969
0.006390
0.001993
-0.025042
-0.013247
0.025911
0.019374
-0.009681
-0.002153
-0.003828
-0.014022
0.049475
-0.004166
-0.011861
-0.013624
0.040811
0.001749
0.036820
0.029792
-0.031656
0.000127
-0.011129
0.009458
-0.000331
-0.008404
-0.028165
-0.033661
-0.005882
-0.011253
0.007453
0.014897
0.100136
-0.023761
0.033224
-0.004869
-0.028562
-0.011570
0.005963
-0.011262
0.004499
-0.014370
0.001750
0.005302
0.001232
-0.003355
-0.003400
-0.005874
0.025478
-0.025213
0.081501
-0.011278
-0.018445
-0.003610
-0.010008
0.032369
-0.049553
-0.028144
0.014945
-0.003708
0.000064
0.027943
0.009137
-0.001651
-0.009415
-0.026054
0.000118
-0.017931
-0.010843
-0.001662
0.014149
-0.013426
0.059238
-0.012186
-0.002305
-0.000040
0.065498
0.001091
0.003940
-0.002134
0.010765
-0.006065
-0.008854
0.003243
0.005618
-0.025944
-0.009178
-0.014027
-0.017198
-0.000681
0.056834
0.011514
0.010219
0.003677
0.015137
-0.011950
-0.015733
-0.007783
0.006489
-0.002544
-0.024853
-0.001293
-0.003502
0.017097
0.003119
0.003206
-0.032059
-0.001591
0.006897
-0.006362
-0.010687
0.019135
-0.008457
-0.018571
0.029375
0.001156
0.016778
-0.025498
-0.015749
0.027268
-0.015238
-0.015490
-0.003148
0.018321
-0.008645
0.008750
-0.025087
-0.009115
-0.003939
0.007465
-0.021347
0.001715
-0.035247
0.025599
0.056906
0.024343
0.173742
-0.022607
-0.008474
-0.025379
-0.040083
-0.058723
-0.016288
-0.008046
-0.004494
0.001325
-0.027202
-0.010553
-0.003594
0.003574
0.000726
0.028215
0.068962
-0.047327
-0.011307
0.035642
-0.020038
-0.016329
-0.032078
-0.000309
-0.009620
-0.005043
-0.006077
0.117161
-0.000384
-0.008742
-0.006063
0.007148
-0.010154
-0.007484
-0.010719
-0.002510
0.000514
-0.017985
0.002241
-0.010260
-0.010650
-0.024726
0.106834
0.069887
0.005828
-0.040603
0.012129
0.029351
0.003117
-0.012556
-0.014377
-0.007290
0.055943
-0.009917
0.004562
-0.006446
-0.006013
0.014623
-0.007433
-0.006161
-0.001311
0.006948
0.029472
-0.005384
-0.018581
-0.015551
-0.011512
0.000367
0.078724
-0.016256
0.004598
-0.010158
-0.000318
0.014222
-0.006719
0.005656
-0.009917
-0.022057
0.005517
-0.022114
-0.007317
-0.007141
-0.005954
-0.009756
-0.009617
-0.008094
0.025802
-0.011955
-0.005097
0.082714
-0.014651
-0.021720
-0.004442
-0.013250
-0.012074
0.006361
0.006917
-0.035347
-0.027270
0.039703
0.001568
0.011790
0.006076
0.001364
0.015652
-0.037799
0.029488
0.039466
-0.020216
-0.040644
0.011905
0.036726
0.091749
0.078451
-0.004651
0.067506
-0.000402
-0.029939
0.003949
-0.015643
-0.022158
0.070100
-0.006005
-0.028624
-0.000760
0.057797
0.074826
-0.016555
0.003154
-0.002382
0.070298
-0.021532
-0.027698
-0.018106
-0.014136
0.005871
0.005573
-0.004166
-0.012264
-0.005594
-0.012211
-0.000181
-0.002212
-0.011314
0.003465
-0.005560
-0.007122
0.011195
-0.021258
0.009806
-0.009341
-0.005152
0.006724
-0.051223
-0.014307
-0.035708
-0.006492
-0.009568
0.000381
-0.008836
0.000247
-0.021810
-0.022209
0.075546
-0.014028
0.019436
-0.051181
-0.009775
-0.002392
-0.023240
-0.001663
0.002988
-0.004781
-0.027663
-0.016593
0.005415
-0.006605
-0.001565
-0.000617
-0.009120
-0.014678
0.024390
0.023305
0.013061
0.023869
-0.016684
0.049704
0.029641
-0.000703
-0.007003
-0.031440
-0.012455
-0.018511
-0.039803
0.052323
-0.023439
-0.083393
0.003140
-0.036823
0.002778
0.032007
0.117917
0.115539
0.157154
0.006474
-0.001346
0.006880
-0.026675
-0.017324
0.096052
0.002980
-0.016069
-0.012769
-0.017962
0.002521
0.092266
0.005673
-0.021527
0.002777
0.014578
-0.013322
-0.007291
-0.001963
0.000603
-0.017072
-0.031636
-0.006606
-0.003336
-0.052329
-0.019633
-0.004949
-0.004252
0.003738
-0.010893
0.002603
0.015740
-0.017513
0.043180
-0.004564
-0.009829
-0.014837
-0.017338
-0.037700
-0.000396
-0.015803
-0.005252
-0.004769
0.013650
-0.004863
-0.002214
-0.015094
0.002627
-0.012947
0.012761
-0.008310
0.002507
-0.021242
0.047492
-0.012125
-0.005993
-0.027315
-0.007127
0.059605
0.000708
-0.001842
0.000482
-0.004555
0.001249
-0.004882
-0.010833
-0.016993
0.008475
-0.003991
0.014370
0.084529
0.028412
-0.017173
-0.032455
-0.022845
-0.014371
-0.017037
-0.003595
-0.021711
-0.005132
0.000647
-0.000076
0.012466
-0.020029
-0.015273
0.005439
-0.010842
0.026299
-0.068208
-0.007262
-0.010598
0.028144
-0.014868
0.027115
-0.015587
0.001099
0.018154
0.051847
0.022879
-0.009315
0.104410
0.005247
-0.017751
0.001040
-0.004576
-0.045890
-0.024814
-0.006980
-0.085457
-0.005123
-0.001389
-0.000512
0.006413
0.020472
-0.004696
-0.013830
-0.016568
-0.019026
-0.003586
-0.023755
0.000631
-0.010260
-0.002693
-0.015289
-0.001415
-0.005110
-0.003031
-0.010784
-0.013868
-0.029758
-0.022065
-0.015063
-0.012638
-0.001336
-0.000772
-0.017551
-0.006666
0.011497
-0.011974
0.010956
-0.048956
-0.030789
0.006692
0.002976
-0.001594
-0.029184
-0.001539
-0.028951
-0.028566
-0.003715
-0.013178
-0.001847
-0.007291
-0.014723
-0.021383
-0.015258
-0.030678
0.009598
-0.012440
0.036358
0.002339
-0.006162
0.010012
-0.021834
0.052938
0.039275
0.002792
0.027416
-0.014052
-0.003677
-0.006517
-0.039497
-0.013022
-0.009836
0.002379
-0.002345
-0.028412
-0.001421
-0.015609
0.037422
-0.006433
-0.005675
-0.002887
-0.001211
0.036842
-0.010883
-0.011478
0.070341
0.017302
-0.013600
-0.004554
-0.005284
0.001168
0.003394
-0.003934
-0.002651
-0.013387
-0.007972
0.019530
0.084686
0.015317
-0.004088
0.032584
-0.014313
0.007871
-0.008466
0.036841
-0.007074
0.001303
-0.005774
0.010716
0.011901
0.006778
-0.001982
-0.001974
-0.008079
0.031386
-0.013441
-0.011981
0.001849
-0.011020
0.005132
-0.049134
-0.010121
-0.006435
0.041297
0.023628
-0.007208
-0.005744
-0.019116
-0.008671
0.075667
0.003723
-0.018497
-0.008231
-0.002350
-0.011227
0.025295
-0.025849
0.005112
0.062023
-0.018625
0.032307
-0.005530
-0.004053
-0.013021
0.022178
-0.005785
0.007721
0.002008
-0.002787
-0.010095
0.113946
-0.004124
-0.005129
0.007134
-0.028784
-0.013975
0.076357
0.007963
-0.012001
-0.009818
0.010111
-0.003635
0.001374
0.005887
-0.007725
0.002573
0.003984
-0.050572
-0.032998
0.013906
-0.017749
0.021352
-0.004649
-0.027090
0.047961
-0.011018
0.002431
-0.008549
0.003961
-0.010646
-0.055769
-0.014671
-0.007581
-0.003942
-0.003811
-0.031888
-0.005689
0.021178
0.009083
-0.012981
0.029334
-0.003583
-0.013879
-0.011950
-0.006009
0.005195
0.008206
0.001372
0.078945
-0.005417
0.005623
-0.014847
-0.015922
-0.011699
-0.030060
0.000600
-0.024298
-0.019486
0.001567
0.001120
-0.007632
0.058125
-0.009402
-0.036398
-0.020497
-0.006407
-0.006937
-0.032194
-0.004583
-0.013537
-0.022574
-0.023158
-0.044979
-0.004976
0.008097
-0.023032
-0.018409
-0.006962
-0.010168
0.008154
-0.000739
0.018970
-0.002723
-0.007485
0.003944
-0.001956
-0.012636
0.011650
-0.011666
-0.002036
-0.000632
-0.002047
0.000590
0.004428
-0.013105
-0.018658
-0.000169
0.012220
0.056850
-0.003882
-0.013711
-0.049348
0.000037
0.005878
-0.011933
0.009235
0.003242
-0.003522
-0.002428
0.012074
0.006422
-0.006142
0.004021
0.052374
0.019870
0.007391
0.137803
0.141850
-0.013311
-0.010855
0.011696
-0.025256
0.019276
-0.019583
-0.008766
0.003776
0.003688
0.004463
-0.020866
-0.017591
-0.003151
-0.015669
-0.005078
-0.009494
-0.019493
-0.004579
-0.007740
0.018846
0.024206
-0.026282
0.039990
0.012985
0.097142
-0.005881
0.000705
-0.002599
0.000418
0.003392
-0.001365
-0.005608
0.016413
-0.041579
0.026445
-0.029325
0.016422
-0.009949
-0.015744
-0.029957
-0.002420
-0.002572
-0.012835
-0.016666
-0.000676
-0.023117
0.007888
-0.009530
-0.003571
-0.006301
0.001738
-0.006050
-0.008005
-0.007698
-0.007409
-0.024986
-0.033692
-0.012418
0.009583
0.001904
-0.011647
-0.019174
-0.008270
-0.001814
-0.010391
0.109769
-0.025362
-0.017239
-0.020964
-0.007729
-0.005072
0.000585
-0.021975
-0.042899
-0.023746
0.048627
-0.016652
-0.027765
-0.046671
-0.023949
-0.035945
0.026721
-0.024267
-0.015046
-0.016372
-0.026894
0.007925
-0.043971
0.005961
-0.008188
0.008007
-0.000577
0.000381
0.014250
0.003543
-0.026039
-0.001773
-0.001175
-0.016428
0.018279
-0.022814
0.005308
-0.014438
0.006775
0.057365
-0.018330
-0.001934
-0.006483
0.007420
0.006427
-0.020992
-0.004491
-0.022194
-0.009208
0.061949
0.049899
0.012061
0.000935
-0.004696
0.003819
-0.008492
0.005241
0.004457
0.000819
-0.006014
-0.003210
-0.013470
-0.006450
-0.002602
0.004381
0.029945
0.001394
0.021637
-0.009507
-0.018342
0.002116
0.001699
-0.002056
-0.017190
-0.053024
-0.008757
-0.018984
-0.002740
-0.016823
-0.020633
0.008665
-0.016086
-0.004566
0.012377
0.004418
0.000133
0.015643
-0.006811
0.008708
-0.008058
-0.007695
-0.002119
-0.011556
-0.016287
-0.010698
-0.022782
0.000538
-0.004726
-0.003964
-0.021449
-0.010143
0.000824
-0.006963
-0.004520
-0.003843
0.003143
-0.012388
-0.029454
0.019712
0.049770
0.121647
0.003266
0.032017
0.111330
0.003104
-0.000685
0.000631
0.030832
-0.013342
-0.000955
-0.004747
-0.035517
0.018801
0.071925
0.005660
-0.021998
-0.018451
-0.002962
0.019045
-0.044878
0.034678
-0.024687
0.001680
0.051078
0.002202
-0.012551
-0.007782
0.002324
-0.006261
-0.002945
-0.020169
0.049232
-0.018116
0.007268
0.019629
-0.029003
-0.001765
0.034747
-0.021076
-0.010340
-0.027663
-0.026953
0.006000
-0.017728
-0.014236
0.032981
0.023094
-0.007608
0.012248
-0.007541
-0.008950
-0.010386
-0.001792
-0.024525
-0.010604
0.002924
0.023166
-0.014210
0.114322
-0.011591
0.043521
-0.001965
0.012357
-0.000975
0.020247
0.009470
0.029355
-0.010110
0.101816
0.000810
-0.015354
0.047918
0.082287
0.018381
-0.000203
0.071323
-0.018958
0.027849
-0.008392
0.064062
-0.003362
-0.017473
-0.005153
0.000942
-0.004103
-0.007136
-0.001047
0.024729
0.006719
-0.004159
-0.008030
-0.009233
-0.003349
0.032192
-0.002970
-0.021771
-0.001241
0.029466
0.003030
0.006445
-0.009123
-0.007714
0.013515
0.018111
-0.035796
-0.014300
0.006639
0.022591
-0.034592
-0.017431
0.004219
0.018535
-0.006278
0.036010
0.001750
-0.011215
-0.009448
-0.012140
-0.001092
-0.042801
-0.030200
-0.018120
-0.002517
-0.016956
-0.002533
-0.025104
0.010642
0.026142
-0.007802
-0.001868
-0.009112
-0.002849
0.005875
0.002351
0.038648
0.004965
-0.008944
-0.019593
-0.000771
0.005517
-0.017990
0.019782
0.022690
-0.002453
0.014573
0.042160
-0.008269
0.018286
0.031136
0.002364
0.013570
0.007143
0.022549
-0.023633
-0.009775
-0.017899
-0.016077
0.010406
-0.019080
-0.002863
0.006644
-0.006304
0.087106
-0.002445
-0.011856
-0.010716
-0.005306
-0.035480
0.067954
-0.010811
-0.000975
0.004335
-0.007900
-0.002666
0.023389
0.104239
-0.029729
0.020146
0.004588
0.030053
0.006270
0.000393
-0.001878
0.003921
0.013379
0.003938
-0.013996
-0.005081
0.028648
-0.018424
-0.021042
0.014797
0.023148
-0.034846
-0.044630
0.080937
0.044087
-0.003461
-0.006374
-0.029806
0.009909
-0.002713
-0.012223
-0.022252
-0.013003
0.002468
-0.019054
-0.007579
-0.009531
-0.002268
-0.009610
-0.015149
0.012590
0.007039
0.062439
0.001111
-0.019870
0.010903
0.063321
0.005280
0.022655
-0.011915
-0.005298
-0.018170
-0.008210
-0.002776
-0.008092
-0.012402
0.025016
-0.014844
-0.003653
-0.035732
-0.033880
0.011336
0.036488
0.079900
-0.038023
-0.011822
0.000330
-0.018544
-0.010246
-0.006102
-0.015274
-0.015539
0.008123
-0.024169
0.008345
0.019965
0.164735
-0.002859
-0.005773
0.001468
0.012929
-0.025661
0.078856
-0.002888
-0.003646
-0.008796
0.001039
-0.006564
-0.011373
0.011658
0.010529
-0.010872
-0.011391
-0.016827
-0.001873
0.007603
-0.014005
-0.044538
-0.022391
-0.000669
0.047965
0.016057
0.081829
0.005664
0.000098
0.007841
-0.004957
0.001785
0.014907
-0.007429
-0.049182
-0.001180
-0.010143
-0.010615
0.003273
0.007324
-0.039703
-0.015802
0.004689
-0.011495
-0.005385
0.005624
-0.000395
-0.042572
0.008798
-0.019741
0.072291
0.011629
0.008164
-0.024645
0.088409
-0.026673
-0.016766
-0.002156
-0.013077
-0.000669
0.035181
-0.003710
-0.013811
0.002130
0.003134
-0.003360
0.003457
-0.001721
-0.015150
0.010945
0.010621
0.002693
-0.026288
0.032117
-0.011254
0.014005
-0.012104
-0.011591
0.000941
-0.015019
-0.023415
0.004904
0.003122
0.018223
0.000133
-0.009300
-0.027577
-0.012853
-0.016460
-0.005040
-0.010146
-0.017394
-0.014878
-0.009344
-0.019401
-0.001898
-0.033511
0.017469
-0.033787
-0.010381
-0.018255
-0.006953
-0.000349
0.001462
-0.004147
0.069663
-0.016618
0.003144
0.081248
-0.004697
0.126140
-0.011744
0.012901
-0.011169
-0.007580
-0.007178
0.019070
-0.009928
-0.002355
-0.012207
-0.008541
-0.038911
-0.002998
-0.013321
0.017739
-0.044359
0.007931
-0.036850
-0.013341
0.007252
-0.012444
-0.009159
-0.007977
-0.012994
-0.011264
0.075423
0.000591
0.030530
0.011833
0.002412
-0.008077
-0.000409
-0.009302
-0.003465
0.006479
-0.003236
-0.000367
0.011296
0.010295
-0.008917
-0.029705
-0.008741
-0.016718
0.015637
0.003990
-0.016658
0.023512
-0.036406
-0.000856
0.007797
-0.010743
-0.004010
-0.002918
-0.005070
-0.009838
-0.015413
-0.000290
-0.015351
-0.036682
-0.020870
0.003517
-0.016131
0.004845
-0.007368
-0.012467
-0.006554
0.000717
0.000689
0.047747
-0.011483
-0.008350
0.010028
-0.013415
0.002006
0.009068
0.015859
0.001950
0.003239
-0.036242
0.013591
-0.013341
-0.000262
0.082122
-0.010935
0.010884
0.015018
-0.002044
-0.002347
-0.013441
-0.004567
-0.004120
-0.002397
-0.006698
0.000093
-0.014814
-0.008365
0.047690
-0.021517
-0.013330
0.004261
-0.040052
-0.015412
-0.022612
-0.007120
-0.002228
-0.002216
0.010788
-0.036174
-0.009133
-0.015045
0.001735
-0.017407
-0.023996
-0.005355
-0.012418
-0.010147
0.085531
0.025264
-0.019115
-0.000069
-0.004440
-0.004475
-0.045831
-0.004361
-0.009161
0.103105
-0.027939
-0.022085
-0.004913
0.033126
0.006286
0.005450
-0.007986
-0.005847
0.079948
-0.007596
0.003004
0.009330
0.007788
-0.018071
-0.010479
-0.010386
-0.002302
-0.007280
0.025885
-0.007872
-0.005016
0.002700
-0.005530
0.013012
0.002094
0.050814
-0.015319
-0.009802
-0.000005
-0.012292
-0.026196
-0.014342
-0.029505
0.002689
-0.005759
-0.024358
-0.006603
-0.025468
-0.008498
-0.014175
-0.003617
-0.014182
0.011664
0.009508
-0.001503
-0.007278
-0.044647
0.017421
0.001911
0.015002
-0.011817
-0.035565
-0.002839
-0.018022
-0.010939
0.008547
-0.002431
-0.020719
0.024415
-0.013690
-0.019570
-0.004271
-0.001077
-0.021002
0.002596
0.001178
-0.002042
0.044568
0.018452
-0.003327
-0.034818
0.004710
-0.010084
-0.129602
-0.002862
-0.008317
-0.014149
-0.005135
0.004425
-0.019870
-0.013507
0.014815
-0.005223
-0.018939
-0.005622
-0.011678
-0.021844
-0.013007
-0.010762
0.034278
-0.015838
-0.006789
0.057421
-0.028606
0.014377
0.002034
-0.015665
-0.003084
0.042116
-0.001995
-0.020641
-0.010922
0.005612
-0.019750
-0.016841
0.002246
0.000413
-0.003104
-0.000786
0.000468
-0.000233
-0.005451
-0.003741
0.007664
-0.019344
0.012548
0.053159
0.056052
-0.010548
0.013133
0.002949
0.016209
-0.012908
-0.011041
0.008355
0.001961
0.011940
-0.014704
0.000042
0.005688
0.034643
0.011842
-0.003725
0.012326
0.061333
-0.024953
-0.006022
-0.018678
0.023842
0.046399
0.008551
-0.010783
0.003338
-0.002781
-0.013723
0.004106
0.003638
-0.068940
-0.050012
-0.048368
-0.007805
-0.009573
-0.008702
-0.006177
-0.011193
-0.003542
-0.024554
0.000523
-0.000639
0.002517
-0.017903
-0.001400
0.000177
0.011295
0.006251
-0.010729
-0.015290
-0.019688
-0.010169
-0.000574
-0.001209
0.005640
0.182946
-0.020157
-0.011486
0.004166
0.027912
-0.013027
0.009120
-0.016669
0.067484
0.049058
-0.004211
0.058389
-0.038550
-0.027283
-0.008337
0.004919
0.024030
0.020708
-0.037243
0.014421
-0.007755
0.026093
-0.022960
-0.005963
0.012299
0.021626
0.030068
0.019691
0.030917
0.009078
-0.002669
0.003346
-0.002699
-0.000706
0.008847
0.119888
0.103028
0.022223
-0.005589
0.015205
0.013379
0.011003
-0.024021
-0.021755
-0.001503
0.002785
-0.001681
-0.006856
0.035713
-0.010035
-0.008589
0.003109
-0.023869
-0.016565
0.002782
-0.017731
-0.005918
-0.011202
-0.031216
-0.000640
0.017554
0.000216
-0.028738
0.014311
0.035548
-0.008180
0.006309
-0.017079
-0.009604
0.002981
0.007423
0.007421
-0.019659
-0.000958
-0.024985
-0.008182
-0.010870
-0.010418
-0.016501
0.003486
0.009060
-0.003276
-0.001376
0.002469
0.010600
-0.009679
0.043894
-0.005387
-0.003873
0.004143
0.009480
-0.025674
0.049220
-0.003181
-0.015819
-0.012380
0.006592
-0.003203
0.025237
0.004969
-0.003458
-0.027583
-0.017457
-0.018338
0.003196
0.012566
-0.000597
-0.017798
0.010844
0.026973
0.007540
0.001474
-0.006309
0.003489
-0.010712
-0.013383
0.037815
0.003969
-0.003954
0.002355
-0.017570
0.005693
-0.042676
0.028714
0.012479
-0.001142
0.087443
0.087419
-0.016796
-0.027632
0.052356
0.062977
0.101307
0.014485
-0.001151
-0.000103
-0.003431
-0.018662
0.022042
-0.010736
0.105742
-0.009393
-0.011207
-0.005940
0.022350
0.010328
-0.009327
0.001918
0.031538
-0.006097
-0.004629
-0.016138
-0.000166
0.014331
-0.001288
-0.001804
0.031905
0.007004
-0.029563
-0.004898
-0.021692
-0.017519
-0.001602
-0.006343
-0.007596
-0.014548
-0.018878
-0.010675
0.006509
0.043960
0.001183
-0.004545
-0.000485
0.005165
0.000189
0.105920
-0.008619
0.004619
0.000534
0.051444
-0.042283
-0.011873
0.016745
-0.007271
0.082700
-0.049969
0.069286
0.002897
-0.007865
-0.012996
0.010177
0.001796
-0.006651
-0.007207
0.007242
-0.014351
-0.018952
0.029323
0.004532
0.005695
0.006849
-0.000203
-0.006709
0.021775
-0.000727
0.005343
-0.039341
-0.030660
-0.022739
-0.003832
0.011370
-0.020543
-0.030077
-0.010235
0.004552
-0.019787
0.026167
0.002873
0.010950
0.009523
0.000494
-0.019882
-0.023015
-0.004205
-0.009401
0.053692
0.009851
-0.013001
-0.004383
-0.017007
0.037762
-0.018340
-0.014539
0.004367
-0.010708
-0.006970
-0.016245
-0.019830
0.016661
0.000502
0.019379
0.011364
-0.023962
-0.003186
-0.011690
0.086351
-0.006814
-0.004537
0.062689
-0.003911
-0.045295
-0.018768
-0.078248
-0.058833
-0.081258
0.000249
-0.000874
-0.026115
-0.099501
-0.069856
0.029521
-0.028830
-0.054276
-0.068258
-0.009644
-0.015582
-0.034709
-0.008984
-0.034263
-0.006615
0.012428
-0.015057
-0.005641
-0.004504
-0.015994
-0.027176
-0.024765
-0.020972
0.004773
-0.046535
-0.003518
-0.006484
0.010662
-0.009451
-0.030202
-0.002384
-0.011644
-0.005047
0.003660
-0.014987
-0.022550
0.006568
-0.006914
-0.005961
-0.001611
-0.037144
-0.001189
-0.106918
-0.084849
-0.083110
-0.004673
-0.008560
0.064557
-0.004421
0.013021
-0.009105
-0.011226
0.000632
0.010436
0.094921
-0.012915
0.011063
-0.002618
-0.011473
-0.009750
0.028224
0.002023
-0.012590
0.012760
-0.049945
-0.006657
-0.004011
0.002617
0.001212
-0.015585
0.019658
-0.014076
-0.007522
0.021129
0.013774
-0.026112
0.001238
0.010487
0.003247
0.000786
-0.017543
-0.003070
0.002917
-0.011532
-0.013192
-0.006103
-0.018108
-0.018990
0.016820
-0.008109
-0.077089
-0.001700
-0.002823
-0.005982
-0.043589
0.010808
-0.005950
-0.009089
-0.007486
0.021061
0.002315
0.011766
-0.009946
-0.010696
-0.004130
-0.003154
-0.026598
0.002679
-0.018516
0.002768
0.035992
0.001128
-0.014577
-0.008339
-0.007733
0.002594
-0.009740
0.002524
0.013585
-0.009132
-0.003725
-0.003063
-0.005771
-0.002537
-0.032992
0.000121
-0.015877
-0.019350
-0.011197
0.003817
-0.033997
0.030219
-0.003858
0.023118
-0.016788
-0.026311
0.010942
-0.006235
0.033736
0.034764
-0.019419
0.015670
-0.005792
-0.027218
0.028896
0.002203
-0.007138
-0.017531
0.002513
-0.018024
-0.013839
0.069483
-0.012064
-0.054344
0.018323
-0.002432
0.015443
-0.029833
0.005761
-0.028046
-0.010020
0.014712
-0.019625
-0.009160
0.003517
0.001918
-0.015791
-0.015727
0.015306
-0.023318
-0.030462
-0.008376
0.004859
-0.015714
0.013078
0.001751
0.003642
0.002480
-0.000729
0.001885
-0.007495
-0.015897
0.026857
0.007153
0.011409
-0.005312
-0.010551
0.001587
0.007793
-0.012078
-0.031618
-0.005646
0.015999
0.003685
-0.003216
-0.013825
0.011615
0.027898
0.056865
-0.017153
-0.004912
-0.004632
-0.016055
-0.001716
0.085246
0.016427
0.001500
0.057726
-0.001281
-0.002085
0.048758
-0.001166
0.066355
0.001068
-0.002879
-0.001377
0.003261
0.005732
-0.006848
-0.003073
-0.003842
0.001541
-0.006555
0.001707
0.004232
0.004480
-0.015480
0.004623
-0.005330
-0.011358
-0.019782
-0.000921
0.014770
-0.012469
-0.033118
-0.019269
-0.008218
-0.003651
-0.011596
-0.014560
-0.026270
-0.001588
-0.016422
-0.020789
0.154890
-0.012907
-0.002839
0.001336
0.003932
0.000011
0.037522
-0.005627
0.004917
-0.002484
-0.024193
-0.023140
-0.007588
0.028627
-0.005504
0.007461
-0.010151
-0.012646
-0.005440
-0.007155
-0.028623
-0.049199
-0.005759
0.008162
-0.010264
-0.003000
-0.028970
0.003617
0.020028
-0.008088
0.000883
0.004691
-0.000169
0.000976
-0.010877
0.122563
-0.021577
-0.009642
-0.006502
-0.003450
-0.005849
0.067605
0.005506
-0.003582
0.138112
-0.020015
-0.035032
-0.031860
-0.041496
0.038445
-0.002005
-0.004102
-0.001876
0.003194
-0.004557
-0.018279
0.005901
0.081352
0.024704
-0.006330
-0.002337
-0.011536
-0.003931
-0.019219
-0.022449
-0.033709
0.004118
-0.013615
0.006927
-0.005637
-0.005676
0.033033
-0.002261
0.082919
-0.018121
0.017283
-0.017966
-0.029234
0.031393
0.093059
0.003137
-0.035313
-0.001094
-0.028926
-0.007033
0.012337
-0.003893
-0.008795
-0.016004
-0.015167
-0.004752
-0.002675
-0.042532
-0.003416
0.024005
0.034385
0.017076
-0.007900
0.057792
0.000901
-0.002780
0.007511
0.005492
-0.016998
0.002475
-0.023916
-0.005943
-0.030912
-0.019231
-0.013841
0.013370
0.014961
0.006759
-0.009185
-0.007905
-0.001200
-0.021631
0.002543
-0.016186
-0.008244
-0.012747
-0.014501
0.084060
-0.000918
-0.017055
-0.032450
-0.006281
-0.008793
0.000626
0.002374
0.059576
-0.013428
-0.001005
-0.032388
-0.007128
0.012703
0.041383
-0.026088
-0.008548
-0.003138
0.003976
-0.007047
0.021542
0.023290
-0.003957
0.019325
0.009593
0.033761
-0.001381
-0.006012
-0.023070
0.003695
-0.024958
-0.003067
0.036025
-0.001788
0.088200
0.050863
0.003382
0.004918
-0.011909
-0.019135
0.084361
0.000405
0.008623
0.038570
-0.009670
-0.013936
-0.018095
-0.004375
0.003229
-0.015042
0.003389
0.006261
-0.006885
-0.011653
-0.004542
-0.000420
-0.003198
-0.004793
-0.019158
-0.001888
-0.063105
-0.003308
0.031809
-0.004460
0.000919
0.010485
-0.020546
0.013786
-0.018106
-0.012179
-0.019756
-0.016927
-0.001629
-0.013937
-0.014766
-0.027581
-0.001506
-0.029989
0.005589
0.001462
-0.054248
-0.004680
-0.025323
-0.023131
0.008583
0.050572
0.010602
0.007031
0.003900
-0.022617
-0.002533
0.090269
0.084972
0.016364
0.014209
0.157646
-0.009150
0.048765
-0.045842
-0.012591
0.007141
0.000436
-0.034841
-0.049854
-0.006159
-0.001267
-0.008378
0.021766
-0.030754
-0.015571
-0.007450
-0.005265
-0.031094
-0.000521
0.032344
-0.011488
-0.021322
0.068544
0.001651
-0.005573
-0.012507
0.056284
-0.020981
-0.048651
0.014742
0.008213
-0.029475
-0.032015
-0.011693
-0.032864
-0.020960
-0.006144
0.029819
0.024123
-0.026346
-0.024009
0.000853
-0.001638
0.032441
-0.002532
0.055692
-0.005642
0.009696
0.006508
-0.006014
-0.018099
-0.005221
-0.025576
0.006018
-0.011098
-0.029710
0.001615
-0.030623
-0.057637
0.007020
-0.012474
-0.000020
-0.004396
0.008227
-0.001606
0.027087
0.030935
0.027102
0.007455
-0.003955
-0.006929
0.003459
-0.019006
-0.001832
-0.023830
-0.005905
-0.002173
0.000431
-0.007338
0.011220
0.022363
-0.010118
-0.019322
-0.011727
-0.002892
0.052597
-0.008288
0.006527
-0.021051
0.007736
-0.049689
-0.001700
0.096020
-0.005637
-0.042089
-0.023072
-0.034114
-0.010311
0.019983
0.056326
-0.000148
-0.011624
-0.017947
-0.002000
-0.049321
0.014496
-0.056126
0.002355
0.011878
-0.038151
0.002108
-0.025175
-0.027197
-0.004235
-0.018398
0.025364
0.002744
-0.020913
-0.006064
0.004710
0.000861
-0.031466
0.009238
0.002288
-0.016672
-0.013572
0.001073
-0.014496
0.004814
-0.016709
-0.006057
-0.011233
-0.046602
-0.005615
0.007252
-0.027841
0.053052
0.043328
0.013017
-0.024949
-0.009301
0.002590
-0.013269
0.010667
-0.007295
0.017296
-0.005204
-0.007162
0.000404
-0.022090
-0.017647
-0.013934
-0.018943
-0.018778
0.046343
0.007874
-0.028769
-0.002540
-0.029763
0.004831
-0.040193
-0.017657
-0.027349
-0.006855
-0.009592
0.011445
-0.009614
-0.014769
0.009218
0.008512
-0.008449
0.001663
-0.007320
0.025219
-0.047787
0.031011
-0.027543
0.074859
0.039651
0.004308
0.013906
0.020308
-0.008516
-0.005590
0.033696
0.003134
-0.006706
-0.007787
-0.007542
-0.010485
0.001948
-0.001134
0.001869
0.007870
-0.001499
-0.021534
-0.018215
-0.010250
-0.013412
-0.004200
0.035137
-0.001072
0.000130
-0.004146
-0.003997
-0.045546
0.002181
-0.005421
-0.001378
0.006526
0.039555
-0.011321
0.000293
-0.015439
0.004666
0.004540
-0.000496
0.029598
0.014942
-0.021962
-0.026773
-0.002187
-0.014342
-0.004333
0.008425
-0.014955
-0.006773
-0.022918
-0.016561
0.015744
0.002853
0.012046
-0.048294
-0.004422
0.007407
-0.015787
0.029219
0.012457
-0.005576
0.005372
-0.004589
-0.014445
0.010642
0.005625
-0.001426
0.001146
0.002399
0.023091
0.050387
-0.000528
-0.019351
-0.006679
-0.027095
-0.009611
-0.000687
0.151875
-0.023293
-0.006423
-0.010858
0.072546
0.001939
0.051434
0.005574
-0.010385
0.046613
0.004990
0.000430
-0.016092
0.053916
-0.022732
0.051395
-0.010382
0.018250
-0.001402
-0.014245
-0.022308
0.069273
-0.006431
-0.002081
-0.005376
0.021431
-0.007021
0.156868
0.075809
0.000827
-0.003258
0.020727
0.001112
-0.017311
-0.012008
-0.009122
-0.018601
0.031694
-0.002267
-0.011829
0.056321
0.001115
-0.020439
0.084001
-0.002600
-0.024490
-0.017037
0.080300
0.006809
0.028848
-0.005227
0.038580
-0.001194
0.015047
-0.009897
-0.012196
0.055335
-0.004161
-0.023007
-0.001894
0.006738
0.036624
0.001127
-0.006623
-0.012495
-0.009799
0.000893
0.001598
-0.009600
-0.016144
0.001050
0.002322
-0.007143
0.008602
-0.021125
0.006994
-0.017729
-0.001862
-0.000484
0.025803
0.091015
-0.005285
0.010987
0.000947
-0.001399
-0.003935
0.030704
-0.003638
-0.003669
-0.023779
-0.010597
-0.014902
-0.027739
-0.017193
-0.017261
-0.012180
-0.008544
-0.017733
-0.034063
0.019554
-0.024488
-0.022916
-0.005081
-0.020857
-0.030207
-0.000698
-0.005242
-0.008658
0.035798
-0.012771
-0.014158
-0.010369
-0.024195
0.002621
0.000149
-0.002399
-0.002467
-0.001006
-0.001246
0.065041
-0.010829
-0.001437
-0.009004
-0.019551
-0.007670
-0.000986
-0.007089
-0.000206
-0.009723
-0.008652
0.001601
-0.002539
-0.009159
0.062197
0.058294
-0.005843
-0.011529
0.014380
-0.018955
-0.031084
0.001586
-0.002392
0.029374
-0.008108
-0.002824
-0.034958
0.013941
0.000209
0.027666
-0.006801
-0.014677
-0.011432
-0.012014
-0.019209
-0.001122
-0.008308
0.019741
0.005918
-0.016944
-0.019131
-0.003106
-0.015201
0.002983
-0.011353
-0.004792
-0.022652
-0.021409
0.007379
-0.049432
-0.021672
-0.008130
-0.002172
-0.008069
-0.028857
-0.025164
-0.000281
0.009211
-0.024493
-0.019502
0.001532
-0.004194
0.018697
-0.005795
0.002305
-0.031090
-0.034904
-0.007188
-0.006620
-0.008433
-0.012576
0.004053
-0.005762
0.001412
-0.001419
-0.000598
-0.020657
0.050777
-0.012705
0.047834
-0.005503
-0.003711
-0.027039
-0.017124
0.018783
0.000904
0.012609
-0.004601
-0.009766
-0.013319
0.004952
-0.011515
0.007941
-0.004951
0.044735
0.007558
-0.024315
0.018098
-0.005712
0.014282
0.056675
0.060689
-0.012703
-0.006209
-0.011699
0.016440
0.003832
0.036761
0.066987
0.037738
0.004088
0.013592
-0.006352
-0.015576
0.004672
-0.011205
0.014933
-0.007544
0.001818
-0.006776
-0.011068
0.003925
-0.007444
0.007830
-0.013765
0.009141
0.073084
-0.014347
-0.004840
0.084860
0.002921
-0.025515
-0.009360
0.001946
-0.000749
-0.014590
0.057252
-0.021927
-0.016478
-0.012287
0.028320
0.010431
-0.007552
-0.021995
0.001683
0.008797
0.002337
-0.012136
-0.008539
-0.010833
0.006989
0.020968
-0.031168
-0.000872
-0.031569
-0.020105
0.009987
-0.014043
0.008260
-0.010285
-0.018751
-0.006340
-0.001325
0.015964
-0.012134
0.009962
-0.000469
-0.015623
-0.026060
-0.026327
0.005458
0.014994
-0.014028
0.011297
-0.005953
-0.031348
0.003425
-0.014238
-0.014459
-0.003407
-0.036056
-0.005529
0.030423
-0.006641
0.025576
-0.013306
0.000576
-0.002400
-0.012044
-0.015188
-0.004056
-0.000383
0.029560
-0.004619
-0.012342
-0.008175
-0.010606
0.011519
-0.003313
0.032929
-0.004487
-0.008953
-0.019561
-0.009381
-0.019682
-0.017824
-0.006837
0.013463
0.018005
0.066984
0.009905
0.014839
-0.004242
0.004754
0.011655
0.001042
-0.009049
0.001805
-0.012347
0.003690
-0.013768
0.006975
-0.025075
0.010070
-0.012017
0.037884
0.044836
-0.002407
0.002676
0.022982
-0.032125
-0.006345
-0.005213
0.088658
-0.013613
0.030150
0.047417
-0.009044
-0.003133
-0.003151
-0.004173
-0.004195
-0.007437
-0.002699
-0.008604
-0.006193
-0.026922
-0.000684
0.000428
-0.009698
-0.000118
0.000317
-0.016732
-0.019311
-0.010149
-0.025953
-0.021424
-0.002499
-0.022607
0.047897
-0.000341
-0.001248
-0.003156
0.003985
0.000114
0.070194
-0.017537
-0.004218
-0.028307
-0.001381
0.005504
-0.005053
0.007087
0.021860
0.030940
0.006730
-0.023915
-0.005218
-0.004325
0.001198
-0.028169
0.012469
-0.020519
-0.012200
-0.024491
-0.015348
-0.003684
-0.013907
-0.011335
-0.009753
0.082686
0.020538
-0.007222
-0.005121
-0.019127
0.019422
0.007599
0.052229
0.008688
0.002260
0.007050
0.002208
0.022696
-0.005197
-0.027292
-0.012695
0.038208
-0.022176
-0.006106
-0.008294
-0.005000
-0.005169
-0.003742
-0.011026
-0.028758
-0.000641
-0.014472
0.069129
-0.009176
-0.004033
-0.004381
0.001500
0.019558
-0.007619
-0.020760
-0.005080
-0.009242
0.005378
-0.027300
0.042320
0.004363
-0.017049
-0.019673
-0.002169
0.004002
-0.029299
0.067102
0.004052
-0.021213
-0.005475
0.057794
-0.027718
-0.039286
-0.002181
0.002092
0.000745
-0.023926
0.008484
0.000961
-0.002769
0.011435
-0.003863
-0.008206
0.007298
0.005935
-0.024168
-0.005132
-0.003920
-0.009910
-0.030775
-0.005096
-0.030048
0.002532
0.001720
-0.032595
-0.016521
0.019734
0.101594
-0.009908
-0.002673
-0.005191
0.034509
-0.023523
0.017301
-0.007425
-0.014427
-0.012207
-0.013549
0.019685
-0.013969
0.014128
0.012382
0.082653
0.003126
-0.006446
0.051658
-0.031210
0.007758
-0.022309
-0.010899
-0.001500
-0.007471
-0.009320
-0.004438
-0.007410
0.011158
-0.053137
0.001477
0.014339
0.005488
0.020828
-0.028625
-0.024784
-0.001355
-0.020545
-0.010938
-0.008462
0.021052
-0.024802
-0.023159
0.053135
-0.012562
0.028235
-0.004932
0.004978
-0.004897
-0.000789
0.012795
-0.001027
0.099544
-0.022192
0.012172
0.003421
-0.014843
-0.013617
0.000301
0.061085
-0.016393
0.014927
-0.016109
-0.008216
-0.017277
-0.003204
-0.021036
-0.002880
0.005625
-0.012375
0.016064
-0.008846
-0.033187
0.059798
-0.037911
-0.012013
0.072387
0.077406
-0.007336
-0.010869
-0.001440
0.001380
-0.024147
-0.023422
-0.015364
0.112987
0.006359
0.016038
0.028604
-0.023041
-0.036738
-0.030168
0.016567
0.149626
0.020583
-0.000320
-0.015749
-0.015132
-0.001209
-0.000374
-0.027992
0.001584
0.003746
-0.012431
0.015013
-0.033586
-0.019818
-0.007972
-0.009738
-0.020297
-0.004742
-0.045148
-0.012700
0.007653
0.003336
-0.004377
-0.001601
0.038417
-0.003927
-0.017349
-0.018188
-0.011489
-0.007471
-0.015275
-0.015155
0.005360
-0.008634
0.024361
-0.012032
-0.013682
-0.023454
0.009964
-0.011801
0.014017
-0.015029
-0.025925
-0.008091
-0.018782
-0.005573
0.023246
-0.018721
0.013347
-0.010153
-0.004356
0.044121
-0.011444
-0.011294
-0.025130
-0.014334
0.033930
-0.011476
-0.044852
0.008903
-0.013549
0.010860
0.006456
-0.016684
0.014525
-0.010157
0.020567
0.017359
-0.032903
0.028410
-0.018969
-0.022354
0.004345
-0.008317
-0.023528
0.000718
-0.020543
0.061389
0.007689
0.021784
-0.018573
-0.002518
-0.001463
0.060759
-0.024357
0.014035
0.021309
-0.011271
0.030166
-0.028684
0.003359
0.009763
0.001408
-0.018434
-0.025523
0.028047
0.013357
-0.001392
-0.020076
0.026150
-0.005199
0.047137
0.021343
-0.012901
-0.003642
-0.035206
-0.000489
0.001027
-0.016091
-0.003315
-0.017435
-0.033381
0.012541
-0.012031
-0.010710
-0.006827
0.008432
-0.001589
-0.012460
0.049988
-0.032939
0.019753
-0.018438
-0.030043
-0.024191
0.043124
-0.010598
0.073528
-0.000119
0.000967
0.049191
-0.016925
-0.002395
-0.004012
-0.023365
-0.010257
-0.003507
-0.017005
-0.002503
-0.004236
-0.024549
0.009309
0.006607
0.000068
0.036264
-0.011061
-0.021160
-0.014549
-0.009328
-0.002432
-0.015683
0.004918
-0.011714
-0.001199
0.020413
0.014309
0.001447
0.070085
-0.027352
-0.026500
0.011186
-0.032756
-0.011343
-0.014152
-0.027265
0.230539
-0.000447
-0.032152
-0.011462
-0.008896
-0.023811
-0.019633
0.004551
-0.026960
-0.008773
-0.003719
-0.036368
0.109404
0.015546
0.048159
0.006341
-0.008051
-0.004517
-0.011250
-0.002270
0.000564
0.011829
-0.004815
-0.015181
-0.006537
-0.003089
0.001395
-0.011576
-0.028707
-0.018997
-0.048939
0.022313
-0.018702
-0.041968
-0.007785
-0.001235
-0.009561
-0.002662
0.007104
0.006305
0.017548
0.020283
0.007942
-0.014741
0.001260
0.004053
-0.017119
-0.011767
0.005072
0.001563
0.006673
-0.016935
-0.007249
-0.023036
-0.032615
-0.052118
-0.017465
0.001495
0.007371
-0.020727
-0.011047
0.041595
-0.005219
-0.014563
-0.002227
-0.019201
-0.007787
0.069786
0.063340
-0.032699
-0.003705
0.028499
-0.017137
0.022225
-0.004155
0.004028
-0.012212
0.024745
-0.026943
-0.013494
-0.009837
-0.006277
-0.018317
-0.005203
-0.021271
-0.029713
0.031762
0.003936
-0.015879
0.048322
-0.006713
-0.005727
-0.011889
-0.028627
-0.013252
-0.024105
-0.005580
-0.012209
-0.004275
-0.039281
-0.015155
-0.014176
-0.010944
0.011817
-0.008108
0.012113
-0.019270
0.004897
-0.013871
-0.025912
-0.008448
-0.008228
-0.023037
-0.015778
-0.006187
0.016545
0.001081
-0.006601
0.054861
-0.003389
0.013059
-0.007428
-0.000617
-0.000334
-0.005130
-0.018354
-0.032230
-0.059163
-0.023227
-0.017873
-0.012256
-0.004941
-0.032503
-0.013905
-0.000345
-0.014096
-0.009170
0.006985
0.007215
0.004446
0.011344
-0.012311
-0.001126
-0.016563
-0.014069
0.011618
-0.007132
-0.006029
-0.026501
0.009836
-0.014060
-0.006920
0.023246
-0.002041
0.000017
-0.009520
-0.008732
-0.021367
0.011812
0.000261
0.002166
0.006885
-0.007201
-0.026344
0.097116
-0.007902
0.003119
0.008689
-0.000353
-0.035438
0.039855
0.099713
0.020179
-0.008900
0.028406
-0.032518
-0.004156
0.162086
-0.024536
-0.005451
0.006389
-0.015000
-0.009803
-0.001249
-0.003577
-0.012146
0.007326
-0.001371
-0.017630
0.040896
-0.011558
-0.008284
0.003622
-0.008120
-0.064398
-0.023387
0.051128
0.000965
-0.003312
-0.022595
-0.014122
0.012794
0.005777
-0.000523
0.007291
-0.000408
-0.030467
-0.020694
0.002265
0.055925
-0.015322
-0.004503
-0.002296
-0.013413
0.002553
-0.003407
-0.037540
0.002655
-0.011758
-0.032013
0.005522
-0.013755
-0.001636
0.048520
-0.009643
0.003723
-0.052309
-0.034362
0.008267
0.005847
0.024251
-0.025166
-0.036824
-0.018562
-0.013378
-0.011907
0.001370
-0.001447
-0.002160
0.041857
-0.012248
-0.002904
-0.005705
-0.021923
-0.003078
-0.007876
0.045338
-0.024964
-0.001833
0.056612
0.001358
-0.000749
-0.003981
0.013905
-0.025730
-0.001376
0.006872
-0.029943
0.003034
-0.021719
0.002807
-0.020789
-0.002931
-0.025418
-0.003088
-0.014694
-0.013605
-0.004931
-0.003585
-0.012940
0.034536
0.016042
-0.020585
0.013790
-0.026324
-0.011377
0.047099
0.055221
-0.012069
-0.008865
-0.001075
-0.002637
-0.017204
-0.008092
-0.027217
-0.031071
0.015509
-0.005172
-0.025619
-0.039633
-0.001951
-0.006802
-0.010768
-0.006088
0.042034
-0.006514
0.031466
-0.038977
0.001434
-0.012081
0.037507
-0.030063
-0.011827
-0.006454
-0.000489
0.009636
0.075800
-0.008834
-0.024444
-0.005304
-0.037023
-0.026904
0.003958
0.058743
0.050202
0.011157
-0.022767
-0.007827
0.036078
0.097856
-0.000830
-0.056171
0.012754
-0.034139
-0.013573
-0.002514
-0.022122
-0.002281
-0.009245
-0.020235
-0.002385
0.043899
-0.008682
-0.011954
-0.017241
0.035267
-0.003652
-0.001965
-0.025814
-0.007899
-0.032653
0.003326
0.008241
-0.007370
-0.025424
-0.003871
0.009587
-0.007180
-0.020777
-0.001310
0.003902
-0.012000
0.011490
-0.019184
-0.001813
-0.011076
0.054322
-0.003559
0.003940
0.060530
-0.028916
-0.004758
-0.003939
-0.001290
-0.005935
-0.010478
0.020935
0.033376
0.030759
0.007838
-0.021454
-0.015720
-0.007428
-0.016838
-0.010281
-0.016250
0.014092
-0.054265
-0.028719
-0.011322
0.005859
-0.012063
-0.029395
0.006104
-0.015338
-0.018617
0.002594
-0.000564
-0.023744
0.021329
-0.009678
-0.000497
0.005752
0.024753
-0.027121
0.005996
0.002005
-0.009946
-0.009809
-0.011075
0.001632
-0.015409
0.035115
0.010351
-0.002637
-0.026760
0.004045
-0.009649
-0.010659
-0.015115
-0.014188
-0.013337
-0.029391
-0.021620
0.076922
-0.000805
0.017931
0.006159
-0.028670
-0.032034
-0.022524
0.020943
-0.002717
0.000276
-0.012516
-0.001949
-0.013406
-0.014091
-0.016509
0.004849
0.008301
0.046614
0.007606
0.009262
0.097843
-0.046162
0.025706
-0.010033
-0.001536
-0.030510
-0.002040
-0.012410
0.063890
-0.033124
-0.033886
-0.024075
-0.006492
-0.016780
0.000511
-0.020815
-0.005630
-0.017047
0.000815
0.038875
0.001601
-0.026817
-0.007498
-0.018485
-0.026812
-0.012542
-0.003192
-0.005347
0.003840
-0.010775
-0.012228
0.010677
-0.023485
-0.013505
0.008299
0.003521
-0.000033
0.003678
-0.030395
-0.015930
-0.004081
-0.028340
-0.005164
0.001064
0.013643
0.011863
-0.002468
-0.016862
-0.022234
0.093455
-0.002765
0.001275
-0.017738
0.001081
-0.011952
-0.011937
0.021613
0.021759
-0.020507
-0.017505
-0.020861
0.025247
-0.021193
0.012341
-0.042040
0.000695
-0.006985
-0.001481
0.000893
0.008544
-0.004783
-0.002831
0.004542
0.015527
0.005264
-0.019814
-0.012251
-0.013474
-0.005760
-0.007825
-0.030217
0.008810
0.042021
0.038308
0.002579
0.012555
-0.009644
0.004079
-0.006181
0.019352
0.013135
-0.008524
-0.028217
0.043062
-0.006354
-0.001973
-0.000517
-0.001918
0.000287
0.003882
-0.031689
-0.003804
-0.019396
0.009634
0.003982
0.003122
-0.020656
-0.006159
-0.020791
-0.001998
0.001344
-0.004752
-0.005831
0.031147
0.028318
-0.004066
-0.007977
-0.004734
0.015328
-0.006587
0.025889
-0.013415
-0.016887
-0.020991
-0.030922
-0.017284
0.060269
0.010147
-0.000585
-0.002291
-0.013542
0.009476
0.004462
-0.002099
-0.008119
0.007215
-0.017399
-0.008766
-0.000119
-0.018766
-0.009273
-0.016661
-0.058216
0.011780
0.023914
-0.009587
0.037996
-0.000613
0.101023
0.021980
-0.000009
0.012542
0.005168
0.001572
0.008833
-0.047808
-0.018868
0.003164
-0.035902
-0.011986
-0.012100
-0.008651
-0.005711
-0.022171
-0.007398
-0.026763
0.011758
-0.000986
0.000249
-0.000546
0.110830
-0.012979
-0.007673
0.038095
-0.035551
-0.003434
0.001276
-0.027053
0.001297
-0.018419
0.007234
0.004057
-0.013858
0.006543
0.057339
-0.022502
0.021929
0.004132
-0.015497
-0.002105
-0.006657
0.059084
0.072836
-0.022466
-0.022273
-0.026938
-0.014111
-0.013502
0.048992
0.001948
-0.002129
0.001280
0.009215
-0.012704
0.000037
-0.000945
0.012688
-0.004154
-0.018298
0.030848
-0.020089
0.000868
-0.004968
-0.021399
-0.001124
-0.018784
-0.017463
-0.039652
0.000215
0.006066
-0.007913
-0.004478
0.001806
-0.023767
-0.014440
-0.016376
-0.020808
-0.002976
0.005910
-0.031431
-0.005390
-0.001225
0.025171
0.014074
-0.004939
-0.033912
-0.021167
0.017036
-0.055727
0.005549
-0.015807
0.028731
0.132974
0.031521
0.011249
-0.002744
0.001221
-0.001191
0.049517
0.020937
-0.008640
-0.012652
0.008182
-0.042469
0.018601
0.099427
0.021631
-0.007153
0.069175
-0.055528
-0.000513
-0.008172
0.006262
-0.000999
-0.017275
-0.018643
-0.015348
-0.012493
-0.023094
-0.008882
0.002605
-0.011321
0.009683
0.002320
-0.032092
-0.008156
0.046435
0.014693
-0.005788
-0.025024
-0.042985
0.016139
-0.001181
0.018636
-0.004515
0.005015
-0.001422
-0.004991
-0.000920
0.010053
-0.042128
-0.004333
-0.006026
0.007750
-0.048370
-0.021835
0.010401
0.056783
-0.014502
-0.019871
0.002769
-0.015465
-0.005053
-0.023562
-0.019789
-0.002360
0.010799
0.043173
0.086158
-0.003601
-0.060150
-0.003534
-0.010969
0.042761
-0.028905
-0.003228
0.023864
0.015935
0.011505
-0.000284
0.006382
-0.009259
-0.000629
-0.013705
-0.002486
0.021410
0.031485
0.013271
0.033034
0.032119
-0.040442
0.003023
0.017720
0.059248
0.010276
0.027835
0.007341
-0.017688
-0.026534
-0.000011
-0.019391
-0.007250
0.009630
-0.006520
-0.004777
0.076638
-0.018548
0.021065
0.043409
0.018145
0.000643
-0.008177
0.049663
-0.008230
-0.015912
0.019157
0.003190
0.133452
-0.011370
-0.007535
0.004372
-0.010154
-0.010978
-0.013122
0.004521
-0.002871
0.058079
-0.014185
0.001778
-0.027889
-0.031188
0.010766
0.006193
-0.001589
-0.002695
0.003354
0.004260
0.005072
-0.009710
-0.009461
0.018610
-0.041322
-0.002336
-0.033734
-0.001627
-0.038260
0.012365
-0.005803
-0.022871
-0.007895
0.007969
0.001748
-0.001162
0.011666
-0.023561
-0.023363
-0.002088
-0.002810
-0.017695
-0.013863
-0.004029
-0.002413
-0.004432
-0.002113
0.010295
-0.008428
-0.024832
0.006031
-0.004106
0.003598
-0.002721
0.000298
-0.011468
-0.023295
0.005123
-0.007128
0.074661
0.068149
-0.000080
-0.008685
-0.034931
0.013211
-0.013931
-0.006590
0.004467
0.007828
0.005695
-0.000531
0.038079
0.000346
-0.002367
0.047882
0.002431
0.002099
-0.022148
-0.014787
-0.006680
-0.007435
0.026083
-0.014993
-0.010150
0.001086
-0.017948
-0.006522
-0.006229
0.000090
-0.020562
0.003180
-0.000704
-0.004066
-0.035166
0.013688
0.014302
-0.008256
0.062205
-0.005210
-0.000108
-0.028116
-0.002755
0.072737
-0.009743
-0.001174
-0.004172
0.031132
0.000861
0.057925
-0.001634
0.046319
-0.006919
0.040761
-0.027005
-0.026579
0.066036
0.180953
0.007858
0.001616
-0.025029
0.004528
0.008172
-0.001243
-0.004231
-0.015494
-0.014696
-0.026753
-0.010579
-0.010433
0.024025
-0.029011
0.041921
0.000295
-0.003896
-0.021680
0.022266
-0.005485
-0.008133
0.006386
-0.013158
-0.002026
0.006429
-0.007181
0.004110
-0.015378
0.008107
0.001747
-0.001278
-0.005078
0.062963
-0.046919
-0.014423
0.001555
0.019943
-0.018888
0.003312
-0.003986
-0.013204
-0.004843
-0.013422
-0.020413
-0.022847
-0.032858
0.048513
0.034996
-0.034776
0.012429
0.004653
-0.018625
0.004265
0.002874
-0.015766
0.022214
0.004214
-0.014120
0.011795
-0.016203
-0.061427
0.000480
-0.000719
-0.005796
0.011036
-0.009906
-0.013100
-0.006206
-0.042966
0.032648
0.076511
0.047101
0.032504
0.007604
-0.027842
-0.014895
0.009785
0.032581
-0.003928
-0.009535
0.005581
-0.014875
0.003441
-0.004471
-0.019144
-0.022474
-0.013809
-0.023509
-0.016344
-0.000916
-0.018241
-0.007157
-0.001512
-0.015554
0.009394
-0.011994
-0.013413
-0.014657
-0.007781
-0.024669
0.039347
-0.018813
-0.009376
0.025965
-0.004776
-0.008003
-0.015794
0.001909
-0.005356
-0.005728
0.007613
-0.014400
-0.041905
0.000966
0.000357
-0.004412
0.000611
-0.001922
0.033573
-0.030115
-0.008421
-0.017952
-0.018397
-0.026762
-0.006875
0.001188
0.046509
-0.018909
-0.007156
-0.054536
-0.022880
0.010414
0.011928
0.008310
-0.006185
-0.016010
-0.012940
0.000004
0.045586
-0.019330
0.004871
-0.023660
-0.046772
0.005694
-0.008350
0.002409
-0.016330
-0.020631
0.004568
0.044066
-0.000838
0.030281
-0.002127
-0.006102
0.005407
0.002303
-0.010577
0.004494
0.014994
-0.014485
-0.034336
-0.006638
-0.012632
0.002536
0.071637
-0.021929
0.016150
-0.025021
-0.009339
-0.022743
-0.002782
-0.026447
0.008209
0.024436
-0.015436
-0.012256
-0.051573
-0.017026
0.023421
-0.000874
0.002497
0.002358
0.023746
-0.004004
-0.000242
-0.010450
-0.031859
0.012429
-0.009067
-0.014356
0.006752
-0.019141
0.007861
-0.009007
-0.022144
-0.000182
0.001887
-0.002127
-0.017578
-0.006300
0.006560
-0.016805
-0.015435
-0.012589
-0.013422
0.004799
-0.002461
-0.031849
0.008074
-0.005054
-0.015896
-0.002828
0.002824
-0.012380
0.004779
0.002986
-0.000031
-0.012077
-0.024819
-0.037464
-0.008177
0.050219
0.000572
0.094019
0.140035
-0.040016
-0.009123
-0.017784
0.000276
-0.022024
-0.007306
-0.001612
-0.004749
0.000475
-0.019109
0.074022
0.059011
0.141659
0.144061
0.008315
0.012405
-0.010203
-0.032469
-0.009899
0.000446
-0.020322
-0.023026
0.009137
-0.002943
-0.007732
-0.012058
-0.005948
-0.005638
-0.027153
0.029701
0.030643
-0.004848
0.028557
0.008880
-0.031822
-0.015060
0.002355
-0.026312
-0.013395
-0.002165
0.022056
0.005223
-0.006117
-0.020602
-0.003891
0.003498
-0.024955
0.000645
0.003983
0.000713
-0.009835
0.022841
-0.004316
-0.000637
-0.020982
-0.032094
0.007216
-0.025952
-0.006180
0.010831
0.002545
-0.013104
-0.006341
0.000266
-0.003943
-0.016059
-0.003333
0.000689
-0.002234
-0.000307
0.000926
-0.007359
-0.017937
0.004210
-0.020384
-0.010433
-0.004067
0.006238
0.007548
-0.012120
-0.024874
0.008949
-0.007619
0.011897
-0.003079
-0.017664
-0.011126
0.111719
0.016867
0.011622
-0.013977
-0.004588
-0.016084
-0.009150
0.002639
-0.009328
-0.007617
0.004106
0.018182
-0.003637
-0.000059
-0.012917
0.009530
-0.015077
0.026599
0.043317
-0.016402
0.028671
0.052872
-0.000714
0.004283
0.000201
0.012907
0.004162
-0.000734
0.006380
0.006016
0.006178
-0.000369
-0.003129
-0.008949
0.003504
0.001391
-0.020460
-0.014922
-0.005571
-0.010350
-0.003597
-0.003467
-0.001696
-0.013046
0.013382
-0.036898
0.011121
0.006435
0.017895
0.034823
-0.012287
-0.022532
-0.006818
-0.024965
0.012458
0.086078
-0.018391
0.004528
-0.024531
-0.062601
-0.016426
-0.016400
-0.008165
0.007272
-0.020747
-0.024834
-0.033017
0.044427
-0.004927
0.005153
-0.020091
-0.018280
-0.000882
-0.010038
-0.012018
0.029305
-0.001328
0.020710
-0.008036
0.021010
0.033507
-0.018476
-0.022183
-0.025022
-0.000998
-0.021152
-0.008920
-0.017864
-0.030600
0.007776
-0.015675
0.001306
0.002219
0.007095
-0.005439
-0.009758
0.023894
0.022030
-0.021028
0.011732
-0.023343
-0.015802
-0.010298
0.007301
-0.004139
-0.006309
-0.003445
-0.016387
-0.007535
-0.000620
-0.013364
-0.002689
0.000907
-0.012788
0.001940
0.071126
-0.013076
0.004327
-0.013673
-0.017744
0.029512
-0.010645
-0.017969
-0.007805
0.002569
-0.023878
-0.031098
-0.065040
-0.006823
-0.012308
-0.012452
0.016464
-0.015540
-0.010870
-0.014521
0.036926
-0.073945
-0.010090
0.009672
0.001089
0.010939
-0.030069
0.008104
0.021083
0.000892
-0.011646
-0.000436
-0.004485
-0.000628
0.002426
-0.034853
-0.001113
-0.016567
-0.010227
-0.028971
-0.018634
0.000713
0.004457
-0.020138
-0.010118
0.037673
0.001420
-0.007157
-0.020035
-0.000941
0.009200
0.033886
-0.008700
-0.023012
-0.005325
-0.019543
-0.018842
-0.028438
-0.001854
-0.005407
0.007855
-0.004035
-0.001453
-0.030698
-0.007395
-0.016707
-0.001970
-0.008107
0.001942
-0.022504
-0.016914
0.006774
-0.022350
0.016866
-0.028462
0.005526
0.001084
-0.006287
-0.005466
-0.006427
-0.006150
-0.005083
-0.006181
0.004975
-0.027202
-0.025564
-0.004402
-0.014671
0.002305
-0.007864
0.141125
0.007183
-0.021052
-0.032115
-0.025884
0.011006
-0.042124
0.007189
-0.004772
-0.004155
0.055009
-0.008343
-0.003332
-0.010266
0.003785
-0.023557
-0.027117
-0.005074
-0.043639
-0.046960
-0.003334
-0.003121
-0.017734
0.012399
-0.008482
-0.006069
-0.006557
-0.021164
-0.011500
-0.008498
-0.001466
-0.009348
-0.001501
0.013813
-0.005331
-0.003063
-0.005092
-0.009690
0.012165
-0.002254
0.015207
0.020552
-0.007610
-0.008637
-0.003394
-0.010987
0.013914
-0.001948
-0.018560
0.000074
0.044932
-0.009347
-0.013741
-0.020948
0.004289
0.000252
-0.015278
-0.019683
0.059574
0.024101
0.113532
-0.005472
-0.027772
0.040754
-0.013258
0.001680
0.004171
0.006992
0.005596
-0.026824
0.001376
0.000063
-0.017069
0.012354
-0.005562
-0.003855
-0.001108
0.004771
0.009278
-0.000409
-0.000002
-0.003230
0.024945
0.004397
-0.021555
0.000901
-0.008522
0.000452
-0.004592
0.009985
-0.022766
0.003092
-0.018024
-0.028660
0.004975
0.006525
0.014289
-0.013584
-0.005319
0.031461
-0.018988
-0.015237
-0.017099
-0.018775
-0.016780
0.000840
-0.030457
-0.016671
0.001396
0.061177
0.212266
0.070416
0.078041
0.133662
0.014162
0.007097
-0.025977
0.002676
-0.026358
-0.026075
-0.005556
-0.008808
-0.014597
-0.000235
-0.000260
-0.009538
0.082179
0.021511
0.029943
-0.002547
0.005525
-0.006243
-0.022938
-0.012134
-0.019831
0.008940
-0.029151
-0.014470
-0.001815
0.041488
-0.006569
0.095823
-0.001717
-0.026734
-0.027893
-0.006593
-0.002453
-0.006545
0.026630
0.009230
0.001940
-0.007697
-0.015433
-0.022622
-0.007678
-0.013583
-0.007063
0.016172
-0.007549
0.012174
-0.019541
-0.014497
0.030040
0.001679
0.030226
0.012801
0.108933
-0.021556
-0.020957
0.005477
-0.017049
0.019808
-0.015110
0.000981
0.017127
-0.000905
-0.024796
-0.030258
-0.003784
0.016442
0.003478
0.008824
0.001831
0.004009
-0.014287
-0.003057
-0.004581
-0.007621
-0.015424
-0.003286
0.027770
0.015032
-0.006029
0.001545
-0.022086
-0.008043
0.016267
-0.000989
-0.004557
-0.005153
-0.010004
0.027108
-0.002874
-0.012556
0.044189
0.003648
0.042527
-0.004057
0.027607
-0.005265
-0.004929
-0.013217
0.004702
0.002991
-0.013715
-0.017742
-0.008498
0.004088
-0.016209
-0.009000
-0.026168
-0.007697
0.001171
-0.009854
-0.015896
0.010486
-0.006911
0.001954
-0.002524
0.009748
-0.000448
0.047815
0.017580
0.006133
-0.002464
-0.004862
-0.008036
-0.001767
0.004896
0.003941
-0.002741
0.010821
-0.003991
0.010078
0.109484
-0.006628
-0.009132
0.054591
0.006786
-0.014718
0.000842
-0.001254
0.039152
0.031089
-0.000019
-0.010514
0.010193
0.000294
0.038896
0.017671
-0.004323
-0.007212
0.005283
-0.007924
-0.000399
-0.019714
-0.007764
-0.022872
0.025339
-0.005880
-0.018899
0.045139
-0.020511
-0.005888
-0.005718
0.003717
-0.011442
-0.012677
0.008207
-0.007995
-0.022858
0.010569
0.003181
-0.007364
-0.000618
-0.013125
0.053519
0.009099
-0.001677
-0.019418
-0.007885
-0.014194
-0.007758
-0.001575
-0.004571
0.006801
0.005251
-0.007777
0.016941
-0.014214
-0.032381
0.001364
-0.024918
0.016727
-0.008644
-0.001410
-0.004948
0.003890
-0.024519
-0.000066
0.060048
-0.002420
-0.009368
-0.013295
-0.014822
0.002941
0.015714
0.003915
-0.003256
-0.006185
-0.022794
0.000344
-0.017894
-0.000200
-0.015758
-0.011790
-0.006867
-0.041686
-0.057533
-0.021525
0.002058
-0.017985
-0.012893
0.003725
0.001438
0.000470
0.015780
0.009647
-0.006990
0.018963
-0.000276
-0.005563
0.003579
-0.004581
-0.015964
0.083978
0.004745
0.003145
-0.000089
0.087603
-0.018681
-0.002006
-0.006750
-0.000785
-0.003041
-0.002627
-0.001841
-0.001147
-0.006797
-0.009756
0.000594
-0.010388
-0.001573
0.014937
0.001042
-0.008679
0.019357
0.009205
0.002751
-0.007112
-0.005190
-0.012032
-0.006919
0.026044
0.001896
0.006154
-0.007959
-0.008812
0.013391
0.001775
-0.007707
-0.003441
-0.005711
-0.013881
-0.015828
0.004089
-0.002920
-0.004658
-0.010410
-0.005029
0.008368
-0.005836
-0.015223
0.000000
0.001177
0.000116
0.051069
-0.012447
-0.005290
-0.013440
0.003679
0.002844
-0.003573
-0.013224
0.002906
-0.008641
0.011988
-0.003005
0.021628
0.066486
-0.008819
-0.010368
0.019371
0.000559
-0.028916
-0.005041
-0.010502
-0.007787
-0.003855
-0.008663
-0.000106
0.003164
0.101666
-0.006167
-0.012529
-0.003060
-0.002017
0.000982
0.042591
-0.009573
0.030098
-0.007047
-0.015130
0.088750
-0.002083
0.007531
-0.007628
-0.001689
0.001599
-0.048092
-0.005073
0.030531
-0.047770
-0.004131
0.005887
-0.000389
-0.005379
-0.025870
-0.017759
-0.006557
-0.008128
0.024754
-0.003392
-0.004851
-0.011859
-0.000874
-0.001048
-0.000956
0.022906
-0.017668
-0.020055
0.021365
-0.003056
-0.005627
-0.015630
-0.000232
0.035308
0.001058
-0.003381
-0.005619
0.001818
0.006862
-0.010888
0.008867
-0.009913
-0.011356
0.059906
-0.011794
-0.030225
0.030821
-0.042445
0.017769
-0.011439
-0.002625
0.002812
-0.021803
-0.004190
-0.010383
0.000638
-0.012654
0.004859
0.006803
0.004758
-0.001964
-0.008229
-0.005788
0.000883
-0.026934
-0.014891
-0.000006
0.040737
0.004975
0.006400
-0.008445
-0.000080
0.021221
-0.012815
-0.004026
-0.000059
-0.000818
-0.000391
0.001733
-0.001403
0.057349
-0.008734
-0.000288
0.019574
0.040089
-0.006266
0.008150
-0.000917
-0.011033
-0.043353
0.000019
0.002446
0.027800
-0.010630
0.038473
-0.006425
-0.012166
-0.013229
-0.001108
0.004012
0.014008
-0.009859
-0.014435
-0.016620
-0.016948
-0.014780
-0.016203
0.102353
-0.003092
-0.012107
-0.007708
-0.005119
0.046516
-0.020583
-0.010338
0.000545
-0.010986
-0.004253
-0.023817
0.005800
-0.003770
0.047018
0.038659
0.038689
-0.046561
-0.016406
-0.006861
0.037250
0.016051
-0.034780
-0.006273
0.013119
-0.021703
-0.014701
-0.001966
-0.028093
0.009550
-0.011834
0.025028
-0.013767
-0.002608
-0.043645
-0.026141
0.004743
-0.022237
0.036271
-0.039794
0.085120
-0.021132
-0.016533
-0.001142
0.006403
0.001399
-0.016978
-0.000688
0.008207
-0.009509
0.044477
0.001988
-0.007234
-0.014483
-0.008402
-0.000250
-0.006788
0.004519
-0.003434
-0.020350
-0.006426
0.003336
-0.003604
-0.008611
0.012368
0.003153
-0.014922
-0.042842
-0.000324
0.019968
-0.011321
-0.018760
0.003333
-0.004252
-0.009152
0.006999
0.006911
0.007025
0.006966
-0.028193
0.011261
-0.028660
0.006731
-0.010849
-0.013729
-0.007066
-0.006414
-0.032204
-0.012895
-0.008353
0.007225
0.116224
0.021697
0.018501
0.003052
-0.025819
-0.013654
-0.013097
-0.004834
-0.019271
0.113197
0.033581
0.139710
-0.023349
0.113013
-0.011246
-0.002423
0.044490
0.081749
-0.005714
-0.021485
-0.024044
0.024609
0.001683
0.020686
-0.020055
-0.001345
-0.030395
0.018884
-0.003414
0.165827
0.011195
-0.015956
-0.007740
-0.004153
-0.017704
0.031408
0.031205
-0.003625
0.075627
0.031261
-0.005881
-0.015999
0.079360
0.007950
0.050004
0.025682
0.033516
0.005032
0.035828
0.003836
0.006912
0.019174
0.019797
0.020855
0.024349
0.037985
-0.016484
0.033340
0.015033
-0.004342
0.008842
-0.005812
-0.021739
-0.002844
0.045639
-0.005787
-0.009422
-0.003837
-0.013801
-0.021873
0.013871
-0.006291
-0.011515
-0.032561
0.021628
0.027145
-0.011012
0.060876
-0.027327
0.015619
0.002603
-0.015557
-0.000771
-0.001431
-0.024616
-0.026568
0.011250
0.002905
0.002652
-0.001966
0.004170
-0.028823
0.029989
-0.009698
0.000106
0.011873
0.081437
-0.015385
0.004741
0.000308
0.058509
-0.013941
-0.016140
-0.006547
-0.001742
0.017734
-0.012922
-0.012001
0.013019
-0.012850
0.010394
-0.011412
0.024361
0.017574
0.009370
-0.001258
0.005490
0.040854
-0.001614
0.002381
-0.009906
-0.020679
-0.013366
-0.032058
0.008911
-0.001034
-0.013313
0.022730
-0.020390
-0.010794
0.027823
0.019757
-0.008733
0.143888
-0.010775
0.003444
-0.027722
0.015294
-0.014386
-0.005629
-0.010104
0.008282
-0.017087
0.006637
-0.001316
0.016585
-0.031485
0.003916
-0.024146
-0.016129
-0.005205
-0.012880
-0.014753
-0.030552
0.003461
0.003497
0.000169
0.009373
0.210261
-0.005043
0.005125
-0.003369
-0.002289
-0.013159
-0.000593
0.036568
-0.006460
0.096470
-0.016018
0.063661
0.005923
-0.003054
0.054945
-0.026915
-0.006687
-0.006020
-0.007350
-0.013811
-0.011650
-0.010332
0.010449
-0.005229
0.033308
-0.012914
0.026381
0.013433
0.134043
-0.018583
-0.007460
-0.002514
0.067228
-0.004416
0.003858
