0.000534
-0.000559
0.002385
-0.004817
0.000292
-0.011201
-0.002174
-0.006922
-0.001025
-0.023530
-0.001235
-0.005945
0.010449
-0.000849
0.001600
0.008537
0.006273
-0.002262
-0.041432
-0.004393
0.001911
-0.001275
0.001078
-0.014893
0.000555
-0.016250
0.005890
-0.003640
0.027673
-0.005182
-0.002397
0.013969
0.000323
-0.006500
-0.015319
-0.000767
-0.043977
-0.019206
-0.002904
0.001775
0.025970
0.018841
0.042815
0.104595
0.013345
0.044870
0.077385
0.252401
0.000380
0.006888
-0.005466
-0.024195
0.003640
0.006028
0.011611
-0.001107
0.009171
0.004138
-0.018045
-0.001826
0.000921
0.000117
-0.011571
-0.012146
0.021943
-0.014760
0.055594
0.002974
-0.002536
0.000158
0.000377
0.005389
-0.000259
-0.005551
-0.004281
-0.001162
0.003204
-0.011172
0.007268
0.009816
0.005063
0.005252
0.009231
-0.007373
0.003012
-0.006221
-0.000406
-0.029985
0.000717
-0.008874
-0.017333
0.000953
-0.004263
0.001897
0.006080
0.002586
0.004218
-0.018307
-0.007201
-0.013200
-0.008883
-0.003598
0.000220
-0.005575
-0.003594
-0.004287
-0.002471
-0.001919
-0.000494
0.006567
-0.019682
-0.002918
-0.022990
-0.032235
0.044482
-0.008661
0.004481
-0.001735
0.002111
0.005135
-0.033649
-0.009324
-0.013027
-0.001936
-0.013473
-0.012036
-0.003110
-0.009149
0.010418
-0.009160
-0.000358
0.006787
0.105677
-0.012512
-0.010638
-0.000909
-0.000584
-0.012758
-0.000043
-0.003295
-0.001311
-0.002210
-0.019366
-0.042522
0.005220
-0.003744
-0.004994
0.004155
-0.001119
0.004584
0.004510
0.012239
-0.034768
-0.044358
-0.008885
-0.025516
0.007753
0.005069
0.004834
0.017240
0.004114
-0.006645
0.011695
0.002088
0.062362
-0.009040
-0.060120
0.002832
-0.001073
-0.001389
0.000453
-0.000442
-0.023379
0.017690
-0.007835
-0.021911
0.000465
-0.015546
0.002486
-0.001342
0.004158
-0.003639
0.003110
0.008114
-0.003764
0.000231
-0.004502
-0.003145
-0.005444
0.001833
0.002470
0.002131
-0.005950
0.002217
-0.002383
0.000866
-0.001898
-0.004002
-0.001167
0.002443
-0.001126
0.062297
-0.006034
0.008889
-0.001215
0.006485
-0.006178
0.001909
0.011801
-0.003579
0.002085
-0.004947
0.005875
-0.026092
-0.005639
0.005603
0.021561
-0.009197
0.011893
0.002772
0.013216
0.006566
0.018016
0.007453
-0.004364
-0.006395
-0.002186
-0.002910
0.001056
-0.007727
-0.003144
0.003940
-0.012142
0.005884
0.015371
0.007125
0.000249
-0.063076
0.023785
0.016352
-0.001845
0.006239
-0.020258
0.031914
0.004624
0.010030
0.072517
0.051198
0.006214
-0.013204
-0.023898
0.019377
-0.009196
0.001793
-0.002750
0.001763
0.001766
-0.004020
-0.015234
-0.009455
-0.013310
0.016779
0.009039
0.031434
0.018895
-0.002757
0.040249
-0.017797
-0.000412
-0.015148
-0.035975
-0.017209
0.001657
0.005155
-0.010095
0.003833
0.011396
-0.002382
-0.013736
-0.006002
-0.004488
-0.008350
0.005929
-0.011653
0.011690
0.004787
-0.003030
-0.014200
0.048866
-0.001061
-0.006801
-0.007359
-0.002802
0.001959
-0.014724
-0.031645
0.011807
0.004571
-0.005741
0.000005
-0.015154
-0.007517
0.006693
-0.028817
0.038327
0.109145
-0.011162
-0.002514
0.017544
0.010799
0.001868
0.000254
0.008783
-0.011053
-0.022296
0.000825
0.032988
0.006979
-0.005728
0.001880
0.000751
-0.004320
0.007589
-0.010348
-0.009206
-0.005593
0.001778
0.003770
-0.002280
0.010017
0.001004
-0.053674
-0.007466
-0.001660
0.015565
0.007740
-0.006933
0.002013
0.020213
0.004585
-0.004066
-0.008377
-0.025940
-0.005095
0.004493
-0.016575
-0.009472
0.001407
-0.009063
-0.007687
-0.002248
0.027678
-0.004260
-0.002035
-0.012123
0.017766
-0.022886
-0.022205
-0.020967
0.015117
0.002215
0.096748
0.048839
0.001160
-0.003474
0.001606
-0.002646
0.001672
-0.012684
0.000422
0.042002
-0.005274
0.079970
-0.002280
0.007281
-0.004469
0.000349
-0.002509
0.014661
0.002922
0.000653
0.024264
0.054390
-0.004766
-0.001910
-0.030321
-0.023864
-0.002835
-0.017393
0.000159
-0.000332
-0.003134
-0.007703
-0.009246
-0.003697
0.007527
0.050240
0.004876
-0.013680
0.004501
-0.012193
0.006296
0.060363
0.000064
-0.022306
-0.004031
-0.000218
-0.001142
-0.011629
-0.012294
-0.010815
-0.007663
0.003524
-0.005629
-0.008322
0.005195
-0.003870
-0.005325
0.019844
0.028650
-0.038963
-0.019548
-0.000726
0.003738
0.006097
-0.017330
0.001180
-0.005237
-0.007269
0.029333
0.001969
-0.008695
-0.000178
0.003007
0.058053
0.067506
-0.035979
0.003819
-0.000479
-0.048532
-0.035979
-0.011881
0.002609
-0.003098
-0.012789
-0.003665
0.006718
0.000524
-0.005450
-0.005556
-0.009768
0.001351
-0.002025
-0.010648
-0.004105
-0.004896
-0.008419
-0.001354
0.059894
-0.007488
-0.000779
0.042956
-0.001677
-0.002597
0.011287
-0.001820
-0.029241
-0.005715
0.016120
-0.032004
-0.003160
-0.011183
-0.011207
-0.003264
0.047316
-0.020256
0.014984
-0.006136
0.007842
0.000802
-0.000568
0.007486
0.011458
-0.021834
0.015071
-0.008268
-0.008683
0.010994
-0.003120
-0.007021
-0.002954
0.017266
-0.014528
-0.004071
-0.006027
-0.011692
0.003029
0.001491
-0.006572
-0.001096
-0.000756
-0.003418
-0.002504
-0.014453
0.009627
-0.003855
-0.012653
0.010365
0.004093
-0.004472
-0.000250
-0.019075
-0.002535
-0.005958
0.004177
0.000625
-0.026517
0.001602
-0.018633
-0.011159
0.001067
0.001605
-0.005329
-0.000361
0.010080
0.022614
-0.003843
0.000688
-0.003877
-0.046228
-0.002724
-0.006006
-0.023971
0.001078
0.034543
-0.001933
0.010227
-0.005398
-0.017028
-0.028314
-0.008733
-0.003262
0.002718
-0.000587
-0.006146
0.010310
0.029135
0.011382
-0.004243
-0.004139
0.014290
-0.002137
0.003996
0.014393
-0.007644
-0.003414
-0.001383
0.031061
-0.004396
0.006913
-0.001197
-0.024240
-0.004718
0.010058
-0.003579
-0.020778
-0.009841
-0.000483
0.001545
-0.000723
-0.012834
0.002299
0.012195
-0.000332
0.000193
0.003686
0.001228
-0.003568
-0.010022
0.004378
-0.002585
-0.044539
-0.006030
0.109363
-0.016924
-0.009220
0.007320
0.003168
-0.000932
-0.001800
0.051519
0.006380
-0.010591
0.025749
0.077989
0.007069
0.059496
0.014300
-0.008127
-0.002281
0.010497
0.001364
-0.001156
-0.000569
0.007578
-0.004545
0.010647
-0.001827
-0.000038
-0.001427
-0.002365
-0.001439
-0.006032
-0.010523
0.001915
0.004371
-0.004841
0.000085
-0.001207
-0.001677
-0.004188
-0.008149
-0.018869
-0.011799
0.012897
-0.003592
-0.010844
-0.001388
-0.010440
-0.005256
0.003831
-0.016740
-0.009595
-0.001836
0.004480
-0.000909
0.001491
-0.006442
-0.041435
0.006326
-0.000777
0.002169
0.000202
-0.004867
-0.004802
0.003012
-0.018559
-0.021450
-0.002996
0.000844
0.001356
-0.004976
-0.000168
0.044707
-0.026092
-0.015984
0.019771
0.070133
-0.009330
-0.004695
-0.022477
-0.029692
-0.020944
-0.005693
-0.022030
-0.033165
0.005199
0.036405
0.006632
0.009601
0.027118
0.015383
0.009100
0.051198
0.004276
-0.001320
-0.012106
0.001748
-0.010903
-0.000929
0.012701
0.000351
0.058410
-0.000116
-0.016500
-0.005047
-0.010456
0.046169
0.037713
0.009490
-0.017394
-0.008785
0.000991
0.002259
0.010215
0.007584
-0.005250
-0.006041
-0.000163
0.007955
-0.008705
-0.003062
0.019604
-0.003585
-0.010711
0.007791
0.009864
-0.005430
-0.005632
0.056955
-0.040594
-0.029208
0.010786
0.011216
-0.030538
0.030711
-0.019515
0.006599
-0.001315
-0.008984
-0.009571
-0.008802
0.002198
-0.010644
0.000398
-0.020318
0.000685
-0.002819
0.003797
-0.006681
-0.014328
-0.002423
0.006013
-0.004471
-0.011615
0.027993
-0.004086
-0.007856
0.000668
-0.003711
0.005137
-0.013207
0.093720
-0.001416
0.080668
0.003606
-0.001222
0.006550
0.059032
0.013951
-0.001280
0.016111
-0.005604
-0.000805
0.025001
-0.003227
-0.006515
-0.000236
-0.025579
0.009949
-0.025776
-0.043334
-0.005695
-0.013308
0.009294
-0.000932
0.004282
-0.022051
-0.036372
-0.004660
0.008441
0.000342
-0.021650
0.011596
-0.013369
-0.021127
-0.000605
0.003929
-0.008532
0.006711
-0.009697
0.002905
-0.007395
0.004924
-0.000762
-0.031252
-0.015405
-0.004144
0.006262
-0.015085
-0.041041
-0.023710
-0.005243
-0.002577
0.043255
-0.011438
0.000357
-0.000570
-0.000556
0.011993
-0.006224
0.002717
0.000170
0.001748
0.000823
-0.006309
-0.006811
-0.009950
-0.017264
0.002175
0.012103
-0.010151
0.009801
-0.010316
-0.007676
-0.003550
-0.020904
0.087708
0.008949
0.008319
-0.002000
0.003496
-0.008442
0.001343
-0.005020
-0.000661
-0.013257
-0.005884
0.000624
-0.005301
-0.003297
0.003651
-0.003746
-0.003519
0.036701
0.000738
0.006024
0.003007
-0.015620
0.005848
0.000990
-0.006945
0.003734
0.006212
0.024170
0.013119
0.009438
-0.006580
-0.019982
0.001212
0.005349
0.001541
-0.001423
-0.015223
0.000630
-0.023775
0.040070
-0.000178
-0.008820
0.000531
0.040768
0.000249
-0.007473
-0.014451
-0.006289
0.023852
-0.002664
-0.004901
-0.013287
0.014195
-0.004327
-0.009205
0.005717
-0.000036
-0.026466
0.038385
-0.009279
-0.026257
0.000209
-0.006725
0.000587
-0.008749
0.002612
-0.010057
0.002824
-0.001029
0.010697
-0.005952
-0.023449
-0.016496
0.007872
0.013851
-0.021158
-0.009954
0.003264
-0.004068
-0.009076
-0.013179
-0.005157
-0.017068
-0.018437
0.004464
-0.008478
0.006741
-0.011076
-0.010823
0.006745
-0.021939
-0.000178
-0.002879
-0.001424
-0.012109
-0.021201
0.026435
-0.004186
0.003939
-0.005921
-0.008817
-0.034892
0.000386
-0.046307
-0.016930
-0.011817
0.010460
0.000757
-0.001874
-0.011518
0.015578
-0.001197
0.000309
-0.006439
-0.021985
0.030798
-0.016699
-0.004409
-0.006338
-0.008390
0.086672
0.058927
-0.012912
-0.006485
-0.003561
0.000295
-0.001903
-0.003601
-0.017991
0.009150
0.062026
-0.001838
-0.003868
-0.000060
0.003839
0.014582
0.126479
0.001553
0.007541
-0.000934
0.040648
0.004609
0.005872
-0.001041
0.002369
0.011686
-0.006753
-0.011379
-0.003463
-0.008452
-0.001013
-0.000190
-0.004631
-0.017920
0.008388
-0.001465
-0.011073
-0.008414
-0.005616
0.030938
-0.002445
0.011973
0.000850
-0.003826
0.006500
-0.009206
0.054489
0.052306
-0.010574
-0.010932
-0.010859
-0.011723
0.006954
-0.006557
-0.014176
-0.003930
-0.009419
-0.001012
0.004115
0.008530
-0.003686
0.035127
-0.014793
-0.019448
-0.008750
-0.053928
0.029168
0.005692
-0.002268
-0.004756
-0.007111
0.008925
-0.007176
-0.010692
-0.002668
-0.004583
-0.001346
0.010348
-0.018432
-0.009176
-0.003787
-0.020923
-0.001373
-0.003149
0.045777
-0.001132
-0.001367
-0.001018
0.012467
-0.006328
0.208324
0.003520
0.001478
-0.091872
0.042119
-0.003895
0.009023
0.000133
-0.022051
-0.004167
0.005476
-0.005732
0.001340
-0.008888
-0.000554
-0.005223
-0.004542
-0.008386
0.005336
-0.028783
-0.010112
0.000646
-0.022066
-0.001375
0.008046
0.002777
-0.011955
0.007948
0.003236
-0.003829
-0.001604
-0.010390
0.002782
0.003613
0.002540
0.006060
-0.015609
-0.015279
0.019168
0.006547
-0.013101
-0.014399
0.000793
0.055934
0.021192
-0.018543
0.020891
-0.004662
-0.000657
-0.010892
0.028136
0.001200
-0.003033
-0.001151
0.004413
-0.001689
0.016443
0.000813
0.000013
-0.007656
-0.008181
0.012712
-0.002190
-0.009088
-0.007435
-0.010218
0.001943
-0.015921
0.004551
-0.005314
0.002960
-0.006339
-0.001688
-0.019361
0.011598
0.002357
-0.004472
-0.002086
0.002645
-0.009213
-0.030788
0.004693
0.001794
0.000054
0.009968
0.028797
-0.003956
0.077624
0.006576
-0.015930
-0.019448
-0.013870
-0.008177
-0.018011
-0.014600
-0.041680
-0.002842
-0.004351
0.015087
-0.001285
-0.005890
-0.001647
-0.011214
-0.003031
0.003014
0.003958
0.000399
-0.000689
0.025344
0.001704
0.025239
-0.026750
-0.010006
-0.005230
-0.000809
-0.000627
0.005947
-0.012223
-0.009359
-0.003952
0.127480
0.038337
-0.010554
0.001910
-0.026324
0.016791
-0.001432
-0.013538
-0.011671
0.000787
-0.001175
0.000424
-0.001884
-0.011018
0.003915
-0.000244
-0.017780
-0.008304
0.000223
0.002155
-0.034039
0.036513
-0.003333
-0.011838
0.002050
-0.011568
-0.000422
-0.018712
0.010584
0.008524
0.003306
0.008098
-0.012821
-0.004445
-0.011987
0.044934
-0.008407
-0.037640
0.000711
-0.012180
0.002737
-0.008595
-0.001283
-0.014154
0.004201
0.004563
-0.006873
0.006620
-0.003647
0.014313
-0.030089
-0.004413
0.004808
-0.018846
0.000950
0.015281
0.003090
-0.005240
-0.009432
-0.005465
-0.008450
-0.007176
0.000916
0.003983
0.087477
0.001029
-0.004186
0.004987
-0.021517
-0.017642
0.003426
0.068571
0.004346
0.003199
-0.000755
0.003611
0.010884
-0.030104
-0.002133
-0.019531
0.001916
-0.007020
-0.021431
0.000117
-0.004101
-0.016242
-0.014808
-0.003797
-0.015551
0.006249
-0.009001
0.007974
0.017809
0.039626
-0.009598
0.005042
-0.001195
-0.004877
0.002411
-0.013394
0.022375
-0.002062
0.001605
-0.001191
-0.006687
-0.005272
0.001834
0.005373
0.009408
-0.009368
0.000216
-0.002742
0.034005
-0.004576
-0.001478
0.015408
-0.014348
0.001852
0.006720
0.008206
-0.013579
-0.003148
-0.001049
-0.001698
-0.001081
0.009794
-0.012063
0.112659
0.103549
-0.007561
-0.080760
-0.017036
-0.023126
-0.002741
-0.002198
0.000845
-0.001233
-0.001850
-0.005457
0.002910
0.007971
-0.006764
0.001534
0.009444
-0.016812
-0.003196
-0.005600
-0.003568
-0.009259
-0.013753
-0.008462
-0.001274
0.009093
0.008057
0.006140
-0.009335
0.006610
-0.005319
-0.013737
0.039053
0.003473
0.020690
-0.002472
0.054650
0.034683
-0.006769
-0.009685
-0.001575
0.003300
0.004572
-0.041979
-0.008499
-0.006768
-0.039288
-0.009919
0.040040
0.009430
-0.006591
-0.023485
0.005768
-0.006155
-0.007330
-0.018211
-0.000444
-0.004784
-0.022037
0.001597
-0.002101
-0.003083
-0.002847
-0.009545
0.010679
-0.017831
-0.021495
-0.007123
0.001494
-0.015552
0.004134
-0.019361
0.000445
-0.006421
0.002472
-0.006540
-0.015102
-0.003889
-0.006135
0.039898
-0.000828
-0.006779
0.003822
-0.006779
-0.012208
0.001088
0.000086
-0.002848
-0.003179
-0.015039
-0.004671
0.001686
-0.003086
0.028318
-0.000389
-0.008515
-0.004537
-0.006136
-0.009051
0.032287
-0.001524
-0.000009
-0.001096
-0.035141
0.002461
-0.013826
-0.008756
-0.023286
-0.004826
-0.017222
0.002668
0.000274
-0.004164
0.082304
-0.023925
-0.003951
-0.003785
-0.007551
0.003835
0.000649
0.001390
-0.001492
-0.008887
0.010107
-0.008840
-0.001308
0.005425
0.000450
-0.003604
-0.000813
-0.014406
-0.002274
0.014129
-0.001630
-0.005402
0.000098
-0.006323
0.000739
-0.022474
-0.007116
-0.039924
-0.017207
0.004564
-0.001249
-0.007642
0.019029
0.000744
0.044602
0.024638
0.003417
0.080002
-0.009856
-0.007632
0.006732
-0.002782
-0.011002
0.009955
0.001214
0.002203
0.006757
0.012875
-0.002094
0.000915
-0.004502
-0.015005
0.002083
0.003246
-0.002329
0.007042
-0.006937
0.006295
0.000706
0.013253
0.008902
0.005300
-0.006437
-0.010108
-0.040961
-0.008156
-0.019816
-0.007313
0.005819
-0.003271
-0.000887
0.003324
-0.003860
-0.001481
-0.021089
-0.001552
-0.003176
-0.013178
-0.002041
0.000403
-0.008391
-0.000371
-0.008084
0.012343
0.007693
0.064461
0.004585
-0.002294
-0.009403
-0.002277
-0.018834
-0.005965
0.000845
0.001104
0.004826
-0.019190
0.007694
-0.001576
0.012946
0.000082
0.001586
0.003005
0.009195
-0.006195
0.002078
-0.003374
-0.001286
0.000467
-0.011417
0.002111
-0.002543
0.007965
0.020042
0.019164
0.000873
-0.005196
-0.007565
0.013849
-0.000995
-0.003946
0.004168
-0.010136
-0.002353
-0.001647
0.005241
-0.010619
-0.020447
-0.011343
-0.014112
-0.004680
0.000435
-0.001011
0.005964
-0.002133
-0.033107
0.007125
0.000429
-0.005878
-0.000838
-0.002680
-0.005516
0.003905
-0.030176
0.016616
0.010096
-0.009856
0.006593
-0.012983
-0.000497
-0.002727
0.001931
-0.003109
0.000404
0.002721
0.001134
-0.000025
-0.007590
-0.003855
0.000684
-0.003208
-0.008044
0.007571
0.002446
0.000470
-0.000049
0.008530
-0.002556
0.007923
-0.024528
-0.002862
-0.010388
0.007960
0.009182
0.019006
-0.005997
0.003292
-0.001555
-0.009900
-0.019005
0.001635
0.002334
-0.001579
0.003409
0.002281
-0.008366
-0.003965
-0.010911
-0.007627
-0.006608
-0.002912
-0.010164
0.010279
-0.003257
0.007777
0.004372
-0.002615
-0.002043
0.002112
0.018979
0.001136
0.010170
-0.009112
-0.003349
0.000852
-0.005824
0.036339
-0.014816
0.003146
-0.002999
-0.000418
0.002318
0.003052
-0.010751
0.011783
-0.015402
-0.024286
-0.027949
-0.000252
-0.010238
0.000223
-0.001456
0.000344
-0.002672
-0.011572
0.018395
-0.016586
-0.003847
0.000140
-0.005429
-0.013412
0.006182
-0.011311
0.002910
-0.006437
-0.003448
-0.026770
0.010798
0.029211
-0.005523
0.030831
-0.009788
0.003689
0.002406
0.006604
0.001596
0.007161
-0.003898
-0.010302
-0.012245
0.000768
0.013824
-0.001311
-0.002482
-0.000021
-0.000562
0.006532
0.009227
0.000239
-0.006516
0.003327
-0.017694
-0.051104
0.008605
-0.040535
0.010007
0.014743
-0.000105
-0.003195
0.009451
-0.000152
0.001220
0.002225
-0.018551
0.001851
-0.020425
-0.006017
0.009222
-0.032354
-0.033808
0.000027
0.000053
0.093571
-0.016417
0.032386
-0.010240
-0.010956
-0.011691
-0.030378
0.015681
-0.003480
-0.007327
0.001304
-0.001928
0.002310
-0.001832
0.008025
-0.009830
-0.001050
-0.005956
-0.011730
0.001996
-0.009378
-0.009790
0.002326
0.000137
-0.007804
0.061228
-0.003251
-0.003203
0.001069
-0.009751
0.004712
-0.015511
-0.005248
-0.007363
-0.016156
-0.005787
-0.008705
-0.000050
0.012320
-0.005252
-0.000844
-0.011496
-0.005769
-0.001522
-0.028666
0.061911
0.071484
0.078532
-0.004297
0.000458
-0.000741
0.008616
-0.005536
-0.009709
-0.023698
-0.004640
0.002000
-0.000067
-0.021544
-0.005804
-0.000307
-0.001618
0.000037
0.029752
0.007579
-0.030823
0.001281
0.002333
0.004009
-0.009548
-0.005464
0.009046
0.008778
-0.008535
0.006054
-0.020252
-0.004144
-0.007404
-0.004067
0.009645
0.003387
-0.006693
0.000847
0.016498
0.004288
-0.001558
0.006840
0.008328
-0.006410
0.000274
-0.010336
-0.009317
0.000151
0.013602
0.007557
-0.003730
0.008117
-0.004577
-0.001472
0.004381
-0.011983
-0.002202
0.002564
-0.009745
0.010122
-0.016640
0.007184
0.015560
-0.000421
-0.015115
0.000466
-0.000289
0.011863
-0.020822
0.052705
-0.007181
0.005066
-0.005276
-0.008351
-0.001549
0.000882
-0.008301
0.004804
0.015962
-0.050037
-0.006737
-0.018812
-0.011799
0.000888
0.000177
0.002443
-0.011540
-0.002643
0.003044
0.001381
-0.002064
-0.004338
0.006439
-0.112876
0.079208
-0.006393
-0.023641
0.030473
0.070672
0.009824
-0.004203
-0.012256
0.007165
-0.016772
0.002725
-0.000059
-0.000350
-0.009867
-0.003622
-0.001377
0.008582
-0.004189
-0.009371
0.003114
0.003743
0.003942
-0.011474
-0.004759
0.001563
-0.005195
-0.008858
-0.011345
0.004764
0.009589
-0.005079
-0.019529
-0.005845
0.002155
0.003568
-0.005404
-0.002503
0.003743
-0.010951
-0.011212
-0.017969
-0.010275
0.001298
0.008607
0.003314
-0.025903
0.001307
-0.005358
0.000543
0.002374
0.005987
-0.011209
-0.010069
0.010978
0.017308
-0.004316
0.001855
-0.025876
-0.006258
-0.008622
0.016620
0.007361
-0.001713
-0.001427
-0.002754
0.006917
-0.029972
-0.011140
-0.009724
0.005831
0.000084
-0.002665
-0.002519
0.003813
0.057073
-0.005377
0.001896
-0.002729
-0.001659
-0.005769
-0.029185
-0.000712
-0.003578
-0.007290
0.011696
0.005050
-0.057253
0.003796
-0.003181
-0.015394
0.004140
0.118751
-0.001349
0.049503
-0.015257
0.008898
0.000345
-0.008493
-0.004231
0.048534
0.032209
-0.011899
-0.014916
-0.011534
0.004260
-0.002693
-0.006558
-0.018775
-0.009142
-0.000943
0.008562
-0.034704
-0.000809
-0.009815
-0.004703
-0.010314
0.020965
0.011312
0.026616
0.032571
-0.001818
-0.002444
-0.032574
0.005304
0.000876
0.003989
-0.014754
-0.015491
0.006278
-0.024799
-0.001584
0.005984
-0.002748
-0.003732
-0.015498
0.001870
-0.014850
-0.015330
-0.014023
0.011130
-0.003687
0.000208
-0.023988
-0.006288
0.039653
-0.014726
-0.003926
0.001469
0.000730
-0.001841
0.040176
-0.012389
-0.029566
-0.002746
0.068024
-0.003345
0.009657
-0.015784
-0.013027
0.119804
0.005417
-0.013546
-0.083362
-0.004838
-0.012854
0.001078
-0.007355
0.003202
-0.005103
-0.018971
0.067032
-0.007947
0.001504
-0.000753
-0.007302
0.039602
0.014943
0.010887
-0.047464
0.000652
0.002874
0.011706
0.003938
0.000415
-0.016350
0.072976
0.004597
-0.003302
0.000784
-0.008488
0.015844
-0.029546
-0.005309
-0.001145
-0.014020
-0.004700
-0.006875
-0.016454
-0.002367
0.016411
0.058120
-0.003248
-0.001695
-0.016040
0.006603
-0.006173
0.019139
-0.021193
-0.003861
-0.030464
-0.005351
-0.010486
0.008862
-0.000253
-0.007253
-0.018773
-0.014476
-0.009885
-0.008419
0.007014
-0.003608
-0.002341
-0.010482
-0.004070
-0.001494
-0.002840
0.010498
-0.011585
-0.020387
0.000141
-0.001696
0.001556
0.010907
0.104415
0.004267
-0.005144
-0.004949
-0.009292
-0.002145
-0.001942
0.007100
-0.003077
-0.007740
0.037345
0.002850
-0.000222
-0.000864
0.024462
-0.008981
-0.000707
-0.006229
0.009641
0.004998
-0.005463
-0.027593
-0.004820
-0.007236
0.003545
0.009233
0.048601
0.008544
0.031538
-0.009539
-0.003042
-0.005832
-0.006473
-0.002604
0.000938
0.016441
-0.000471
0.020136
-0.016502
0.023401
-0.000662
-0.024193
-0.012886
-0.015959
-0.002850
-0.007259
-0.010967
-0.015616
-0.006362
0.000260
0.005482
-0.009591
-0.008316
-0.015404
0.008522
-0.017387
0.010940
0.003963
-0.005250
-0.006587
-0.008351
0.016608
-0.001380
-0.005128
-0.000097
0.002010
-0.007318
0.003157
0.001912
0.035299
-0.018720
0.012176
0.000084
-0.005983
0.006952
-0.001063
-0.018043
0.003267
0.000041
-0.036379
-0.003688
-0.007734
-0.002198
0.004152
-0.015317
-0.017151
0.005863
0.007068
-0.001463
-0.005658
0.002389
0.014229
-0.097473
-0.003912
-0.002046
0.005341
0.008476
-0.034917
-0.020761
-0.000051
-0.013980
0.003778
0.004742
0.007736
-0.008686
-0.009056
0.016961
0.007983
0.023311
0.000062
0.010249
-0.002900
-0.007380
-0.015502
0.003281
0.012222
-0.008363
0.001699
0.004557
0.003694
-0.005598
0.001092
0.000035
0.000854
0.005258
-0.003343
-0.003726
0.004221
-0.016381
-0.006389
0.007359
-0.001773
-0.004803
0.000386
-0.004297
-0.005182
0.027929
-0.001531
-0.003492
-0.012159
0.003509
0.001659
-0.002110
-0.006030
-0.001208
0.002579
0.000219
-0.009343
0.002625
-0.007612
0.008409
0.016821
0.001268
0.000574
0.007078
0.003205
-0.007061
-0.002037
-0.007021
-0.013560
-0.013586
-0.002863
-0.006704
-0.006629
0.000747
-0.002908
-0.018972
0.002476
-0.031938
0.014772
0.000755
0.003534
-0.013964
0.002600
0.000895
0.021308
0.002650
-0.006563
0.010263
0.001296
0.000245
-0.000275
0.006163
-0.001646
0.010262
0.002348
0.001791
-0.035118
0.002643
-0.008252
-0.018104
-0.014975
-0.009174
-0.003814
0.003400
0.009632
-0.002363
0.006271
-0.002508
-0.002479
-0.007219
-0.020677
-0.001081
0.005403
-0.012854
-0.010653
-0.001062
-0.019156
-0.005835
-0.050920
0.005687
-0.005887
-0.001436
-0.003998
-0.000722
-0.068877
-0.001422
-0.001503
-0.007047
-0.000159
-0.000114
-0.007820
0.005837
-0.018862
0.003147
0.003558
0.005845
-0.007703
0.003143
-0.006448
0.002894
-0.010808
-0.001810
-0.011730
-0.010355
0.006751
0.007760
-0.004002
-0.004478
-0.011131
-0.004464
0.000412
-0.021087
-0.007705
0.002695
0.003392
0.008747
-0.000368
-0.040901
0.029933
-0.001726
-0.002934
-0.000341
0.003058
-0.005240
-0.003123
0.000228
0.007325
0.001183
-0.001730
-0.011589
0.000020
-0.008030
-0.004126
0.009547
-0.007400
-0.004804
-0.000469
-0.005485
0.056533
-0.007131
-0.010453
0.047998
-0.004573
-0.003437
-0.080222
0.002546
-0.049848
-0.000949
-0.003158
-0.005877
-0.011522
0.001029
0.006023
-0.003949
-0.012158
0.008974
-0.020801
-0.000665
-0.029551
-0.008794
-0.010420
0.008136
-0.000052
-0.024126
-0.001861
0.024290
-0.001564
-0.010370
0.000513
0.006193
-0.005931
-0.001434
-0.005058
0.010183
-0.005103
0.030727
-0.026772
0.009302
-0.002848
0.037590
-0.008538
0.018730
-0.003555
-0.020969
-0.015073
-0.001757
0.000366
0.000481
-0.005897
0.002354
-0.005146
-0.005440
0.003638
-0.000456
-0.001529
-0.003767
-0.009041
0.005094
0.002463
-0.009475
-0.009416
-0.001946
-0.016037
0.002939
0.001522
0.019842
-0.003746
0.010374
-0.022799
-0.025540
-0.013775
-0.006192
-0.006142
0.001490
0.002650
0.000927
0.003752
0.021646
0.046599
-0.020446
-0.004927
0.022709
-0.005402
-0.008473
-0.023322
0.048661
0.012297
-0.034176
0.001956
-0.006831
0.007054
-0.030695
0.003214
-0.023396
0.003940
0.068967
-0.002262
0.005639
0.002851
-0.003542
-0.014970
-0.001511
-0.013756
0.011537
0.000964
0.002116
-0.008430
0.001586
0.000240
0.031689
-0.003943
0.007506
-0.013763
-0.003126
0.003870
0.000491
-0.006738
-0.004494
-0.005746
-0.010316
0.019571
-0.009041
-0.001188
-0.005000
0.027246
0.003587
-0.016410
0.001568
-0.000844
-0.001541
-0.003842
-0.006202
0.009510
-0.007490
-0.003382
0.025509
0.018871
0.001639
0.049269
-0.003578
-0.010550
-0.050801
-0.020593
-0.011804
-0.008566
-0.000389
-0.001326
0.002624
-0.007247
0.000054
0.006795
0.003338
0.003767
-0.010501
0.011179
-0.024628
-0.019891
-0.004061
-0.007580
-0.003600
0.001828
0.029257
0.002949
-0.005159
-0.000186
0.010525
-0.012403
0.007812
0.002243
-0.005374
-0.008079
-0.013644
-0.005012
-0.004712
-0.013988
-0.001413
-0.006631
-0.006529
-0.004635
0.002481
-0.004469
-0.003610
-0.010866
-0.013312
0.006437
-0.003510
0.009189
-0.000298
-0.001801
0.002595
-0.025458
-0.006742
-0.012242
-0.003827
-0.003127
0.013146
-0.004876
0.005013
0.008102
0.005111
-0.013244
0.000061
-0.027993
-0.003318
0.002012
-0.011159
-0.026140
-0.000449
0.005684
-0.003728
0.006341
-0.004614
0.004061
0.005510
-0.005317
-0.010483
-0.004499
-0.000910
-0.000805
-0.000493
0.001723
-0.001888
0.012927
-0.005159
0.007526
-0.026992
0.000480
0.011342
-0.001643
-0.010537
0.001559
-0.006023
-0.035526
-0.000916
-0.024858
-0.034512
0.082261
-0.007926
-0.003679
0.000225
0.022670
-0.002259
-0.028760
0.032691
0.008505
0.051552
-0.005740
0.004666
-0.004461
0.004088
0.022049
0.004573
0.013875
-0.005358
0.005226
-0.002159
-0.014588
0.000408
-0.023285
-0.001156
-0.003113
0.001582
0.005852
-0.001186
0.004828
-0.003703
-0.002934
0.002245
0.010530
-0.006748
-0.002324
-0.009489
0.004238
-0.001588
0.002113
0.033567
-0.008481
-0.005811
-0.010241
0.007685
-0.002766
-0.018681
-0.001072
0.006446
-0.005284
0.002266
0.005527
-0.025038
0.005473
-0.026426
-0.000430
0.003802
-0.000123
0.001085
-0.017558
-0.001311
0.005328
-0.003949
-0.000768
0.012554
0.001007
0.093377
0.020553
-0.005469
-0.002682
0.000034
-0.008762
-0.003248
-0.016407
-0.016968
0.012669
-0.011636
0.004159
-0.026048
-0.005617
0.001363
-0.001805
-0.010329
0.002550
-0.009372
-0.002743
-0.003806
0.015616
-0.001945
-0.025186
0.008453
-0.005905
-0.002272
-0.002226
0.028516
-0.020587
-0.004120
0.008259
0.005009
-0.003442
0.032888
-0.004215
-0.016494
0.011343
-0.010604
-0.001899
0.001455
-0.000173
0.006541
-0.002915
-0.009638
0.000897
0.000707
-0.004628
0.002254
-0.000400
0.001039
0.012811
-0.002314
0.000160
0.008598
-0.027185
-0.005962
-0.000643
-0.005129
0.020456
-0.014902
0.003216
-0.005106
-0.023348
-0.007650
-0.000690
0.000102
0.007774
-0.000985
-0.011033
-0.005687
-0.002403
-0.015386
-0.000012
0.003221
0.033290
0.102426
0.007945
-0.003686
-0.016693
0.006134
-0.006438
0.048655
0.003204
-0.031625
0.002084
-0.008588
0.013544
-0.013291
-0.001198
-0.012908
-0.015168
-0.020616
0.000987
0.038548
0.008848
-0.015461
0.002404
-0.010724
-0.005502
-0.029792
-0.015233
0.003966
0.027813
-0.008178
-0.012397
0.021558
-0.009175
-0.011383
-0.013447
0.019219
0.004083
-0.008957
0.001821
-0.005184
0.081614
0.002702
0.000078
-0.010397
0.035006
0.020200
-0.017159
-0.003973
-0.080140
-0.003660
0.015897
-0.004744
0.010522
-0.003091
-0.004517
0.001456
-0.013367
0.011631
-0.004257
-0.002984
-0.003512
0.014957
0.002984
0.024463
-0.010289
0.001472
-0.006511
0.000087
-0.029510
-0.009875
-0.026210
-0.013229
-0.003320
-0.003893
-0.006267
0.000811
-0.018305
0.000872
-0.003878
-0.000711
0.064382
0.005955
-0.004509
0.000246
-0.008193
0.130124
0.131824
-0.074742
-0.026312
-0.003606
-0.047861
-0.084885
0.000508
-0.004569
-0.002830
0.004474
0.004449
-0.008629
0.003036
-0.015868
-0.003543
0.024934
-0.035349
0.001272
0.000111
-0.005461
0.009315
-0.012163
0.022580
0.001386
-0.002260
0.003702
-0.009315
-0.008606
0.007344
-0.011491
0.014121
0.074918
-0.004101
-0.003112
-0.000767
-0.008321
-0.002801
0.009287
-0.002792
0.008746
0.002314
-0.004379
-0.001085
0.003684
-0.007066
0.001515
0.004487
0.019766
0.005850
0.019817
-0.004015
-0.015254
0.007763
-0.001853
0.011808
0.000150
-0.000694
-0.005821
0.040169
0.004490
-0.021422
0.005568
-0.004874
-0.008063
-0.078552
-0.003773
0.072512
-0.131464
0.069723
-0.018055
-0.017717
-0.001072
-0.062084
0.052175
-0.020331
-0.034524
-0.011736
-0.063121
-0.047441
0.020084
-0.013844
-0.006087
0.006775
-0.003574
-0.000224
-0.017909
0.001743
-0.004991
-0.006615
0.005977
-0.002508
-0.003782
0.012903
0.000317
0.007751
-0.008053
-0.028968
-0.005829
-0.015155
-0.001968
0.003879
0.003108
-0.005368
-0.003587
-0.003745
-0.014797
-0.016594
0.022674
0.021463
0.010904
-0.012822
-0.000835
-0.000437
-0.014238
-0.007131
0.008707
-0.020577
-0.063117
-0.008113
-0.006850
-0.021517
-0.036726
-0.006984
-0.009181
0.003240
0.011172
-0.002573
0.007979
-0.003825
0.001743
-0.000952
-0.003616
0.013483
0.001908
0.000546
-0.000915
-0.024677
0.005353
0.009980
-0.003847
-0.001931
-0.007657
0.005163
0.003966
-0.006795
-0.001228
0.003722
-0.030590
0.006490
0.002714
0.007985
-0.007694
0.029351
0.019454
0.000611
-0.001898
-0.005712
-0.019548
-0.006396
-0.000163
-0.004710
-0.021032
-0.023706
-0.011058
-0.001946
0.017219
0.000768
-0.007642
-0.004862
-0.008321
-0.003997
-0.009580
-0.001363
-0.004428
-0.002719
-0.016307
-0.017933
0.001706
-0.009172
0.003986
-0.003588
0.005489
-0.023623
0.000083
0.001615
0.003575
0.000866
0.003249
0.012107
0.005045
0.000463
0.005024
0.001586
-0.015708
0.001445
0.006753
-0.001984
-0.000108
0.009357
-0.010411
-0.017713
0.014764
-0.001732
-0.000786
0.001530
-0.001468
-0.002865
-0.003842
0.005652
0.009300
0.003025
0.005170
0.020254
-0.010990
0.012974
-0.006110
-0.012752
-0.012156
-0.005136
0.009430
0.012990
-0.006124
-0.000913
-0.005160
-0.007015
-0.003144
-0.004264
0.004786
-0.000974
-0.004369
0.049292
0.030313
-0.006234
-0.001380
-0.007485
-0.003083
-0.012979
-0.004099
-0.010283
0.017934
-0.002985
-0.084034
0.027640
0.001108
-0.002514
-0.004948
-0.003668
0.001015
-0.018492
-0.015669
-0.002783
-0.004413
-0.020444
0.010472
-0.005981
0.002339
0.005180
-0.001651
-0.000486
0.001551
-0.000718
-0.014644
0.001659
0.025255
-0.017489
-0.005939
-0.000846
-0.033209
0.014171
0.015202
0.012275
-0.015417
-0.014353
-0.019516
0.010003
-0.002538
-0.002454
0.005367
0.049689
0.002663
0.000877
-0.014908
-0.001067
-0.005214
-0.008813
-0.001804
0.004247
-0.006160
-0.025231
-0.009458
-0.021883
-0.006896
0.029425
0.012585
0.053564
0.014220
0.051341
-0.052519
-0.005952
-0.000127
0.005619
0.001206
-0.101240
-0.001264
-0.022280
0.004894
0.004988
-0.001210
0.002720
-0.003872
-0.005702
-0.038010
-0.010592
0.004317
-0.004617
0.003192
-0.007064
-0.006373
-0.004503
0.002287
0.000166
0.005373
0.004636
-0.006291
0.000771
-0.020477
0.015932
0.001943
-0.004068
-0.014749
-0.004822
0.008801
-0.018147
-0.007499
0.002218
-0.003437
-0.014497
-0.009193
-0.001778
-0.013226
-0.000842
-0.003982
-0.052417
-0.002771
0.000191
0.021791
0.127142
0.007873
0.040405
0.001596
-0.003246
0.007900
0.001446
-0.005037
-0.000087
0.019178
0.051251
-0.003638
0.002692
0.008136
0.033337
-0.001623
-0.003492
0.005864
-0.009330
0.011416
0.005118
-0.004590
-0.009778
0.067985
-0.004133
-0.009241
-0.023097
-0.003908
-0.001761
-0.031942
-0.003720
0.041262
0.019394
-0.006646
0.001230
-0.005110
0.007099
-0.007719
0.000197
-0.033474
0.011096
0.001822
-0.014479
-0.000134
-0.005703
0.120559
0.004856
0.010053
-0.006953
0.012758
-0.002720
-0.001384
0.012495
0.000384
0.050844
-0.002433
-0.021510
0.015984
0.006275
-0.020231
0.006804
-0.014267
-0.007385
-0.030236
-0.002324
0.006091
-0.002287
-0.018994
0.002876
-0.002027
0.001160
0.030975
-0.015642
-0.009039
-0.015653
-0.002709
0.001114
-0.126580
-0.024840
-0.004076
0.008608
0.001556
0.000084
-0.001738
-0.010805
0.004440
0.003316
0.000749
-0.011654
0.016412
-0.003695
-0.016407
0.004519
-0.020342
-0.003654
0.004276
-0.005316
-0.009173
-0.049587
-0.020928
0.010066
-0.002589
-0.002548
0.008492
-0.000463
0.056238
-0.004516
0.001260
-0.009768
-0.004955
0.000359
-0.007984
-0.005487
0.004085
0.000138
-0.001459
-0.002707
0.018188
-0.010761
0.122266
-0.004391
-0.012275
0.013110
-0.043069
-0.015777
-0.037774
-0.004031
-0.012602
-0.024647
0.000829
-0.008753
-0.013369
0.049585
0.002505
-0.000244
0.001650
-0.004176
-0.000224
-0.053845
-0.012361
0.010101
-0.007366
0.015583
-0.000680
0.007708
0.003120
0.000588
0.001255
-0.017177
-0.001984
0.000187
-0.002774
-0.005113
-0.001443
0.008020
-0.016582
0.008796
0.001758
-0.018034
0.022579
0.000587
0.003055
0.012219
0.002439
0.006504
0.003970
-0.000771
-0.003527
-0.000507
0.013967
-0.023586
0.004506
-0.013110
0.001653
-0.009820
-0.013818
-0.007906
-0.001793
0.005591
0.004446
-0.001392
-0.003561
-0.004457
-0.003698
-0.028366
-0.004870
-0.000731
0.004541
-0.042207
0.004677
-0.001174
-0.010507
-0.001488
0.015980
0.002246
-0.010176
-0.003611
-0.006218
0.003027
-0.000694
-0.002961
-0.006662
-0.000035
-0.008031
-0.001400
0.003291
-0.001668
-0.011617
0.009181
0.001243
-0.003255
-0.008072
-0.003570
-0.003602
0.005236
-0.001506
-0.000575
-0.004880
-0.005194
0.008550
-0.005429
-0.007659
-0.016110
-0.001815
-0.020733
0.017921
0.008237
0.002094
-0.015477
0.003990
0.045253
0.004485
-0.010585
0.021199
-0.006413
0.006633
0.019381
-0.017371
0.007598
-0.003259
-0.003310
0.011147
0.002373
0.020275
0.002305
-0.007644
-0.006383
0.001143
0.004567
0.002512
0.006002
-0.056384
-0.015044
-0.002018
0.010264
0.027322
-0.001869
0.122808
-0.005820
0.002936
0.005559
0.008366
-0.001854
0.008717
-0.003059
0.007642
-0.006576
-0.003566
0.011305
-0.027112
0.010177
-0.005628
-0.009483
-0.022667
0.004388
-0.007893
0.092592
-0.003924
-0.004180
-0.005128
-0.009381
-0.030844
0.010717
0.000294
0.004651
-0.007101
-0.001815
-0.016142
0.030389
0.000212
-0.022709
0.005698
-0.001977
0.005914
0.004304
0.003124
0.019015
0.000539
0.014602
-0.005324
-0.005595
0.000890
-0.004360
-0.004366
-0.001353
-0.009617
-0.007933
0.000740
-0.008522
-0.007847
-0.019050
0.004913
-0.001952
-0.006036
0.007128
-0.009437
0.003283
0.003826
0.005270
0.001969
0.005648
-0.012353
-0.001333
-0.000076
-0.004172
0.022615
0.005811
0.001841
-0.017478
-0.010621
-0.019117
-0.000106
0.031314
-0.007296
0.000897
-0.000282
0.011413
0.000660
-0.004204
0.001530
-0.035445
0.000432
0.002619
-0.013674
0.004810
0.001642
0.003452
0.005454
-0.016246
0.006675
0.016462
-0.017618
-0.015554
0.001662
-0.013285
-0.009574
0.011201
0.005743
-0.001633
-0.003285
-0.007811
0.001902
0.000366
-0.012588
-0.008683
-0.021482
-0.000944
0.002258
-0.006714
0.002775
0.001559
-0.000147
-0.006887
0.004713
-0.009614
0.048872
0.011936
0.001303
0.010287
-0.000404
-0.016712
-0.003893
0.008971
0.001793
-0.003430
-0.000052
0.005278
0.009029
0.010294
-0.000730
-0.000067
0.002513
0.009426
-0.000226
-0.002015
-0.029840
0.000687
0.003489
-0.007721
-0.009015
-0.020788
0.078381
0.003088
-0.003013
-0.005781
-0.021341
-0.011907
-0.004410
0.003570
-0.062142
0.001910
-0.010310
-0.002883
-0.002431
0.009419
0.007738
-0.005793
-0.003950
0.084605
0.019954
-0.004929
-0.008928
-0.006151
-0.000759
-0.019820
-0.007460
0.000721
0.000659
-0.028030
-0.005994
0.002539
0.007934
0.000172
0.003180
-0.008419
0.005873
-0.002549
-0.043852
-0.091261
-0.015241
-0.003245
0.000619
0.001717
-0.049795
-0.002628
-0.025154
-0.010489
0.003790
-0.010827
0.016534
0.003834
0.008953
0.042803
-0.027065
-0.005433
-0.009797
0.034265
0.007147
0.010942
-0.009680
0.000024
0.006145
0.014966
-0.004697
0.008541
0.000013
0.003675
0.005938
0.004442
0.000603
-0.002412
-0.001930
-0.001347
0.002200
-0.009861
0.008273
-0.012879
-0.006701
-0.003790
0.007132
-0.013648
-0.004579
-0.008579
-0.003320
0.004530
0.003134
-0.002365
0.002559
0.010034
0.001276
-0.000168
-0.007581
-0.003715
0.002295
0.039835
-0.047949
0.072711
0.019850
-0.009838
0.003667
-0.017310
0.059574
-0.015287
-0.007160
-0.003575
-0.005312
0.004814
0.005259
0.020658
-0.019471
0.001426
-0.000040
-0.005656
0.001690
0.001686
0.001352
0.001475
-0.005060
0.005718
0.022936
-0.008593
0.013742
-0.004988
0.005985
-0.019136
-0.058568
0.008115
0.000308
-0.000177
0.003549
-0.002581
-0.002635
-0.009512
-0.001762
-0.005568
0.002061
-0.000375
-0.029318
0.018696
-0.002817
0.001753
-0.011591
0.004881
-0.002258
-0.001616
-0.002519
0.001039
0.002140
0.018858
-0.004585
-0.002599
-0.043073
-0.000351
-0.004583
0.009957
0.122715
0.024813
0.017484
-0.034311
-0.000338
0.000237
0.001743
-0.015566
0.016848
-0.011368
-0.009129
0.018442
0.004307
-0.008814
-0.003655
0.004147
0.008727
0.029464
-0.010690
0.020198
-0.009141
-0.006385
-0.021895
-0.007259
-0.034909
0.001302
0.010456
0.007587
-0.005592
0.004220
-0.004676
0.008538
0.054019
0.001260
-0.019801
0.020046
-0.000865
0.011579
0.003807
-0.023935
-0.009775
0.000660
0.010663
-0.015861
0.002253
-0.004647
0.006217
0.005282
0.028900
-0.000165
-0.005202
0.011867
-0.022079
0.029819
0.003127
-0.003620
-0.007682
-0.028587
0.011560
-0.016438
-0.005613
0.020113
-0.004039
-0.009143
-0.018335
-0.013598
-0.000007
-0.033971
-0.003571
0.021107
0.011248
0.051193
-0.001550
-0.007766
-0.011739
0.017689
0.001104
0.046902
-0.015049
-0.011057
0.005914
-0.007908
0.005552
-0.005140
0.000814
-0.007152
0.009068
-0.009173
0.005735
-0.008884
-0.007706
-0.000495
-0.009191
0.003633
-0.000101
0.004630
-0.002066
-0.004100
0.021756
-0.008263
-0.017045
-0.005401
-0.001012
-0.012744
-0.004889
0.009927
0.004279
-0.007484
-0.008666
-0.004131
-0.000569
0.001584
0.021542
-0.007577
0.002582
-0.003734
-0.006662
-0.030078
0.041140
-0.000618
0.001574
-0.004318
-0.011067
0.011810
-0.003777
0.003272
0.000864
0.043647
-0.001484
-0.001055
0.004227
-0.003648
-0.031598
0.005863
0.003552
-0.003421
-0.014708
-0.007790
-0.001610
-0.002579
0.118014
0.025328
-0.003819
0.008452
0.000933
0.002460
-0.001979
-0.011002
-0.001208
-0.003986
0.009156
-0.006284
-0.005121
0.002634
-0.005043
-0.008408
-0.008033
-0.002562
0.017379
0.003278
-0.006282
0.081757
-0.001673
-0.000125
-0.011198
-0.005147
0.003251
0.004033
0.001330
0.000775
0.003567
-0.030315
0.009512
-0.024865
-0.009769
-0.025163
0.006799
-0.018824
-0.002340
0.003463
-0.007037
0.008485
0.006929
-0.012440
-0.013463
-0.000856
-0.007062
-0.001436
0.005026
-0.000135
0.001340
0.002839
0.000163
0.007367
-0.004757
-0.003570
0.004617
-0.007429
-0.005104
0.000314
-0.000899
-0.009318
-0.004183
0.006394
-0.004454
-0.005164
0.031225
-0.027620
-0.017427
-0.012368
0.000956
-0.001930
0.005586
0.036411
0.008759
-0.003050
0.005572
0.004421
-0.002723
-0.007028
-0.001880
0.010634
0.013624
0.000811
0.001499
-0.014253
0.012720
-0.002612
-0.008323
0.001106
0.001099
0.001571
-0.016696
-0.004208
-0.015709
-0.005638
-0.014782
-0.012309
0.002371
0.008212
0.014323
-0.010372
0.004653
0.009467
0.004166
-0.040433
-0.007987
0.003536
-0.004018
-0.003586
-0.007607
-0.019110
0.002047
-0.022609
-0.006665
0.035849
-0.006242
0.000251
0.007444
0.008097
0.009137
-0.008673
0.002384
-0.005880
-0.006184
0.007179
0.011828
-0.001039
-0.012007
0.027297
-0.010918
0.006408
-0.000212
-0.015946
0.000353
0.004072
-0.000140
-0.023375
0.009235
0.001377
-0.010920
0.014122
0.006188
0.002563
-0.007377
-0.012108
-0.007241
-0.040955
0.043211
0.010046
-0.032954
0.013271
-0.004671
-0.002625
-0.006209
-0.004470
-0.006640
-0.027429
-0.003891
-0.013747
-0.007089
-0.000366
0.009195
-0.019496
0.013912
0.082960
0.001652
-0.005516
-0.001741
0.000463
-0.030171
-0.008016
-0.013258
-0.008138
-0.005360
-0.015006
0.009096
0.001706
-0.008197
-0.001489
0.000086
-0.000958
-0.018361
0.000813
-0.001826
0.012551
-0.008365
-0.036127
-0.016901
-0.000256
-0.009849
0.020510
-0.001051
-0.004287
-0.000463
-0.029627
-0.030903
-0.009283
-0.009268
-0.002979
0.001286
0.047458
0.008886
0.006946
-0.009372
0.000932
-0.032271
-0.002360
-0.001950
-0.002425
-0.000635
-0.009080
-0.012761
0.005629
-0.004055
0.008127
-0.000884
-0.014840
0.008756
-0.008323
-0.005162
-0.014762
-0.001797
-0.006643
-0.001280
-0.002854
0.008084
-0.010841
0.010800
-0.008268
-0.006893
0.001850
-0.000378
-0.005098
0.004670
-0.009519
0.002665
0.004639
-0.015531
-0.007427
-0.001019
0.008954
-0.012214
0.000662
0.004184
-0.002649
-0.000791
-0.004814
0.025331
0.018442
-0.016386
-0.003031
-0.011660
-0.006822
-0.000249
0.004781
0.069834
0.011018
-0.003097
-0.005821
-0.005625
0.011873
-0.004250
-0.007117
-0.003716
0.053061
0.017065
0.041084
0.093376
-0.002969
-0.015135
0.001995
0.132538
-0.003036
-0.011080
0.003052
0.001237
-0.003652
0.001907
0.007449
0.015178
-0.004187
0.004706
-0.013960
-0.002650
-0.009349
-0.012462
-0.002221
0.004321
0.007094
-0.003881
-0.031817
-0.018285
-0.002038
-0.000253
-0.007260
0.038866
-0.006595
-0.003778
-0.009911
0.002634
0.002996
-0.003761
0.014861
-0.004861
-0.002178
0.006470
0.016894
0.000181
-0.038162
-0.007006
-0.011528
-0.004051
0.011571
0.008786
0.001579
-0.001574
-0.005989
0.004230
0.000939
-0.019219
0.000248
-0.006907
0.001081
0.011090
-0.009988
-0.016201
-0.011397
-0.004137
-0.012006
0.002495
-0.020462
-0.014870
-0.001914
-0.000480
-0.003109
-0.001935
-0.003749
-0.017473
-0.002867
0.014976
0.005436
-0.002462
-0.012084
-0.010052
0.004160
0.003960
0.003785
-0.017040
-0.019498
-0.000481
-0.001001
-0.020301
0.007509
-0.004767
0.000298
-0.010431
-0.001854
-0.019808
-0.002927
0.013578
-0.007111
0.016021
-0.002532
-0.005125
0.000000
0.000300
0.000098
0.044263
0.003967
-0.000295
0.010315
-0.028981
0.001120
0.001279
0.002286
-0.004753
-0.001888
0.142638
-0.008729
-0.001014
-0.017267
0.016394
0.000095
-0.005927
0.002116
0.005821
-0.013118
0.018202
0.007204
-0.011657
-0.003109
-0.014075
-0.002202
0.001962
-0.021276
-0.013698
-0.004346
-0.017813
-0.005067
0.010799
-0.019044
-0.002866
-0.003012
0.003088
0.010176
0.004004
-0.002230
-0.004559
0.013769
-0.009551
-0.008345
-0.009326
-0.010900
-0.019254
0.008651
0.069409
-0.190451
0.004081
0.012890
0.003329
-0.021913
0.001845
-0.015146
0.019970
-0.014248
-0.033499
-0.006385
-0.011112
0.004764
-0.008985
-0.001909
-0.019197
-0.010029
-0.001635
-0.001733
0.010294
-0.012052
-0.000258
-0.000353
-0.003537
-0.000018
0.000595
-0.004885
0.003533
-0.006238
0.005549
-0.002833
0.001736
0.005299
-0.004848
-0.000161
-0.001114
-0.005436
0.004429
0.004455
0.003081
-0.002211
-0.005629
-0.000611
0.004161
-0.001779
0.007762
0.016006
-0.021872
0.023928
-0.002402
-0.031185
0.006292
-0.012807
0.007698
-0.004506
-0.004905
-0.002231
-0.023931
-0.026383
-0.008736
0.009295
-0.013191
0.029979
0.001240
0.016812
-0.023070
0.073569
-0.003651
-0.015408
0.001522
0.009573
-0.009112
0.001687
0.002259
-0.000433
-0.024352
-0.010333
-0.005962
0.001637
-0.009780
-0.009531
0.003127
0.010112
-0.009767
-0.001579
0.000176
-0.002906
0.000917
-0.002435
-0.001226
-0.001660
0.001970
-0.003319
-0.008956
0.001204
-0.009651
0.003110
-0.007365
0.002284
0.005909
0.004189
0.036974
-0.000063
0.005427
-0.008442
0.001319
0.001887
-0.001986
-0.004777
-0.016319
0.002900
0.009369
0.038572
-0.005853
0.007697
-0.000118
0.003025
0.024115
-0.032535
-0.004739
-0.006423
-0.012172
-0.002383
0.001197
0.000814
0.008636
0.001131
-0.010564
-0.006332
-0.006977
-0.018923
-0.015143
0.002451
0.003489
-0.018120
0.000684
0.001657
-0.013662
-0.002912
0.009630
-0.001381
-0.011133
0.049203
-0.001677
-0.009010
-0.005978
-0.023101
0.003184
0.000732
0.004210
0.005279
-0.018845
-0.004097
-0.001461
0.001504
-0.004366
0.003851
-0.004598
-0.003699
-0.013130
0.009789
0.003645
-0.001291
-0.007121
0.003206
-0.027663
-0.000109
-0.002510
-0.003878
-0.006048
-0.026539
-0.000415
0.003605
0.001723
0.009025
-0.016997
0.017889
-0.015799
0.055313
0.002927
-0.030347
0.005364
0.017752
0.006394
0.024728
0.045527
0.000972
-0.009582
-0.022527
-0.002790
0.007596
-0.000686
-0.006771
0.015886
0.023346
0.008767
0.011167
0.009983
-0.009439
-0.009309
-0.007561
0.001213
-0.013645
-0.007361
-0.018923
-0.004013
0.005688
0.001916
-0.021845
-0.013521
0.002739
-0.020829
-0.016943
-0.002468
-0.005140
0.014827
0.010912
0.000792
0.007889
0.002023
-0.014677
-0.005698
0.005791
-0.007052
0.058596
-0.004819
0.010257
0.046758
-0.004923
-0.006137
-0.027086
0.005866
0.010386
0.003543
-0.003427
0.016729
-0.005607
0.007902
-0.004085
-0.005064
-0.027148
-0.000160
-0.003283
0.003328
0.002167
-0.000015
0.001809
-0.023297
-0.009644
0.001582
0.009524
-0.007071
-0.004582
-0.013291
0.001637
-0.004565
-0.010472
0.034724
-0.007701
-0.023352
-0.012079
0.003654
-0.014365
-0.018055
-0.004517
0.000261
-0.002653
0.000341
0.060866
-0.004017
0.014119
-0.010083
-0.010118
0.002562
-0.000621
-0.001373
-0.011597
0.004301
-0.000691
-0.009700
0.002804
0.004450
-0.008812
-0.016050
0.004704
-0.009672
-0.014640
-0.002908
-0.006680
0.000376
-0.022316
-0.037969
0.016380
0.009333
-0.011346
-0.009731
-0.018617
-0.009318
-0.020903
0.059724
-0.007609
0.012445
0.077209
0.002007
0.008749
0.000270
-0.032214
0.070619
-0.000672
-0.003476
-0.001037
-0.005406
-0.004155
0.013947
0.001193
0.007232
0.000730
-0.000469
-0.002952
0.003090
-0.002698
0.016912
0.004485
-0.003246
-0.016564
0.024926
-0.017512
-0.003524
0.003262
0.002749
-0.003080
0.003125
-0.004992
-0.005974
-0.006464
0.310814
0.001713
-0.009593
-0.019560
-0.000320
0.002815
0.064589
0.014479
-0.004799
-0.003910
-0.003263
-0.005995
-0.016028
0.017113
-0.003795
-0.000952
-0.014765
-0.004644
0.009482
0.000774
-0.019700
-0.006184
0.034605
-0.009669
0.001803
-0.003770
-0.045642
-0.008226
-0.020939
-0.005409
-0.006093
-0.002813
-0.027625
0.005244
0.001863
-0.007188
-0.032950
-0.013126
-0.011348
-0.001476
0.007358
0.005434
-0.014205
-0.002285
0.004974
-0.005874
0.009614
0.010717
0.070294
0.006068
-0.024855
-0.029937
0.001017
-0.006517
-0.007163
-0.007946
0.022001
-0.006167
0.002405
-0.011160
-0.039633
-0.010775
0.013397
-0.006111
-0.000492
-0.014711
-0.008094
-0.014947
-0.010250
0.024639
-0.000142
-0.008495
-0.032333
0.007931
-0.004772
0.001834
-0.004043
-0.000460
-0.006478
0.008532
0.004223
-0.006399
-0.004570
-0.005307
-0.004857
0.002168
-0.006263
-0.015530
-0.005976
-0.009443
0.000654
-0.000287
0.003972
0.003889
0.009469
0.013205
0.003368
-0.003554
0.003686
-0.017797
0.007581
-0.002063
0.002874
-0.004536
-0.036150
0.003260
-0.005735
0.012876
-0.003977
-0.002297
0.016417
-0.064081
-0.004106
0.024530
0.087842
0.001922
0.032402
-0.003775
-0.009214
-0.005991
0.004616
-0.013313
-0.003620
-0.002117
-0.003843
-0.002726
-0.005588
-0.003724
-0.007532
-0.001756
-0.001902
-0.000135
-0.004361
-0.019441
0.003948
0.000952
-0.005118
-0.012720
-0.008888
0.006968
0.002142
0.015559
-0.001900
0.006681
-0.003057
-0.011209
-0.027342
-0.016751
0.085481
-0.009807
-0.003435
-0.015541
0.002539
-0.008499
0.062743
-0.003155
-0.029119
-0.010262
-0.009834
-0.004435
-0.004564
0.002387
0.004649
0.003833
-0.006960
0.028508
0.006725
0.032881
0.043875
-0.011035
-0.012356
-0.006357
0.013126
-0.002408
-0.000946
0.014653
-0.002441
-0.008345
-0.010899
0.002289
0.002086
0.013470
-0.011639
-0.031097
-0.002046
0.074839
0.022935
-0.004872
0.007516
0.017021
-0.006290
0.004231
0.002690
-0.017758
-0.002080
-0.011321
-0.000548
0.002949
-0.011478
-0.006770
0.003828
-0.015759
-0.017088
-0.006526
-0.000285
-0.006561
0.013708
0.000666
0.000366
-0.003974
-0.007182
-0.002574
-0.004593
-0.009263
0.083381
0.000034
-0.032077
-0.004563
-0.001384
-0.005524
-0.001211
-0.001439
-0.003118
-0.003718
-0.000165
0.019072
-0.010243
0.008488
0.003933
-0.005258
-0.011767
0.007753
-0.001383
-0.005227
-0.005922
0.005074
0.009910
0.005164
0.005165
0.032631
0.005040
-0.007408
0.006529
-0.006949
-0.001345
-0.003472
-0.001605
-0.004146
0.012364
-0.010978
0.000751
-0.007648
0.005620
0.001800
-0.006918
0.002513
0.009008
0.000305
0.002967
-0.017384
0.004818
-0.002682
-0.005407
-0.001750
-0.002350
0.016621
-0.019417
0.005578
-0.007155
-0.013846
-0.003011
0.005834
0.028513
0.003391
0.010880
-0.018549
-0.020387
0.003062
0.009137
-0.003789
-0.032884
0.046015
-0.005669
-0.000984
-0.006707
-0.002951
0.003245
-0.019281
-0.003013
0.000773
-0.040589
-0.017117
-0.009662
-0.002488
0.008806
-0.002674
-0.013234
0.000604
-0.019444
-0.003834
0.010494
-0.011531
-0.004459
0.007620
-0.005503
0.008095
-0.012389
0.001823
-0.001260
-0.005237
0.004137
0.011669
-0.004950
-0.001107
0.002155
0.071122
-0.037229
0.000345
0.019587
-0.019049
0.004393
-0.000284
0.000558
-0.008592
-0.000092
-0.006824
-0.004673
0.004885
-0.003788
0.011058
-0.000329
-0.028256
-0.001492
0.000495
-0.003247
0.017779
-0.008363
0.004442
0.004733
-0.004159
-0.013652
0.004389
0.002269
0.007599
0.031597
-0.008058
0.002160
0.041175
-0.005341
0.037967
-0.004265
0.000842
0.001707
0.000267
0.024408
-0.013535
-0.003748
-0.018841
-0.003340
-0.003066
0.002805
0.001464
-0.007695
0.045945
-0.004198
0.002135
0.006985
-0.013854
0.010499
-0.001247
0.007879
-0.009941
0.049850
-0.005735
-0.000733
-0.000344
0.013094
-0.021368
0.002269
-0.003419
-0.007930
-0.005564
-0.006268
0.020857
0.016595
-0.008548
-0.007623
0.000846
-0.012368
-0.004701
-0.009173
-0.002972
-0.001010
0.000954
-0.017334
0.002754
-0.001658
-0.004114
-0.002146
-0.007175
-0.011019
0.002247
-0.007698
-0.002806
-0.001907
-0.002372
-0.024640
0.007549
0.004950
-0.001748
0.006116
-0.003785
-0.010394
0.004717
0.004708
-0.002862
-0.003303
-0.012458
0.001024
0.013693
-0.003124
0.004716
0.007096
0.004173
0.007973
-0.036098
-0.006344
0.012917
-0.001025
-0.005228
-0.010837
-0.003041
0.008844
0.002354
-0.002222
0.003465
-0.023545
-0.005763
-0.012290
-0.010975
0.010233
0.018524
0.001102
0.010201
-0.012647
-0.004065
0.000567
-0.005637
0.034402
-0.031960
-0.000710
0.004848
0.007405
0.002939
0.013378
0.000202
0.008681
0.020473
-0.001887
0.010148
0.003513
-0.002265
0.005066
-0.001361
-0.010240
-0.016924
-0.004789
0.005126
-0.013689
0.002695
-0.006947
-0.009838
-0.000433
-0.001406
0.003187
-0.006347
0.027868
-0.000964
0.037040
0.003393
-0.007610
0.004145
0.021363
-0.012955
-0.019668
0.012269
-0.012920
-0.003901
0.005118
0.001614
0.004628
0.003479
-0.007643
-0.003185
0.005053
0.003315
0.052264
-0.008069
-0.086199
-0.026284
0.120925
-0.005964
-0.005436
-0.000351
-0.012127
0.073984
0.006587
-0.002743
-0.000054
0.018134
0.011091
-0.006401
-0.002965
-0.006265
-0.014873
0.012734
0.008092
-0.002397
-0.001796
0.014455
-0.004563
0.000111
-0.000639
0.000482
-0.016225
0.001287
-0.000965
0.001982
-0.005851
0.005204
-0.004252
-0.003229
0.003451
0.008558
0.017903
-0.003762
-0.004022
0.006095
0.082234
0.005559
0.055893
-0.013325
0.040137
0.038044
0.054926
-0.002127
0.018674
-0.096541
-0.007670
0.014259
0.005220
-0.002233
-0.000961
0.002238
-0.004919
0.004789
0.004588
-0.000289
-0.003249
0.006202
0.009345
-0.003000
0.000097
-0.003111
-0.019191
0.009146
0.005583
0.023010
-0.013316
0.002622
0.011403
-0.006183
-0.002061
-0.007266
-0.011166
0.009217
-0.000497
0.002900
0.001483
-0.003557
0.007869
-0.009533
0.009108
0.007473
-0.022362
0.015795
0.001995
-0.008726
0.022315
0.000713
-0.010361
0.001346
-0.001861
-0.008060
-0.000988
0.003093
-0.008225
0.020021
-0.005720
-0.001032
0.005662
0.003961
-0.003436
0.001992
-0.023532
-0.001160
0.001249
0.008528
-0.000021
0.004400
-0.005235
-0.003014
0.002680
-0.000231
-0.001342
0.006426
-0.014886
0.001822
-0.001631
0.008559
-0.009930
0.056578
0.009110
-0.010730
-0.001662
-0.024225
0.003774
0.000688
-0.002794
-0.000207
-0.003227
0.002833
-0.006094
0.008261
-0.000842
0.004019
0.010032
0.005416
0.017919
-0.009995
0.034797
0.007986
0.004617
0.014065
-0.010189
-0.001417
-0.002520
-0.027914
-0.026395
-0.003902
-0.000727
-0.046379
-0.001221
-0.015293
-0.000891
-0.000542
-0.001027
-0.004268
-0.002152
0.000562
-0.006701
0.012501
0.000551
0.001032
-0.001681
-0.005647
-0.013164
0.005379
0.005542
0.008326
-0.009242
-0.007132
0.011208
-0.000024
-0.030209
0.013358
0.029626
-0.029227
-0.006208
-0.000879
0.031378
-0.002538
-0.003493
0.007049
-0.001284
-0.036303
0.003103
-0.009442
-0.006715
0.000257
-0.000954
-0.011494
-0.001833
-0.015223
-0.019539
-0.000697
0.002521
-0.002821
0.002809
-0.034627
0.013318
-0.018864
0.003703
-0.018575
-0.003787
0.001904
-0.020734
-0.013521
0.033949
0.022382
-0.012683
-0.007034
0.000529
0.010716
0.035880
0.006209
0.005238
0.063194
-0.021907
0.003198
-0.027292
-0.007388
-0.003923
0.010153
0.000657
-0.017326
-0.009103
-0.004921
-0.012546
0.001534
0.001925
0.001334
-0.007491
0.012502
0.011246
0.005538
0.003543
-0.008133
0.000058
-0.006917
-0.000871
-0.003734
0.013390
0.002616
0.009689
-0.009476
0.003152
-0.019292
-0.011754
0.007640
-0.006867
-0.001933
-0.005895
0.001471
0.002454
-0.005291
-0.003734
-0.003347
-0.001073
-0.006693
-0.009460
0.003573
0.074481
-0.002647
0.009644
-0.013350
0.029720
-0.000662
-0.001421
-0.009428
0.036754
-0.003989
0.022341
0.000763
0.006139
0.003362
-0.003894
0.001332
-0.000408
-0.003556
-0.013973
0.001681
0.007762
0.005007
0.000591
-0.001181
-0.000614
-0.004925
0.015429
-0.027317
-0.003825
0.004141
-0.002470
0.000292
-0.045928
-0.029188
0.079421
-0.003212
0.004396
-0.043937
0.002734
-0.009820
0.085921
-0.006082
-0.000194
-0.000691
-0.000359
0.004930
0.000715
-0.010209
-0.037320
-0.020872
0.003427
-0.002699
-0.008333
0.007605
-0.019382
-0.017444
-0.000908
0.022910
0.002382
-0.011468
0.002128
-0.007018
-0.068668
0.003866
0.000154
-0.015814
-0.002306
-0.040812
-0.008850
-0.003531
0.007348
0.021163
-0.036902
-0.002867
-0.009495
0.004081
-0.011512
-0.009727
-0.002759
-0.005160
-0.028437
0.019191
0.006533
-0.003028
-0.023333
-0.024059
0.003033
-0.002115
-0.017040
0.008545
-0.019184
0.004907
0.005675
0.006337
0.004176
0.000746
0.003778
-0.010809
-0.010587
-0.004131
-0.004582
-0.003777
-0.006627
-0.006567
-0.004095
-0.016453
-0.009892
-0.006887
-0.006296
-0.002784
-0.006024
-0.000151
-0.019530
0.086511
0.006293
-0.020559
-0.003765
0.016809
0.001960
-0.009574
-0.009649
-0.022197
0.005971
0.009405
0.044374
-0.015893
-0.024499
-0.011295
0.076307
0.014263
0.012458
-0.007776
-0.006546
-0.007216
0.002545
-0.033793
-0.001039
0.022826
-0.017118
0.016041
0.069682
-0.006460
-0.017883
-0.019029
-0.002917
0.011884
0.002719
-0.000350
-0.017093
0.009289
0.013298
0.003097
-0.011019
-0.010829
-0.003338
-0.004122
0.012623
-0.013371
0.011734
0.004133
-0.000763
-0.005145
0.011707
0.002416
-0.014634
-0.007515
0.004109
-0.002167
-0.005865
-0.000337
0.017917
-0.004673
-0.001742
-0.001384
-0.005355
0.002451
-0.008688
0.006500
0.009688
0.007483
0.005894
-0.003008
0.017534
-0.010237
-0.007633
0.001683
0.033318
-0.046480
0.041385
0.004058
-0.032495
-0.007653
-0.009184
-0.005800
-0.001307
-0.003327
-0.009337
0.014758
-0.011622
-0.004450
0.001937
-0.010059
0.006760
-0.032757
0.010374
-0.007422
-0.014754
-0.004594
-0.005147
0.001823
-0.003439
0.000075
-0.006251
0.012331
-0.007321
0.002799
0.003732
-0.000100
0.102278
-0.013277
-0.047992
-0.008380
0.003390
0.090188
-0.012883
-0.009231
-0.000070
-0.005417
-0.000517
0.093080
0.007037
-0.002203
0.033607
-0.065302
-0.063607
-0.011946
0.092673
0.000665
-0.008506
-0.008468
-0.025677
-0.006652
-0.008386
0.002610
0.001089
-0.003165
-0.005132
-0.020417
0.009101
-0.006950
0.004205
0.012816
-0.020925
-0.050011
0.017599
-0.002100
0.039790
0.002468
-0.009951
0.001251
-0.004147
0.008904
-0.008032
0.006000
-0.011294
-0.011004
-0.006407
0.011015
-0.066782
-0.015586
-0.004442
-0.001265
0.012280
-0.004350
-0.002493
-0.004459
0.002304
0.001451
0.014657
0.000229
-0.014761
-0.008214
0.003820
-0.002754
-0.004625
0.004234
-0.013024
0.004607
-0.007169
-0.012902
-0.010982
0.003033
-0.006211
-0.002804
-0.020839
-0.000322
0.006726
0.006615
0.090797
-0.017395
0.000921
-0.000999
-0.001580
0.056008
0.000263
0.006563
-0.004776
0.002453
0.006075
-0.001686
-0.006477
-0.003696
0.054692
0.008669
-0.000862
-0.017789
-0.002100
-0.014936
-0.007073
-0.021620
0.001371
-0.006424
-0.044473
-0.015622
-0.016017
0.001499
-0.018910
0.010990
-0.000134
0.006316
0.001904
0.008575
-0.002579
-0.008987
-0.025796
0.008018
-0.002286
0.018471
-0.036193
-0.005539
0.004767
-0.009465
-0.005467
-0.002617
-0.000121
0.012971
0.162541
0.003686
0.004861
-0.007768
0.010173
-0.001720
-0.010591
-0.047725
-0.000512
-0.005906
-0.004095
-0.031559
-0.001401
-0.004981
-0.001919
0.019736
-0.015525
0.003253
-0.002734
-0.005194
0.011244
-0.004978
-0.045063
-0.005725
-0.002146
0.006019
-0.004708
0.003826
-0.003495
-0.007562
-0.002045
-0.000748
0.006461
-0.002159
-0.001261
0.001193
0.001404
0.008261
0.003081
0.001843
0.004195
-0.028552
0.007938
0.019423
0.003861
-0.005598
0.041394
0.004139
0.021006
-0.016469
-0.007798
0.011652
-0.016537
0.006772
-0.004612
-0.008777
-0.003565
0.001610
-0.019250
-0.012530
-0.007283
-0.002950
-0.002671
-0.003576
0.008845
0.001911
-0.000814
-0.012550
-0.012354
0.001107
-0.002699
0.004514
0.011297
-0.010338
0.002286
-0.006801
-0.007503
0.003130
-0.003558
0.005700
0.002864
0.035323
-0.015713
-0.022256
-0.009428
-0.017257
-0.010466
-0.000646
-0.009818
-0.011093
-0.011533
-0.002804
0.006626
-0.002514
-0.003160
0.000313
-0.003278
-0.003907
-0.011011
0.027147
0.001120
0.002461
0.001977
-0.003521
0.002882
-0.000267
0.012960
0.009087
0.018459
0.057081
0.013740
-0.003479
-0.001817
-0.009279
0.080619
-0.015342
-0.020008
-0.001086
0.018824
0.001408
0.009107
0.000633
0.025549
0.005732
-0.039248
0.012601
0.001137
-0.003958
-0.000039
-0.004026
-0.006701
0.010915
0.009774
0.044710
0.015840
-0.001648
0.004126
-0.006032
0.003889
-0.006857
-0.000191
0.003105
-0.022775
0.002754
-0.049479
-0.025211
-0.002416
-0.003841
0.025334
0.014413
-0.000929
-0.001298
0.020285
-0.004371
-0.002972
0.003144
-0.004329
0.005248
0.004461
-0.023957
-0.006864
0.062435
-0.007957
0.001586
0.003335
0.007604
-0.006078
0.120270
0.018345
-0.008491
0.012329
-0.022855
0.006272
0.002792
0.000021
-0.005693
-0.018232
0.063719
-0.013659
-0.006004
-0.000709
-0.005459
-0.004831
-0.003420
0.000372
-0.011323
0.029644
0.005355
-0.001387
0.000713
-0.001960
-0.011578
-0.003630
-0.009004
-0.012969
-0.003177
-0.001770
-0.003970
-0.037590
-0.003381
0.000743
-0.000613
-0.002466
0.010578
-0.009776
-0.026319
-0.030880
-0.006559
0.024860
-0.001734
-0.003601
-0.001092
0.001737
0.081654
-0.031056
0.042118
0.007841
-0.002282
-0.016785
-0.008228
0.003569
0.006907
0.004016
0.004825
0.004150
-0.000550
-0.001782
0.002725
0.007270
0.004667
0.018460
0.006004
0.003007
0.001253
-0.010324
-0.003732
-0.022614
-0.003057
-0.019515
-0.015067
-0.012658
-0.000080
0.005085
-0.007496
0.002822
-0.000372
0.007491
-0.003937
-0.008485
0.003327
0.011084
-0.003630
0.018600
-0.002504
-0.026424
0.000076
0.000393
0.000618
-0.007906
0.044090
0.000237
-0.010719
0.000999
-0.022638
-0.011488
-0.003030
-0.009582
-0.002018
-0.004155
-0.001470
0.005103
-0.016296
0.000187
0.000539
-0.004172
0.005785
-0.001085
0.031114
-0.012409
0.001088
-0.000024
-0.000321
0.007162
-0.009812
-0.015206
-0.002624
-0.019729
-0.002067
0.045555
0.010332
-0.014588
0.008782
0.004266
-0.002351
-0.001211
0.037749
-0.001754
-0.007082
0.004438
-0.009976
0.004796
0.003923
-0.003203
0.012664
-0.000845
-0.018449
-0.001870
0.004548
-0.003912
0.008103
0.004742
0.005642
-0.012336
-0.008140
-0.001119
-0.002397
-0.002171
-0.000319
0.008657
0.008998
0.012211
-0.013557
0.013778
0.005800
-0.003582
-0.001570
-0.002510
0.033790
-0.021677
0.019427
-0.002538
0.001930
-0.015681
0.040408
-0.012724
0.000141
-0.014778
0.001667
-0.018920
0.001147
0.003977
-0.005008
0.023665
0.010122
0.058658
0.015928
-0.013044
0.009866
0.002701
-0.007783
-0.002283
-0.000622
-0.012830
-0.004017
0.013070
-0.003361
-0.001315
0.000171
-0.020172
-0.001476
-0.000408
-0.002729
-0.005827
0.016142
0.008383
-0.000649
-0.009160
0.061154
-0.068465
-0.028332
0.016779
-0.021136
0.007348
-0.000517
-0.004893
-0.000786
0.006595
-0.007567
0.003103
-0.018172
0.001155
0.003158
-0.001697
-0.010381
-0.001981
-0.002223
-0.012737
0.032509
-0.013822
0.125203
0.056183
0.010435
0.015009
-0.009877
-0.002329
-0.002713
0.003819
0.006827
-0.004356
-0.011550
0.001671
0.004371
-0.021490
-0.035276
-0.001886
-0.011000
-0.000849
-0.006563
0.007091
-0.022573
-0.016851
-0.010661
-0.000302
-0.016490
0.002072
-0.004188
0.001844
0.006230
-0.014096
0.001146
0.069111
-0.018543
-0.002268
-0.003130
-0.008505
0.002934
-0.000275
-0.002902
-0.014034
0.009085
0.002164
-0.010203
0.001415
0.004466
-0.013562
-0.020722
-0.005115
-0.000481
0.007527
-0.000925
0.006003
0.036658
0.011946
0.026694
0.030666
-0.001449
0.126210
0.010253
-0.006444
0.044919
-0.012440
-0.004754
0.006423
-0.002843
-0.003409
0.007203
-0.019327
-0.003147
-0.017768
0.022462
-0.066184
-0.040401
0.014943
-0.012338
-0.010587
0.003970
-0.000130
0.009997
-0.015516
0.005471
0.001141
-0.012227
0.005760
0.013470
-0.003306
0.000908
0.013813
-0.012058
0.003643
-0.025372
-0.010118
-0.026676
-0.007793
0.032461
0.006524
-0.000230
0.067812
0.064336
-0.026827
-0.013921
0.012309
0.032213
0.032172
-0.018566
-0.017560
-0.010689
-0.001315
-0.011580
0.001784
-0.003335
0.000048
-0.005699
-0.022260
-0.012391
-0.008969
0.000717
-0.000214
0.004341
-0.010078
0.001828
0.003672
-0.002097
-0.002594
0.001374
0.001925
-0.005241
0.004570
-0.006495
0.000010
-0.018610
-0.003232
-0.005334
-0.006892
-0.002590
-0.003195
-0.005810
-0.003575
-0.010497
-0.005253
0.003150
-0.003722
-0.002570
-0.014961
-0.007289
-0.016421
0.007880
-0.001204
-0.006510
-0.012131
-0.030411
-0.010242
-0.009017
-0.004925
-0.005937
-0.003111
-0.014701
-0.011439
-0.016297
0.001044
0.000785
-0.000791
0.012934
-0.003557
0.008777
-0.009052
-0.015133
-0.020852
-0.018884
-0.012184
0.080462
-0.006674
0.006737
-0.010278
0.002797
0.000472
-0.001683
0.009990
0.004297
-0.008507
0.002988
-0.008299
0.006132
-0.008232
-0.003200
-0.005958
0.000969
-0.005414
-0.038382
-0.012281
-0.015743
-0.044864
0.001887
0.020212
0.030187
-0.005031
0.000870
0.008320
-0.000622
0.002874
0.001537
-0.014301
-0.001267
0.020140
-0.001000
-0.003090
-0.004466
-0.008820
0.001372
0.017837
-0.008460
0.002999
-0.005746
-0.005078
-0.020891
-0.016954
0.008381
-0.006418
-0.007848
0.026210
-0.001251
-0.001577
0.011870
-0.004691
-0.009105
-0.003087
-0.007534
-0.004080
0.003734
-0.008764
-0.013697
-0.006711
-0.016587
-0.002587
0.016549
0.010567
-0.000744
-0.007963
0.000838
-0.006537
0.005169
0.005813
0.001938
0.000065
-0.001532
-0.002039
-0.001000
0.000560
-0.003072
-0.003307
0.050966
-0.009229
-0.003361
0.014830
-0.005447
-0.016476
0.011103
0.004951
-0.000235
-0.025193
-0.013028
-0.000065
0.001657
-0.004432
0.017442
0.004541
-0.015010
-0.004116
-0.000891
0.013542
0.001632
-0.005847
-0.009415
-0.019794
0.002318
0.003966
-0.039787
-0.025285
-0.011270
-0.000443
0.000643
-0.010470
-0.005349
0.005120
0.006041
0.002337
-0.007301
0.007604
-0.005380
-0.004568
-0.006094
0.000519
-0.010003
-0.003061
0.003120
-0.004880
-0.004112
-0.009209
-0.011130
-0.001813
-0.003829
-0.014457
-0.022589
0.023032
-0.012036
0.059629
0.019935
-0.004815
0.010757
0.003538
-0.006350
0.244981
0.027827
0.024656
0.012146
0.007665
0.006211
0.035913
-0.008660
-0.032057
-0.051618
-0.000168
0.001231
-0.001672
0.006486
0.002260
-0.018406
-0.001242
0.005112
-0.000412
0.060805
-0.010748
-0.000374
0.002003
-0.009456
-0.004777
0.002743
0.001922
-0.005107
0.004072
-0.003477
0.011128
0.000897
-0.013466
0.008988
-0.000420
-0.018733
-0.045647
-0.008712
-0.001925
-0.001142
-0.000279
-0.007999
-0.007063
-0.004087
0.022973
-0.014914
-0.006493
-0.003677
0.002909
0.002202
-0.028511
0.005633
0.056978
-0.032162
-0.008462
-0.008143
0.002538
-0.028419
0.004047
-0.000058
0.003860
0.003156
0.001981
-0.023289
-0.002910
0.009147
-0.021940
-0.014658
0.003473
-0.006344
-0.011187
0.002314
-0.006778
-0.003264
-0.004293
-0.018903
-0.023100
0.023652
0.018928
-0.000129
-0.018623
0.000115
0.002685
-0.007008
-0.001561
-0.021908
-0.009517
-0.007167
-0.000488
-0.000566
-0.004206
-0.009747
0.006394
-0.005487
-0.005584
0.047596
-0.000084
0.030123
-0.001341
0.007255
-0.020000
0.003269
-0.010011
-0.010224
-0.003314
0.000359
-0.005061
-0.022410
-0.031727
-0.054366
-0.039389
0.008189
-0.008541
-0.027411
0.005843
0.002322
0.052171
0.001163
-0.006458
-0.002118
-0.007243
0.021172
-0.009019
0.001512
0.003922
0.011613
-0.018579
-0.009970
0.006557
0.024527
0.000852
-0.010636
0.066210
-0.041943
0.009574
-0.034375
0.000958
-0.017501
0.104008
-0.049085
0.013676
0.011479
0.004042
0.000766
0.000823
-0.012037
-0.004037
-0.001312
-0.011042
0.000467
0.006232
-0.005365
0.003641
0.010167
0.056810
0.008588
-0.009803
0.275173
0.004566
-0.034497
0.054961
0.005330
-0.003296
-0.013606
0.005916
0.001441
-0.008429
0.028070
-0.030558
-0.006842
0.034061
-0.005889
0.017571
-0.003397
-0.008835
0.008172
-0.033362
0.018434
0.000575
0.001103
-0.005608
0.004729
-0.011585
-0.002317
-0.015162
-0.001933
-0.001683
-0.008569
-0.033933
-0.000316
-0.006726
-0.010758
-0.015011
-0.002790
-0.003474
0.001577
-0.007811
-0.011338
0.059466
0.004950
-0.003133
0.012417
0.005240
0.002363
-0.002786
-0.010373
-0.018788
0.010154
0.011967
0.000186
0.049390
0.003717
0.003082
0.007180
0.031220
0.002260
-0.003289
-0.003838
-0.001079
-0.002791
-0.000843
0.002957
0.030857
0.006548
-0.006404
0.019096
-0.004050
-0.001670
0.004537
0.005926
-0.008906
-0.031448
0.002239
-0.008600
0.009015
0.055144
-0.012050
-0.001352
0.004777
-0.005726
0.005914
-0.000557
0.007710
-0.001034
0.000489
0.034639
0.003953
0.008531
0.001999
-0.009286
-0.003400
0.057474
0.004886
-0.002490
-0.000256
0.018466
-0.009488
0.001112
-0.009762
-0.003097
-0.026358
-0.001516
0.003049
0.019463
-0.009239
-0.001528
-0.011246
-0.002503
-0.002022
-0.022278
0.008010
-0.001774
-0.000482
-0.028110
0.003222
-0.038695
-0.013601
0.002213
0.009539
-0.010544
-0.024853
-0.023409
0.010103
0.013885
-0.004118
-0.019639
-0.032655
-0.033477
-0.004852
-0.011547
-0.007712
-0.014480
-0.022523
-0.012048
-0.016399
-0.040074
-0.030665
-0.002880
0.003824
-0.012931
-0.016830
-0.011876
0.033789
-0.021983
-0.002319
-0.002285
-0.000725
0.007420
-0.005802
-0.006611
0.014905
-0.006863
-0.006975
0.007129
-0.003080
0.011943
0.009518
-0.001604
-0.000472
-0.005057
-0.003516
0.028631
0.000154
-0.007193
0.026625
0.062512
-0.002557
-0.011041
-0.036409
-0.009392
0.003828
0.013993
-0.009544
0.005857
-0.007302
0.000468
-0.001295
0.022962
-0.018470
0.004730
-0.003655
-0.007156
-0.006918
-0.017476
-0.006418
-0.013122
-0.013510
0.001496
-0.020530
-0.000147
-0.004803
-0.009219
-0.016680
0.015096
-0.031175
0.000930
-0.001501
0.004482
0.008255
-0.000028
0.005072
-0.006704
-0.000486
0.002734
-0.001110
-0.011248
0.032492
0.003235
0.000061
0.002230
0.008388
-0.008011
0.004601
-0.012947
-0.002489
-0.002721
-0.000265
0.001689
0.008861
-0.001024
0.003298
-0.014519
-0.002315
-0.000305
-0.002603
-0.001799
0.012004
-0.017671
0.027906
-0.002361
-0.000452
0.005780
0.048060
-0.024371
0.002237
-0.000219
-0.001203
-0.004033
0.000330
-0.007849
0.001079
-0.010684
0.009633
0.001201
-0.031413
-0.020389
0.023286
-0.023108
-0.012359
-0.001441
-0.004880
-0.001070
-0.005244
0.019304
-0.006683
-0.003421
-0.000978
-0.009317
-0.028106
0.005189
-0.002626
0.002098
-0.000204
-0.010638
-0.010251
-0.026550
0.012609
-0.010425
0.000544
0.067288
0.003070
0.001875
-0.005180
-0.012277
-0.011597
-0.003272
-0.002784
0.003065
-0.002970
-0.004402
-0.001530
0.017842
-0.000240
-0.014609
0.010163
-0.002711
-0.000356
-0.011136
0.002796
-0.002507
-0.005542
-0.003775
0.028564
-0.012631
0.080270
0.053207
0.036435
0.064762
0.013349
-0.018688
-0.006367
-0.008271
-0.004984
-0.005632
0.000966
-0.009470
-0.004957
-0.022691
0.043281
-0.032376
0.015740
-0.016057
-0.003108
0.001858
-0.012538
0.000036
-0.043830
-0.053151
0.078686
0.014765
0.010741
-0.000852
-0.002922
0.007489
0.003739
0.008519
0.014254
-0.008934
-0.003608
-0.006762
0.017965
0.004405
-0.002498
-0.010479
0.011918
0.003960
0.002635
-0.024019
-0.012242
-0.015913
0.009034
-0.011416
0.006178
0.002092
0.002616
-0.018547
-0.001148
0.010809
0.009527
-0.002559
0.003040
-0.012297
0.003066
0.000876
0.001384
0.000611
0.006404
-0.002802
0.003458
0.007225
0.002735
-0.026228
-0.005663
-0.013961
-0.004870
-0.003791
0.007892
-0.008394
-0.019777
-0.001204
0.007401
-0.000537
-0.008661
-0.003609
0.022496
0.038222
-0.010517
-0.030600
-0.004036
-0.038857
0.000051
0.013567
-0.023945
0.006580
-0.004482
-0.015370
-0.017639
0.029832
0.033997
-0.006006
0.000131
0.007687
-0.018225
-0.003581
-0.000676
0.001574
-0.002998
-0.010320
-0.015330
0.001191
-0.001264
-0.000112
-0.024955
0.018148
0.006803
-0.008432
-0.003798
-0.027374
0.003266
-0.004577
-0.008440
0.002921
0.007828
-0.010999
0.000130
-0.002805
-0.004873
0.003861
0.001811
-0.001594
-0.005266
0.002502
-0.003450
-0.008761
-0.002667
-0.006865
0.002439
0.000150
0.008660
-0.000212
0.018949
-0.002692
0.015549
-0.005153
-0.006516
-0.000222
-0.041376
-0.039752
0.033751
0.056064
-0.030836
-0.004646
-0.007817
0.002254
-0.006251
-0.016981
-0.026396
0.062850
-0.001699
-0.001856
-0.011412
0.001491
-0.000390
-0.002543
0.004545
-0.000119
-0.001653
-0.007445
-0.001878
0.000083
-0.004508
-0.001426
-0.000338
0.005947
-0.004725
-0.002364
-0.006019
0.001662
0.000348
0.000980
-0.011038
0.008898
-0.007346
-0.013731
0.009505
-0.033988
-0.005441
0.042998
-0.002814
0.002727
0.016027
0.003492
-0.012118
0.000522
0.006153
0.000801
0.019002
0.000987
0.030956
0.019155
-0.004913
-0.004035
-0.000560
-0.001897
0.122606
0.016939
-0.027439
0.012096
-0.049308
0.002126
0.057514
-0.006433
-0.002926
-0.002417
-0.023637
0.064967
-0.006913
-0.003477
-0.003318
-0.001655
-0.002752
-0.001806
0.053887
-0.012524
0.006368
-0.001405
0.003495
-0.004004
-0.003747
0.034026
-0.002303
0.017544
-0.000423
0.000891
-0.005904
0.000877
0.006369
-0.012071
0.003102
-0.005781
-0.081782
-0.011811
0.004877
-0.010137
0.002835
0.004205
0.002452
0.003667
-0.000360
-0.002695
-0.001552
-0.012469
-0.011941
0.000116
-0.020434
-0.035148
-0.005589
-0.002271
-0.007366
0.000857
0.010374
-0.005744
-0.015693
0.006034
0.001010
-0.036400
0.003704
-0.043444
-0.006339
0.039166
0.014590
-0.005754
0.002995
-0.001939
-0.018666
-0.012116
-0.001254
0.004359
-0.003792
0.007813
-0.028198
-0.003617
-0.000075
-0.022245
-0.010564
0.001584
-0.003258
-0.007703
-0.001030
0.004912
0.035827
0.014899
-0.010005
-0.004544
0.007922
0.006866
0.001754
0.005538
-0.006124
0.024309
0.009021
0.001244
-0.011834
-0.006699
0.012520
0.000228
-0.002569
0.005449
0.017858
0.001348
-0.002251
-0.000396
-0.022129
0.015878
0.126662
0.001093
0.006319
0.000586
-0.024772
0.005237
-0.008534
0.003977
-0.018753
-0.070244
0.011075
-0.016587
-0.005739
0.028701
-0.001250
-0.000325
0.002859
-0.000041
0.001177
-0.001812
-0.011913
-0.014152
0.069162
-0.005134
-0.006428
-0.003683
0.000774
-0.009834
-0.003032
-0.005872
-0.000543
-0.002503
-0.001974
-0.015582
-0.026189
-0.029802
0.002462
0.004791
-0.007854
-0.002816
0.001569
-0.003870
0.003108
-0.074427
-0.008504
0.004789
0.032065
0.001324
0.028621
-0.006201
0.000144
-0.006978
0.006305
-0.000184
0.006124
0.028091
-0.003966
-0.018624
0.018201
0.037710
0.000240
0.002217
-0.015830
-0.000372
-0.005216
-0.000930
-0.000313
-0.004031
-0.009684
-0.001326
0.010979
-0.006019
-0.006501
-0.013615
-0.003307
0.002861
-0.005659
0.000873
-0.017575
0.034307
0.017927
-0.001226
-0.002451
-0.047804
0.002050
0.035127
-0.000165
0.011242
-0.008617
-0.004332
-0.042386
0.019430
-0.002215
-0.002112
-0.004347
-0.008499
-0.010190
-0.018323
-0.005683
-0.001075
0.003262
-0.000246
-0.004880
0.001866
-0.006891
-0.014277
-0.004352
-0.004785
0.000443
0.001279
0.018379
-0.003495
-0.019247
-0.008496
-0.010724
0.003403
-0.001073
0.001859
0.004138
0.001456
-0.008189
-0.004638
-0.007902
-0.000164
-0.001785
0.005143
0.008039
-0.014828
-0.000101
0.008717
-0.008581
-0.001012
0.002704
-0.008956
-0.011669
-0.009941
-0.000591
0.004139
-0.011862
0.002492
-0.010015
-0.002459
-0.001297
-0.000895
0.001138
-0.000132
-0.006210
0.011277
0.010055
-0.003321
-0.007892
0.009853
-0.003252
-0.003424
-0.000595
-0.005178
0.000614
0.005462
0.023083
0.000634
0.000018
-0.005789
-0.025396
-0.000333
0.005632
-0.003939
0.002005
-0.020990
-0.004054
-0.001955
0.035287
-0.000595
-0.014652
-0.008434
0.018840
-0.011960
0.022816
0.105175
-0.027975
0.001698
-0.007651
0.002405
0.119883
-0.002467
-0.004645
-0.001529
-0.001673
-0.003355
0.001948
0.015649
-0.012268
-0.043321
0.004162
-0.030373
0.041311
-0.009120
0.008847
0.007667
-0.002142
-0.005076
-0.004284
0.012636
-0.014004
0.007190
0.005509
0.001007
0.003525
0.038447
-0.012951
0.004746
0.005729
0.001301
-0.005076
0.004414
0.070873
0.011906
0.011087
0.002492
-0.011655
-0.007810
-0.006804
-0.011107
-0.005635
0.003515
-0.004555
-0.004772
-0.001032
-0.005822
-0.002677
-0.004958
-0.006477
-0.008824
0.003128
-0.018750
0.006240
-0.003422
-0.002745
-0.007141
-0.001746
-0.004582
-0.004533
-0.006533
0.012693
0.010219
-0.025105
-0.019877
0.000130
-0.011673
0.006657
-0.000980
0.006177
-0.009416
0.036651
0.006617
-0.006578
0.003405
0.006705
-0.001188
-0.008148
0.001383
-0.014153
-0.013673
-0.001236
0.008012
0.001963
0.000315
-0.007469
0.001948
-0.004091
-0.001077
-0.010465
-0.003769
-0.001043
-0.002570
-0.000989
0.006914
-0.016443
-0.002743
0.000311
-0.006446
-0.015467
-0.002768
-0.005431
0.001389
-0.003381
-0.011139
0.000127
-0.009737
-0.000249
-0.006763
-0.004286
-0.059381
-0.010457
-0.009877
0.001470
-0.021239
-0.020427
-0.003674
0.004459
-0.000400
-0.006936
0.007361
-0.005146
-0.006235
-0.000185
-0.005580
-0.028948
0.009648
-0.052075
0.054648
0.029867
-0.007850
-0.006221
-0.006564
-0.007540
0.004533
0.005177
0.021073
0.022361
-0.005808
0.000397
-0.001882
0.021208
-0.009190
-0.025774
0.000808
-0.000523
-0.022004
0.000757
-0.004415
0.001318
-0.003682
-0.001190
0.001261
0.006567
-0.012924
0.000248
-0.006542
-0.006918
-0.005642
-0.001611
-0.004182
0.004863
0.007420
0.001806
0.023869
-0.017320
-0.008443
0.039966
-0.008625
0.008549
-0.013549
0.010629
-0.009192
0.000487
-0.012024
-0.012825
-0.002661
0.001041
-0.004294
-0.027188
-0.029494
-0.007002
-0.004890
-0.014589
0.021456
-0.000784
-0.013907
-0.012887
-0.024235
-0.007388
-0.007057
0.159370
0.023185
0.094548
-0.010654
0.006493
0.003970
0.000374
-0.003046
0.007399
0.015458
-0.008844
0.009044
-0.009108
0.003831
-0.018395
-0.006341
0.008897
0.005317
-0.011641
-0.006369
-0.001390
-0.016483
0.003285
0.001722
-0.002546
-0.004322
-0.003572
0.003385
-0.025176
-0.018769
-0.010858
-0.001508
-0.009680
-0.010340
-0.000617
-0.003831
0.001699
-0.000943
-0.011501
-0.005395
-0.008930
0.029035
0.002235
0.010320
-0.008429
0.008110
-0.001913
-0.019515
0.008304
0.012045
0.001007
-0.006050
-0.007409
-0.011262
-0.001088
0.000014
-0.007810
-0.004781
-0.002652
0.005672
-0.000111
0.001105
0.009243
0.005032
0.001885
0.005294
-0.012741
0.015166
-0.012228
-0.003499
-0.003042
-0.000631
0.002286
-0.007523
0.018194
0.005734
0.001102
0.006447
-0.002174
0.001669
-0.003683
0.001902
0.008413
-0.006293
0.002994
-0.002880
-0.003552
0.019578
0.000445
-0.014384
-0.003349
-0.006959
-0.014712
-0.004054
-0.008913
-0.008142
0.007526
0.001396
-0.015957
-0.005754
0.005180
-0.000329
-0.003263
-0.004728
-0.007753
-0.025330
-0.005279
-0.003055
0.007724
-0.013956
-0.012744
-0.004216
0.019168
-0.011611
0.000361
-0.000637
-0.001707
-0.017610
0.133188
-0.002715
0.088813
-0.005206
-0.000049
-0.000997
0.000419
-0.014611
-0.001234
-0.000218
-0.012710
-0.007029
0.005248
-0.009699
-0.013010
-0.003089
0.000193
-0.015988
0.016309
-0.001936
-0.002095
-0.003648
-0.001678
-0.004517
-0.004010
-0.002207
-0.001179
-0.044123
0.015086
0.002236
0.006215
0.000637
-0.004127
0.009921
-0.028954
-0.004868
-0.002658
-0.002596
0.002861
-0.007036
-0.005410
0.014207
0.003232
-0.017193
-0.005708
0.019568
-0.013492
-0.009827
0.005534
-0.004029
-0.006424
-0.027010
-0.011212
-0.008530
0.011260
-0.005733
-0.009697
-0.073301
-0.008723
-0.007244
-0.000076
-0.003092
-0.001743
0.008091
-0.073385
0.005394
-0.009413
0.000497
-0.055976
-0.005588
0.000911
-0.014251
-0.009902
-0.007885
-0.006761
0.068061
0.001636
0.044187
0.003952
-0.010034
-0.020011
0.000177
0.009624
-0.004423
-0.045224
0.012693
-0.008470
0.002301
-0.008041
0.000010
0.004281
-0.012418
0.011358
-0.024743
-0.000259
0.015030
-0.018618
-0.006385
-0.014737
0.001896
0.015065
0.003634
-0.003665
0.004788
-0.004693
-0.002508
0.006679
0.001951
0.014766
0.005243
-0.009032
0.002276
-0.001973
-0.004330
0.031490
0.001032
-0.003803
-0.012056
-0.009360
-0.008403
-0.003672
0.003116
-0.009284
-0.005084
-0.004245
-0.018255
-0.000417
-0.003781
-0.011215
0.001043
-0.015490
-0.011150
-0.003640
0.002219
0.000349
-0.004080
0.105664
-0.002753
0.058769
-0.008409
0.022958
-0.041750
0.000167
0.026777
0.004257
-0.001190
-0.012802
0.037790
-0.018754
0.000390
-0.004799
-0.008645
0.010089
0.009601
-0.000708
-0.005593
0.004537
0.005700
-0.003998
0.000009
0.001718
-0.010775
0.011070
0.086517
0.003503
-0.023048
-0.008777
-0.014846
-0.003502
0.000276
0.003315
0.004072
-0.000714
0.002915
-0.004301
-0.016746
0.009041
0.001179
0.000797
-0.002482
0.003455
0.004278
-0.001530
-0.024365
-0.005584
0.010737
-0.002687
0.003686
-0.026304
-0.015398
0.003735
-0.004010
-0.000764
-0.008488
-0.014620
0.009072
-0.007541
-0.003247
-0.001931
-0.003415
-0.013855
0.002489
-0.002956
0.001852
0.000143
-0.022182
-0.004382
-0.002003
0.021409
-0.018552
0.004708
-0.001932
0.000450
0.004904
-0.007389
-0.016006
-0.002940
-0.003701
0.000663
0.007585
-0.002260
0.004585
0.041598
0.001441
0.006527
-0.006147
0.000484
-0.055035
-0.001836
-0.042715
-0.004195
0.004733
-0.005103
0.007974
0.015442
-0.002849
0.116178
-0.003169
0.001164
0.002949
-0.003139
-0.011876
0.029752
0.000204
-0.001271
-0.002509
0.008254
-0.002812
-0.027947
-0.017159
0.009977
0.002207
-0.009338
-0.021829
0.004369
0.004044
0.000227
0.014949
0.012028
0.008994
-0.001135
-0.004348
0.009735
-0.001497
-0.000920
-0.010991
-0.001695
-0.006475
0.014036
0.000262
0.003871
-0.001254
-0.003465
-0.008274
-0.004444
-0.009087
0.013397
0.012940
-0.008518
0.015517
-0.015041
-0.003732
-0.036683
-0.027676
-0.001177
-0.002448
-0.004190
0.010026
-0.004080
0.025767
0.001034
0.005702
0.018192
0.002414
0.008466
-0.035892
0.003336
0.004918
0.000247
0.008876
0.000946
0.023437
0.039107
0.012589
-0.006926
0.002332
0.063271
0.000363
-0.001811
-0.004879
0.001212
-0.017192
-0.001742
0.002509
0.002431
0.000246
-0.002871
-0.035244
-0.011069
0.037092
0.006358
0.000917
-0.009109
-0.000263
0.002144
0.008442
-0.003692
0.000834
0.001665
-0.006531
-0.003385
0.000308
0.001076
0.002923
-0.001654
-0.000646
0.012629
-0.008613
-0.000646
-0.002967
-0.005304
0.010479
0.005214
-0.002749
0.011236
-0.005772
0.003071
0.003021
-0.002814
-0.005552
-0.002237
0.001759
0.013912
0.009083
0.000860
0.009308
-0.000063
-0.017196
-0.001812
0.004199
-0.005960
0.007131
0.004475
-0.030659
0.001676
0.016157
0.004734
-0.002210
-0.005803
-0.010445
0.001499
-0.003160
-0.018057
-0.007552
0.005112
0.031025
0.002086
0.008352
0.006562
0.001418
-0.003955
-0.020037
0.004505
-0.005675
-0.015409
-0.002999
0.004260
0.025506
0.002147
0.016829
0.030699
0.021394
0.005355
-0.023228
-0.037927
-0.005005
-0.012153
-0.006774
-0.016293
-0.031170
-0.020547
0.001120
0.026081
-0.005028
-0.010073
0.086854
-0.024719
0.001373
-0.010727
-0.010200
-0.007020
-0.020282
-0.008456
-0.001466
-0.008348
0.001620
-0.008615
-0.005710
-0.011098
-0.033285
-0.008700
-0.024086
-0.016216
-0.105888
-0.074632
-0.015522
-0.018411
0.002087
-0.002140
0.003100
0.010304
-0.016793
0.010165
0.017653
0.026557
0.007770
0.002968
0.000046
-0.021409
0.000994
-0.002643
-0.003646
-0.011022
0.000668
0.007443
0.009192
-0.012026
0.006845
-0.018782
-0.008962
0.010002
-0.016058
-0.012166
-0.009463
0.025258
-0.039948
0.001588
0.003030
0.042120
-0.003106
0.025967
-0.016785
0.005376
-0.010653
-0.084604
-0.003880
-0.007584
-0.000886
-0.000246
-0.011975
0.007735
-0.021647
-0.007820
-0.023698
-0.004280
0.002622
0.026444
-0.013359
-0.001667
0.018136
-0.005902
-0.009607
0.003458
-0.006552
0.001287
-0.034284
-0.008425
-0.014660
-0.001593
-0.003261
-0.036891
-0.049400
0.001679
-0.007302
0.035521
-0.004079
-0.003881
0.036166
-0.008923
-0.004628
0.046336
-0.015356
0.011252
-0.002935
-0.008578
-0.001547
-0.011409
-0.003397
-0.028962
0.035273
0.002142
-0.030353
0.026168
-0.013316
0.005183
-0.001111
-0.027187
0.012210
-0.015416
-0.040993
-0.021092
-0.017897
-0.017239
-0.017734
0.012029
0.001289
0.053591
-0.012424
-0.010428
-0.011659
0.013583
0.010007
-0.002183
-0.025424
0.004304
-0.000991
0.003277
-0.021221
-0.049849
0.006847
-0.012796
0.007466
0.030322
-0.012212
0.011988
-0.005478
0.023973
0.056453
-0.033722
-0.010968
0.004543
-0.001508
-0.001907
0.013332
-0.052605
0.025400
-0.044014
0.073749
-0.069092
-0.020357
-0.000017
-0.035429
-0.014399
0.001136
-0.007811
0.039312
-0.001326
0.006580
-0.004158
-0.000888
-0.003684
-0.001061
0.000792
-0.016989
-0.004564
0.012052
-0.010651
0.101446
-0.033973
-0.010779
0.000619
-0.011063
0.001030
-0.013578
-0.000846
-0.008449
0.003105
-0.009181
-0.007527
0.013687
-0.000560
0.061389
-0.005751
-0.006979
-0.021175
0.049008
0.001241
-0.003332
0.000312
0.005496
-0.008211
0.001142
-0.018016
0.004006
-0.020932
-0.004194
0.094183
-0.019226
-0.000650
-0.001136
0.011447
0.006931
0.008423
-0.006605
0.004463
0.003361
-0.008259
0.001786
-0.005050
-0.002559
-0.000456
-0.010862
-0.008561
0.000895
-0.001879
-0.005146
0.002635
0.004745
-0.006067
0.010847
-0.004269
0.005713
-0.010170
-0.015605
-0.009615
-0.005556
-0.012521
0.005955
0.001629
-0.009984
-0.000658
-0.000417
0.005702
0.002533
-0.014856
0.013166
0.070377
-0.008330
0.054224
-0.021285
-0.010885
-0.011371
0.040180
0.012767
0.016141
-0.013582
0.041848
-0.005694
-0.004877
0.030611
0.051674
0.027129
-0.011389
0.033967
0.027346
0.011311
0.086367
0.039935
-0.030900
-0.019585
0.093104
0.002815
0.009220
0.000824
-0.008085
0.013306
-0.015384
0.017145
0.061663
0.002209
-0.009766
-0.007517
-0.000863
-0.006093
-0.000686
0.001738
-0.007619
0.005264
-0.004658
0.002201
-0.008295
-0.011218
0.002498
0.008872
0.006525
0.030866
0.017910
0.000787
-0.000044
-0.026789
-0.006335
0.008217
-0.003527
-0.000685
0.000093
0.002336
-0.003784
0.000260
0.002563
0.002282
-0.005061
0.095753
0.001620
-0.019456
0.002826
-0.008056
-0.008538
-0.009307
0.004139
0.010411
0.005136
0.082285
-0.019985
0.040266
-0.033167
0.003569
0.003502
0.004082
-0.045550
-0.026711
-0.006732
0.024056
0.024754
-0.007387
-0.000606
0.000395
-0.005918
-0.021336
0.001437
0.006555
-0.016147
-0.008740
-0.001621
0.006577
-0.004788
0.006891
-0.012613
0.009451
0.007932
-0.022535
0.011394
-0.009734
-0.007439
0.008003
0.002468
-0.018634
-0.005329
0.004610
0.003963
0.000903
0.004465
-0.006296
0.019645
-0.007777
0.069965
-0.008016
-0.019218
-0.008734
0.012674
-0.015014
-0.014805
-0.010590
-0.021874
0.004784
0.014360
0.000307
0.003655
-0.005175
-0.009116
-0.011279
0.008726
-0.009969
-0.018457
-0.039079
0.002893
-0.004075
-0.011633
0.002812
0.006652
-0.007648
0.012993
-0.008432
-0.006250
-0.026378
0.043425
-0.020107
-0.015528
0.002140
0.001742
0.067955
0.022473
-0.015997
-0.002367
-0.009090
0.036423
0.006088
0.004094
0.006181
0.012630
-0.006228
-0.000579
0.033946
-0.006668
-0.003837
-0.015673
-0.008874
-0.003203
0.004510
-0.012718
0.001625
-0.004645
-0.038031
-0.012899
-0.012692
-0.007281
-0.024590
0.010622
0.001546
0.038826
-0.031699
-0.002386
0.009609
0.010997
0.019128
-0.001317
0.003643
-0.016225
-0.003931
-0.003987
-0.029816
-0.001861
-0.005604
0.006555
0.008895
-0.078017
-0.022649
-0.012056
-0.002643
0.011023
0.006542
0.005062
-0.012074
-0.009066
-0.006191
0.003730
0.001217
-0.006779
0.002410
-0.007980
-0.013419
-0.011320
-0.019166
-0.028644
-0.004805
-0.011899
-0.003269
0.009480
0.008634
-0.004564
-0.009886
0.007001
-0.000211
0.025632
-0.047456
-0.008588
-0.015654
-0.014971
0.206044
0.310783
-0.005624
0.038846
0.022593
-0.026705
-0.015171
-0.010759
0.004191
-0.014907
-0.022521
0.010141
0.004558
-0.002820
-0.000254
-0.001711
0.004353
-0.003285
-0.006786
-0.036599
-0.009875
-0.028065
0.002385
-0.029148
-0.001386
0.003063
-0.004641
0.008939
0.026505
-0.000105
0.059964
0.013340
0.008330
-0.000623
-0.000961
0.001207
0.014652
-0.028474
0.008533
0.028659
0.007667
-0.036156
-0.010750
0.000847
0.052972
0.023855
0.002712
-0.019663
-0.008556
-0.046509
0.125721
-0.013142
-0.005479
-0.003837
0.025482
-0.004955
-0.005394
-0.064444
-0.004832
-0.005403
0.000900
-0.010291
0.005851
-0.005231
-0.001186
0.007598
-0.008461
0.047016
0.058106
-0.013388
-0.004076
-0.029307
-0.002063
0.006567
-0.001794
0.002098
0.002929
-0.002508
0.035840
0.001688
-0.008888
0.032546
-0.010010
0.008568
-0.003556
-0.004994
0.008492
-0.002862
-0.013098
-0.001457
-0.002003
0.002326
-0.001233
-0.005022
0.002773
-0.010471
0.007187
0.062075
0.014315
0.007979
-0.021492
0.187835
-0.017091
-0.016660
-0.002698
0.015702
-0.007599
0.015489
-0.003373
-0.006509
-0.002403
0.003619
-0.002041
0.005830
0.009057
-0.003205
-0.004037
0.001570
0.010177
-0.032030
-0.000414
0.004302
-0.003012
-0.001164
-0.014285
-0.011253
0.056055
0.034270
0.001452
0.000414
-0.019178
-0.014335
0.000264
0.003958
-0.003383
-0.006753
-0.027626
-0.025274
-0.000819
0.004412
-0.000530
-0.001357
0.001054
-0.003991
-0.002876
-0.011461
-0.039993
-0.014023
-0.018019
-0.017961
-0.033534
0.070123
-0.023753
-0.008301
0.023373
0.005453
-0.011483
0.028977
0.102483
-0.000249
