0.000150
0.000837
0.000769
-0.007475
-0.002518
0.000924
0.004164
-0.000214
0.000042
-0.000905
0.008242
-0.004277
-0.006995
-0.003878
0.004383
0.042642
-0.000349
-0.000330
0.000992
0.000243
-0.001541
-0.000303
0.000110
-0.003644
0.007147
0.003182
0.002314
0.003243
-0.001969
-0.007104
-0.003114
-0.006037
-0.011427
-0.008682
0.002369
-0.010670
-0.004941
-0.014458
-0.011470
0.123415
0.003431
-0.003293
0.000470
0.000739
-0.002763
-0.004556
-0.000008
-0.004160
0.002305
-0.002998
0.010150
0.013584
0.005626
0.003228
0.027138
0.009500
0.023318
0.028125
0.006052
-0.005984
-0.003129
0.005873
-0.002913
0.005373
0.010661
-0.006788
0.000604
-0.002461
-0.015048
-0.002965
0.002805
-0.001227
-0.002185
-0.004841
-0.000279
-0.008735
-0.001331
0.000856
-0.000774
-0.002310
0.024559
0.001480
-0.002726
0.007732
-0.006768
-0.006479
-0.001558
-0.000571
-0.001500
-0.000199
-0.006159
-0.005762
0.008498
-0.001869
-0.000065
-0.001416
0.004839
0.000336
0.004529
-0.002346
-0.002661
0.000816
-0.001241
0.005382
-0.003947
-0.000419
-0.002040
-0.001411
-0.000270
-0.001709
-0.000422
-0.000333
-0.000499
-0.000364
-0.005901
0.000155
0.008358
-0.005119
0.003967
0.001079
0.001743
-0.000853
-0.000867
0.002882
-0.002590
-0.006388
0.000018
0.012230
0.017046
-0.001355
-0.000128
0.003951
0.000832
-0.015329
0.003240
0.002133
-0.003136
-0.002525
-0.008363
-0.007073
-0.003174
-0.001694
0.004973
-0.013479
0.003345
-0.004651
-0.001748
-0.012158
0.001234
-0.006316
-0.002743
-0.005769
0.030202
-0.000996
0.001878
-0.003269
-0.002550
0.003701
0.003054
0.005904
0.000942
-0.005786
0.006881
-0.005244
0.016249
-0.001505
-0.004772
-0.003581
0.000020
0.000678
0.007618
-0.003586
-0.004260
-0.004289
0.013783
-0.001523
0.007219
0.009434
0.028822
0.008140
0.005634
-0.002592
-0.005278
-0.007097
-0.001516
0.004832
-0.000132
0.014725
0.028074
-0.002766
-0.005279
-0.001658
0.025906
-0.001203
-0.016607
0.001378
-0.000068
0.005314
0.005847
0.032470
0.021231
0.009981
-0.009095
-0.000452
-0.002525
0.005552
-0.004816
-0.006181
-0.002536
-0.007166
-0.002348
-0.000791
-0.003873
-0.004263
0.000549
-0.007598
0.000018
0.003380
-0.005676
0.000296
-0.004792
-0.000936
-0.003454
-0.008284
0.004809
0.002160
-0.000054
-0.006369
0.004170
-0.001246
-0.001934
-0.000095
-0.002216
-0.004644
-0.003405
-0.002463
0.012036
-0.000714
-0.001568
0.003488
-0.000521
-0.001407
0.001248
-0.003020
0.006759
-0.003347
-0.001273
0.015272
-0.004377
-0.000976
0.000269
-0.005016
-0.002202
-0.004226
-0.000875
0.002130
0.000108
-0.002251
-0.008633
-0.013036
-0.001657
-0.000933
0.003061
0.011891
0.009474
-0.000678
-0.000256
0.001905
0.035966
0.003822
-0.003926
-0.003480
-0.008385
-0.001674
-0.001194
-0.006118
-0.002337
-0.004240
-0.005779
-0.004797
0.000911
-0.006643
-0.001316
-0.002120
0.016041
0.002518
-0.004362
-0.005967
0.000412
-0.004272
-0.010767
0.001566
-0.007296
-0.001372
0.001330
0.003053
0.008249
-0.004101
0.008725
0.000870
-0.000492
-0.000949
-0.000529
-0.007291
-0.011278
-0.003874
0.000802
0.002833
-0.004070
-0.002878
0.014985
-0.000093
0.001857
0.009225
0.014620
0.000654
-0.002477
0.003177
-0.008592
-0.004782
-0.006549
-0.000573
-0.003000
-0.000861
-0.005121
0.043988
0.000484
-0.001837
-0.001252
-0.000367
0.011395
-0.001967
-0.006684
-0.002990
-0.008418
-0.003109
-0.004432
-0.000270
0.004042
-0.003778
0.004817
0.000234
-0.005833
-0.013560
-0.003221
-0.000805
-0.027853
-0.039384
0.003471
-0.003159
0.001981
0.014704
0.006914
0.000239
0.003738
-0.002590
-0.002560
-0.005029
-0.003720
-0.006361
-0.003581
-0.004171
-0.000689
-0.002227
0.000710
-0.000679
0.003276
-0.003443
0.004865
-0.004839
0.000096
-0.004541
0.004098
0.009622
-0.003794
-0.001286
0.001861
-0.001593
0.007515
-0.001372
0.001620
-0.000762
0.013367
-0.000999
0.001081
-0.004202
-0.005521
0.000939
0.013244
-0.003952
0.005055
-0.003657
-0.001087
-0.000649
0.003051
0.005423
-0.002118
0.000580
0.000926
0.000134
-0.003047
0.001753
0.002305
-0.000774
-0.001482
0.000757
0.001374
0.010728
0.000102
0.003245
-0.002499
0.000370
-0.002804
-0.003788
-0.003213
0.012426
0.002034
-0.000930
0.007935
0.002959
0.003900
-0.009668
0.063615
-0.000254
0.001998
-0.002786
-0.003294
0.000836
-0.004785
0.031721
0.005996
-0.006875
0.006757
-0.001884
-0.014219
-0.015102
0.010367
0.002907
0.007268
-0.000399
0.001033
-0.001514
-0.002950
0.000869
0.000386
-0.002754
0.000705
-0.000965
-0.003054
-0.002977
-0.003110
0.001425
0.000183
0.004046
0.001690
0.002246
-0.005751
-0.006300
0.006561
-0.001302
0.001934
0.009948
0.011857
-0.006782
-0.001037
0.004704
-0.010901
-0.000826
-0.001708
0.006324
-0.000372
-0.000160
-0.003437
0.002457
-0.004149
-0.008974
0.000497
-0.001926
0.004435
-0.005818
0.017250
0.002425
0.001113
-0.004619
-0.004142
-0.002342
-0.003179
0.012647
-0.002563
-0.002132
0.001180
-0.001590
0.006675
0.003321
-0.002375
0.002150
0.000857
-0.002995
-0.001362
-0.000841
-0.001004
-0.001605
0.005629
0.000411
-0.007100
-0.002241
-0.000166
-0.000730
0.036909
0.018198
0.008371
-0.005734
-0.005276
-0.001262
-0.000717
0.004989
0.000135
-0.004187
-0.003932
0.009887
-0.002728
-0.002085
-0.007643
-0.000217
0.013989
-0.003072
-0.000086
-0.000761
0.000515
-0.000043
-0.007755
0.000023
-0.006791
-0.000701
-0.009402
-0.001415
0.008429
-0.002877
0.001952
0.002607
0.001956
-0.001923
-0.001222
-0.002951
0.002144
-0.004782
-0.000854
0.000209
0.005441
0.002505
0.000017
-0.006459
-0.001552
-0.000852
-0.006578
-0.005218
-0.002488
-0.002595
-0.001723
-0.001825
-0.001903
-0.004161
0.005097
-0.002833
0.000912
-0.003121
-0.002289
0.005421
-0.015743
-0.000130
0.009706
-0.000447
-0.000615
0.004721
-0.005728
0.008201
0.033297
-0.002338
-0.020319
0.006678
-0.001420
-0.005965
-0.002004
0.006216
-0.000637
0.002665
0.000190
0.000549
0.020361
-0.001405
-0.000935
-0.009986
-0.007259
-0.003662
-0.005785
-0.008414
-0.000122
0.000889
0.003399
-0.002664
-0.009134
0.000886
0.016114
-0.008329
-0.000696
0.011214
-0.008889
-0.003530
0.004815
-0.009450
0.002331
0.006879
-0.002060
-0.002777
-0.000660
-0.002925
-0.005712
-0.001004
-0.001997
-0.000063
0.002646
0.007175
0.002498
0.024793
-0.004099
0.003441
-0.004363
0.003246
0.000754
-0.009227
0.000806
0.007874
0.012455
0.013078
-0.007782
0.000243
-0.000762
0.001752
-0.003421
0.006865
-0.004293
-0.003525
0.108294
-0.002151
0.000523
0.002765
-0.003788
-0.007936
-0.007825
0.000013
0.001421
0.006780
0.008600
-0.003765
-0.003408
-0.005982
0.002778
-0.009643
-0.000515
-0.001421
-0.001630
-0.004799
0.001268
-0.005249
0.006856
0.004950
-0.002476
-0.001849
0.001518
-0.008851
0.004880
0.001130
-0.003907
0.004179
0.007112
0.010171
-0.002592
-0.001291
-0.002186
0.000001
-0.000336
0.005027
0.001206
-0.004354
-0.002160
0.004052
-0.005159
-0.006735
-0.002478
0.000069
-0.005049
-0.001018
-0.001896
0.002669
-0.001993
-0.003492
-0.005381
0.005009
0.001922
0.022523
0.002127
-0.005794
-0.019435
0.006378
0.004794
0.008653
0.000490
-0.007894
-0.005553
-0.008606
0.021774
-0.006594
0.021182
0.010096
-0.009090
0.007475
-0.003600
0.001229
-0.004575
-0.001316
0.000422
-0.001929
-0.001575
0.001669
0.022210
-0.003965
-0.008602
0.004626
0.012161
0.009065
0.003248
0.005222
-0.007118
-0.003078
0.001124
0.002711
0.002965
-0.000788
0.017371
0.000606
-0.000912
-0.002996
-0.005103
-0.017640
-0.002720
-0.003895
-0.003016
-0.003974
0.010576
0.000597
-0.005148
-0.006568
0.014330
-0.000968
-0.002397
-0.005928
-0.003609
-0.002250
-0.001059
-0.003644
-0.000500
0.038047
0.003453
0.010552
0.011867
-0.011299
-0.001266
0.012723
0.006037
-0.004518
0.012556
-0.005461
-0.001592
-0.002966
-0.003050
-0.003191
-0.006004
-0.001081
0.014960
-0.002668
-0.002639
-0.003813
-0.007669
0.001048
-0.000250
0.002301
0.010214
-0.001491
-0.002350
-0.002730
0.008331
0.002060
0.000148
-0.002660
-0.011020
0.002675
-0.008705
-0.005737
0.001778
-0.010221
0.007338
-0.003421
-0.005085
0.000622
0.001851
-0.002472
-0.001681
-0.001513
-0.000644
-0.000216
-0.003209
-0.005285
-0.001085
0.041391
0.062587
0.001477
0.000957
-0.003339
-0.004821
-0.002459
0.021546
0.037334
0.004051
-0.002318
-0.002695
-0.001348
-0.003300
-0.002000
-0.004766
0.003093
0.010747
0.000430
-0.001962
-0.010834
-0.004089
-0.002112
-0.005905
-0.000919
0.001855
-0.000583
-0.008992
-0.011840
-0.000350
-0.000601
-0.003562
-0.001590
-0.001020
0.022522
-0.003094
0.006185
-0.001502
0.003811
0.006180
-0.006856
-0.002402
0.006941
-0.007265
0.003999
0.003375
-0.003560
-0.004199
0.007974
-0.001626
0.004845
0.007025
-0.005828
0.016612
-0.001547
0.001585
-0.004053
0.000472
0.005604
0.004362
-0.000737
0.038317
-0.001758
-0.001557
0.015129
-0.008607
-0.004641
-0.002175
0.008055
0.000254
-0.000258
-0.006509
-0.001613
-0.001719
0.000039
-0.017695
0.000587
0.000285
-0.001096
0.002658
-0.004759
0.001793
0.000417
-0.005358
-0.009163
-0.014591
-0.004762
-0.004273
-0.004353
0.003482
0.000497
-0.003794
0.016963
0.012189
-0.002348
-0.000962
0.010267
0.002634
-0.003446
-0.002172
-0.001771
-0.003741
0.005351
-0.007569
-0.000544
-0.002983
-0.003973
-0.001688
-0.000012
0.011120
-0.001371
-0.004032
-0.001878
-0.000304
-0.000790
0.001817
0.004701
0.012674
0.001968
-0.012325
0.003437
-0.003991
-0.002377
-0.007525
-0.003281
-0.001607
-0.001467
-0.005847
-0.000893
-0.002152
-0.012953
0.002644
0.001677
0.006615
-0.001752
-0.002524
0.001344
0.002528
-0.002850
-0.000476
-0.002816
0.001703
0.006064
0.000642
-0.001661
0.033183
-0.004311
0.000656
-0.000587
-0.000928
0.010868
-0.004041
-0.000300
0.001782
0.002875
0.002198
-0.005395
-0.009623
0.008465
-0.005148
-0.005596
0.002795
-0.003682
0.028065
-0.001125
-0.002140
-0.002108
0.000822
-0.003815
0.002521
-0.000077
-0.002679
-0.008523
-0.001812
-0.003479
-0.004095
-0.000347
0.013381
0.000268
-0.000921
0.008063
0.000499
-0.000799
-0.017817
-0.006662
0.014118
-0.002807
-0.002434
-0.006569
-0.007383
0.003520
-0.004885
-0.001919
-0.000247
-0.004023
-0.009031
-0.004864
-0.000255
-0.002147
-0.000962
-0.000391
-0.007206
0.015223
-0.007265
-0.002161
0.004175
-0.004251
-0.014658
0.002112
0.002652
0.006596
0.015115
0.001258
0.002861
0.000011
0.004300
-0.002435
0.003061
0.000824
0.001582
0.001748
0.005834
-0.009876
-0.004232
0.000323
-0.001416
0.000312
-0.000541
-0.001202
-0.006501
0.004609
0.000486
0.000884
-0.005770
0.003202
-0.001598
-0.008947
0.003175
-0.002610
-0.001541
0.001382
-0.008662
-0.003566
-0.001942
-0.000761
-0.001673
-0.007477
0.000154
-0.002722
-0.004054
-0.008756
0.015868
0.001599
-0.001322
0.001334
0.002078
-0.014213
0.001778
-0.008557
0.005618
0.000371
-0.002391
-0.009256
-0.002732
-0.001821
-0.000454
0.002418
-0.003370
-0.002433
0.009007
0.001807
0.007499
-0.000665
-0.000110
-0.003752
-0.004202
-0.005731
-0.005266
-0.004104
0.023445
-0.000879
-0.000434
-0.003406
0.007410
-0.009922
0.001126
-0.006280
0.016481
-0.001797
0.011773
-0.007627
0.005124
-0.013845
0.000534
-0.009639
-0.008717
-0.002388
0.007509
0.236006
0.001231
-0.002338
-0.003120
0.011365
-0.012844
0.002363
-0.000073
