-0.000039
0.003855
-0.001748
0.003113
0.002872
-0.001806
0.000038
-0.000692
-0.002882
-0.001878
-0.007004
0.001196
-0.002762
-0.001956
0.003466
0.000618
-0.000757
-0.007068
-0.004474
-0.000402
-0.000523
-0.008847
-0.000053
-0.002348
-0.004972
0.002249
0.000025
-0.001697
-0.000216
-0.001365
-0.056776
-0.000359
-0.000531
-0.000560
-0.000860
0.000122
-0.002278
0.004094
0.000338
0.000399
-0.002355
-0.003711
-0.002803
-0.011846
-0.011766
0.009990
-0.009245
-0.004615
-0.013074
0.019542
-0.002202
0.000511
-0.000940
0.000975
-0.000656
0.004247
0.002068
-0.001004
0.007082
0.001059
-0.001991
-0.000492
-0.001056
-0.005108
-0.003787
-0.002530
0.000241
-0.003930
-0.000499
-0.012123
0.001669
-0.007552
-0.008167
-0.008480
0.026149
0.160586
0.009925
-0.000610
0.001187
0.001664
0.002017
0.004438
-0.000412
0.001976
-0.005307
-0.001566
-0.000370
0.001105
-0.000354
-0.000316
-0.001969
-0.002911
-0.002928
0.005764
0.121007
0.017309
0.012769
-0.003852
-0.004276
0.001293
-0.001101
0.003561
0.012082
-0.009801
-0.016714
0.025339
0.058268
0.024454
-0.024121
-0.002048
-0.007185
0.018697
-0.005203
0.019992
-0.016106
-0.008351
-0.002180
-0.003284
-0.000571
-0.007681
0.001153
-0.034670
-0.018402
0.003577
-0.005216
-0.006113
-0.008518
-0.001416
0.004705
0.001452
-0.008564
0.000142
0.001882
-0.004232
-0.005598
-0.003089
0.027481
-0.000140
-0.006540
0.001717
-0.010200
-0.004607
-0.002648
0.003813
0.007532
0.001062
0.002285
0.050568
-0.003936
-0.006260
-0.002760
-0.006526
0.011400
-0.004625
-0.000501
0.001520
-0.002099
-0.008524
0.015777
-0.004769
-0.003496
-0.001369
0.050210
-0.001886
0.016937
0.048648
0.024781
0.003928
0.016527
0.006995
0.000885
-0.001267
-0.002492
-0.001173
-0.005902
-0.001312
0.001000
-0.002969
-0.004420
0.001991
-0.004810
-0.007316
0.033375
-0.001377
0.053915
0.004596
-0.009291
-0.000319
0.002293
-0.010017
-0.019222
-0.001713
-0.004605
-0.002983
0.000695
-0.009597
0.001550
-0.001451
-0.006514
-0.004789
0.011022
-0.001047
0.003282
-0.005638
0.001479
-0.002052
-0.000147
0.000482
-0.000992
0.024677
0.000461
0.000927
-0.001636
-0.012148
-0.001030
0.020389
-0.002821
-0.008049
-0.002175
-0.004298
-0.003462
-0.004625
-0.001782
0.015889
0.000291
-0.000354
0.000119
-0.004339
-0.002556
0.003806
-0.002845
-0.003450
-0.001049
-0.001785
0.001003
0.005169
-0.000603
-0.000148
0.023089
0.004354
-0.009671
-0.005157
-0.002183
0.001176
-0.003410
-0.011764
0.010463
0.000524
-0.002248
-0.000194
-0.002482
-0.002860
0.001713
-0.001267
-0.002042
-0.002162
-0.003779
0.002060
-0.001597
0.003941
-0.006397
-0.001540
-0.004216
-0.002136
-0.005844
0.002100
-0.000758
-0.001261
0.000778
0.004248
-0.001402
-0.003457
0.002630
0.000148
-0.011108
-0.000513
-0.000357
-0.001156
-0.000681
0.002890
0.003106
-0.000784
-0.003805
0.000331
-0.007338
-0.000396
-0.002817
-0.006991
0.010044
-0.005085
-0.003757
-0.003907
0.023265
0.017273
0.000567
-0.002636
-0.000953
-0.002606
0.003841
0.002994
-0.006686
-0.016063
-0.000447
-0.004819
-0.002418
0.001981
-0.011373
-0.002697
-0.000865
0.000840
-0.005629
0.000918
-0.002751
0.020829
-0.004727
-0.003311
-0.003070
0.007790
-0.003154
0.009569
0.007064
0.047987
0.009887
0.003960
0.015200
0.016933
-0.002089
-0.000378
0.022194
0.012470
-0.002621
-0.014145
-0.001800
-0.000738
0.000765
-0.005571
0.003225
-0.000392
-0.001628
0.000395
-0.003497
-0.002535
-0.002543
-0.000829
-0.011465
-0.007551
-0.004893
-0.001256
-0.005339
-0.002121
-0.001942
0.000956
-0.001941
-0.000827
-0.000580
-0.003184
-0.015127
-0.002368
-0.002224
-0.005199
-0.002153
0.001077
-0.001834
-0.005063
0.002788
-0.004601
-0.006816
-0.004324
-0.003354
-0.008391
0.000586
-0.001227
-0.029217
-0.005469
-0.001044
-0.004394
-0.000603
-0.001965
-0.003322
0.002267
-0.001030
0.000411
0.001194
-0.003103
-0.008162
-0.000695
-0.002333
0.001110
0.007616
-0.006856
-0.006193
-0.027363
0.024800
0.001539
-0.003155
-0.000083
-0.004192
0.012300
0.007740
-0.007829
-0.007931
0.000483
-0.001210
-0.001245
0.008748
-0.000425
0.001291
0.009636
-0.000844
-0.004259
-0.003264
-0.002490
-0.006512
-0.001031
-0.000169
-0.001317
-0.005867
-0.002021
0.007957
-0.012265
-0.000174
0.026449
0.000587
-0.012230
-0.001635
-0.002953
-0.001590
-0.001290
0.000471
0.001114
-0.014405
0.003340
0.001538
0.000236
-0.004566
-0.003362
-0.004939
-0.002979
-0.003945
-0.001780
0.018768
-0.000230
0.048940
0.011348
0.003105
-0.000232
-0.005529
-0.003520
-0.006910
0.002448
0.000564
-0.001023
-0.009585
0.048447
0.011989
0.013824
-0.001897
0.038661
0.009850
-0.001565
0.001215
-0.000532
0.000581
-0.005365
0.027621
-0.001412
0.013473
0.007349
-0.001662
-0.009409
-0.012961
0.000651
-0.000945
0.000351
0.003660
0.013165
-0.002565
-0.003174
0.003642
-0.002757
0.015337
0.016829
-0.003174
-0.001073
-0.002634
-0.003883
-0.001418
-0.002867
0.016984
0.016688
0.022614
0.001209
-0.002244
0.019332
0.023404
-0.003461
-0.005730
-0.001120
-0.001877
-0.001315
0.000076
-0.000981
0.000527
-0.005321
-0.002503
0.003253
0.001496
0.002971
-0.002293
-0.004229
-0.000696
-0.000494
-0.011618
-0.000900
-0.001881
0.001726
-0.001335
-0.006597
-0.000434
-0.002866
-0.007109
-0.009982
-0.003071
0.000468
-0.000792
-0.000139
-0.000351
-0.003728
-0.010501
-0.002982
0.001206
-0.012425
0.042007
-0.004748
-0.002434
0.002529
-0.016187
-0.009214
0.006845
-0.005662
-0.004313
-0.007303
-0.001349
-0.003825
0.000271
-0.001715
-0.001095
0.000130
-0.003529
0.003528
0.005999
-0.000779
0.000461
-0.001356
-0.003354
0.000528
0.005018
-0.001549
0.003932
-0.005882
0.000311
-0.001345
-0.002285
-0.001510
0.000316
0.001040
0.000042
-0.001246
0.010474
-0.007589
0.002876
-0.002628
0.030221
0.027907
-0.002177
0.005826
-0.004465
-0.002624
-0.004185
-0.005635
-0.007484
-0.001116
-0.001534
0.005679
-0.000889
-0.001368
0.001909
-0.001619
-0.000253
0.001012
-0.000283
-0.001727
0.000213
0.000382
0.004263
-0.002279
-0.000259
0.000960
0.002105
-0.018554
0.000409
-0.030171
0.014969
-0.000102
-0.006083
-0.004941
0.010225
0.013691
-0.001231
-0.002071
0.027497
-0.004940
-0.001271
-0.000073
0.000324
-0.000419
-0.002074
-0.000999
0.001835
-0.007107
0.023010
-0.003183
-0.001736
-0.000148
0.001774
0.001497
-0.001849
0.000020
-0.001600
-0.000368
-0.000430
0.000977
0.011207
-0.001060
0.003241
0.003432
-0.000858
-0.002139
-0.003587
-0.009717
-0.001077
-0.002578
-0.007740
0.001184
0.000847
-0.004261
-0.010192
-0.009681
0.000534
-0.002020
-0.001063
0.000292
-0.000481
-0.003080
-0.002984
-0.001969
-0.002512
-0.000387
0.002486
0.002062
-0.000979
-0.003535
-0.011586
-0.001689
-0.020025
-0.001844
0.001341
-0.005423
-0.000219
-0.009454
0.012438
-0.005235
-0.001709
-0.000855
-0.001641
0.000882
-0.002340
-0.001855
0.000178
0.000653
-0.001400
-0.002328
-0.000270
0.004856
0.001604
-0.000789
0.004234
-0.007552
0.011828
-0.010569
-0.004276
-0.006688
-0.001865
0.029304
0.062469
-0.001514
0.001877
0.002109
0.000803
-0.004971
-0.001092
-0.000714
-0.003299
-0.001334
0.000814
0.002472
-0.003534
0.001993
-0.000584
0.000527
0.009758
-0.006377
-0.003012
-0.001122
-0.008896
0.002442
0.001397
-0.000683
-0.001741
-0.002991
0.010385
0.020808
-0.000335
0.000510
0.000979
-0.009082
-0.001258
-0.002930
-0.000780
0.000906
0.001592
0.000682
-0.000962
-0.003031
0.014830
0.027177
0.006041
-0.000418
-0.006199
0.002130
0.031327
-0.004184
-0.005632
0.001552
-0.001319
0.000015
-0.002399
0.000039
-0.001113
-0.001593
-0.001809
-0.001535
-0.000535
0.001236
0.017709
0.001637
-0.004080
-0.001094
-0.001129
-0.000681
0.000852
-0.003134
0.001188
-0.001231
-0.002726
-0.006503
-0.002295
0.002882
0.000042
-0.009048
-0.009589
-0.008711
0.009945
-0.011337
-0.000459
-0.001960
-0.008351
0.001611
-0.002355
-0.001678
-0.001039
-0.000387
0.001438
-0.005119
0.003006
0.001257
-0.001518
0.000029
-0.002138
-0.007971
-0.001899
-0.000987
0.016349
0.002504
0.002148
0.007186
0.005271
0.018421
-0.002331
-0.006622
0.003121
-0.000040
-0.002580
-0.000563
-0.000765
0.003487
-0.007583
-0.000259
-0.001039
0.000128
-0.004873
-0.000156
0.019357
-0.009369
-0.002519
-0.001169
-0.007194
0.000702
0.000677
0.003223
-0.001035
0.007159
-0.004394
-0.009855
0.001509
-0.001415
0.002880
-0.003418
-0.000742
-0.003492
-0.004638
0.024112
0.023699
0.010032
0.001167
0.000624
0.000304
-0.001540
-0.010768
-0.005855
-0.000326
-0.004031
0.004308
-0.001268
-0.000727
-0.002594
0.000183
-0.000269
-0.002896
-0.005960
0.011190
-0.002901
-0.000412
-0.001079
-0.000626
-0.001865
0.004929
0.000516
-0.005318
-0.001365
0.006760
-0.010858
-0.003701
-0.006639
0.001744
-0.003029
0.003325
-0.000635
-0.002462
-0.000479
0.001640
-0.007903
0.014535
-0.001832
-0.000008
0.015090
0.006536
-0.001794
-0.004281
0.003762
0.002301
0.004269
-0.004015
0.014476
-0.001936
-0.007520
-0.003271
0.007501
-0.002409
0.030451
-0.001762
0.005912
0.010678
0.038564
0.001412
-0.003452
-0.000685
0.000849
-0.000816
-0.003234
0.000206
-0.004555
0.000064
-0.022246
-0.014843
0.007401
-0.006729
-0.009340
0.008162
0.032687
0.000631
0.002009
0.000045
-0.006070
-0.002163
0.000144
0.000745
-0.002120
-0.006982
-0.003296
-0.002450
-0.002099
-0.000006
-0.004076
-0.006148
0.000356
0.006134
0.004975
-0.000071
-0.010814
-0.001092
-0.001426
-0.002427
-0.008213
-0.000539
0.000622
-0.004015
0.042051
0.051091
-0.016592
0.000125
-0.002348
-0.011275
-0.000880
-0.002839
-0.003232
-0.008072
-0.000870
-0.002717
0.002137
-0.002672
0.016295
-0.001946
-0.003284
-0.017700
-0.027937
-0.003319
0.002325
-0.002983
0.002387
-0.002638
-0.004357
-0.000701
-0.002483
-0.002977
0.023287
-0.001561
-0.006619
-0.005420
-0.000972
-0.003032
-0.003420
-0.002841
-0.000132
-0.000579
-0.002196
-0.000739
-0.003468
0.000169
-0.000763
-0.001463
-0.001195
0.011960
-0.003754
0.005992
-0.004379
-0.006261
-0.000307
0.008942
-0.008444
-0.012443
0.000303
-0.004162
-0.002128
0.000795
-0.003226
0.002341
-0.010203
-0.009165
-0.002048
-0.003378
0.001138
-0.001455
-0.002228
-0.008937
-0.003751
-0.012949
-0.011684
-0.000747
0.065844
-0.004946
0.000694
-0.002042
0.003969
0.020422
0.016667
0.000199
-0.013291
0.004661
-0.013503
-0.003396
0.004291
-0.003097
-0.003683
-0.000639
-0.003269
0.000787
-0.002995
-0.000941
-0.000589
0.001394
0.019546
-0.002050
-0.003526
-0.001414
-0.007844
-0.004238
0.000353
0.000312
-0.004208
-0.007664
-0.001403
-0.000540
-0.002765
0.019146
-0.003421
-0.006721
0.000495
0.008753
0.008916
-0.001556
0.002552
0.000304
0.001789
-0.002824
-0.001393
-0.004343
0.003696
-0.006028
0.003712
0.000652
-0.002297
-0.001572
-0.007748
0.021303
0.000808
-0.005854
0.022605
-0.002249
0.000645
-0.000828
0.003759
-0.002302
0.002913
-0.018951
0.016900
0.030883
-0.002671
-0.005487
-0.001708
-0.000173
0.008210
-0.016464
-0.003771
-0.011099
0.000518
0.000455
-0.000073
0.000054
0.001585
0.001485
-0.002880
0.000375
0.000778
0.010802
-0.007165
-0.005292
0.000059
0.002549
0.007090
-0.005351
-0.000315
0.000805
0.003871
-0.014251
-0.004492
-0.003260
0.006439
-0.003163
-0.001856
-0.004572
0.009116
-0.001083
-0.000504
-0.001497
-0.013263
0.013210
0.004313
-0.007503
-0.000967
0.000228
0.032359
-0.002698
0.000624
0.010618
-0.000131
0.006917
-0.004787
-0.009696
-0.003051
-0.003338
0.000116
-0.007244
-0.009628
-0.005650
0.001664
0.000619
-0.001094
0.000288
0.012662
-0.005408
-0.003417
-0.001246
-0.006546
0.022429
0.000913
0.000318
-0.000456
0.005418
-0.008101
-0.007261
0.002307
-0.000732
-0.001803
-0.002575
-0.000143
0.010356
-0.006248
-0.005841
-0.001182
-0.006881
-0.000118
0.014214
-0.000749
0.000635
-0.004152
-0.000321
-0.003444
-0.000489
-0.004109
0.002418
-0.001275
-0.000663
-0.003469
0.002668
-0.009464
-0.010573
-0.005494
0.001053
-0.001728
-0.005881
-0.002607
0.002222
-0.019085
-0.001176
-0.001234
-0.001867
0.000711
0.005937
-0.000101
-0.005221
0.001372
-0.001204
-0.003098
-0.003900
0.000462
0.004746
0.001055
-0.003278
0.003963
-0.007083
-0.003946
-0.000297
-0.001373
-0.002169
0.005518
-0.005071
-0.001141
0.007110
-0.001093
-0.015734
0.015841
0.000008
-0.007523
-0.007122
-0.003762
-0.006382
0.002916
-0.005626
0.000257
-0.001491
-0.005593
0.001111
-0.002796
0.025795
-0.000664
0.014830
-0.008900
0.000192
-0.004167
0.000084
0.004065
0.019607
-0.001223
-0.001799
-0.000534
-0.008427
-0.001744
0.044264
-0.005139
-0.001887
-0.003579
-0.006155
0.012872
0.043850
-0.001890
0.019340
-0.000035
-0.005960
-0.012512
-0.002470
0.000511
-0.003089
-0.006485
-0.007414
0.003041
-0.000923
0.007518
-0.000645
0.013556
-0.011270
0.000343
0.001405
0.027958
0.015264
-0.000553
-0.004918
-0.004941
0.000466
-0.008654
-0.001543
-0.001304
-0.006526
0.001121
-0.002748
-0.003359
-0.007359
-0.008369
-0.000760
0.001878
0.001686
0.006818
-0.002160
-0.001203
0.001602
-0.009650
0.002709
-0.015819
-0.005539
-0.001868
-0.002138
0.000751
-0.002549
-0.001473
-0.001651
0.010308
-0.000869
0.000082
-0.007238
-0.001263
-0.002906
0.019221
-0.007879
0.005114
-0.004050
-0.001888
0.000711
-0.001082
0.002341
0.001447
-0.000934
-0.013981
-0.001926
-0.005716
-0.001088
-0.002163
-0.004299
-0.002098
-0.003093
-0.000632
-0.005662
-0.002402
-0.002985
0.003140
-0.001130
0.000438
-0.003066
0.000737
0.001711
0.000159
-0.001779
-0.002148
-0.000534
0.002114
0.000372
-0.001089
0.002680
0.000034
0.000794
-0.007760
-0.001393
-0.003784
0.001264
-0.001758
-0.004578
0.007741
-0.001125
-0.003203
-0.011762
-0.002174
0.016197
0.002625
-0.008743
0.021097
0.001559
-0.002216
0.015724
-0.010280
0.029412
0.016677
0.030171
-0.002611
-0.002332
0.002570
0.001055
0.019710
0.000428
-0.004361
-0.013133
-0.006194
-0.005247
-0.000361
-0.000528
0.006367
-0.004396
-0.004565
-0.001195
0.000335
0.001680
-0.000953
0.002368
-0.000626
-0.005708
-0.003309
-0.000239
-0.000284
0.001674
0.010452
0.004524
0.037012
0.004992
0.008327
0.003935
-0.002045
0.025954
-0.015621
-0.005228
-0.002034
0.012430
-0.003620
-0.000905
-0.002097
-0.002846
-0.003152
-0.001838
-0.001963
-0.007384
-0.001995
-0.000157
-0.010037
0.007790
0.004679
-0.019416
-0.002056
-0.004303
-0.000799
-0.000663
0.000600
0.000912
0.048066
0.018466
0.027857
0.000674
-0.003989
-0.011411
-0.008909
0.021803
0.007036
0.002223
-0.001281
-0.000935
-0.011909
-0.003794
-0.002657
0.004874
-0.003717
-0.005837
-0.004048
0.000000
-0.000523
-0.000749
-0.000423
-0.000857
0.000752
0.012539
-0.002293
0.016014
-0.000891
-0.000783
0.001424
-0.000738
0.005691
-0.001448
-0.005367
-0.004203
-0.003536
-0.000076
-0.003294
0.001728
-0.003414
-0.010483
0.000733
-0.006058
-0.001483
-0.005344
-0.001097
-0.001712
-0.000116
-0.001648
-0.001096
-0.003211
-0.002366
0.003484
-0.005690
-0.002076
-0.002366
0.006232
0.000406
-0.000893
0.001304
-0.005644
0.000573
0.001306
0.002438
0.000605
-0.000941
-0.001905
-0.000243
-0.000049
-0.000563
-0.009860
-0.007918
0.002729
-0.006876
-0.003279
-0.006777
-0.001989
-0.000602
-0.005657
-0.012711
-0.008702
0.009089
-0.002442
-0.004255
0.006748
0.026521
-0.006891
-0.000466
-0.015962
-0.002307
-0.003407
-0.002984
0.000682
0.000574
0.001788
-0.008987
0.011131
-0.001320
0.007065
0.000238
-0.003287
0.001293
-0.006195
0.004067
-0.000397
0.000220
-0.000416
-0.001975
-0.006066
0.002907
-0.001073
0.001098
-0.000034
-0.004996
0.007389
-0.000421
0.001782
-0.000924
-0.002217
-0.005430
-0.005248
-0.006594
-0.002823
0.000379
-0.000625
-0.000241
0.000985
-0.001386
-0.000552
-0.002603
-0.007669
-0.000061
-0.004131
-0.003789
0.000323
-0.004627
0.035346
-0.002992
0.013219
0.000941
-0.000703
-0.003041
-0.001095
0.003133
0.001307
-0.001138
-0.007920
0.005147
0.001105
-0.004932
-0.003842
-0.000964
-0.003866
0.021622
-0.002465
-0.001791
0.000900
0.006623
-0.002508
-0.002572
-0.001068
-0.001990
-0.005301
-0.000421
-0.006370
-0.003224
-0.005053
-0.010099
-0.004252
-0.004498
-0.003185
-0.004541
-0.008012
-0.001313
0.000130
-0.000155
0.000639
-0.005718
-0.007967
-0.000529
-0.006427
-0.002445
0.001467
-0.002788
-0.001336
-0.004195
-0.002018
-0.001602
0.002239
0.000655
-0.003269
-0.001482
-0.003243
-0.001778
0.008789
-0.000582
0.001510
0.001308
-0.001176
-0.001280
-0.003592
-0.003797
0.001297
-0.000801
-0.001712
0.000452
-0.001642
0.000360
-0.001250
0.002192
-0.003014
0.001169
0.000014
-0.007379
-0.005090
0.000305
0.010180
0.043698
-0.001287
-0.004981
-0.001281
-0.002431
-0.002702
-0.018594
-0.003519
0.002999
0.003605
-0.005517
-0.008489
-0.003271
-0.008450
-0.003612
-0.010302
0.004261
-0.001631
-0.001998
-0.005880
0.001048
-0.021802
-0.002927
-0.000170
-0.009780
-0.003262
0.000662
-0.000712
-0.002421
0.013296
0.000125
-0.000592
-0.006501
-0.001756
-0.002700
0.001166
0.014493
-0.005306
0.019397
-0.002620
-0.005698
-0.001178
-0.000978
0.002036
-0.003317
0.001958
-0.002250
0.018850
0.016652
-0.001284
-0.004223
-0.001903
0.001364
0.002556
0.000424
-0.000642
-0.004785
0.005058
-0.007387
-0.001770
-0.009621
-0.004578
-0.006610
-0.004688
-0.000797
0.000190
-0.002263
-0.015195
0.000779
0.001315
-0.004469
0.001717
-0.004596
0.027245
-0.003907
0.011682
-0.003106
-0.002698
0.007851
-0.001670
-0.008956
-0.020032
-0.002969
-0.007190
-0.002611
-0.005599
-0.001656
0.000136
0.001074
0.001451
-0.001494
-0.000056
0.000681
-0.002328
0.001224
0.001224
-0.002052
-0.000721
-0.004302
0.000420
-0.004763
-0.002413
0.002439
0.034876
-0.008405
0.008885
0.003128
0.002425
-0.006294
0.008287
-0.005199
-0.003100
-0.000096
-0.001928
-0.004062
-0.002261
-0.000846
-0.002456
-0.005221
0.002856
0.005758
0.003587
-0.000656
-0.002606
-0.002827
0.000404
-0.000771
0.001134
-0.000702
-0.004415
0.031158
-0.000597
-0.004085
-0.005350
-0.002780
-0.000458
-0.003262
-0.003278
-0.008074
-0.006940
0.065879
-0.008416
-0.004213
-0.002926
-0.006241
-0.001245
-0.001010
-0.006188
0.001871
-0.003250
0.000941
-0.001465
0.000620
0.001903
-0.000103
-0.001761
-0.003267
0.000386
-0.002556
0.009527
-0.001127
-0.000563
0.034294
0.007809
-0.002016
0.011225
-0.002687
-0.004267
-0.006249
-0.000205
-0.004695
-0.006145
0.007331
0.038016
0.000040
0.003425
-0.001017
0.010828
-0.000730
-0.001518
-0.005329
-0.009182
-0.000464
-0.000057
0.000986
-0.000224
-0.002324
-0.006715
-0.001690
-0.000790
-0.006261
-0.004674
0.012782
0.001123
0.001988
-0.005928
0.000682
0.001001
-0.000752
-0.007133
0.000914
-0.003683
-0.001053
0.002594
0.005034
-0.007015
-0.004723
-0.009472
0.018220
0.001703
-0.001491
-0.010575
-0.007352
-0.000236
-0.005457
0.002355
0.001240
0.005911
-0.003399
-0.002466
0.000640
-0.002876
0.017562
-0.012945
0.000850
-0.007215
0.001922
-0.011406
-0.001097
0.002492
-0.002982
0.000665
-0.005959
-0.000839
0.003731
-0.003008
0.006258
-0.000237
-0.004433
0.009308
-0.005694
-0.013500
-0.004612
-0.000627
0.004234
-0.003206
-0.003603
-0.008688
-0.008806
-0.000766
0.002072
0.000780
0.009618
-0.000468
0.000345
0.001851
0.032416
-0.005920
-0.003362
0.001963
-0.000367
-0.000988
-0.001165
-0.001684
-0.005549
-0.000163
-0.002389
-0.002030
-0.005065
-0.001788
-0.009922
0.018566
0.000924
0.010236
0.003215
0.001375
0.002524
0.003969
-0.005462
-0.002347
0.001433
0.002171
0.001529
-0.002269
0.076507
-0.003489
-0.001297
0.002126
-0.002016
-0.000017
0.029540
0.004974
-0.000066
0.000338
0.001196
-0.004978
-0.008638
-0.007677
0.009265
0.011507
-0.001527
-0.000199
-0.001786
-0.009163
-0.006649
0.001271
-0.003342
0.000532
0.038396
-0.009574
0.002097
-0.001577
-0.001708
-0.001111
-0.001460
0.004729
0.001599
-0.003531
-0.000050
-0.001102
-0.009349
0.003036
-0.005867
-0.008984
-0.002629
-0.006366
0.016325
-0.002331
-0.003900
0.003452
0.000154
-0.004486
0.015044
-0.005777
-0.002066
-0.005654
-0.007988
-0.007879
0.018728
0.001174
-0.003348
-0.000445
-0.002987
-0.002419
0.000797
0.004419
-0.003365
0.001898
-0.000374
-0.009476
-0.006281
0.000605
0.001192
-0.000547
-0.006028
-0.002522
0.018646
-0.000830
0.002056
-0.011908
-0.001803
-0.000472
0.006686
-0.000043
0.004974
0.006013
-0.000731
-0.000928
0.004106
-0.001472
-0.002543
-0.002821
-0.003868
0.005756
-0.000327
-0.006216
-0.000072
0.004153
-0.001258
-0.002779
-0.021403
-0.005777
-0.002269
-0.003106
0.004256
-0.002115
-0.000701
-0.002389
-0.000994
0.000512
0.001939
-0.002612
-0.001129
0.003996
0.001464
-0.004550
0.005822
-0.003169
0.000243
-0.009330
0.021906
-0.024077
-0.001719
0.004630
-0.001926
-0.000328
-0.006632
0.033942
-0.001866
-0.002970
-0.001174
0.000807
-0.005069
-0.004138
-0.001487
0.001843
0.000953
-0.007869
0.002170
0.000870
0.004263
0.001885
-0.000397
-0.076445
0.000982
-0.001213
0.014031
0.001155
-0.002016
0.003562
-0.006511
-0.006260
-0.001972
-0.000842
0.003293
0.006295
0.046022
0.015608
0.001033
-0.001448
0.000120
0.000877
0.001130
0.002710
0.000292
0.003231
-0.012364
0.025701
-0.006480
-0.010203
0.007297
-0.002391
-0.012215
-0.003125
0.000038
0.013615
0.063565
0.000032
-0.008548
-0.005865
-0.004566
-0.007675
-0.003745
-0.003635
-0.004009
-0.028183
0.002731
0.023735
0.001662
0.019391
-0.000772
0.002358
-0.003715
-0.003499
-0.000364
-0.003439
0.009854
-0.002934
0.000305
-0.002793
0.002322
0.000748
-0.001758
-0.004541
-0.003913
-0.000012
-0.002311
0.003279
-0.001894
0.002165
-0.001952
-0.002926
-0.005260
-0.013623
-0.004249
-0.005183
0.000857
0.001001
-0.001354
-0.000983
-0.007917
-0.004340
-0.001600
0.035940
0.002134
0.004975
0.027171
0.002321
-0.001704
-0.001820
0.001518
0.014248
-0.002973
-0.002865
-0.006618
-0.000653
-0.017544
-0.006644
0.001622
0.010746
0.029419
-0.011765
-0.003369
-0.005906
0.020434
0.051650
0.001989
-0.002993
0.003361
-0.007903
0.006737
0.014959
-0.004284
-0.007255
-0.004259
-0.004489
-0.004085
0.004343
0.000756
-0.000553
-0.000210
0.001806
-0.000263
-0.001508
-0.000739
0.001791
-0.000167
-0.004900
-0.001871
-0.000371
0.027277
0.005227
-0.001367
-0.006776
0.001030
0.000882
-0.004809
-0.001881
-0.009354
-0.002884
-0.006393
-0.002542
-0.001959
-0.001112
-0.002423
-0.003664
-0.003635
-0.002426
-0.017200
-0.013369
-0.003775
-0.002986
0.001261
0.000079
-0.003048
-0.003896
-0.004922
-0.005975
-0.006840
-0.001315
-0.003423
-0.004708
-0.001047
-0.002384
0.002031
-0.012741
-0.001948
0.003836
0.002810
0.012044
-0.011342
-0.005881
-0.003787
-0.002688
0.043831
0.008604
-0.001594
-0.004457
0.008349
0.002225
-0.006514
-0.000304
-0.003026
-0.005739
-0.003847
-0.004130
0.002956
-0.005839
-0.002840
-0.005933
-0.003828
-0.006262
0.014225
0.005769
-0.002975
-0.013167
0.013554
0.031067
-0.017036
0.000102
0.002245
-0.002583
-0.002988
-0.002852
-0.006366
-0.000926
-0.000628
-0.004229
0.026168
0.002533
-0.003847
-0.000098
-0.002182
-0.002947
-0.002642
0.020711
0.004776
-0.002195
-0.000218
0.056131
-0.002432
0.000854
-0.001348
0.012427
0.005109
-0.009140
-0.000358
-0.000248
-0.013717
0.009172
-0.010769
0.001885
-0.001301
-0.003741
-0.000757
-0.001984
0.001419
-0.004925
-0.001966
-0.011679
-0.002096
-0.000855
-0.001194
-0.001651
-0.005901
0.015083
-0.004866
-0.006016
-0.003919
-0.007620
0.001260
-0.003171
0.011640
-0.000679
0.003895
0.008685
-0.002734
0.001772
-0.007639
-0.000466
-0.003073
-0.001459
-0.003608
0.036907
0.000687
-0.001468
-0.000057
-0.002385
0.001312
0.002245
-0.003090
-0.001612
0.000214
0.007550
-0.000384
0.000096
0.000127
0.001092
-0.001910
-0.001403
0.002044
-0.000123
-0.000849
-0.025053
-0.002574
-0.002552
-0.004680
-0.013178
-0.012808
-0.005842
-0.001663
-0.000880
-0.010813
-0.002151
0.009814
0.001672
0.001121
-0.000848
-0.004159
-0.012861
-0.008740
-0.000872
0.000959
-0.005295
-0.001981
-0.008734
-0.000863
-0.000617
0.040898
-0.006058
-0.002896
-0.001837
-0.001852
0.001928
0.005803
0.024157
-0.009453
-0.008888
0.015120
-0.001677
-0.007512
-0.006251
0.000516
0.000206
-0.006065
-0.000396
-0.001728
-0.002010
0.005217
-0.002455
-0.010609
-0.001722
-0.005026
-0.002229
-0.011086
0.003951
0.001628
-0.017467
-0.003164
0.002031
0.000875
-0.007924
0.017291
-0.010353
0.000757
0.001139
-0.001499
0.000907
-0.001122
0.000532
-0.003339
-0.006233
-0.001002
-0.002897
0.000671
-0.002306
0.002781
-0.002656
0.001003
0.000938
0.001085
0.007616
-0.001258
-0.001626
-0.011612
0.002482
-0.005308
-0.005914
-0.000081
-0.000895
-0.000146
-0.000550
-0.001789
0.000954
-0.000564
-0.002757
-0.002116
0.001916
-0.000770
0.000345
-0.001242
-0.001946
0.003105
-0.002910
0.002555
-0.003953
-0.003926
-0.005679
0.002221
0.000283
-0.001842
-0.003080
-0.003240
0.015029
0.023745
-0.003698
0.004337
-0.001193
-0.000200
-0.000246
-0.015527
-0.005318
-0.008729
-0.005731
0.001621
-0.010297
-0.003026
-0.000065
0.002869
-0.001774
-0.000218
-0.000926
-0.003543
-0.001006
-0.001244
0.000558
0.008708
0.000715
-0.003733
-0.000670
0.004708
0.042712
0.008196
0.001185
0.002270
0.000866
-0.006079
-0.001897
-0.000364
0.000387
-0.007709
-0.011728
-0.012998
-0.007917
-0.002321
-0.001521
-0.005937
-0.002598
-0.006494
-0.001012
0.000590
0.003536
-0.009729
-0.002630
0.000314
-0.001586
-0.002752
0.005690
-0.002115
0.004571
-0.005966
-0.006095
-0.004766
0.007883
-0.001165
-0.001488
-0.000260
0.000480
0.000881
-0.005873
-0.004334
-0.001093
-0.003398
-0.006092
0.001752
-0.002952
-0.001337
-0.001583
-0.002633
-0.002688
-0.002817
-0.003170
-0.000867
0.009353
-0.002206
-0.013800
-0.001045
-0.000675
0.002746
0.015700
-0.000935
-0.002194
-0.001282
-0.005092
-0.004838
0.000008
-0.008389
0.001821
-0.005101
0.001763
0.000353
-0.004055
-0.005410
-0.000156
0.020652
-0.000423
0.003080
-0.001451
-0.003731
-0.003822
-0.009115
-0.001760
0.001999
0.002100
-0.000293
-0.005539
0.017995
-0.005259
0.012712
-0.002522
0.198097
-0.000271
0.001232
-0.000116
-0.005657
-0.000306
0.003102
0.001858
-0.004030
-0.005630
-0.006046
0.002434
-0.007209
0.002301
-0.003849
-0.004209
0.002532
0.006578
-0.006281
0.015937
-0.017304
0.002337
-0.004861
0.000333
-0.003041
0.019588
0.005042
-0.002823
0.000226
-0.003021
-0.001366
-0.001649
-0.005153
-0.002642
-0.000430
-0.000746
-0.004020
-0.005169
0.002419
0.000326
-0.006558
0.000274
0.000680
-0.001504
0.023641
0.010992
-0.000546
-0.005601
-0.000889
-0.016227
0.029720
0.007748
-0.004782
-0.005108
-0.001131
0.009418
-0.005634
-0.000997
-0.000984
-0.003029
0.000110
0.000674
-0.002099
-0.003920
-0.000169
0.004692
0.001018
0.000957
0.003796
-0.005837
0.027168
-0.001790
-0.000603
-0.000995
0.000684
0.001028
0.000922
-0.005411
-0.003141
0.000886
0.012058
0.000964
-0.004768
-0.004087
0.000638
-0.001438
-0.001310
0.006419
-0.002046
-0.002123
0.003417
0.005736
-0.005173
0.001324
0.000305
-0.004400
-0.002120
0.002664
-0.000167
-0.012917
0.001208
-0.000734
-0.006437
-0.020951
-0.001930
-0.006231
-0.000003
0.000097
-0.002153
-0.003293
-0.005468
0.017311
-0.002182
-0.001237
-0.002097
-0.001837
-0.005829
0.018059
-0.014233
-0.007564
0.001534
-0.000900
-0.001106
0.003672
0.007051
-0.004129
0.012300
-0.001862
0.002735
0.002568
-0.001465
0.001138
-0.003792
-0.002078
-0.002257
-0.000423
-0.002899
0.002211
-0.003503
-0.003678
0.002658
0.000423
-0.000752
-0.003494
-0.005010
-0.002474
-0.004166
-0.003584
0.006510
0.002853
-0.006632
-0.002748
-0.008341
-0.008518
-0.007482
-0.003560
-0.004714
-0.012771
0.000062
-0.003094
-0.005316
0.002301
0.008296
-0.002424
-0.000813
-0.002413
0.005633
0.000879
0.000259
-0.000147
-0.001578
-0.000122
0.010310
-0.021783
0.014538
-0.005875
0.000505
0.035869
0.086697
0.013686
-0.002339
-0.002566
-0.002905
-0.001235
-0.001894
0.011970
0.007725
-0.001008
0.000629
0.001876
0.000524
0.005580
-0.000011
0.005974
0.002249
0.000027
-0.003234
0.009641
0.000242
-0.004691
-0.012684
-0.006578
-0.021048
0.001859
-0.006184
-0.015366
0.078009
0.023972
-0.000006
0.011049
-0.015411
-0.002617
0.006170
-0.001912
-0.006779
-0.001450
0.001571
-0.000771
-0.002083
-0.004812
-0.005506
-0.002109
-0.007682
-0.008630
-0.002877
-0.012826
-0.000807
-0.001743
-0.002479
-0.004703
-0.001903
-0.002643
0.000182
-0.002475
-0.000709
-0.000466
0.000497
0.003584
-0.001858
0.000052
-0.004751
0.001863
-0.000206
0.000937
0.000116
-0.002165
-0.000679
-0.002673
-0.001210
-0.005277
-0.004119
-0.004969
-0.002886
0.003211
-0.004648
-0.002112
0.002116
0.017018
0.000428
-0.001148
0.056007
-0.005214
-0.003027
-0.000475
-0.007571
-0.002818
0.003276
0.003177
-0.001724
0.013097
-0.006154
-0.001376
0.000485
-0.002322
0.025162
-0.003158
-0.006114
-0.000800
-0.006994
-0.026334
0.002697
-0.007862
-0.021320
0.000639
-0.001520
0.000104
-0.010332
-0.001995
-0.002233
-0.004497
0.001726
-0.003895
-0.000977
-0.001640
-0.001334
0.000712
-0.001517
0.000802
-0.000785
-0.002242
-0.000089
0.007194
0.000144
0.028485
-0.006522
-0.011352
-0.011871
0.000602
0.012168
0.004008
-0.002875
-0.003649
0.002430
-0.003232
-0.006441
0.020573
-0.005089
-0.002574
-0.001010
0.000075
-0.003406
-0.006520
-0.002260
-0.000011
-0.001723
0.000910
-0.002517
-0.000327
-0.002337
-0.001253
0.014158
-0.004076
0.002168
-0.002892
-0.007730
0.002730
-0.002825
-0.001826
-0.000208
0.004287
-0.006820
0.013324
0.000667
0.002621
0.005722
-0.003436
0.026543
0.004522
-0.020927
0.002429
-0.001459
-0.001316
-0.002406
-0.006652
0.018101
0.002391
-0.003090
-0.006825
-0.002814
0.000842
0.001920
-0.004640
0.003403
-0.003611
-0.002604
-0.004057
-0.001289
-0.000462
0.000433
-0.000465
0.000376
-0.001567
-0.003129
-0.001513
0.003789
-0.001137
0.004169
0.000106
-0.003311
0.008547
0.004509
0.012773
-0.000776
-0.005842
-0.004292
-0.004443
-0.005065
-0.001232
-0.004905
-0.003549
-0.006136
-0.007095
0.004178
0.022731
0.009024
-0.002789
0.001254
-0.000156
-0.007574
-0.003225
-0.003214
0.007787
-0.001588
-0.009008
-0.002090
0.019432
0.001777
-0.001742
0.001520
-0.006450
0.000599
0.000836
-0.000376
-0.000093
0.026407
-0.016292
-0.001527
0.013927
-0.002068
-0.001640
-0.005916
-0.000524
-0.002606
0.000063
0.000633
0.000657
-0.010140
-0.000902
-0.006176
0.002556
-0.004075
0.010855
0.004172
-0.004699
-0.005057
-0.004329
0.002428
-0.002195
0.003772
0.003830
-0.002685
-0.004014
-0.001408
0.001028
0.000436
0.003612
0.000050
0.004807
-0.002251
-0.004462
-0.001124
0.026614
0.000847
0.006382
-0.001564
-0.002691
-0.001051
-0.009263
0.011747
-0.007819
0.001153
-0.000501
-0.002558
-0.003302
0.007804
-0.000558
-0.009934
-0.004154
-0.002568
-0.012171
0.121468
-0.003581
0.004558
-0.004004
-0.000930
0.000419
-0.002157
-0.001899
0.000895
-0.005812
-0.002163
-0.006843
0.000466
0.000900
-0.003348
-0.015534
-0.032656
0.002674
-0.009339
-0.004385
-0.003840
-0.004082
-0.001289
-0.000427
-0.000487
-0.004627
-0.001924
-0.004965
0.000802
-0.000564
-0.003306
0.003755
0.001078
-0.001105
-0.013887
-0.003760
-0.006869
0.004257
-0.003639
-0.002980
-0.000212
-0.001098
-0.001002
-0.007662
-0.007693
0.007598
0.024468
-0.004019
-0.005200
-0.004131
-0.004979
-0.004008
-0.002124
-0.002492
-0.006059
-0.000333
0.014142
-0.003486
-0.003366
-0.000221
-0.004134
0.013899
-0.002949
-0.001087
-0.001249
-0.000549
0.009125
0.002198
-0.001302
0.000323
0.003431
-0.000242
0.017228
-0.006943
-0.007915
-0.009535
0.002017
-0.007537
-0.000213
0.015110
-0.001297
0.000495
0.005849
0.000207
-0.004553
-0.002661
-0.002597
-0.008897
0.009231
-0.001189
0.000337
-0.005869
-0.003021
-0.002060
-0.001864
0.007164
-0.000905
0.017241
-0.002644
-0.001255
-0.001353
-0.003746
0.000604
0.001765
-0.002666
0.001548
0.025791
-0.003041
-0.001583
-0.000087
-0.000694
-0.003154
0.002320
-0.001666
-0.004929
-0.026097
0.001498
0.014247
0.003053
0.005283
-0.000555
-0.003110
-0.005056
0.000132
-0.009404
-0.008994
0.001110
-0.002194
-0.011355
-0.002828
-0.009165
-0.001183
-0.000944
-0.000539
-0.001625
0.010243
0.003164
0.006894
0.002466
0.000252
0.001077
-0.001987
-0.002028
0.005549
-0.002694
-0.003611
-0.001387
-0.003995
0.000334
0.000312
-0.002287
-0.002969
-0.004271
0.000099
-0.000250
-0.009276
0.004206
-0.004993
-0.000679
-0.012022
-0.004348
-0.000409
-0.009071
-0.003369
-0.003123
-0.005108
0.096800
-0.000679
-0.008744
0.002976
-0.002791
-0.001758
-0.002285
-0.002338
-0.005400
-0.000094
-0.004418
0.008539
-0.000727
-0.003279
-0.008094
-0.000143
0.000027
-0.001677
-0.005316
-0.008956
-0.005904
-0.006520
-0.001554
-0.000644
0.002123
-0.000200
-0.002678
-0.000264
0.000130
-0.005030
-0.002086
-0.007718
0.002876
-0.007160
0.026893
0.020265
0.030454
-0.000818
-0.002302
-0.002302
0.002695
0.002692
0.003613
-0.000417
0.001448
0.000057
0.016363
0.001152
-0.003476
-0.004007
0.000708
0.004963
-0.006186
-0.000094
-0.004822
0.000861
-0.001214
0.001034
-0.000315
-0.005172
0.001473
-0.004160
0.004202
0.000157
-0.001010
-0.011620
-0.008070
0.016343
-0.008315
-0.003946
-0.006851
-0.006505
-0.011038
0.035579
0.010356
-0.010345
0.009712
-0.004981
0.011197
-0.021086
-0.009756
0.021961
-0.005266
0.008657
0.016487
0.009688
-0.005780
-0.006743
0.004026
-0.000414
0.000330
-0.003127
-0.000564
0.019041
-0.009779
-0.006297
-0.004559
-0.001091
0.002293
-0.016575
0.000623
-0.001591
0.000744
0.007919
-0.000012
-0.007697
0.005939
-0.002230
0.005957
-0.007683
-0.001379
-0.004273
-0.000894
-0.001256
0.019556
-0.010052
-0.007614
-0.006394
-0.002221
-0.006049
-0.003918
-0.002091
-0.004883
0.000588
-0.001093
-0.010033
-0.000914
0.002143
-0.000547
0.007781
0.000165
-0.005505
-0.000474
-0.003882
-0.014121
-0.000139
-0.004678
0.007789
0.008324
0.003850
-0.026183
-0.005762
0.001628
-0.003581
0.002404
-0.001184
-0.000400
0.009575
-0.003260
0.018608
-0.002880
-0.000718
0.001063
-0.002301
-0.001681
-0.000051
0.003028
0.029465
0.008251
0.001372
-0.006682
0.011204
-0.017194
0.000064
-0.005146
-0.002328
-0.004145
-0.006360
0.010429
-0.003828
0.025151
0.008616
0.000827
-0.001178
-0.001530
0.008625
-0.007117
-0.003925
0.067824
-0.003863
0.003328
-0.005970
-0.006363
-0.014447
0.035088
0.002197
-0.005378
-0.011309
0.001400
-0.001595
-0.006254
-0.004383
0.001000
-0.007255
0.005550
0.000762
0.105661
0.012997
-0.004015
-0.005673
-0.001344
0.010810
0.018277
-0.016354
0.000298
-0.012606
0.039183
0.016581
-0.005713
-0.016633
-0.001875
-0.000407
-0.001585
-0.003405
-0.001920
-0.013661
-0.000792
-0.002356
-0.002121
0.029916
-0.001241
0.005974
0.000854
-0.003283
-0.001034
0.000829
