-0.087971
-0.196942
0.117841
-0.390245
0.021292
0.000000
0.000000
0.399500
0.366445
-0.128720
-0.231462
-0.024325
-0.001327
0.119261
-0.030942
-0.145179
0.038256
0.000000
0.033049
-0.131302
0.038256
0.092395
0.094229
-0.016324
-0.049515
0.043671
0.164482
-0.001353
0.038697
0.202830
0.090127
0.018563
0.008352
0.020604
-0.052471
0.447754
0.212084
-0.047331
-0.059047
-0.079163
-0.128720
0.123600
0.131343
-0.053566
0.102679
0.000000
0.020391
0.071984
0.095930
0.020391
-0.069928
0.298027
-0.099058
-0.016627
0.209934
0.728160
-0.049515
0.252981
-0.044086
-0.073496
0.003117
0.092395
0.071978
-0.004024
0.088193
-0.153249
0.157523
0.053149
-0.030942
-0.059047
0.052427
-0.371173
0.031568
-0.059603
-0.018415
-0.001764
0.058258
0.410380
-0.059047
0.156265
-0.092413
0.000000
-0.229980
0.000000
0.000000
-0.053566
0.020353
-0.001764
-0.053566
-0.059047
-0.079163
-0.145336
-0.173924
0.025140
0.000618
-0.117497
0.195403
-0.161849
0.031783
0.039631
0.137051
-0.030942
0.167027
-0.074203
-0.074203
-0.074203
-0.021260
0.034120
0.035315
0.036699
0.000000
0.455323
-0.154283
-0.023039
-0.032523
0.134946
-0.233526
-0.006560
0.007432
-0.036399
-0.233167
-0.416894
-0.476471
-0.098073
0.179392
-0.013491
-0.079352
0.051219
0.021292
0.102401
-0.070820
0.000000
0.074832
-0.006560
0.111355
0.000000
-0.094004
-0.036312
0.410380
-0.122006
0.004430
0.018563
0.095353
0.261228
0.005198
0.240918
0.199239
-0.063527
-0.158758
-0.098073
-0.355144
0.000000
0.035315
-0.004791
-0.127499
-0.092527
0.147939
-0.083526
-0.090028
0.077224
0.141411
-0.004647
0.000000
0.133146
-0.008548
-0.050847
0.009714
0.021292
-0.049813
0.035315
-0.060384
-0.065208
0.000000
-0.037869
-0.068392
0.125996
-0.049813
0.095930
0.051219
-0.018415
-0.030942
0.000000
0.052427
0.208658
0.243034
0.110376
0.031280
-0.093587
-0.007979
-0.055225
0.043671
0.105805
0.042127
-0.171079
0.000000
-0.001987
0.003751
-0.069367
-0.006560
-0.066688
0.038541
-0.087096
0.120730
0.012937
0.084633
0.000000
0.018971
-0.056714
-0.075660
-0.146797
0.052199
-0.098073
0.048331
0.000000
-0.090028
0.038777
0.022702
0.107093
-0.059047
0.164093
0.024979
-0.012913
0.060568
0.054767
-0.035782
0.038541
-0.036399
0.078018
-0.237562
-0.346222
-0.154105
-0.173924
-0.018415
0.038079
0.105988
0.042127
0.220799
0.013123
-0.059603
0.015218
-0.059603
-0.202614
0.028461
-0.173924
0.007808
0.017671
0.021286
0.043671
-0.098073
0.052199
0.000000
-0.017406
0.000000
-0.053566
0.000000
-0.001764
0.050986
0.014971
-0.005437
0.180082
0.227578
0.024979
0.200035
-0.069209
-0.120045
0.058258
0.078018
-0.216002
0.055077
0.227578
-0.016027
0.054094
0.020391
0.000000
0.000000
0.038256
0.052199
0.038777
-0.091973
-0.058169
-0.099731
0.000000
-0.049515
0.078354
-0.092413
0.056555
-0.030513
0.129303
0.054767
-0.053566
0.003424
0.000000
0.099576
0.067147
0.033309
0.696446
0.042127
-0.001789
-0.018415
-0.099058
-0.092413
-0.068392
0.075972
0.000000
0.021292
-0.060199
-0.135345
-0.199906
-0.017220
0.406914
0.051219
0.077195
-0.018415
-0.109659
-0.252255
0.134487
0.158347
-0.015032
-0.070820
-0.067535
0.000000
0.063476
-0.090028
0.011716
-0.059047
-0.083206
0.000000
-0.098007
0.004430
-0.173924
-0.070820
0.055077
-0.163105
-0.125513
0.118434
0.000618
0.031568
0.086720
0.038541
0.071386
-0.073261
-0.018415
0.052199
0.098674
0.099576
-0.081836
-0.191730
-0.064186
0.084633
0.077195
-0.117032
0.047634
-0.060384
0.053149
-0.099058
0.003751
0.048177
-0.016027
-0.041210
0.000000
0.031280
-0.060384
0.364375
-0.028344
0.084633
-0.016627
0.084633
0.084633
-0.053566
-0.185334
-0.079352
0.045388
0.037038
-0.052471
0.043671
-0.001789
-0.025617
0.134487
-0.181929
0.134487
0.134487
-0.094004
-0.064186
0.031280
0.083486
-0.074203
-0.092471
-0.035005
-0.127198
0.038079
0.051219
0.259330
-0.064186
-0.006560
-0.146797
0.000618
-0.187236
-0.098073
-0.004647
0.195403
-0.004647
0.067147
0.035315
-0.074203
0.103462
-0.060384
0.092395
0.052427
0.006684
0.076926
-0.077346
0.000000
0.077195
0.037385
0.018563
0.095353
-0.069367
0.006684
0.058258
0.018563
-0.064186
0.158347
0.052427
-0.015326
0.049608
0.114572
-0.083666
-0.092471
-0.058169
-0.077380
-0.079352
-0.079352
-0.034952
0.018563
-0.002463
0.023279
-0.047844
-0.031876
0.315941
0.051019
0.054767
0.000000
0.035315
0.048177
-0.055225
-0.046141
-0.059047
-0.059603
0.043671
0.118434
-0.101636
0.000000
-0.084419
0.186180
0.243034
0.032679
0.031568
-0.242721
-0.056714
-0.047229
-0.127346
0.000000
-0.038096
-0.012875
0.019527
-0.069367
-0.030942
0.018563
-0.053566
-0.111238
-0.213513
0.019451
-0.094922
-0.173924
0.038541
-0.027507
-0.120045
-0.094922
0.000000
0.103462
-0.008347
0.032679
-0.151550
-0.064493
0.035315
-0.052567
-0.006560
-0.030513
0.000000
-0.144069
0.000000
-0.016027
0.022702
-0.016627
-0.149240
0.013336
0.035315
0.000000
0.023279
-0.004647
-0.094922
-0.297639
-0.001789
-0.013491
-0.060384
0.085728
-0.073261
-0.200207
-0.040417
-0.004791
-0.150582
0.057734
-0.031876
-0.129165
0.008404
0.000000
0.000000
0.000000
0.122986
0.042127
0.021292
-0.004647
0.000000
0.038256
-0.094922
-0.001789
0.321653
-0.007979
0.056555
-0.069367
-0.015032
-0.004791
-0.028513
-0.025689
-0.071575
-0.192106
-0.171079
-0.187236
0.077195
-0.022109
0.096112
0.095930
0.001667
-0.119859
-0.117804
0.287644
0.105805
-0.171811
-0.059603
-0.027507
-0.062569
0.000000
-0.053566
0.000000
0.043671
0.048331
0.300589
0.103462
0.077195
0.000000
0.050798
-0.101636
0.018563
-0.059047
-0.094004
-0.171811
-0.068381
0.178263
0.123946
0.024979
-0.361257
0.105805
0.000000
-0.004791
-0.052471
0.102764
-0.068392
0.025642
0.098737
0.000000
-0.069367
0.045388
-0.056714
-0.199906
-0.057792
0.017545
0.257566
0.038256
0.035315
-0.140710
-0.068381
-0.004184
-0.199906
0.020391
-0.001764
0.075706
0.078018
-0.187236
-0.013606
0.000000
-0.036399
0.048331
0.007252
-0.035367
-0.035782
-0.041210
-0.191730
0.000000
-0.022396
0.000000
0.000000
-0.001789
0.054767
0.000000
0.057734
0.243034
0.116324
0.067147
0.024979
0.098674
-0.035367
0.000000
0.085728
0.021292
0.023279
0.051219
-0.315247
-0.038492
-0.059603
0.031280
-0.004791
-0.013491
-0.025689
-0.245227
-0.007979
-0.160026
-0.120045
0.000000
0.051219
0.051219
0.095930
0.032679
-0.001764
0.000000
-0.022396
-0.121676
0.184130
0.079362
0.020391
0.031280
0.019510
-0.162876
-0.101636
-0.155309
0.103462
0.098682
-0.156445
0.268363
0.118434
-0.035367
-0.004791
-0.030513
-0.052471
0.000000
0.046959
-0.030312
-0.041210
-0.199906
0.077952
-0.199906
-0.059047
0.050986
-0.001789
-0.019852
-0.097644
0.020391
0.207233
0.054767
-0.063527
0.005895
0.035315
0.130667
0.022702
-0.216002
-0.199906
0.077195
0.006684
-0.017619
0.038777
-0.115761
-0.081956
0.000000
0.088174
0.038541
-0.069811
0.208845
0.094229
-0.006560
-0.041210
-0.094922
-0.199906
-0.053566
0.019451
0.038777
0.023279
0.031603
0.158347
0.077195
-0.130681
-0.064987
-0.099731
-0.036399
-0.064493
0.259330
0.000000
0.038016
0.000000
-0.038167
0.067147
0.020353
0.108357
0.164482
0.143804
0.056555
-0.001764
-0.018415
0.186180
-0.064186
0.056555
-0.027507
-0.059603
-0.052471
0.019527
0.001667
-0.087096
0.095353
-0.521414
-0.824034
0.085728
0.000000
-0.104588
-0.018415
0.032679
0.052427
0.038541
0.075972
0.000000
0.000000
0.093511
0.022702
0.254357
0.008404
-0.079352
0.001164
0.050768
0.035315
0.193129
0.022702
0.122986
-0.007979
0.070511
-0.079352
0.158347
-0.022396
0.054767
-0.120045
0.023208
0.071984
-0.386742
0.054767
-0.069209
-0.144069
0.000000
-0.046141
0.243034
0.075972
0.113853
0.056555
-0.059383
-0.145457
0.000000
-0.055225
-0.073261
-0.088948
0.256677
0.000000
0.088640
-0.069367
-0.036312
0.008404
-0.030513
0.011716
-0.011914
-0.084419
-0.012913
-0.139283
-0.059047
-0.046141
-0.059047
-0.084633
-0.018415
-0.098073
-0.021075
0.186180
-0.055225
0.000000
-0.083352
0.056555
-0.064987
-0.063527
-0.088632
-0.018415
-0.037869
-0.004173
0.119208
-0.347662
0.038256
-0.399286
0.019890
0.093511
-0.021075
0.113853
-0.016027
-0.048319
-0.065208
0.000000
0.098674
-0.059603
-0.079109
0.259330
-0.104588
0.031280
0.274013
0.195403
0.111355
-0.083526
-0.208392
0.092395
0.003751
-0.041210
0.010526
-0.030513
-0.001611
-0.076669
0.011716
0.060652
-0.035975
0.000000
0.019451
-0.064493
-0.092413
0.048331
-0.018415
0.134487
-0.079163
0.023279
-0.015032
0.356725
-0.058780
-0.105962
-0.060384
0.095353
-0.097568
-0.040080
0.051219
0.023244
0.084633
-0.120045
0.000000
-0.031876
0.011716
-0.016627
0.031568
-0.196095
-0.144069
0.000000
0.035315
-0.030432
0.123600
-0.030513
0.158347
0.111355
0.083155
-0.021260
-0.035782
0.001667
0.108556
0.045388
-0.241116
0.052427
0.094229
-0.076581
0.051219
0.031280
0.084633
0.000000
0.137215
0.361173
-0.199906
-0.056714
0.000000
-0.187236
0.038079
0.078356
0.084633
0.077195
0.085475
0.023244
0.023279
0.105805
0.031280
-0.159395
-0.103529
0.093511
0.046282
-0.101636
0.264955
-0.076672
-0.037559
0.037480
0.031280
0.007432
0.000000
0.008404
0.045388
-0.139310
0.052199
0.000000
-0.001789
-0.084630
0.084633
-0.004791
0.177417
0.077240
-0.041210
-0.008347
0.000000
-0.001295
0.000000
0.000000
-0.001789
-0.006560
0.075972
0.022702
-0.191650
0.109501
0.081478
0.002816
-0.032058
0.032679
0.023279
-0.047229
-0.027507
-0.157532
0.002816
0.003751
-0.049515
-0.217379
-0.090028
0.528293
-0.004837
0.031568
-0.030942
0.000000
0.146794
0.044819
-0.125746
0.147939
0.141934
-0.122933
0.032484
-0.001764
-0.133031
0.006684
-0.094922
0.357535
0.190103
0.062862
-0.016627
0.070339
-0.001764
0.000000
0.075972
-0.049813
-0.151374
-0.073261
0.128293
-0.139310
-0.041792
-0.036312
0.147683
-0.120045
-0.147712
-0.053566
0.021292
-0.066270
0.161592
0.046966
0.118434
0.098674
-0.046141
0.031568
-0.026223
0.042127
-0.094922
0.122344
0.099576
-0.099731
0.000000
-0.182056
-0.120045
-0.006560
0.000000
0.024979
-0.092527
-0.058169
-0.069209
0.021292
0.262229
-0.191730
-0.292494
-0.094922
-0.025689
-0.038096
0.696446
-0.094922
0.048177
0.002641
0.038541
0.054767
0.005694
0.060346
0.000000
0.000000
-0.027507
0.158347
-0.068392
-0.037869
-0.057837
0.031280
-0.076672
0.132285
-0.069209
0.095930
0.052427
0.054767
0.071984
-0.005495
-0.350284
0.058258
-0.163371
0.043671
-0.069367
-0.018415
-0.056714
0.045388
0.000000
-0.073261
-0.053739
0.023244
-0.016027
0.000618
0.057734
-0.031876
-0.035782
-0.109415
-0.120045
-0.035782
-0.201361
-0.022396
0.106889
-0.001789
-0.109809
-0.001764
-0.053566
-0.094922
-0.016627
-0.007979
0.022702
0.025140
0.242507
0.048177
0.031783
-0.171079
-0.104767
0.000000
0.103462
-0.035492
-0.104767
0.158347
0.083486
0.000000
0.050986
-0.048993
-0.001298
-0.268473
0.095353
0.022702
0.050986
-0.098073
-0.144069
0.046966
-0.076672
0.032679
0.029606
-0.099731
0.081478
-0.127838
0.080592
-0.171811
0.071386
-0.058169
0.207233
-0.101636
-0.001764
-0.139283
-0.079163
-0.060384
-0.092471
-0.120045
0.266550
0.063327
0.118434
-0.199906
-0.047229
-0.018415
-0.018415
0.025140
-0.041210
-0.030942
-0.013491
0.143804
0.051219
-0.001764
0.085046
-0.010358
-0.016027
-0.022396
-0.012913
0.092395
-0.101636
0.307176
0.000000
-0.079352
-0.053566
-0.098073
-0.098073
-0.030942
0.037385
0.032679
-0.103723
0.093511
0.047634
0.035315
0.047634
-0.059047
-0.092471
0.006684
0.038541
-0.059603
0.050986
0.022702
-0.016627
0.053149
0.011716
-0.125513
-0.312690
0.103462
0.023279
-0.085924
-0.037869
-0.087096
-0.030513
-0.050562
-0.182696
-0.209433
-0.059603
0.058258
0.223115
0.058258
-0.076672
-0.084602
-0.018415
0.003751
0.098514
0.098674
-0.094922
-0.004647
0.143241
-0.016027
-0.083526
-0.125513
-0.002463
-0.094004
0.031280
0.134487
0.056555
-0.061723
-0.090028
-0.058169
0.004430
-0.201361
-0.171079
-0.001789
0.085475
-0.056714
-0.036399
-0.036399
0.006684
-0.001789
-0.070820
-0.033988
0.031783
-0.101636
-0.119015
-0.035367
-0.004647
-0.052471
0.053149
-0.074203
-0.302640
0.032679
-0.008347
0.194549
0.018563
0.045388
-0.089495
0.057296
-0.074203
0.056555
-0.087096
0.070511
0.035315
0.075972
0.024979
-0.064186
-0.090028
0.001667
0.092395
-0.125513
0.056555
-0.824052
0.099576
0.099576
-0.098073
-0.060384
-0.124965
-0.007812
-0.122663
0.095930
-0.094922
0.000000
0.093617
0.206939
0.038541
-0.097875
-0.090028
0.000000
-0.006560
-0.079352
-0.007183
0.000000
0.018563
0.008351
0.000000
0.123600
0.106889
0.023185
-0.053566
-0.030942
-0.105742
-0.060963
0.071984
-0.060384
0.101532
-0.317710
-0.059603
0.047634
0.000000
0.051219
0.000000
-0.092471
-0.068392
-0.013491
0.006684
0.000000
0.038541
-0.060384
-0.049785
0.056555
-0.183773
0.094229
-0.068392
0.003751
-0.004647
0.157036
-0.175063
0.058258
0.233457
0.081798
0.083486
-0.146797
-0.192798
0.000000
0.182919
-0.146797
-0.008347
0.020229
0.032679
-0.199906
0.003751
-0.007979
0.208974
-0.079163
0.255726
-0.065208
-0.092471
0.042662
0.133146
0.077195
-0.049813
0.102042
-0.186819
-0.052471
-0.004791
-0.053566
0.000000
0.268363
0.067147
-0.092471
0.027377
0.008404
-0.041210
0.098674
-0.199906
0.207233
-0.073261
-0.092471
-0.037869
0.194010
-0.087660
0.052427
0.103462
0.038256
-0.069367
-0.087096
0.057734
-0.056714
-0.073341
-0.055225
-0.027507
0.106548
-0.116274
0.020447
-0.016627
0.020353
0.056555
0.021292
0.207233
-0.035349
0.094229
-0.052471
0.000000
0.052427
-0.098073
-0.060384
0.000000
0.045388
0.077195
0.000000
-0.068222
0.000000
-0.037887
-0.048319
0.022702
-0.083526
0.000000
0.018828
-0.064186
-0.079163
0.083486
-0.120045
-0.047229
0.000000
0.031783
-0.185072
0.123946
-0.506426
-0.021075
0.038256
-0.098073
-0.068392
-0.038096
-0.035782
-0.087096
-0.192908
-0.087212
0.046332
0.000000
-0.080375
0.032679
-0.046141
0.003981
0.017000
-0.084775
-0.146797
-0.202185
-0.007979
-0.042376
0.056555
0.000000
-0.144069
-0.001295
-0.104767
-0.004791
0.003751
-0.046141
-0.199906
-0.062666
0.015230
0.075972
0.092395
-0.191116
0.046966
0.035315
0.000000
-0.009161
0.000000
0.021292
0.026920
-0.059603
-0.019074
0.000000
0.098674
0.098674
-0.059603
0.153006
-0.343587
-0.019823
0.038777
0.295287
0.031897
-0.074203
-0.110156
-0.053566
0.607077
0.006684
0.195403
-0.012913
0.000000
-0.016027
0.001938
-0.021260
-0.030942
0.274592
-0.123664
0.000000
-0.048319
-0.030942
0.000000
0.000000
0.000000
0.000000
0.000000
-0.065208
-0.065208
0.060316
0.050986
0.071339
0.234443
-0.048319
0.124411
0.038256
0.000000
0.148174
-0.069209
0.070511
0.035315
-0.036312
0.053149
0.045660
0.023279
0.035315
0.081478
0.019451
0.193803
0.043671
-0.069209
-0.001764
-0.187236
-0.065208
0.181568
0.068651
-0.101793
0.097365
0.097365
0.097365
0.097365
0.078018
-0.171811
0.038541
-0.065208
0.129148
0.051041
0.051041
0.051041
0.051041
0.051041
0.051041
0.051041
0.051041
0.051041
0.051041
0.051041
0.051041
-0.031876
-0.021260
-0.008347
-0.041210
0.000000
-0.008347
0.004430
0.118434
0.038777
0.098674
-0.006560
0.085743
0.083486
-0.312690
-0.031876
0.004430
-0.032512
-0.031876
0.162307
0.052199
0.000000
-0.031876
-0.002463
0.048331
0.075972
0.024979
-0.007979
-0.008347
-0.008347
-0.008347
-0.058169
-0.002463
0.078018
-0.056714
-0.012913
0.046966
-0.036312
0.003751
0.083486
0.038256
-0.171079
0.016837
0.019451
0.000000
0.035315
0.038777
-0.115854
0.113853
0.003751
0.406914
0.114878
0.000000
0.078018
-0.104767
0.000000
-0.008347
0.000000
0.038079
0.228635
-0.046589
0.261803
-0.006560
-0.018415
-0.007979
-0.048319
-0.021075
0.128763
0.007432
-0.074203
0.050986
0.021292
-0.343587
-0.079163
0.075972
0.025827
-0.056714
-0.010143
0.150617
0.028461
-0.079163
0.052199
0.083486
-0.049515
0.000000
0.075972
-0.031876
-0.058169
-0.171079
-0.052471
-0.087971
