-0.000047
0.003152
0.016578
-0.002109
0.007178
-0.002195
0.000544
0.000725
-0.003803
-0.000077
-0.005511
0.001862
-0.003565
-0.001423
0.004219
0.001223
-0.001911
-0.005492
-0.003474
-0.002425
-0.002192
-0.012217
-0.000169
-0.002299
-0.005645
0.002476
-0.000304
-0.001745
-0.000014
-0.002082
-0.071183
-0.000978
-0.000685
-0.000865
-0.002211
-0.001039
-0.002153
0.002760
-0.000751
0.000125
-0.004864
-0.004114
-0.004128
0.014186
-0.010696
0.009874
-0.010404
-0.005568
-0.013003
-0.016724
-0.001904
0.001048
0.000671
0.001077
-0.001420
0.003114
0.004436
0.000454
0.007191
0.002729
-0.002752
-0.002041
0.000193
-0.007902
-0.003537
-0.003078
0.005498
-0.005547
0.000193
-0.011445
0.000998
-0.003470
-0.008131
-0.007443
0.026777
0.165883
0.003570
-0.001922
0.000928
0.001054
0.002613
0.004689
-0.002576
0.003317
-0.003227
-0.001844
-0.001950
-0.001064
0.000260
0.000297
-0.001751
-0.000518
-0.001645
0.002741
0.126586
0.017568
0.016820
-0.002494
-0.000543
-0.001287
-0.002707
0.000138
0.013896
-0.008747
-0.015566
0.026623
0.061926
0.016627
-0.011551
0.001813
-0.006809
-0.000919
-0.005983
0.016804
-0.018277
-0.005853
-0.002685
-0.002427
0.000265
-0.005794
0.001178
-0.020043
-0.022610
0.001568
-0.008375
-0.005398
-0.006799
-0.001450
0.005457
0.000437
-0.009121
-0.000526
0.000268
-0.006171
0.010979
-0.003083
0.023986
0.002159
-0.005412
0.002936
-0.007965
-0.004831
-0.000981
0.005364
0.005111
0.000899
-0.001901
0.051571
-0.003214
-0.008109
-0.001986
-0.005539
0.011678
-0.006835
-0.000041
0.000851
-0.002088
-0.005696
0.016601
-0.028173
-0.002314
-0.001990
0.050389
-0.002610
0.016504
0.055867
0.026149
0.013697
0.049143
0.015811
0.000370
-0.001123
-0.003455
0.000212
-0.005431
-0.001841
0.001583
-0.001077
-0.004040
-0.000917
-0.005622
-0.008428
0.013379
-0.000532
0.044669
0.001541
-0.010370
-0.002859
0.001755
-0.006830
-0.022799
-0.001260
-0.002170
-0.004458
0.013667
-0.000397
0.001807
-0.002274
-0.005693
-0.005305
0.010242
-0.001867
0.003761
-0.004413
-0.000458
-0.001901
0.000365
-0.001204
-0.000174
0.022351
0.001219
0.000861
-0.001600
-0.014042
-0.000304
0.023690
-0.002189
-0.007519
-0.002232
-0.004217
-0.003114
-0.004404
-0.002099
0.013460
0.000841
-0.001211
-0.000801
-0.002775
-0.002020
0.006625
-0.003462
-0.002941
-0.002717
-0.002026
0.001044
0.003852
0.000722
0.000124
0.023367
0.005504
-0.005391
-0.004261
-0.002244
0.000418
-0.004751
0.003944
0.008690
-0.001104
-0.004715
0.000912
-0.000463
-0.003100
0.001015
-0.000322
-0.003025
-0.001330
-0.003972
0.004061
-0.002940
0.004962
-0.006866
-0.001203
-0.004016
-0.002199
-0.005240
0.001239
-0.004976
-0.001203
0.001297
0.003320
0.000603
-0.002894
0.002108
0.000652
-0.010538
-0.004934
-0.001004
-0.001018
0.000184
0.002968
0.003094
-0.002196
-0.004677
0.000533
-0.009205
-0.001163
-0.001663
-0.007203
0.011419
-0.007569
-0.006764
-0.002931
0.029400
0.017346
0.002993
-0.021970
-0.001628
-0.001343
0.011766
0.003199
-0.004763
-0.014460
0.001341
-0.002533
-0.003935
0.001802
-0.012239
-0.001159
-0.000366
0.001180
-0.004160
-0.000193
-0.004759
0.021506
-0.004448
-0.002592
-0.002970
0.007372
-0.003612
0.003588
0.007178
0.050955
0.009362
0.004900
0.013914
0.032286
-0.002772
0.000090
0.015666
0.007960
-0.001364
-0.011975
-0.001384
-0.000996
0.001448
-0.004837
0.004111
-0.000274
-0.001407
-0.000098
-0.003313
-0.001549
-0.001893
-0.001434
-0.014239
-0.002031
-0.004294
-0.002504
-0.004347
0.000175
-0.000269
0.002513
-0.001990
0.000071
0.001378
-0.000466
-0.042684
-0.002978
-0.002650
-0.004471
0.001829
-0.000703
-0.002428
-0.002243
0.001586
-0.004957
-0.009950
-0.003201
-0.005643
-0.007693
0.000210
-0.001879
-0.031071
-0.003953
-0.000256
-0.003442
0.000452
-0.002256
-0.001663
0.001629
-0.000895
0.000935
0.001080
-0.003613
-0.006235
-0.000704
-0.002713
0.000527
0.007481
-0.004343
-0.003353
-0.036318
0.025638
0.001632
-0.003124
0.000266
-0.003721
0.004202
0.009930
-0.008286
-0.006286
-0.000599
-0.004610
0.000181
0.009478
0.000781
0.001725
0.009225
-0.000674
-0.002639
-0.002971
-0.003130
-0.005558
-0.000448
-0.000145
-0.002337
-0.000601
-0.003158
0.004526
-0.005494
0.000496
0.022366
-0.000187
-0.012844
-0.001510
-0.003053
-0.003065
-0.000937
0.000016
-0.000831
0.008328
0.002354
0.003247
0.001454
-0.003100
-0.004753
-0.005752
-0.003414
-0.003938
0.000727
-0.000836
-0.000856
0.050393
0.009396
0.006532
-0.003777
-0.007025
-0.004364
-0.005418
0.003028
-0.000103
-0.002249
-0.001784
0.057884
-0.004018
0.000750
-0.000926
0.037363
0.007982
-0.001795
0.000095
0.000553
-0.000719
-0.006238
0.001764
-0.001573
0.012773
0.009799
-0.001922
-0.010159
-0.008015
-0.000176
-0.001093
0.000561
0.003459
0.021138
-0.002601
-0.003843
0.003823
-0.004516
0.013630
0.012707
-0.019773
-0.003032
-0.003041
-0.010441
-0.004358
-0.004145
0.015789
0.018247
0.024333
-0.003806
0.001443
0.020765
0.024836
-0.004232
-0.004667
-0.001277
-0.003142
-0.000387
-0.001101
-0.000875
0.002000
-0.005392
-0.000808
0.002507
0.002269
0.002084
-0.004979
-0.003571
-0.001550
-0.001941
-0.008488
-0.000379
-0.004598
0.001287
-0.002392
-0.004481
0.000100
-0.002976
-0.003242
-0.011741
-0.002927
0.000933
-0.002359
-0.000117
-0.002309
-0.003301
-0.010082
-0.002612
0.000493
-0.010270
0.035576
-0.005746
-0.002905
0.001688
-0.019194
-0.000725
0.006654
-0.006668
-0.003825
-0.007056
-0.001522
-0.008175
0.000033
-0.001989
-0.000433
0.000897
-0.002479
0.004851
0.006568
-0.000450
-0.001162
-0.002627
-0.006654
0.000235
0.006373
-0.002895
0.003593
-0.004132
0.001665
-0.002465
-0.002019
0.000503
0.000337
0.002006
-0.000717
0.000823
0.009880
-0.007181
0.001567
-0.021557
0.016851
0.030715
0.001102
-0.026986
-0.005666
-0.001776
-0.005030
-0.009891
-0.005267
-0.001048
-0.000188
0.005355
-0.001285
-0.001687
0.001950
-0.001759
-0.001171
0.001977
-0.000811
-0.000916
0.001381
-0.000432
0.004735
-0.002449
0.000343
0.001407
0.002293
-0.017550
-0.001320
-0.021836
0.026937
0.001803
-0.002843
-0.005978
0.012978
0.014206
-0.003904
-0.002567
0.025957
-0.004927
-0.001860
-0.001097
0.000262
0.000358
-0.003137
-0.000335
0.002966
-0.006996
0.021296
-0.001547
0.000258
-0.000506
0.002430
0.002195
-0.001975
-0.000204
-0.002466
-0.003634
0.000006
0.001374
0.010071
-0.000983
0.004083
0.004006
-0.001613
-0.002234
-0.002786
-0.009990
-0.002439
-0.003331
-0.007188
0.001040
0.000380
-0.002568
-0.009392
-0.006868
-0.000699
-0.001666
-0.002025
0.001617
-0.000257
-0.002931
-0.002369
-0.001439
-0.002595
-0.000570
0.002592
0.000908
-0.000416
-0.003572
-0.011923
-0.003080
-0.018217
-0.001677
0.002262
-0.003388
0.000272
-0.014167
0.024228
-0.004956
-0.000058
0.000070
-0.001295
0.003583
-0.002710
-0.002445
-0.002540
-0.001124
-0.000411
0.004466
-0.002441
0.003506
0.002778
0.000481
0.005489
-0.008362
0.011810
-0.013442
-0.003486
-0.005886
-0.001018
0.035511
0.059552
0.000613
0.001464
0.002799
-0.000062
-0.005319
0.000256
0.000169
-0.002549
-0.001686
0.001524
0.003709
-0.003123
0.000920
0.000217
0.002372
0.013980
-0.004013
-0.002937
-0.001057
-0.005623
0.000530
-0.000699
0.000111
-0.001980
-0.003924
-0.001742
0.023654
-0.001439
-0.000137
-0.000445
-0.009157
-0.002105
-0.003509
-0.000635
0.000475
0.000523
-0.001163
0.002461
-0.004172
0.013733
0.029460
0.002562
-0.000189
-0.007705
0.001595
0.029016
-0.006046
-0.005912
0.002279
-0.001740
0.002226
-0.003776
0.000456
-0.000667
-0.000878
-0.002920
-0.002059
-0.000043
0.001302
0.014014
0.000880
-0.007772
-0.002935
-0.001838
0.000407
-0.000777
-0.000247
0.000339
-0.002937
-0.003896
-0.010133
-0.001145
0.003440
0.000508
-0.010205
-0.015273
-0.012627
0.009459
-0.004220
-0.001872
-0.001971
-0.005363
0.000010
-0.002129
-0.001201
-0.002698
0.000031
0.001842
-0.004913
0.001606
0.001906
-0.001911
-0.000452
-0.000703
-0.009465
-0.003705
-0.006195
0.016024
0.002325
0.002115
0.005131
0.005550
0.006722
-0.002488
-0.006944
0.003919
-0.000458
-0.001647
-0.001278
-0.000641
-0.002114
-0.007173
-0.000924
-0.005792
-0.001514
-0.006023
0.000635
0.019795
0.002432
-0.000683
-0.001762
-0.007419
0.001017
0.003119
0.003280
-0.000599
0.007076
-0.005045
-0.006991
0.000951
-0.002320
0.001544
-0.002784
-0.001036
-0.004378
-0.007436
0.022627
0.025491
0.004735
-0.003271
-0.000721
0.001943
-0.000642
-0.008626
0.000009
-0.000931
-0.001548
0.002797
-0.001155
0.001753
-0.002461
0.000260
-0.000261
-0.002037
-0.012594
0.006914
-0.002884
-0.001152
0.001217
-0.001520
-0.002210
0.005562
-0.000640
-0.006070
-0.002473
0.008772
-0.014106
-0.001103
-0.002834
0.001559
-0.003489
0.003150
-0.001369
-0.001019
-0.000813
0.001092
-0.008094
0.014641
-0.001038
-0.000088
0.001596
0.007311
0.002953
-0.007063
0.003239
0.002653
0.005149
-0.004789
0.015246
-0.001439
-0.010125
-0.003704
0.008158
-0.004796
0.029710
-0.004344
0.006419
0.009749
0.022857
0.001353
-0.005043
-0.000104
-0.000839
-0.002154
-0.001640
-0.000116
-0.006567
0.000656
-0.018846
-0.010270
-0.001606
-0.005004
-0.005105
0.005364
0.004308
0.001138
-0.000537
0.001727
-0.006107
-0.002668
-0.000390
0.000250
-0.002386
-0.003006
-0.002098
-0.004058
-0.000519
-0.000439
-0.003807
-0.007020
-0.003419
0.002748
0.006145
0.000549
-0.006723
-0.001549
0.000474
-0.003043
-0.008384
-0.001366
0.003724
-0.006681
0.048714
0.040932
-0.009018
-0.001422
-0.001990
-0.008972
0.000309
-0.005284
-0.003864
-0.004714
-0.000900
-0.003421
0.002198
-0.003233
0.014841
-0.006601
-0.003792
-0.013940
-0.015575
-0.002906
0.002323
-0.003071
0.002522
-0.002605
-0.003869
0.001815
-0.000596
-0.003312
0.027184
-0.001500
-0.004311
-0.004544
-0.000982
-0.002093
-0.006312
-0.002929
-0.001737
-0.000070
-0.001608
-0.000975
-0.002163
-0.000794
-0.001515
-0.001459
-0.001498
0.012494
-0.006413
0.006659
-0.003917
-0.006259
-0.000065
0.010583
-0.003058
-0.009109
0.000373
-0.005969
-0.001740
-0.000657
-0.002900
0.003741
-0.007855
-0.011120
-0.000996
-0.003770
0.002710
-0.001900
-0.003110
-0.006862
-0.003004
-0.012333
-0.010893
-0.001670
0.068740
-0.005445
0.000242
-0.002121
0.003661
0.022936
0.016563
-0.000070
-0.014682
0.003765
-0.011084
-0.001804
0.003378
-0.001690
-0.002328
-0.001178
-0.002457
0.000732
-0.001616
-0.000280
0.001366
-0.000033
0.019240
-0.000870
-0.003896
-0.000695
-0.001888
0.008480
-0.000666
-0.001802
-0.004502
-0.006113
-0.001295
-0.001016
-0.000600
-0.001207
-0.003582
-0.005943
0.000502
0.009909
0.009307
0.001370
-0.001066
0.000870
0.001884
-0.002566
-0.000925
0.001063
0.004069
-0.005228
0.003006
0.000913
-0.001846
-0.001821
-0.010966
0.018714
0.001757
-0.002459
0.002428
-0.004391
-0.000396
-0.005454
-0.001267
-0.000631
0.001996
-0.013748
0.014022
0.022649
-0.003659
0.004905
-0.002265
-0.001689
0.017754
-0.016252
-0.001978
-0.008436
-0.000450
-0.002587
-0.002635
0.000313
0.001352
0.002177
-0.001994
0.000799
0.001435
0.008979
-0.006139
-0.004149
-0.001126
0.000937
0.004291
-0.007045
-0.002433
0.000602
0.004396
-0.009336
-0.004294
-0.005026
0.005071
-0.004038
-0.002793
-0.004298
0.012572
-0.001489
-0.000703
-0.001976
-0.011736
0.012961
-0.009616
-0.005883
-0.001951
-0.001472
0.027619
-0.000496
0.001227
0.009789
0.000112
-0.010253
-0.005772
-0.012376
-0.003223
-0.006747
0.000998
-0.027059
-0.008821
-0.003513
0.002095
-0.000499
0.000749
0.000575
0.012650
-0.008105
-0.003235
0.000442
-0.007325
-0.007627
0.000877
-0.001992
-0.000599
0.005539
-0.002808
-0.005507
0.004416
0.000330
-0.002963
-0.002142
0.001700
0.014058
-0.006644
-0.005524
-0.001419
-0.001929
-0.000579
0.004845
-0.002017
0.000514
-0.004552
0.000903
-0.002557
-0.001103
-0.002447
0.003929
-0.000401
-0.000666
-0.004004
0.002324
-0.010683
-0.009672
-0.008463
0.000234
-0.002030
-0.004800
-0.005954
-0.000065
-0.014343
-0.001080
-0.000235
-0.000770
0.000178
0.005074
-0.002430
-0.005946
0.002196
0.001126
-0.002780
-0.004427
0.000059
0.005928
0.000047
-0.003393
0.004838
-0.006834
-0.003648
0.000015
-0.000113
-0.001706
0.004443
-0.008288
-0.002246
0.009098
-0.002089
-0.013967
0.026933
0.000215
-0.010739
-0.005657
-0.004222
-0.005116
0.000867
-0.005649
0.000822
0.000904
-0.005346
0.000154
-0.002467
0.013644
-0.001361
0.012897
-0.006698
-0.001044
-0.002429
-0.001943
0.000181
0.020209
-0.002003
-0.003219
0.000139
-0.009005
-0.003601
0.048674
-0.003989
-0.000515
-0.005514
-0.007139
0.016122
0.030303
-0.001141
0.018169
-0.005024
-0.004793
-0.008338
-0.002115
0.000566
-0.006315
-0.006925
-0.008631
0.003799
-0.001501
0.007176
-0.005650
0.011284
-0.011062
-0.003181
0.000329
0.020322
0.017017
0.001472
-0.005993
-0.004421
-0.002235
-0.004312
0.000899
-0.000251
-0.005539
-0.001320
-0.001944
-0.004472
-0.009048
-0.007368
-0.000063
-0.000787
-0.000294
0.006509
-0.002426
-0.000926
0.005379
-0.008063
0.003758
-0.014446
-0.003780
0.000046
-0.002609
-0.000276
-0.002859
0.000921
-0.006040
0.012310
-0.000884
-0.002068
-0.002942
-0.002021
-0.002271
0.018767
-0.008833
0.004153
-0.004408
-0.002426
0.000747
-0.000155
-0.001555
0.002197
0.000187
-0.013597
-0.002979
-0.005754
-0.001360
-0.001008
-0.004504
-0.001789
-0.004007
-0.000914
-0.005142
-0.002686
-0.003945
0.003112
-0.000142
-0.000358
-0.003249
-0.000081
0.000796
0.000906
-0.001185
0.000463
0.000472
0.003481
0.001940
-0.001217
0.001633
0.001342
0.000223
-0.007135
0.000411
-0.000236
0.000528
-0.001509
-0.003799
-0.013224
0.000065
-0.005348
-0.013964
-0.002968
0.018136
0.001231
-0.009050
0.018315
0.002015
-0.002669
0.015246
-0.012505
0.030786
0.016063
0.025628
-0.001931
-0.003145
0.003597
0.000247
0.026540
-0.000504
-0.004555
-0.014250
-0.005884
-0.007440
-0.001792
-0.003237
0.007891
-0.004395
-0.005163
0.003887
-0.000367
0.001938
-0.002626
0.001979
-0.000294
-0.005063
-0.003199
0.000037
0.000417
-0.003566
0.006738
0.003756
0.026918
0.002510
0.006163
0.004902
-0.001542
0.028503
-0.010173
-0.003399
-0.001888
0.012715
-0.003726
-0.000114
-0.001075
-0.003215
-0.001982
-0.003199
-0.001241
-0.007160
-0.004229
-0.000207
-0.007570
0.007428
0.003549
-0.014967
-0.002359
-0.007756
-0.001240
0.000711
0.001689
0.004157
0.043914
0.047396
0.026183
-0.005045
-0.006166
-0.003462
-0.008822
0.027912
0.007028
0.002044
-0.000753
-0.001362
-0.011065
-0.005680
-0.002255
0.004211
-0.004023
-0.005016
-0.004353
0.003346
-0.005536
-0.000735
-0.000884
-0.000751
-0.001121
0.013888
0.000453
0.016149
-0.002499
-0.001855
0.001717
-0.001591
0.004985
-0.001036
-0.006494
-0.003231
-0.000474
-0.001510
-0.002567
0.003238
-0.003503
-0.008989
0.014365
-0.004529
-0.002161
-0.003872
-0.000360
-0.000078
0.006924
-0.002518
0.000042
-0.002883
-0.002248
0.004043
-0.004438
-0.001089
-0.003119
0.000865
-0.001092
-0.001745
0.001055
-0.006141
0.000922
0.000675
-0.000130
-0.001259
-0.003567
-0.000610
-0.000116
0.000315
-0.000687
-0.011312
-0.005425
0.000233
-0.006858
-0.003091
-0.005796
0.000076
-0.001897
-0.003440
-0.008781
-0.007824
0.008355
-0.002250
-0.004881
0.007860
0.029071
-0.003628
-0.000334
-0.016826
-0.001490
-0.004776
-0.002955
0.001361
0.000623
0.000895
-0.009948
0.012769
-0.002470
0.006472
0.001146
-0.003659
0.000139
-0.004561
0.001256
-0.003466
-0.000048
-0.000256
-0.001191
-0.003655
0.005352
-0.000441
0.001504
-0.000485
-0.002650
0.006317
0.000856
0.001457
-0.002156
-0.001134
-0.005026
-0.004907
-0.005628
-0.003223
0.001555
0.000616
-0.001294
0.001684
-0.001745
0.001630
-0.002469
-0.005571
-0.001188
-0.002372
-0.006399
0.000860
-0.004893
0.033096
-0.003886
0.013179
0.001639
-0.000351
-0.002545
-0.000487
0.002242
-0.000017
-0.000402
-0.002871
0.001087
0.000460
-0.002301
-0.003452
0.000737
-0.005483
0.022382
-0.002283
-0.002335
0.000924
0.004203
-0.002005
-0.000678
-0.002544
-0.002505
-0.004290
-0.000607
-0.005584
-0.004607
-0.004927
-0.008940
-0.003475
-0.006253
-0.002553
-0.003816
-0.005183
-0.002369
0.000072
0.001381
-0.001357
-0.004852
-0.012268
-0.000107
-0.005733
-0.000052
0.006352
-0.005495
0.000198
-0.004583
-0.001735
-0.001987
0.002074
-0.000864
-0.005410
-0.003316
-0.003647
-0.002563
0.007511
-0.001441
0.001348
0.000328
-0.000609
-0.000032
-0.004068
-0.003340
0.001736
0.000331
-0.001563
0.001772
-0.003044
0.001308
-0.002343
0.003572
-0.002651
0.000677
0.000838
-0.010255
-0.004250
-0.000873
0.011541
0.027146
-0.001454
-0.006658
-0.001535
-0.003516
-0.001438
-0.017324
-0.003915
0.002401
0.004333
-0.005020
-0.011752
-0.003717
-0.006555
-0.004197
-0.010298
0.004340
-0.001425
-0.002617
-0.005701
0.001515
-0.029098
-0.002982
-0.001936
-0.010524
-0.003924
0.000708
-0.000614
-0.002909
0.016440
0.000020
0.000332
-0.006366
-0.001600
-0.003330
0.000044
0.011708
-0.004688
0.021266
-0.003154
-0.003949
-0.001444
0.000307
0.001266
-0.002527
0.000930
-0.000434
-0.003140
0.019375
-0.001638
-0.003654
-0.000835
-0.000740
0.001240
-0.000003
-0.000750
-0.002345
0.004102
-0.004191
-0.002058
-0.007886
-0.005921
-0.008082
-0.005617
-0.004042
-0.000193
-0.001854
-0.012652
0.000976
0.002581
-0.004020
-0.002101
-0.005418
0.021423
-0.003888
0.011489
-0.003601
-0.002020
0.014697
-0.002303
-0.010098
-0.015033
-0.003044
-0.007623
-0.000607
-0.005856
-0.001265
0.002317
0.000301
0.002830
-0.001299
0.000491
0.000986
-0.002408
0.000493
0.001498
-0.002179
-0.001536
-0.005009
0.000085
-0.002667
-0.003242
0.002876
0.072852
-0.009357
0.011258
0.002981
0.002219
-0.007431
0.008191
-0.004627
-0.000773
-0.001649
-0.002861
-0.004574
-0.001623
-0.001311
-0.001844
-0.003163
0.001537
0.005102
0.001786
-0.001534
-0.002667
-0.002649
0.000630
-0.002035
0.001079
-0.000197
-0.003636
0.031565
-0.001709
-0.004864
-0.005696
-0.002813
0.000284
-0.000045
-0.002584
-0.007401
-0.006839
0.049219
-0.007227
-0.005213
-0.003807
-0.008686
-0.000918
-0.001498
-0.008379
0.000541
-0.001322
0.001021
-0.001423
-0.000536
0.000068
0.000612
-0.001061
-0.004298
0.000886
-0.003489
0.009869
-0.000560
0.000237
0.070106
0.011615
0.000371
0.011228
-0.001376
-0.005449
-0.006541
-0.000852
-0.001825
-0.006554
0.002273
0.021778
0.000359
-0.007606
-0.001471
0.002794
0.002929
-0.004105
-0.004747
-0.004694
0.000030
0.010536
0.001357
-0.001289
-0.005797
-0.006865
-0.001536
0.002031
-0.004440
-0.005025
0.013988
0.000711
0.001945
-0.006358
0.001495
0.000373
-0.001376
-0.007694
0.000989
-0.002510
-0.001269
0.002959
0.005859
-0.006347
-0.003747
-0.007478
0.023233
0.001147
-0.003052
-0.008696
-0.010144
0.002808
-0.004885
0.002269
0.000309
0.003716
-0.001201
-0.001983
0.000980
0.001067
0.018479
-0.017514
0.000219
-0.009772
0.002905
-0.012614
-0.001236
0.002780
-0.004057
-0.000641
-0.003197
-0.001350
0.002784
-0.001540
0.007066
0.000861
-0.006471
0.008303
-0.000855
-0.014229
-0.003878
-0.000611
0.003857
-0.002611
-0.001874
-0.008567
-0.007952
-0.002853
0.002258
0.000764
0.009497
-0.001927
-0.000319
-0.000177
0.032899
-0.005896
-0.003901
0.000482
-0.000540
0.002425
-0.001256
0.000497
-0.009237
-0.000365
-0.001988
-0.001145
-0.005618
-0.001854
-0.004662
0.010661
0.001418
0.019210
0.002566
0.000083
-0.002676
0.001676
-0.004676
-0.002047
0.000529
0.002840
0.002307
-0.034852
0.097088
-0.004712
-0.001221
0.001116
-0.001759
-0.000830
0.023695
0.003243
-0.000779
0.001562
0.000922
-0.007158
-0.008148
-0.004747
0.009435
0.025323
-0.002416
-0.001022
-0.001740
-0.014320
-0.007274
0.002654
-0.003502
0.002397
0.074305
-0.008001
0.003040
-0.000715
-0.002163
-0.000699
-0.000445
0.006261
0.006365
-0.003771
0.000310
-0.001332
-0.007824
0.001050
-0.006178
-0.010705
-0.003518
-0.006525
0.012293
-0.001241
-0.003442
0.001958
0.002353
-0.003827
0.014949
-0.007877
-0.000512
-0.005734
-0.008869
-0.008210
0.018048
0.000637
-0.005818
0.000028
-0.004037
-0.003010
-0.000142
0.004309
-0.002298
0.002753
-0.000090
-0.009259
-0.005861
-0.002288
0.001167
0.000211
-0.003043
0.002240
0.015710
-0.001014
0.000006
-0.012321
-0.002074
-0.000198
0.006201
-0.000518
0.005775
0.003637
-0.000546
0.000506
0.003908
-0.002048
-0.002398
-0.002906
-0.002167
0.007475
-0.001368
-0.004632
-0.000922
0.004530
-0.001712
-0.003487
-0.012377
-0.005950
-0.002934
-0.002104
0.002778
-0.003292
-0.001273
-0.002039
-0.000520
-0.000111
-0.000434
-0.002751
0.002111
0.002934
0.001434
-0.005219
0.009021
-0.003684
0.000010
-0.006173
0.020649
-0.031686
-0.003388
0.003436
-0.002693
-0.002575
-0.008589
0.017568
-0.002727
-0.002628
-0.000264
0.000436
-0.004450
-0.002939
-0.000663
0.001776
0.000831
-0.006815
0.006465
-0.001711
0.005007
0.002682
-0.000378
-0.069101
0.001329
0.000790
-0.002779
0.001807
-0.001274
0.000877
-0.006009
-0.009180
-0.002544
-0.000236
0.003983
0.006152
0.042078
0.014971
0.000851
0.000594
-0.000447
0.001913
0.001703
0.002871
-0.000319
0.002817
-0.011559
0.022098
-0.005395
-0.008742
0.001695
-0.001269
-0.015722
-0.002435
-0.001417
0.018964
0.053036
-0.000099
-0.008477
-0.006375
-0.004427
-0.007207
-0.002476
-0.002335
-0.004442
-0.016062
-0.004326
0.009947
0.005265
0.028407
-0.000301
0.002993
-0.002001
-0.002830
-0.005445
-0.004094
0.010345
-0.002838
-0.000735
-0.002844
0.005201
0.001014
-0.001389
-0.001397
-0.001372
-0.000683
-0.002667
0.002243
-0.001349
0.005211
-0.001878
0.000370
-0.005361
-0.014318
-0.003291
-0.005830
0.001182
0.000821
-0.000826
-0.000493
-0.001557
-0.002581
-0.002228
0.033161
0.001375
0.002722
0.023416
0.003731
-0.001589
0.000421
0.001396
0.011026
-0.004973
-0.003485
-0.005725
-0.002491
-0.014549
-0.006170
0.002029
0.011980
0.010691
-0.006934
-0.005298
-0.004910
0.025094
0.064196
0.000766
-0.001474
-0.000265
-0.010300
0.006601
0.013151
-0.003245
-0.005605
-0.002459
-0.003417
-0.000804
0.003680
-0.000341
-0.000283
0.000033
0.001566
-0.004505
-0.001829
-0.001083
0.003430
-0.000116
-0.005277
-0.001769
-0.001168
0.028653
0.004367
-0.002299
-0.007563
0.000341
0.001505
-0.003465
-0.002154
-0.006434
-0.003093
-0.006422
-0.002971
-0.004496
-0.000726
-0.002212
-0.004439
-0.003703
0.000588
-0.006901
-0.004600
-0.005145
-0.004110
-0.000832
0.000213
-0.001927
-0.003573
-0.005170
-0.006353
-0.006907
-0.001968
-0.001719
-0.005284
-0.001657
-0.000498
0.003562
-0.013129
-0.000140
0.009737
0.009213
0.013831
0.008244
-0.007963
-0.003019
-0.005128
0.043909
-0.011085
0.001644
-0.004097
0.006125
-0.000294
-0.007186
-0.001451
-0.003791
-0.005837
-0.002859
-0.002717
0.001491
-0.007177
-0.002494
0.004861
-0.005181
-0.006975
0.010483
0.001130
0.008279
-0.009843
0.012318
0.037302
-0.016259
-0.000375
0.000931
-0.002497
-0.002640
-0.000588
-0.006017
-0.003078
0.002566
-0.004183
0.022007
0.002620
-0.011133
-0.001200
-0.001782
-0.002027
-0.002581
0.020219
0.004228
-0.002067
-0.002006
0.073526
-0.002445
-0.000079
-0.001736
0.015244
0.003900
-0.007972
-0.000164
-0.009333
0.003315
0.011384
-0.012287
0.002825
-0.001805
-0.003774
-0.000869
-0.002517
0.001168
-0.002878
-0.003327
-0.009572
-0.000266
-0.000968
-0.001396
-0.000597
-0.005243
0.015543
-0.004826
-0.008237
-0.003575
-0.006317
0.000193
-0.002952
0.006601
-0.000995
0.003390
0.009446
-0.003227
0.001995
-0.007932
-0.000142
-0.003710
-0.001570
-0.002903
0.033743
0.000358
-0.001345
0.000018
-0.002881
0.000197
0.003280
-0.001265
-0.001050
0.000026
-0.003692
-0.000448
0.000634
-0.000292
-0.001292
-0.001153
-0.001211
0.002528
-0.001582
-0.003799
-0.023134
-0.001599
-0.005008
-0.003683
-0.015696
-0.011743
-0.006094
-0.001305
-0.000633
-0.010892
-0.001738
0.010687
0.001868
0.001238
0.000211
-0.003905
-0.014702
-0.011514
-0.000215
0.002436
-0.005194
-0.011244
-0.009586
-0.000814
0.000449
0.047860
-0.004883
-0.004120
-0.001799
-0.001655
0.000214
0.012923
0.024808
-0.006781
-0.009574
0.013264
-0.001761
-0.006954
-0.002467
0.000863
0.000064
-0.012467
0.000531
-0.000405
-0.001771
0.004047
-0.003708
-0.011417
-0.002236
-0.002036
-0.000264
-0.014070
0.005975
0.002288
-0.013677
-0.003593
0.000077
-0.000044
-0.008129
0.017398
-0.008800
0.000337
0.000476
-0.001183
-0.000707
-0.000333
-0.000143
-0.002663
-0.010386
-0.000285
-0.002770
0.001319
-0.003340
0.003092
-0.006227
0.002242
0.000857
-0.000717
0.007817
-0.001683
-0.002470
0.003638
0.000786
-0.002762
-0.005966
0.001430
-0.002273
-0.000343
-0.002053
-0.000426
0.001130
-0.001077
-0.001076
-0.002195
0.002358
-0.000408
-0.000067
-0.000085
-0.002276
0.000516
-0.001227
0.000973
-0.003423
-0.003889
-0.006380
0.002400
-0.000194
-0.003226
-0.003699
-0.000535
0.015586
0.021964
-0.001928
0.004937
-0.000426
-0.001369
-0.000561
-0.015498
-0.004387
-0.007936
-0.003092
0.002179
-0.008148
0.000664
0.001106
0.003642
-0.001175
-0.000721
-0.001562
-0.001044
-0.001248
-0.000886
-0.001319
0.009034
-0.000540
-0.002053
-0.001068
0.003430
0.027004
-0.000626
-0.000173
0.002112
0.005762
-0.008421
-0.000561
0.000473
0.001945
-0.006945
-0.012179
-0.014073
-0.007579
-0.004402
-0.003558
-0.006328
-0.000507
-0.006151
-0.008225
-0.000365
0.002743
-0.010815
-0.001064
0.000919
-0.003939
-0.003403
0.004577
-0.002038
0.004346
-0.005031
-0.007583
-0.004503
0.008175
-0.000795
-0.000933
-0.000854
0.000759
0.000043
0.027021
-0.008083
-0.000320
-0.005233
-0.002634
-0.001427
-0.002206
-0.002807
-0.003150
-0.002160
-0.002237
-0.001559
-0.001774
-0.001001
0.007517
-0.002783
-0.014495
-0.000537
-0.001138
0.003432
0.015981
0.000148
-0.001905
-0.001150
-0.005420
-0.003290
0.000093
-0.008318
0.003292
-0.004672
0.001686
-0.000075
-0.004325
-0.011733
-0.003182
0.021107
-0.000479
0.003529
-0.001870
-0.005483
-0.004756
-0.005035
-0.002543
0.002266
0.001950
-0.001068
-0.004650
0.024272
-0.007962
0.007723
-0.004652
0.221488
-0.000158
0.000652
0.000324
-0.004414
-0.001686
0.004525
0.002710
-0.001831
-0.005000
-0.008140
-0.000461
0.010206
-0.000985
-0.003473
-0.004926
0.002182
0.001665
-0.003364
0.015171
-0.018570
0.000339
-0.005719
0.000791
-0.000910
0.021572
0.003555
-0.002650
-0.002319
-0.002996
-0.001135
-0.005928
-0.006485
-0.001051
-0.001400
-0.002922
-0.004925
-0.002377
0.001255
0.001690
-0.005887
-0.000596
-0.000907
-0.001130
-0.004551
0.007549
-0.001648
-0.003396
-0.000391
-0.016542
0.005772
0.006107
-0.015052
-0.005496
-0.002566
0.010763
-0.004107
0.000137
-0.000813
0.002094
-0.000375
-0.009410
-0.002482
-0.003824
-0.011891
0.001583
0.000845
-0.002484
0.010446
0.002999
0.018435
0.005239
-0.001049
-0.001261
0.001499
0.000505
0.001018
-0.002539
0.000073
0.000784
0.014577
0.001542
-0.004034
-0.003923
0.000610
-0.001431
-0.000232
0.005705
-0.004839
-0.003295
0.002958
0.006441
-0.002478
0.001561
0.000122
-0.004035
-0.002052
0.004501
0.000089
-0.010714
0.000634
0.000286
-0.008571
-0.028209
-0.000730
-0.004090
-0.000258
0.000033
-0.001952
-0.004041
-0.001888
0.017172
-0.002587
-0.001791
-0.000427
-0.001122
-0.005432
0.022491
-0.013658
-0.006535
-0.003541
0.002050
-0.002023
0.000964
0.004749
-0.006385
-0.005676
-0.001422
0.000325
0.003198
-0.002575
-0.000429
-0.005239
-0.004124
-0.001513
0.000037
-0.003267
-0.000983
-0.001744
-0.002113
0.003417
-0.000121
0.000786
-0.003236
-0.006840
-0.002315
-0.003642
-0.005500
0.001612
-0.000090
-0.006353
-0.003192
-0.008311
-0.005672
-0.008291
-0.003798
-0.004080
-0.016139
-0.000220
-0.002090
-0.006029
0.004486
0.005754
-0.000677
-0.001880
0.012072
0.011215
-0.000026
-0.001311
-0.001547
-0.000954
-0.001594
0.009985
-0.022766
0.015597
-0.008883
0.000533
0.015969
0.018062
0.018233
-0.002660
-0.003426
-0.003939
0.000449
-0.002600
0.010987
0.006112
0.000721
-0.001420
0.011343
0.000790
0.005155
0.000095
0.005185
0.000612
-0.001989
-0.003858
0.008999
-0.000105
-0.005678
-0.015198
-0.005575
-0.020948
0.000640
-0.003417
-0.010234
0.067279
0.023364
-0.000001
0.012116
-0.020584
-0.002414
-0.003212
-0.002211
-0.005986
-0.001436
-0.001995
-0.000995
-0.002969
-0.002944
-0.008118
0.000387
-0.005449
-0.009252
-0.005868
-0.011332
-0.000217
-0.001386
-0.000050
-0.005779
-0.001770
-0.002739
-0.000134
-0.000382
0.000120
-0.000338
0.000014
0.001273
-0.002098
-0.000457
-0.005889
0.000923
-0.000718
-0.001032
-0.000055
0.002024
-0.000956
-0.003032
-0.000470
-0.004264
-0.004440
-0.003377
-0.002522
0.003025
-0.005330
-0.002292
0.000376
0.013319
-0.000514
0.002700
0.061278
-0.002209
-0.003491
-0.000320
-0.007065
-0.001956
0.003436
0.002995
0.000102
0.014980
-0.006716
-0.003972
0.000353
-0.002089
0.021567
-0.005328
-0.005287
-0.003134
-0.005023
-0.025625
0.004032
-0.007450
-0.024891
-0.000340
-0.003301
0.000585
-0.009446
0.002120
-0.001769
-0.002619
-0.000310
-0.002824
0.000066
-0.001320
0.000105
0.001400
0.009166
0.000421
-0.000478
-0.001902
-0.000918
0.004062
-0.000765
0.026349
-0.005861
-0.009127
-0.010532
0.000233
0.013606
0.005108
-0.000603
-0.003763
0.003376
-0.003235
-0.005101
0.010400
-0.007019
-0.001588
-0.001191
-0.000024
-0.003803
-0.008135
-0.002750
-0.000973
0.002110
-0.001636
-0.001608
-0.000423
0.001983
-0.001373
0.025824
-0.002860
0.001457
-0.001732
-0.006834
0.005183
-0.001468
-0.003938
0.000957
0.004203
-0.005910
0.016505
0.000996
0.002341
0.004957
-0.002843
0.029977
0.004318
-0.005685
0.003776
-0.003463
-0.000768
-0.000563
-0.005075
0.003337
0.002704
-0.000870
-0.007230
-0.002738
-0.000088
0.002050
-0.004145
0.001559
-0.003721
-0.002638
-0.002573
0.028501
0.002437
0.001318
0.000455
0.000797
-0.002521
-0.002632
-0.001279
0.002346
-0.002323
0.004102
0.002947
0.000012
0.011162
0.006552
0.014176
-0.001455
-0.006215
-0.004757
-0.005473
-0.005001
-0.002065
-0.003220
-0.005302
-0.006222
-0.009255
0.001694
-0.007793
0.010131
-0.002457
0.001760
-0.000805
-0.006429
-0.003436
-0.003459
0.010760
-0.002213
-0.006763
-0.001118
0.019925
0.001790
-0.006641
0.000136
-0.006901
-0.000659
0.000821
0.000020
0.000455
0.028898
-0.016683
-0.002941
0.015199
-0.001492
-0.001791
-0.005884
0.000561
-0.004528
-0.000101
0.000934
0.001044
-0.006232
0.000104
-0.006919
0.001765
-0.001259
0.011332
0.003488
-0.004940
-0.004655
-0.005238
0.002877
-0.001221
0.004446
0.001350
0.000356
-0.005242
-0.001158
0.000944
0.000713
0.001586
-0.000026
0.005798
-0.001192
-0.005365
-0.000475
0.028367
-0.000173
0.008106
-0.000974
-0.003466
0.001952
-0.004058
0.014519
-0.005577
0.000831
-0.002886
-0.002458
-0.005221
0.010545
-0.001923
-0.002105
-0.000218
-0.003688
-0.020121
0.144601
-0.005162
0.005280
-0.004052
-0.000602
0.000882
-0.001757
-0.001636
0.001288
-0.004557
-0.002359
-0.005696
0.000782
0.000480
-0.003191
-0.017263
-0.034250
0.000433
-0.008706
-0.005236
-0.004555
0.000278
-0.001612
0.000311
-0.001324
-0.004652
-0.003342
-0.004527
0.002142
-0.002078
-0.000072
0.003760
0.001492
-0.000462
-0.014156
-0.004191
-0.008059
0.004485
-0.006461
-0.001738
0.000744
-0.000504
-0.002823
-0.008735
-0.007709
0.009062
0.022474
-0.002457
-0.003667
-0.003542
-0.004484
-0.004823
-0.001061
-0.001672
-0.005734
-0.000163
0.012564
-0.002320
-0.001354
-0.000866
-0.002932
0.007995
-0.002195
-0.001951
-0.002432
-0.000042
0.009402
0.001715
-0.001750
-0.001678
0.003097
-0.003478
0.015770
-0.006714
-0.006990
-0.008589
0.009931
-0.006262
-0.000400
0.015372
-0.000544
0.011138
0.005746
-0.000333
-0.005841
-0.002936
-0.000335
-0.009100
0.005680
-0.001471
0.000482
-0.014220
-0.000466
-0.001928
-0.003090
0.007329
-0.001182
0.014253
-0.003322
-0.001818
-0.000796
-0.001915
0.000148
0.001194
-0.003331
0.000475
0.021310
-0.003570
-0.002307
-0.001964
0.001769
-0.001379
0.002327
-0.003744
-0.003118
-0.024364
0.002277
0.014042
0.003438
0.002311
0.000477
-0.001551
-0.004178
-0.000316
-0.008789
-0.004984
-0.000918
-0.000443
-0.008988
-0.001768
-0.006754
-0.001776
-0.001897
-0.000752
0.000171
0.009377
0.000320
0.007558
0.001354
-0.001991
0.001231
-0.002089
-0.002124
0.001183
-0.002656
-0.003142
-0.003120
-0.008315
-0.001018
0.000218
-0.002109
-0.004092
-0.001493
-0.000880
-0.000048
-0.007480
0.004188
-0.003536
-0.001185
-0.013869
-0.003956
-0.002218
-0.006562
-0.001635
-0.003479
-0.002978
0.107748
-0.000240
0.000094
0.003402
-0.002266
0.000328
-0.003909
-0.005226
-0.003349
-0.001988
-0.003704
0.007771
-0.001608
-0.006557
-0.006891
-0.002162
-0.001100
-0.001953
-0.003928
-0.010753
-0.005901
-0.005678
-0.000675
-0.001648
0.001939
-0.000544
-0.002962
-0.000305
0.000046
-0.005288
-0.001455
-0.007766
0.002120
-0.010483
0.028421
0.019824
0.024443
-0.001367
-0.000696
-0.005710
0.002516
0.001031
0.003774
-0.000218
0.000404
0.000094
0.016082
0.001631
-0.004882
-0.001846
0.002292
0.006226
-0.005659
-0.002356
-0.004099
0.000610
-0.001508
-0.003761
0.000066
-0.002299
0.001729
-0.003805
0.000830
0.001788
-0.001273
-0.010732
-0.007953
0.017340
-0.008359
-0.000169
-0.007181
-0.007944
-0.010986
0.039151
0.010749
-0.011893
0.008770
-0.004532
0.008451
-0.017901
-0.008411
0.022904
-0.004197
0.032231
0.012986
0.004252
-0.005945
-0.002620
0.003696
-0.000927
-0.001418
-0.003296
0.000090
0.021819
-0.009305
-0.004035
-0.001955
0.000005
0.003715
-0.015598
0.001108
-0.001565
-0.000037
0.008023
-0.000019
-0.005656
0.005170
-0.004119
0.006797
-0.008739
-0.001578
-0.002953
-0.000829
-0.002987
0.015260
-0.008865
-0.007806
-0.007261
-0.000410
-0.006087
0.005392
-0.001192
-0.004320
0.000808
0.000253
-0.009397
-0.002277
0.002673
-0.001620
0.006671
0.000051
-0.004206
0.000041
-0.006203
-0.019126
0.000242
-0.005380
0.016577
0.047246
0.001858
-0.014365
-0.008340
0.002326
-0.005217
0.002366
0.000510
-0.000202
0.014554
-0.004105
0.025946
-0.003225
-0.000026
0.001893
-0.001936
-0.001746
0.000829
0.001271
0.026352
0.010376
-0.001630
-0.008205
0.017043
-0.015251
-0.000893
0.008482
-0.004809
-0.007663
-0.003611
0.013353
-0.004074
0.007450
-0.003346
0.000079
-0.000327
-0.002047
0.016629
-0.010065
-0.003354
0.060441
-0.003540
0.004615
-0.004990
-0.004610
-0.029617
0.036167
0.003229
-0.005065
-0.012906
0.001753
0.001036
-0.006339
-0.004634
0.000991
-0.007746
0.006166
0.003897
0.098925
0.003834
-0.004107
-0.006169
-0.001433
0.005926
-0.002987
-0.024052
-0.000901
-0.017937
0.044956
0.015216
0.003717
-0.015836
-0.004983
-0.001335
0.001342
-0.001067
-0.001452
-0.010252
-0.002070
-0.003457
-0.001331
0.029771
0.002275
-0.000971
0.001669
-0.003523
-0.002599
0.001013
