0.000211
0.000314
-0.000969
-0.009252
-0.001004
-0.000063
0.002710
-0.008597
-0.008765
0.007254
0.010510
-0.032794
-0.011432
0.004586
0.005567
-0.005608
-0.004920
0.004967
-0.002726
0.001962
-0.002611
-0.009541
0.005989
-0.007597
-0.040365
-0.004061
0.001292
-0.012743
0.000381
-0.017222
0.000907
-0.004082
0.008746
0.006811
-0.032734
0.013273
0.106333
0.025260
-0.000977
-0.005342
0.028052
0.013523
-0.025502
-0.010552
-0.005224
-0.006400
-0.031348
-0.030266
-0.002627
-0.075932
0.002626
0.021475
0.025014
0.044022
0.096214
0.022242
0.083064
0.037381
0.363825
-0.000178
0.004899
-0.001296
-0.021635
0.015046
0.009197
0.005007
-0.000508
0.005817
0.003027
-0.023954
-0.007621
0.001031
-0.000953
-0.009279
-0.012810
0.042590
-0.017538
0.059398
0.004849
0.000606
0.000236
0.001048
-0.013876
-0.020945
-0.005307
-0.003739
-0.009746
0.004730
0.002171
-0.014623
0.006433
-0.008929
0.021000
0.002776
0.002668
-0.001243
0.007001
-0.015753
0.003048
-0.013003
0.010774
-0.022708
0.000652
-0.008994
-0.022116
-0.007157
0.004630
0.011604
-0.003708
0.005491
0.003042
0.018611
0.003889
-0.003296
-0.011393
-0.011689
-0.006252
-0.000154
-0.000311
-0.002648
-0.003607
-0.010965
-0.003155
-0.001432
-0.001864
-0.002791
-0.000491
-0.019344
-0.013600
-0.001042
0.028929
0.016392
0.015186
-0.008041
-0.038393
0.041679
-0.006895
0.004839
-0.011638
0.009202
-0.003021
0.013125
0.002182
-0.037858
-0.010168
-0.016231
0.002628
-0.005424
0.001889
-0.008532
-0.012909
-0.003279
-0.008400
0.002185
-0.007454
-0.006481
0.007163
0.016495
0.003562
0.098724
-0.008831
0.001590
-0.001914
-0.000073
-0.000608
0.000167
-0.004464
-0.005681
-0.006155
0.000653
-0.011259
-0.024796
-0.007064
0.011923
-0.001768
0.002360
-0.009563
-0.005399
0.013673
0.090348
-0.001809
-0.009031
0.011664
0.005775
-0.031121
-0.034914
-0.012676
-0.035469
0.004177
-0.003658
0.007029
0.011980
0.004616
-0.002275
0.013680
0.011622
-0.002491
0.003883
-0.040963
0.005694
-0.004546
-0.003483
-0.001479
0.001384
-0.025173
0.012957
-0.007277
-0.018848
-0.001368
0.005147
-0.001022
-0.003079
0.000090
-0.002468
-0.002617
0.009549
-0.003486
0.002197
-0.005144
-0.000500
0.001338
0.003704
0.000177
0.003150
-0.005813
0.003582
-0.002362
0.002115
-0.002891
-0.004284
0.002358
0.007311
-0.002455
0.077876
-0.009480
0.005455
0.004397
-0.006395
-0.007264
0.023321
0.001934
0.012601
-0.006308
0.005264
-0.004664
0.006135
-0.016192
-0.002707
-0.002699
-0.003547
0.023998
-0.012651
0.004874
-0.037219
0.006963
0.012054
0.008569
0.018086
0.003749
-0.007136
0.000959
-0.012710
-0.003619
0.005274
-0.006342
-0.004236
0.002057
-0.007096
-0.006364
-0.021648
0.005972
-0.004030
-0.002292
0.005409
-0.070222
-0.004395
0.010044
0.018752
0.029964
0.003475
-0.012810
-0.036469
-0.004561
0.040917
0.000395
-0.006061
0.056336
0.054474
0.008461
0.009648
-0.006729
-0.021558
0.013013
-0.018281
-0.009738
0.003008
-0.002622
-0.002043
-0.013465
-0.006764
0.009659
-0.012212
0.061061
-0.015552
0.017398
0.002604
0.027172
0.024558
-0.001232
0.034703
-0.018002
0.013603
-0.036477
-0.014191
-0.023854
0.002360
0.005149
0.003027
-0.020267
-0.007204
0.002713
0.010315
0.000224
-0.012837
-0.013652
-0.008573
-0.006680
0.000015
0.007079
-0.015209
0.015354
0.006279
-0.012774
-0.000071
-0.013312
0.067388
0.004191
-0.000808
-0.036859
-0.007754
0.008202
-0.000243
-0.009146
-0.021988
0.007801
0.003867
0.010085
-0.007431
0.022188
-0.013145
-0.000658
0.084663
-0.009694
-0.043485
-0.007373
0.004238
-0.026350
0.063898
0.022674
-0.014675
0.015699
-0.000296
0.017320
0.011080
-0.008063
0.003733
-0.011243
-0.001878
0.009640
0.000557
-0.012802
0.015599
-0.005061
0.037347
0.013691
0.010349
-0.003713
0.001406
0.011402
-0.008762
-0.000362
0.006396
-0.004658
-0.010092
-0.011836
-0.006743
0.076041
0.017590
-0.007640
-0.012082
-0.024029
0.004375
-0.000630
-0.053331
-0.013217
0.005069
0.017055
-0.021728
0.011462
-0.004029
-0.010058
0.016614
-0.000558
-0.004313
-0.004430
-0.034076
-0.011921
-0.000079
0.001913
-0.018056
-0.006164
0.005685
-0.008212
0.000404
0.000001
0.036080
-0.001911
-0.001630
-0.013342
0.022112
-0.014720
-0.019958
-0.026802
0.017316
-0.013530
0.001494
0.109636
-0.034090
0.000307
-0.009634
0.001280
-0.004836
0.000866
-0.008111
-0.000033
0.030772
-0.010632
0.092127
-0.000797
0.003751
-0.004153
0.092458
-0.005113
0.016709
0.000318
0.000931
0.020455
0.060503
-0.008603
-0.016837
-0.034368
-0.027052
-0.003204
-0.001283
-0.012947
0.001602
-0.001140
-0.001178
-0.005419
-0.003149
-0.001878
-0.013372
0.001312
0.044100
-0.009975
0.004492
-0.223419
-0.007796
-0.000906
0.003109
-0.001151
-0.003665
0.062673
0.005631
-0.001637
-0.010206
-0.011887
-0.000918
-0.006232
-0.012772
-0.013897
0.009131
-0.003123
-0.001309
0.010158
-0.010206
-0.010079
0.006811
-0.004972
-0.023374
-0.004762
0.036513
-0.008081
0.035133
-0.028881
-0.014500
0.001389
0.002709
0.002994
-0.010524
0.011201
0.015685
-0.011872
-0.004515
-0.009729
0.025694
-0.002769
-0.003883
0.000682
-0.002095
0.039823
0.052873
-0.037595
-0.020715
0.004078
0.004859
0.038374
-0.000707
-0.053190
-0.031112
-0.008604
-0.002108
0.000369
-0.009024
-0.010666
-0.005235
0.008126
0.008081
-0.009959
-0.010181
-0.009961
0.003874
0.007548
-0.002193
-0.005285
-0.003489
0.002905
-0.006216
-0.006524
0.054449
-0.010558
-0.020116
0.027688
-0.003465
0.001767
-0.001036
0.008506
-0.000576
-0.032277
-0.009967
0.018939
-0.022815
-0.025803
-0.000210
-0.020921
-0.006627
-0.003030
-0.031729
-0.026775
-0.012133
0.009642
-0.009852
-0.012963
0.013464
-0.004349
-0.008364
0.007063
0.027964
-0.013079
0.006633
-0.010043
-0.008547
0.007394
-0.001472
-0.009770
-0.004487
0.017367
-0.011860
-0.010117
-0.001523
-0.013788
0.007594
-0.000169
0.002646
-0.001436
-0.000236
-0.000811
-0.005785
0.002315
-0.016887
0.004622
0.001365
-0.088213
-0.012548
0.000698
-0.004589
-0.003494
0.001867
-0.016722
-0.004015
-0.012690
-0.006320
-0.014860
0.003130
-0.009735
0.003931
-0.030182
-0.001415
-0.018918
-0.006884
-0.001625
0.000108
-0.004400
-0.000845
0.004537
0.003239
-0.001409
-0.000781
0.039369
-0.045559
-0.001021
-0.004766
-0.022803
0.004144
-0.019755
0.061393
0.001458
0.007435
-0.003641
-0.024979
-0.031684
-0.001410
-0.004734
-0.015978
0.006960
-0.001324
-0.008838
0.008878
-0.017569
0.020566
0.025623
0.000826
-0.003854
-0.003757
0.012684
-0.000372
0.004615
-0.005392
0.013694
-0.003959
-0.005064
0.005915
0.000884
0.002693
0.029141
-0.010132
-0.001563
0.008982
-0.002413
-0.011091
-0.019308
0.007570
0.002868
-0.005670
-0.024871
-0.015100
0.092983
-0.000548
-0.005473
0.002064
-0.014951
0.012981
0.011529
0.000258
0.001333
-0.000942
-0.001683
0.004819
-0.003171
0.001160
-0.000633
0.016416
-0.011450
0.091265
-0.013176
-0.005420
0.008439
-0.000803
-0.002076
-0.010302
0.056991
0.017754
-0.009855
0.026493
0.090040
0.005858
0.073598
0.007730
-0.040703
-0.009060
-0.001544
0.012148
0.001175
0.000777
-0.004142
0.004036
-0.003197
-0.003274
0.006510
0.004327
0.000361
-0.004063
-0.004477
-0.001946
0.002766
-0.017227
-0.012269
-0.007156
-0.002456
0.000435
0.007078
-0.009965
0.000876
-0.002135
-0.002568
0.003178
-0.005946
-0.015146
-0.005165
-0.009130
-0.002621
-0.007295
0.000595
-0.026504
-0.001354
0.005179
0.003593
-0.006296
-0.000689
-0.000618
-0.000973
0.025260
0.013167
-0.005099
0.002513
0.029127
-0.003722
-0.044216
0.016908
-0.000084
0.002563
0.000192
-0.009069
-0.013970
0.008344
-0.011014
-0.016020
-0.000817
0.003655
0.004918
0.018629
0.002124
-0.003331
0.001244
0.036081
-0.025345
-0.018845
-0.002283
0.008101
0.082363
-0.008839
0.001659
-0.007970
-0.014577
-0.017466
0.018991
-0.034340
-0.019791
-0.006744
-0.017671
-0.030485
0.006797
0.011904
0.033468
0.078767
-0.027426
-0.003906
0.008015
0.023016
0.007393
0.006398
0.091294
0.001823
-0.003587
-0.004895
0.001357
-0.015882
0.001467
0.002020
-0.001865
0.070771
0.002907
-0.013993
-0.010849
-0.020409
-0.033170
0.034874
0.008566
-0.018038
-0.003882
-0.005807
-0.000616
-0.004692
0.005427
0.003813
0.008831
0.001276
-0.009802
-0.005185
0.000135
0.006030
-0.010662
0.004206
0.018667
0.010675
0.000029
-0.008634
-0.000159
0.010169
0.010693
-0.026968
-0.009959
-0.011398
0.070835
-0.043296
-0.052760
0.013632
0.005019
0.008138
-0.023746
0.034396
-0.008696
-0.011392
0.000992
-0.007054
-0.007639
-0.006946
-0.008314
0.000499
-0.006329
-0.002050
-0.025184
-0.011803
-0.004661
0.001315
-0.003914
0.000097
-0.009537
-0.016878
0.003966
-0.008411
0.006367
-0.004423
0.028651
-0.008057
-0.005111
-0.000525
-0.009527
0.012412
-0.009452
-0.031008
0.098010
-0.003722
0.035799
0.002674
0.000624
0.009644
0.002804
-0.003385
0.007108
0.064944
-0.000353
-0.007432
0.011033
0.014176
-0.004527
-0.006208
0.025460
0.000509
-0.019400
-0.000964
0.001616
-0.044236
0.037989
-0.015903
-0.034821
0.000121
-0.012213
0.012274
0.003051
0.010331
-0.017173
-0.032815
-0.011362
0.015561
-0.000805
-0.019928
0.012702
-0.014643
-0.012943
-0.018170
-0.001448
0.006422
-0.005887
0.008642
-0.008807
0.003477
-0.014595
0.000850
0.000462
-0.043196
-0.009728
-0.004591
0.009097
-0.015838
-0.007879
-0.037557
-0.015430
-0.006487
0.001438
0.037665
-0.009369
0.002679
-0.000839
-0.002886
0.026394
-0.000910
0.002210
0.000222
0.007928
0.002178
-0.001456
-0.002306
-0.006949
-0.019557
-0.010438
0.008661
-0.001074
-0.006769
0.009359
-0.023530
-0.008551
-0.001243
0.145873
-0.025278
-0.001385
0.066868
0.013066
0.007276
-0.005568
0.003969
0.001006
-0.021084
0.000222
-0.018425
0.015427
0.000484
0.002499
-0.003042
-0.009943
0.072194
-0.006773
0.000294
-0.000458
0.008704
-0.005511
0.004796
-0.002905
-0.004429
0.027881
-0.000060
0.018451
0.008522
-0.014047
0.003610
0.005730
0.010741
-0.009123
0.003733
0.013307
0.004529
0.016802
0.000379
-0.009474
-0.014015
-0.001253
0.003208
0.004216
0.005870
-0.011932
-0.001511
-0.025481
0.042530
-0.001037
0.000934
0.000391
0.055247
-0.023683
-0.004118
-0.011426
-0.014353
0.006998
-0.000718
0.021847
-0.000902
0.014192
-0.003535
-0.005914
-0.006236
0.024040
-0.005101
-0.003569
0.002662
0.000387
-0.014149
0.031269
-0.011623
-0.028732
0.003669
-0.008984
0.001636
-0.010560
0.002027
-0.004583
0.006997
-0.000406
0.007848
-0.007757
-0.030633
-0.024862
0.001667
-0.004417
-0.018581
-0.007455
-0.009484
-0.000357
-0.010435
-0.019538
-0.003345
-0.014920
-0.010820
-0.022530
0.006184
-0.010515
-0.012800
0.007772
0.009161
-0.009841
-0.008903
0.011618
-0.023492
-0.001657
-0.002529
0.001518
-0.005022
-0.020901
0.021786
-0.001409
0.006468
-0.009253
-0.004055
-0.007382
-0.020176
0.005692
-0.018381
-0.020171
-0.013231
0.020018
0.004013
-0.000279
0.003893
-0.013305
0.007265
0.000700
0.000254
-0.003447
-0.022339
0.050737
-0.021033
-0.003598
-0.007434
-0.010795
0.093022
0.048423
0.000055
-0.009671
-0.014640
-0.120016
-0.034869
-0.007513
-0.012099
-0.003146
-0.003232
0.002507
-0.004429
-0.024259
0.004368
0.113399
-0.018078
-0.004841
0.000433
0.002275
-0.005284
0.002352
0.160105
0.001447
0.007588
-0.001349
-0.004097
0.003790
-0.006347
0.006376
-0.001247
0.022370
0.011570
-0.008576
-0.007563
-0.007903
0.006238
0.001312
0.002923
-0.003809
-0.003120
0.009019
-0.001935
-0.014151
-0.007007
-0.003551
0.039517
-0.001842
0.012024
0.003415
-0.003515
-0.016514
0.004677
-0.010507
-0.011849
0.053123
0.052763
-0.014728
-0.016522
-0.000995
-0.011318
0.009774
-0.003193
-0.006884
-0.002387
-0.004831
-0.001719
-0.001886
0.003567
0.007900
0.003823
0.039841
-0.012694
-0.016181
-0.021770
-0.046001
0.024003
0.004954
-0.001173
-0.000293
-0.012201
-0.001673
-0.018049
-0.013998
0.001005
-0.010966
-0.000777
0.013730
-0.013039
-0.007550
-0.018005
-0.003784
-0.024410
-0.000920
0.000155
0.036558
-0.007764
-0.001993
0.003022
0.009017
-0.002660
-0.027401
0.008200
0.145009
0.001806
0.008196
-0.075651
-0.020639
-0.053264
-0.013319
0.009147
0.011897
-0.024268
-0.002985
0.012562
-0.006880
-0.006630
0.003407
-0.010689
-0.004793
-0.003508
-0.004422
-0.014584
0.004626
-0.037461
-0.008904
0.004869
-0.018538
-0.005408
0.006980
0.007779
-0.012923
0.003408
-0.002563
-0.000712
0.000454
-0.002463
-0.002426
-0.014376
-0.003458
0.005642
-0.010097
-0.022253
-0.004371
0.022930
0.004649
-0.011645
-0.010047
0.003409
0.062969
0.034652
-0.002817
-0.008135
0.012854
-0.001365
-0.000771
-0.013604
0.021832
0.006570
-0.002875
0.004223
0.002634
0.007543
-0.002887
0.010511
-0.000703
-0.002393
-0.000478
-0.005735
0.018592
0.000872
-0.004529
-0.005075
-0.007920
-0.008419
0.000356
0.000767
-0.008481
-0.020453
0.006741
0.004049
-0.003486
-0.005544
-0.005515
-0.006938
-0.013929
0.011362
0.001606
-0.004606
-0.000918
0.002739
-0.013102
-0.003110
-0.043243
0.004233
0.006503
0.002812
0.015745
0.033122
-0.004172
0.077908
0.012013
-0.014669
-0.013711
-0.009542
-0.002717
-0.013771
-0.015734
-0.035066
-0.004633
-0.022581
-0.003368
0.016856
-0.001476
0.007140
0.000715
-0.031045
-0.011919
-0.000176
-0.004335
-0.009522
0.004288
-0.000070
0.007588
0.034536
-0.078874
0.025580
-0.026321
-0.012338
0.002363
0.005098
0.003696
-0.001366
0.005842
-0.025824
-0.009758
-0.008889
0.125265
0.003983
-0.024630
0.002932
0.002461
-0.026280
0.036516
-0.002836
-0.014278
-0.007059
0.005586
-0.001514
0.005821
-0.008271
0.001647
-0.005778
-0.003966
0.002185
-0.000049
-0.021942
-0.017204
0.003922
0.009049
-0.034167
0.038257
-0.003134
-0.000144
-0.014245
0.003273
-0.009038
-0.000217
-0.020439
0.006753
0.006254
0.011253
0.002195
-0.023514
0.004492
-0.021220
0.023359
-0.003738
-0.014237
0.022090
-0.027974
0.003916
-0.023356
-0.001442
-0.000077
-0.005297
-0.014040
0.001491
0.003171
-0.008528
0.008631
0.013331
-0.004862
0.016891
-0.023396
-0.010299
0.012216
-0.015802
0.000249
0.011931
0.015430
0.018481
-0.023548
-0.008116
-0.007444
-0.006121
-0.007103
0.002485
-0.002639
0.068381
-0.002844
-0.003935
-0.006083
-0.001151
-0.018191
-0.011995
0.005558
0.073790
0.007639
0.003778
0.003617
0.006389
0.003490
-0.028712
0.004310
0.001850
0.000129
-0.012804
0.009363
0.000069
-0.002325
-0.013056
-0.010427
0.002901
-0.008084
0.007029
-0.004256
-0.006293
-0.012508
0.003274
-0.010330
0.010843
0.035527
0.043692
0.007103
-0.009900
-0.000887
-0.002495
-0.006293
0.005173
-0.000906
0.050191
-0.003726
0.000417
0.000385
-0.001185
-0.007985
0.000821
0.000759
-0.018500
0.012655
0.016604
-0.007909
0.002200
-0.008609
0.036727
0.002083
-0.012150
-0.002530
0.015511
-0.015928
-0.001106
-0.012623
-0.003628
-0.004558
-0.004021
-0.001192
-0.006708
0.001326
-0.080393
0.009375
-0.009974
0.009723
0.143877
0.083327
-0.008304
-0.053244
-0.014515
-0.043718
-0.000534
-0.000067
0.002745
0.002554
-0.001189
-0.000874
0.003232
-0.002152
0.014960
-0.000733
-0.007893
0.000933
-0.005130
-0.004309
-0.005307
0.000567
-0.004774
-0.006358
-0.009506
-0.013155
-0.007969
-0.006659
0.011626
0.014304
0.004929
-0.002616
0.001094
-0.007466
0.004699
-0.013346
0.017820
0.001836
-0.016270
0.000787
0.042202
0.010633
0.014824
-0.005297
0.048339
0.050156
0.004295
-0.006872
-0.016176
-0.002290
0.000893
0.005643
0.000712
-0.054987
-0.006991
-0.007363
-0.061400
-0.004148
0.046062
0.006848
-0.008818
-0.030412
-0.097507
-0.000120
-0.011749
-0.050379
-0.009428
-0.004557
-0.035384
0.000971
-0.070861
-0.005726
-0.003849
-0.004944
-0.004324
-0.016211
-0.008850
0.021639
-0.011047
-0.022748
0.006596
-0.012745
-0.014178
-0.002568
-0.019529
-0.000555
-0.009763
0.002396
-0.009969
-0.011225
-0.005747
0.003332
-0.000233
0.008257
0.044454
0.000025
0.003807
0.013711
-0.005845
-0.015815
0.002612
0.003590
-0.000412
-0.006026
-0.001698
0.015596
-0.013654
-0.000395
0.000669
-0.000309
0.031910
-0.001291
-0.006064
-0.003777
-0.011865
-0.002318
0.076543
-0.004584
-0.004669
0.000425
-0.041113
0.004446
-0.011427
-0.004949
-0.012122
-0.023703
-0.009948
-0.010955
0.002516
-0.015221
0.000944
0.090013
-0.015753
0.001840
-0.004657
-0.009139
0.001788
-0.000999
0.012807
0.001385
-0.005199
0.014081
-0.007493
0.000273
-0.001548
0.000720
-0.004180
-0.000157
-0.038457
-0.004061
0.005924
-0.004678
-0.007491
-0.029958
-0.007663
-0.007649
-0.037350
-0.009172
0.002415
-0.024916
-0.003192
0.014948
-0.022510
0.002810
-0.020351
-0.002768
0.006290
-0.007161
0.015490
-0.006939
0.068780
0.001592
0.006731
0.017023
0.003627
0.093646
-0.007687
-0.013572
-0.004213
0.010171
0.001914
-0.016136
-0.011947
-0.001073
0.010697
0.001631
0.002765
-0.009454
0.008672
-0.009314
0.001972
-0.004414
-0.005322
-0.000177
-0.002075
0.000304
0.004475
-0.002428
0.002302
0.039478
-0.003467
0.001956
0.005263
0.005213
0.009731
-0.000549
-0.012037
-0.001559
-0.027060
-0.001431
0.031903
-0.006946
-0.020112
-0.005419
0.007313
0.004170
0.011270
0.000786
0.131290
0.003329
-0.000376
-0.000745
-0.015542
-0.003943
-0.001998
0.007342
0.002081
-0.011046
-0.006237
0.002033
-0.008017
0.006641
-0.008050
0.021550
0.009142
0.058525
-0.011473
-0.003858
0.001709
-0.005173
-0.000661
-0.019187
-0.006336
-0.005341
-0.004308
0.005179
-0.006099
0.022786
-0.000217
0.013142
-0.001545
-0.003997
-0.002017
0.007572
-0.001986
-0.005094
0.004292
-0.001888
-0.000782
0.003932
-0.011960
0.003188
-0.002272
0.004206
0.022786
0.025042
0.001646
-0.002421
-0.008407
0.009969
0.012562
-0.005066
0.003978
-0.014636
-0.002722
-0.008956
0.008064
-0.011363
-0.036947
-0.009537
-0.007516
-0.001747
-0.004039
0.004696
0.010978
-0.005604
-0.029483
0.006078
0.134281
-0.021471
0.010241
-0.002304
-0.006265
0.046067
0.001204
0.001441
-0.043449
0.011817
0.001027
0.009842
-0.008612
0.004723
-0.019407
-0.000189
-0.007176
0.004509
0.008859
-0.002950
-0.006410
-0.043520
0.006651
0.018929
0.003021
0.003419
-0.011684
-0.002660
-0.001641
-0.000767
0.003593
-0.006289
0.001148
-0.003676
-0.009301
0.012228
0.003647
0.000347
0.002025
-0.009465
0.010487
-0.001424
0.005911
-0.015437
-0.009616
-0.013651
0.007428
0.018097
0.005990
-0.002916
0.004079
-0.003737
-0.002731
0.012542
-0.016596
-0.025384
0.003941
0.002455
-0.003109
0.003698
0.012578
0.008069
-0.007545
0.010695
-0.003486
0.001126
0.004794
0.133679
-0.000212
-0.004630
-0.006162
0.003251
-0.006264
-0.001566
-0.002670
0.009726
-0.006064
0.007411
0.002256
-0.002889
0.005298
-0.007802
-0.009975
0.004571
-0.008147
-0.000127
0.005899
-0.006067
-0.002278
-0.001115
-0.006148
-0.004570
0.042742
-0.004637
-0.027466
0.005116
-0.008418
-0.001608
-0.001206
0.004083
0.002354
-0.011272
0.013359
-0.004560
-0.015734
-0.008416
-0.004305
-0.015776
0.001135
0.008527
-0.002405
-0.004602
-0.002528
-0.008010
0.018768
-0.010024
-0.004561
-0.001285
-0.012271
-0.017987
0.011113
0.023939
0.000937
-0.000030
-0.003297
0.005973
-0.004879
-0.025683
-0.004450
0.017477
-0.002432
0.025868
-0.015194
0.001739
0.000598
0.006146
-0.019418
0.011490
0.001779
-0.004471
-0.014376
-0.012199
-0.020826
-0.001752
0.014392
-0.004297
-0.005599
-0.002872
-0.000615
0.003605
0.005331
0.003449
-0.011328
0.003200
-0.001530
-0.011673
-0.007322
0.000249
-0.041955
0.016060
-0.002190
0.012878
0.003003
-0.002513
-0.013680
0.006352
-0.001678
-0.016316
0.008032
-0.000147
-0.019356
-0.007073
-0.029454
0.004485
0.001076
-0.017259
-0.000931
0.002334
0.013349
-0.040916
-0.041079
-0.000128
0.006012
0.102668
-0.000527
0.029464
-0.006137
-0.013647
-0.021960
-0.017177
0.020070
0.000126
-0.012639
-0.000787
0.006767
-0.002500
-0.002188
-0.000695
0.001286
-0.021029
0.002151
-0.005035
-0.014568
-0.021776
0.000403
-0.008716
-0.010541
0.002666
-0.000427
-0.011236
-0.017800
0.013120
0.065769
-0.001926
-0.004421
-0.022164
0.001737
-0.007202
0.008946
-0.016963
-0.003023
-0.007708
-0.013978
-0.019198
-0.004677
-0.008616
0.010780
0.016812
0.012950
-0.007483
-0.000075
-0.006424
-0.004721
-0.005327
-0.031499
0.045725
0.037810
0.067331
-0.000320
0.012093
-0.000922
-0.001541
0.004767
-0.003345
-0.011958
-0.021094
0.000584
-0.000035
0.000679
-0.011322
-0.011588
-0.002393
-0.001303
-0.003094
0.024002
0.002977
-0.020716
0.000863
0.016114
0.002526
-0.000121
-0.002409
-0.000818
0.005876
0.003297
-0.015761
0.003968
-0.005306
-0.014825
-0.003156
-0.018146
0.001446
0.007455
-0.002818
-0.008936
0.005356
-0.007050
0.010044
0.001964
-0.000711
0.006655
0.011963
-0.008600
0.002955
-0.002458
-0.012675
-0.000871
0.012862
0.004487
0.008381
-0.001013
0.018543
-0.003999
-0.011970
0.002684
0.011962
0.002831
0.002027
-0.004254
-0.008795
0.006086
-0.010911
-0.004270
0.013190
-0.007448
-0.018747
0.007527
-0.000525
0.012578
-0.014253
0.060149
-0.017205
0.000705
0.006199
-0.005037
-0.020145
-0.003352
0.006441
-0.008813
-0.006737
0.000092
0.010596
-0.030463
0.003055
-0.014904
-0.011813
-0.000468
-0.001129
0.003749
-0.008521
-0.000649
0.004001
0.011914
0.000207
-0.005300
0.001145
-0.099000
0.060387
0.007924
-0.025041
0.027965
0.047485
0.017656
-0.028770
0.000310
-0.020883
0.000215
-0.013777
0.002119
0.003697
-0.013640
-0.007742
-0.004831
-0.007157
0.013028
-0.009064
0.001909
-0.000951
0.055806
-0.024065
0.001624
0.001258
-0.010463
-0.009837
-0.005936
-0.002941
-0.008258
-0.015832
0.001411
0.007466
-0.002727
-0.014035
0.003442
0.001044
-0.020574
-0.002928
0.011675
-0.002737
-0.000279
-0.010845
0.005932
-0.002475
-0.012471
-0.018192
-0.009527
-0.001112
0.008863
0.006675
-0.029790
-0.013897
0.002775
-0.010183
0.004798
0.000371
-0.001808
-0.006265
-0.009969
-0.010525
0.012100
0.027046
-0.001328
-0.000309
-0.006400
-0.032898
-0.042375
-0.000062
-0.007189
-0.004441
0.003532
-0.001396
0.002961
-0.001778
0.006061
-0.011455
-0.011201
-0.012762
0.003532
-0.001434
-0.001661
-0.001178
0.021116
0.041946
0.002892
0.001771
-0.003932
-0.000947
-0.020693
-0.009937
-0.003560
-0.030271
-0.000941
0.001386
-0.005970
0.010378
0.004509
-0.046262
0.001858
-0.002445
-0.012998
-0.006369
0.003572
0.125207
-0.060886
-0.003941
0.065473
0.064697
0.003551
0.000991
0.004792
-0.002013
-0.008770
0.025031
-0.010446
0.005861
-0.009643
-0.007876
-0.006285
-0.010379
0.003734
-0.001567
-0.019903
-0.014472
-0.001832
0.013784
-0.010744
-0.001913
-0.018259
-0.004280
-0.007023
0.019685
0.006533
0.016202
0.032704
-0.000973
-0.002572
-0.035176
0.001220
-0.007187
0.001644
0.002152
-0.013885
-0.011911
0.002868
0.016898
-0.013952
0.000796
0.009178
-0.000740
-0.003388
-0.002196
-0.011524
0.009055
-0.028824
-0.026583
-0.016815
0.011262
-0.013105
0.002383
-0.000782
0.004583
-0.006764
-0.010467
-0.002713
0.047496
-0.000444
-0.000446
0.003048
0.001677
0.001299
0.010601
0.017188
-0.014127
-0.005186
-0.020582
0.001115
0.077861
0.001317
-0.002101
0.008947
-0.016061
-0.006681
0.140192
0.006878
-0.013507
-0.076985
0.002334
-0.004740
0.006314
-0.001162
0.004220
-0.004834
-0.003647
-0.012102
0.071304
-0.002001
-0.003668
-0.005616
-0.005763
0.040382
0.008966
0.007406
-0.048881
-0.097566
-0.006221
-0.003487
0.011289
0.001665
0.004849
-0.029062
-0.001594
0.018891
0.001948
-0.001745
0.004034
0.002147
-0.002113
0.011990
-0.047395
-0.009581
0.000237
-0.015844
-0.021132
-0.044458
-0.022865
-0.000379
0.018151
0.068652
0.000775
-0.005887
-0.017394
-0.001636
-0.005535
0.010910
-0.017255
-0.004159
-0.024598
-0.018352
-0.010549
0.013894
0.013057
0.000100
-0.009604
-0.017628
-0.010658
-0.016729
-0.014146
0.007509
0.000614
-0.003479
-0.024199
-0.002056
-0.002089
0.000028
0.018951
-0.011753
0.012990
-0.012059
-0.007288
-0.004549
-0.000605
0.001989
-0.002029
-0.003909
-0.002996
0.088802
0.005533
0.001064
-0.012224
0.004922
0.002751
-0.015102
0.009317
-0.002417
0.013161
0.000105
-0.010075
0.021209
0.002047
-0.001278
-0.010668
0.023150
-0.005867
0.003890
0.000741
0.005296
0.002642
-0.015833
-0.029980
-0.001454
-0.004138
-0.002682
0.007037
0.078113
0.003556
0.008140
0.023881
-0.008470
-0.002124
-0.006509
-0.001985
0.000409
0.005377
-0.000061
-0.001464
0.024484
-0.023606
0.024216
0.001878
-0.026664
-0.019412
-0.012054
-0.000756
-0.003148
0.006313
-0.008940
-0.008397
0.006241
0.001669
-0.004008
-0.003347
-0.000658
-0.000941
-0.035866
0.016762
0.013584
0.002413
-0.003248
-0.008511
-0.009663
0.026584
0.014309
0.000501
0.004297
-0.013546
0.006712
-0.006438
-0.002094
0.002702
0.008080
0.027347
-0.000019
-0.004569
-0.020859
0.019728
0.001917
-0.010171
0.001326
-0.001902
-0.016629
0.006310
0.010933
-0.008742
-0.020186
-0.000112
-0.014036
0.003728
0.000056
-0.010356
-0.015331
0.000019
0.003310
-0.003341
-0.006162
-0.001040
-0.017208
-0.084844
0.012591
-0.004247
-0.002976
0.008755
0.010119
-0.045898
-0.020746
-0.008982
0.002065
-0.018165
0.002800
0.001571
0.007722
-0.009746
-0.006622
0.018256
0.012824
-0.001169
0.008502
0.028688
-0.004482
-0.009507
0.012007
-0.002482
-0.010610
-0.013366
-0.002381
0.000763
0.001749
-0.007708
-0.006854
0.003011
-0.001679
-0.003595
0.003178
0.001504
0.007335
-0.002931
-0.002952
0.011070
-0.017200
-0.026334
0.009252
0.006193
0.004451
0.005136
0.005170
-0.001339
0.032332
-0.019039
0.003037
0.008059
-0.013374
0.007353
-0.006059
0.005377
0.007290
-0.001440
-0.000218
-0.003411
0.008072
-0.000276
0.001804
0.013745
-0.006939
0.002724
0.001878
0.014939
-0.020449
0.000154
0.005405
0.010639
0.004877
-0.001397
0.006234
-0.013592
-0.003835
0.003717
-0.005171
-0.006363
-0.014716
-0.000627
-0.007938
-0.004473
-0.007733
-0.006588
-0.010815
0.036539
0.006007
-0.024967
0.023722
-0.016745
0.004158
-0.006418
0.004296
-0.008519
-0.004676
0.001375
0.019768
0.014997
-0.005477
0.010315
-0.008054
0.006707
-0.001746
0.004683
-0.007627
0.011145
0.001900
-0.000713
0.000340
-0.024026
0.002547
-0.015476
-0.015937
-0.025136
-0.001844
-0.001799
0.001506
-0.018698
-0.027031
0.016661
0.006136
0.007244
-0.002060
0.004019
-0.004230
-0.020353
-0.007903
0.005606
0.000028
-0.019892
-0.009078
-0.001396
-0.010893
-0.001454
-0.017731
0.007564
-0.005561
-0.001107
-0.036272
0.000833
-0.000698
-0.069086
0.059408
0.003819
0.001626
0.006577
0.004850
0.000990
0.002805
-0.001172
0.000471
-0.012688
0.007356
-0.009816
0.000112
0.004901
-0.002962
0.007568
-0.004842
0.002562
-0.002999
0.000554
0.001312
-0.010373
-0.006012
0.004830
-0.002926
0.003775
0.000738
-0.004494
0.004863
-0.003916
0.002695
-0.017113
-0.005617
-0.001130
0.013427
0.004838
-0.002012
-0.047175
0.009767
-0.002202
-0.006580
0.000560
-0.000011
-0.004893
-0.004627
-0.000066
-0.003041
0.012108
-0.001324
-0.001178
-0.007908
-0.007635
0.003827
-0.012614
-0.006142
0.007412
-0.005249
0.017215
0.045444
-0.013322
-0.004043
-0.002932
-0.003568
0.038615
-0.006045
0.080015
-0.005338
0.000543
-0.002378
-0.029562
0.017624
-0.087064
0.009061
-0.069139
-0.002382
-0.005029
-0.004619
-0.005032
0.003240
0.003399
-0.003736
0.004879
-0.000221
-0.010566
-0.005452
-0.009097
-0.017113
-0.025401
0.017901
-0.002999
-0.018333
-0.015971
-0.009854
0.015174
0.006900
-0.018666
-0.002935
0.020997
-0.006744
-0.010922
-0.002736
0.003416
0.003372
0.004249
-0.004846
0.005073
-0.001513
0.033633
-0.030003
-0.040948
0.009723
-0.004851
-0.010802
0.023318
0.001934
0.032133
-0.005765
-0.017953
-0.018600
-0.003792
0.003543
-0.005025
-0.004592
-0.000226
-0.024286
-0.001500
-0.008141
0.000824
0.000871
-0.006845
0.003051
-0.006307
-0.001917
0.005204
-0.012006
-0.031995
-0.010886
-0.007377
0.013594
-0.003891
-0.002129
0.025486
-0.002443
-0.004053
-0.023411
0.001986
-0.008253
-0.021146
-0.002613
-0.007882
0.007015
-0.002459
-0.006662
0.000154
0.031876
0.045556
-0.019854
-0.005466
0.103477
-0.001342
-0.006538
-0.022235
0.030969
0.012741
-0.035384
0.006586
-0.015129
-0.013924
-0.012432
-0.005260
-0.026062
0.004746
-0.007913
-0.004008
-0.020518
0.001247
0.074304
-0.010146
-0.003312
0.008322
-0.010185
-0.028233
-0.001937
-0.013158
0.008409
0.000895
0.002405
-0.009754
0.000836
0.001676
-0.034081
-0.004574
0.012386
0.006553
-0.021097
0.000684
0.025909
0.000169
-0.008845
-0.002262
-0.009099
-0.012016
-0.038269
0.001815
0.009185
-0.014053
-0.007242
-0.001308
0.027113
0.004410
-0.020948
0.011212
-0.001477
-0.003243
-0.003173
-0.001340
0.009420
-0.009020
-0.004593
0.028768
0.108688
0.010784
-0.000717
0.065526
-0.005052
-0.009297
-0.031564
-0.022275
-0.014545
-0.008189
-0.012812
-0.004269
0.008230
0.001272
-0.007054
-0.001331
0.007793
0.002257
0.006218
-0.015571
0.009599
-0.030945
-0.009696
-0.012640
-0.002378
-0.011064
-0.000049
0.013092
0.032137
0.002693
-0.012627
-0.001632
0.007568
-0.013752
0.006897
0.002131
-0.005411
-0.011487
-0.012178
-0.006065
-0.000771
-0.003395
-0.004288
-0.005297
-0.006606
-0.005714
-0.000557
0.003867
-0.007029
-0.005832
-0.005800
-0.015674
0.008674
0.005630
0.004032
0.002650
-0.049386
-0.001523
-0.003085
-0.024251
-0.011167
-0.011542
0.091403
-0.012951
-0.049783
-0.003443
0.003259
-0.009939
0.010145
0.010833
0.005169
-0.001201
-0.014062
0.008859
-0.023944
-0.009686
0.006304
-0.020307
-0.031239
-0.002960
0.008144
-0.003958
0.007755
-0.003011
0.002092
-0.000439
0.005544
-0.013084
-0.000925
-0.002564
-0.006492
-0.003650
-0.006512
0.002621
-0.008559
0.011542
-0.003208
0.002491
-0.014629
-0.005866
-0.024284
0.004231
0.011812
-0.004368
-0.009201
-0.010524
0.004370
-0.009404
-0.038830
0.002469
-0.029922
-0.040937
0.077799
-0.004088
0.016488
-0.016018
-0.009808
0.005680
0.001721
0.035420
0.000211
-0.023438
0.039709
0.008253
0.052108
-0.004842
0.008335
0.017760
-0.003781
0.006369
0.026539
0.015213
0.010557
-0.009409
0.002360
0.002346
-0.014595
0.005707
-0.026292
0.002294
-0.004246
-0.001996
-0.003667
0.000955
0.002072
0.004531
0.002786
0.003863
0.009396
-0.014891
-0.001709
-0.016696
0.002189
-0.001803
0.007331
0.025884
-0.014349
-0.013435
-0.010021
0.053643
-0.014241
0.006281
-0.002345
-0.012189
-0.018696
-0.001196
-0.024459
0.007284
-0.000901
0.001178
0.000778
0.000809
0.003805
0.009746
-0.026996
0.002028
-0.005515
0.006394
0.005788
-0.001185
0.001712
-0.003359
0.004582
-0.087639
-0.000246
0.012473
0.005012
-0.003585
0.002600
0.011488
0.004730
0.003370
0.101387
0.070069
0.023531
-0.001302
-0.000683
0.002236
-0.011321
-0.001309
0.003132
-0.023125
0.018134
-0.018185
0.005868
0.009063
0.007580
-0.010044
-0.012658
0.005956
0.000450
0.007177
-0.002596
-0.013069
0.002223
-0.011555
-0.010570
-0.007266
0.005961
0.021964
-0.006981
-0.000656
-0.012311
0.007475
-0.008359
-0.002031
-0.009544
0.001910
-0.022558
0.005446
-0.004258
-0.003211
-0.000324
0.013769
0.000963
0.014026
0.008809
0.029452
-0.004161
-0.018331
0.003188
-0.010299
0.115630
0.012151
-0.007235
-0.035695
0.000053
0.004411
0.001603
-0.001661
-0.014203
-0.000232
0.006267
0.000947
-0.004333
0.004044
-0.001423
0.003575
0.013068
-0.009471
-0.005228
0.009886
-0.034628
0.016374
0.008085
-0.019391
0.000999
-0.013547
0.018276
-0.014735
0.003534
0.003914
-0.022367
-0.021837
-0.024964
0.003575
0.002158
0.018521
-0.007016
-0.008916
-0.001488
-0.013237
0.002584
0.008641
0.031418
0.120041
-0.004841
-0.004734
-0.014237
0.008697
-0.004497
0.067448
0.001302
-0.047145
-0.030204
-0.002471
-0.005523
0.031626
-0.010345
-0.004416
-0.009932
-0.017107
-0.013535
0.006663
-0.007264
0.042179
0.009047
-0.015229
-0.005522
-0.011150
0.015144
-0.021516
-0.005629
0.030135
0.023912
-0.022413
-0.017442
0.023998
-0.007362
-0.009470
-0.006284
-0.007428
0.032332
0.000794
-0.000986
0.009060
-0.019481
0.011892
0.075977
0.004066
0.002029
-0.005179
0.019531
0.003325
0.021295
-0.014996
-0.001281
0.007244
-0.069343
0.001168
0.000052
0.002047
0.003670
0.007097
-0.004180
-0.011090
-0.002187
-0.011864
0.003580
-0.000465
0.003041
0.004685
-0.009037
0.014155
0.001133
-0.011807
-0.024634
-0.008192
0.002861
-0.009006
0.012454
-0.000097
-0.029119
-0.011748
-0.018154
-0.008788
0.002152
-0.016617
-0.004469
0.001936
-0.018347
-0.004230
-0.005270
-0.001488
0.074618
0.005659
-0.002783
-0.007047
0.002035
0.109360
0.164480
-0.080825
-0.016699
-0.007230
-0.041597
-0.055492
-0.004033
-0.007279
-0.003537
0.001386
0.004322
-0.018454
-0.004197
0.003785
0.001259
0.000004
0.014361
-0.046133
0.002527
0.002438
-0.005913
0.006778
-0.005544
-0.016720
0.007741
0.012885
-0.002956
0.007946
-0.011542
0.009600
0.011060
-0.010183
0.012713
0.062159
-0.036875
0.000266
-0.015114
-0.003197
-0.001255
-0.009375
-0.006282
0.015721
-0.003797
0.008912
-0.004036
-0.017968
-0.008711
-0.007437
0.007428
-0.007233
0.000495
-0.007104
0.025720
-0.002499
0.011759
-0.002350
-0.012448
0.015778
-0.009709
-0.018507
0.008250
-0.012986
-0.001536
0.000208
-0.001691
0.039110
0.002473
-0.018135
0.005699
-0.011023
-0.006989
-0.009761
-0.065616
-0.004889
0.112234
-0.083623
0.075318
-0.010928
-0.015580
0.005399
-0.052760
0.075846
-0.012068
-0.069246
0.005360
-0.004996
-0.062127
-0.036391
-0.015259
-0.003340
0.001594
0.004925
0.009028
-0.009105
0.000852
-0.000079
-0.012298
-0.003011
-0.010774
-0.001431
0.000829
-0.000492
-0.005680
0.011781
-0.048707
0.002813
0.011835
-0.009172
-0.018448
-0.003821
-0.025394
0.003528
0.009382
-0.022271
0.004157
-0.004493
-0.003909
-0.009079
-0.013333
-0.007659
0.021052
0.019243
0.018168
0.001297
-0.009094
0.000059
0.000513
-0.018137
-0.017650
0.002604
-0.018337
-0.049250
-0.011905
-0.007035
-0.018023
-0.013200
-0.012238
-0.029439
0.000270
0.002300
0.005912
0.002202
-0.004070
-0.000304
0.012433
-0.005795
0.002708
0.006000
0.000390
-0.003900
0.019065
-0.008966
0.000393
0.003274
0.002740
-0.028250
0.004872
-0.010139
-0.002480
-0.006723
-0.009134
0.075928
-0.008241
0.007719
-0.001462
0.002196
-0.007410
0.000035
0.005925
-0.027012
0.008532
0.009161
0.006549
-0.024048
-0.007526
-0.010351
0.017686
-0.013833
0.003902
-0.001776
-0.003372
-0.012874
-0.012473
0.000169
-0.008390
-0.028895
-0.032937
-0.010499
0.005807
0.018243
0.008382
0.007901
-0.012745
-0.003314
0.002351
-0.002857
-0.004188
-0.000325
-0.001796
-0.001933
-0.022930
-0.009908
0.000316
-0.002453
-0.006116
0.003201
-0.006209
0.001624
-0.019123
-0.001861
0.000882
-0.004603
0.003347
0.002720
0.016110
0.003360
0.001538
0.005326
0.001487
-0.019935
0.000846
0.003823
-0.003819
-0.013756
0.010444
-0.016342
-0.023704
0.013754
0.004299
-0.011228
0.004316
-0.001128
-0.006124
-0.015949
-0.028448
-0.001955
0.001491
0.006463
0.001627
-0.008179
0.017479
0.022374
0.002120
-0.000315
-0.004004
-0.016176
-0.014493
0.016110
0.007872
-0.007487
0.014803
-0.009756
-0.005454
-0.006656
-0.002239
-0.010775
0.009479
-0.003952
-0.006974
0.033431
0.032696
-0.012088
-0.002870
-0.007102
-0.017578
-0.004674
-0.013009
-0.003950
-0.027010
-0.012198
0.013891
0.004572
-0.086087
0.041752
-0.000334
-0.001272
-0.004191
-0.001685
0.000480
-0.012061
-0.017978
-0.003808
-0.000708
-0.003092
0.172881
0.018435
0.004470
-0.006896
0.022102
0.015213
-0.028810
-0.001255
0.009226
0.001547
0.000829
-0.010156
0.009229
-0.033932
0.001166
0.028846
-0.010407
-0.004211
0.013453
-0.004399
-0.018852
-0.000789
-0.039681
0.016503
0.007521
0.009823
-0.011727
-0.011736
-0.019657
0.003352
-0.001647
-0.005656
0.007433
0.042221
0.002364
-0.001594
-0.009684
0.001510
-0.023966
-0.006254
0.021274
0.005281
0.000710
0.013993
0.002776
-0.037543
-0.015401
-0.010468
-0.021888
-0.013064
-0.010786
0.028464
0.015890
0.047003
-0.003844
0.071959
-0.054252
-0.030881
-0.009920
-0.013231
-0.001494
0.001517
0.004671
0.000007
-0.094092
-0.008975
0.001618
-0.010952
0.005740
0.000577
-0.004255
0.003017
-0.003645
-0.001109
0.002784
-0.038614
0.003474
-0.013610
0.010298
0.012193
-0.014999
0.009150
-0.008471
0.003110
-0.001393
-0.003591
-0.000232
-0.001449
0.002346
0.000434
-0.005618
-0.001158
-0.013428
0.017628
-0.000609
-0.002355
-0.019715
-0.006840
-0.001027
0.005223
-0.019246
-0.011687
0.002170
-0.001667
-0.019598
0.007167
-0.005420
0.001624
-0.006754
0.000819
-0.007578
-0.060471
-0.006202
0.002373
0.020672
0.121091
0.012468
0.040376
-0.010263
-0.002829
0.003394
0.017355
-0.001871
-0.006074
0.002782
-0.002782
0.021828
0.026410
-0.011136
0.000576
0.002607
0.007799
0.003902
0.034382
-0.012397
-0.007076
0.002409
0.097752
-0.014900
-0.005547
0.017213
0.003569
-0.025952
-0.004304
-0.019476
0.055586
0.001369
-0.019680
-0.012809
-0.003290
0.000942
-0.028465
-0.004839
0.050207
0.009687
0.013876
-0.005715
0.001481
-0.002954
0.010593
-0.011293
0.001817
-0.002157
-0.029925
0.004647
0.010256
-0.012080
-0.002575
0.055949
0.081982
-0.008157
0.020036
-0.004996
0.008903
-0.003456
-0.002233
0.016487
-0.000162
0.009269
-0.009307
0.048201
-0.002590
-0.025550
0.024195
0.003032
-0.011152
0.005500
-0.019308
-0.019927
0.005326
-0.017185
-0.003942
0.009848
-0.001966
-0.020308
0.006254
-0.002541
0.004185
0.024307
-0.011189
-0.008620
-0.023315
-0.003118
-0.002025
-0.196368
-0.019015
-0.005483
-0.009847
0.080205
0.005722
0.001934
-0.022615
-0.008315
0.010170
0.003313
-0.007392
-0.006194
0.011142
-0.006876
-0.010795
0.003965
-0.003299
-0.006010
-0.002779
0.001009
0.006831
-0.007832
-0.007827
-0.040353
-0.024673
0.008657
-0.007090
-0.002545
0.000113
0.002270
0.050801
-0.002154
0.007084
-0.007804
-0.007944
0.001846
-0.010612
0.077231
-0.000844
-0.002901
-0.011868
0.004536
0.002299
-0.003078
-0.010988
0.014770
-0.002386
0.003117
0.198178
-0.004139
0.086833
-0.014185
0.003919
0.009087
-0.053508
-0.004687
-0.049054
-0.008804
-0.022627
-0.002524
-0.012963
-0.001055
0.000517
0.005074
-0.006603
0.083024
-0.000723
0.024774
0.001488
0.007659
-0.006780
0.000226
0.008868
-0.051745
-0.025106
0.011298
0.009355
-0.002768
0.012563
0.000426
0.002096
0.005302
-0.003176
-0.004734
0.001959
-0.015841
-0.013318
-0.006386
0.001445
-0.001458
-0.007598
-0.002574
-0.009696
-0.020151
0.008807
0.002807
-0.015531
0.016747
-0.001152
-0.001800
0.012970
0.006438
0.007612
0.002087
-0.009090
-0.001384
-0.003916
-0.010781
0.006266
-0.022399
0.005447
-0.003271
0.012763
0.008707
0.002321
-0.010069
0.000124
0.003626
-0.000433
0.004675
-0.000988
-0.015407
0.002215
-0.001029
-0.005218
-0.002587
-0.004444
-0.035169
0.002020
-0.005087
-0.025787
-0.051916
0.000552
0.005773
-0.015477
0.002624
0.001085
0.016517
0.021390
0.002774
-0.011251
0.001828
-0.004424
-0.000991
0.000380
0.103987
0.005975
-0.005177
-0.002177
-0.009539
-0.007958
0.000709
0.000868
0.005041
-0.003834
-0.010537
0.011412
0.008353
-0.001890
-0.000808
0.097413
-0.008387
0.002426
-0.002735
0.005622
-0.004798
0.001994
-0.008062
-0.011142
0.005641
-0.005319
-0.015440
-0.002626
0.006424
-0.012369
0.019903
0.008032
-0.001180
-0.017026
-0.000419
0.052907
-0.027921
0.001473
0.078682
-0.008912
0.017826
-0.002088
-0.003803
-0.000547
0.007670
0.014180
-0.005538
0.006109
-0.015675
0.001638
-0.056456
-0.006126
0.007618
-0.000126
0.014916
0.010194
0.002789
-0.004318
-0.005243
0.005341
0.004577
-0.006209
-0.001648
0.006761
-0.059584
0.000446
-0.006058
-0.002226
0.012853
0.028936
-0.007284
0.111964
-0.011786
0.008850
0.004209
-0.002866
0.005429
0.002744
0.008404
-0.002631
0.003280
0.000955
-0.003822
-0.005287
0.006071
-0.024757
-0.028004
0.013612
0.014415
-0.005223
-0.007712
-0.024712
-0.010064
0.000349
-0.014426
-0.021452
-0.007720
-0.003006
-0.002490
-0.006136
-0.028100
0.014070
0.003177
0.004499
-0.009747
-0.000021
-0.014552
0.023788
0.000842
-0.019159
0.008727
-0.000502
-0.001993
0.001723
-0.000799
0.017290
-0.008477
0.004266
0.015519
-0.010207
-0.011056
0.003990
-0.011534
-0.015294
-0.012951
0.005500
-0.012682
-0.007100
0.000128
-0.006581
-0.013311
-0.010570
-0.006393
0.011858
-0.002866
-0.010421
0.012025
-0.002642
-0.000405
0.006610
0.004579
0.012078
0.001966
0.006954
-0.003302
0.000033
-0.000993
-0.003788
0.011394
0.005576
-0.000217
-0.017684
-0.008006
-0.013828
0.012294
0.041944
0.000731
0.001140
0.002185
0.017759
-0.003138
-0.009021
-0.000655
-0.035311
0.003883
0.008568
-0.014139
0.004587
-0.001130
-0.001925
0.001601
0.009423
-0.002774
-0.017749
0.009702
0.003050
-0.008758
-0.009824
0.001314
0.004196
-0.018256
-0.014124
0.010837
0.007730
-0.010531
-0.005362
-0.002115
-0.016152
0.001673
-0.001580
-0.006964
-0.008585
-0.022667
-0.000371
0.000653
0.002504
-0.014931
0.002425
0.000888
-0.004172
-0.002737
-0.029404
-0.003720
-0.000218
-0.006102
0.028854
0.000213
0.009913
0.001615
-0.002500
-0.004438
-0.000137
-0.003337
0.003426
-0.000563
0.002081
0.009709
-0.004553
0.013091
0.010844
0.008856
0.003182
0.011922
0.003105
0.010871
-0.000235
0.004563
-0.031598
-0.002085
0.008876
-0.009458
-0.006640
-0.120495
0.045589
-0.001949
-0.039328
-0.003246
-0.000581
-0.027678
-0.013450
-0.005868
-0.000250
-0.033725
-0.002538
-0.008858
-0.000618
0.004138
-0.001447
0.010007
0.009397
-0.007717
0.007170
-0.100500
0.048028
0.000267
-0.015073
-0.009457
-0.015841
0.000469
-0.015692
-0.004687
-0.001307
0.009425
-0.033733
-0.004506
0.002253
0.000309
0.002679
0.009844
-0.008073
0.005591
0.013295
-0.026833
-0.065372
-0.014785
-0.030887
-0.000986
0.014491
0.000876
-0.008715
-0.002969
0.008500
-0.027243
-0.017699
0.006171
-0.006651
0.001469
0.009133
0.005673
0.000728
0.013482
0.009004
0.015055
0.043828
-0.051257
0.078712
-0.013533
-0.009172
0.030271
0.002210
0.000554
-0.004894
-0.007402
0.000498
0.014734
-0.003269
0.022289
-0.008821
-0.006995
-0.003583
0.000353
-0.001441
0.002358
0.002578
-0.014914
-0.012466
0.000111
0.000843
-0.003565
0.005777
-0.000378
-0.013491
-0.015178
-0.014495
0.006424
-0.007912
0.002269
-0.005300
-0.004857
0.007717
-0.003419
-0.003455
0.002312
-0.003629
0.000999
0.003551
-0.021250
0.003609
0.008812
-0.000864
0.025006
-0.051246
0.003167
0.064633
0.023829
-0.001918
0.002963
0.006517
-0.023025
0.062873
-0.013100
-0.006463
-0.000931
-0.002930
-0.003782
0.002748
0.009711
0.022826
-0.014625
-0.010242
0.154965
0.004065
0.001345
0.003015
-0.002286
0.009164
0.002702
0.000103
0.000959
0.002840
0.007502
0.011420
0.023327
-0.016210
0.012277
-0.002257
0.008323
-0.001620
0.002370
-0.018013
-0.055763
0.005125
-0.000511
0.015588
-0.005905
0.003775
0.005541
-0.004976
-0.012655
0.002705
-0.007525
-0.004649
0.001183
-0.035251
-0.002451
0.016693
0.004487
0.000023
0.006084
-0.006537
0.001597
-0.008991
-0.006136
-0.003669
0.000849
0.002465
0.012621
-0.004572
-0.005059
-0.025822
0.008217
-0.000337
0.010758
0.112672
0.027668
0.017051
0.018054
0.024827
-0.000034
0.007728
-0.006255
0.004182
-0.013203
-0.008038
0.003453
-0.006770
0.019199
-0.013473
-0.010289
0.033309
0.004428
-0.017387
-0.007229
-0.002420
0.013581
0.025726
-0.009134
0.019468
-0.004542
-0.011849
-0.007652
-0.020406
-0.003783
-0.040201
0.000390
0.019468
0.006957
0.007957
-0.003249
0.006825
-0.004462
0.003933
0.006957
0.046244
-0.005612
-0.009691
-0.010425
0.021944
0.000030
0.008442
-0.000451
-0.023988
-0.006007
-0.000546
-0.008544
-0.037037
-0.032308
-0.008812
0.022447
-0.000768
0.010143
0.006718
0.042846
0.000922
-0.004155
0.010463
-0.018930
0.018014
0.001875
0.002647
0.000959
-0.002578
-0.020549
0.012554
-0.013441
-0.022632
-0.008861
-0.025588
-0.004758
0.019434
-0.001787
-0.007628
-0.007593
-0.018303
-0.017606
0.000456
-0.036032
-0.002942
0.016471
-0.051947
0.021114
0.049640
-0.001680
-0.004211
-0.008236
0.042908
-0.020013
-0.033486
0.002678
0.057990
-0.015012
-0.004095
0.005657
-0.010696
0.005020
-0.005147
0.004890
0.004208
0.010087
-0.010232
0.006611
-0.014968
0.014066
-0.004563
-0.003417
-0.013270
0.002961
-0.001615
-0.003131
-0.002168
0.013362
0.005261
-0.004357
-0.001397
0.011884
-0.016965
-0.006096
-0.005077
-0.005749
0.011613
-0.028531
-0.005783
0.002970
-0.004483
-0.006396
-0.005530
-0.003718
-0.000764
0.006938
0.017543
-0.004922
0.013006
-0.001229
-0.006436
-0.018579
-0.012977
0.040687
-0.000715
0.000368
-0.005631
0.003202
-0.001289
-0.011032
0.008835
-0.001772
-0.010976
0.003167
0.040146
-0.002041
0.002155
0.007264
-0.007838
-0.017185
0.010893
0.000203
0.005989
-0.004339
-0.017274
-0.008219
-0.000684
-0.003007
0.102796
0.023655
-0.001339
0.005719
-0.002402
-0.002573
0.003368
-0.000982
-0.006592
-0.010808
-0.000923
-0.003009
0.012336
-0.010798
0.004143
-0.010079
0.002261
-0.008156
-0.011157
-0.004453
-0.007612
-0.036878
-0.015117
0.016650
0.004443
0.053911
0.079024
0.004376
0.002741
-0.010342
-0.004431
-0.004341
0.005925
-0.004714
-0.001323
0.003145
-0.001001
0.006542
-0.013763
-0.007956
-0.018640
-0.000837
-0.012672
0.000693
0.005097
-0.009163
0.000501
0.011136
0.018900
-0.006402
-0.007000
-0.035330
-0.001860
-0.003755
0.010185
-0.003796
0.007688
-0.000123
0.003726
0.000686
0.000040
0.007379
0.009133
0.009692
-0.006697
-0.005790
-0.006150
-0.000150
-0.000736
-0.003379
-0.009390
-0.009783
0.003318
-0.004480
0.001275
-0.006621
0.028543
-0.018161
-0.018077
-0.005409
-0.009812
0.000976
0.002486
0.007610
0.025580
0.007862
0.003667
-0.004961
0.004276
0.005238
0.004197
-0.012816
-0.006323
-0.041986
0.003168
0.010158
0.001987
-0.000865
0.000593
-0.006582
0.012135
-0.000530
-0.009751
0.006581
0.004650
-0.009305
-0.006987
-0.016252
-0.004528
-0.010244
-0.025113
-0.003518
-0.005221
-0.011640
0.000478
0.012514
0.012752
-0.004332
0.001486
-0.014054
0.010141
0.006238
-0.027456
-0.020104
0.000039
-0.014407
0.000050
-0.007930
-0.013370
-0.006987
-0.020249
0.003620
-0.003259
-0.005792
0.038453
-0.000747
-0.005972
0.015075
-0.005037
0.016165
-0.006718
-0.000255
-0.002492
-0.000920
-0.022659
0.014390
0.009770
-0.009213
-0.003105
0.012931
-0.008574
0.014322
0.000661
-0.005639
-0.002783
0.259951
0.009052
-0.001087
-0.030273
0.006804
0.000784
-0.003128
-0.007047
-0.001065
0.014128
0.005932
-0.007672
-0.010713
-0.005080
-0.025273
0.036923
0.013111
-0.096101
-0.025715
0.012914
-0.020202
-0.003704
-0.013589
-0.027156
-0.002404
-0.006290
-0.003474
-0.017290
-0.004840
-0.021150
-0.004967
0.000899
0.007718
-0.011733
-0.019277
0.024221
0.084797
0.001146
-0.009553
0.001068
0.000707
0.015269
-0.029536
-0.001014
-0.013767
-0.007846
-0.006510
-0.015217
0.007404
0.000382
-0.003222
-0.001629
-0.001803
-0.000183
-0.022178
-0.003709
-0.004106
-0.012830
0.004950
0.010232
-0.012302
-0.039398
-0.010533
0.002700
-0.005884
0.013837
-0.000098
-0.000954
-0.012132
-0.028088
0.005042
-0.029925
-0.000390
-0.004405
0.003949
0.003849
-0.016876
0.006656
-0.008781
-0.008272
0.002326
-0.032780
-0.000954
-0.001178
-0.003592
-0.009163
-0.000181
-0.007927
-0.004564
0.010407
0.002749
-0.009149
0.003221
-0.003642
-0.001759
-0.009507
0.021647
-0.005859
-0.011108
-0.002531
-0.009967
-0.003274
-0.001424
-0.006829
-0.021820
-0.002985
0.001809
0.001866
-0.017780
0.020248
-0.005761
-0.009163
0.015041
0.008226
0.004036
-0.009614
-0.001748
-0.009324
0.004949
0.004884
-0.013538
-0.005724
-0.005792
-0.001149
-0.005098
-0.002811
-0.010410
0.004181
0.001854
-0.010301
-0.004349
0.027080
0.010579
-0.013334
-0.007178
0.001067
-0.015142
-0.008603
0.002310
0.050203
0.009244
-0.005651
-0.005822
-0.006398
-0.000443
-0.002822
-0.008914
0.002394
0.086710
0.054663
0.034219
0.038197
-0.022533
-0.006958
-0.010046
-0.021638
0.009241
0.011499
0.121150
-0.034193
-0.025840
-0.006081
-0.006169
0.002755
-0.015804
-0.005986
0.004123
0.037137
0.011156
0.003044
-0.001503
0.003505
-0.010090
-0.004972
-0.012343
0.003615
0.005431
0.020048
0.007226
0.003914
-0.000953
-0.031900
-0.008411
0.002146
0.010371
-0.004046
-0.006738
-0.004435
-0.002403
-0.010908
0.003360
0.000584
0.000715
0.016672
0.012004
-0.009101
-0.008386
0.012851
0.010320
-0.002241
-0.040592
-0.009262
-0.003879
-0.021833
0.000213
0.004843
0.012461
0.002986
-0.009292
-0.006272
-0.004776
-0.004725
-0.020738
-0.030453
0.003163
-0.068341
-0.014117
0.009415
-0.012804
-0.006253
0.003843
-0.007120
-0.008727
-0.005416
-0.008923
-0.006079
-0.003857
0.000687
-0.019795
-0.012046
-0.000187
-0.001706
0.004908
0.000126
0.013559
-0.010221
0.002589
-0.000310
0.017031
0.010961
-0.000824
-0.016667
-0.013343
0.005474
0.002002
-0.000207
-0.004509
-0.049789
-0.001254
0.008643
-0.016247
0.002382
-0.004246
-0.001160
-0.015034
-0.003753
-0.014367
-0.005179
0.021701
-0.002864
-0.006337
0.017599
-0.000801
-0.002073
0.000288
-0.000975
-0.002889
0.041706
0.075390
0.002715
0.012418
-0.036538
0.007536
-0.001095
0.003008
0.003671
-0.005164
-0.000529
0.117936
0.002460
-0.012710
-0.014292
0.016370
0.004176
-0.009340
0.004124
0.012830
0.002233
-0.012097
0.017373
0.006592
0.006041
-0.006881
-0.004353
-0.014313
-0.009067
0.001998
-0.014349
-0.016539
-0.004720
-0.000476
-0.008863
-0.006046
0.015391
-0.008068
-0.000189
-0.000484
-0.007837
0.006863
0.005644
-0.000266
0.017302
-0.010228
0.013748
-0.004655
-0.014368
-0.009434
-0.008675
-0.017134
0.011621
0.065017
-0.278862
-0.004000
-0.010503
0.017997
-0.001873
-0.023023
0.001232
-0.030378
0.011845
0.025521
-0.015739
-0.033236
-0.010163
-0.005087
0.002406
-0.018454
0.001001
-0.018195
-0.002036
-0.014538
0.003987
-0.000837
-0.002078
-0.017112
-0.006608
-0.002686
-0.004400
0.004101
-0.003235
-0.004576
0.000431
-0.011244
0.000370
0.006211
-0.000026
0.007629
-0.002259
-0.002017
0.000433
0.011451
-0.003080
0.000091
0.008282
0.001484
0.003470
-0.000200
-0.007720
-0.005115
0.006157
0.010289
0.000123
0.008004
0.023156
-0.014015
-0.012585
0.030988
-0.095518
0.007504
-0.038156
-0.024553
-0.019251
0.003165
-0.004628
-0.001631
-0.002166
0.000332
-0.026772
-0.015539
-0.002797
0.002917
-0.016674
0.013050
0.004500
0.012839
-0.014320
0.071321
-0.004141
-0.007581
-0.030874
0.010242
0.063818
0.007091
0.003342
-0.002289
-0.000347
0.005319
0.002367
-0.031202
0.015270
-0.007796
-0.013832
0.001298
-0.007674
-0.002910
-0.002819
0.009507
-0.009859
0.023114
-0.000724
-0.003737
-0.022138
-0.001809
0.002683
-0.008118
-0.005164
-0.000945
0.002199
0.000955
0.007173
-0.002125
-0.000737
-0.009141
-0.004373
-0.003216
0.005905
-0.035213
-0.003997
0.007045
-0.001375
-0.036126
0.000052
-0.007752
0.004735
-0.003825
0.003696
-0.030770
-0.001670
0.000057
-0.007585
-0.025450
-0.003689
0.005529
0.037438
0.002173
-0.003904
0.013779
-0.001759
0.007234
0.015315
-0.036039
-0.011073
-0.000323
0.016073
0.005692
-0.001852
-0.004801
0.004739
-0.000606
-0.009296
-0.004755
0.002452
-0.016751
-0.022115
-0.004842
-0.003415
-0.025793
-0.002384
0.000300
-0.006145
0.002826
0.006091
-0.005697
-0.009307
0.004312
0.054927
0.005860
-0.010073
-0.001061
-0.015255
0.005707
-0.007461
0.000107
0.000547
0.003248
-0.012715
-0.002243
-0.005597
0.001016
-0.006900
0.003575
-0.005175
-0.008280
-0.010014
0.000262
0.003251
-0.006676
-0.007591
-0.002012
-0.045430
-0.000060
0.000832
-0.003155
-0.003593
-0.010135
0.004006
0.002274
0.009533
-0.016244
-0.019169
-0.022680
-0.004139
0.076613
-0.011080
-0.012606
-0.026145
0.001270
0.015004
0.006217
0.015539
0.034985
-0.003697
0.012018
-0.008140
-0.020792
0.014260
-0.007650
0.015694
-0.000368
-0.007573
0.019182
0.017840
0.009659
0.004554
0.005253
0.010691
-0.002851
-0.009469
-0.006463
-0.008535
0.003045
-0.007826
-0.005674
-0.006528
-0.008981
-0.000367
0.003533
-0.000090
-0.017859
-0.005888
-0.001554
-0.023585
-0.032665
-0.008379
-0.011989
0.036791
0.010617
0.002934
0.019085
-0.018388
-0.008326
0.003717
0.002447
-0.010141
-0.003772
-0.005628
0.007199
0.041680
-0.000633
-0.003014
-0.022131
0.000683
0.016979
0.004544
-0.003972
0.008895
0.007084
0.000830
0.098276
-0.001950
-0.002704
-0.002978
-0.025143
-0.000915
-0.001490
-0.002966
0.004982
-0.011041
0.001353
-0.002826
-0.018162
-0.009627
-0.005267
0.005782
-0.005156
-0.003734
0.000342
0.000710
0.001609
-0.008227
0.024192
-0.002601
-0.004684
-0.004873
-0.011561
0.005414
-0.002757
-0.023352
0.004690
-0.001644
-0.013096
0.003633
-0.008636
-0.000043
0.049647
-0.004886
0.006707
0.000413
-0.006125
0.000483
0.002840
0.000974
-0.011424
0.007843
0.002979
0.000386
0.001736
-0.003869
-0.005228
-0.022227
0.008509
-0.000347
-0.008635
0.000933
-0.006435
-0.000439
-0.019711
-0.022437
0.015026
0.015974
-0.006740
-0.008474
-0.015036
-0.005582
-0.030489
0.070815
-0.000854
0.010316
0.002882
-0.003200
0.011122
-0.000041
0.006482
-0.023541
0.041573
-0.012643
-0.013751
-0.002614
0.003267
-0.007467
0.004228
0.003470
-0.005292
0.005231
-0.001938
-0.005008
-0.018826
-0.003081
0.010802
0.002479
-0.003317
-0.009336
0.003090
0.030792
-0.011289
-0.005379
-0.006298
0.005903
-0.001451
0.002651
-0.004748
-0.001267
-0.009224
0.389551
0.002268
0.007381
-0.010198
-0.020939
-0.002568
-0.000751
0.054286
0.008313
0.000032
-0.010709
-0.004377
0.010754
-0.005715
-0.016163
0.010017
-0.007138
-0.000498
-0.013556
0.000852
0.005342
-0.004466
-0.000879
-0.008615
-0.002765
0.034893
-0.008180
-0.022387
-0.006431
0.000247
0.017213
-0.048901
-0.012641
-0.029551
0.006865
-0.001970
-0.011595
0.082223
-0.022390
0.009903
-0.009308
0.002392
-0.010493
-0.027093
-0.013375
-0.003374
0.002758
0.005704
0.004223
-0.014708
-0.001970
0.006567
-0.011266
0.010620
0.003077
0.007639
0.012962
0.059269
0.000352
0.007176
-0.034130
0.005091
-0.023939
0.000368
-0.002401
0.081923
-0.000063
-0.002670
0.015488
-0.003194
0.005519
-0.016822
-0.043503
-0.008309
-0.014617
0.006947
-0.012994
0.003871
0.015740
-0.011047
-0.004423
0.002255
-0.007810
0.005884
0.000423
-0.004473
-0.042334
-0.000548
-0.009038
0.002673
-0.004219
0.001257
0.000514
-0.006244
0.014618
-0.001625
-0.003480
-0.000570
-0.002121
0.002368
-0.000275
-0.006660
-0.007304
-0.005885
-0.015480
0.074762
0.043367
0.001202
-0.002161
-0.001053
0.005615
0.000115
0.010102
0.016981
0.003717
-0.012487
0.002368
-0.019665
0.006334
-0.001285
0.005959
-0.002902
0.011202
-0.018950
0.008568
0.001721
0.004358
0.016053
-0.001183
-0.006960
0.005623
-0.066923
-0.005636
0.024034
0.111094
0.007302
0.044133
-0.019687
-0.006737
-0.006488
-0.007915
0.015815
-0.000858
-0.001688
-0.002709
0.001666
-0.007228
-0.004889
-0.016350
-0.004709
0.002983
-0.001934
0.001310
-0.004026
-0.005969
0.002152
-0.012460
-0.000455
-0.011231
0.002514
-0.016307
-0.029546
-0.000993
-0.001394
0.018314
0.001137
0.012035
-0.002761
0.000273
-0.024191
-0.022351
0.062058
-0.024607
0.001985
-0.015551
-0.008835
-0.007374
0.009373
0.075220
-0.000713
-0.027762
-0.007584
0.011173
-0.003944
0.001104
-0.008690
0.002926
0.007685
0.006110
-0.001106
-0.003736
0.018585
-0.001842
0.003823
-0.027769
0.028993
0.052897
-0.007269
0.025066
0.007403
-0.005101
-0.008169
-0.004676
0.009941
-0.002355
0.002878
0.006403
-0.000250
-0.028576
-0.014326
-0.012092
-0.009716
-0.003967
0.013232
0.008605
0.010924
-0.012796
-0.020472
0.001638
-0.019348
0.077671
0.038426
-0.008927
0.001342
0.006032
0.004788
-0.009697
0.013807
0.010238
-0.010808
-0.003767
-0.013798
0.003688
0.005050
-0.010455
-0.005438
0.008891
-0.017105
-0.010445
-0.007282
-0.009502
0.001316
0.002441
0.037105
-0.006112
0.006940
-0.005570
-0.006281
-0.004074
-0.012732
-0.004913
0.100961
-0.002349
-0.067138
-0.022169
-0.002578
-0.001343
0.001358
-0.004196
0.002452
-0.006115
-0.001610
-0.001981
0.006390
0.025887
-0.006962
0.010140
0.007584
-0.005604
-0.038327
-0.008826
0.001609
-0.008899
-0.010099
-0.008612
0.005616
0.010946
0.009490
0.013809
0.027596
0.005697
-0.007004
0.008047
-0.006404
-0.006155
-0.009756
-0.000327
-0.000895
0.013038
-0.001198
-0.003007
-0.001900
-0.005822
0.009659
0.001911
-0.002713
0.006680
0.005669
0.000140
0.010573
0.005270
-0.014846
-0.038576
0.002451
-0.000931
-0.004777
-0.024660
0.001824
0.012245
-0.026039
-0.000725
-0.007382
-0.009755
0.020564
-0.001277
0.014262
-0.021648
-0.001619
-0.000645
0.016257
-0.017108
0.029635
0.010186
-0.009564
-0.011482
0.005090
0.012403
0.013018
-0.000586
-0.018009
0.054750
-0.000764
-0.006067
0.000115
-0.010087
0.000197
0.001026
-0.010700
-0.018720
0.002158
-0.004109
-0.012463
-0.040104
-0.015985
-0.013212
-0.000884
0.027581
0.004696
-0.008624
0.001039
-0.032378
-0.006709
0.010252
-0.011091
-0.005513
0.008305
0.068732
-0.005204
0.018553
0.002753
0.006831
0.003677
-0.007859
0.001805
0.016532
-0.021780
-0.003235
0.000329
0.002653
0.058829
-0.029911
0.003513
0.013300
-0.010064
0.007507
0.001419
-0.009635
-0.006819
-0.000326
-0.013590
-0.003867
0.000170
-0.007919
-0.006748
-0.000628
0.008329
0.001136
-0.017312
-0.021381
-0.001431
0.001415
-0.003443
0.006371
-0.010176
0.000404
0.023033
0.003985
0.004176
-0.011145
-0.007627
0.006512
0.005162
0.042902
0.005676
0.005511
0.038758
-0.001765
0.131257
0.025873
-0.005066
0.010045
0.010328
0.004737
0.005407
-0.001414
0.024543
-0.013980
-0.008301
-0.018463
-0.004136
0.001690
0.004805
0.002127
-0.007275
0.040737
-0.003075
0.007245
0.001666
-0.014838
0.012012
0.000060
0.012238
-0.005387
0.044460
0.001529
-0.005612
-0.003674
0.015759
-0.026159
0.003926
-0.006219
-0.005743
-0.014160
-0.005278
-0.008662
0.014544
0.014878
-0.009874
-0.008590
-0.000825
-0.005634
-0.002862
-0.014611
0.004866
-0.013818
0.001227
-0.004536
0.001914
0.002811
-0.000566
-0.006057
-0.006570
-0.001747
0.005198
-0.010474
-0.007357
0.003629
-0.016390
-0.008443
-0.022528
-0.002173
-0.002184
-0.005066
-0.019361
0.007281
0.009002
-0.002747
0.007746
-0.005398
-0.014065
-0.003724
-0.010295
-0.001711
-0.011129
-0.020071
-0.002156
0.012353
-0.009718
0.002168
0.006050
0.016587
-0.005345
0.003556
0.006179
-0.023391
-0.000603
-0.003398
-0.011529
-0.003475
0.008910
0.029382
-0.002112
0.003730
0.002659
0.005622
0.083963
-0.003457
0.028466
-0.019132
-0.006514
-0.008567
-0.006376
0.006973
0.007776
-0.000897
0.005651
-0.005418
-0.001654
-0.000200
0.005317
0.020311
-0.030099
0.002398
0.007976
0.007905
0.002462
0.009003
0.000132
0.011476
0.023198
-0.022292
-0.019741
0.002513
-0.003450
0.007841
-0.001149
-0.000284
-0.007554
-0.011724
-0.001411
0.002169
-0.012999
0.003517
-0.015247
-0.002996
-0.002399
-0.005465
0.002859
-0.002127
-0.006117
0.036126
-0.001959
0.034740
0.007977
-0.008238
-0.002665
0.004321
0.034295
-0.010288
-0.025926
-0.009971
0.014287
-0.027800
-0.006667
0.004164
-0.005821
0.005193
-0.002862
-0.006275
-0.029263
-0.003853
0.006664
-0.001197
0.048430
-0.006397
-0.073216
-0.048460
0.104866
0.059364
-0.019432
-0.028816
-0.023377
-0.000055
-0.003468
-0.017419
0.008196
-0.003920
-0.006255
0.011484
0.013106
-0.009430
0.001839
-0.011482
-0.012248
0.009863
-0.000913
0.006429
-0.000546
-0.008001
0.009413
-0.002797
0.000409
0.006854
-0.000614
-0.009735
-0.000067
-0.007738
-0.009074
0.006089
-0.002923
-0.001734
-0.006041
0.006311
0.000191
-0.003302
0.013167
0.003903
0.125868
0.008128
0.021418
-0.001286
-0.008206
-0.003943
0.001469
0.059563
0.004642
0.035849
-0.009726
0.028389
0.021260
0.049231
-0.002420
0.013615
-0.083616
-0.005535
0.018482
-0.005375
-0.004762
0.010843
0.002523
-0.012057
-0.022059
-0.007381
-0.000063
0.000112
-0.000817
0.003897
0.012502
0.000581
0.001207
-0.002861
-0.020527
-0.000450
0.006513
0.007264
0.010695
-0.010200
0.002424
0.004452
-0.008884
0.011697
-0.006210
-0.003355
-0.004951
-0.009945
-0.023974
0.013782
-0.002386
0.004402
0.000522
0.001304
0.008821
-0.009590
-0.000693
0.010116
-0.008117
-0.014082
0.006426
-0.002126
-0.009269
0.018343
0.000313
-0.003151
-0.006316
0.000263
-0.005330
0.007748
0.003515
-0.011222
0.020717
-0.003223
-0.007161
0.007804
-0.021305
-0.022295
-0.004254
-0.002045
-0.025483
0.000708
0.001546
0.012012
0.008037
-0.009211
-0.008389
-0.003414
-0.001067
0.003612
0.000364
-0.000790
-0.008696
0.000701
0.002602
-0.013084
-0.002239
-0.006520
0.008075
-0.022639
0.057664
0.004671
0.001434
-0.002424
-0.025341
0.001011
-0.001203
0.003838
-0.013062
-0.002737
-0.003293
0.006532
-0.000985
0.007009
-0.004302
0.000767
0.010575
0.007452
-0.001121
-0.002499
-0.010642
0.032206
0.007248
0.006591
-0.004796
0.012695
-0.000674
-0.003988
-0.009746
-0.040110
-0.028633
-0.024558
-0.004904
-0.002692
-0.039871
-0.003348
-0.010410
-0.001180
-0.000311
-0.002102
-0.008019
-0.000951
-0.006155
-0.004579
0.011534
0.003946
0.000774
-0.003713
-0.001701
0.003371
-0.002667
0.011886
0.003951
0.012677
-0.006086
-0.003699
0.014160
-0.002746
-0.003751
0.010845
0.000819
0.051260
-0.009524
-0.025329
-0.001734
0.000291
0.033265
-0.002227
-0.000958
0.002602
-0.006202
-0.032105
-0.004669
-0.010127
0.005950
-0.004305
0.001767
-0.002431
-0.001766
0.001587
-0.008538
-0.015305
-0.008119
-0.001121
0.002944
-0.011372
0.002956
-0.030302
0.014930
-0.026550
0.008349
-0.019790
-0.003046
0.016253
-0.026884
-0.010655
0.020326
0.009464
-0.002265
0.009792
-0.018170
-0.011292
0.000271
-0.002281
0.030654
0.006249
0.001736
0.044591
-0.019618
0.003929
0.055928
-0.017025
-0.006617
0.001717
0.009540
-0.039462
-0.020035
0.008255
-0.002178
-0.010701
-0.002008
0.007902
-0.001564
-0.006039
0.007234
0.016530
-0.009925
0.003031
0.002254
-0.005320
-0.004085
-0.006590
0.009184
-0.001813
0.009905
0.007208
-0.022023
0.002095
0.009040
0.014856
-0.005224
0.007357
0.002185
-0.019772
-0.009186
0.008977
0.005490
-0.006727
-0.006925
-0.001954
0.000042
-0.004147
0.004753
-0.003403
0.000099
-0.012206
-0.036742
0.005026
0.072153
-0.001694
0.001716
-0.010473
0.019900
-0.019396
-0.002009
0.004683
-0.001659
0.037036
0.005613
0.016073
0.001074
0.012536
0.005440
-0.006142
0.025824
0.001284
0.007351
-0.002317
-0.011017
0.008603
0.011984
0.009562
-0.000536
-0.002558
0.005548
-0.001758
-0.015052
0.004204
0.009254
-0.036017
0.014490
-0.001665
-0.000948
-0.006109
-0.027505
-0.026085
0.065141
-0.002493
0.083936
-0.071840
0.006915
0.017550
-0.011416
-0.014201
0.081460
-0.002226
0.000159
-0.004671
0.001668
0.001335
0.013734
-0.000442
-0.017557
-0.037383
-0.006244
-0.011522
0.011197
0.000555
-0.002650
0.005558
-0.020950
-0.019217
-0.001597
0.034622
0.006147
-0.043455
-0.013427
0.004401
-0.008641
-0.065845
0.000084
-0.006225
-0.020840
-0.001097
-0.044084
-0.006557
-0.003780
0.006494
0.028512
-0.025723
-0.011064
-0.000246
-0.004040
-0.005663
0.002121
-0.009457
-0.004116
-0.009064
-0.005120
-0.006689
-0.011600
0.017075
-0.003739
-0.000262
-0.026795
-0.016379
-0.000911
0.012989
-0.014997
0.002237
-0.019760
0.003858
0.003074
-0.000886
0.003019
0.004072
0.004045
-0.011813
-0.015448
-0.001780
-0.007456
-0.003533
0.014559
-0.006133
-0.008140
-0.009497
-0.014061
-0.006925
-0.007545
-0.001858
-0.005469
-0.000513
-0.019001
0.077319
0.004445
-0.020102
-0.002939
0.007496
0.014279
-0.009324
-0.015560
-0.013746
-0.006532
0.013730
0.048188
-0.011201
-0.023715
-0.000343
0.073653
-0.000474
0.000309
-0.011196
-0.013743
-0.008139
0.005217
-0.024531
-0.005332
0.008465
0.020648
0.020664
-0.021005
-0.015600
-0.018793
-0.008763
0.072922
-0.005880
-0.010277
-0.012326
0.003869
-0.003233
0.001811
0.002625
0.009731
-0.003219
0.007875
0.016583
0.007869
-0.026068
-0.010042
-0.013412
-0.004693
0.051995
0.017403
-0.020171
0.000080
-0.018227
0.010194
-0.006404
-0.029883
-0.015704
-0.001034
0.015945
0.002150
-0.009380
0.000675
-0.015413
-0.005411
0.004446
-0.010774
-0.009407
-0.005732
-0.000455
0.014637
-0.005323
-0.002921
-0.026675
0.017643
0.001098
-0.002157
-0.005657
0.007696
-0.006666
0.007746
-0.028894
0.009336
0.006858
-0.003323
0.004612
-0.027824
0.014914
-0.007945
-0.006116
-0.004652
-0.033693
0.029472
-0.040441
0.057773
0.004337
0.007832
-0.026951
0.002834
-0.011900
-0.011814
0.001284
-0.002385
-0.006647
0.016204
-0.009525
-0.004261
-0.003614
-0.009559
-0.002771
-0.037966
-0.022167
-0.002684
-0.008027
-0.012053
-0.054848
-0.019119
0.013930
-0.002186
-0.000667
-0.004448
-0.020735
-0.000919
-0.026025
-0.002623
0.010621
-0.001145
0.003974
-0.000930
0.000448
0.090959
-0.005744
-0.072872
-0.000984
-0.003260
0.080206
-0.004392
-0.021443
-0.004035
-0.007953
-0.010626
-0.000589
0.096861
-0.006369
-0.002144
0.031590
-0.079158
-0.056403
-0.013598
0.095746
-0.011601
-0.001556
-0.007310
-0.024529
-0.001951
-0.019668
-0.000303
0.000110
0.009871
0.001191
0.010564
-0.002372
0.006483
0.005806
-0.018707
0.010612
-0.008361
0.011651
0.031610
-0.029662
-0.045772
0.010653
-0.006127
0.037057
0.008213
-0.006132
-0.012543
-0.001856
-0.008149
0.018397
-0.009490
0.009170
-0.015323
-0.009221
-0.005538
0.011305
-0.042445
-0.011417
-0.004754
-0.003501
0.006756
-0.004820
0.002098
-0.002955
0.007613
-0.002416
0.013587
0.006976
-0.006999
-0.004397
0.008723
-0.003326
-0.005347
0.008231
-0.009286
0.009375
0.000149
-0.009196
-0.016355
-0.004726
-0.000831
-0.005506
-0.000650
-0.029715
-0.008307
0.002281
0.013438
0.086818
-0.011771
0.003145
0.003153
-0.000211
-0.003577
0.051934
0.003623
0.001838
-0.005593
0.000680
-0.001060
0.011788
-0.024304
-0.008741
-0.003315
0.048194
0.011895
-0.000571
-0.019406
-0.001188
-0.016365
-0.005127
-0.016408
0.010611
0.018367
0.028300
-0.015888
-0.018990
-0.001812
-0.008574
0.002358
-0.000535
0.002767
0.003993
0.003274
-0.002148
0.016974
-0.011191
0.014876
0.003348
0.002327
-0.002984
0.010189
-0.031993
-0.007909
0.004791
-0.013379
-0.000183
-0.002785
0.010436
0.011052
0.242205
0.004433
0.003683
-0.001365
0.011842
-0.008327
-0.005867
-0.038127
-0.001514
-0.005985
-0.004943
-0.023262
0.005487
-0.007094
-0.000337
0.019436
-0.015282
0.013055
-0.000538
-0.002098
-0.008838
0.008128
-0.004016
-0.038415
-0.006231
-0.001284
0.011815
0.001632
-0.007571
-0.000424
0.021123
-0.006220
-0.009160
-0.005973
-0.002906
0.004955
-0.001873
-0.001160
-0.004146
0.000767
0.003712
-0.006978
-0.004602
0.001699
-0.014550
0.008254
0.020023
0.000807
-0.001754
0.049775
-0.011554
0.005790
0.098039
-0.010200
-0.014112
-0.006143
0.000088
-0.018306
0.008773
0.000971
-0.008005
-0.001658
0.001808
-0.012913
0.000115
-0.017283
-0.005490
-0.005256
-0.006147
-0.004856
0.003945
0.004406
0.004870
-0.006274
-0.016425
0.001970
-0.006519
0.007559
0.018416
-0.008328
0.005418
-0.008181
-0.010109
0.010095
0.000045
0.006595
0.002092
0.035805
-0.007941
-0.015647
-0.021716
-0.003370
-0.014341
-0.004366
-0.003923
0.002318
-0.011344
0.002948
-0.023837
0.011110
-0.000093
-0.011770
-0.020597
-0.000589
0.001795
-0.007731
0.004596
-0.011722
0.034479
0.001575
-0.000532
0.004062
0.004242
-0.006523
0.001104
0.005950
0.010683
0.021079
-0.006425
0.014286
0.054757
0.020364
-0.005040
-0.013857
-0.004652
-0.011119
0.043435
-0.000460
-0.014263
0.013306
0.007197
0.026282
0.000609
0.011337
-0.014838
-0.001670
0.026668
0.003943
-0.037834
0.008762
0.007147
-0.002640
0.003068
-0.002800
0.028688
0.024320
0.012157
0.006450
0.001751
0.002031
-0.003023
-0.003896
0.004070
-0.005571
-0.005601
-0.001045
0.003011
-0.006696
-0.013163
0.002236
-0.053645
-0.022054
-0.004246
-0.001470
0.001794
0.027050
0.007124
0.001411
0.004180
0.016578
-0.007074
-0.005996
0.003640
0.020420
0.001125
0.002074
-0.001310
-0.009962
-0.013663
-0.001238
0.064851
-0.009707
-0.001417
0.002098
0.007601
0.001597
0.042308
0.000145
-0.008860
0.002398
-0.057662
-0.001673
-0.001129
0.003746
0.003654
-0.017173
0.082099
-0.008207
-0.003172
-0.009684
0.001427
0.121684
-0.010695
-0.007141
-0.005044
-0.000450
-0.009737
0.042320
0.011000
-0.003246
0.000765
-0.007593
-0.004128
0.005781
-0.011569
-0.002703
-0.005712
0.000286
-0.004079
-0.008079
-0.013064
0.004787
-0.007328
0.003176
-0.036107
-0.006449
-0.006626
0.001733
0.000297
0.000798
0.018606
-0.008047
-0.015153
-0.006273
-0.038532
-0.007197
0.026401
-0.001871
0.000573
0.055326
-0.011144
0.004503
0.063566
0.045280
-0.029169
0.060111
0.009321
0.012159
0.013447
0.002327
0.002673
-0.015972
-0.008602
0.004931
-0.008265
0.015006
0.009166
0.005281
-0.001706
-0.005372
0.002868
0.007223
-0.002905
0.002485
0.025735
0.004504
0.005603
-0.002681
-0.011343
-0.006514
-0.012443
-0.001140
-0.013465
-0.005286
-0.010388
-0.006127
0.007995
0.116263
-0.007822
0.006148
0.013487
-0.002510
0.001137
-0.003586
-0.005674
-0.017545
-0.007143
0.002525
0.006270
0.001739
0.017262
-0.011463
-0.030673
0.009307
-0.000192
-0.003669
-0.023677
0.067836
0.003152
0.004066
-0.006063
0.038567
-0.002106
-0.006696
0.010354
0.008043
-0.022253
-0.003893
-0.002074
0.052518
-0.003049
-0.008909
-0.006408
-0.002877
-0.005341
-0.011626
-0.020672
-0.009630
-0.005399
-0.001980
-0.006872
-0.000335
-0.002795
0.026852
-0.014162
-0.002470
0.004418
0.009933
0.005864
0.028208
-0.013383
-0.006456
-0.025193
-0.006450
-0.008125
0.052432
0.004160
-0.006524
-0.002205
0.003704
0.006473
0.006174
-0.006538
0.003603
0.011739
-0.000134
-0.008188
-0.000219
0.006159
-0.006554
-0.006820
-0.008444
-0.013935
-0.010427
0.001858
-0.004282
0.017770
-0.008195
-0.014393
0.000214
0.000254
-0.008404
0.008761
0.004317
0.009785
0.015101
-0.016955
-0.007003
0.002236
0.001791
-0.003942
-0.001300
-0.010215
0.001720
0.076747
0.005270
0.009645
0.005342
-0.021245
0.023630
0.012793
0.000031
-0.001483
0.029379
-0.004217
-0.014005
0.013625
0.042189
-0.003789
-0.001653
-0.021686
0.061951
-0.010040
-0.003433
-0.014909
0.003682
-0.012510
-0.000453
0.005400
0.001290
-0.004934
0.032049
0.007641
0.055297
0.019993
0.006187
0.050634
0.011857
-0.001480
-0.001142
-0.003977
0.000684
-0.013706
0.001393
0.018626
0.018851
0.012728
0.083528
0.003577
-0.003580
0.002692
-0.015294
-0.001938
-0.000933
0.001240
-0.001336
0.017455
-0.008435
0.007902
-0.001269
-0.007169
0.050793
-0.068315
-0.014520
-0.022395
0.014493
0.015682
0.007206
0.008505
0.001651
-0.006982
0.000131
0.014765
-0.025280
0.016226
-0.011671
-0.019105
-0.027521
0.003584
-0.001678
-0.000731
-0.002280
0.025745
-0.000769
-0.011156
0.004447
0.031306
-0.016074
0.126830
0.067542
-0.006155
0.002763
-0.002508
0.016193
-0.010184
-0.002980
-0.005820
0.000431
0.006927
0.001173
-0.014677
0.013316
0.010756
-0.008541
-0.027520
0.003844
-0.002864
0.008672
-0.005865
0.011396
-0.007162
-0.014676
-0.010581
-0.001059
-0.018397
-0.027085
0.003102
-0.002193
0.001397
-0.001047
0.004425
-0.003519
-0.004932
0.056599
-0.018036
-0.001691
-0.007834
-0.010815
0.005232
-0.004123
0.000475
-0.009837
-0.012869
0.012612
0.002064
0.000976
0.004182
-0.001618
-0.017727
-0.009911
-0.005795
0.004061
0.008816
0.003778
0.000159
0.034048
0.009139
0.035048
0.037783
-0.000052
0.126674
-0.001675
0.011520
-0.008491
0.054672
-0.009159
-0.000073
-0.002982
-0.002129
-0.008341
0.013496
-0.009100
0.004152
-0.019420
0.041784
-0.022289
-0.008719
0.017695
-0.011918
-0.011443
0.001433
-0.002647
0.008834
-0.015515
0.000529
-0.006259
0.015839
-0.013689
-0.002075
0.016596
-0.008876
-0.008183
0.008387
-0.015857
-0.012467
0.001696
-0.020506
-0.000165
-0.012872
-0.003353
-0.006547
-0.004402
0.037674
-0.012102
0.006221
-0.019381
0.000965
0.071326
0.035326
-0.023247
-0.003400
0.016250
0.040746
0.025666
0.122638
-0.011952
-0.007869
-0.004895
-0.004826
-0.012638
-0.008022
0.009246
0.002237
-0.001174
-0.000491
-0.002297
-0.002455
-0.026275
-0.020291
-0.005985
-0.012202
-0.008239
-0.006164
-0.005910
-0.010918
0.007037
0.002404
-0.001238
0.000905
-0.001437
0.006576
-0.000523
-0.005784
-0.006106
0.003232
-0.011633
-0.012306
-0.019877
-0.002290
-0.009510
-0.003803
-0.004755
0.000457
0.001974
-0.007536
-0.017106
-0.001130
-0.005756
-0.003349
0.004767
-0.006795
-0.002090
-0.022740
-0.010452
-0.017677
-0.003159
-0.002968
0.000282
-0.008825
-0.023289
0.009008
0.005148
-0.015927
0.008436
-0.005732
-0.002383
-0.012113
-0.004245
0.018145
-0.000659
-0.015026
0.007680
-0.020280
-0.006316
0.005284
0.007354
-0.000056
0.017158
-0.001423
0.001155
0.007442
-0.013067
-0.009834
-0.009386
-0.009276
-0.002814
0.083022
-0.000598
0.001167
0.004201
-0.005191
0.002353
0.002952
0.001954
0.016440
0.010451
-0.003419
0.001436
-0.009144
0.012581
0.006156
-0.006851
-0.008781
-0.002699
-0.013874
-0.001049
0.001289
0.011880
-0.001144
-0.034875
-0.013012
-0.015257
-0.034110
0.007045
0.012056
0.035752
-0.001861
0.006722
0.009237
-0.002172
0.000780
-0.004833
-0.011118
-0.002380
0.014644
0.003778
-0.001621
-0.004846
-0.003309
0.003673
0.016263
-0.002496
0.009059
-0.004731
-0.002346
-0.025000
-0.018380
-0.000347
-0.030619
-0.006925
0.031470
0.004138
0.007363
0.002389
-0.050511
0.004091
0.010157
-0.001559
0.000782
0.000046
-0.004041
-0.005714
0.006779
-0.005068
-0.009184
0.003438
-0.006819
-0.016318
-0.003028
0.027356
-0.000986
0.005316
0.003798
-0.005755
-0.005593
0.014808
-0.006590
0.003782
0.012783
0.001393
-0.003803
0.005757
-0.004309
-0.009943
-0.002283
-0.002145
-0.003809
0.011125
-0.004837
-0.004651
0.016495
-0.003758
-0.011934
0.012049
0.005475
-0.008546
-0.006494
-0.005330
-0.031122
-0.004987
0.036224
0.002021
-0.050760
-0.002395
0.020866
0.048473
0.002127
-0.030182
-0.004650
-0.010965
-0.002756
0.012456
0.001278
0.006672
-0.014278
-0.019520
-0.031990
-0.001233
0.000248
-0.009125
-0.052463
0.001769
-0.040004
-0.000616
0.024925
-0.002682
-0.009594
-0.007533
-0.002887
0.004979
0.003168
-0.011720
0.011110
-0.003325
-0.002173
-0.003258
-0.000403
-0.007033
-0.001156
0.008922
-0.012871
-0.000210
0.000970
-0.004868
0.001010
-0.018579
-0.021424
-0.005910
0.011538
0.014272
-0.012814
0.013652
-0.010776
0.080759
0.011664
-0.004752
-0.001827
0.007148
-0.020372
-0.005111
0.279546
0.025609
-0.029640
0.014160
0.001207
-0.021488
-0.018085
-0.000522
0.007302
-0.002694
0.031064
0.003408
-0.005536
0.000762
0.010985
-0.056916
0.004853
0.013002
-0.006962
0.016968
0.007551
-0.022981
-0.002499
0.009283
-0.017610
-0.002506
0.057027
-0.008258
-0.012110
-0.042870
0.002282
0.003064
-0.000921
0.006254
0.008325
-0.005376
0.015089
0.010905
0.001227
0.005410
-0.001979
-0.016084
-0.016963
0.002897
-0.006873
-0.017488
-0.039677
-0.021935
-0.011720
0.001787
0.007265
-0.000114
-0.002317
-0.012767
-0.003439
0.004456
0.025651
-0.008061
-0.015517
-0.005130
-0.009018
-0.000903
-0.001912
-0.039379
0.007043
0.061387
-0.011947
0.011768
-0.007945
-0.008335
-0.004574
-0.024596
0.006077
-0.010268
0.005833
-0.001116
0.008537
-0.023272
-0.001767
0.000538
-0.028885
-0.011892
0.000036
0.000779
-0.008252
0.008226
-0.011204
-0.008076
-0.005601
-0.011552
-0.021725
-0.003683
0.023127
0.007946
-0.012531
-0.001881
0.000062
-0.003729
-0.024513
-0.002413
-0.004982
-0.002324
-0.000891
-0.004085
-0.003525
-0.003652
0.012653
-0.002953
-0.009332
0.059297
-0.002337
0.024437
-0.001454
0.010118
-0.015427
0.007035
-0.005201
-0.014118
-0.003231
-0.002830
-0.006348
-0.013613
-0.019537
-0.070367
0.019733
-0.005279
-0.056288
0.003209
-0.012213
-0.030934
0.009185
0.009041
-0.046519
0.059732
0.001851
-0.002556
-0.002088
-0.004370
-0.006515
0.020138
-0.000943
-0.002097
0.000567
0.013216
-0.045546
-0.016539
0.012153
-0.017013
0.024494
0.000609
-0.014703
-0.009704
-0.010329
0.017375
-0.020657
-0.011167
0.002066
-0.005984
-0.004661
0.102502
-0.032450
0.010841
0.008254
0.002885
-0.000872
-0.000727
-0.017819
-0.011895
-0.012706
0.001130
-0.001311
-0.003814
0.005873
-0.000925
0.001290
-0.006535
0.061965
-0.024525
-0.013006
0.193041
-0.023797
-0.019556
0.084567
0.004696
-0.002986
-0.016082
0.007956
-0.000043
-0.007903
0.024885
-0.029317
-0.014173
0.022881
-0.000401
-0.001450
-0.000228
0.016029
0.000908
-0.015332
0.008132
-0.028573
0.022624
0.001313
0.003092
-0.001792
0.011304
-0.026698
-0.004507
-0.005627
-0.002195
0.002876
0.002257
-0.013627
-0.028830
-0.000749
-0.005489
-0.010445
-0.020907
0.000008
0.003682
-0.002810
-0.011200
-0.008645
0.049199
-0.003338
-0.004726
-0.003795
0.010797
0.001020
-0.005707
-0.006156
-0.009472
0.004771
0.006541
0.003174
0.043453
0.005253
0.000302
-0.003263
0.036839
-0.014273
-0.004987
-0.002965
-0.002974
-0.001747
-0.012407
-0.000993
0.012412
0.039601
0.008181
-0.011912
0.016348
-0.002622
0.003293
-0.001092
-0.002707
0.007136
0.006005
-0.007559
-0.046638
0.001021
-0.008480
-0.005651
0.013985
0.059340
-0.015971
-0.001349
0.002000
0.005171
0.007512
0.006687
-0.035916
0.001125
0.017415
0.001384
0.001279
0.030055
0.004556
0.009654
-0.016967
0.006715
0.007439
-0.002722
0.000376
0.039866
0.006732
-0.001217
-0.000444
-0.002094
-0.001951
0.016865
-0.006943
-0.009908
0.008156
0.002221
-0.024209
-0.002029
0.002230
0.019263
-0.002763
-0.003206
-0.006048
-0.002942
-0.007192
-0.015708
0.000775
0.001173
-0.003452
-0.033944
0.018028
-0.024661
-0.010451
0.003136
-0.001568
0.002452
0.001519
-0.032316
-0.012622
0.006324
0.012596
-0.006254
-0.004627
-0.017520
-0.024756
-0.043330
0.001104
0.002662
-0.010093
-0.005248
0.000326
-0.000692
-0.014427
-0.003330
0.022347
-0.023278
-0.020832
0.000441
0.001155
-0.009615
-0.018994
-0.005334
-0.009708
0.028100
-0.020278
-0.002526
-0.000745
-0.000853
-0.000916
-0.014292
-0.006529
0.023223
-0.004722
-0.022677
-0.010089
0.009406
-0.003600
0.011176
0.007400
0.019971
-0.007207
-0.002140
-0.006111
-0.000509
0.033718
-0.011771
0.002074
0.042764
0.089994
0.073541
-0.002789
-0.013287
-0.017958
-0.003935
0.003447
0.014154
-0.006858
-0.007850
0.012443
-0.010710
-0.000696
0.004729
0.015831
-0.017698
0.001209
-0.001193
-0.007334
-0.002376
-0.012822
0.017554
-0.004133
-0.009508
0.004002
0.003256
-0.033860
0.001495
-0.000674
-0.009584
-0.002604
0.020273
-0.035834
-0.001401
-0.000498
-0.001294
-0.022462
0.011969
0.000255
0.009786
-0.019232
-0.001362
0.005249
-0.005846
-0.002773
-0.024653
0.037322
-0.004834
0.004524
0.003821
0.010741
-0.008931
0.001795
-0.000585
0.008455
0.001052
-0.008232
0.008887
0.005880
-0.001126
-0.000651
0.000363
0.009773
0.002163
-0.000375
-0.018974
0.003232
0.024594
-0.042164
-0.005153
-0.015607
-0.001501
-0.004119
-0.005013
0.010684
-0.021910
-0.027221
0.018977
0.006698
-0.007061
0.002580
0.004550
0.055707
-0.006747
0.000016
0.001265
-0.007027
-0.003609
0.009360
-0.009269
-0.002357
0.009608
-0.013611
-0.028775
0.011997
0.003243
-0.033245
-0.011703
0.026586
-0.020808
-0.023004
-0.000031
-0.005027
-0.004732
-0.004264
0.002550
0.003444
-0.005435
-0.001371
-0.011493
-0.008157
-0.025733
-0.001122
-0.003508
-0.000298
-0.004240
0.002869
-0.013169
-0.010291
-0.039379
0.011562
-0.003382
0.020554
0.003930
0.077157
0.001641
0.001953
-0.002926
-0.011781
-0.009835
-0.008395
0.085727
-0.004674
-0.042720
0.003006
-0.003901
-0.002101
-0.002804
-0.001993
0.017781
-0.000125
-0.007647
0.010664
-0.001997
0.002028
-0.010907
-0.007606
-0.004642
-0.012734
-0.013435
0.029821
-0.015802
-0.011332
0.077641
0.021944
0.057387
0.023412
0.013011
-0.026253
-0.000875
-0.002473
-0.006449
-0.005537
0.001553
-0.006127
0.013360
-0.025864
0.016794
-0.002805
0.012728
-0.014556
-0.005061
-0.003496
-0.018512
0.008419
-0.060810
-0.005658
-0.007505
-0.050403
0.077278
0.001362
0.009289
-0.001282
-0.005789
-0.003736
0.014211
-0.005620
0.005222
-0.016480
0.014786
-0.004821
-0.005168
-0.000163
0.012582
0.003287
-0.002489
-0.012391
0.016945
0.002425
-0.001804
-0.015100
-0.005036
0.000215
-0.019216
0.008780
-0.005268
0.004889
-0.000124
0.006542
0.001681
-0.001764
0.010107
0.004322
-0.009630
-0.002251
0.002297
-0.016547
-0.000358
0.008917
0.009641
0.001625
-0.000221
-0.008576
-0.002097
-0.000190
-0.000444
0.021596
0.002150
-0.026286
-0.008949
-0.006117
0.000305
-0.004791
-0.000305
-0.012351
-0.018033
0.004567
0.003848
0.001633
-0.010153
-0.037145
-0.011307
-0.006153
0.028585
0.029918
-0.008806
-0.043796
-0.005568
-0.035605
0.004895
0.002468
-0.023031
0.004046
-0.001075
-0.013635
-0.015279
0.013236
0.014838
0.064462
0.010352
-0.002265
0.001731
-0.005010
-0.000345
-0.011662
-0.003456
0.000477
0.003214
0.000279
-0.011535
0.059418
-0.019984
0.001315
0.001713
0.000199
-0.031108
0.009787
0.021861
-0.011761
-0.010649
0.020886
0.022065
-0.003495
-0.051761
-0.003781
-0.009311
-0.002076
-0.006411
-0.003096
0.002291
0.009099
-0.006707
0.006557
-0.000707
-0.006909
-0.002095
-0.000169
-0.003461
-0.028034
0.001035
-0.001720
-0.009135
-0.003428
-0.008908
-0.018271
0.004270
-0.005066
0.007993
-0.005022
0.001719
0.005922
-0.003065
0.035974
-0.002181
0.006283
-0.013447
-0.004689
-0.003241
-0.027042
-0.039457
0.028871
0.056071
-0.018991
-0.001758
-0.009264
0.004417
-0.010719
0.001390
-0.009120
-0.000811
-0.010075
-0.000523
-0.013701
0.001262
-0.006272
0.002849
-0.000482
0.002187
0.013092
0.001933
-0.001753
-0.007634
-0.004382
-0.002330
-0.012291
-0.003978
-0.003777
0.003387
-0.004575
-0.006365
-0.004140
0.000821
-0.006446
0.001910
-0.000130
-0.008341
-0.018732
0.009296
-0.008976
0.001536
0.009333
-0.025796
0.001510
-0.022465
0.041969
-0.005262
0.009799
0.009642
-0.017380
-0.002470
0.001834
0.010453
0.002605
0.017355
-0.000413
0.025809
0.003322
-0.001026
-0.000054
-0.003174
-0.002906
-0.001372
0.010442
-0.132239
0.023650
-0.003290
-0.031565
0.005426
-0.036645
0.002664
-0.004249
-0.008565
-0.004598
-0.004035
-0.014617
-0.018244
0.004883
-0.005178
-0.008664
-0.004273
-0.011737
-0.013477
-0.024012
-0.001728
-0.040169
-0.003425
-0.008239
-0.002400
-0.002477
0.006269
-0.006134
-0.004995
0.033836
-0.001413
0.021701
-0.000454
-0.003377
-0.007056
-0.006803
0.009603
0.002396
-0.013996
0.003771
-0.004120
0.003495
-0.090797
-0.006989
0.012517
-0.019655
-0.001563
-0.002641
0.004592
0.003772
0.005110
0.001967
0.008008
-0.001869
-0.007995
-0.002559
-0.010793
0.001269
0.025173
-0.034004
-0.031908
-0.007355
-0.001102
-0.006117
-0.000758
0.002835
-0.010240
-0.011276
0.004443
-0.030371
0.000001
-0.034582
0.005871
-0.040694
0.016954
-0.002418
0.008763
-0.025873
0.040566
0.012904
-0.010657
-0.002271
-0.003289
-0.013685
0.073363
-0.006673
0.001296
0.000583
-0.001692
0.008813
-0.018595
-0.019578
-0.004068
-0.000517
-0.012072
-0.004079
-0.002433
-0.005710
-0.004960
-0.052019
-0.004733
0.002694
0.008296
0.014591
0.013676
-0.003221
-0.008257
0.010715
-0.004913
-0.001024
-0.010254
0.001330
0.010293
-0.004421
0.004895
0.007682
-0.012057
-0.011584
0.009810
-0.005219
-0.006622
0.004436
0.008966
-0.008884
0.000832
-0.000024
-0.006088
0.009709
0.011515
-0.015395
0.032022
0.141415
0.006592
-0.010287
-0.000829
-0.022787
0.002708
-0.016818
-0.005276
-0.014285
0.010814
-0.081371
0.001510
0.011511
-0.006332
0.047083
-0.003015
-0.001027
-0.007179
-0.011797
0.006570
-0.000497
0.012572
0.032002
-0.007927
-0.008169
0.075310
-0.004598
-0.005987
-0.009047
0.003926
-0.025009
-0.008965
-0.006442
-0.007167
-0.000165
-0.004018
0.065071
-0.000951
0.002019
-0.000779
-0.020312
-0.038303
0.031388
0.003842
-0.004148
0.008677
-0.003258
-0.008028
-0.002507
-0.073997
0.019612
-0.000234
0.007429
0.042241
0.004301
0.026029
-0.000782
0.003357
0.016205
0.007156
-0.005222
0.002255
-0.005440
0.004603
0.029435
-0.005172
-0.023492
-0.001263
0.044616
-0.001052
0.003550
-0.023951
-0.000198
-0.000842
0.003144
-0.005204
-0.000361
0.008539
0.003092
-0.006890
-0.004795
0.012686
-0.002479
0.003515
0.012493
-0.009455
-0.004473
0.004641
-0.004856
0.000254
-0.018947
-0.000408
0.029920
0.024284
0.002430
-0.009690
-0.002521
-0.042292
-0.007442
0.014808
-0.000346
0.011609
-0.000695
-0.004009
-0.004205
-0.018046
0.061402
0.012049
0.006901
-0.000724
-0.004628
-0.002560
-0.006570
-0.002979
-0.018365
-0.007777
-0.000564
0.001321
-0.001871
-0.004704
0.002281
-0.017330
-0.016998
-0.002119
0.002314
0.000655
-0.002260
-0.008176
0.003709
-0.003827
0.024792
-0.003901
-0.020561
-0.001651
-0.013347
0.004310
0.006502
0.005861
-0.009656
-0.011732
-0.004998
0.010617
-0.010940
-0.016849
-0.007041
0.007744
-0.000926
0.004841
0.000118
-0.003289
0.002843
0.004069
-0.006601
-0.012632
-0.003398
-0.013226
-0.003665
-0.007983
-0.018157
-0.004410
-0.006359
-0.055910
0.006058
-0.006489
0.000514
-0.010147
0.000783
-0.000773
0.001617
0.001211
0.000889
-0.007235
0.011242
0.009432
0.009336
0.000688
-0.007082
-0.003403
-0.002369
-0.019760
0.001241
-0.002586
0.002980
0.007606
-0.013751
0.001987
-0.005985
0.000801
-0.009348
-0.039798
0.062457
0.005024
-0.004049
-0.010129
0.012232
-0.001930
0.003579
-0.015158
-0.006565
-0.006846
0.001795
-0.001377
-0.011392
-0.007520
0.018537
-0.006751
0.019265
0.112745
-0.025440
0.008018
-0.008884
-0.007007
0.002635
0.003321
0.127186
0.001470
-0.002640
-0.003784
-0.002916
-0.003427
0.003105
-0.009909
-0.012154
-0.055402
0.004977
-0.019751
-0.022595
-0.009033
0.002239
0.007484
-0.002157
-0.005281
-0.005558
0.013361
-0.012092
0.012426
0.004203
-0.001034
-0.009714
0.028205
-0.017831
-0.003801
0.007265
0.002664
0.002664
-0.016057
-0.005848
0.053179
0.006673
0.005880
0.000786
-0.013010
-0.003537
-0.008852
-0.007814
-0.013065
0.013282
-0.003665
0.002007
0.010265
-0.001923
0.000421
-0.006238
-0.004249
-0.011268
-0.004467
-0.004967
-0.006703
0.114844
0.073968
0.004813
-0.015302
0.005183
-0.003828
-0.000340
-0.004708
-0.004852
0.005085
-0.002021
-0.001807
-0.007867
0.008537
0.009136
0.005626
-0.017926
-0.018230
0.013819
-0.000252
-0.013022
0.006562
-0.001304
-0.001355
-0.007022
0.002669
-0.012409
-0.037289
-0.009562
0.033133
-0.012318
-0.003857
0.003878
0.000011
0.000348
-0.007149
0.005479
-0.014244
0.005425
-0.013519
-0.003044
-0.022993
-0.003067
-0.001084
0.009005
-0.001213
-0.007622
0.001605
0.002131
0.002327
-0.005720
-0.002218
-0.001270
-0.002670
0.002636
-0.001708
0.009856
-0.018292
0.004104
0.003964
-0.003061
-0.014500
-0.003008
0.060667
-0.009680
-0.002875
-0.004267
0.007587
-0.004595
-0.001220
0.006890
0.002003
-0.012182
-0.005830
-0.041707
-0.007358
0.004462
0.012179
-0.006149
-0.012800
-0.006111
0.004276
0.000469
-0.008860
0.010777
0.008488
-0.004271
-0.003644
-0.006889
-0.016378
-0.048167
0.011209
-0.054148
0.039734
0.029582
0.000586
-0.005686
-0.006427
-0.008341
0.002440
0.003567
-0.035421
0.017086
0.015574
0.000460
-0.000395
0.006045
0.017201
-0.006114
-0.018754
0.004698
-0.030551
0.003291
-0.001901
0.006631
-0.010809
-0.008283
0.000168
0.004530
0.001000
-0.006803
-0.001954
-0.000444
0.009945
-0.016088
0.002935
-0.007524
0.003089
-0.008977
0.002558
-0.005281
0.006030
0.009530
-0.000727
-0.001235
0.013118
-0.008836
0.000473
-0.008545
0.044269
-0.012581
0.007093
-0.012739
0.000781
-0.009712
0.003152
-0.004517
-0.008421
-0.001008
-0.003384
-0.003112
-0.007255
-0.024356
-0.046645
-0.000680
-0.001626
0.011309
-0.000068
-0.007152
0.034944
0.004693
-0.016933
-0.012366
-0.028777
-0.005713
-0.004278
0.136341
0.018252
0.087082
-0.008008
0.011355
0.001256
0.002536
-0.003463
0.011370
0.009323
-0.009564
-0.014131
0.003199
-0.017681
0.012118
-0.014621
-0.007314
0.007069
0.010176
-0.010199
-0.003918
0.000648
-0.011922
0.002705
0.007913
0.001942
0.000001
-0.032123
-0.002018
-0.004587
0.005078
-0.003550
-0.024044
-0.014663
0.013180
-0.007637
0.003059
-0.014744
-0.006107
-0.000429
-0.000501
0.003851
-0.006689
-0.005245
-0.006649
-0.013540
0.000970
-0.006723
-0.006734
0.005561
0.007309
-0.017864
0.009450
-0.001357
-0.013002
0.006831
0.012117
-0.027016
-0.006261
-0.002366
-0.008474
-0.010106
-0.005623
-0.007988
-0.000749
-0.010331
-0.004698
-0.007453
0.001099
-0.004962
-0.001272
0.006334
0.005009
-0.004377
0.005349
-0.003207
-0.009341
0.013623
-0.006194
0.001419
-0.004453
0.011609
0.001409
-0.006205
-0.005625
0.019915
-0.004744
-0.002174
-0.000965
-0.012370
0.000998
-0.005686
-0.021358
0.002713
-0.001982
-0.002271
0.007199
-0.010634
0.012260
-0.000049
-0.006368
0.007283
0.000013
-0.025574
0.005970
-0.003178
0.005322
-0.010205
-0.031772
-0.042311
-0.020574
-0.009932
-0.007393
0.003855
-0.073988
0.002183
-0.012417
-0.001002
0.006103
-0.000420
-0.005528
-0.003145
0.001265
-0.027323
-0.016958
-0.000089
0.001862
0.009867
-0.017630
-0.017778
0.004567
0.012411
-0.034088
0.000890
-0.001312
-0.051630
0.000488
-0.001025
-0.005855
-0.011909
0.108228
-0.007915
0.052773
-0.011434
0.001879
0.002792
-0.002866
-0.015633
-0.001896
-0.000911
-0.010161
-0.009000
0.012204
-0.016484
-0.035983
-0.010685
-0.024473
-0.007261
0.005261
-0.012816
0.017435
-0.005197
0.003590
-0.009338
0.000452
0.000732
-0.006704
-0.007549
-0.013409
-0.005684
-0.000463
-0.037377
0.008834
0.002408
0.012691
-0.000147
-0.001963
-0.020068
0.017669
-0.023761
-0.011446
-0.041821
-0.003936
-0.003890
0.001291
-0.014306
-0.007060
-0.008129
0.012644
0.007372
-0.012634
-0.008847
-0.016963
-0.009145
-0.005745
0.026424
-0.004837
-0.006645
-0.030412
-0.020251
-0.005432
0.013271
-0.000302
-0.009031
-0.065986
-0.003290
-0.015657
0.000329
-0.003425
-0.005573
0.008616
-0.081729
0.009932
0.007258
0.020053
-0.008640
0.005059
-0.079686
-0.005672
-0.001259
0.002012
-0.003130
-0.003338
-0.014737
-0.019868
-0.007987
-0.015926
0.068820
0.001928
0.058977
0.003636
-0.007428
-0.018635
0.005209
0.006201
-0.007653
-0.040883
0.014438
-0.013545
0.001113
-0.011702
0.000241
0.004939
-0.011290
0.018318
-0.003270
-0.004368
-0.011093
-0.017664
-0.007214
-0.010459
0.002160
-0.004031
0.007605
0.007039
-0.005432
0.001615
-0.009436
0.002166
-0.000452
0.005547
0.019513
0.003048
0.009783
-0.001946
-0.005438
0.003837
-0.004248
-0.009203
0.006067
0.002615
-0.002376
-0.008487
-0.012516
-0.013957
-0.004759
-0.011481
-0.004964
-0.004862
-0.003930
-0.016766
-0.003755
-0.002095
-0.001129
0.005870
-0.025691
-0.007016
0.021298
-0.000639
-0.010898
-0.003302
-0.002353
0.100969
0.052649
0.006436
-0.005685
0.030161
-0.033442
-0.000303
0.026606
0.002378
0.000080
-0.006226
0.026517
-0.008400
0.002867
-0.005882
-0.011519
0.007003
0.003641
0.009700
-0.000487
-0.004188
-0.003262
0.004277
-0.001762
-0.006440
-0.000632
-0.006142
-0.008989
0.013325
0.087032
-0.002247
-0.014415
-0.004218
-0.018111
-0.005974
0.003647
0.004483
0.005756
0.000545
0.007219
-0.003745
-0.016223
0.001035
-0.000072
0.004615
-0.010884
0.005972
0.007538
-0.000803
-0.012641
-0.007391
0.010397
0.003050
-0.001347
0.001360
-0.033837
-0.001391
-0.015217
0.002824
-0.003527
0.002895
-0.006175
-0.014862
0.003452
-0.009726
-0.003100
-0.003377
-0.000346
-0.012323
0.002294
0.001280
0.002240
-0.002415
-0.012089
-0.007036
0.001834
0.020549
-0.015991
0.009962
-0.003601
-0.004838
-0.001048
-0.004068
-0.004616
-0.007037
-0.007353
-0.000964
-0.012963
-0.005046
0.005159
0.004026
0.001985
0.016624
0.001152
0.045805
-0.011254
0.001558
-0.011095
0.002257
-0.005288
-0.058859
0.000746
-0.017549
-0.014937
0.003619
-0.064933
-0.007690
0.004336
-0.015917
0.006691
0.009634
-0.003268
0.133777
0.014106
0.002640
-0.001062
0.016602
0.079671
-0.007685
0.032430
-0.000262
-0.001935
-0.000097
0.013013
0.009697
-0.023798
-0.003890
0.004540
0.001700
-0.009556
-0.015158
-0.006580
0.003731
0.002633
0.013740
-0.005656
0.009034
0.009806
0.001166
0.000497
0.008450
-0.002406
-0.031313
0.001117
-0.006643
-0.001006
-0.007003
0.014097
-0.005671
-0.000932
0.003495
-0.000406
-0.005462
-0.006383
-0.002205
-0.004154
0.015454
0.020456
-0.008810
0.004961
0.017793
-0.012165
0.003593
-0.003747
-0.003811
-0.032890
-0.048557
-0.008558
-0.004918
-0.006049
0.001320
0.010888
-0.007836
0.030124
0.001238
0.007754
0.010902
-0.001848
0.007795
-0.039541
-0.000021
0.000072
-0.004041
0.003051
0.001119
0.003983
0.007443
0.036738
0.007716
-0.002668
-0.008326
0.027602
0.004303
0.000049
-0.014584
-0.003953
0.001396
-0.007727
0.036743
0.003846
-0.001596
-0.005503
0.001332
0.052755
-0.073411
0.015310
-0.000440
-0.012436
0.049300
0.007425
0.001772
-0.003636
-0.005729
-0.001637
-0.004788
0.007359
-0.000974
0.005201
-0.004920
0.002234
0.002383
0.000471
-0.009172
-0.005198
-0.003137
0.005636
0.009266
-0.000400
-0.002255
0.001646
0.010305
0.014008
-0.009512
-0.017176
0.001646
-0.004197
-0.004285
0.008882
0.005244
0.003858
-0.008585
0.004782
0.010465
-0.001710
0.005698
-0.003401
-0.010408
-0.005019
-0.003595
-0.001539
0.000778
0.013362
0.003626
0.000836
0.007928
0.002326
-0.012020
-0.007107
0.002010
-0.003295
0.004460
0.005838
-0.003520
-0.024962
0.011765
-0.004076
0.001938
0.024000
0.001263
-0.007038
0.006589
-0.010671
0.002505
0.010233
-0.007081
-0.017360
-0.005607
0.003503
0.029534
-0.006752
0.001048
0.001143
0.002096
-0.010327
-0.022682
-0.012717
-0.002254
-0.009352
-0.007257
0.003689
-0.024525
0.013044
0.010426
0.014624
0.027589
0.014996
0.000116
-0.032772
-0.031288
-0.007156
-0.005786
-0.012448
-0.003316
-0.016206
-0.018795
-0.008732
-0.022226
-0.002360
-0.016199
-0.035146
0.002263
-0.004136
0.031302
0.000402
-0.005571
0.089048
-0.018068
0.026400
-0.012029
-0.001460
0.002185
-0.022742
-0.007792
-0.000874
0.002059
0.006064
-0.003730
-0.005905
-0.000942
-0.010708
-0.044484
0.000892
-0.028151
-0.023194
-0.101188
-0.081922
-0.021453
-0.020461
0.000076
-0.006433
0.005817
0.025658
-0.009413
0.008210
0.018230
0.036810
0.004730
0.005527
0.001175
-0.017971
0.001356
0.003120
0.005443
-0.012190
0.001414
0.000417
0.007705
-0.016430
-0.003842
0.000389
-0.003728
0.005023
-0.022328
-0.044375
-0.007501
0.010215
-0.031390
-0.006877
0.018115
0.046684
-0.002901
0.020360
-0.001599
-0.023642
0.000662
-0.014009
-0.075157
-0.022464
-0.010713
0.008169
0.004642
-0.014352
-0.012822
-0.030883
0.002801
-0.021446
-0.000965
-0.009653
-0.000724
0.032072
-0.010291
-0.001950
0.013611
-0.002807
-0.005855
0.001817
-0.000497
-0.007560
0.001625
-0.035659
-0.001641
-0.024605
0.001425
0.000696
-0.061475
-0.029135
0.003476
0.001160
0.006003
0.044407
0.018374
-0.007654
0.008832
0.031461
-0.012357
-0.004908
0.041201
-0.015915
0.093817
0.010571
0.009644
-0.001322
0.043095
-0.000997
-0.005433
-0.019460
0.003239
-0.026281
0.045335
-0.000388
-0.025675
0.022136
-0.012268
0.004549
0.004343
-0.023104
-0.002643
-0.013449
-0.037518
-0.017383
-0.036454
-0.038938
-0.013978
0.005769
0.001307
0.067944
0.011802
-0.002690
-0.014260
-0.020623
0.011255
0.009435
-0.003586
-0.022993
-0.000339
-0.002598
0.003996
-0.013616
-0.009819
0.002775
0.006245
-0.032899
0.011938
-0.011803
0.008322
0.031818
-0.016445
0.013610
-0.012496
0.022717
0.068099
-0.033124
-0.012693
0.003576
0.003702
-0.004276
0.026486
-0.052622
0.071818
-0.099215
0.079456
0.089465
-0.085599
-0.022948
0.006263
-0.018248
-0.016233
-0.003958
0.007253
-0.008117
0.049549
0.003772
-0.017220
0.017102
0.001888
0.008920
-0.005459
0.076520
-0.060437
-0.000687
-0.000691
-0.021651
-0.013797
0.010001
-0.020181
0.061312
0.008993
-0.032099
-0.015339
0.006386
0.007240
-0.003781
-0.001824
-0.000852
-0.007628
-0.006324
-0.012334
0.004275
0.000094
-0.008382
-0.003467
-0.002079
-0.013198
0.002230
0.069972
-0.005477
-0.049340
-0.016839
0.019668
0.005568
-0.008337
-0.004238
0.055337
0.000627
0.006104
0.000970
0.000032
0.004329
0.000493
-0.005269
-0.010634
0.007004
-0.012545
-0.001323
-0.005671
-0.010143
0.003384
-0.011224
-0.001545
0.013681
0.001968
-0.011685
0.003427
-0.007847
0.006792
-0.025869
-0.001852
-0.002403
-0.000098
-0.009215
-0.001087
-0.003589
-0.001865
-0.008112
-0.010026
-0.000204
-0.000497
-0.010947
0.000473
0.005496
-0.000819
-0.007637
0.012159
-0.007898
0.003597
-0.007200
-0.019062
-0.010592
-0.006507
-0.015926
0.002875
-0.002531
-0.015750
-0.008758
0.090815
0.094192
-0.003674
-0.000640
0.007948
-0.005739
-0.018637
0.016223
0.014426
0.068843
0.014628
-0.008911
0.053211
-0.027605
-0.006847
-0.011217
0.006411
0.041547
0.008560
0.033742
-0.041105
0.039641
-0.005607
-0.004568
0.028845
0.065797
0.016122
-0.005090
0.033200
0.001749
0.014060
0.100349
0.060498
0.123979
-0.052756
-0.017067
0.101677
0.007773
0.005974
-0.009716
-0.004418
-0.011284
-0.010352
0.022653
0.058536
-0.001144
0.002660
-0.006674
-0.008042
-0.007425
-0.001335
0.004663
-0.001709
-0.003538
-0.005494
0.003343
0.012703
0.141029
-0.007027
0.003506
0.013455
0.013122
0.034250
-0.001662
0.014951
-0.000794
0.001474
-0.023769
-0.013993
0.004038
-0.004001
0.000477
0.010090
0.000838
0.012042
0.000584
0.001121
-0.003055
0.001360
0.005102
-0.007986
-0.002591
0.061444
0.002830
-0.017891
0.000516
-0.003110
-0.016519
-0.001922
-0.008978
0.000914
0.012575
0.031287
0.008139
0.009533
0.077541
-0.016642
0.024186
-0.030626
0.005204
-0.012601
0.001259
0.003114
-0.044577
-0.013609
-0.020934
-0.007767
0.026681
0.020820
-0.000458
0.005274
0.000228
0.001215
0.139402
0.000456
-0.014786
0.005645
0.010165
-0.016656
0.001247
-0.002974
-0.003206
0.000328
0.012655
-0.006370
-0.000146
-0.009829
0.013717
0.005460
0.006452
0.000245
-0.002583
-0.024299
0.020872
-0.000141
0.012155
-0.003410
0.001489
-0.011955
-0.059120
-0.024521
-0.002141
0.009171
0.012045
-0.000458
0.005015
-0.024566
0.003062
-0.006891
0.079975
0.015071
-0.036264
-0.001489
0.061044
-0.009736
-0.018815
-0.011726
0.001178
0.003037
0.012912
-0.004532
-0.008289
-0.002691
-0.075629
0.005376
-0.022956
-0.000384
0.015187
-0.004929
0.004907
-0.005756
0.006141
-0.015361
-0.005060
0.006600
0.007937
-0.012841
0.080560
-0.021333
-0.018869
0.000342
-0.005266
-0.009375
0.003434
0.004519
-0.001688
0.012655
-0.000597
-0.002746
0.004538
0.061013
0.033070
-0.003201
-0.022504
0.073717
-0.017440
-0.000972
0.002093
0.011645
0.059674
0.012161
-0.005842
-0.016114
-0.003232
-0.021979
-0.007239
-0.034853
0.038187
0.007039
0.010491
0.006282
0.240790
0.005502
-0.019935
0.007953
0.002379
-0.007864
-0.001783
-0.014008
0.037749
-0.008101
-0.002082
-0.030432
-0.012035
-0.002732
0.004368
-0.010627
0.001704
-0.004431
-0.027623
-0.008604
-0.013756
-0.005044
0.096717
-0.005833
0.018260
-0.005689
0.036290
-0.012136
-0.029025
0.014298
-0.013695
0.005603
-0.020272
0.004389
-0.008985
0.007010
-0.007231
-0.004013
-0.003722
-0.033108
0.029634
-0.007914
-0.000036
-0.008273
0.008227
-0.021903
-0.023132
-0.107532
-0.025863
-0.014643
-0.005985
0.010744
0.009740
0.004253
0.006495
0.020276
-0.007477
-0.012375
-0.000498
-0.008824
0.004020
-0.009473
-0.017174
0.006002
0.009932
-0.009532
-0.015952
-0.029252
0.002729
-0.007908
-0.007142
-0.010834
-0.000922
-0.005656
0.007798
-0.006971
-0.000869
-0.000466
0.010209
-0.035994
-0.033455
-0.003446
0.010772
-0.010327
-0.013890
-0.030805
-0.010724
0.224760
0.067992
0.282603
0.240483
-0.003636
0.024266
-0.042883
0.021398
-0.017501
-0.020933
-0.008777
0.004089
-0.019711
0.005719
-0.025654
0.004124
0.018093
-0.011694
0.001745
-0.001619
0.005755
-0.003621
-0.004321
-0.003424
-0.005816
0.003679
-0.000196
-0.009643
-0.004458
-0.009910
0.077956
-0.000675
-0.053164
-0.029927
-0.006345
-0.047250
-0.002525
-0.000389
-0.007428
0.003602
0.023008
0.008085
0.069249
0.001852
-0.020353
-0.000245
0.001139
0.001885
-0.000537
-0.028048
0.013651
0.031660
0.006732
-0.024738
-0.010159
-0.002467
0.059051
0.005307
0.003784
-0.025951
0.013946
-0.012082
-0.037649
-0.013884
0.080077
-0.015395
-0.016049
-0.003134
-0.007034
0.024756
-0.011394
-0.012583
-0.044474
-0.009681
0.015495
0.007055
-0.004523
-0.000998
-0.004660
0.000661
-0.002713
-0.005630
-0.002026
-0.009755
0.005670
0.009494
-0.016884
0.004018
0.046829
0.066588
-0.015142
0.004818
-0.034311
0.001114
-0.001192
-0.004680
0.002360
0.002381
-0.002027
0.023328
-0.000746
-0.002759
0.024654
-0.005643
-0.001753
0.014635
-0.014042
0.003749
-0.004576
-0.013882
0.001655
0.002811
0.001940
0.003000
-0.010631
-0.005427
0.005156
-0.008342
0.003440
0.085017
0.012187
0.002495
-0.016132
0.166790
-0.015089
-0.023648
-0.001282
0.008913
-0.006356
-0.016509
-0.022285
0.088826
0.021407
-0.009487
-0.008990
-0.005326
0.009340
-0.003582
0.005817
0.009514
-0.006137
-0.002763
-0.006845
0.007449
0.003561
-0.026588
0.000074
-0.006615
-0.024765
-0.008192
0.006365
-0.017328
-0.000902
0.051344
0.028626
0.004173
0.081228
-0.015699
-0.029889
-0.012248
-0.001994
0.002789
-0.004321
-0.006628
-0.035127
-0.036330
-0.011751
-0.000305
0.002384
-0.004627
0.036108
-0.001483
-0.014885
0.078832
-0.011334
0.143429
-0.004822
-0.019125
-0.012047
0.012723
-0.037278
-0.025924
-0.020008
-0.015430
0.006028
0.010651
-0.017514
0.058108
-0.023149
0.006544
0.023064
0.000328
-0.000936
0.025667
0.086077
-0.000139
