0.004344
0.003759
0.010926
-0.011597
0.008534
0.045414
-0.001357
-0.008573
0.001985
-0.001735
-0.000336
-0.016085
0.000239
0.007621
-0.008337
0.010187
-0.027016
0.005617
0.027685
0.002245
0.015567
-0.004847
-0.001044
-0.007221
0.014327
0.001095
-0.021043
-0.017688
0.021276
0.001397
-0.010059
0.007994
0.003056
0.002419
0.012037
0.002238
0.011369
0.001931
-0.008922
-0.002581
-0.003914
-0.003019
-0.004109
-0.004226
-0.011816
-0.018850
0.000675
0.002454
-0.016986
-0.002721
0.012985
0.003802
-0.000752
0.011582
0.004893
-0.002354
-0.008012
-0.005397
-0.001490
0.018840
0.008483
0.011345
-0.006022
-0.022987
-0.003663
-0.000393
-0.006528
-0.000784
-0.005626
0.004234
0.002870
-0.005739
-0.000042
0.008589
-0.001631
0.002192
0.003428
0.008323
0.003115
-0.001296
-0.009200
-0.018848
0.006502
-0.028100
-0.017181
-0.007663
0.003080
-0.014918
0.007146
-0.002867
-0.018987
0.000875
0.016086
-0.008185
-0.017122
0.018464
0.001514
0.029300
-0.008276
-0.011255
0.031879
0.032952
-0.007469
0.002374
0.004562
0.004054
-0.007379
-0.000761
-0.004444
-0.002760
0.003334
-0.012435
-0.002637
0.010628
-0.001768
0.001122
0.008941
0.000000
0.003364
0.000000
-0.003884
0.000000
-0.000758
0.000000
-0.004884
-0.000023
0.002698
0.003682
0.013230
-0.018755
0.082706
0.016441
-0.004048
-0.001495
-0.004980
0.015477
-0.009072
-0.018198
-0.016274
0.008642
0.005917
0.000769
-0.005517
0.028482
-0.011054
-0.021325
0.008801
-0.003924
-0.000792
-0.005543
-0.015770
-0.007616
0.045008
0.045706
0.005743
0.010649
-0.006117
0.022113
0.022581
0.002542
-0.009910
-0.016488
-0.012849
-0.037008
0.000000
0.000000
0.000000
0.000000
-0.003683
0.002927
0.011281
0.000000
0.000000
0.000000
0.000000
0.000000
0.000000
-0.026887
-0.000551
-0.021131
-0.001350
0.013702
-0.012957
0.034211
0.000000
-0.023316
0.011928
0.004441
0.015169
0.000000
-0.027110
0.001051
0.010823
-0.010355
-0.008683
0.009286
-0.001919
0.000139
-0.002369
-0.007486
-0.007771
-0.001755
0.050490
0.005111
0.008811
0.072461
-0.001493
0.013694
0.000000
0.000000
0.000000
0.008712
-0.017599
0.015554
-0.029596
0.000251
-0.015578
0.000000
0.000000
0.000000
0.000000
0.000000
0.000000
0.000000
0.000000
0.001891
-0.005660
0.011347
0.011519
-0.009775
-0.002630
-0.036102
-0.016463
-0.012174
-0.007973
-0.004921
0.003037
-0.017092
-0.020051
0.001983
0.000243
-0.026519
-0.000736
-0.016986
0.024805
-0.011541
-0.019695
-0.005507
0.009075
-0.009350
-0.017493
0.022538
0.002349
-0.028932
0.003366
0.029449
0.150571
0.001878
-0.004062
-0.003703
0.024156
-0.000940
-0.049715
-0.007862
0.008574
-0.010336
0.010620
0.014564
0.000751
0.003279
-0.017363
-0.031196
0.003755
-0.001869
-0.010108
0.016918
-0.024246
0.015423
-0.010041
-0.002255
-0.007002
-0.010733
-0.000374
0.007973
-0.020321
0.011612
-0.007276
-0.006586
-0.011662
-0.011564
-0.000858
-0.000887
-0.010775
-0.014435
-0.002564
0.000821
0.005062
-0.008959
0.018079
-0.008123
-0.008233
-0.019147
0.007892
-0.007919
-0.045843
-0.031753
-0.018767
-0.038952
0.000000
-0.005730
-0.007568
-0.007651
-0.004370
-0.009915
-0.007316
0.001117
0.006500
0.000218
-0.001818
0.014151
0.003804
-0.003465
0.001931
-0.001384
0.000603
-0.000098
0.014401
-0.008803
-0.019403
0.026066
-0.010900
-0.018841
0.045480
-0.025192
-0.035295
-0.000401
0.001590
-0.005085
0.005321
0.009327
-0.028327
-0.003577
-0.002636
-0.006359
-0.010224
-0.004648
0.009726
-0.010639
-0.009167
0.000000
0.001344
-0.001743
-0.008819
-0.004632
0.004290
-0.000724
-0.001100
-0.002645
-0.004527
-0.007422
0.002579
-0.006781
0.032377
0.014062
-0.001125
-0.002664
-0.002849
-0.029857
-0.008545
0.012600
-0.018342
-0.040021
-0.035417
-0.036497
-0.007817
-0.019255
-0.003376
-0.017220
-0.007912
0.000364
-0.001897
-0.005297
0.000212
-0.008093
0.008731
0.001427
-0.015232
0.189160
0.003966
-0.011598
0.009788
-0.030784
0.005723
-0.030772
0.041682
-0.007424
0.005210
-0.003400
0.006982
-0.002703
-0.006791
-0.000676
0.017834
0.003770
0.000000
0.006926
-0.004081
-0.001816
-0.009424
0.010263
0.017406
-0.014370
-0.017002
-0.003292
-0.021096
-0.000578
0.002297
-0.014214
-0.001511
-0.001468
-0.009306
-0.001771
0.011426
-0.013762
0.044359
-0.027807
-0.015599
-0.003756
-0.006182
0.004333
-0.002961
-0.015457
-0.006049
-0.009302
-0.002040
-0.000185
-0.010040
0.000317
0.064119
0.011180
0.007952
-0.009361
-0.002000
0.003089
-0.019744
0.005572
-0.012197
0.003428
0.009482
-0.001739
-0.012123
-0.000888
0.011213
0.008791
0.000722
-0.006118
-0.027293
-0.009667
0.020291
-0.002886
0.005397
-0.010518
0.000324
-0.002298
-0.000231
-0.000725
-0.003518
0.001144
-0.014384
-0.033538
0.008602
-0.004993
0.000882
-0.006485
-0.020680
-0.002968
-0.001948
-0.007942
-0.015522
0.004831
-0.019071
-0.007475
-0.006335
-0.018967
-0.011903
0.030189
0.065516
0.007638
0.065046
0.072321
-0.015638
-0.004914
-0.004970
0.004452
0.013017
-0.028586
-0.011285
-0.014547
-0.018096
0.001721
0.020263
0.001640
-0.038143
-0.014149
0.033359
0.109673
0.038373
-0.003429
0.009101
-0.011103
0.061575
0.018468
-0.003612
-0.028690
-0.000087
0.010750
0.114876
-0.024727
0.007889
0.013275
0.004112
-0.029010
0.005868
-0.005012
-0.007586
0.002288
0.003699
-0.016465
-0.017535
0.011969
0.000834
-0.011008
0.006447
-0.004158
0.012525
-0.005887
-0.015231
-0.006792
-0.015136
0.002104
0.035540
-0.049723
-0.012905
0.012402
-0.018027
0.024965
-0.003245
-0.012505
0.000131
0.000366
0.009656
-0.006062
-0.009823
-0.023311
-0.014825
-0.013613
0.003615
0.005561
0.012189
-0.001597
0.004837
0.014546
0.006335
-0.025235
-0.012087
0.029717
0.006425
0.025612
-0.003591
-0.010455
-0.036903
-0.004206
0.001140
-0.009966
-0.012199
-0.010490
-0.014400
-0.016346
-0.016197
-0.000725
-0.004938
-0.000230
0.004704
-0.005948
-0.004283
-0.007921
-0.016464
0.002154
-0.007531
-0.037266
0.001354
-0.002805
-0.011343
0.009108
0.007814
0.004004
-0.029351
0.005159
-0.002453
0.011294
-0.005080
0.006745
-0.006053
-0.004078
0.012027
-0.017768
0.020698
-0.006987
-0.007122
-0.001267
-0.008206
0.011654
-0.014010
-0.013241
0.019390
-0.031027
-0.024289
0.017528
-0.011827
0.012048
-0.020370
-0.003235
0.014458
0.017433
-0.011451
0.018425
-0.003468
0.014719
0.026600
-0.025011
0.017556
-0.016548
-0.012270
-0.014598
-0.002611
-0.004507
-0.017321
-0.024679
0.033257
0.016105
-0.000391
-0.012486
0.007091
0.012138
-0.007847
0.001425
0.012828
-0.008469
-0.014203
-0.008610
-0.031538
-0.002056
-0.013160
0.000128
-0.006648
0.033748
0.094167
0.012218
-0.003001
-0.004853
0.014111
-0.007248
0.003861
-0.043436
-0.005742
0.025584
0.001325
0.003895
-0.018808
-0.002215
0.001905
-0.000725
-0.002185
0.010144
-0.022300
-0.000817
0.020921
0.008660
0.011495
0.006963
-0.010836
0.006882
-0.015350
0.003661
-0.002881
0.105350
-0.029278
-0.022952
-0.005183
-0.005355
-0.020510
0.000413
0.005387
-0.011349
-0.018257
-0.023087
0.000155
0.014835
0.003846
-0.001747
-0.023252
-0.008470
0.012226
-0.002381
-0.010547
0.032753
-0.017751
0.007998
0.000578
0.016344
-0.021266
0.008250
0.010668
0.014473
-0.043346
-0.014765
0.005352
0.000000
-0.018614
-0.014739
-0.003697
0.020167
0.005488
-0.005342
0.015904
0.002729
-0.006820
0.011913
0.017933
0.008249
0.005974
0.014645
-0.001783
0.055416
-0.001580
-0.002357
0.151578
-0.051498
0.003143
-0.011836
-0.044871
-0.041629
-0.019798
-0.052313
0.023964
-0.001079
0.013646
0.002717
0.000692
-0.019437
-0.006960
-0.012531
-0.004602
0.000774
-0.009686
-0.018639
-0.016497
-0.016299
0.018182
0.012595
-0.003023
0.008859
-0.002534
-0.010188
-0.000044
-0.000543
0.016674
-0.001105
-0.005943
0.049210
-0.036122
-0.023960
0.003125
-0.002764
-0.002880
0.000701
-0.016846
-0.002714
-0.015047
0.018838
0.016764
-0.010389
0.000706
0.006226
0.011522
0.002806
0.054531
0.039706
-0.004492
0.049491
-0.011177
0.027863
-0.003701
0.005648
0.015314
-0.014796
0.006178
-0.017120
-0.007879
0.150615
0.014498
0.009816
-0.034931
0.003920
-0.003855
-0.008923
-0.005380
0.008688
0.054267
-0.000470
0.000000
0.034666
-0.013678
0.022502
-0.001876
-0.004268
-0.000628
-0.021695
-0.020232
0.004068
-0.004829
-0.017274
0.006297
0.005189
-0.000873
-0.017428
-0.015094
-0.025470
0.002163
-0.003894
0.003127
0.003256
-0.000618
0.001131
-0.008187
-0.016972
-0.012589
-0.014385
-0.012982
-0.010157
-0.008619
-0.015683
-0.005475
-0.007279
-0.008892
0.011820
0.003668
0.001230
-0.019306
-0.035229
-0.007086
0.008439
0.010889
0.002050
0.000008
-0.008982
0.005123
-0.017573
-0.002323
0.000839
0.178749
0.018269
-0.009545
0.000124
-0.016763
0.019253
-0.026744
0.020998
0.010788
0.028008
-0.015128
-0.013034
-0.002663
-0.008955
-0.002450
-0.011138
-0.006713
0.001447
0.006876
0.042550
-0.009704
0.000295
-0.014165
0.025220
-0.009071
0.002717
-0.006926
-0.004515
-0.020678
-0.049755
-0.006385
-0.034217
-0.006780
0.038412
0.007119
-0.001970
-0.001480
-0.000911
0.011337
-0.011411
-0.017386
-0.015310
0.003621
-0.018178
-0.003890
-0.013990
-0.000387
-0.004343
-0.009955
-0.003140
-0.004813
-0.004323
0.003415
-0.023398
-0.006246
-0.027227
0.016249
0.015606
-0.009909
-0.021397
-0.022259
-0.002313
0.007010
-0.006837
-0.030554
-0.006346
-0.014223
-0.013168
-0.009406
-0.006124
-0.039865
-0.014693
-0.022290
-0.002989
0.020377
-0.006165
0.008948
0.013902
-0.008094
0.017429
-0.009339
0.011772
0.000916
-0.006129
0.005843
-0.009192
-0.018271
-0.006175
-0.003954
-0.002608
-0.010594
-0.027924
0.012623
-0.022123
-0.001484
0.000702
-0.004328
-0.023165
-0.013101
-0.001898
-0.010900
0.006315
-0.011784
0.003601
-0.031590
-0.017174
0.017269
0.023664
0.004022
0.002365
-0.001847
-0.020197
-0.014227
0.002149
-0.007039
-0.001784
0.096440
0.096298
-0.018917
-0.010507
-0.004270
-0.026772
-0.007608
-0.010691
0.005587
0.020413
-0.009153
-0.009932
0.004606
-0.015543
-0.011072
-0.023282
-0.011830
-0.025455
-0.008336
0.053951
-0.001793
0.005563
-0.009776
-0.044806
-0.016203
-0.009218
-0.004047
0.001806
-0.020539
-0.002775
0.019325
-0.040660
-0.002030
-0.014044
-0.002930
0.002408
0.071385
-0.012176
-0.007139
0.000554
-0.012838
0.002216
-0.012486
-0.003389
-0.009437
0.133313
-0.018168
0.001795
-0.006878
-0.018077
-0.005753
0.005210
-0.000331
0.009234
-0.005065
0.027992
-0.004881
0.027032
0.009275
0.021277
-0.022668
-0.011849
0.007190
0.015110
-0.007334
-0.007638
0.016747
0.008365
-0.014410
-0.005613
-0.006927
-0.005155
0.004900
-0.012062
0.017947
-0.007086
-0.007316
0.030028
-0.012896
-0.017914
0.079216
-0.006465
-0.003008
0.000361
0.017545
0.002060
0.000622
-0.011090
-0.008994
-0.006509
0.003694
0.011878
0.013626
0.001131
-0.004397
0.016149
-0.013766
-0.020090
-0.016109
-0.013390
-0.016410
-0.018487
-0.028627
-0.007320
0.015403
-0.017944
0.006259
-0.000151
0.036871
0.002858
-0.024703
0.005936
0.028298
0.024368
-0.014347
-0.001812
0.004879
-0.022722
-0.029346
-0.009409
-0.008059
0.010612
-0.005639
-0.020252
-0.012739
-0.010466
-0.001944
-0.010369
-0.021588
0.024448
-0.006574
-0.015565
0.004846
0.009075
0.004285
-0.023502
-0.014341
-0.003624
-0.002200
-0.001646
-0.004824
-0.000766
-0.004232
-0.005481
-0.009080
-0.020130
-0.018539
0.033848
0.117497
0.027015
-0.002880
-0.000915
-0.026109
0.002464
-0.019267
0.012585
0.005294
-0.017483
0.003364
-0.008682
0.020809
0.009072
-0.006704
-0.010000
0.005097
-0.023212
0.000000
-0.055353
-0.001019
0.031123
-0.016629
-0.009481
-0.000207
0.002275
0.027543
-0.010439
0.026252
-0.001761
0.043341
0.006872
0.002862
0.000306
-0.018598
0.013109
0.014832
-0.014113
-0.022442
0.008985
0.002910
-0.007103
-0.002244
-0.001436
-0.001236
-0.006643
-0.021987
0.009081
0.008144
0.002964
0.000841
0.000984
0.000000
0.005427
0.015210
0.137338
-0.003297
-0.003522
0.012263
0.008757
0.019168
-0.010320
0.001737
0.000000
0.002671
0.014345
-0.006005
0.001815
-0.014206
0.011441
0.011801
-0.006782
0.016851
0.000000
-0.004891
-0.025384
-0.002816
0.003981
0.018726
-0.006158
-0.030864
-0.008323
-0.004756
0.004808
0.006142
0.035398
0.002604
-0.018274
0.009795
-0.007854
0.054041
-0.000295
0.074190
-0.051767
-0.012647
-0.012836
-0.028618
-0.007561
0.014472
-0.007578
-0.014312
-0.009743
-0.010186
-0.016168
0.019708
0.000558
-0.023299
-0.008652
0.021731
0.011922
-0.030119
-0.008607
-0.041644
-0.013247
-0.002211
0.020886
-0.011288
0.066046
-0.001465
0.026903
-0.003083
-0.013529
0.007155
-0.010593
-0.013520
0.024066
-0.000426
-0.021217
0.001523
-0.006488
-0.004746
0.040372
0.032393
-0.004068
-0.027575
-0.013504
-0.006889
-0.007096
0.006910
-0.001978
0.013626
-0.009108
-0.002832
-0.001289
0.008064
-0.000761
-0.025983
-0.004404
-0.021926
0.003610
-0.006323
-0.005078
0.009529
-0.025893
0.034142
0.000936
0.011133
-0.003942
-0.049957
-0.007308
-0.003023
-0.000837
0.005181
-0.011606
0.016639
0.006943
0.017539
-0.010733
-0.012707
-0.003255
-0.011625
-0.014712
0.007879
0.029996
-0.017957
-0.007977
0.019541
-0.018114
-0.004101
-0.005675
-0.001943
0.010332
-0.023482
0.019840
-0.001196
-0.010634
0.013829
0.014334
-0.010447
-0.010911
-0.012683
-0.000783
-0.025044
-0.021894
0.012012
0.000271
-0.005663
-0.005067
-0.003134
-0.002910
-0.026169
0.011911
-0.017754
-0.013340
-0.002003
0.002179
-0.020142
-0.010736
-0.004068
0.014316
0.002766
-0.018996
-0.001979
-0.001914
-0.010046
-0.021562
0.014822
-0.002143
0.007848
-0.041437
-0.000291
0.008245
-0.009468
0.003637
-0.009641
-0.012326
-0.004998
-0.005733
-0.001606
-0.024980
-0.018961
0.018167
-0.025716
-0.025897
0.011885
-0.000218
0.030047
-0.009097
-0.002958
-0.010789
0.007306
0.013306
0.001139
0.020352
-0.025099
-0.007540
0.011165
-0.006576
-0.013727
-0.013752
0.002858
-0.000187
0.004610
-0.004326
-0.014948
-0.004513
-0.023240
-0.009983
-0.007572
-0.006369
0.004355
0.007492
0.011418
0.009017
0.035656
-0.003151
0.000807
-0.003534
-0.034277
0.004834
-0.018980
-0.010717
0.002467
-0.010677
0.001495
-0.014735
0.013091
0.031617
0.002299
0.002057
-0.003487
0.008629
-0.002579
-0.012920
-0.020842
-0.028530
-0.007616
-0.014590
-0.009981
-0.009864
0.012410
-0.010639
0.009655
-0.012745
-0.005736
-0.016349
-0.014029
0.026557
-0.002796
0.001964
0.003736
-0.008692
-0.001688
-0.025798
-0.039348
0.025700
0.002909
0.003648
-0.010491
0.012470
-0.003363
-0.006209
-0.012517
0.018283
-0.027961
-0.002142
0.000565
-0.000622
-0.002388
-0.013900
-0.011545
-0.004131
0.012036
-0.015973
-0.006667
-0.025857
0.016877
0.001653
0.000579
0.020774
-0.012626
0.001187
-0.011959
-0.006561
0.011425
-0.007824
-0.009921
-0.010583
-0.000009
-0.009441
-0.010610
0.010492
-0.014883
-0.027798
-0.004881
0.018080
0.003749
-0.001369
0.047963
-0.016912
0.142412
0.000551
-0.010919
0.012100
-0.015626
-0.012655
-0.001644
-0.017124
-0.049704
-0.019521
-0.015256
-0.020299
0.021703
-0.008043
0.030113
-0.005072
0.002368
-0.018233
0.016072
-0.000546
-0.004634
-0.011593
0.002742
0.000112
-0.015675
-0.004800
0.003507
0.017978
-0.003645
-0.014368
0.003449
0.008503
-0.024419
-0.004627
0.000088
0.003961
-0.002644
-0.004368
-0.017631
0.000821
-0.021552
-0.009005
0.001059
-0.003941
-0.001774
-0.013353
-0.015844
0.007342
-0.023228
-0.002188
-0.024562
-0.021764
-0.009766
0.014971
-0.004538
-0.015815
-0.012376
-0.007737
-0.002802
-0.007633
0.016690
0.009975
0.009011
0.002253
-0.010347
-0.012015
0.024655
-0.003283
-0.009458
-0.007150
-0.035431
-0.015424
-0.001433
-0.009645
-0.010690
0.187367
-0.019928
-0.020249
-0.026258
-0.013177
-0.023587
-0.001797
-0.016464
-0.013725
0.000302
-0.019843
-0.030661
-0.006443
-0.011983
0.004178
-0.007339
-0.007427
0.013488
0.010881
-0.004518
0.008208
0.003854
0.009841
0.017190
-0.005514
-0.015910
0.003523
-0.017516
-0.010804
-0.010903
0.006715
-0.017992
-0.015135
0.017365
0.001152
-0.016473
-0.017458
0.008513
-0.005472
-0.000443
-0.004894
-0.001627
-0.016772
0.003292
0.007375
0.018884
0.081769
0.006539
0.366674
0.000145
0.002872
0.017627
0.012951
0.017675
0.004000
-0.009635
-0.031414
-0.002720
-0.012602
0.044774
0.001185
-0.008900
-0.002978
-0.020469
-0.004701
-0.003408
0.010309
0.113381
0.000770
-0.049395
0.001523
-0.000123
-0.006754
-0.005734
-0.006479
-0.002259
-0.004569
-0.010317
0.026914
0.016716
-0.001430
-0.003216
0.004068
-0.017451
-0.023560
-0.010481
-0.009659
0.008950
0.000779
-0.016965
0.017740
-0.028103
-0.004533
-0.009977
-0.018956
-0.005327
-0.010378
-0.028948
-0.000848
0.001554
-0.014326
-0.014708
-0.021796
-0.005800
0.000000
-0.002802
-0.013824
-0.009525
-0.013595
0.007116
-0.024502
0.106236
-0.000669
0.004749
0.006183
-0.000650
0.009927
0.067397
-0.007413
-0.006757
-0.015789
-0.020860
-0.005119
0.005032
0.000017
-0.002844
-0.003604
-0.005459
0.003102
-0.002491
0.009125
-0.023558
-0.010945
-0.008605
-0.021789
-0.010981
0.014654
-0.004120
-0.005174
-0.006036
0.003176
-0.004297
-0.007699
-0.000267
0.011966
0.008781
-0.009645
0.011105
0.001056
-0.009173
0.023692
0.019447
0.020492
-0.006530
-0.016264
0.007638
-0.004337
0.016015
0.027564
0.022700
-0.021431
-0.003101
0.311520
0.001419
-0.000019
0.002208
-0.001703
0.001571
0.001494
0.001219
-0.010156
-0.012850
0.010371
0.024897
0.005895
-0.009572
0.000381
0.028877
0.000656
-0.026857
0.073386
-0.003900
-0.004916
-0.015419
-0.003356
0.001011
0.092112
-0.030654
-0.011435
-0.019627
-0.021203
-0.001379
-0.003666
-0.014144
0.096100
0.024944
0.336617
0.010224
-0.015615
0.000100
-0.010964
-0.025135
-0.000422
-0.018182
-0.010849
0.000000
-0.012966
0.021866
-0.000931
-0.006289
-0.002571
-0.006507
0.000000
-0.007246
-0.004868
0.012196
-0.004703
-0.004095
0.003193
-0.000614
0.001088
0.000629
0.000682
0.000839
0.007913
0.002201
0.004397
-0.001679
0.010445
-0.017409
0.016920
0.019150
-0.003167
-0.004666
0.002798
-0.026419
-0.002734
0.023534
0.017189
0.002871
-0.005037
0.009303
-0.007095
0.005957
-0.008346
-0.019222
-0.016353
-0.013922
0.001794
-0.079604
0.006489
-0.026686
-0.003267
-0.021415
-0.011579
0.027519
0.003532
-0.008347
0.039933
0.005713
-0.042281
0.001189
0.012498
0.008042
0.074793
-0.014460
-0.008624
0.009057
-0.013358
-0.001070
-0.010650
0.029745
-0.005885
-0.006626
0.009720
-0.024223
-0.019962
-0.004140
-0.004514
0.028871
-0.006711
0.019102
0.075988
-0.012200
0.000693
0.028260
-0.001013
0.017052
-0.019953
0.006680
-0.022150
-0.007235
-0.005297
-0.040865
-0.004445
-0.013834
0.012006
-0.006484
0.028797
-0.002945
-0.003308
0.001373
0.002369
-0.017836
-0.020105
0.004264
0.000732
0.001439
-0.015411
0.016211
-0.004305
0.004744
0.002714
-0.005488
-0.008771
-0.009610
-0.006544
-0.008955
-0.010550
0.001672
-0.011741
0.031996
-0.003924
0.000570
0.006283
0.002876
-0.001101
0.000453
0.052536
0.000000
0.000000
0.000000
0.000000
-0.016084
0.013723
-0.012563
-0.001548
0.002833
0.018301
-0.015710
-0.011214
-0.000558
0.006121
-0.007116
0.006079
-0.000579
-0.019377
-0.012839
-0.020947
-0.012779
0.028904
0.003030
-0.007409
0.012238
-0.004587
-0.003823
0.022503
0.004327
-0.020163
0.001626
-0.011638
0.026017
-0.013106
0.000333
-0.016494
-0.017843
-0.009645
0.004075
-0.043671
-0.003812
-0.016932
0.005926
0.005126
0.012825
-0.021722
-0.015986
-0.000047
-0.014881
-0.001232
-0.028233
-0.014434
-0.018789
-0.007797
-0.014421
0.007198
0.000595
-0.014588
-0.012723
-0.009923
0.005795
-0.004593
0.005547
-0.008017
-0.000694
-0.000628
-0.026073
0.004725
-0.010263
-0.008500
0.004006
-0.015290
-0.007499
0.002637
-0.007286
-0.010587
0.013155
0.005138
-0.005227
-0.003081
-0.016352
0.006667
-0.003079
-0.013949
-0.003068
-0.018404
-0.005779
0.000474
0.011217
-0.013610
0.001139
-0.021905
-0.011155
-0.000373
0.010882
0.006810
0.016367
0.003009
-0.000441
-0.017712
-0.012196
-0.000737
-0.023794
-0.004488
0.000668
-0.014154
0.004071
-0.017959
-0.019069
-0.008944
0.032797
0.002037
-0.015152
-0.003688
-0.001507
-0.005557
-0.006700
-0.003445
0.009166
0.000000
-0.019642
-0.018638
-0.005432
0.000000
0.008376
0.035358
0.014100
-0.031785
0.064733
-0.010793
0.039645
0.008193
0.009056
-0.020080
-0.045289
0.024730
-0.006696
-0.007157
-0.010800
0.006945
-0.005632
-0.013431
-0.009358
0.002785
-0.004538
-0.013808
-0.001836
-0.011785
-0.030504
0.002302
-0.021202
0.024284
0.006176
-0.009658
0.015918
-0.001721
-0.003106
-0.007926
-0.015455
-0.008770
-0.006495
-0.005624
-0.025965
0.032183
0.008216
0.001755
-0.007763
0.007406
-0.022999
0.001579
-0.005012
-0.014152
-0.009238
-0.004040
0.003713
0.003381
-0.015744
-0.005097
-0.021551
0.012782
-0.009204
-0.002640
-0.016690
-0.001112
-0.002006
0.008853
0.053809
-0.049302
-0.014390
0.007615
0.013243
0.005697
0.037843
-0.004224
-0.004160
-0.005026
0.054285
0.051644
0.068175
-0.011064
-0.015271
0.020950
-0.030594
-0.007247
0.032171
-0.001314
-0.026778
-0.000283
-0.014024
-0.017997
-0.018307
0.067921
-0.012827
-0.011548
-0.000760
0.002898
0.000387
-0.034379
-0.007876
0.002058
0.019843
0.004166
0.004059
-0.003356
-0.004045
-0.013086
-0.009733
-0.001629
-0.023461
0.001616
-0.040856
-0.009678
-0.018963
-0.005948
0.001532
-0.008517
-0.002944
-0.003861
0.000947
0.002294
0.005024
-0.018566
-0.008537
0.007456
-0.023474
0.013775
-0.003346
0.010010
-0.013952
0.001822
-0.005303
-0.002483
-0.017375
0.005746
-0.006629
-0.007123
-0.002787
0.035783
0.013375
-0.041251
-0.008492
0.006994
0.008757
-0.016437
0.003379
0.006978
-0.009582
-0.000919
-0.012752
0.000874
-0.006892
0.113905
-0.035651
-0.005837
0.004436
0.000954
-0.002148
-0.014462
0.044130
0.000000
0.065895
0.049002
-0.011363
-0.002171
-0.002135
-0.011160
-0.018444
0.013239
-0.001544
0.002678
-0.000700
-0.002358
-0.009672
0.002852
0.005622
0.003303
-0.002510
-0.003662
0.000000
0.014852
-0.006984
-0.014197
0.003991
0.016314
-0.006420
0.016178
0.003370
0.030974
-0.018229
-0.011680
-0.011070
-0.006753
-0.008550
0.008363
-0.013266
-0.013692
-0.000879
0.007501
0.023120
-0.020253
-0.028611
-0.009959
0.009465
0.008475
0.024060
0.002779
0.014619
0.003273
0.010961
-0.008181
-0.020050
-0.000675
0.000941
0.000000
-0.006181
-0.008314
-0.002754
-0.003824
-0.003176
0.000259
-0.002052
-0.008050
-0.003547
0.005543
0.023835
0.006992
0.013700
-0.008792
-0.000597
-0.009955
0.018492
-0.013257
-0.004740
0.005459
-0.010010
-0.027244
-0.024776
-0.016202
0.053463
0.059856
0.073595
-0.010338
-0.006635
-0.003476
0.001142
-0.002966
-0.024076
-0.008025
0.002554
0.009833
-0.007452
-0.009080
0.001122
0.011846
-0.014531
-0.009998
-0.044270
0.011429
0.010465
0.000946
-0.004119
-0.010429
-0.047202
0.003439
-0.002796
-0.031328
-0.002283
0.001093
-0.005652
-0.001383
-0.009820
-0.020881
-0.003929
0.000696
-0.008161
0.036322
-0.004340
0.017044
-0.014912
0.016895
0.069781
-0.003294
0.009460
0.000321
-0.004312
0.000495
0.017518
0.005855
-0.008478
0.003799
0.004408
-0.002654
-0.028250
0.006120
-0.007783
-0.000310
-0.010618
-0.017125
-0.008824
-0.007529
-0.008263
-0.008020
-0.018722
0.000137
0.013268
-0.008525
-0.002482
-0.005001
-0.001158
0.005704
-0.003271
-0.008547
-0.005773
0.011461
0.007911
-0.005485
-0.001987
0.015182
-0.023135
0.030017
-0.018980
-0.009995
-0.009615
-0.031250
-0.004056
-0.007484
0.001423
-0.012350
0.008210
0.008266
-0.005180
0.012461
-0.013658
0.000620
-0.004828
-0.000421
0.006871
-0.020586
0.004995
-0.013376
-0.008746
-0.010542
-0.028436
-0.000674
0.006882
-0.009437
-0.001402
0.002013
-0.003639
-0.030319
-0.027123
0.012968
-0.006920
-0.009283
-0.003416
0.000900
0.005550
0.023401
-0.010569
-0.030054
-0.012175
0.019074
0.008743
-0.012030
0.000000
-0.002371
-0.028702
0.004895
-0.013046
-0.016012
0.001034
-0.022465
0.002901
0.003893
-0.007064
-0.017014
0.008076
0.001617
0.002682
-0.018893
-0.006330
0.002563
-0.004721
-0.016252
-0.005840
-0.004063
-0.002796
-0.010043
-0.013043
-0.007283
-0.012040
-0.004443
0.002225
0.029849
0.003008
0.038667
-0.002240
-0.004249
-0.004197
-0.001103
-0.012386
-0.003892
-0.004610
0.001005
0.020082
-0.012325
0.005319
0.169368
-0.000876
-0.003462
0.006378
-0.009029
-0.007682
-0.022562
-0.008239
0.012736
-0.005156
-0.011094
0.003640
-0.010152
0.004853
-0.003920
-0.026543
-0.002581
-0.009966
-0.012931
0.000673
-0.001534
0.021956
-0.016407
0.017330
-0.001983
-0.013036
0.010773
-0.011716
-0.025092
-0.012489
-0.005069
-0.004653
-0.005844
0.005284
-0.004277
0.001358
-0.005763
-0.004584
-0.009007
0.000210
-0.034355
0.010307
-0.008852
-0.004264
-0.007794
0.017209
-0.004045
0.004688
-0.001023
0.020569
-0.002560
-0.017973
-0.018064
-0.012614
0.021097
0.012948
0.008569
-0.004811
-0.022649
0.012760
-0.038311
-0.021278
-0.009002
-0.002860
-0.045472
-0.006556
-0.007934
-0.001506
0.023031
-0.010309
0.010766
0.065448
-0.009910
0.014380
-0.015441
-0.007949
0.024199
-0.003891
-0.021094
0.023407
0.017546
0.052782
-0.002747
-0.000142
0.006832
0.011778
-0.019862
-0.002612
-0.019284
0.009340
0.000502
0.001109
0.005215
0.002489
-0.000886
0.020627
0.020271
0.018939
-0.029088
0.033763
-0.014805
0.001783
0.010259
-0.012566
-0.007067
-0.005847
-0.002233
-0.010034
-0.001005
0.031368
-0.010857
-0.009016
-0.006638
-0.009867
-0.013434
-0.008580
-0.017252
0.030245
0.004028
0.000100
-0.012076
-0.011835
-0.011346
-0.017685
0.017536
-0.009723
-0.010976
-0.000966
-0.016629
0.019062
-0.033417
0.014019
-0.006493
0.047304
0.023099
-0.008426
-0.002055
-0.004735
-0.002439
0.001188
0.002648
0.000824
-0.015005
-0.006681
0.000000
-0.009826
-0.012283
-0.006564
0.005153
0.023603
0.035431
0.002776
-0.030103
-0.004170
0.003969
-0.062123
-0.008759
-0.015350
0.001044
-0.013137
-0.006266
-0.009834
-0.009475
-0.009613
-0.012199
-0.003691
-0.019779
0.003368
-0.021140
0.004850
0.018783
0.007756
-0.000752
-0.002953
0.034956
-0.005074
0.014117
-0.013063
-0.002926
0.004210
-0.001207
0.029997
0.017856
0.014949
-0.002744
-0.014661
-0.002962
-0.001230
-0.007036
-0.004402
0.003780
-0.001412
-0.004788
0.001207
0.000174
-0.037767
-0.001339
-0.001847
0.034107
-0.007163
-0.000799
-0.013468
0.009489
-0.014068
-0.018314
-0.009971
-0.008884
0.007511
-0.001699
0.018691
0.006584
-0.001208
-0.003128
0.004360
-0.000436
-0.011102
-0.001100
-0.006105
0.004949
0.003324
0.004854
0.000593
0.016662
0.004520
0.005114
0.011573
0.014507
0.008218
0.000610
-0.007628
0.005587
-0.023993
0.006064
-0.007749
-0.002758
-0.017471
-0.003435
0.014849
0.029373
0.004654
0.000294
-0.021269
-0.003088
0.009964
0.013567
-0.002433
-0.026960
0.001599
-0.006739
-0.004663
-0.007966
0.008785
-0.029133
-0.000364
-0.014133
0.028783
-0.013702
-0.010399
-0.018441
0.082885
-0.014191
-0.003344
0.003607
0.021175
-0.018363
0.000205
-0.000409
0.077240
-0.015661
-0.010389
-0.017135
0.025465
-0.002773
0.013746
0.002567
0.004892
0.003331
-0.011643
0.002369
-0.006944
0.009671
-0.004652
-0.001417
-0.018802
-0.009124
-0.001753
-0.007974
-0.007278
-0.011450
0.029633
-0.003357
-0.029001
0.024889
0.017609
0.000307
0.001276
-0.019075
-0.009181
-0.004718
0.004974
0.011803
-0.010724
-0.015972
0.002617
0.073934
0.005948
-0.007383
-0.004832
-0.008907
0.022406
0.004141
-0.000917
0.017495
0.003975
-0.027626
-0.002583
-0.001111
-0.017810
0.005098
-0.016960
-0.025760
-0.001014
-0.021586
0.014617
-0.000376
-0.003888
0.003495
0.075944
0.014945
-0.024985
0.014826
0.020993
-0.004145
0.010306
-0.036825
-0.010470
-0.000055
-0.005563
0.000000
-0.024067
-0.005642
-0.023976
-0.025753
-0.024690
-0.009176
0.007651
-0.008031
0.000237
0.010177
0.064782
-0.020497
-0.011173
0.002019
0.007728
-0.012573
-0.000868
-0.005763
-0.001563
-0.006819
0.009346
-0.003017
-0.002442
-0.000215
-0.012636
0.013392
-0.012289
-0.004985
-0.028819
0.024837
0.006254
-0.003367
-0.009169
-0.017531
-0.013601
-0.004161
0.002163
-0.006874
0.225012
-0.026662
-0.016591
-0.018394
0.021303
-0.008678
0.017875
-0.009277
0.006349
0.009454
0.006201
-0.015879
0.023252
-0.008929
-0.003062
-0.017483
0.003813
-0.009092
-0.002513
-0.008286
0.005045
-0.007818
-0.029846
-0.015403
-0.015388
-0.012712
-0.021755
-0.012888
-0.035258
0.070122
-0.118573
-0.100102
0.001819
-0.008862
0.020997
-0.008034
-0.000996
-0.002353
-0.000098
-0.022124
0.002417
-0.013127
0.007832
-0.005151
-0.006387
-0.008360
0.043623
0.129573
0.041851
0.001722
-0.005928
-0.006242
-0.008290
-0.009698
-0.020563
0.054918
0.006899
-0.001039
-0.005099
-0.016576
-0.000576
0.009039
0.041188
0.027306
0.002779
-0.011891
-0.004048
-0.039608
-0.002749
-0.037995
-0.049587
-0.025551
-0.001395
-0.002756
0.010087
0.029332
0.012137
0.001287
-0.000085
-0.009567
-0.001734
-0.029387
0.039990
0.000093
-0.011096
0.004618
0.005672
-0.013884
-0.015163
-0.006210
0.003886
0.016550
-0.014781
-0.022201
-0.001300
0.009003
-0.012876
-0.008422
-0.007738
-0.009321
-0.008178
0.010187
-0.014240
-0.002871
0.020671
0.000276
-0.007377
-0.009449
-0.000807
-0.002266
-0.002810
0.003410
-0.013410
-0.008726
0.021198
0.008704
0.028932
-0.004793
0.001519
-0.003190
0.001673
-0.007939
0.003578
0.007763
-0.003413
-0.007641
0.003629
0.017424
0.009327
-0.001162
-0.015141
-0.034038
0.006159
-0.025211
-0.002652
0.000995
-0.016666
-0.002555
0.009819
-0.005760
-0.019637
-0.005980
0.009111
-0.018031
0.000059
0.000411
-0.007885
-0.020052
0.013139
-0.013385
-0.005845
0.004318
0.011959
-0.015657
-0.007018
-0.015455
-0.000433
0.102634
0.070375
0.005675
0.008918
-0.024197
-0.004036
0.005913
-0.020850
-0.005584
-0.003937
0.017289
-0.009250
-0.009005
-0.007722
0.027917
0.018857
0.117830
0.008032
-0.017671
0.002429
-0.023511
0.001689
0.009046
-0.013757
0.052052
-0.018698
0.007343
-0.001419
-0.027660
-0.002862
0.000157
-0.014053
0.002489
-0.003926
-0.000821
-0.007917
0.004040
-0.013746
-0.043495
0.048919
0.020612
-0.010391
-0.016101
0.014037
-0.027983
0.020502
0.001321
-0.000634
0.017398
0.005075
0.003764
-0.003458
-0.015669
0.011777
0.001217
-0.015547
0.020253
-0.051102
-0.006861
0.007751
-0.019836
-0.022215
-0.020505
-0.010785
-0.002504
0.004432
-0.021624
-0.020994
0.026058
-0.015758
-0.005152
0.009528
0.000935
-0.029315
0.047890
-0.000965
-0.027982
0.015741
-0.001480
-0.003296
-0.020197
-0.016136
-0.000458
-0.008745
-0.002027
-0.010761
-0.003964
-0.033469
0.037096
-0.010192
0.018100
0.002740
-0.005143
-0.014014
0.007074
0.008772
-0.001465
0.013319
-0.012881
-0.010145
-0.005119
0.024994
-0.010961
-0.022443
-0.026413
0.006230
-0.016868
0.012168
-0.017701
0.000300
0.013062
-0.009602
-0.024039
0.049223
-0.000172
-0.015620
-0.000781
-0.015279
-0.045694
-0.022998
-0.012362
-0.012969
0.000664
-0.001253
0.010765
-0.019178
0.006186
-0.018733
-0.009039
0.012184
-0.003942
-0.004921
-0.022025
-0.008954
-0.002188
0.000718
-0.008828
-0.015881
-0.023501
-0.038518
-0.001154
-0.011954
-0.015601
-0.011091
0.012863
-0.009592
-0.002448
0.020402
-0.031439
0.007103
-0.047232
-0.036487
-0.024056
0.009106
-0.018492
-0.013238
-0.014750
0.030106
-0.025467
-0.019766
-0.038718
0.036206
-0.013516
0.030515
0.004477
-0.003713
-0.003214
-0.021855
0.006403
0.013755
0.013097
-0.009913
-0.008666
-0.000212
0.304155
-0.010499
0.070594
-0.017399
-0.009070
0.376801
0.012252
-0.004596
-0.032696
-0.003802
-0.021334
-0.006821
-0.013303
-0.003620
0.027581
0.087230
-0.014309
-0.027580
0.040787
-0.024212
-0.020363
-0.001021
0.041062
0.072483
0.021085
0.005103
-0.009668
0.028586
-0.018753
0.024167
0.036064
0.000723
-0.005294
-0.000308
-0.016765
-0.018917
0.009504
0.004364
-0.015035
-0.005154
0.005755
0.001299
0.022853
0.002079
-0.003632
-0.007232
0.023831
0.011280
-0.008495
0.015671
-0.008458
-0.024256
-0.021479
-0.010077
-0.011458
-0.040728
-0.000300
-0.013669
0.018035
-0.012677
-0.017538
-0.012961
0.004671
0.015070
0.002301
-0.002500
-0.026249
0.004570
-0.000271
-0.009181
-0.005314
0.004750
0.005420
-0.009727
-0.025333
0.014311
-0.002870
-0.001204
-0.003799
-0.018628
-0.001374
0.004097
-0.000026
0.007229
-0.001911
0.002382
-0.007911
-0.003428
-0.011338
0.002940
0.014980
-0.014138
0.031440
-0.002966
-0.011917
0.008685
-0.013914
0.001744
-0.000933
-0.009066
-0.000545
-0.014828
0.000948
0.001442
-0.003926
-0.008514
-0.012795
0.006243
-0.008439
0.003158
-0.001849
-0.001585
0.002753
-0.000512
0.003008
0.002919
-0.001368
-0.042202
-0.018227
0.005116
0.009297
-0.012088
-0.006028
0.002438
-0.010980
-0.016734
-0.022304
0.032173
0.002285
0.001282
-0.002168
-0.018522
0.008835
0.012901
-0.035726
-0.019194
-0.007872
-0.002427
0.000000
0.005156
-0.034545
-0.029592
-0.004150
0.004493
0.002490
0.016036
0.028293
-0.003429
-0.015147
-0.002089
0.031558
0.004551
0.001143
-0.015340
-0.001247
-0.016896
0.027101
0.003720
-0.026631
-0.009434
0.009195
-0.001485
-0.008927
-0.022844
0.003407
0.021969
-0.017689
0.006547
0.003883
-0.012083
-0.011703
0.002421
0.148329
-0.001487
0.008789
-0.000777
-0.007537
0.040611
-0.006489
-0.008150
-0.009276
0.016443
0.017679
0.004962
0.010513
-0.018337
-0.019177
-0.002809
-0.019532
0.049706
0.019141
-0.003952
0.021198
0.114294
-0.009585
0.005782
0.010987
0.002209
0.007067
-0.001775
-0.034236
-0.003280
-0.002836
0.000299
-0.018266
0.002252
-0.007072
0.027322
-0.000091
0.007880
0.043901
-0.016453
-0.011750
-0.030418
0.030804
-0.003769
-0.003004
-0.000423
-0.004301
-0.003205
-0.003008
0.011786
0.042266
0.000910
0.002352
0.019332
0.011169
0.008428
0.017620
-0.019647
0.050316
-0.012646
0.002715
0.050101
0.029786
-0.009379
0.017099
0.004126
0.014742
-0.007967
-0.000821
-0.005866
-0.013749
0.056077
-0.004976
0.028503
0.035518
-0.015720
-0.001775
0.004240
0.003542
-0.008814
-0.003159
-0.013509
-0.009254
-0.019362
0.003623
-0.035714
0.003437
-0.004629
-0.029970
0.012658
-0.007091
0.009722
-0.008833
-0.024937
-0.021038
-0.067645
0.038670
-0.010854
-0.002384
-0.003623
-0.047817
-0.012030
-0.028654
0.020341
0.004984
0.019930
-0.020850
-0.014608
-0.007252
-0.003209
0.042607
0.051275
-0.025663
-0.009406
0.013207
0.009102
0.002153
0.015827
-0.006131
-0.007590
-0.006438
-0.016473
-0.006850
-0.019746
0.004383
-0.006798
0.000717
0.030588
-0.010762
-0.013031
0.016106
-0.021606
-0.000406
-0.002277
-0.015796
0.039065
0.014373
-0.008617
-0.006069
-0.018800
0.046347
-0.004258
-0.002948
-0.008732
-0.006681
0.020027
-0.017594
-0.005904
-0.016688
0.005660
-0.018647
-0.013421
-0.005522
0.006653
-0.007739
-0.016063
-0.005215
0.009228
-0.005465
-0.004311
0.006192
-0.015263
0.008841
-0.004030
0.019958
-0.012427
-0.026106
-0.076293
0.002767
-0.036426
-0.007183
0.000308
-0.019538
-0.017718
-0.005815
-0.002798
-0.014823
-0.014289
-0.002815
-0.015291
0.012430
-0.020098
-0.008025
-0.026072
0.005235
0.004943
0.042054
0.001652
0.001402
-0.004493
0.003833
0.002574
-0.004228
-0.012205
-0.015557
-0.017440
-0.014677
-0.004781
0.009300
-0.025628
-0.009591
-0.008402
-0.024031
0.010999
0.008252
-0.006095
0.008198
-0.028850
0.008874
0.069387
-0.012537
-0.013760
-0.005894
-0.023383
-0.001234
-0.007771
-0.009218
-0.004710
0.014039
-0.005403
-0.000266
-0.003387
-0.021487
-0.016523
-0.000803
-0.011008
-0.009209
-0.000858
0.003396
-0.001214
-0.007797
-0.018829
-0.031494
-0.005278
0.019376
0.004159
0.000896
0.016370
-0.007242
0.001798
-0.000313
-0.041565
-0.039007
-0.017596
0.015375
-0.019426
-0.009709
-0.016294
0.010475
0.012937
0.014209
-0.034711
-0.012487
0.022004
-0.005472
-0.005158
-0.010732
-0.010120
0.004428
0.051620
0.003842
0.044022
-0.014298
-0.001419
-0.010764
-0.000469
-0.002936
-0.003358
-0.001279
-0.007679
-0.008335
-0.014973
-0.001575
0.015970
-0.006856
0.005778
-0.004128
0.014686
-0.023851
0.006712
-0.012093
-0.016568
-0.002028
-0.017126
-0.023268
0.004130
-0.003261
0.008577
0.069694
0.017265
0.026652
-0.002511
0.002145
0.008759
-0.000398
-0.021657
0.001403
0.002827
-0.007103
-0.008089
-0.016144
0.005188
0.000000
0.058040
-0.000258
-0.003263
0.000917
-0.013305
-0.007113
-0.033522
0.010399
-0.007781
-0.019284
0.009808
-0.004715
0.000651
-0.007890
0.000000
-0.005942
-0.012699
0.009033
0.000000
0.018506
-0.008995
-0.008869
-0.013420
0.005085
-0.001772
-0.001134
0.007442
-0.013397
-0.011985
-0.008274
-0.003336
0.072357
-0.010782
-0.005067
-0.001910
0.000050
0.000549
-0.015162
0.002361
-0.008908
0.015378
-0.025240
-0.037310
-0.006815
0.002341
-0.023700
0.015767
-0.005554
-0.016618
-0.000750
0.004392
-0.017411
0.018373
0.013806
-0.000603
0.000943
0.009727
0.004997
0.030574
-0.007615
0.001662
-0.002044
0.029098
0.005301
0.005231
0.010299
-0.019885
0.010057
-0.029529
0.001078
0.009698
-0.015668
-0.008166
0.024099
-0.009663
-0.018701
-0.012550
0.032327
-0.008297
-0.014908
-0.002073
0.057240
0.053512
-0.004094
-0.023996
-0.003508
-0.017997
-0.010451
-0.002570
0.048651
-0.013334
0.017618
-0.008497
0.014651
0.008116
-0.010538
-0.005394
-0.007426
-0.013879
0.012484
0.013158
-0.008196
0.016285
0.004586
0.000980
-0.012450
-0.014991
-0.017329
-0.005481
-0.010891
-0.038589
-0.037565
-0.004898
0.000375
-0.013094
0.001087
-0.027872
-0.002484
-0.014487
0.001712
-0.007375
0.002946
-0.004323
-0.014316
-0.009590
-0.006995
0.012848
-0.019373
0.032924
0.014405
-0.001293
0.000956
0.014304
-0.012370
-0.003668
-0.001629
0.008788
-0.040301
-0.006423
-0.001392
-0.005879
-0.013263
0.015495
-0.002322
-0.020578
0.026975
-0.010991
-0.009184
-0.004639
-0.000002
0.009529
0.073481
0.000715
0.007456
0.003496
-0.009192
-0.008421
0.014703
-0.026329
-0.001678
-0.027096
-0.003430
-0.020195
0.018660
-0.024773
0.011655
-0.016290
0.002068
0.004964
-0.003109
0.003652
-0.012949
-0.001228
0.000748
0.016239
0.007871
-0.037254
0.013632
0.014628
-0.006198
0.006416
0.013706
-0.001739
0.013111
-0.007781
0.003366
0.025737
0.019858
-0.019606
0.004685
-0.001391
-0.006574
-0.014573
-0.018182
-0.011680
0.000611
0.003483
0.000674
-0.010778
0.009354
-0.001379
-0.017540
0.039377
-0.016602
-0.001182
0.000641
-0.012333
0.032451
0.001255
0.001420
-0.012270
-0.000511
-0.008147
0.002702
0.011267
-0.008186
-0.005347
0.021348
-0.001882
0.175228
0.003965
-0.019031
0.063842
0.015747
0.003727
0.002781
0.001773
-0.017267
0.008153
0.006342
-0.022280
0.003108
0.009739
0.061010
-0.008938
0.000473
-0.015227
0.005358
-0.001199
0.003740
0.003908
-0.004163
-0.023016
-0.007889
0.005115
-0.031863
0.327742
0.007632
0.005642
0.021242
-0.013059
-0.002597
-0.009022
0.001819
-0.004055
-0.006558
-0.016119
0.028995
0.001404
-0.011201
-0.009189
-0.012440
0.008674
0.012119
0.001082
0.008805
0.003457
0.018210
0.002034
0.037851
-0.030545
-0.004434
-0.014208
-0.010988
-0.024690
-0.011857
-0.012056
0.001810
-0.002855
0.032994
-0.016545
0.008331
-0.001756
-0.003802
-0.009741
0.001444
0.006812
-0.007262
-0.024936
-0.051042
-0.008295
-0.012936
0.103508
0.013660
-0.010177
0.005129
0.013461
0.025776
0.006737
-0.028064
0.007242
-0.010296
0.002358
-0.016117
0.007069
-0.003790
-0.032988
0.112738
-0.012085
0.039459
-0.018620
-0.015978
-0.002201
-0.002548
0.003289
-0.000362
0.010540
0.000000
0.000000
0.000000
-0.001739
-0.038787
-0.040171
0.011016
0.003004
-0.001126
-0.012975
-0.000027
0.010438
-0.012026
-0.005812
-0.029072
-0.013573
0.040520
-0.009512
0.021497
-0.001022
0.029862
-0.008794
0.001755
-0.016232
0.003504
0.007970
-0.004005
0.000000
0.002691
-0.003955
0.014977
0.014273
-0.003030
-0.001503
-0.013084
0.010123
-0.026421
-0.001814
0.000377
0.000000
-0.016264
-0.012297
-0.006196
-0.013506
-0.005844
0.010307
-0.000633
0.012709
-0.010413
-0.020378
0.007815
-0.011503
0.024969
-0.001132
0.066811
-0.011364
-0.000198
0.007769
-0.009608
0.011332
0.006026
-0.009323
-0.001979
0.019248
-0.022939
-0.014881
-0.014614
-0.009050
0.066340
0.006185
0.025892
0.012544
0.007691
-0.006656
-0.007178
0.004565
0.000525
-0.013581
0.000000
-0.023413
0.000000
-0.017200
-0.026063
0.032420
-0.006103
-0.011303
0.002083
0.083250
-0.027904
-0.016630
-0.021554
-0.031619
-0.006722
-0.003275
0.000000
0.016769
-0.008553
-0.023577
0.024379
0.006003
-0.000532
0.020633
0.000000
0.083103
-0.011781
-0.003980
-0.017092
0.034975
-0.002534
-0.002856
-0.011375
-0.017435
0.005713
-0.018897
-0.004335
-0.001527
-0.016775
0.013090
-0.005423
-0.008966
-0.002335
-0.008998
0.088959
-0.010480
-0.005922
0.001349
-0.001603
0.000000
0.021550
0.004137
0.005542
0.010224
-0.025198
0.004947
-0.000010
-0.004587
-0.013858
-0.015254
-0.002618
0.014015
0.019354
-0.003343
0.004533
0.003139
0.000467
0.000000
0.000000
0.000000
-0.007909
-0.006985
0.006431
0.001039
-0.004691
0.024445
0.006819
-0.005616
-0.008873
0.003507
-0.002678
0.009205
0.017431
-0.023683
-0.013900
0.001152
-0.000450
0.006961
-0.007941
0.000515
-0.003821
-0.004365
-0.001726
0.006600
-0.013425
0.011602
0.005633
0.000384
-0.040553
-0.020045
-0.006537
0.001744
-0.001322
0.003871
-0.004049
-0.002454
-0.004881
0.000766
0.001536
-0.003163
-0.006111
0.011914
-0.000251
-0.005798
0.005600
-0.003003
-0.007415
-0.001704
0.004144
0.004629
0.004703
-0.009068
-0.016738
0.011823
0.007707
0.002122
-0.019016
0.008229
-0.013050
0.008936
-0.008879
0.003521
-0.017783
0.008255
0.000817
-0.012095
-0.001120
-0.002958
-0.003590
-0.001265
0.002454
0.001359
-0.000151
-0.031176
-0.001474
-0.018090
0.015763
-0.017903
-0.014771
0.010088
0.010266
0.005644
-0.001808
0.017227
-0.018784
-0.010911
-0.018937
0.005590
-0.004345
-0.019052
-0.009652
-0.004628
-0.001949
0.012942
0.005480
0.014067
-0.003665
-0.014869
0.015202
-0.010448
-0.006186
-0.004491
-0.018178
0.002120
-0.001106
0.011182
0.007531
-0.021650
0.015948
0.000337
0.002389
-0.017608
-0.003243
0.021564
-0.003327
-0.021874
-0.005562
-0.006105
-0.006363
-0.006003
-0.002858
-0.001531
-0.005025
-0.004663
-0.005344
-0.000394
-0.007753
-0.013258
-0.010548
0.002227
0.002285
0.018566
-0.015947
0.001562
-0.005423
0.022667
-0.001408
-0.004728
-0.004940
0.023976
-0.000240
-0.006804
0.000606
0.015468
-0.023909
-0.000181
-0.010149
0.000907
-0.002709
-0.000442
-0.000047
-0.007208
-0.012402
-0.014982
-0.013673
0.015440
-0.011878
-0.003103
-0.010179
0.005453
-0.003306
0.008305
0.000740
-0.004831
-0.013275
-0.001979
0.003712
-0.000882
-0.001101
0.002997
-0.000810
-0.010617
-0.000570
-0.003416
0.019919
-0.001359
0.003646
-0.006936
-0.011052
-0.002140
0.007168
0.003799
-0.007978
0.000496
-0.002934
-0.011428
-0.006907
-0.002055
-0.003267
0.001571
-0.008881
0.009269
-0.001578
-0.020625
0.002885
0.004770
0.001400
0.000085
-0.000261
-0.004349
-0.000863
0.005617
0.000276
0.006663
0.009742
0.006528
0.007991
0.023874
0.013606
-0.007422
0.004324
-0.004103
-0.002089
0.040876
-0.003062
0.006095
0.015173
0.002491
0.001608
0.003287
0.005092
-0.002807
-0.011879
-0.006267
-0.010710
0.007854
-0.014307
0.000192
-0.016997
-0.007209
0.007707
0.007574
0.028896
-0.001465
-0.013024
0.000507
-0.014205
0.007666
-0.008649
-0.006407
0.006972
-0.027055
0.019224
-0.011383
0.043774
-0.004891
0.016465
0.019461
-0.002780
0.015700
-0.004380
-0.009354
-0.016753
-0.017574
-0.006360
0.003760
0.013336
-0.003379
0.000143
0.004851
-0.001941
0.007419
0.004163
0.030524
-0.015074
0.002990
-0.004503
-0.003215
-0.008393
-0.007306
0.008435
0.011295
-0.013177
-0.004081
0.019080
0.008224
-0.004672
-0.008473
-0.017071
0.014524
-0.001689
-0.004831
0.037121
-0.012116
0.009273
0.004872
0.007337
-0.009231
0.017657
0.022074
0.013209
-0.002653
-0.008429
0.007008
0.009521
0.012636
-0.004442
0.014328
0.004375
-0.005568
-0.023639
-0.013743
0.015185
0.003503
0.003711
-0.000597
-0.006089
0.005289
-0.010545
0.011019
-0.000815
-0.008294
-0.025979
-0.004323
-0.005641
-0.008934
0.001676
-0.001137
-0.036676
-0.004033
0.015953
0.023032
-0.010262
-0.001146
0.022806
0.006696
-0.014070
-0.003882
0.020274
0.014784
0.033010
0.022496
0.007545
-0.012497
-0.007032
-0.008430
-0.001658
0.003738
-0.008172
0.005767
-0.001025
0.007315
-0.017345
0.008848
0.023546
0.002613
-0.013486
0.000932
-0.016171
-0.004350
-0.011012
-0.025790
-0.001483
-0.014438
0.005019
0.004759
-0.003062
0.041845
0.004830
0.004511
0.007168
0.002640
-0.014204
0.007486
-0.006393
0.000965
0.032954
-0.011981
0.009962
0.000657
-0.006691
0.008525
0.002210
