0.250847
-0.054228
0.084186
0.150784
0.011901
0.038334
-0.132599
-0.002576
0.049035
-0.086830
-0.105490
-0.012168
-0.030772
0.007653
0.071296
0.122638
0.040849
-0.037241
0.034882
0.065832
-0.114011
0.010789
-0.088810
-0.045396
0.028676
0.052649
-0.047765
0.019887
-0.049762
0.049438
0.020754
0.049035
-0.035081
-0.042716
-0.055988
0.118991
0.000000
-0.093277
-0.009738
-0.009738
-0.002436
0.012036
0.050059
-0.077935
0.089797
-0.053868
-0.037241
-0.046040
-0.055802
0.058177
0.013606
-0.014051
0.050059
-0.015946
0.049438
0.128623
0.045466
0.040279
-0.109592
-0.015946
0.049438
-0.020898
-0.001349
0.000000
-0.005004
0.000000
-0.039308
0.000000
0.049438
0.020754
0.043695
0.007018
0.003667
0.020897
0.013569
-0.041295
-0.073962
-0.123262
-0.122614
-0.029891
0.014139
-0.014161
-0.049760
0.050059
0.146479
-0.025524
-0.077935
0.077188
-0.009703
0.029920
0.050378
0.172461
0.341844
-0.030897
0.000000
0.081234
-0.142904
0.015193
-0.001349
0.034780
-0.011807
-0.032301
-0.053173
0.053851
-0.014161
-0.026493
0.105553
-0.016860
0.000000
-0.001349
-0.046739
-0.009703
-0.000636
-0.014161
-0.084422
-0.038905
-0.092700
0.074690
0.111247
0.014139
-0.046118
-0.001349
0.069465
-0.023151
-0.037959
0.031586
-0.014161
-0.061434
-0.037959
-0.004465
0.056621
0.047375
-0.020898
0.014539
0.022800
0.013606
-0.026493
-0.140596
0.047375
-0.011794
0.056200
0.022321
0.025833
-0.008622
0.003948
-0.043338
0.024401
-0.019661
0.056200
-0.024327
-0.053173
0.003948
0.031308
-0.021063
0.021703
0.021383
-0.035035
-0.032301
0.024181
0.000000
0.000000
0.004031
-0.030897
0.025833
-0.076826
0.049904
0.020089
-0.021454
-0.009703
-0.011807
-0.011807
-0.011807
-0.066294
-0.020399
0.001989
0.049438
-0.005480
0.049438
0.025830
-0.018169
-0.047088
0.035286
0.003948
0.035286
-0.039707
0.000000
0.000000
-0.014220
0.014539
-0.025524
-0.001449
-0.048002
0.049438
0.037993
-0.044823
-0.060469
-0.001349
-0.025265
0.076515
-0.034759
-0.078721
-0.035035
-0.030791
0.122440
-0.011423
0.074008
0.036909
0.006464
-0.024266
-0.024130
0.040279
0.049438
0.040279
0.012122
0.064681
0.036909
-0.036639
0.049723
-0.008669
-0.005480
-0.046595
0.038334
0.024401
0.000000
-0.015946
0.025833
-0.015946
-0.005480
0.079874
0.009555
0.030661
0.060979
0.058177
-0.009738
-0.005480
-0.034759
-0.014252
-0.083585
-0.000655
-0.020399
0.013165
0.012931
-0.037241
0.112562
-0.015946
-0.075192
-0.018472
0.016572
-0.073962
-0.018472
-0.051799
-0.024710
-0.047088
-0.036845
0.000000
-0.039707
0.045466
-0.047088
0.007018
0.006464
0.050059
0.000000
0.024401
-0.037959
-0.001349
-0.017484
-0.021454
-0.010525
-0.018822
-0.006001
0.035286
0.089615
0.044914
0.046980
-0.031488
0.000000
-0.015946
-0.014252
-0.050111
-0.115616
0.006464
0.106576
-0.055988
0.061343
-0.026493
0.053851
-0.011423
-0.018472
0.038334
0.014539
-0.029550
0.049438
-0.047611
-0.037959
-0.006001
0.038720
-0.049762
0.036909
0.053851
0.084640
-0.004450
-0.018822
-0.018822
-0.063317
0.030060
-0.066294
-0.033976
0.006464
-0.068833
-0.037959
0.020950
0.032355
0.030742
0.012132
-0.023273
-0.034759
0.022321
-0.014252
0.050059
-0.093000
-0.036845
-0.017509
-0.026493
0.028280
-0.020399
0.021703
-0.048002
0.022321
-0.048002
0.040940
-0.034157
0.003948
-0.036845
-0.010875
-0.195093
-0.063317
0.000000
-0.026293
0.114502
0.034780
-0.038905
-0.046595
0.196282
0.028676
0.009358
-0.068941
0.052444
-0.017509
-0.010525
0.013031
0.030742
0.021703
-0.008669
0.030060
0.058043
-0.038905
0.026300
0.035286
0.052095
-0.038905
0.000000
-0.077935
0.003499
0.045466
-0.044823
-0.075192
0.044270
-0.006001
-0.045560
-0.061853
0.020089
-0.125423
-0.020898
-0.035081
-0.015946
-0.000155
0.000000
-0.025943
-0.009969
0.021261
0.026145
0.067621
-0.008669
-0.069665
-0.044823
0.013165
-0.010875
0.053851
-0.032301
0.034780
0.034780
0.028078
-0.023593
0.045466
0.020470
-0.029550
-0.004119
-0.084422
0.000000
-0.018169
-0.043084
0.000000
0.049438
0.040279
-0.043141
-0.047088
-0.032301
-0.047088
-0.092700
-0.058311
0.024401
-0.055802
-0.037959
-0.124105
-0.020399
0.056200
0.011901
-0.018822
0.025830
-0.010875
-0.023273
0.035286
0.000000
-0.026059
0.049904
-0.044165
0.058424
-0.048002
-0.066294
0.060993
0.035975
-0.010525
-0.030897
0.035179
-0.049762
0.036909
-0.043338
-0.115226
-0.054156
0.060979
0.035179
-0.004442
-0.018822
-0.033976
-0.043084
-0.010875
-0.023659
0.040849
-0.124105
-0.031008
-0.033976
0.015223
0.088664
-0.025524
-0.123589
-0.035035
-0.077935
-0.033976
0.107483
-0.104635
-0.021454
0.035179
0.041598
0.015193
0.022321
-0.034732
-0.035035
0.121516
-0.024266
-0.011807
-0.035035
-0.019991
-0.044588
0.013165
0.090980
0.022729
-0.006001
-0.036845
-0.017509
-0.018472
-0.052448
0.035179
-0.000746
0.024181
0.008439
-0.023273
0.020089
-0.044165
-0.024266
-0.032479
-0.009703
-0.012925
0.047534
0.007521
-0.032301
-0.013478
-0.046595
-0.004442
0.052095
-0.049762
0.029332
-0.072274
-0.047088
-0.036639
-0.039707
-0.022097
0.073854
0.014139
-0.188304
-0.014051
0.040279
0.036909
0.000000
0.000000
-0.014220
-0.028456
0.099072
0.049438
0.013031
-0.014051
-0.058345
-0.175456
-0.044165
-0.087193
0.153519
0.028676
-0.036845
0.024401
0.010648
0.020089
-0.020898
0.025830
0.044914
0.000000
0.076515
-0.243670
-0.050945
-0.036639
-0.004442
-0.010220
-0.026493
0.000110
0.044914
-0.009738
-0.035035
-0.046595
-0.020399
0.052095
0.039874
0.076515
-0.014220
-0.025265
-0.034759
-0.038905
-0.010875
0.028280
-0.004284
-0.018822
0.001405
-0.004442
-0.037959
-0.017851
-0.015946
-0.020399
-0.066294
-0.142904
-0.045993
-0.015764
-0.026015
0.021703
0.015193
0.011785
0.159790
0.024181
-0.000065
0.060979
-0.011807
-0.030897
-0.038905
-0.033354
0.048930
0.014017
0.064237
-0.001349
-0.009738
0.021703
-0.010875
0.024181
0.050059
-0.011423
-0.053173
-0.018472
-0.058243
0.000000
-0.035035
0.038761
0.006869
0.028676
0.043621
0.038007
0.028280
0.044914
-0.015946
-0.017407
0.044914
0.049438
-0.015946
0.003948
-0.035035
0.008439
-0.055802
-0.030160
0.033827
-0.001299
-0.036639
-0.057038
0.014139
-0.023301
-0.025524
0.058177
0.044914
0.146883
-0.107177
0.051425
-0.018822
-0.026493
-0.045993
-0.030897
-0.001349
0.077652
-0.030897
0.028280
0.035179
0.044914
0.003948
0.000000
-0.015946
-0.004442
0.000000
0.052095
-0.036639
-0.092700
0.012931
-0.068618
0.076515
0.040849
0.020407
0.093192
-0.032301
-0.006464
0.008439
-0.018472
-0.123589
-0.054156
0.000000
-0.020399
-0.054156
0.000000
0.000000
-0.031090
0.030742
0.040279
0.028676
-0.020399
-0.011807
0.045072
-0.038905
0.279967
0.623718
0.013606
-0.036845
0.011901
0.090474
0.006464
-0.004442
-0.025524
-0.022097
0.022729
-0.023069
0.034780
0.053851
0.022729
-0.029891
-0.025524
-0.001349
0.024181
0.034780
-0.075254
0.001405
-0.023069
0.060979
0.040233
0.151140
0.088664
0.000000
-0.011423
-0.079074
-0.038905
-0.036845
-0.034759
-0.068833
-0.035081
0.119792
0.000000
0.000000
0.030060
-0.007771
0.037325
0.025833
-0.029891
-0.033115
0.020089
0.022729
0.016572
-0.029550
0.001405
0.024401
0.058392
0.028280
0.049438
0.000000
0.049438
0.040753
0.006464
-0.038905
-0.097547
-0.097547
-0.006001
0.000000
0.122858
-0.026493
-0.011423
0.014139
0.032286
0.006464
-0.008622
-0.026493
-0.047088
-0.018169
-0.058815
0.045391
0.023896
0.034882
0.040279
-0.007574
0.090474
-0.036639
0.021703
0.000000
0.047375
0.084641
0.049904
-0.015946
0.028280
0.022729
-0.037959
-0.014515
-0.068618
0.060979
-0.019991
-0.009738
-0.029550
0.040279
-0.026493
0.011901
-0.017895
-0.018169
-0.015946
0.040849
0.000000
-0.014220
-0.036134
0.032297
0.020754
-0.106442
-0.015623
-0.038299
-0.044462
0.022321
0.058177
0.040462
-0.044165
0.042810
0.025833
-0.018472
-0.075254
-0.029550
-0.018472
0.172461
0.088664
-0.047088
-0.042716
0.016572
0.021125
-0.025265
0.056200
-0.037959
-0.068833
0.073194
0.030527
0.021703
-0.015704
-0.075254
-0.029891
0.033193
0.044914
-0.042704
0.025830
0.052095
-0.029732
-0.015946
-0.026493
0.021703
-0.046258
0.030527
-0.037959
0.079296
-0.024266
0.045800
0.075268
0.040753
0.021703
0.022729
-0.001349
0.073854
0.045466
0.231164
-0.049334
-0.061434
0.024703
0.028280
-0.065561
-0.056836
-0.045993
0.000000
0.040849
-0.009969
0.196282
-0.018472
-0.043693
0.182088
0.049971
-0.035081
0.036011
-0.034759
-0.073962
-0.125773
0.027170
-0.092933
-0.093000
-0.037241
0.000000
0.103055
-0.001408
0.028676
-0.032301
-0.035035
-0.009391
0.024617
-0.009703
-0.047088
-0.076321
0.020089
-0.035081
0.051218
-0.022097
-0.024040
0.035179
0.204521
0.013606
-0.018472
0.004068
-0.043141
0.071377
0.056200
-0.203530
0.008439
0.025042
-0.044165
-0.048909
-0.014554
0.073854
0.094247
0.043143
0.045033
-0.010875
0.068414
0.000000
-0.020702
-0.005480
-0.001349
0.000000
0.024401
-0.004442
0.035179
-0.048002
-0.066294
0.012931
0.081271
-0.004442
0.060979
-0.014161
0.009762
-0.021454
-0.024710
0.013165
-0.010525
0.008439
0.032355
0.086236
0.045466
0.035179
0.011785
0.035179
-0.044165
-0.066294
0.080915
-0.015946
-0.014252
-0.010525
0.024401
-0.047088
-0.008622
-0.115616
-0.038905
0.028280
-0.015142
0.045800
-0.024944
0.000000
0.025830
0.189352
0.033120
-0.115616
0.020089
0.006464
0.025830
-0.019991
-0.035816
-0.018472
0.013165
-0.125423
-0.010875
-0.046595
-0.018169
-0.044165
-0.025265
0.043307
0.060979
-0.038938
-0.030897
0.000000
-0.018472
0.001405
-0.181445
0.014457
-0.009703
-0.030897
-0.034759
-0.020898
0.035179
-0.010875
0.000000
0.024181
-0.025524
-0.077935
-0.037959
0.004031
-0.077935
-0.030897
-0.023069
0.020754
-0.002322
-0.032301
-0.089396
0.042031
-0.025524
0.000000
0.088664
-0.030897
0.045800
-0.068618
-0.045993
-0.019991
0.012931
0.003948
-0.008669
-0.026493
-0.014051
0.013165
-0.033976
0.054113
0.000000
0.020754
0.022321
-0.008669
0.060979
-0.000918
0.146412
-0.001349
0.044914
-0.037959
-0.061434
-0.045993
0.006464
-0.032301
0.006464
-0.009703
0.028280
0.015193
-0.029550
-0.049760
-0.001189
-0.024710
0.001405
0.058392
-0.020399
-0.060927
0.013606
0.034780
0.000000
0.000000
-0.043141
0.000000
-0.061853
0.045072
-0.123589
-0.123589
-0.047088
-0.073962
-0.123928
-0.065712
-0.008669
-0.053518
-0.036845
0.003948
0.040279
-0.025524
-0.029550
-0.004450
0.027296
-0.010875
-0.035081
0.015544
-0.008622
-0.037959
0.045072
-0.054156
-0.009703
-0.034759
0.016572
-0.026093
0.000000
0.086202
0.040279
0.045800
0.014139
0.006464
0.049904
0.014017
0.035179
-0.036845
0.092070
-0.020898
0.047375
-0.014419
0.016114
0.013031
-0.018169
-0.084422
0.021703
0.014539
-0.045993
-0.048002
0.013165
0.000000
0.004031
0.025830
0.076515
0.076515
-0.014967
0.053851
0.058392
-0.051348
-0.030837
-0.037959
-0.043338
-0.009703
0.028676
0.343760
-0.077893
0.000000
-0.025265
-0.004119
-0.031515
0.000000
-0.043084
-0.092700
0.045072
0.030742
0.014539
-0.102114
-0.004450
0.623723
-0.020898
0.003948
-0.073509
0.022321
0.036450
-0.020898
-0.020898
-0.022097
0.008439
-0.020898
0.035179
-0.066294
0.000000
-0.045993
-0.021454
0.045466
0.026721
0.011780
0.014539
0.025833
0.034780
0.013165
-0.054156
-0.022612
-0.042716
-0.039707
0.000000
-0.037959
0.078450
0.042818
0.022321
0.075854
0.016114
0.040279
0.013606
0.034591
0.013606
-0.020093
-0.044727
0.000000
-0.044823
-0.044823
0.000000
0.000000
-0.044823
-0.011807
-0.044823
-0.011807
0.000000
0.024401
-0.054262
-0.051348
-0.035035
-0.011423
0.022321
-0.077868
-0.035035
0.077902
0.045799
0.024401
0.049904
-0.055988
0.036909
-0.188134
-0.036639
-0.036639
-0.024304
0.035286
0.060698
0.000000
0.000253
0.035286
0.000000
-0.033976
0.044914
0.049904
0.024181
-0.123589
0.000000
0.020754
-0.039707
-0.008669
0.131098
-0.037959
-0.034759
-0.043141
0.056200
0.090665
-0.026493
0.028676
0.000000
-0.033976
-0.008669
0.058392
0.022729
0.028280
-0.029891
-0.029891
0.044914
-0.075254
-0.057797
-0.008669
-0.036639
0.003948
-0.008622
-0.092167
0.052095
0.020089
-0.075192
0.045072
-0.014252
0.025830
0.051664
-0.022097
0.000000
-0.128365
-0.014153
0.027849
0.000000
0.030742
-0.023069
-0.061434
0.047375
0.028676
0.000000
0.022321
-0.018822
-0.011423
0.025833
0.000000
-0.026819
-0.046739
-0.044165
-0.005480
0.034882
-0.025524
-0.036639
0.047375
0.034882
-0.009703
0.030742
0.020754
-0.030791
0.017641
-0.009969
-0.036639
-0.018169
0.045571
0.000000
0.175248
-0.009703
-0.075254
-0.023273
0.000000
-0.005480
0.024401
-0.025265
0.045072
-0.005480
-0.005480
0.000000
0.064509
0.050020
0.032355
-0.011807
0.000000
-0.043084
0.000000
0.020361
0.024181
-0.065910
-0.064466
-0.018169
-0.009703
0.035286
0.041350
0.024181
-0.029377
-0.002322
0.088664
-0.099924
-0.115226
-0.033009
0.049904
0.000000
-0.006382
0.017292
-0.055802
-0.043317
0.000000
0.064946
-0.034759
-0.114825
0.077399
-0.033976
-0.006001
-0.018169
0.045466
0.040279
-0.010525
-0.010525
0.089717
-0.011423
-0.066294
0.000000
-0.038905
0.040279
-0.023421
0.177900
-0.022097
-0.015510
0.015193
-0.046739
-0.076828
0.000000
-0.090336
-0.129531
-0.129590
0.006464
-0.061434
-0.123003
0.022321
0.034882
-0.026378
-0.017484
-0.017484
-0.017484
-0.017484
-0.017484
-0.017484
-0.017484
-0.017484
-0.017484
-0.017484
-0.053173
-0.035961
0.038334
-0.045119
0.034882
-0.024710
-0.049760
0.052095
-0.004119
-0.187923
-0.063317
-0.181176
-0.125423
-0.014051
-0.020898
-0.024710
-0.026493
-0.024710
0.000000
0.000000
-0.024710
-0.032301
-0.032301
-0.026493
-0.024710
-0.053880
-0.004119
-0.053753
-0.053753
-0.053753
-0.053753
-0.053753
-0.053753
-0.053753
0.000000
-0.188134
-0.005480
-0.005480
-0.032301
0.000000
0.028280
-0.049762
-0.020898
0.000000
-0.017484
-0.017484
-0.010525
0.138762
-0.010525
0.058392
-0.014161
-0.063317
0.016114
-0.014220
-0.005480
0.024181
0.000000
0.000000
0.000000
0.013165
0.016114
-0.017484
0.025830
0.058392
0.049904
-0.125423
0.004031
0.000000
-0.016005
-0.172739
-0.029891
0.034882
0.008439
0.049904
-0.049760
-0.002086
0.000000
0.000000
-0.031488
0.123140
0.000000
-0.009969
0.000000
-0.019790
0.006464
0.024181
0.034882
0.177900
0.020754
-0.017484
0.008439
0.058392
0.025830
0.064681
-0.017509
0.020754
-0.004119
-0.037241
-0.002322
0.013165
-0.018472
0.004031
0.028676
0.125424
