0.220920
0.013107
-0.065593
-0.028124
-0.009272
0.024154
0.315546
0.227408
0.042809
-0.028341
0.009562
0.115021
0.080614
0.016475
0.000584
-0.076184
-0.200739
-0.019112
0.008244
0.066430
0.119916
0.015968
-0.058414
0.123005
-0.071754
0.001638
0.084112
0.019104
0.046418
0.011232
0.006694
-0.098290
-0.005509
-0.088586
-0.002429
0.103946
0.114921
0.006348
0.055978
-0.014733
-0.087719
-0.034889
0.266693
-0.110974
-0.059998
0.570147
0.010748
0.118635
0.010055
0.109606
-0.092215
0.000412
-0.035638
-0.064634
0.010946
-0.092715
-0.186728
-0.048530
-0.095932
-0.138358
0.029022
0.093184
0.055552
-0.026097
0.110535
-0.005669
-0.014807
-0.102410
0.114493
0.034567
-0.111787
-0.257376
-0.047850
-0.106677
-0.054828
-0.114378
-0.096414
0.024666
-0.127077
-0.023043
0.017377
0.019420
0.005604
0.008925
0.300396
0.055618
0.059968
0.077446
0.012503
-0.087367
0.037309
-0.024204
0.009526
-0.032825
0.065176
-0.217124
-0.037010
-0.021307
-0.004215
-0.150339
0.112847
-0.011744
0.104715
-0.103800
-0.000024
0.039948
-0.000960
0.044998
0.127517
0.082510
0.000537
-0.093102
0.043447
-0.017856
-0.034746
0.034508
-0.034098
-0.040797
0.029072
-0.072571
-0.010514
0.111077
-0.004445
0.114799
-0.100699
-0.005124
-0.031952
0.118033
-0.065977
-0.041899
0.000115
-0.008736
0.031491
-0.042173
-0.001689
0.043817
-0.110412
-0.020095
-0.114558
0.123868
0.129010
-0.126720
0.287496
-0.161958
0.180072
0.145087
0.055547
0.209230
-0.236970
0.055272
-0.079888
0.037454
0.080151
0.280937
0.340880
0.203541
0.334656
-0.155075
0.130583
0.000767
0.263103
0.332241
0.381650
-0.039250
-0.072110
0.218028
0.013633
0.176086
0.041992
0.075397
-0.044346
0.044234
0.024804
0.113955
-0.118783
-0.065507
-0.054829
-0.119928
-0.171286
0.114747
0.042807
-0.100688
-0.096761
0.048563
-0.053594
-0.303649
0.137584
0.159096
-0.004878
0.025737
-0.081029
-0.215156
-0.073571
0.012362
-0.089062
-0.017346
-0.074122
-0.161443
0.028276
-0.044220
0.025121
-0.002559
0.029268
0.052664
0.103662
0.176702
-0.043346
0.015334
0.172397
0.008415
-0.161382
-0.135482
-0.125936
0.084926
-0.027127
-0.066465
0.185445
-0.037128
-0.228277
-0.068864
0.034951
0.101846
-0.002147
0.256150
-0.035992
-0.007660
0.109449
-0.167154
0.086441
0.054121
-0.046255
0.041246
0.051164
0.002981
0.186165
-0.083514
0.054775
0.063279
0.072034
0.136880
0.050755
0.024650
0.087882
0.081974
-0.070602
-0.017723
-0.009639
0.054732
-0.019448
-0.232366
-0.041442
0.003037
-0.112853
-0.127521
-0.130453
0.403026
-0.039827
0.065878
-0.050339
0.379604
0.148837
-0.043792
-0.000210
0.081113
0.014600
0.003722
0.015040
-0.196262
0.003898
0.104192
-0.061956
0.060392
0.050942
0.112855
-0.015442
-0.050641
-0.222873
0.020324
-0.058916
-0.055893
0.031758
-0.021682
-0.334450
-0.023379
0.147609
-0.249963
-0.150762
0.319522
-0.117286
-0.010034
-0.168804
0.032391
0.103855
0.024796
0.090687
-0.109298
0.007514
0.309553
-0.138997
0.135902
-0.059310
0.055717
0.185752
0.137808
0.324095
-0.159334
0.015594
0.060593
-0.036877
0.028199
0.047960
0.059510
-0.227139
-0.005178
0.177045
-0.180914
0.505039
-0.171409
0.107199
0.018061
0.089693
0.021398
0.043441
-0.115495
0.042187
0.137511
-0.047428
0.002072
0.285211
0.173875
0.003008
0.110411
-0.037394
-0.005629
0.042469
0.181281
0.142609
-0.030088
-0.005254
0.102070
0.172059
-0.087102
-0.132921
-0.170091
0.013920
0.033410
0.103663
0.059831
0.090195
-0.075773
0.127735
0.075400
0.139316
0.183083
0.028842
-0.029044
-0.036278
-0.063225
0.160188
-0.002668
0.130650
0.117475
-0.045102
0.135929
-0.042693
-0.060150
0.069802
0.034130
0.020239
-0.144862
0.004614
0.135090
-0.112215
-0.090843
0.116769
-0.152428
-0.225693
0.042878
-0.040142
-0.101359
0.050709
0.003661
-0.035447
0.056250
-0.071127
0.051357
0.004354
-0.103803
0.000141
0.184711
-0.066239
0.065900
0.203182
-0.052923
-0.173418
-0.127076
-0.073387
0.083527
0.048302
0.252061
0.119919
-0.115925
0.385170
0.094258
0.020716
0.127944
0.215990
0.002287
0.025234
0.286991
-0.102129
-0.013157
0.043178
-0.094541
-0.049667
0.169387
-0.126523
0.141486
-0.077450
0.183190
0.064128
0.110174
-0.160705
0.047328
0.148216
-0.031209
-0.196590
-0.077831
-0.108920
0.038002
-0.336196
-0.007616
-0.037574
0.200932
-0.048129
0.198527
-0.051315
-0.123990
0.449137
0.035268
-0.142532
0.039535
-0.165616
0.343185
-0.034155
-0.031040
-0.252121
-0.087647
-0.091051
-0.002410
-0.059029
0.193580
0.101030
-0.213312
-0.021956
-0.050872
0.021393
-0.045624
0.109647
0.415487
-0.004272
0.061045
0.058345
0.009436
0.226112
-0.039806
-0.028108
0.156710
0.028081
0.232249
-0.051525
-0.015289
-0.132657
-0.164179
-0.058699
-0.116925
0.011377
0.040767
0.064190
0.235646
0.188435
-0.021192
-0.066502
-0.068894
0.124903
-0.081032
-0.158954
0.065498
0.078660
-0.138437
-0.102462
-0.145289
0.119652
-0.037477
-0.077392
0.016932
-0.050680
0.031650
0.067821
-0.169289
-0.007355
-0.042484
0.282974
-0.002787
0.031340
-0.543620
-0.083067
0.036087
0.262871
-0.157975
-0.144453
-0.052975
-0.046367
-0.020250
-0.052162
-0.054608
-0.092625
-0.008604
-0.174149
0.054148
0.185019
-0.088791
-0.091855
0.020671
-0.055734
0.110770
-0.023972
-0.018107
-0.107420
-0.037358
-0.161031
-0.049992
-0.306254
0.167226
-0.133679
0.083792
-0.058677
-0.015620
0.089105
0.041982
-0.034696
-0.068312
-0.005966
-0.090264
-0.282212
-0.074090
0.029450
-0.073480
0.017977
0.014549
0.076322
-0.044871
0.111416
-0.087542
-0.106104
-0.141362
0.024582
0.182697
-0.016341
0.001700
0.025799
-0.023147
0.070059
0.031537
-0.027243
-0.064353
-0.069479
-0.150058
0.074444
-0.002489
0.060914
0.032262
-0.205494
0.209750
-0.145306
-0.041828
0.050749
-0.210189
0.031878
0.076169
-0.047246
-0.025277
0.120562
-0.048200
0.163917
0.193067
-0.163676
-0.031290
-0.104553
0.004469
-0.152014
-0.079582
-0.076577
-0.186256
0.022946
-0.117462
-0.146339
-0.166413
0.069810
0.055280
-0.047176
-0.044788
-0.117487
0.126351
0.243016
-0.064508
0.158285
-0.076717
0.060082
-0.000798
0.088803
0.290300
-0.091111
-0.083141
0.206610
-0.113246
-0.099834
-0.257033
0.037411
-0.086467
0.022660
0.090226
-0.115277
-0.061495
0.030822
0.014796
-0.070514
0.018265
0.201034
-0.269356
-0.106360
-0.227627
0.043945
-0.075696
0.074369
-0.114537
-0.037701
0.011773
-0.232662
0.100742
-0.144123
-0.175084
0.402555
-0.062283
0.000179
-0.109456
0.067704
0.054211
0.039728
0.000812
-0.124226
0.016308
0.120975
-0.103356
0.085958
0.132788
-0.198385
-0.054926
-0.217995
-0.154754
-0.120585
-0.003911
-0.089004
0.089585
0.115599
0.230588
-0.267530
0.088096
-0.081064
-0.201687
-0.094849
-0.005181
-0.163270
-0.158536
0.171642
-0.147429
0.032083
-0.041894
0.014028
0.012960
0.017841
0.029371
0.102584
0.062624
-0.078767
-0.046839
0.062741
-0.027807
-0.096670
-0.056187
0.228845
0.245275
-0.070022
0.007477
-0.134455
-0.231074
0.053693
-0.104406
-0.055272
0.083552
0.126777
-0.076676
-0.121634
0.082479
-0.089715
0.013044
0.012629
-0.112747
0.184716
0.095083
-0.204989
-0.198290
0.136845
-0.284296
-0.025520
0.121412
0.133749
-0.094527
0.115334
-0.228626
-0.046585
0.217358
-0.246700
-0.128718
-0.058966
-0.154965
-0.038892
-0.093475
0.130721
-0.081299
-0.120703
0.027406
-0.147895
0.080012
0.046622
0.043622
0.233906
-0.050649
-0.055659
0.035456
-0.049411
-0.198286
-0.048823
0.115887
-0.114501
-0.001799
0.013578
0.065420
0.027110
0.153887
0.139583
0.198600
0.233306
-0.165054
-0.120482
-0.106420
-0.088652
0.132802
-0.132552
-0.006810
0.059458
0.073232
-0.164763
-0.265845
-0.033125
0.049476
-0.059863
0.022146
0.129937
-0.080333
-0.046568
0.028022
-0.089874
0.008426
0.088420
0.265642
-0.032465
-0.057740
-0.183622
-0.058513
0.035370
-0.095803
-0.064063
-0.094244
0.235916
-0.179687
-0.016144
0.007630
-0.132653
-0.113053
0.183143
0.020564
0.245719
-0.129122
0.023584
-0.146786
0.034983
-0.053408
0.088608
0.291433
0.097194
-0.086834
0.093522
0.223735
-0.100763
-0.052098
-0.035618
-0.020162
0.070853
-0.112648
0.307991
-0.081011
-0.013755
-0.046116
-0.060106
0.028211
0.149568
-0.092476
0.075960
0.048756
-0.272406
-0.028235
0.112557
-0.021345
0.021520
-0.123703
-0.196262
-0.184783
-0.041339
-0.021283
-0.002948
0.039120
-0.078042
0.039378
-0.103989
0.235805
-0.151224
-0.035662
-0.321092
-0.021585
-0.037246
-0.130873
0.021570
-0.071846
-0.202457
-0.027040
0.046386
-0.031563
0.157621
0.038888
-0.058557
0.032627
0.031599
0.073705
0.058661
0.138367
-0.164013
-0.079948
-0.071455
-0.086003
-0.014267
0.168409
0.078162
-0.049891
0.515445
0.142828
0.231602
0.050287
0.024169
-0.136011
-0.178882
0.034636
-0.122637
-0.118928
-0.074754
-0.045053
-0.144260
-0.026159
-0.000680
0.075863
-0.056181
-0.069562
-0.025810
-0.140803
0.187388
0.134151
-0.009492
0.025802
0.037679
0.234848
-0.036048
-0.033556
-0.029322
0.217994
0.352475
-0.214373
-0.159331
-0.132225
0.067827
-0.037520
-0.055540
0.009018
-0.114623
-0.037541
-0.209773
0.114068
-0.040271
0.141930
0.100713
-0.112483
-0.020643
-0.115432
-0.036106
0.008579
0.045577
-0.124526
0.088086
0.299332
-0.046719
-0.073959
-0.101477
-0.064060
-0.055579
-0.208639
-0.043316
-0.012063
-0.074428
-0.005516
0.087125
0.219441
0.019179
0.096503
-0.144670
0.144536
-0.132799
-0.196426
0.077326
0.074895
-0.067166
-0.167354
0.068959
0.020052
0.095331
0.099608
-0.256890
0.088396
0.197312
0.094841
0.148438
0.085436
0.037294
0.140360
0.064343
0.271718
0.097629
-0.214282
-0.151822
-0.001122
-0.073986
0.349840
0.070487
0.294024
-0.005389
-0.150339
0.086607
0.003145
0.255311
0.090670
-0.092171
-0.030250
0.008535
0.068786
-0.104624
0.082217
0.119518
-0.094130
0.044990
0.286425
0.003317
0.096771
0.142624
0.046812
-0.066945
0.004117
0.059807
-0.070240
-0.129376
-0.097634
0.040599
0.010247
-0.072296
0.153493
0.086828
0.169538
0.185188
0.067228
0.171808
-0.064505
0.113287
0.064912
0.036747
-0.088014
-0.011124
0.019837
0.021121
0.023932
0.004616
0.188758
0.100779
0.180321
-0.186533
0.139243
-0.024191
-0.220524
-0.084962
-0.054136
-0.044380
-0.166738
0.142430
0.065875
-0.007795
0.024191
-0.094390
-0.005763
-0.189826
-0.121208
0.006567
0.012163
0.015688
0.176347
0.039499
0.045273
0.269870
-0.013791
0.112124
0.282085
0.032092
-0.202262
-0.031238
0.041380
0.065777
-0.035537
0.127688
-0.095018
0.021504
0.247111
-0.087294
-0.073554
0.180899
0.014788
-0.120637
-0.061107
-0.058890
-0.022803
0.103043
-0.055618
0.235265
0.235700
0.131882
-0.020351
0.026741
0.014176
-0.014052
0.041645
-0.093361
-0.186311
-0.046674
-0.030618
-0.021859
0.048188
-0.056355
0.039563
0.108698
-0.000444
-0.087554
0.037872
0.143039
0.067531
0.043379
0.084452
-0.064328
-0.032671
-0.007942
-0.102231
-0.037739
-0.011336
-0.052841
0.133608
0.102315
-0.291895
0.029102
-0.044841
-0.127119
0.073249
-0.132577
-0.230642
0.137246
0.112924
-0.017834
0.083607
0.125080
0.171767
-0.114194
0.083107
0.233441
-0.015913
0.003144
-0.123263
-0.059581
0.101614
-0.154971
0.092739
-0.310143
-0.061888
-0.011263
0.094095
0.114736
0.137121
0.091586
-0.007138
0.023162
0.166250
0.003379
0.012338
-0.222943
0.036189
-0.013312
0.033672
-0.115375
0.044205
-0.002866
-0.215445
0.049925
0.117645
-0.111041
0.163375
0.038695
0.276731
-0.040786
0.064321
0.053475
-0.016686
-0.205438
-0.142276
0.010717
0.077040
-0.094753
-0.040048
0.011827
0.019738
0.030127
-0.143684
0.010146
-0.012039
-0.185010
0.034282
-0.038332
-0.362742
-0.033420
-0.066370
0.112217
0.100458
-0.254189
-0.073544
-0.063794
-0.013166
0.123586
-0.062669
-0.053947
0.018830
-0.006257
0.020853
-0.048578
-0.066823
-0.175549
0.083804
-0.080476
-0.055930
-0.058508
0.129652
0.008624
-0.033682
-0.150735
-0.050222
-0.145313
0.268396
-0.047439
0.215839
0.029930
-0.013073
-0.053416
-0.048309
0.041053
-0.105884
-0.061023
-0.338030
0.105547
-0.014814
0.144684
-0.021295
-0.074940
0.026098
0.159454
-0.011707
-0.186183
-0.022514
0.283088
0.115582
-0.173867
0.140403
-0.087524
0.230381
0.147988
-0.162148
0.089569
-0.147865
0.033058
0.208644
-0.084593
0.090676
0.105344
-0.004953
-0.096290
0.064101
0.185510
-0.032849
-0.008768
-0.065753
0.045129
-0.067092
-0.023986
0.088958
-0.178415
-0.158131
0.151537
0.361834
-0.011511
-0.126234
-0.096920
-0.170491
-0.090945
0.116198
-0.051692
0.208357
-0.264257
-0.173123
-0.010123
0.120001
0.094140
-0.168031
0.056186
0.051075
-0.080400
0.061207
-0.020580
0.036087
0.024544
0.023789
-0.167550
-0.096364
0.230826
-0.005825
0.178197
-0.189649
0.251227
-0.043473
0.002047
0.112606
0.189984
-0.034042
-0.132398
0.012629
0.084218
-0.129465
0.028475
0.126547
-0.197861
0.268821
0.038521
0.002670
0.006080
0.013476
0.209354
0.218584
0.128594
-0.056819
-0.072564
-0.080522
-0.065042
-0.210639
-0.221468
0.160423
-0.045684
-0.087994
0.200509
-0.239542
0.006781
0.033391
0.092842
0.151775
0.019446
0.048056
0.009838
0.135017
-0.030912
0.185585
0.054810
0.084204
0.146359
0.115795
-0.152000
-0.094634
-0.196299
0.049411
0.136151
0.048980
0.020281
0.036529
0.004830
-0.005184
0.124111
-0.078361
0.013590
0.004695
0.086943
-0.015003
-0.034099
-0.090385
0.276668
0.113715
-0.057383
0.039483
0.205389
0.004442
0.011869
0.125050
-0.101052
-0.000425
0.069344
-0.133526
0.015861
-0.036484
-0.104906
-0.010896
-0.004280
0.096357
0.115240
-0.070352
-0.096346
0.306806
-0.026053
0.147403
0.120785
-0.023605
-0.088880
-0.089447
-0.015919
0.005421
-0.133086
-0.160763
-0.037521
0.149715
-0.020023
-0.035919
0.061111
0.103369
0.029967
0.150762
0.116324
0.074676
0.080202
-0.002742
-0.026750
-0.014328
-0.008473
-0.097671
0.034494
-0.012096
0.089142
0.041121
-0.087127
-0.047985
-0.057565
-0.182728
0.188359
-0.112801
0.142696
0.164014
0.011351
-0.167154
-0.076696
0.100082
0.126149
-0.054662
-0.021066
-0.212546
0.119849
-0.019934
0.134366
-0.037569
-0.065524
0.124743
0.056944
-0.001262
0.019016
-0.059341
0.081596
-0.123491
-0.272073
0.001792
0.021247
0.000848
-0.127799
-0.234897
-0.027446
-0.002029
0.097023
-0.055598
-0.150576
0.100273
0.099796
0.009381
0.156269
0.013126
0.073041
0.198020
-0.010173
-0.028945
-0.187473
-0.159515
0.042283
-0.202303
-0.030641
-0.055850
0.036441
-0.143519
-0.057930
0.071965
0.084257
0.079158
0.141602
0.074266
0.013405
-0.100463
-0.069379
0.279244
0.101003
0.060917
0.127213
0.130865
0.264401
0.042000
0.034400
0.163121
-0.046320
0.071914
-0.370918
0.006225
-0.033896
0.007330
-0.076179
-0.030174
-0.025111
-0.129353
0.282485
0.046630
-0.344630
0.046611
-0.205775
-0.081335
0.131836
-0.077122
0.005435
0.060071
0.087013
-0.040272
-0.051784
0.037366
-0.235854
0.031858
0.185550
0.095232
-0.021157
0.115197
0.241923
0.176354
-0.100017
0.021572
0.115486
-0.039823
0.033690
-0.149380
0.198315
-0.068470
-0.075233
-0.027146
0.050913
-0.054637
0.108497
-0.014604
0.003122
0.069083
0.061439
0.157614
-0.261451
0.039720
0.033933
0.101421
0.093047
0.040658
0.077760
0.084859
0.062229
0.107601
0.057039
-0.136223
0.032422
-0.169687
0.006005
-0.110613
-0.073628
0.264350
0.140217
0.119000
-0.079608
-0.056158
0.120650
-0.247264
0.045591
-0.108047
0.131845
0.010827
-0.037265
0.167054
0.223571
-0.123363
0.045340
-0.005197
0.029156
-0.042785
0.081085
-0.014582
0.116877
0.205617
-0.090533
0.079297
0.019768
0.049896
0.085092
-0.013879
0.030994
-0.063699
-0.108556
-0.001922
0.088944
-0.333012
-0.102066
-0.080799
0.145988
0.133145
0.015750
-0.005619
-0.049735
0.047977
-0.006307
-0.033819
-0.053708
-0.136874
-0.137540
-0.217500
0.071876
0.152067
-0.086285
0.028367
0.082242
-0.172089
-0.052923
0.225879
-0.144483
-0.059536
-0.115518
-0.003760
0.126408
0.046949
0.098744
0.246087
-0.056537
0.046770
0.010221
-0.147843
-0.026833
0.098152
0.011168
-0.025579
0.081289
-0.030594
0.093993
-0.005176
-0.030111
0.159398
0.142854
0.231355
-0.090954
-0.087642
0.061311
-0.123948
-0.034410
0.065693
0.051831
0.000590
0.022014
0.012630
0.102384
-0.106458
-0.041809
-0.079877
0.094998
-0.063546
-0.052776
0.001352
-0.079788
-0.105780
0.280392
-0.030259
0.037628
0.082781
-0.032103
0.229823
-0.139304
-0.049680
-0.085421
-0.043370
0.026576
-0.034467
0.075746
-0.098575
0.076110
0.005412
0.104215
0.038002
-0.051597
-0.017912
-0.037183
-0.132601
0.051011
0.125876
0.313818
0.096928
0.095094
0.095839
-0.131286
-0.104104
0.174544
0.083670
0.052480
0.060139
-0.056792
-0.035232
-0.051721
0.039040
0.141404
-0.027182
-0.177719
-0.116101
0.092821
-0.077269
0.003157
-0.022317
-0.026834
-0.031885
0.362033
-0.182375
-0.207088
-0.041357
0.037978
0.153277
-0.068384
0.000075
0.165547
0.184301
-0.077345
0.006672
0.217191
-0.054103
-0.001545
-0.146915
-0.112329
0.045277
-0.016709
0.025474
0.013468
0.013935
-0.184423
0.054970
0.243099
0.019860
0.101653
0.142461
0.073950
-0.068031
-0.028173
-0.049296
-0.010869
0.008092
-0.043590
0.001767
0.182971
0.311728
-0.059257
0.196329
0.161922
0.071878
-0.040860
0.021011
0.012829
0.277647
-0.047536
-0.026205
-0.359646
-0.117625
-0.141770
0.057918
-0.018591
0.027672
0.117146
-0.119597
0.078886
0.144064
-0.087470
0.026755
0.154537
-0.006953
0.153730
-0.029773
-0.273475
-0.002480
0.032504
0.145310
0.040208
0.145677
-0.177551
-0.090340
-0.070120
-0.185346
-0.037744
0.009245
0.006816
0.169809
0.030920
-0.064866
-0.054094
-0.239590
0.017499
-0.075105
0.001055
-0.019139
-0.072077
0.173251
0.002072
-0.035581
0.117459
-0.034865
-0.038088
-0.061622
0.011403
-0.018856
-0.046708
-0.123643
-0.003979
-0.028877
-0.158984
0.101337
-0.136129
-0.072779
-0.093457
0.265725
-0.265617
0.052622
0.126770
0.060073
-0.029692
-0.192689
-0.077947
0.047166
0.064077
-0.105290
-0.129047
0.129516
-0.076180
-0.048212
-0.028596
0.043912
-0.007954
0.217403
0.019057
0.088790
0.088995
0.144116
0.101570
0.248517
-0.136611
0.322259
0.141752
0.089395
0.055872
0.000911
-0.225300
-0.053188
0.325587
-0.090516
-0.031612
0.157093
0.102053
0.262154
0.212715
0.323934
-0.076730
-0.292868
0.081735
0.037193
0.036662
-0.059475
0.130073
-0.114198
-0.030369
-0.017073
-0.139606
0.031256
-0.050161
0.031571
0.053223
-0.004497
-0.037494
-0.059869
-0.167512
0.034861
0.056713
-0.012141
-0.030515
0.004901
-0.083771
-0.097114
-0.044529
0.174873
-0.014122
0.156282
-0.182980
0.000918
-0.093851
0.061796
0.037115
0.240279
0.081482
0.032741
-0.044104
-0.082906
-0.005212
-0.032344
0.060796
0.181740
-0.071318
0.242158
-0.031981
0.084294
0.232288
-0.126225
0.056786
0.076302
-0.072466
-0.009265
0.102403
-0.004890
0.018397
0.076532
-0.393319
-0.002274
0.168928
0.111521
-0.213254
-0.244521
0.007805
0.016174
0.140019
-0.055299
-0.095701
0.147548
0.140955
-0.108714
0.240344
0.143941
-0.320690
0.162915
-0.149423
-0.110652
-0.058001
0.070467
0.009681
0.119466
0.030588
-0.109238
-0.004372
0.101097
-0.043333
-0.186404
-0.268473
0.096099
-0.023061
-0.251236
-0.142316
-0.039899
-0.084724
0.028930
0.048147
-0.012622
0.083156
0.105961
-0.020136
0.022177
0.014665
-0.025665
0.048847
0.070901
-0.135709
0.257792
-0.178891
-0.126209
0.297605
0.061476
-0.079812
0.134571
0.230882
-0.285082
-0.004861
-0.031783
-0.007987
0.088246
-0.085367
0.099468
-0.084043
-0.068323
-0.124245
-0.053011
-0.033660
-0.171445
-0.047755
-0.013340
-0.003826
0.048791
-0.079380
0.280354
-0.058061
-0.030919
0.014969
0.110434
-0.080115
-0.201367
-0.018669
0.052898
0.070475
-0.034086
0.004317
0.056069
0.164010
-0.210385
-0.183639
-0.024894
0.235323
0.043656
0.126726
0.147115
0.032426
0.030656
-0.015379
-0.026896
0.022727
-0.138451
0.116064
-0.049565
0.232246
-0.249389
-0.122407
-0.081742
-0.020412
-0.264771
-0.035630
-0.027678
-0.108260
0.072589
0.039298
0.096876
0.185526
-0.161007
0.172070
0.194836
0.011938
-0.011174
0.062622
-0.073902
-0.110593
-0.186816
-0.054396
0.097445
0.044538
0.061261
-0.152809
-0.081981
0.111375
0.117354
-0.057876
0.104836
0.036043
-0.021503
0.038978
-0.098528
-0.349049
-0.158706
-0.126494
-0.301600
0.067685
0.070969
0.091259
-0.088675
-0.069717
0.059608
0.163746
0.173536
0.072174
-0.029848
-0.059988
0.078862
0.265920
0.219217
-0.015325
0.009376
-0.162614
-0.316473
0.052900
-0.172147
0.024335
0.035441
-0.031957
-0.126739
0.122701
-0.066972
-0.123096
-0.076800
-0.000297
0.026351
0.017033
0.177108
0.072880
0.126244
0.185462
0.117908
0.208158
0.011311
-0.064433
-0.101428
-0.190522
-0.017664
0.150609
-0.053352
0.027668
0.230198
0.004719
0.059796
-0.096489
0.088013
0.119370
-0.129648
-0.315072
0.086440
-0.035273
-0.080017
-0.056972
-0.112227
0.125910
0.094197
-0.218711
-0.116913
0.154516
-0.034886
-0.436702
0.036935
-0.043051
-0.012792
0.094928
0.186375
-0.001690
-0.011567
-0.065434
0.019906
0.099258
0.149080
-0.159029
0.144022
0.388671
-0.105244
0.065250
0.184431
-0.028321
0.039491
-0.078330
-0.080182
-0.113189
-0.051800
-0.079625
-0.072697
0.030064
0.162964
0.038772
-0.319931
0.197989
-0.181055
-0.237488
0.031737
0.053562
-0.066622
-0.062895
0.031806
-0.112806
0.068994
0.037542
0.243308
0.153434
0.047052
-0.035575
0.040313
-0.315853
-0.007597
0.078624
-0.073208
-0.145838
0.026699
-0.010625
0.203091
0.060227
-0.091670
-0.047320
-0.133025
-0.089951
0.033721
0.028346
0.146598
0.066777
0.130740
0.213115
0.029904
0.047103
-0.198705
0.012675
-0.182039
0.002314
0.168575
0.123600
-0.041394
0.091358
0.054199
0.421257
0.233328
0.416108
0.113446
-0.193984
-0.021426
-0.052270
0.237818
0.030522
0.061350
0.113410
-0.071835
-0.018335
0.149861
0.009812
-0.013118
0.160263
0.058001
0.138048
-0.039307
0.230795
-0.107914
-0.039562
-0.038662
0.080800
-0.031421
0.185951
-0.036350
0.189286
0.318940
-0.318766
0.215778
0.359702
0.017296
0.074935
0.033418
-0.066690
-0.096516
0.046215
0.074537
0.197197
0.010935
0.048344
-0.138401
-0.214001
0.066467
0.054336
0.029508
-0.072853
0.136208
0.059076
0.105564
-0.091478
-0.069061
-0.033972
0.018787
-0.138531
0.162538
0.226389
-0.045434
-0.040110
0.054765
-0.037661
0.035823
-0.013050
-0.057929
0.035940
0.082357
0.078148
-0.013040
-0.222940
-0.118624
0.191053
0.275674
-0.068450
-0.143901
-0.050868
0.012172
-0.104918
-0.094333
-0.137101
-0.175323
0.254530
0.094189
-0.152982
-0.111619
-0.129957
-0.054600
-0.288134
-0.165689
0.010735
-0.030579
0.024392
0.159206
-0.080774
0.136439
-0.045471
0.025997
-0.209175
0.158754
-0.220297
-0.206854
-0.074294
0.356899
0.239620
0.047970
0.018334
0.123556
0.390446
-0.116477
-0.081287
-0.291020
-0.147442
-0.018563
0.242020
-0.250040
0.006431
-0.309100
-0.072225
0.010755
0.012486
0.140053
0.092928
0.037342
0.009647
0.035539
-0.306580
0.124115
0.051951
0.085024
0.018631
-0.085525
-0.166709
-0.186943
0.041087
-0.038478
0.175553
-0.006650
0.009070
0.010153
0.012308
-0.118756
0.311213
0.062423
-0.156472
-0.049918
0.013717
-0.007553
0.112435
0.123855
0.041616
0.001197
-0.115673
0.028658
-0.018013
-0.319746
-0.009269
0.012895
-0.125525
-0.049430
-0.044393
-0.007950
-0.138974
-0.126398
-0.056039
-0.034564
0.160364
0.065854
-0.062209
0.288428
0.011989
0.093836
-0.011745
-0.012115
0.046441
0.107289
-0.138705
-0.014444
0.092787
-0.021289
0.111517
0.045210
-0.038543
-0.046459
-0.101252
0.011486
0.091445
0.057182
0.234168
0.155201
-0.020442
-0.238458
0.165301
0.144004
-0.084371
0.058500
-0.111311
-0.121185
-0.214419
-0.033295
-0.139401
-0.089618
-0.080323
0.169571
-0.081741
0.152801
0.009884
-0.042266
-0.056463
0.092472
0.128859
-0.019588
-0.030900
-0.201160
-0.063631
0.078266
-0.138909
-0.003668
0.151541
0.008376
0.071969
0.028632
-0.050647
-0.156612
0.016997
0.046884
-0.038279
-0.055539
0.120750
-0.109433
-0.111097
0.042383
-0.179098
0.228851
0.270922
0.070926
-0.078109
0.021708
0.032519
-0.002402
-0.020662
0.017531
0.038747
0.017427
0.151488
-0.172775
0.114487
-0.093518
-0.192949
-0.066667
0.254664
0.151651
-0.165320
0.022490
0.134980
-0.183383
0.097569
-0.130075
0.306076
-0.113801
-0.021449
-0.060639
-0.096160
0.161634
0.260532
0.016333
0.089702
0.070931
0.097185
-0.203259
-0.123407
-0.121131
-0.012203
-0.082932
0.110553
-0.046971
-0.094864
0.006347
-0.083775
-0.073441
-0.079208
-0.091497
0.185666
0.319410
0.107317
-0.121464
-0.055465
-0.001977
0.039228
0.159920
-0.060728
-0.049260
-0.042169
-0.376397
-0.030199
0.061978
0.203725
-0.120076
-0.074719
0.314885
-0.041745
0.112293
0.208013
-0.063071
-0.147786
-0.051592
0.000727
-0.042372
0.081292
0.159085
0.209018
-0.013370
0.078647
0.024881
-0.048957
-0.081887
-0.119704
-0.125542
-0.223094
0.036692
-0.096007
-0.068271
0.127957
-0.057180
0.148768
0.002296
0.046509
0.001071
0.068317
-0.043646
-0.054512
-0.144890
0.010230
-0.021650
0.028504
0.100307
-0.061545
0.106273
-0.105840
-0.037918
0.076955
-0.009268
0.003941
-0.064275
0.061804
-0.001941
0.304626
-0.071497
0.090596
-0.190244
0.002156
0.029955
0.044490
-0.339481
-0.033876
-0.116063
-0.156714
0.025892
-0.099568
-0.034298
0.014228
0.028817
-0.051804
-0.065390
0.068498
0.011620
-0.138678
0.026366
-0.116275
0.054988
0.005922
0.153247
-0.015200
0.017323
0.214622
-0.076213
-0.055738
-0.068813
0.021684
0.029010
-0.022962
0.053006
0.026767
0.359719
0.046775
0.066250
0.033714
0.134689
-0.061764
-0.029045
-0.023652
-0.131579
-0.000166
-0.168833
0.030113
0.049082
-0.147296
0.103256
0.038224
0.131519
0.053201
0.037202
-0.033036
0.043983
0.200228
-0.125313
0.182083
0.038723
-0.164528
0.006085
-0.134551
-0.266977
-0.028086
-0.101125
-0.133647
-0.138968
0.015598
-0.091912
0.074842
-0.045380
0.108264
-0.011639
-0.123623
-0.284304
-0.168539
0.004072
0.080959
0.077370
-0.033756
0.270797
-0.000520
-0.000608
0.120263
-0.081333
-0.032969
-0.404427
-0.033341
-0.121805
0.205151
0.206914
0.426733
0.241202
-0.100161
-0.017588
-0.077034
-0.084809
-0.029829
0.024024
-0.054759
0.133819
-0.211562
-0.095507
0.023513
-0.092725
0.161620
-0.081191
-0.064150
-0.214186
-0.146059
0.140805
0.025179
0.447286
-0.020119
-0.039781
-0.105984
-0.025768
0.149504
-0.064371
0.141896
-0.013851
-0.077766
-0.025079
0.048629
0.012833
0.278167
-0.099470
-0.033011
0.124006
0.014226
-0.167959
-0.020603
0.017975
-0.141447
-0.190153
0.005034
0.013678
0.169193
-0.096312
-0.127333
0.240487
0.197164
0.093172
0.467133
0.017339
-0.016589
-0.033260
0.022815
-0.103368
-0.130665
-0.126786
0.036376
-0.167370
-0.150959
-0.002594
-0.179111
0.078638
0.015877
-0.052761
-0.029440
0.014420
0.000997
0.102523
-0.359204
-0.127649
-0.036234
-0.197298
0.015992
0.050385
-0.013003
-0.040618
0.455054
0.106430
-0.024117
-0.170198
0.024282
-0.104566
0.098080
0.203571
0.044207
0.027271
-0.070029
0.006612
-0.011310
-0.069683
0.133964
-0.017324
0.010994
-0.064621
0.036025
-0.188990
0.044175
0.018156
0.118223
0.006546
0.004221
-0.003822
0.006176
-0.054870
-0.102498
-0.020997
-0.196257
-0.016407
0.005495
-0.077875
0.101600
-0.101239
0.079594
-0.035732
0.002104
-0.091867
-0.092193
0.067872
-0.120019
-0.085856
-0.022756
-0.047882
-0.047278
0.097634
-0.046731
0.005672
0.047801
0.148222
0.054337
-0.177057
0.124209
-0.071118
0.356550
0.030546
-0.094364
-0.178417
-0.060984
0.022493
-0.081307
-0.079191
-0.103095
0.012081
0.010158
0.087778
0.003031
0.039203
-0.110118
0.016890
-0.112602
0.299508
0.674398
-0.387793
-0.029137
0.005836
0.123945
-0.083254
-0.064632
0.263386
0.383324
-0.155355
0.084131
0.073318
0.083146
-0.233762
0.041811
0.034295
0.255064
-0.161436
-0.270300
0.033650
-0.002418
-0.096311
0.015610
-0.086117
-0.052322
0.335965
-0.030648
-0.043045
-0.056226
-0.088740
0.065447
0.010452
0.184384
0.061813
-0.062649
-0.032465
-0.060575
0.311170
-0.189120
-0.122658
-0.077438
-0.075631
-0.033900
-0.280952
0.090358
-0.060513
0.089985
0.076283
0.202931
-0.191302
0.021928
0.164060
0.238565
0.076485
0.145880
-0.091477
-0.072386
-0.071178
0.023657
0.117426
-0.001244
-0.089692
0.193354
-0.076183
-0.061861
-0.052354
0.027299
-0.041174
0.015740
-0.081703
-0.103787
-0.093981
0.110842
0.079782
0.124703
0.123274
0.066085
-0.164895
-0.110196
-0.022473
0.129555
-0.142370
-0.047157
-0.094064
0.059161
0.089215
-0.097341
-0.305503
0.004689
0.109324
0.148923
-0.010270
0.158518
0.045512
0.077451
0.006858
0.179869
-0.086929
0.083947
0.152933
0.269945
0.136930
0.043870
0.120718
-0.008048
0.018748
-0.245484
0.178399
0.076634
0.085875
0.106838
-0.004066
0.092606
0.194544
-0.125282
0.102796
-0.038911
0.013353
0.125972
0.401597
-0.109057
-0.132372
-0.090169
-0.136445
-0.008544
0.129422
0.192630
-0.053728
-0.022447
0.181335
0.085845
0.221565
0.079704
0.270571
0.023578
-0.241773
-0.104795
0.021382
