-0.001193
0.000000
0.000000
0.000000
0.000000
0.000000
0.000000
0.000000
0.000000
0.000000
0.000000
0.000000
0.004853
0.007721
-0.004409
-0.005583
-0.001621
0.000000
-0.000079
0.000000
0.000000
0.000000
0.000000
0.000000
0.000000
0.000000
0.000000
0.000000
0.000000
0.000000
0.000000
0.000000
0.000000
0.000000
0.000000
0.000000
0.000000
0.000000
0.000000
0.000000
0.000000
0.000000
-0.000640
0.004157
0.000000
0.000128
0.000000
0.000000
0.000000
0.000000
0.000000
0.000000
0.000000
0.000000
0.000000
0.000000
0.000113
0.000000
0.000000
0.000000
0.000000
0.000000
0.000000
0.000000
0.000000
0.000000
0.000000
0.000000
-0.000966
0.000013
0.000000
0.000000
0.000000
-0.001940
0.003014
0.001294
0.015092
-0.000332
0.000000
0.000000
0.000000
0.000000
0.000000
0.000083
0.000000
0.000000
0.000000
0.000000
0.000000
0.000000
0.000000
0.000000
0.000000
0.000000
0.000000
0.000000
0.000000
0.000000
0.000000
0.000000
0.000000
0.000000
0.000000
0.000000
0.000000
0.000000
0.000000
0.000000
0.000000
0.000000
0.000000
0.000000
0.000000
0.000000
0.000000
0.000000
0.000000
0.000000
0.000000
0.000000
0.000000
0.000000
0.000000
0.000000
0.000000
0.000000
0.000000
0.000000
0.000000
0.000000
0.000000
0.000000
0.000000
0.000000
0.000000
0.000000
0.000000
0.000000
0.000000
0.000000
0.000000
0.000000
0.000000
0.000000
0.000000
0.000000
0.000000
0.000000
0.000000
0.000000
0.000000
0.000000
0.000000
0.000000
0.000000
0.000000
0.000000
0.000000
0.000000
0.000000
0.000000
0.000000
0.000000
0.000000
0.000000
0.000000
0.000000
0.000000
0.000000
0.000000
0.000000
0.000000
0.000000
0.000000
0.000000
0.000000
0.000000
0.000000
0.000000
0.000000
0.000000
0.000000
0.000000
0.000000
0.000000
0.000000
0.000000
0.000000
0.000000
0.000000
0.000000
0.000000
0.000000
0.000000
0.000000
0.000000
0.000000
0.000000
0.000000
0.000000
0.000000
0.000000
0.000000
0.000000
0.000000
0.000000
0.000000
0.000000
0.000000
0.000000
0.000000
0.000000
0.000000
0.000000
0.000000
0.000000
0.000000
0.000000
0.000000
0.000000
0.000000
0.000000
0.000000
0.000000
0.000000
0.000000
0.000000
0.000000
0.000000
0.000000
0.000000
0.000000
0.000000
0.000000
0.000000
0.000000
0.000000
0.000000
0.000000
0.000000
0.000000
0.000000
0.000000
0.000000
0.000000
0.000000
0.000000
0.000000
0.000000
0.000000
0.000000
0.000000
0.000000
0.000000
0.000000
0.000000
0.000000
0.000000
0.000000
0.000000
0.000000
0.000000
0.000000
0.000000
0.000000
0.000000
0.000000
0.000000
0.000000
0.000000
0.000000
0.000000
0.000000
0.000000
0.000000
0.000000
0.000000
0.000000
0.000000
0.000000
0.000000
0.000000
0.000000
0.000000
0.000000
0.000000
0.000000
0.000000
0.000000
0.000000
0.000000
0.000000
-0.005605
-0.000309
0.000000
0.000000
0.000000
0.000000
0.000000
0.000000
0.000000
0.000000
0.000000
0.000000
0.000000
0.000000
0.000000
0.000000
0.000000
0.000000
0.000000
0.000000
0.000000
0.000000
0.000000
0.000000
0.000000
0.000000
0.000000
0.000000
0.000000
0.000000
0.000000
0.000000
-0.002165
0.000072
0.000000
0.000000
0.000000
0.000000
0.000000
0.000000
0.000000
0.000000
0.000000
0.000000
0.000000
0.000000
0.000000
0.000000
0.000000
0.000000
0.000000
0.000000
0.000000
0.000000
0.000000
0.000000
0.000000
0.000000
0.000000
0.000000
0.000000
0.000000
0.000000
0.000000
0.000000
0.000000
0.000000
0.000000
0.000000
0.000000
0.000000
0.000000
0.000000
0.000000
0.000000
0.000000
0.000000
0.000000
0.000000
0.000000
0.000000
0.000000
0.000000
0.000000
0.000000
0.000000
0.000000
0.000000
0.000000
0.000000
0.000000
0.000000
0.000000
0.000000
0.000000
0.000000
0.000000
0.000000
0.000000
0.000000
0.000000
0.000000
0.000000
0.000000
0.000000
0.000000
0.000000
0.000000
0.000000
0.000000
0.000000
0.000000
0.000000
0.000000
0.000000
0.000000
0.000000
0.000000
0.000000
0.000000
0.000000
0.000000
0.000000
0.000000
0.000000
0.000000
0.000000
0.000000
0.000000
0.000000
0.000000
0.000000
0.000000
0.000000
0.000000
0.000000
0.000000
0.000000
0.000000
0.000000
0.000000
0.000000
0.000000
0.000000
0.000000
0.000000
0.000000
0.000000
0.000000
0.000000
0.000000
0.000000
0.000000
0.000000
0.000000
0.000000
0.000000
0.000000
0.000000
0.000000
0.000000
0.000000
0.000000
0.000000
0.000000
0.000000
0.000000
0.000000
0.000000
0.000000
0.000000
0.000000
0.000000
0.000000
0.000000
0.000000
0.000000
0.000000
0.000000
0.000000
0.000000
0.000000
0.000000
0.000000
0.000000
0.000000
0.000000
0.000000
0.000000
0.000000
0.000000
0.000000
0.000000
0.000000
0.000000
0.000000
0.000000
0.000000
0.000000
0.000000
0.000000
0.000000
0.000000
0.000000
0.000000
0.000000
0.000000
0.000000
0.000000
0.000000
0.000000
0.000000
0.000000
0.000000
0.000000
0.000000
0.000000
0.000000
0.000000
0.000000
0.000000
0.000000
0.000000
0.000000
0.000000
0.000000
0.000000
0.000000
0.000000
0.000000
0.000000
0.000000
0.000000
0.000000
0.000000
0.000000
0.000000
0.000000
0.000000
0.000000
0.000000
0.000000
0.000000
0.000000
0.000000
0.000000
0.000000
0.000000
0.000000
0.000000
0.000000
0.000000
0.000000
0.000000
0.000000
0.000000
0.000000
0.000000
0.000000
0.000000
0.000000
0.000000
0.000000
0.000000
0.000000
0.000000
0.000000
0.000000
0.000000
0.000000
0.000000
0.000000
0.000000
0.000000
0.000000
0.000000
0.000000
0.000000
0.000701
-0.004884
-0.005106
-0.001897
-0.001931
-0.001292
0.000000
0.000000
-0.004841
0.007418
-0.002728
0.000000
0.000433
0.000000
0.000000
0.000000
0.000000
0.000000
0.000000
0.000000
0.000000
0.000000
0.000000
0.000000
0.000000
0.000000
0.000000
0.000000
0.000000
0.000000
0.000000
0.000000
0.000000
0.000000
0.000000
0.000000
0.000000
0.000000
0.000000
0.000000
0.000000
0.000000
0.000000
0.000000
0.000000
0.000000
0.000000
0.000000
0.000000
0.000000
0.000000
0.000000
0.000000
0.000000
0.000000
0.000000
0.000000
0.000000
0.000000
0.000000
-0.005892
0.000480
0.000000
0.017519
-0.000818
0.000000
-0.001442
-0.000036
0.001356
0.000589
-0.001014
0.000305
-0.001566
0.000000
0.000000
0.000000
0.000000
0.000000
0.000000
0.000408
0.000000
0.003922
0.000000
-0.001459
0.000000
-0.000021
0.000000
-0.001356
-0.000612
0.004022
-0.000761
-0.000871
0.002941
0.000000
0.000000
0.000000
0.000286
0.000000
-0.010803
-0.002680
0.001020
0.000000
0.000000
0.000000
-0.003283
0.000000
0.000000
-0.005639
-0.001364
0.001046
-0.002375
-0.002854
-0.000844
-0.000896
0.000747
-0.000646
-0.001926
-0.000534
0.004933
-0.001497
0.000000
0.000227
-0.000352
-0.001080
-0.000469
0.000000
0.000000
0.000000
0.000799
0.000000
0.000000
-0.001440
0.000000
0.000000
0.000000
0.001123
0.000000
0.000000
0.000000
0.000000
-0.002130
0.000000
0.000000
0.000106
0.000000
0.000000
-0.002559
0.004604
-0.002554
0.001420
-0.002903
-0.001245
-0.000676
0.000000
0.000000
0.000000
0.000000
-0.002497
-0.006253
-0.004250
-0.003752
0.013115
-0.005564
-0.002408
-0.002922
-0.002829
-0.005173
-0.000413
0.000000
0.000000
0.000000
0.000000
0.000000
0.000000
-0.002689
-0.008186
0.011980
-0.000991
0.000327
-0.001323
0.000000
0.000000
0.000000
-0.004365
0.000000
0.000000
0.001772
0.000000
0.000000
0.000000
0.000000
0.000000
0.000622
0.000000
0.000000
-0.001830
-0.002099
0.000000
-0.002677
-0.000474
0.000000
0.000000
0.000000
0.000000
0.000000
0.000000
0.000000
0.000000
0.000000
0.000000
0.000000
0.000000
0.000000
0.000000
0.000000
0.000000
-0.002601
0.003616
0.000000
0.000000
0.000000
0.000000
0.000000
0.000000
0.000000
0.000000
0.000000
0.000000
0.000000
0.000000
0.000000
0.000000
0.000000
0.000000
0.000000
0.000000
0.000000
0.000000
0.000000
0.000000
0.000000
0.000000
0.000000
0.000000
0.000000
0.000000
0.000000
0.000000
0.000000
0.000000
0.000000
0.000000
0.000000
0.000000
0.000000
0.000000
0.000000
0.000000
0.000000
0.000000
-0.000651
-0.001876
-0.000243
0.000000
0.000000
-0.009395
0.002814
-0.002048
-0.000613
0.000000
0.000000
0.000000
0.000000
0.000000
0.000000
0.000000
-0.002421
-0.001546
-0.001879
-0.000860
0.000000
0.000000
0.000218
0.000000
0.000000
0.000000
0.000000
0.000000
0.000000
0.000000
0.000000
0.000000
0.000000
0.000000
0.000000
0.000000
0.000000
0.000000
0.000000
0.000000
0.000000
0.000000
0.000000
0.000000
0.000000
0.000000
0.000000
0.000000
0.000000
0.000000
0.000000
0.000000
0.000000
0.000000
0.000000
0.000000
0.000000
0.000000
0.000000
0.000000
0.000000
0.000000
0.000014
0.000000
0.000000
0.000000
0.000000
0.005119
-0.002962
-0.001498
-0.000064
-0.003427
-0.000550
0.008043
0.000000
0.000000
0.000000
0.000000
0.000000
0.000000
0.000000
0.000000
0.040714
-0.002857
-0.001886
0.002327
-0.000166
0.000000
-0.002495
-0.000906
-0.005395
-0.001736
0.000000
0.000000
0.004353
0.000000
0.000000
-0.002375
-0.003993
-0.004140
0.004621
0.000000
0.013079
0.000000
0.055965
0.000000
-0.001986
-0.001540
0.015418
0.000000
-0.011261
-0.000620
0.002179
0.013326
-0.001567
-0.001497
0.000000
-0.000732
0.000614
-0.000679
0.000000
0.000000
0.000000
0.000904
-0.000697
-0.002313
0.000000
-0.007865
0.000000
-0.001990
0.014922
-0.003469
0.000747
0.005126
-0.004410
0.000000
-0.000435
0.003174
-0.000478
0.004866
-0.001870
0.000000
0.000396
0.000000
0.014432
-0.002323
-0.000412
0.000787
-0.001367
-0.000780
0.000000
0.000000
0.000000
0.000000
0.000000
0.000000
0.000000
0.000000
0.000000
0.000000
0.000000
0.000000
0.000000
0.000000
0.000000
0.000000
0.000000
0.000000
-0.005838
-0.000507
-0.000861
-0.000977
-0.006206
-0.002420
0.003316
0.000000
0.004100
-0.000570
0.000000
0.000000
0.000000
0.000604
0.000000
0.000056
-0.000116
-0.002454
0.000000
-0.000771
0.000000
0.000000
0.000000
0.000000
0.000000
0.022365
-0.002391
-0.002452
0.000000
-0.002473
0.003635
0.000000
0.000000
-0.001845
0.000000
0.000000
-0.000437
-0.000764
-0.000825
0.000000
-0.001226
-0.001710
0.000056
0.000474
0.001045
0.000000
0.000000
0.000000
0.000000
0.000000
0.000000
0.000000
0.000000
0.000000
0.000000
0.000000
0.000000
0.000000
0.000000
0.000000
0.000000
0.000000
0.000000
0.000000
0.000000
0.000000
0.000000
0.000000
0.000000
0.000000
0.000000
0.000000
0.000000
0.000000
0.000000
0.000000
0.000000
0.000000
0.000000
0.000000
0.000000
0.000000
0.000000
0.000000
0.000364
0.000731
-0.000367
0.002979
0.000000
0.000000
0.004862
0.000000
-0.000587
0.000094
0.003984
0.000000
-0.003769
-0.002568
-0.001046
0.000000
0.001161
0.000000
-0.007329
0.001697
-0.001519
-0.000895
-0.004945
-0.000403
-0.001414
-0.000993
-0.001652
-0.000746
0.000000
0.000000
0.000000
0.000000
0.000000
0.000000
0.000000
0.000000
0.000000
0.000000
0.000000
0.000000
0.000000
0.003316
0.000000
0.001333
0.000000
-0.004740
0.000299
0.021807
0.005004
0.000000
0.000000
-0.001321
0.000000
0.000000
-0.000692
0.001319
0.000000
0.000000
0.000000
-0.002053
0.000000
0.000000
0.000000
0.000000
0.000000
-0.005135
0.005256
0.000728
0.000000
0.000000
0.000000
0.000000
0.000000
0.044508
-0.004989
0.000000
-0.001742
0.002823
-0.000972
0.000000
-0.000682
0.002191
0.002216
0.000129
-0.000302
0.000563
0.000000
0.000000
0.000000
0.000000
0.000000
0.000000
0.000000
0.000000
0.000000
0.000000
0.000000
-0.000109
0.001549
-0.000430
-0.001416
-0.000736
-0.000166
-0.002928
0.005744
-0.005619
-0.000319
-0.002734
-0.000953
-0.002128
-0.001225
-0.000189
0.000000
0.000000
0.000000
0.000000
0.000117
-0.005782
-0.001606
-0.000030
0.010718
-0.001456
0.000000
0.009997
0.000000
0.000000
0.000000
-0.000393
0.006452
-0.001798
-0.003381
0.000227
0.000000
-0.001782
-0.005833
-0.001759
-0.003862
0.000000
0.000000
-0.001542
0.000862
-0.002970
-0.004834
-0.000886
-0.002573
0.001288
-0.003282
0.001434
0.000000
0.000843
-0.000746
0.000000
-0.001549
0.000000
-0.001659
0.000000
0.000000
-0.000172
-0.000845
-0.003013
0.000000
0.003546
-0.006902
0.022081
-0.002295
0.000000
0.000000
0.000000
0.000000
0.000000
0.000000
-0.001429
-0.009883
-0.000800
-0.004275
-0.004796
-0.001803
0.001556
-0.002026
0.000000
-0.001497
0.000000
-0.003155
-0.001440
0.000000
0.004687
-0.001454
-0.000191
0.000000
-0.001795
0.000000
0.000261
0.000000
-0.001651
-0.003506
0.000839
0.000000
0.000000
0.000920
0.000000
0.000000
-0.000514
0.000227
0.010957
-0.000982
-0.004051
0.002636
0.000000
0.000000
0.017343
-0.001272
-0.000388
-0.001320
-0.001929
-0.003837
0.000272
-0.001931
0.015838
-0.001643
0.011560
0.001417
0.000000
0.000000
0.000000
0.000000
0.001961
-0.004529
0.002617
0.000000
0.001230
-0.002682
0.000000
0.000000
0.000000
0.001328
0.000000
-0.004424
-0.001044
-0.001235
0.000000
0.000000
0.000000
0.000000
0.032616
-0.000913
-0.003130
-0.002603
-0.000683
0.000000
-0.001517
-0.000253
0.001587
-0.000782
0.000000
0.007624
-0.003469
-0.003187
0.001605
-0.002768
0.001298
0.000000
0.000000
-0.002836
-0.001438
0.000000
0.000000
0.000000
0.000000
0.000000
0.000000
0.012204
0.004914
0.031055
0.017113
0.000701
-0.005743
-0.001184
-0.001897
-0.005138
-0.004122
-0.002597
-0.001767
-0.000885
-0.001013
-0.000595
0.001387
-0.000676
-0.003282
-0.000053
0.013810
-0.001184
0.000528
0.000024
-0.003440
-0.001532
0.000000
-0.001039
-0.001378
-0.004182
0.001543
0.000000
-0.003731
-0.000397
-0.002096
0.001595
-0.001295
0.000016
-0.000955
0.000637
-0.004895
-0.000080
-0.003225
-0.001094
0.000000
0.000000
0.000000
0.000000
0.000000
-0.002893
-0.001252
0.000226
0.000000
0.000000
0.000000
0.000000
0.004552
-0.003535
0.000012
0.000000
0.000000
0.000000
0.000000
0.000000
0.000000
0.000608
0.000000
0.000000
0.000000
-0.002347
-0.001942
0.003006
-0.004426
0.000000
-0.005365
-0.004181
-0.001922
0.000000
0.000000
0.000000
0.003036
0.000000
-0.001184
-0.001072
0.000069
0.000738
0.000078
0.001991
-0.000714
-0.000585
-0.000829
-0.001204
-0.001060
-0.002280
0.017402
0.000245
-0.000812
-0.004623
0.000000
0.004704
0.000000
0.000000
0.000000
-0.000978
-0.001147
0.000000
-0.003069
0.005816
-0.001578
0.000000
0.000000
0.006384
0.000568
-0.000158
-0.000280
-0.002025
0.001788
0.000000
0.000000
0.000020
0.001185
0.014686
0.000058
0.002251
0.001371
0.000204
-0.001348
0.000000
-0.000331
0.001249
0.000000
-0.001108
0.000132
-0.001389
0.018430
-0.002908
0.001746
0.019901
0.001659
0.000000
0.000000
-0.002835
-0.003594
-0.000108
0.000887
0.002259
-0.002432
0.001287
-0.000593
-0.002286
0.000000
0.000000
-0.001751
0.000000
0.000000
-0.003638
-0.007789
-0.001207
-0.001933
0.003209
0.000000
0.000000
0.000000
0.002535
0.000000
0.000000
-0.001637
0.000815
-0.002033
-0.000331
0.000000
-0.000373
-0.000384
0.000000
0.000000
-0.001734
-0.004922
-0.000381
-0.006815
0.000000
0.000000
-0.001360
0.001068
-0.000574
-0.003725
0.000509
-0.002356
-0.000578
0.000060
0.001637
0.000000
0.000000
0.000000
0.000000
0.000000
0.000000
0.000000
0.000878
0.000000
0.000000
0.000000
0.000000
0.000000
0.000000
0.001123
-0.000273
-0.002690
-0.002008
-0.002851
0.000000
-0.000953
-0.012405
-0.000852
0.003422
0.000013
0.000000
0.000000
-0.002763
0.001060
-0.001678
0.000309
0.000000
0.000000
0.000000
0.000000
0.000000
-0.002705
-0.000249
-0.003761
-0.003291
-0.002978
0.006531
-0.001915
-0.000687
0.000000
-0.002558
-0.001596
-0.006832
-0.000769
0.000608
0.000000
0.012877
0.000000
-0.000136
0.000661
0.000391
0.001133
0.000059
0.000000
-0.000648
-0.001974
-0.002219
0.000000
-0.000320
-0.001458
-0.002240
-0.000406
-0.000428
-0.002540
-0.003789
-0.001210
-0.001765
0.000000
0.000000
0.012678
-0.009734
-0.000002
0.000128
0.000000
0.000000
-0.001227
-0.000748
0.002263
0.000000
-0.000454
0.000000
0.000000
0.000000
-0.000243
-0.003358
0.004077
0.018591
-0.003472
-0.000722
0.000927
-0.000992
-0.001367
0.000702
-0.000324
-0.003426
0.000000
0.000000
-0.001282
0.000000
-0.011560
-0.003055
-0.003722
-0.000241
-0.001518
-0.002115
0.001386
0.000000
-0.002073
-0.000524
-0.005691
-0.001792
-0.001923
0.000000
-0.001943
0.000770
0.000000
0.000000
0.000000
0.000000
-0.009359
0.022760
-0.001898
0.000424
-0.001211
-0.000987
-0.002729
-0.007216
-0.001406
0.000000
0.000000
0.000000
0.000107
0.000712
-0.002269
0.000414
-0.001715
0.000000
0.005957
-0.001226
0.021164
-0.007638
-0.002804
-0.000881
-0.008332
-0.001817
-0.002651
0.003307
-0.003805
-0.000521
-0.000920
0.001401
0.000000
0.000000
0.000000
0.003328
-0.000940
0.000000
0.000000
0.000000
0.000000
0.000000
0.000000
0.000000
0.006659
0.001827
-0.000911
0.013885
-0.001293
0.006997
-0.004509
-0.002272
-0.001378
0.000106
-0.003081
0.004656
0.000000
-0.000661
-0.002088
0.002964
0.000000
0.000000
0.000000
0.000000
0.000000
-0.002789
-0.001006
-0.002617
-0.001020
0.000000
-0.001090
-0.003816
0.001001
-0.001155
-0.004138
0.004059
0.000000
-0.002509
-0.001317
0.000060
0.000265
-0.000680
0.015046
-0.000188
-0.003180
0.000965
0.012732
0.011718
-0.000161
-0.000309
0.000000
0.000000
0.000938
-0.003701
-0.000857
0.000000
-0.000727
-0.001230
0.000000
-0.000418
0.000000
0.000000
0.000000
-0.003077
0.000296
-0.000326
0.000215
0.000000
0.000112
-0.001568
0.001561
-0.005555
0.009239
0.000000
-0.001900
0.000000
0.014546
0.000526
-0.001609
-0.003202
-0.001242
0.000000
0.000000
-0.000376
0.023108
0.000427
0.000000
0.000000
0.000000
0.000000
-0.008376
-0.003508
-0.003829
0.000000
0.000000
0.000000
0.000000
0.000075
-0.001412
0.001151
0.019382
-0.000247
-0.000603
-0.000889
-0.000789
0.000000
0.000000
0.000000
0.000000
0.007633
0.000000
0.000000
-0.010814
0.001178
0.000000
0.000000
0.000000
0.000000
0.000000
0.000000
-0.001621
-0.000079
-0.004554
0.000000
0.000000
-0.001470
0.000000
0.000000
0.000000
-0.001679
0.000000
0.000000
-0.001707
-0.000489
0.001648
0.000000
0.000000
0.000000
0.000000
0.000000
0.000000
0.000000
0.000000
-0.003476
-0.005291
-0.004630
-0.001615
0.006274
0.000000
-0.000718
0.000000
-0.000665
-0.008822
-0.000424
-0.007756
-0.000901
-0.001894
-0.002759
-0.001901
0.001859
-0.001114
-0.000132
-0.000540
-0.004452
0.000726
0.000163
-0.001632
-0.004105
-0.005536
0.001474
0.001669
0.000000
0.000000
-0.002655
0.000000
0.000090
-0.001236
-0.000205
-0.004151
0.000656
-0.000822
-0.004865
-0.004595
0.000552
-0.001931
-0.000868
-0.002661
-0.001044
0.000000
0.000000
-0.002706
0.000100
0.000000
0.000000
0.001475
0.000290
0.000000
0.000000
-0.004970
0.000000
-0.009534
-0.000407
-0.003267
0.000321
-0.001047
-0.002015
-0.003244
-0.001653
0.008299
0.000000
-0.001229
-0.000115
-0.001270
-0.000805
-0.000523
0.000028
0.000424
-0.004251
0.000000
-0.000296
0.000000
-0.001915
0.012884
-0.003760
0.000179
-0.000413
0.000000
0.000000
0.000000
-0.000508
0.023757
-0.003427
0.000457
0.000000
-0.000495
-0.000538
0.000000
0.008238
0.018496
0.000000
-0.005437
-0.001169
-0.000115
0.000000
0.000000
0.000000
-0.000925
0.000000
0.000000
0.000000
-0.001398
0.000344
0.002239
-0.000413
-0.005198
-0.005100
-0.001684
-0.002474
0.000257
-0.001632
0.008257
-0.000400
-0.000006
0.000000
-0.000614
0.000000
-0.000099
-0.002839
0.000000
0.000865
0.000000
0.000467
-0.000152
-0.005292
-0.002120
-0.001156
-0.000655
-0.000303
0.000000
-0.001328
-0.001629
-0.001518
-0.001698
0.000000
0.000012
0.011635
0.012658
0.000000
-0.000234
0.000292
0.015415
-0.000115
-0.001882
0.000000
-0.002381
0.012307
0.004314
0.000000
-0.002807
0.019978
-0.001829
-0.003937
-0.003290
-0.008231
-0.001095
0.000000
-0.004741
-0.001833
0.000415
-0.004027
0.000000
-0.003964
0.005612
-0.001593
0.000000
0.000000
0.000000
-0.000122
-0.001527
-0.003250
-0.000987
0.000000
-0.006236
-0.003678
-0.000601
0.001875
0.000000
0.000000
0.000000
0.000000
-0.005136
-0.001553
0.000000
0.000000
0.000000
0.000000
0.000000
0.000000
0.000000
0.000000
-0.001565
0.000000
0.000000
-0.001274
-0.004128
0.000000
0.011704
-0.001569
-0.000244
-0.002452
-0.002174
-0.007415
0.000627
0.000000
0.000000
0.000000
0.000000
0.000000
0.000000
0.000000
0.000000
0.000000
0.000000
0.000000
-0.004797
-0.000334
-0.003887
0.004421
-0.001657
-0.002038
-0.004016
-0.001971
-0.001033
-0.000348
0.000000
0.000000
-0.003184
-0.001222
0.021388
0.000908
0.000000
-0.009940
-0.001836
0.018241
-0.003365
-0.001651
-0.004202
-0.002512
-0.000133
-0.000574
-0.002367
-0.001954
0.000000
-0.003113
-0.002978
-0.002710
0.012181
-0.006287
-0.000119
-0.001470
0.000000
0.000000
0.002466
0.000000
0.000813
-0.003381
-0.000451
-0.002345
0.000532
-0.001748
0.000000
0.000000
0.000852
-0.001473
-0.005614
-0.000863
-0.003941
-0.007582
-0.002369
-0.001911
0.000000
-0.003044
0.000276
0.000502
-0.001199
0.000000
0.000491
0.000000
0.000812
0.000000
0.000000
0.000000
0.000000
0.000000
0.000000
0.000000
-0.002419
-0.002240
0.000000
0.000000
0.000000
0.000000
-0.000889
0.016164
-0.000291
0.004965
0.000000
0.000000
-0.000931
0.020250
0.000721
0.000000
0.000000
0.000000
0.000250
0.000000
0.000000
0.000000
0.000000
0.000000
0.000000
0.000000
0.000000
0.000000
0.000000
0.000000
0.000000
0.000000
0.000000
0.000000
0.000000
0.000000
0.000000
0.000687
0.000590
-0.002396
-0.001846
-0.002413
-0.000916
0.000000
-0.001138
0.000000
-0.000358
0.000253
0.007279
-0.002154
-0.003532
-0.000942
0.000824
0.000000
0.000000
0.000000
0.000000
0.000000
0.000000
-0.001772
-0.004422
-0.000060
0.022109
0.021820
-0.000282
0.000000
-0.001611
0.000641
0.000291
0.001911
-0.003102
0.000000
0.000000
0.007029
-0.000913
0.000000
0.000000
0.000000
-0.000417
0.000000
0.000000
0.000000
-0.002604
-0.000550
-0.001547
-0.002734
0.005065
-0.000950
0.000000
0.000000
0.000000
0.000000
-0.001783
0.009247
-0.000929
0.000000
0.000000
0.000000
-0.001519
-0.002792
-0.001193
0.014931
0.003550
0.000000
0.000931
0.000000
0.005748
-0.005769
0.000524
-0.003423
0.000000
0.000000
0.000000
-0.000514
0.000000
0.000000
0.000000
-0.002571
0.000000
-0.000134
0.000366
0.000114
-0.006186
0.030617
0.000901
0.000000
0.000000
-0.000906
-0.001475
0.006153
0.004085
0.001961
-0.001847
0.001030
-0.002386
-0.000320
-0.000283
0.000000
0.000000
0.000000
0.000000
0.007434
0.011264
0.001064
0.000000
-0.001651
-0.000902
-0.001521
0.002122
0.000000
0.000000
0.004863
0.000104
0.000000
0.000000
-0.006217
-0.002036
-0.000814
0.000032
-0.001758
0.000000
-0.002424
-0.000153
-0.007586
0.004408
0.000000
0.000000
0.000000
0.000000
0.000000
0.000000
0.000000
0.000000
0.000000
0.000000
0.021954
-0.002702
-0.002113
0.000000
-0.002508
-0.001093
-0.000962
0.000000
-0.001850
-0.004919
0.009317
0.000544
0.000000
0.000000
0.000000
-0.001362
-0.005113
-0.003940
0.000000
0.009882
-0.000219
0.001008
0.000000
-0.001594
-0.000095
0.000000
0.000000
0.000000
-0.001799
-0.000031
-0.004487
-0.002315
0.005837
-0.000902
0.018217
-0.001044
0.000000
-0.002571
0.001314
-0.002085
0.000379
0.000551
0.000332
-0.001321
0.009272
-0.001510
-0.001516
0.000039
0.000871
-0.003667
-0.001618
-0.001399
-0.003456
-0.001217
-0.003617
-0.002731
-0.001260
-0.000119
0.000000
0.000000
0.000000
-0.013264
-0.005277
-0.002895
0.000000
-0.006541
-0.003679
-0.001263
-0.000728
-0.000520
-0.001946
-0.004321
0.000462
-0.005129
0.000116
-0.008354
0.000000
-0.000673
0.001607
0.001962
-0.001389
-0.002377
-0.001733
0.000000
0.000000
-0.001366
0.001124
0.003841
0.000000
0.000000
0.000000
0.000000
0.000000
0.000000
-0.006058
0.000000
0.000346
0.000000
0.000000
0.000000
0.000000
0.000000
0.000000
0.000000
0.000000
0.000000
0.000484
0.000000
0.000000
-0.002719
-0.003630
-0.001349
0.000000
0.000000
-0.000095
-0.000703
-0.001556
-0.003465
-0.001408
0.000000
0.000000
0.001994
-0.001741
-0.004761
-0.004539
-0.002303
0.000698
0.000000
-0.000530
-0.002104
-0.001307
0.000000
0.000000
0.000000
0.000000
0.000000
0.000000
0.000000
0.005212
0.000000
0.000000
0.000000
0.000000
0.000000
0.000000
0.000000
-0.001170
0.006308
0.001770
0.000380
0.000000
-0.000653
0.000000
0.000000
0.000000
0.000000
-0.000763
-0.007180
-0.006122
0.000117
-0.002082
0.000000
0.000000
0.000000
0.000000
0.000000
0.000000
0.002745
0.000000
0.000000
0.000000
-0.000416
-0.001828
0.001388
0.000000
0.009710
0.000000
0.000240
-0.002740
0.000469
-0.001386
0.000245
0.000279
0.000631
0.000000
0.000000
0.000000
-0.001913
0.008276
-0.002413
-0.002518
-0.000427
0.042259
0.010688
-0.003494
-0.002553
-0.001221
0.000000
0.000000
0.000000
-0.001051
0.014537
0.019733
-0.002109
0.000618
-0.000858
-0.000595
0.000000
-0.000619
-0.002738
0.000000
0.000000
0.000000
0.000000
0.000000
0.000000
0.000000
0.000000
0.000000
0.000000
0.000000
0.000000
0.000000
0.000000
0.000000
0.000000
0.000000
0.000000
-0.003068
0.000000
0.000000
0.000000
0.000000
0.000000
0.000000
0.000000
0.000000
0.000000
0.000000
0.000000
-0.000024
0.003604
-0.001008
0.000000
0.000000
-0.000487
-0.001226
-0.002155
-0.003451
-0.001282
-0.002021
0.000088
0.000000
0.000000
0.000000
0.000000
0.000000
0.000000
0.000000
0.000000
0.000000
0.000000
0.000000
0.000000
0.000000
0.000000
0.000000
-0.000007
0.000000
0.000000
0.000000
0.000000
0.000000
0.000000
0.000000
0.000000
0.000000
0.000000
0.000000
0.000000
0.000000
0.000000
0.000000
0.000000
0.000000
0.000000
0.000000
0.000000
0.000000
0.000000
0.000000
0.000000
0.000000
0.000000
0.000000
0.000000
0.000000
0.000000
0.000000
0.000000
0.000000
0.000000
0.000000
0.000000
0.000000
0.000000
0.000000
0.000000
0.000000
0.000000
0.000000
0.000000
0.000000
0.000000
0.000000
0.000000
0.000000
0.000000
0.000000
0.000000
0.000000
0.000000
0.000000
0.000000
0.000000
0.000000
0.000000
0.000000
0.000000
0.000000
0.000000
0.000000
0.000000
0.000000
0.000000
0.000000
0.000000
0.000000
0.000000
0.000000
0.000000
-0.000405
-0.005691
-0.006230
0.000000
0.011524
-0.004873
-0.001447
-0.000547
-0.003717
0.002601
0.000000
0.000000
0.000000
0.000000
0.000000
0.000000
0.000000
0.000000
0.000000
0.001079
0.000000
0.000000
0.000000
0.000000
0.000000
-0.002096
0.000542
-0.001219
-0.000085
-0.006040
0.000000
0.002836
-0.001568
-0.002289
0.000207
0.000794
0.000000
0.000000
0.000000
0.000000
0.000000
0.000000
0.000000
0.000000
0.000000
0.000000
0.000000
0.000000
0.000000
0.000000
0.000000
0.000000
0.000000
0.000000
0.000000
0.000000
-0.000055
0.000000
0.000642
-0.002528
0.001628
0.004562
0.002285
-0.000909
0.009241
-0.001709
0.000273
-0.004318
0.008326
0.000000
-0.000242
0.009565
-0.002859
-0.001078
-0.000806
-0.001182
-0.002958
0.000000
0.001340
-0.003165
-0.002648
0.001054
0.000403
0.000000
0.000000
0.000842
0.000000
0.000000
0.000000
0.000000
0.000000
0.000000
0.000754
0.000106
-0.002444
0.000488
0.010755
-0.002444
0.000000
-0.004614
-0.002430
0.000560
0.001847
0.004357
0.000000
-0.004325
-0.000454
-0.000361
-0.000933
0.000105
0.000000
0.000000
-0.001638
0.000000
0.000133
-0.003544
-0.008004
0.000204
0.000000
0.000000
0.000000
0.000000
0.000000
0.000000
0.000000
0.000000
0.000000
0.000000
0.000000
0.000000
0.000000
0.000000
0.000000
0.000000
0.000538
0.000000
-0.000293
0.000983
0.000000
0.000000
0.000000
0.000000
0.000000
0.000000
0.000000
0.000000
0.000000
0.000000
0.000000
-0.000145
-0.001414
-0.000889
0.000000
-0.003312
0.000246
0.000532
-0.001108
-0.000574
0.000000
0.000000
0.000000
0.000000
-0.001456
-0.001152
-0.002469
0.020593
-0.000221
-0.000115
0.001655
0.000000
0.000000
-0.004966
-0.002707
0.000097
-0.001693
0.000323
-0.001802
-0.001963
-0.000293
-0.001925
-0.001675
0.000000
0.000000
0.000067
0.000000
0.000000
0.000000
0.000000
0.000000
0.000000
0.000000
0.000000
0.000000
0.000000
0.000000
0.000000
0.000000
0.000000
0.000000
-0.000863
0.000000
-0.000301
0.000000
0.000000
0.044366
-0.000023
-0.002015
0.003415
0.000000
-0.002810
0.000534
-0.000754
-0.001311
0.000009
0.000000
0.000000
-0.004286
0.006019
0.000000
-0.005189
-0.003231
-0.001864
-0.000109
0.014328
-0.000866
-0.002697
0.000000
0.000000
-0.002538
-0.002355
0.000000
0.011229
-0.001631
0.000091
-0.000181
0.006831
0.000000
-0.001249
0.000000
-0.001777
0.000174
0.017877
-0.001015
-0.000542
-0.000639
0.001955
-0.000992
-0.005494
0.001020
0.004360
0.000000
-0.003892
0.023961
0.000843
-0.001323
-0.006644
0.009886
-0.000208
-0.001554
0.000000
0.000110
-0.002440
-0.000600
-0.000948
-0.000259
0.000000
-0.000166
0.000726
-0.000771
-0.001608
-0.002856
-0.000105
-0.000702
-0.001376
0.006264
-0.003528
-0.001771
-0.003113
-0.000084
-0.002407
-0.002940
0.000630
-0.004188
-0.000646
0.003190
0.000000
0.000000
0.000000
-0.003817
-0.001822
0.009872
-0.002513
0.000000
0.000000
-0.000222
-0.001255
0.000508
-0.001166
-0.001929
-0.000159
-0.002841
0.000728
0.000000
0.000000
0.000000
0.000000
0.000000
0.000000
0.000000
0.000000
0.000000
0.000000
0.000000
0.000000
-0.001255
-0.000877
-0.001599
-0.000937
0.000159
0.000000
0.000000
0.000000
0.000000
0.000112
0.000000
-0.005908
-0.001796
0.001312
0.000000
0.000000
0.000000
0.005225
0.011674
0.000000
0.000000
0.000000
-0.003236
-0.002173
0.000000
-0.000071
0.018371
-0.003720
0.000457
-0.000538
0.000000
0.000000
0.000000
-0.001492
0.000527
0.000000
0.000000
-0.000302
-0.000277
0.000000
0.000000
0.000000
0.000000
0.000000
-0.001399
0.001391
0.000000
0.000866
-0.001965
0.000000
0.014262
-0.001544
0.000000
0.000000
0.000624
0.000000
0.000802
0.000000
0.000000
0.000000
0.003977
-0.000566
0.000000
-0.001857
-0.001836
-0.003475
0.000000
-0.005108
0.000000
-0.004380
-0.000310
-0.000897
0.003089
0.000000
0.000000
0.000000
0.000000
0.000000
0.000000
0.000000
0.000000
0.000000
0.000000
0.000000
0.000000
0.000000
0.000000
0.000000
0.000000
0.000000
0.001976
-0.002457
0.001613
0.000000
0.000000
0.000000
0.000000
0.000000
0.000000
0.007037
0.000000
-0.003616
0.000000
0.000000
-0.001294
-0.003745
-0.003547
-0.000690
-0.007277
0.019170
-0.001626
-0.000489
0.003938
0.000000
-0.000182
0.000000
0.006880
0.001521
-0.001598
-0.001105
0.000000
0.008682
0.000000
-0.002626
-0.002919
0.001350
-0.007000
-0.000206
0.004248
0.000000
0.000000
0.000000
0.000000
0.000000
-0.000033
-0.001976
-0.002270
0.002743
-0.006151
-0.000937
-0.002801
0.000000
0.000000
0.000000
-0.000388
0.001079
0.000000
0.000000
0.000852
-0.004579
0.008546
0.001586
-0.000309
-0.000247
-0.000441
0.002187
0.000000
-0.001204
0.004831
0.000000
0.000000
0.000000
0.000000
-0.002186
0.001688
-0.000552
-0.001875
0.006289
0.000000
-0.000424
-0.001634
0.004117
0.000000
-0.003801
0.000762
0.002664
0.000000
-0.004837
-0.000746
0.000109
-0.018505
0.001785
0.000000
0.000000
0.000000
0.000000
0.000000
0.000000
0.000000
0.000000
0.000000
0.000000
0.000000
0.000000
0.000000
0.000000
0.000000
0.012550
-0.003676
-0.000642
-0.001021
0.000000
-0.001767
0.000404
-0.006533
-0.005292
-0.000718
0.000000
0.000000
0.000000
0.000000
-0.002059
-0.003267
0.001869
-0.004263
0.005589
0.000000
-0.000451
0.000000
0.000619
-0.003912
-0.001321
0.000495
0.005941
0.000111
-0.000958
0.000924
-0.001732
-0.000984
0.001005
-0.001055
-0.001679
-0.000296
-0.001517
0.001169
0.000020
0.000000
-0.001732
0.006601
0.011465
-0.002573
0.012132
-0.003641
0.000000
-0.007079
-0.000547
0.000000
0.000758
-0.000839
-0.003133
-0.003729
0.000000
-0.003373
-0.000016
0.000000
0.000000
-0.001912
-0.000222
-0.005060
-0.002237
0.000101
-0.001970
-0.000538
0.000469
-0.002099
-0.001229
0.008449
-0.000537
0.000692
0.000000
0.000000
0.000000
0.000000
0.000000
0.000000
0.000000
0.000000
0.000000
0.000000
0.000133
-0.001471
0.000406
-0.003272
-0.002287
-0.000450
0.000206
0.000000
0.000000
0.000000
-0.002070
-0.001449
-0.001314
0.000000
0.000640
-0.000614
0.000000
0.000000
0.000000
-0.000311
-0.002356
0.008031
-0.000590
-0.001536
-0.001294
0.000000
0.016520
0.022808
0.000000
-0.002242
-0.003714
0.000000
-0.001911
0.000000
-0.000409
-0.000546
0.000000
0.000000
0.000000
0.000000
0.000000
0.000000
0.000000
-0.001444
0.001225
0.000000
0.000000
-0.005470
0.000000
0.000476
0.000000
0.000000
0.000000
0.000000
0.000000
0.000000
0.000000
0.000000
0.000000
0.000000
0.000000
0.000000
0.000000
0.000000
0.000000
0.000000
0.000000
0.000000
0.000000
0.000000
0.000000
0.000000
0.000000
0.000000
0.000000
0.000000
0.000000
0.000000
0.000000
0.000000
0.000000
0.000000
0.001834
0.000000
0.000980
0.004762
0.000000
-0.002742
0.000856
0.000000
-0.003492
-0.000021
0.001802
0.022574
-0.001527
-0.000911
-0.000374
0.000000
0.000000
-0.002174
-0.004052
0.000000
0.004540
0.000238
0.006965
-0.002985
0.034973
-0.004111
-0.005290
-0.000525
-0.002476
-0.002624
0.000000
0.000000
0.000000
-0.000929
-0.001325
-0.005203
-0.000214
0.000000
0.000000
-0.004290
-0.002107
-0.000114
-0.001877
-0.000795
0.000000
0.000000
0.000000
0.000000
-0.001372
0.000000
0.000000
0.000000
-0.001283
-0.000339
0.000169
0.000000
0.000000
-0.000903
0.005849
0.003347
-0.004003
0.000000
0.001305
0.007226
0.005039
0.000000
0.000000
0.000000
0.000000
0.000000
-0.002150
-0.002101
0.000000
0.000000
0.000000
-0.004320
0.000183
-0.004747
-0.000870
0.000586
0.002166
0.000000
0.000000
0.000000
0.000000
0.000000
0.000000
0.000000
0.000000
0.000000
-0.000854
0.001687
-0.001735
0.000000
0.000000
0.004073
0.010681
0.000000
0.000000
-0.001419
-0.000566
0.000000
0.000295
-0.001723
0.000805
-0.001090
0.002694
-0.000834
0.000506
0.000000
-0.000945
0.000000
-0.003712
-0.000941
-0.006795
-0.001059
-0.000298
0.000000
0.000000
0.000000
0.000000
0.000000
0.000000
0.000000
0.000000
0.000000
0.000000
0.000000
0.000000
0.000000
0.000000
0.000000
0.000000
0.000000
0.000000
0.000000
0.000000
0.000000
0.000000
0.000000
0.000000
0.000000
0.000000
0.000000
0.000000
0.000000
0.000000
0.000000
0.000000
0.000000
0.008761
0.001569
-0.000186
-0.002134
-0.000731
-0.000414
-0.000978
-0.002295
0.000000
0.000000
0.000000
0.000000
0.000000
0.000000
0.000000
0.000000
0.000000
0.000000
-0.003692
-0.000167
-0.002216
-0.000563
0.000423
-0.001835
-0.001997
-0.003117
-0.000842
-0.002620
0.000000
0.000000
0.000000
0.035339
-0.000056
0.000000
0.000000
0.000000
0.000000
0.000000
0.000000
0.000000
0.000000
0.000000
0.000000
0.000000
0.000000
0.000000
0.000000
0.000000
-0.001361
0.000049
0.000000
0.000000
0.000000
0.000000
0.000000
0.000000
0.000000
-0.002970
0.002288
-0.001378
0.000000
0.022322
0.000000
0.000000
0.000000
0.006329
0.000000
0.000000
0.000000
-0.001375
-0.001941
-0.000916
-0.001107
-0.001285
0.000000
0.000000
0.000000
0.000000
0.000000
0.000000
0.000000
0.000411
-0.001301
-0.000225
0.002373
0.008612
-0.000341
-0.000633
0.000000
-0.001554
-0.001735
-0.000133
-0.001038
-0.003526
-0.000782
0.005324
0.018362
-0.004707
0.001291
0.000000
-0.002603
0.000000
-0.001116
0.000000
-0.000667
0.000000
0.000000
0.000000
0.000000
0.000000
0.000475
0.008289
-0.001494
0.003593
0.000000
0.000567
0.000000
0.000000
0.000000
-0.000994
0.000670
0.000000
0.000000
0.000000
0.000000
0.000000
-0.000670
0.000000
-0.000158
-0.001609
0.004893
0.000000
0.000000
-0.003478
0.012958
-0.002125
0.005713
-0.005545
-0.001120
0.000802
-0.001014
-0.001704
-0.000663
-0.000467
-0.000258
-0.005253
-0.000737
0.000000
0.000000
0.000000
0.000000
0.000000
-0.000204
-0.000205
-0.003494
-0.002493
0.000000
-0.000986
0.000000
0.011530
0.000197
-0.001246
0.002330
0.011857
-0.001372
0.000000
0.000000
-0.004474
-0.005332
-0.006533
0.000833
-0.002395
0.000296
-0.000296
0.000000
0.000000
0.000000
0.000000
0.000000
-0.000148
-0.001341
0.028643
-0.001815
-0.000482
0.000000
0.000000
-0.003877
0.000000
0.000262
-0.000283
-0.002519
0.005810
0.000000
0.000000
-0.002438
0.000000
0.000000
0.000000
-0.001815
0.000000
0.000000
-0.000260
-0.001411
0.001780
0.000000
-0.000596
-0.003086
0.000383
0.002626
-0.004840
0.007533
-0.001760
0.000000
0.000000
0.000000
-0.001478
0.000000
-0.009748
0.000168
-0.002171
-0.002964
0.011706
-0.016131
0.014362
0.020406
-0.002689
0.001529
0.000029
-0.000975
-0.001505
-0.001434
-0.001312
-0.000279
-0.001719
0.001975
-0.000681
0.000534
-0.001357
0.010960
-0.000924
-0.002348
-0.001667
0.000000
0.000000
-0.002592
-0.001160
-0.003021
0.000061
0.000000
-0.004451
-0.004380
-0.003494
-0.000739
0.000000
0.007534
0.001109
0.005068
0.000000
0.000790
-0.002158
0.027419
-0.001759
0.000495
-0.002737
0.000644
-0.001617
0.000000
0.016288
0.000193
0.000000
0.000000
-0.010687
-0.000704
0.000000
-0.000977
-0.003597
0.023978
-0.001862
0.006425
0.020497
-0.006381
-0.001026
-0.001719
-0.000720
-0.001723
-0.001400
-0.002290
-0.003148
-0.001138
0.000000
-0.002902
-0.003201
-0.007125
-0.005739
0.000171
0.000000
-0.000804
0.000690
0.000165
0.000671
0.000381
-0.004541
-0.001858
0.008138
0.000773
-0.003459
-0.001620
0.000000
0.000000
-0.001886
-0.000560
-0.001493
0.002306
0.002216
0.000000
0.000000
0.000000
0.000000
0.000239
0.006366
-0.001097
0.000906
-0.000029
0.000000
0.000000
0.001506
-0.000317
0.000000
0.000000
0.000000
-0.002339
0.001764
-0.000646
0.000830
-0.001324
-0.001656
-0.001585
-0.000049
0.000195
-0.012020
0.015295
-0.002899
-0.001465
-0.001609
0.001054
0.000000
0.001360
-0.000534
0.001588
0.000000
0.000000
0.000000
0.000000
0.000000
0.000000
0.000329
0.003009
-0.000010
-0.000441
0.000887
-0.000202
0.000566
0.000758
0.000000
-0.000778
-0.000168
0.002330
0.000000
-0.004383
0.000736
-0.000848
-0.013242
-0.003502
-0.003538
0.008254
0.003764
-0.002085
0.001559
-0.001012
-0.000042
-0.003478
-0.002370
-0.002169
-0.001551
0.000000
0.000000
0.000000
0.000000
0.000000
-0.000473
0.000177
-0.002640
-0.002177
-0.001135
0.000000
0.000000
0.001325
-0.000358
-0.002032
0.009086
-0.002141
0.000327
0.000173
-0.002221
0.000286
0.001044
-0.000258
0.000000
0.000000
-0.001931
0.000000
0.006044
0.000000
-0.000925
0.000000
0.000000
0.000000
0.007761
0.004078
-0.001314
0.000098
-0.003992
-0.001492
-0.001555
0.001585
0.014943
-0.002525
-0.001098
0.002189
0.000000
-0.005353
0.000281
-0.000605
-0.000917
-0.002309
-0.002784
-0.001277
-0.005795
-0.003926
-0.001679
0.000367
-0.001584
-0.001131
0.000000
-0.001753
-0.002017
-0.000936
-0.000469
-0.000196
-0.001126
0.000641
0.005769
0.000000
-0.002644
0.002557
0.001805
-0.000776
-0.002883
0.000060
0.000285
-0.000966
0.000007
0.001548
-0.004545
-0.000146
-0.002979
-0.002545
-0.001867
0.001939
0.000000
-0.000621
-0.000125
0.002071
-0.001526
-0.002648
0.002227
-0.002346
-0.002606
-0.002371
-0.001745
-0.006128
-0.000760
0.000261
0.001120
0.006869
0.002556
-0.004933
-0.001152
-0.001062
0.000592
0.000000
-0.002182
-0.002148
0.000000
0.013448
0.003686
0.000372
-0.000295
0.007142
-0.001088
0.000367
-0.003485
0.007431
-0.002734
-0.000974
0.000000
0.000000
0.008647
-0.001672
-0.001279
-0.001980
-0.005076
-0.001352
0.001062
0.000000
-0.003281
-0.000617
0.000000
0.000000
0.000000
0.000000
0.000000
-0.001093
0.000543
0.000000
0.000000
0.001368
0.000000
0.000000
0.000215
-0.001073
0.000000
-0.002204
0.022884
-0.002616
-0.001188
-0.000469
-0.000872
-0.000450
0.000475
-0.000660
-0.002508
0.006434
0.000670
0.000236
0.000000
-0.002513
-0.000500
-0.003053
-0.002744
0.000000
-0.003715
-0.005278
-0.004372
-0.003783
0.000000
0.017598
-0.000265
-0.000045
0.000000
-0.003134
-0.002213
-0.000046
-0.004114
-0.005951
-0.002067
-0.002499
0.000300
-0.000616
0.000000
-0.003596
0.000000
-0.002816
0.027112
0.012048
0.032805
-0.000662
-0.017692
-0.004178
0.005674
0.002365
-0.000371
0.000000
0.000000
0.000000
0.000000
0.000000
0.000000
0.000000
0.000000
0.000000
0.000000
0.013950
0.000000
-0.000791
-0.002309
0.000139
0.000000
0.005937
-0.005476
-0.009797
-0.002444
-0.003933
0.000000
-0.003412
0.000149
-0.002096
-0.004511
-0.000318
-0.001145
-0.003096
-0.001337
0.000000
0.000000
0.000000
-0.005718
-0.002724
0.000000
0.000079
0.009159
-0.001511
-0.004204
-0.001222
-0.001318
0.015687
-0.001499
0.000000
0.000000
-0.003361
-0.003495
0.003326
-0.000735
-0.001356
0.000000
-0.003719
0.000000
0.002824
0.000000
0.000000
-0.000644
-0.000389
0.000000
0.000000
-0.001452
-0.001677
-0.007990
-0.001352
-0.001545
0.000000
-0.001687
0.002683
-0.004017
-0.000313
0.007253
0.000000
0.000000
-0.001632
-0.000140
-0.001274
0.000000
0.000000
-0.001895
-0.000857
0.000000
0.000000
-0.000567
-0.004891
0.000460
0.000000
-0.003027
0.006522
0.005594
0.000462
-0.002416
-0.001411
-0.000801
0.000000
-0.000201
0.007641
-0.002395
0.001908
-0.002340
-0.002591
-0.004286
-0.000794
0.000000
-0.001303
-0.000188
-0.000403
0.000000
0.000979
-0.000451
0.007179
0.000358
-0.000295
-0.000111
0.000000
0.000000
0.000000
0.000000
0.000000
0.000000
0.000000
0.000000
-0.002272
0.010562
-0.000469
0.000000
0.000622
0.000000
0.000292
-0.003382
0.003898
0.000000
0.003139
0.043275
0.000000
-0.000155
-0.001649
-0.003516
-0.003088
0.000815
0.000000
0.000000
0.000000
-0.002272
0.001661
0.004946
-0.001688
0.000007
-0.005825
0.000348
-0.002040
-0.001727
-0.000949
-0.003694
-0.001200
-0.001691
-0.000763
-0.000591
-0.000548
0.004779
-0.001095
-0.000883
0.001046
-0.001120
-0.002534
0.000000
0.000000
0.000000
0.006817
-0.005889
-0.001501
-0.000432
0.000349
-0.002424
-0.000624
0.000000
0.000000
0.000000
0.000000
0.000000
0.000000
-0.000580
-0.001744
-0.001590
0.000679
0.012336
-0.000082
0.000000
-0.003784
0.000288
0.009501
0.020622
0.000000
0.000000
0.000745
-0.001748
-0.005973
-0.004911
-0.002722
0.001029
-0.001023
0.000887
-0.002117
-0.004169
-0.004779
0.000000
0.000000
0.000204
-0.004511
-0.003008
0.001367
0.000000
0.016310
0.001221
0.015597
-0.002438
-0.001680
-0.010307
0.000089
-0.000481
0.000236
0.000000
0.000000
0.000000
0.000000
0.011912
0.004652
0.003578
-0.003106
-0.002298
0.003913
-0.002875
0.000000
0.000000
-0.000699
-0.005449
-0.000585
-0.002758
0.020032
0.000821
0.001092
-0.000836
0.000458
-0.000483
-0.002405
0.000411
0.002194
0.000000
0.000000
0.000378
-0.000676
0.000000
-0.000402
0.000380
0.000000
0.000000
-0.000630
0.016294
0.002643
0.000000
-0.012513
0.000609
0.004628
-0.001122
0.000332
-0.002357
-0.000982
-0.001998
-0.001974
0.000000
0.008735
-0.001856
-0.002643
0.000000
-0.005067
-0.001155
0.000000
0.000000
0.000000
0.000000
0.000000
0.000000
0.000000
-0.000360
0.000000
0.000000
0.000000
0.000000
0.000000
0.000000
0.000000
0.000000
0.000000
0.000000
0.000000
0.000000
0.000000
0.000000
0.000000
0.000000
0.000000
0.000000
0.000000
0.000000
0.000000
0.000000
0.000000
0.000000
0.000000
0.000000
0.000000
0.000000
0.000000
0.000000
0.000000
0.000000
0.000000
0.000000
0.000000
0.000000
0.000000
0.000000
0.000000
0.000000
0.000000
0.000000
0.000000
0.000000
0.000000
0.000000
0.000000
0.000000
0.000000
0.000000
0.000000
0.000000
0.000000
0.000000
0.000000
-0.002359
-0.001289
-0.001722
-0.002972
0.000000
0.000000
0.003943
-0.001538
-0.001608
-0.002382
0.000000
0.000000
0.000000
0.000000
-0.001957
-0.001466
0.000000
0.000000
0.000000
0.000000
0.000000
0.000000
0.000000
0.000000
-0.018992
0.001930
0.000788
0.000000
0.000000
0.000000
0.000000
-0.001609
-0.000931
-0.001239
-0.000003
0.000000
0.000000
0.000000
0.000000
0.000000
0.000000
-0.001000
0.000000
-0.004499
-0.001275
-0.002060
-0.000083
-0.001351
0.000000
0.001107
-0.000237
-0.003368
0.000000
-0.000633
-0.001641
0.000000
0.000000
0.000000
0.004347
-0.006340
-0.002995
0.001060
-0.002995
0.000342
0.000000
0.000000
0.000000
0.000000
0.000000
0.000000
0.000000
0.000000
0.000000
0.000000
0.000000
0.000000
0.000000
0.000000
0.000000
0.000000
0.000000
0.000000
0.000000
0.000000
0.000000
0.000000
0.000000
0.000000
0.000000
0.000000
0.000000
0.000000
0.000000
0.000000
0.000000
0.000000
0.000000
0.000000
0.000000
0.000000
0.000000
0.000000
0.000000
0.000000
0.000000
0.000000
0.000000
0.000000
0.000000
0.000000
0.000000
0.000000
0.003877
-0.001207
-0.002876
-0.001918
-0.003244
-0.002046
0.000000
0.000000
0.000000
0.000863
0.016065
0.014994
0.002760
0.001934
-0.000795
-0.001700
-0.004038
-0.000498
0.000000
-0.001574
-0.001702
-0.000608
0.000059
0.000806
-0.002136
-0.000626
-0.003471
0.000279
0.000000
-0.000770
0.000000
0.000000
-0.002566
0.002951
0.001988
-0.014891
-0.001495
-0.002671
0.000242
0.000528
0.000000
-0.005343
0.001554
0.001764
0.000000
0.000000
0.001770
0.000000
-0.002716
0.000000
0.000000
0.000000
-0.005917
0.001274
0.009373
-0.007391
-0.002336
-0.002208
0.000000
0.000000
-0.003041
0.000000
-0.002083
0.001411
0.000000
0.000000
0.000000
0.000000
0.000000
-0.000553
-0.002334
-0.002963
0.000352
0.000000
0.000000
0.000000
0.000000
0.000000
0.000000
0.000000
-0.002120
0.000000
0.000000
0.000000
0.000000
0.000000
0.000000
0.000000
0.000000
0.000000
0.000000
0.000000
0.000692
-0.000102
0.014729
0.000965
0.000000
0.000000
0.000000
0.018772
-0.003137
-0.000756
-0.002124
0.001091
0.000439
-0.002481
0.000186
-0.003831
-0.000985
-0.000846
0.000762
-0.003796
-0.000677
-0.001243
-0.006995
-0.000211
-0.005802
-0.001478
-0.000912
0.000000
0.000815
-0.001481
-0.000289
0.000000
0.000000
0.011139
-0.000828
-0.003127
0.000000
0.000000
0.000000
0.000000
0.000000
0.000000
0.000000
-0.001335
-0.000169
-0.011303
0.004837
-0.000233
-0.002382
0.000000
0.000000
0.000000
0.000000
0.000000
-0.003245
0.000000
0.000963
0.001030
0.000975
0.004038
0.000000
-0.002536
-0.002738
0.009071
-0.006437
0.000457
-0.002495
-0.001220
0.006994
-0.001810
-0.002565
0.000401
0.000058
-0.001357
0.009953
0.000674
-0.001068
0.008533
-0.004777
-0.028272
0.014342
-0.005161
-0.005425
0.000000
0.000000
-0.004344
0.000000
0.000000
-0.001519
-0.001641
-0.001575
-0.001084
-0.001967
0.000563
0.000470
0.000000
0.000000
0.000000
0.000000
0.000000
-0.002699
0.000793
-0.003079
-0.000628
0.000000
0.000000
0.000000
0.000000
0.000000
0.000000
0.000000
0.001860
-0.003121
-0.002242
-0.000070
-0.001382
-0.002559
0.000278
-0.001337
-0.000186
-0.001586
0.000000
0.001821
-0.000447
0.002885
0.000000
-0.004665
-0.001773
-0.001226
-0.004166
0.002003
0.000000
-0.000364
-0.001621
0.000229
-0.000897
0.001250
0.000312
0.005744
0.000000
-0.002058
0.000163
0.000000
0.000000
-0.003463
0.000000
0.000131
-0.002922
-0.002374
-0.040611
-0.001846
0.000000
-0.000533
0.026313
0.011045
-0.003976
0.006598
-0.001062
-0.000932
-0.001107
0.000000
0.000000
-0.005059
0.000256
0.000000
0.000000
0.000000
0.000000
0.000000
0.000000
0.000000
0.000000
0.000000
0.000000
0.000810
-0.001715
-0.000068
-0.000481
-0.000921
-0.001873
-0.001444
-0.005367
-0.003411
-0.002003
-0.000485
0.004591
-0.005338
0.000000
0.000000
0.000000
0.003334
0.000000
-0.002075
0.000420
-0.001591
-0.000122
0.004531
0.000000
0.000000
0.000000
0.000000
0.000000
0.000000
-0.003653
-0.005747
0.001198
0.000000
0.000000
0.001094
0.000000
0.000000
0.009598
0.003167
-0.000396
-0.001375
-0.001607
0.000000
0.000000
0.000000
0.000000
0.000000
0.000000
0.000000
0.000000
-0.003619
0.003052
-0.004228
-0.001250
0.000000
0.000000
0.000000
0.000000
0.000000
0.000000
0.000000
0.000000
0.000000
-0.002667
0.002927
0.000000
0.000000
0.000000
-0.001745
-0.000994
-0.004764
-0.008821
0.000672
0.000333
0.001811
-0.002180
-0.003019
-0.000336
0.000000
0.000000
0.000000
0.000000
0.000000
0.000000
0.000000
0.000000
0.000000
0.001059
-0.002261
0.000092
-0.006593
-0.002692
0.000000
0.008302
0.000000
-0.005206
0.000000
-0.003552
-0.001188
-0.000796
-0.002490
0.000000
0.000000
0.000000
0.000000
0.000000
-0.002892
-0.000673
-0.001661
0.000000
0.000000
-0.001587
-0.001096
0.000000
0.000000
0.000000
0.000000
0.000000
0.000000
0.012397
-0.013499
-0.000212
-0.002230
0.003542
0.000199
0.000000
-0.001623
-0.001405
0.001500
-0.001441
0.000000
0.000000
0.000000
0.000000
0.000000
0.000000
0.000000
-0.003350
0.000000
-0.003755
-0.002324
-0.000253
0.000000
0.000000
0.000000
0.000000
0.000000
0.000000
0.000000
-0.002093
0.000289
-0.000160
0.027112
-0.000437
0.000000
0.000000
0.000000
0.003176
-0.005458
0.000000
0.000000
0.000642
0.010605
-0.000425
0.000000
0.001988
0.000000
0.000000
0.000000
0.000000
-0.002654
0.000000
0.008384
-0.002342
-0.000057
-0.001018
0.000114
-0.002914
0.000000
0.000000
0.000000
0.000000
0.000000
0.000000
0.000000
0.000000
0.000000
0.000000
0.000000
0.000000
0.000000
0.000000
0.000000
0.000000
0.000000
0.000000
0.000000
0.000000
0.000000
0.000000
0.000000
-0.003886
0.000254
0.000000
0.000000
0.000000
0.000000
0.000000
0.000000
0.000167
0.003584
0.000000
-0.000181
-0.001043
0.000000
0.000000
0.000000
-0.002203
0.000000
0.000000
0.000000
0.000000
0.000000
0.000000
-0.001716
0.010833
-0.004725
-0.002783
-0.002688
-0.000919
-0.046570
-0.000426
0.000000
0.000000
0.000000
0.000000
0.000000
0.000000
0.000000
0.000000
0.000000
0.000000
0.000000
0.000000
0.000000
0.000000
0.000000
0.000000
0.000000
0.000000
0.000000
0.000000
0.000000
0.000000
0.000000
0.000000
0.000000
0.000000
0.000000
0.000000
0.000000
0.000000
0.000000
0.000000
0.000000
0.000000
0.000000
0.000000
0.000000
0.000000
0.000000
0.000000
0.000000
0.000000
0.000000
0.000000
0.000000
0.000000
0.000000
0.000000
0.000000
0.000000
0.000000
0.000000
0.000000
0.000000
-0.003331
-0.001347
0.000000
0.000000
0.053774
-0.001270
0.000030
-0.012150
-0.000400
-0.000316
0.000587
-0.000283
0.000241
0.000000
0.000000
0.000000
0.000000
-0.001934
0.002017
0.001634
0.003446
-0.000982
0.000528
0.002754
-0.005102
-0.002172
-0.001425
0.001682
-0.001432
0.000926
-0.001303
-0.002981
0.002259
-0.000399
0.000000
0.000000
0.000000
0.000000
0.000000
0.000000
0.001784
0.000000
0.000000
-0.002401
0.000000
-0.000578
0.000365
0.000000
0.000000
0.000000
0.000000
0.000000
0.000000
0.000000
0.000000
0.000000
0.000535
-0.004016
0.018203
-0.001362
0.000296
0.002404
0.002943
0.000000
0.000000
0.001585
-0.000797
0.001053
-0.005081
-0.002234
0.001963
-0.001459
0.000909
-0.001179
-0.000188
0.000318
-0.002942
-0.000155
-0.000725
-0.002890
0.000555
-0.000235
-0.001087
-0.001652
-0.002428
-0.009068
-0.001107
0.000817
0.000675
-0.001394
-0.003310
0.003010
0.000609
-0.001675
-0.005814
-0.003471
-0.000469
0.000370
0.001025
-0.001456
0.000244
0.000000
0.000000
0.000000
0.000000
-0.000111
0.000000
-0.000086
-0.001641
-0.004644
0.010405
-0.001128
-0.000329
-0.000463
-0.000602
-0.000711
-0.000566
0.000158
-0.002690
0.003864
-0.000216
-0.007047
0.000047
-0.001974
-0.000783
0.000276
-0.001159
-0.001191
-0.000555
0.000477
0.000496
-0.001397
-0.002094
0.000000
-0.000431
0.005338
-0.003217
0.007682
-0.001347
0.000082
-0.003318
0.000464
0.000225
-0.003022
-0.000952
-0.001354
-0.002801
-0.000937
-0.010695
-0.002051
-0.001184
-0.002904
-0.004275
-0.000283
0.001178
-0.001882
0.006632
-0.000814
0.000422
0.000719
0.008685
-0.001781
-0.000717
0.007777
-0.002268
0.000000
-0.001704
-0.002795
0.009604
0.000364
0.007293
-0.005487
-0.002452
0.019119
0.005580
-0.001554
-0.001255
-0.005831
-0.005594
-0.004304
-0.002490
-0.002770
-0.000518
-0.002618
-0.005257
-0.004109
0.002921
-0.001384
-0.000048
-0.000912
-0.002635
0.018720
0.050967
-0.005774
-0.001967
-0.004207
-0.003323
-0.008574
-0.000638
0.001986
-0.000350
0.006331
-0.000513
-0.002025
-0.004935
-0.000844
0.016879
-0.004327
0.000063
-0.002022
-0.006585
-0.000585
-0.004973
-0.005629
-0.005872
0.018966
0.011029
0.024626
-0.005046
0.009496
-0.002586
-0.010303
0.007474
-0.008519
-0.000447
-0.000696
-0.000870
-0.000645
0.038704
-0.000498
-0.001371
-0.004428
-0.003346
0.004344
-0.001171
0.004170
0.000774
0.000258
