0.000708
-0.011389
0.003393
-0.018535
-0.029233
-0.010002
0.020210
0.003794
-0.016486
0.001277
-0.003512
-0.004094
-0.009394
0.004214
0.000383
0.002892
-0.004010
-0.000130
0.017531
0.005614
-0.002439
-0.008157
-0.000228
-0.014067
-0.013657
0.010950
0.080911
0.000306
0.018118
0.004159
-0.000247
-0.006901
-0.002248
-0.012189
-0.011254
0.001009
-0.008812
-0.003039
0.007462
-0.006847
-0.001898
0.001366
-0.001005
0.008387
0.006855
0.003992
-0.002809
0.005660
0.011235
0.001406
0.009567
0.011941
-0.002535
0.008492
-0.004666
-0.001819
-0.008089
0.004588
0.014217
-0.005898
-0.007645
-0.005465
-0.004945
-0.020955
-0.005447
-0.000505
0.005134
-0.008627
-0.004042
0.000832
-0.007842
-0.007781
-0.010774
-0.019582
-0.005791
-0.005795
0.003521
0.049644
-0.000357
-0.003844
-0.002315
0.012535
-0.001244
-0.012080
-0.008521
0.055510
-0.000111
0.002126
0.000176
-0.000654
-0.003342
-0.008309
0.001993
0.007459
-0.008483
0.001170
0.000294
0.000057
-0.005153
-0.010184
-0.002225
-0.006276
0.014829
-0.001215
-0.011643
0.001364
0.001116
-0.008463
-0.005654
-0.000796
-0.003899
-0.005766
-0.002740
0.007520
0.004616
-0.000515
-0.003480
0.000000
-0.001231
0.000000
0.009866
0.000000
-0.003806
0.000000
-0.007959
0.000988
-0.000849
-0.001094
0.004610
-0.011544
-0.007274
0.005560
0.011293
-0.004463
0.003219
-0.007200
0.015742
0.013030
-0.015204
0.013980
-0.002529
0.024825
0.000201
0.028652
-0.002992
-0.002217
-0.006146
-0.019025
0.001928
-0.005800
0.011943
-0.019445
0.038413
0.031899
0.006770
0.004218
-0.004772
-0.008256
0.002288
-0.005292
-0.009851
-0.007150
-0.010025
-0.012158
0.000000
0.000000
0.000000
0.000000
-0.002863
-0.000644
-0.007741
0.000000
0.000000
0.000000
0.000000
0.000000
0.000000
-0.015316
-0.008429
-0.010727
0.007421
-0.004019
-0.007327
-0.019922
0.000000
0.005106
0.014248
-0.004999
0.027360
0.000000
0.013074
-0.013210
-0.006361
-0.022215
0.006450
-0.007022
0.000288
0.001322
0.006047
-0.002026
-0.008974
0.002314
-0.034050
-0.008856
-0.002998
0.015119
-0.004475
-0.026527
0.000000
0.000000
0.000000
-0.021019
0.015985
0.006398
-0.017780
-0.009451
0.102828
0.000000
0.000000
0.000000
0.000000
0.000000
0.000000
0.000000
0.000000
-0.002057
0.001433
-0.010866
0.030220
-0.005187
-0.003319
-0.020719
-0.012339
-0.001793
-0.002462
-0.003617
0.042209
-0.004770
-0.012472
-0.009022
0.040741
0.013170
-0.000809
0.067951
0.016244
-0.016485
0.012889
0.005013
-0.006111
-0.026280
-0.002300
-0.019948
0.006648
-0.029207
0.040189
0.031686
0.021031
-0.014649
0.038696
-0.005344
-0.010595
0.110116
0.173935
0.176983
-0.027738
0.000963
0.003413
-0.005081
0.005001
0.084117
0.015828
-0.003453
-0.003134
0.001272
-0.003144
-0.006941
-0.024979
-0.003223
-0.012297
-0.005959
-0.001732
-0.002490
-0.001092
-0.009242
-0.003206
-0.005823
-0.006106
0.003725
-0.010157
-0.007237
0.017783
-0.000707
-0.014621
-0.003550
-0.002637
-0.019702
-0.001894
-0.002316
-0.003309
-0.010323
0.005963
0.004073
-0.003923
-0.010305
0.016816
0.031921
-0.002211
-0.010009
0.000000
-0.003976
-0.011946
0.011175
-0.012957
0.011648
-0.005273
0.001999
-0.001479
-0.007375
0.001655
-0.007761
-0.002990
-0.000266
-0.001402
-0.003552
-0.043777
-0.002070
0.005880
-0.002033
-0.013007
0.060819
0.012966
-0.013886
0.005421
0.079377
0.037673
-0.002127
-0.000612
-0.003739
0.001855
-0.004665
-0.009565
-0.009321
0.114667
0.001275
-0.002805
-0.003935
-0.001683
0.049334
0.001067
0.000000
-0.050179
-0.001121
0.008251
-0.004073
0.027293
-0.003881
-0.023392
0.003152
-0.004215
-0.003728
0.003260
-0.003108
0.007729
0.010635
-0.024423
-0.003875
0.007351
-0.009107
-0.016675
-0.002775
-0.004840
-0.006557
-0.005655
-0.001024
0.022174
0.018502
0.013795
0.023202
0.000479
0.007977
-0.003392
0.000265
0.003256
-0.026873
0.013957
-0.003022
-0.003266
-0.014343
-0.011212
0.005087
-0.012091
0.027725
-0.011304
0.002321
-0.004011
-0.019862
-0.001764
-0.004606
-0.004534
-0.006110
-0.011384
-0.007181
0.014178
0.005223
0.000000
-0.011782
0.002196
0.019967
0.000938
-0.009214
-0.005902
-0.004727
-0.018476
-0.004723
-0.016978
-0.007218
0.007096
-0.030552
0.002987
0.012102
-0.006542
0.011664
0.005912
-0.001044
-0.036739
-0.018406
-0.008101
0.001688
0.006942
-0.002978
-0.012178
-0.002858
-0.014342
-0.002223
0.001589
0.002866
-0.001046
-0.002140
0.000687
-0.012435
-0.010907
-0.004529
0.002672
-0.052423
0.002773
-0.008653
0.019029
-0.015445
-0.010288
-0.011991
-0.002231
-0.009447
-0.001098
-0.011797
-0.004654
-0.006882
-0.017342
-0.012770
-0.004383
-0.014737
-0.015168
0.003908
0.015808
-0.013203
0.001915
0.023171
-0.005025
0.027493
-0.010220
0.012490
-0.007646
0.003253
0.001491
-0.007433
-0.010835
-0.023919
-0.006696
-0.005228
-0.007587
-0.004496
-0.003528
-0.001307
-0.010653
-0.007657
0.028509
0.014233
-0.008240
-0.000923
-0.005327
-0.025266
-0.007349
-0.003838
-0.000894
-0.018089
-0.007681
-0.018953
-0.002495
0.003023
0.013046
-0.018076
-0.007967
-0.005659
-0.015318
0.024398
-0.006639
-0.001217
-0.010599
-0.013233
-0.020311
-0.002986
0.075300
0.136051
-0.005010
-0.007841
0.079262
0.024194
0.002995
-0.002398
-0.007854
0.016009
0.028390
0.001898
-0.007485
-0.019480
0.003275
0.003412
0.004291
0.012308
0.005523
-0.031423
0.003660
-0.011133
0.008328
-0.013657
-0.013527
-0.004567
-0.009653
-0.009683
0.002676
0.000753
-0.007928
0.009126
0.020841
0.000486
0.017845
-0.027336
0.007407
-0.001650
0.020959
-0.014630
-0.016351
0.046277
-0.001753
-0.010707
0.003299
0.002196
0.055500
0.012778
0.024037
-0.002908
-0.023832
-0.009060
-0.002694
-0.012450
0.008345
-0.016624
-0.016014
-0.011598
-0.001789
0.021270
-0.002765
0.009005
-0.021445
-0.008874
0.004305
-0.001033
-0.018257
-0.014223
-0.007149
0.054804
0.004755
-0.008076
0.015541
0.003125
0.017891
0.014190
0.005025
-0.000860
-0.008817
0.011669
0.020334
-0.002677
-0.011944
-0.012840
0.015946
-0.001757
0.092403
-0.005758
0.036295
0.076603
0.000585
-0.002606
-0.005706
-0.010603
0.000426
-0.000453
-0.019166
0.012485
-0.015870
0.005491
0.016003
0.028796
-0.006657
-0.010264
0.005073
0.034669
0.045095
-0.000233
-0.003079
-0.005798
-0.007174
0.017194
-0.002596
0.013487
-0.012931
0.003291
0.015030
-0.005104
-0.008326
-0.010216
-0.013100
0.019125
-0.001762
-0.002970
-0.002074
0.000192
-0.000372
-0.017347
-0.033268
-0.014079
-0.006189
-0.001119
-0.000958
-0.006670
0.048650
-0.006469
0.008802
-0.005186
-0.005787
-0.001777
0.006998
0.003402
-0.003731
0.009493
0.009645
-0.021596
-0.001395
-0.036848
-0.000816
0.009433
-0.009383
0.007129
-0.017165
0.051063
-0.009104
0.009551
-0.003200
-0.004405
-0.003855
-0.005278
0.008515
-0.005702
-0.025249
-0.012690
0.013962
-0.007643
-0.008110
-0.004373
-0.003490
-0.002463
-0.007048
0.003605
-0.026323
-0.006946
-0.019028
0.034050
-0.012674
-0.024165
0.055427
-0.003119
-0.000907
-0.016790
-0.002615
0.022903
-0.014877
-0.053946
0.007362
-0.001726
-0.002140
-0.010091
-0.022325
0.009347
0.002536
0.007886
-0.011001
-0.003928
0.014046
-0.019466
0.007476
0.053669
0.013708
0.003637
0.011546
-0.016435
-0.019176
-0.014011
-0.004853
0.000000
-0.008655
-0.006850
0.006418
0.002361
0.004665
-0.018723
-0.011058
-0.002072
0.007038
-0.008516
-0.000584
-0.006069
-0.010141
-0.014017
0.010805
-0.010592
-0.007238
0.007039
0.000891
-0.011702
-0.012660
-0.003324
-0.014736
-0.016943
0.028063
0.020361
-0.018776
-0.009471
-0.012731
0.006099
-0.007722
-0.009143
0.009428
-0.011961
0.002660
-0.003787
0.003853
-0.010026
-0.000631
0.016895
-0.005547
-0.010678
-0.002752
-0.011303
-0.001405
-0.006154
-0.000846
0.006590
-0.011913
-0.005756
-0.006962
-0.005654
-0.003369
-0.003385
-0.001535
-0.003231
-0.005636
-0.020941
-0.005844
-0.014598
-0.014755
0.000497
-0.014369
-0.021199
-0.028223
0.004658
-0.007205
0.051055
-0.010593
0.005899
-0.007287
-0.003524
-0.023985
-0.002914
0.012517
0.002877
0.000158
-0.013992
-0.009875
0.008408
-0.009922
-0.002739
0.000242
-0.006536
-0.018762
-0.014009
0.005757
-0.004912
-0.018312
-0.000479
-0.006781
-0.007692
0.000000
-0.026306
-0.025954
-0.005208
-0.013176
0.011998
-0.018942
-0.005838
-0.011999
0.006094
0.003858
0.080527
0.065790
-0.005431
-0.012168
-0.009037
-0.023053
-0.034267
-0.005709
-0.006445
0.002760
-0.005681
0.007586
-0.001987
-0.007348
-0.001830
-0.009583
-0.017795
-0.021862
-0.003724
0.003470
-0.000884
-0.014720
-0.000078
0.008667
0.003007
-0.004161
0.013205
-0.033414
0.028734
-0.010791
-0.007583
-0.028771
-0.001271
0.006803
-0.000457
0.027153
-0.003565
0.007853
0.074335
-0.012292
-0.009044
-0.012899
-0.006017
-0.014067
-0.013650
-0.056958
0.031622
-0.034942
0.021196
0.005242
0.040678
-0.003339
0.003223
-0.001660
-0.015361
-0.013054
-0.004001
-0.006479
-0.017260
0.008508
0.004545
-0.008979
-0.010995
-0.007881
-0.007971
-0.002391
0.002054
0.003587
-0.006045
0.001565
0.006985
-0.018524
0.010511
-0.010107
0.001266
-0.010291
-0.032074
0.002667
-0.011535
-0.005806
0.000762
-0.005150
-0.003081
-0.005361
-0.004944
0.002223
0.000284
-0.015850
-0.008839
-0.004729
0.008352
0.012817
0.008022
0.002885
-0.005961
-0.004252
-0.015932
-0.011153
-0.006713
-0.016147
-0.007187
0.010666
-0.006643
-0.011267
-0.013210
-0.012278
-0.012589
-0.011081
-0.003293
-0.022986
-0.011432
-0.008879
0.003156
-0.008482
0.001967
0.006429
0.013211
0.003081
0.007293
0.018089
0.001446
-0.003430
-0.002033
0.017422
-0.005611
-0.002761
0.009815
-0.003073
-0.006819
-0.012421
0.007837
-0.013253
0.004279
-0.001196
-0.001253
-0.005910
0.006812
-0.001929
-0.004318
-0.017068
-0.007668
0.002593
-0.002861
0.002297
-0.024574
0.007362
-0.008586
-0.002024
0.021766
-0.004216
-0.022679
0.000120
0.014319
0.001065
-0.007387
-0.019225
-0.035882
0.015281
0.011016
-0.014303
-0.024714
-0.017319
-0.007588
0.007669
-0.018005
-0.017125
0.000271
0.003391
-0.009387
-0.009395
0.028877
-0.001761
0.011265
0.007687
-0.019340
-0.005271
-0.015316
-0.003867
0.003891
-0.017389
0.010626
-0.000185
-0.006038
-0.011614
-0.015843
-0.005990
-0.008835
-0.001999
-0.020869
0.004173
-0.011608
-0.011567
0.004398
-0.006898
-0.000308
0.002242
-0.016971
-0.026745
-0.012149
0.011161
0.110858
-0.013645
0.009434
-0.004679
0.013334
-0.011526
-0.002470
-0.043353
0.002482
-0.006270
-0.006287
0.019546
0.016654
-0.002318
-0.002928
-0.003865
-0.004868
-0.003250
-0.009111
0.000323
0.001639
0.017056
0.006388
-0.007504
0.005106
-0.006420
0.019564
-0.001481
-0.011246
-0.016581
-0.007255
-0.003689
0.011969
0.003607
-0.026605
-0.016165
0.004895
-0.007013
-0.011673
0.106661
-0.001864
-0.013933
-0.012997
0.003793
-0.003396
0.000079
-0.005030
0.001663
0.006473
-0.004956
-0.015832
0.002286
-0.010202
-0.029804
-0.007403
-0.005102
0.001868
-0.010618
0.006132
-0.005849
-0.001927
-0.010452
-0.011733
-0.005774
0.002881
-0.006597
0.028617
-0.012533
0.035707
0.002466
-0.000711
-0.012058
0.008558
0.017200
0.015456
0.003982
0.000165
0.020739
-0.006207
-0.070661
-0.003415
-0.008167
-0.010445
-0.025713
0.016934
-0.001034
-0.009167
-0.006860
0.016061
-0.017322
-0.007379
-0.002258
-0.005252
-0.009558
-0.002213
-0.019142
-0.007895
-0.004735
0.001045
-0.004312
-0.017104
-0.014874
-0.018189
-0.008530
-0.029206
0.010986
0.002720
-0.004830
-0.012766
-0.004868
0.000968
0.000319
0.000582
0.003187
-0.005050
0.001549
-0.006509
-0.009870
-0.029502
0.054066
0.010844
0.000000
-0.005341
-0.015369
-0.002725
-0.005334
-0.008604
-0.007461
-0.001597
-0.002185
0.023972
0.006298
0.004343
0.018120
0.097337
0.005894
-0.005165
-0.028737
-0.007520
0.013421
-0.010238
0.021998
0.052366
0.066909
0.002945
-0.007360
-0.002587
0.005713
-0.015901
-0.005289
-0.002651
-0.014030
-0.014407
-0.002433
0.033119
0.000000
0.052437
0.012001
-0.016738
-0.055167
0.007838
-0.011679
-0.002919
0.009515
-0.009473
0.005293
0.000000
-0.012633
-0.010116
0.008652
-0.010651
-0.002787
-0.016015
0.015165
-0.011790
0.008094
0.000000
-0.004143
-0.002962
-0.009620
0.004334
0.017197
0.005556
0.005384
-0.006822
-0.001150
0.015377
0.004290
0.075011
-0.006183
-0.002931
0.068059
-0.007898
-0.017003
-0.030441
0.046956
0.006798
-0.006473
0.001019
0.001239
-0.009741
-0.005511
0.000562
0.018047
0.000274
0.000750
-0.014522
-0.017935
0.003308
-0.026417
-0.016974
-0.005970
0.025344
-0.012411
0.023581
-0.031756
0.003439
-0.002402
-0.004588
-0.015999
0.001578
-0.016759
-0.026642
-0.002873
-0.006657
-0.014163
-0.002215
-0.001817
-0.003507
-0.005178
0.009812
-0.002173
-0.014064
0.003057
-0.014659
0.004663
-0.001591
-0.001369
-0.006402
-0.011900
-0.001162
0.005988
-0.001787
0.033239
0.002825
-0.004708
-0.003305
-0.006853
0.002582
0.006299
0.001747
-0.003691
-0.006307
-0.005981
-0.005409
-0.007677
0.010803
-0.025932
0.000776
-0.000703
-0.004362
-0.017147
-0.004034
-0.005528
-0.006731
-0.009745
0.000777
-0.022149
0.000933
0.002092
-0.005212
0.000225
-0.002714
-0.003677
-0.013929
-0.015871
0.002335
0.094285
0.002073
-0.005745
-0.006153
-0.016310
-0.000588
0.000850
-0.002500
0.000723
-0.015680
-0.002299
-0.002200
-0.091063
-0.065753
-0.025205
-0.000529
-0.011585
-0.011673
0.012407
0.005959
-0.006122
-0.003653
-0.009023
0.006952
-0.010109
0.017119
-0.004362
0.013292
0.006827
0.000557
-0.015717
-0.011590
0.006002
-0.003879
0.002992
0.007065
0.033087
-0.017642
-0.001845
-0.008623
-0.009358
-0.002923
-0.006951
-0.008628
-0.006799
-0.024563
-0.009379
-0.005953
-0.008847
0.006980
0.015657
-0.002220
0.004872
-0.024545
0.016567
0.015122
-0.003741
-0.004870
-0.010752
-0.017577
-0.023853
-0.002740
0.001214
0.000563
-0.003396
-0.000144
0.004492
-0.006334
-0.005455
-0.000324
0.018999
-0.001953
-0.012942
-0.008177
-0.007807
-0.012040
-0.007244
0.001750
0.008725
-0.002121
-0.008862
0.000480
0.001796
-0.023519
0.015818
0.002584
-0.004817
0.037187
-0.006035
-0.002309
-0.004845
0.004066
-0.011200
0.000786
-0.027371
-0.007242
0.080793
-0.002124
-0.012387
-0.026939
-0.002919
-0.009436
-0.005351
0.027769
0.006210
-0.007302
-0.047502
-0.024793
-0.001552
-0.008916
0.038539
-0.008228
0.004175
-0.011582
-0.005875
-0.005560
-0.009834
-0.021754
-0.009979
-0.019310
-0.002254
0.018441
-0.014601
0.018588
0.001438
-0.017302
0.010097
-0.009740
-0.009853
-0.014855
-0.013972
0.021634
-0.000896
0.000586
-0.009362
-0.006705
-0.009876
-0.002379
0.004076
-0.018875
-0.020996
0.015268
-0.006402
-0.008831
0.004165
-0.004622
-0.012106
-0.014698
-0.000296
0.030577
-0.002273
0.010616
0.023921
-0.003040
0.010186
-0.014428
-0.000636
-0.014892
0.008151
-0.000987
-0.008624
-0.009582
-0.001039
-0.021634
0.043856
-0.005143
-0.015441
-0.011882
0.020768
0.023110
-0.002656
0.010116
0.001245
-0.009054
0.041009
0.001601
-0.014657
0.013024
0.009034
-0.009872
-0.012371
-0.002279
-0.015409
-0.006490
0.065934
-0.005045
-0.015563
0.018647
0.001751
-0.006679
-0.005885
-0.008731
-0.004407
0.009067
0.004291
0.001402
0.005097
-0.009794
0.004835
0.004386
-0.005454
-0.002919
0.006803
-0.016656
-0.000588
0.008079
-0.008565
0.016696
-0.019657
-0.003237
0.015369
0.000553
0.000200
-0.005295
-0.011001
-0.007746
-0.014119
0.011248
0.039572
-0.004231
0.000365
-0.006933
0.001107
-0.010343
-0.006067
-0.002155
0.005616
-0.017176
0.012569
0.005979
-0.000466
0.017711
0.055444
0.009307
0.010071
-0.010391
-0.006132
-0.003064
-0.001871
0.014945
-0.021348
-0.004286
0.008283
-0.000611
-0.002807
-0.003950
-0.004416
0.029767
0.001859
0.006068
0.027828
0.018260
-0.014158
-0.008259
0.034739
-0.002814
-0.009453
-0.004391
-0.000680
-0.017693
-0.023415
-0.026224
-0.001310
0.046108
0.004691
0.011784
-0.010802
0.000137
-0.011277
-0.019652
-0.000413
0.007410
-0.008818
-0.003751
0.000347
-0.001967
-0.007418
-0.004723
-0.019637
0.016743
0.068216
0.002064
0.003071
-0.000678
-0.018234
-0.000587
-0.007229
0.013098
0.117626
-0.005661
-0.002564
-0.001308
-0.011504
-0.035610
-0.002311
0.004944
-0.009691
-0.007949
-0.010622
-0.014950
-0.006522
0.001067
0.001208
-0.010785
-0.013126
-0.025464
0.009712
-0.002187
0.235127
0.027951
-0.015760
0.000824
-0.006426
0.001182
-0.040815
-0.008342
-0.004452
-0.017975
-0.040416
0.037629
-0.008386
-0.000943
-0.008987
-0.005231
-0.012198
-0.003836
0.057612
-0.005347
-0.032028
-0.029284
0.016638
-0.019188
-0.024457
-0.012153
-0.011089
0.002925
-0.005219
0.011159
-0.022256
0.005200
0.000350
-0.029231
-0.016574
-0.000845
0.016455
-0.015294
-0.004168
-0.003752
-0.011420
0.002007
-0.002788
-0.008657
0.000510
-0.006013
-0.003029
0.000000
-0.003669
0.007838
0.009496
-0.001297
-0.008824
-0.001131
-0.008774
-0.008984
0.000717
0.007968
0.001176
0.043739
0.014728
0.036300
-0.007906
-0.006751
-0.012765
-0.011921
-0.003515
-0.005467
-0.011686
0.008388
-0.009653
-0.004690
-0.003782
-0.002277
-0.003892
-0.019431
0.003565
-0.030355
0.001780
-0.002840
-0.004797
0.006861
0.002318
-0.000476
-0.011365
0.010857
-0.005515
-0.007813
-0.007072
-0.010992
-0.002396
-0.009402
-0.008392
0.011032
-0.002352
0.038713
-0.013399
-0.008442
-0.004286
-0.006719
-0.005774
-0.026234
-0.000909
0.016463
-0.012823
0.000027
-0.000303
0.014319
-0.008998
-0.008351
-0.003752
0.016270
0.003902
0.023780
-0.001920
-0.003152
-0.025625
0.005719
-0.009536
-0.006041
0.002623
-0.000950
-0.002881
-0.000112
-0.008147
0.022605
0.005006
-0.008777
-0.000892
-0.011970
-0.005890
-0.020715
-0.000652
-0.027060
0.027231
-0.011675
-0.004391
0.001945
0.120418
0.029520
-0.029263
-0.019734
-0.000597
-0.008760
-0.017824
0.004589
-0.005743
-0.006865
0.000000
-0.022354
-0.015593
-0.009901
-0.032162
-0.002886
-0.010231
0.000000
0.000520
0.018171
-0.009230
-0.006526
-0.004931
0.000555
-0.006837
0.000000
-0.005987
-0.003254
-0.002237
0.000934
-0.014966
-0.035706
0.000176
-0.015359
-0.005982
0.001844
0.004350
-0.013556
0.062369
-0.002328
0.005515
-0.000256
0.001498
-0.016138
-0.001026
0.000130
-0.009205
-0.001340
0.013172
-0.003168
0.011011
-0.008055
-0.007566
-0.004972
-0.005444
-0.001807
-0.030631
-0.005672
-0.021234
0.002439
-0.000028
-0.015099
-0.008215
0.014963
0.035081
-0.019759
0.016612
-0.010161
-0.013172
0.021852
-0.009141
0.003817
-0.004701
0.006670
-0.001935
0.016295
-0.027118
-0.003429
-0.001625
0.007277
-0.012267
0.096375
-0.007510
-0.002065
0.001012
0.009948
-0.017658
0.011769
-0.015061
0.004298
0.001453
-0.025520
0.098795
0.009290
-0.012036
-0.009538
0.002007
0.000160
0.008642
0.072423
-0.001496
0.116792
-0.003667
-0.010202
0.000935
-0.003736
-0.009371
-0.005698
-0.002715
-0.008113
0.005060
-0.003570
-0.016479
0.034136
-0.033834
-0.031459
0.018991
-0.005211
-0.006394
-0.006076
-0.003682
-0.010875
-0.010655
0.006468
0.031568
-0.009491
-0.016954
-0.024791
0.015854
-0.010406
-0.005945
-0.017215
-0.002956
0.009105
0.000000
0.000000
0.000000
0.000000
-0.015746
-0.029521
0.000083
0.003551
-0.014198
-0.011499
-0.031491
-0.018318
0.040151
-0.008736
-0.005813
0.008523
-0.003996
-0.012284
-0.001138
-0.009458
-0.002395
0.010747
-0.006210
-0.007449
-0.006022
0.005179
-0.005618
-0.013330
-0.011469
0.007628
0.000772
-0.007608
0.005474
-0.011369
-0.011846
-0.004470
-0.007699
0.003997
0.001814
0.025953
-0.003360
-0.013924
0.003252
0.004112
-0.001874
-0.009082
-0.004549
0.003528
0.000375
0.001133
0.001452
-0.017296
0.002009
-0.013963
0.002862
0.008411
0.046036
0.016242
-0.006927
-0.010696
-0.005320
-0.010612
0.001290
-0.003165
0.001492
-0.008922
0.009748
-0.003969
-0.008198
-0.003813
-0.016143
-0.015032
-0.015425
-0.015858
-0.017909
-0.013826
0.004675
-0.000568
-0.006263
-0.008788
0.037297
-0.003351
0.001920
-0.002174
-0.001081
-0.000429
0.006003
-0.001264
0.001408
-0.009806
0.006182
0.009540
0.016284
0.015567
0.001052
-0.001162
0.005611
-0.022261
0.047890
0.001311
-0.006081
-0.011883
-0.007652
-0.006540
-0.004518
0.016860
-0.004678
0.000872
0.012117
-0.005794
-0.002291
-0.004898
0.003207
-0.006624
0.005632
-0.003281
0.003405
-0.020991
-0.005070
0.000000
0.045515
0.003507
-0.001434
0.000000
-0.007331
-0.005990
0.002808
-0.013650
0.024209
-0.007218
0.006252
-0.001122
0.005159
-0.004250
0.049784
0.058422
-0.007596
-0.019867
0.008616
0.008560
-0.001755
-0.011336
-0.013005
-0.015146
-0.004179
0.002851
-0.011781
0.000724
0.007053
-0.004001
-0.029050
-0.003318
-0.017187
-0.008197
-0.008233
-0.011390
0.016724
-0.000079
-0.008819
0.000317
0.007852
0.004238
-0.006213
-0.007438
-0.023366
0.005325
-0.006601
0.002970
0.037425
0.030796
-0.003635
-0.006052
0.001707
0.020034
-0.013582
-0.000805
-0.001120
0.002073
0.003301
0.003797
0.014232
0.003446
0.008221
-0.019420
-0.006546
-0.004739
-0.046878
-0.012944
-0.016186
0.008374
0.002907
-0.000867
0.071672
-0.006603
-0.007566
0.030064
0.125563
0.026888
0.045117
0.032898
0.008072
-0.022385
-0.018967
-0.010902
-0.015935
0.008673
-0.006060
-0.014260
-0.011797
-0.011989
0.015445
0.001165
-0.023473
-0.000218
-0.007219
-0.001317
-0.005957
-0.016416
-0.005125
0.000488
0.002907
-0.000009
0.015293
0.004456
-0.001829
-0.005713
-0.004084
-0.009822
-0.014127
0.004207
-0.014914
-0.010251
0.014154
0.000633
0.002371
-0.011490
-0.002215
-0.019630
-0.007931
-0.014700
0.004787
-0.007293
-0.012679
-0.015433
0.031954
-0.013195
-0.004337
-0.015121
0.004884
0.000437
0.007485
-0.003107
-0.008161
-0.003691
-0.002850
-0.004555
-0.004584
-0.007447
-0.013851
-0.002036
0.003830
-0.003438
-0.014772
-0.018169
-0.018260
0.000222
-0.008140
0.007229
-0.005140
0.004511
-0.015670
0.003988
0.013347
-0.009660
0.001600
0.063549
-0.010904
0.002705
0.005014
0.000000
-0.019343
-0.001860
-0.046749
-0.000743
0.010868
-0.001589
-0.000420
-0.005292
-0.013620
0.004417
-0.014709
-0.005757
-0.008108
-0.001075
-0.000729
-0.038535
0.000095
-0.006005
0.000000
-0.004884
0.010056
-0.008299
-0.005309
0.014103
-0.002647
0.017053
0.008769
-0.007393
0.060672
-0.003512
0.004705
-0.010707
-0.028936
0.026676
0.008911
0.000718
-0.002257
0.059337
-0.001356
0.003176
-0.003724
0.049564
0.015604
-0.008873
0.045826
-0.017063
-0.015061
-0.000937
-0.004555
-0.014501
-0.004511
-0.001060
-0.012939
0.000000
-0.006198
-0.005113
-0.002294
-0.005008
-0.005944
-0.016971
-0.000325
-0.007596
-0.001580
0.007421
0.074022
-0.001054
-0.004231
-0.015161
-0.014915
0.034179
0.009349
0.006817
0.004467
0.000142
-0.010040
0.044044
-0.012880
-0.014726
0.013414
0.062701
-0.012185
-0.003796
-0.002499
-0.008521
0.017734
-0.006347
-0.005663
0.012551
0.030640
0.035815
0.001097
-0.003411
0.002765
-0.010305
-0.018818
0.005000
0.007859
-0.005165
-0.007907
-0.007248
0.023480
0.006918
-0.035580
-0.010431
-0.012768
-0.008091
-0.011953
-0.001010
-0.009827
-0.013791
0.000916
-0.003314
-0.009075
0.028288
0.012335
0.000792
-0.012284
0.000289
-0.013785
0.001799
0.049529
-0.005833
-0.004170
0.006010
0.009878
0.015230
0.008903
-0.007634
0.022217
0.053110
-0.007567
-0.000250
-0.009750
-0.017960
-0.004567
-0.001991
-0.004993
-0.009382
-0.028730
-0.014768
-0.004543
-0.011028
0.009500
0.005193
-0.002513
-0.019806
-0.006769
-0.005362
-0.000675
-0.011440
0.014600
0.010345
-0.000548
-0.017927
-0.007623
0.026292
-0.010302
0.006597
-0.018113
-0.010537
0.026882
-0.002392
0.005151
-0.003569
-0.008060
-0.000732
0.000194
-0.001028
-0.002279
0.013136
0.021418
-0.010237
0.027981
0.015652
0.006323
-0.014595
0.002043
-0.000339
0.002127
-0.013227
-0.011726
0.002171
0.006900
0.006802
0.011511
-0.004033
-0.004974
0.000481
-0.006635
-0.011568
0.013142
0.000328
-0.002275
0.004819
-0.023005
-0.005323
-0.002495
-0.000681
-0.019494
0.046244
0.003953
-0.004130
0.007028
0.032769
0.000000
-0.005686
0.005697
-0.006776
-0.026529
-0.033209
-0.005019
0.007167
-0.000248
-0.006337
-0.004304
0.003677
-0.020640
0.008708
-0.006103
-0.023203
0.003895
0.013415
0.016654
-0.005730
-0.003403
0.001318
0.014531
0.012953
-0.002346
-0.004652
-0.008736
-0.017330
-0.003730
-0.028082
0.012247
-0.010461
-0.006426
0.048515
0.014842
-0.008573
0.023957
-0.011121
-0.006178
0.017153
0.003869
-0.010824
0.017171
-0.008725
-0.005743
-0.011558
0.007361
-0.010284
-0.010021
-0.011744
0.055956
0.008383
-0.008912
0.004435
-0.013753
-0.006240
-0.012075
-0.005711
0.001949
0.006393
0.023870
-0.009201
0.002230
-0.006218
-0.001947
0.009377
-0.007970
0.006037
0.017618
-0.009095
0.040598
0.146000
-0.021586
0.002021
0.000260
-0.010095
-0.020233
-0.003674
-0.005617
0.000785
0.003537
-0.004940
-0.040198
0.014788
-0.005286
0.014915
-0.007339
0.002424
-0.017993
-0.016206
0.009016
0.001031
0.036868
-0.006832
-0.006741
0.024373
-0.022203
0.002742
0.031071
0.008820
0.004910
-0.047022
0.005686
0.006229
0.007186
-0.014836
-0.007378
0.012221
-0.008583
-0.013642
0.029279
0.001582
-0.007024
-0.013146
-0.006909
-0.005283
0.006127
-0.002964
-0.014142
0.029033
-0.001200
0.100621
-0.008684
-0.009673
-0.006002
-0.007082
-0.033607
-0.013746
-0.007051
-0.014127
0.002715
-0.006861
-0.021947
-0.005200
-0.010997
0.005648
-0.012179
-0.006040
-0.007638
0.131139
0.003333
-0.006350
-0.016732
-0.003111
-0.005733
-0.000519
0.086700
0.000623
-0.006540
-0.004373
-0.006857
0.008964
-0.005469
0.003554
0.028356
-0.009055
-0.003704
0.006678
-0.000810
-0.007835
0.007099
0.011046
0.017819
-0.006702
0.020168
-0.012078
-0.008831
0.008528
0.003858
-0.008337
-0.002574
0.027724
0.006105
-0.006166
-0.005990
0.001782
-0.022937
-0.005151
0.000553
-0.002731
-0.011537
-0.011788
-0.025255
-0.014610
0.002184
0.000286
-0.010358
0.000000
-0.014409
-0.001504
-0.003535
-0.000084
-0.007162
-0.005557
-0.001121
0.022055
-0.002840
-0.002717
-0.011050
-0.007979
0.004802
0.030891
0.004405
-0.012315
0.059096
0.008283
-0.027676
0.030769
-0.002247
-0.020249
0.030194
0.002550
-0.005023
0.003812
-0.016295
0.002025
-0.003900
-0.019994
-0.008122
0.020299
0.008463
0.002013
-0.039411
0.053034
0.169877
-0.000112
0.001651
-0.008884
-0.002638
0.018368
-0.012235
-0.007522
-0.000263
-0.000455
-0.005947
0.003202
0.003806
-0.000182
0.012737
-0.027947
0.015055
0.012811
-0.018578
0.003277
0.018147
0.015684
-0.010427
0.004014
-0.004488
-0.011142
-0.004574
-0.043508
-0.007350
-0.004503
0.018868
-0.002691
0.012717
0.032257
0.007821
0.012420
-0.002551
-0.003311
-0.004361
0.040147
-0.025918
-0.001704
-0.004632
-0.005479
-0.028550
-0.006992
0.017308
0.031532
0.024802
-0.007201
-0.019164
-0.002437
-0.001110
-0.019518
-0.022461
-0.012422
-0.005310
-0.018946
0.011912
-0.005889
-0.005550
0.000945
0.005418
0.013510
-0.003718
-0.005558
-0.029109
0.009193
0.003190
-0.010816
-0.000838
-0.010496
-0.007095
-0.010338
0.019033
0.005441
0.015704
-0.010650
-0.010877
-0.023637
-0.002080
-0.001642
0.018821
-0.001510
-0.003820
-0.002767
-0.006219
0.001418
0.018309
0.022770
-0.007389
-0.000615
0.005081
0.012996
0.020067
-0.002674
-0.013402
-0.013718
0.000557
-0.003578
0.010807
-0.001527
-0.000060
-0.002219
-0.014981
0.042756
0.004075
-0.021459
0.014970
-0.010649
-0.019078
0.008152
0.017066
0.025678
0.001777
0.006883
-0.003934
-0.011605
0.010920
-0.012550
0.007789
-0.006285
-0.010510
-0.020421
-0.002708
0.002849
0.029025
-0.000365
0.009353
0.004619
-0.008432
-0.014388
-0.006828
0.008243
-0.003932
0.002718
-0.009325
0.006903
-0.013815
-0.000891
-0.011464
-0.002278
0.026858
0.009262
0.009390
-0.002233
0.011929
-0.043470
-0.024236
-0.010893
-0.016615
-0.003875
0.000648
-0.002345
-0.005251
0.001330
-0.002757
0.000000
-0.002483
-0.008010
-0.002605
0.188030
-0.009288
0.003844
-0.017381
0.001732
0.000414
-0.017537
-0.014530
-0.013900
0.023447
-0.024194
-0.004726
0.006756
-0.004697
0.001333
0.001051
-0.013926
-0.007041
-0.005488
-0.006120
-0.005052
-0.014030
0.001484
0.004771
-0.001802
0.005236
-0.012147
-0.007785
-0.008185
-0.000175
-0.020076
0.000585
-0.004554
-0.002734
-0.031394
-0.015618
-0.019824
0.013748
-0.025455
0.043045
0.021314
-0.019128
-0.011077
0.032111
0.013843
-0.016500
0.011642
-0.017337
-0.016107
-0.007959
-0.017008
0.004657
-0.008910
-0.007411
0.005110
0.010166
0.004341
-0.027410
-0.001991
0.003609
-0.011252
-0.001003
-0.016283
0.001374
-0.007552
-0.004253
-0.021056
-0.023913
-0.000015
0.003580
0.022855
-0.021891
-0.005732
-0.013708
0.016165
0.011924
-0.010585
-0.009807
-0.002390
-0.007136
-0.014785
-0.017850
0.006743
0.003581
0.015591
-0.009507
-0.009004
-0.002213
-0.027512
0.024164
0.003086
0.003007
-0.008431
-0.012572
-0.013835
0.003163
-0.008390
-0.013922
0.021830
-0.014976
-0.010866
-0.012204
0.065435
0.002316
0.028457
0.049339
0.013191
0.002524
0.004467
-0.009401
-0.006364
0.010481
-0.003577
-0.000248
-0.002782
-0.009132
-0.018232
-0.010182
0.000405
-0.000015
0.008689
-0.011793
-0.008974
0.006668
0.005026
-0.001580
-0.006627
-0.000121
0.011539
-0.000833
0.019809
0.006157
-0.003752
-0.008074
-0.009589
-0.015766
-0.022520
-0.008017
-0.001704
-0.011831
-0.014251
-0.018632
-0.002120
-0.014808
0.003060
-0.010801
0.010807
0.005809
-0.005542
0.011607
-0.010284
0.068512
0.005733
-0.007949
-0.002906
0.000844
-0.011100
-0.002707
-0.009331
-0.005767
-0.009098
-0.005410
0.038267
-0.002422
-0.003470
-0.003829
-0.016119
-0.006968
-0.002274
-0.005777
-0.004455
-0.018814
-0.007348
-0.006098
0.033041
0.004363
0.016188
0.051284
-0.012982
-0.004618
-0.003081
0.006107
-0.003834
-0.007054
-0.002887
-0.008388
-0.013252
0.000901
0.002181
-0.003759
-0.000185
0.001924
0.004946
-0.001231
-0.006349
0.001137
-0.004549
-0.011817
-0.008132
0.002208
0.001387
0.000578
0.007587
-0.018330
-0.005962
-0.005813
0.018753
-0.016296
-0.030685
0.002341
-0.028397
0.001239
-0.022412
0.000863
-0.006207
-0.003826
0.122255
0.012781
-0.012621
-0.003857
-0.026735
-0.005256
0.001698
0.003006
-0.000383
-0.013510
0.045352
0.012265
-0.030360
-0.032508
-0.013343
0.014558
-0.013450
0.024257
-0.006319
-0.020992
0.002672
0.017676
-0.014506
-0.006575
-0.006568
-0.009321
0.011131
0.002369
-0.025022
-0.012219
-0.002286
-0.003611
-0.012288
0.016572
0.002236
-0.005779
-0.013161
-0.023254
0.009087
0.003511
-0.020390
-0.023324
-0.031368
-0.011640
-0.008902
0.044183
0.016339
-0.001710
0.005026
-0.002059
-0.026564
-0.007359
-0.017409
-0.015301
-0.001293
0.009417
-0.004049
-0.001816
0.007739
-0.003760
-0.004066
-0.011866
-0.007538
0.031567
0.026667
-0.003083
-0.012809
-0.001850
-0.013247
0.022220
-0.008690
0.006652
-0.006912
-0.008692
-0.003656
0.001909
-0.003934
0.049375
-0.004740
-0.004969
0.006377
-0.015288
-0.017168
-0.010182
-0.007472
-0.002640
0.063032
-0.009393
0.000009
0.017217
-0.033684
0.019843
-0.009769
0.005277
0.110947
-0.002560
-0.007627
-0.004931
-0.004891
-0.004656
-0.022490
-0.027189
-0.039799
-0.009378
-0.005605
-0.006137
-0.000970
-0.000184
0.002221
-0.008747
-0.002390
-0.012703
-0.000473
-0.002946
-0.005826
-0.069406
-0.025402
-0.013370
-0.007273
-0.016205
0.026381
0.003795
0.001706
-0.013386
0.014276
-0.008778
0.183458
0.297044
0.081986
0.015656
0.003270
-0.009413
-0.007713
-0.005867
-0.039724
0.011356
-0.033220
-0.011941
-0.003835
-0.022388
-0.010743
-0.009328
0.000194
0.005694
0.001877
-0.006760
-0.006251
-0.013369
-0.010213
-0.013931
0.001598
-0.015396
0.013124
0.003145
0.025929
0.009738
-0.014889
-0.028775
0.011134
-0.012997
-0.025136
-0.011127
0.001121
-0.004827
0.016616
-0.016645
0.000910
-0.017900
-0.014874
0.104601
0.055945
-0.003151
-0.003857
-0.019703
-0.002849
-0.000362
-0.012605
-0.021321
0.002637
-0.005950
0.000479
0.000773
-0.018595
-0.007819
-0.012733
-0.007534
0.000838
-0.007393
-0.033633
-0.025979
-0.000933
-0.039911
-0.006081
0.004550
-0.022411
0.000150
-0.015803
0.000412
-0.010907
0.002861
-0.002001
-0.010364
0.018886
-0.024905
-0.004260
-0.034002
0.009096
-0.001961
-0.000739
-0.013382
-0.011970
-0.017778
-0.013148
-0.000674
-0.003148
-0.002440
0.000184
0.000889
-0.003201
-0.005345
-0.008104
-0.001013
0.003421
-0.003202
-0.013602
0.018866
-0.003274
0.011524
-0.012745
0.000439
-0.009761
-0.017498
-0.004333
0.004859
0.030425
-0.005711
0.001655
0.014185
0.003804
0.010174
-0.006157
0.006716
-0.004541
-0.006037
0.007875
0.028004
-0.018832
0.000182
0.002658
0.016891
-0.000441
-0.000264
-0.015139
0.033508
-0.041716
0.005556
-0.004807
0.075985
-0.007145
-0.015396
-0.000848
0.004047
-0.010088
-0.006581
-0.013854
0.003625
0.007477
-0.023327
-0.003055
-0.003555
-0.000753
-0.008027
-0.001900
0.000698
-0.003597
0.019031
0.231049
0.043885
0.064221
0.004530
-0.072428
-0.000160
0.012317
0.008731
0.036194
-0.005550
0.031815
-0.002873
0.000000
-0.015146
-0.027456
0.000005
-0.036024
0.017202
-0.010019
0.112448
0.027147
-0.007952
-0.010701
-0.000462
0.041172
0.013026
-0.009476
0.021895
-0.019145
-0.000426
-0.033246
-0.012419
0.000100
0.007132
0.001272
-0.023112
-0.011463
-0.012477
-0.018304
-0.007958
-0.021991
0.030181
-0.006241
-0.012202
-0.009881
0.000394
-0.025403
-0.012747
-0.016376
-0.022441
0.013175
0.069612
0.004843
-0.031906
0.066982
-0.013952
0.004192
0.013649
0.001925
-0.023182
-0.014339
-0.017436
-0.009882
-0.019024
0.048792
0.001661
-0.010091
-0.021894
-0.013680
-0.012219
-0.011171
-0.006510
0.008554
-0.009446
0.013938
-0.013491
-0.004525
0.012349
0.021446
-0.023677
0.021634
-0.012692
-0.002911
0.008298
-0.010524
-0.000396
-0.008841
0.005356
-0.003940
-0.001838
-0.004426
-0.001579
0.000856
-0.002173
-0.022615
0.011934
0.011016
-0.012308
-0.001052
-0.005552
0.015645
0.010886
-0.005602
-0.005966
0.000047
-0.003910
0.004275
0.018155
-0.022485
-0.008238
-0.024306
-0.001845
0.002354
-0.016304
0.027402
-0.008001
-0.005792
-0.005719
-0.007181
-0.007589
-0.008423
0.010650
-0.008974
-0.003167
-0.003937
-0.017039
-0.017470
-0.010666
-0.002082
-0.019415
0.000818
-0.013768
0.003570
0.002644
-0.013894
-0.006229
-0.004103
-0.005048
-0.006880
-0.002337
-0.003127
-0.033751
-0.063993
-0.011234
-0.016371
-0.018602
-0.027594
-0.009089
-0.034062
0.001604
-0.010366
0.002373
0.001007
0.003057
-0.000656
-0.013482
0.006251
-0.010392
-0.012543
0.031580
-0.007700
0.011027
0.000157
-0.000340
0.001748
0.003516
-0.019129
-0.009702
0.006328
0.004525
0.027607
-0.007835
0.268850
0.114040
0.008672
-0.003855
0.001929
0.013716
-0.004690
-0.002376
-0.022300
-0.009504
-0.001572
-0.006977
-0.002002
0.021562
0.025514
-0.001113
-0.003236
0.006274
-0.012928
-0.005633
-0.017521
-0.006861
-0.011249
0.008402
0.036002
0.004851
0.010762
-0.000622
0.000309
0.002702
0.002912
-0.006701
0.025467
0.009087
-0.006988
-0.008557
-0.000297
0.000786
-0.012376
-0.009627
-0.008380
0.002842
-0.005903
-0.011303
-0.004015
-0.025422
-0.014157
-0.007971
0.000915
-0.011827
-0.000184
-0.016735
0.000484
-0.005704
0.007403
-0.003041
0.023349
-0.012846
0.000077
-0.001883
-0.025326
-0.007097
-0.010756
-0.016146
-0.004661
-0.016188
-0.016625
-0.016331
0.015863
-0.008968
-0.009388
-0.004665
-0.000417
0.021509
0.002052
-0.008395
-0.008640
-0.006163
0.001362
-0.000045
0.005463
0.001849
-0.013983
-0.005281
-0.011137
-0.003351
0.002933
-0.008168
0.004449
-0.013473
0.008272
-0.002795
-0.013355
-0.017097
-0.011923
0.001253
-0.009853
-0.022880
-0.005374
0.006195
0.001483
0.003508
0.016039
-0.002517
-0.028654
-0.012246
0.003712
-0.020135
-0.007326
-0.012250
0.002632
0.002479
-0.009701
-0.005408
0.004765
-0.014448
-0.024038
-0.013194
-0.015212
-0.002799
0.008940
-0.029746
-0.006864
0.010030
-0.011845
-0.002479
-0.009291
-0.007196
0.013502
0.002233
0.027184
-0.011684
-0.006643
0.027683
0.026998
0.052095
-0.011624
-0.007061
-0.016704
0.002947
-0.004431
-0.011107
0.003949
-0.000854
-0.011473
-0.007157
-0.005156
-0.015561
-0.005294
-0.002390
-0.001113
-0.000497
-0.007024
-0.009391
-0.005851
0.066920
-0.005055
-0.017842
-0.009803
0.002339
-0.006856
-0.005540
-0.011483
-0.006233
0.013354
-0.026257
-0.017345
-0.001699
-0.001007
-0.023615
-0.001892
-0.005808
0.033966
0.013449
-0.004790
0.005952
0.000000
-0.011635
0.001663
-0.006660
-0.015261
-0.005813
-0.011762
0.001866
-0.018612
-0.007738
0.008637
-0.007111
-0.015233
-0.012551
-0.003389
0.000000
-0.000625
0.010583
-0.011324
0.000000
-0.001036
-0.008461
-0.014916
0.006013
-0.004533
0.010378
0.007507
-0.014053
0.014639
0.033226
-0.014530
0.001738
0.022927
-0.000945
-0.012420
-0.009294
0.007913
-0.001285
0.001443
-0.022067
0.005576
-0.017199
-0.001159
-0.006514
-0.009750
-0.010952
-0.015081
0.065034
-0.008741
-0.010100
-0.026436
-0.006439
0.002534
-0.009926
0.030267
-0.010148
-0.010560
-0.001864
0.003563
-0.002573
0.000869
0.001028
0.006207
0.014221
-0.081552
0.020211
-0.012461
-0.014499
0.012289
-0.008633
-0.004613
0.015682
-0.022835
0.015693
-0.031129
-0.008503
-0.011880
0.000027
-0.000883
-0.000488
-0.014114
-0.030275
-0.026163
-0.050645
-0.008316
-0.002507
-0.005554
-0.017173
-0.003138
-0.026402
-0.015641
0.001721
-0.029490
-0.005541
-0.004726
-0.005354
0.013431
0.016489
-0.010292
-0.003371
-0.013221
0.019965
-0.032013
0.003041
-0.002644
0.012288
-0.009346
0.006387
-0.020566
-0.018802
-0.001133
-0.005248
-0.202836
-0.010502
0.025714
-0.012239
-0.002850
-0.022889
-0.041474
0.000558
-0.005331
0.017124
0.003721
0.081783
-0.002179
-0.007010
0.000795
-0.022884
-0.011704
-0.020363
0.082293
-0.006358
-0.010668
0.157192
-0.025081
0.000374
-0.023794
-0.012872
-0.016976
0.007354
-0.001297
-0.011730
0.014456
-0.015230
-0.012013
-0.011940
-0.003570
0.031266
-0.001711
-0.003169
-0.003891
0.019215
0.084653
-0.025720
-0.008300
-0.005664
0.000241
-0.003148
-0.008692
-0.007331
-0.013606
0.001575
0.001438
-0.001005
-0.003977
0.021737
0.005503
-0.013105
-0.006033
0.001691
-0.000912
-0.002181
0.012148
-0.024812
0.004795
-0.002019
0.010726
-0.009639
-0.010542
-0.000905
0.001591
0.007027
-0.008876
0.000019
0.004137
0.001260
-0.001993
0.035765
0.041197
0.001634
0.000340
0.004592
0.020916
-0.002278
0.016905
-0.008075
-0.002685
-0.006520
-0.008332
-0.003455
0.002153
-0.001210
0.011758
0.009373
-0.000602
0.023456
-0.002967
0.005162
0.034715
0.001741
0.009399
-0.005231
-0.003516
0.002375
-0.000495
0.002534
0.004453
-0.005958
-0.011411
-0.003479
-0.013258
-0.008890
-0.010507
-0.010189
0.007173
0.002568
-0.035034
-0.003828
-0.000687
-0.009481
-0.004179
0.004274
-0.003917
-0.015885
0.028409
0.005792
-0.022595
-0.004110
-0.001602
-0.005559
0.002622
-0.003798
-0.008974
-0.007328
0.005940
-0.000988
0.015695
-0.041426
0.022493
0.087797
0.146561
0.020083
-0.003774
-0.012267
-0.000157
0.035401
-0.012347
0.000608
-0.046461
-0.010606
0.001531
-0.013965
-0.007972
0.006693
-0.001329
-0.001519
-0.006858
-0.026554
-0.014924
-0.051330
-0.002250
-0.005153
-0.007300
-0.020284
-0.023700
-0.031128
-0.004594
-0.030139
0.003488
0.023909
-0.013491
-0.027318
-0.013033
-0.000830
0.009834
-0.012902
-0.012062
-0.007240
0.007185
0.003362
0.004440
-0.014974
-0.012944
0.022730
0.012480
0.005391
-0.005484
0.026891
0.010529
-0.015882
0.053168
-0.010924
-0.008824
-0.232928
-0.007703
-0.011472
-0.016726
-0.009338
0.088907
0.023585
0.077434
-0.012432
0.000673
-0.009132
-0.007699
-0.009008
0.008577
-0.003963
0.000000
0.000000
0.000000
0.003633
-0.005740
-0.035545
-0.010192
0.000405
-0.000120
0.004768
0.021715
-0.007421
0.072827
-0.019016
-0.014589
-0.011938
-0.013535
0.035334
-0.005666
-0.001813
0.000655
-0.007090
-0.013480
-0.002045
-0.003380
0.002115
-0.010550
0.000000
0.003246
0.008796
-0.004151
0.009112
0.000240
-0.021299
0.003906
0.007134
-0.005102
0.007853
0.002370
0.000000
0.013071
0.029374
-0.010065
-0.019566
0.001865
0.011044
-0.005551
0.007695
-0.019322
-0.005571
0.000444
0.011368
-0.004731
0.049095
-0.006551
0.007875
-0.004217
-0.011342
-0.017315
0.007266
-0.010185
0.015744
-0.009530
-0.005052
-0.001832
0.024976
-0.009514
0.069842
-0.008449
-0.006876
0.000149
-0.003550
-0.002119
0.012653
-0.018061
-0.024965
-0.013756
0.010949
0.000000
-0.004019
0.000000
-0.010933
-0.004787
-0.012934
-0.009824
-0.029517
-0.007235
-0.003396
-0.007525
-0.012343
-0.006562
-0.006743
-0.012716
0.000003
0.000000
-0.023366
0.018581
-0.014156
-0.002959
-0.007356
0.005994
0.007820
0.000000
-0.018367
0.003464
-0.013362
-0.013008
-0.003944
-0.010565
-0.011510
0.012353
-0.004998
0.010190
0.002910
-0.000968
-0.005249
-0.016469
-0.000595
-0.016679
0.003803
-0.009272
-0.002319
0.000262
-0.011579
-0.008329
0.149740
0.009757
0.000000
0.002960
0.000420
0.011243
0.000407
-0.006315
0.014553
-0.004588
0.013809
0.003365
-0.008724
-0.019841
0.003157
-0.006803
-0.008212
0.006127
0.009849
-0.001512
0.000000
0.000000
0.000000
-0.011689
-0.003528
-0.008898
-0.000849
-0.002106
-0.008161
-0.020933
-0.007117
0.004855
0.001046
-0.013221
-0.002387
-0.006656
-0.028853
-0.031900
0.009917
-0.000431
-0.005467
0.014041
-0.004297
0.002245
-0.003258
-0.008514
-0.001237
0.003334
0.002559
-0.016863
-0.000887
-0.022627
-0.008170
-0.016546
0.056683
-0.006834
0.002339
-0.010480
0.000638
0.004643
-0.000350
0.002058
-0.005806
-0.002626
-0.004353
-0.011499
-0.000305
0.004168
-0.006485
-0.002601
0.002009
0.003968
0.020692
-0.014013
-0.006348
-0.013692
0.000598
0.002015
-0.005753
0.005688
-0.001473
-0.002196
0.000920
0.002391
-0.008302
-0.003364
-0.001525
-0.001513
0.018282
-0.008139
-0.009166
-0.002481
-0.003650
-0.001215
0.001772
-0.000705
0.018537
0.002326
0.064903
-0.018518
-0.004317
-0.004549
-0.016022
-0.004230
-0.020966
0.020839
-0.006806
0.025957
-0.004687
-0.023862
0.003969
0.001565
-0.011042
-0.014212
-0.008839
-0.005560
0.018153
0.000196
0.015740
0.003946
-0.004600
0.004769
0.004978
-0.010424
0.004064
-0.007814
-0.013085
-0.015450
-0.031470
0.013164
-0.015240
0.003164
-0.008029
-0.011820
-0.002538
0.014216
-0.008103
-0.009572
-0.000125
0.005598
-0.008075
0.026678
0.005185
-0.001995
-0.000529
-0.004337
-0.009197
0.007949
-0.015568
-0.006575
0.002405
-0.016961
-0.009750
-0.013387
-0.021662
-0.005131
-0.010871
0.001465
-0.012705
-0.006911
-0.031345
0.021972
-0.036164
0.009145
-0.004667
0.005007
-0.007825
-0.025145
0.004186
-0.012652
-0.003076
0.005555
-0.000972
-0.015347
0.027232
-0.012619
0.030554
0.051153
0.003039
-0.003104
-0.000418
-0.000264
0.002595
0.016454
-0.000259
-0.002527
0.000327
-0.002171
-0.006729
0.006601
-0.008109
-0.027019
0.027892
-0.000619
0.005304
0.001087
-0.012715
-0.008332
-0.007951
-0.020972
-0.014836
0.013126
-0.007843
-0.001926
-0.017273
0.004833
0.004030
-0.008000
-0.007942
-0.014409
-0.002588
-0.014793
-0.023475
-0.003545
0.001928
-0.010464
-0.003276
-0.003075
-0.019189
0.007462
-0.008906
-0.011186
0.003614
-0.006665
-0.012832
-0.006055
-0.013517
-0.006511
-0.003613
-0.014453
-0.016377
0.018386
-0.030961
-0.005639
-0.008305
0.061508
-0.025536
-0.002231
0.002861
0.003326
0.005732
-0.005965
0.004990
0.000929
-0.016313
-0.014737
-0.007245
-0.017892
0.000307
-0.003029
-0.000923
-0.005788
-0.006482
0.001040
-0.006356
-0.000166
0.004293
-0.004739
-0.007339
-0.007958
0.008084
-0.015867
0.003333
0.010204
-0.018503
0.008598
-0.005130
-0.012380
0.002998
-0.024799
0.013784
-0.005163
0.000724
-0.020792
0.005723
0.002187
-0.022126
0.027745
0.003936
-0.023629
-0.001806
-0.003420
0.036745
-0.021965
0.000759
-0.002503
0.000631
0.016908
-0.002089
-0.006330
-0.000677
-0.010905
-0.011074
-0.000547
-0.004965
0.032908
-0.005703
-0.000020
-0.009163
0.001748
0.000250
-0.005412
0.015450
-0.003337
-0.016281
0.053598
-0.006101
-0.007600
-0.000321
0.000519
-0.006468
-0.010611
0.010377
0.000509
0.010173
-0.001842
-0.001860
0.005870
-0.009448
-0.023304
0.002180
-0.003679
-0.019515
0.000927
-0.008631
0.023348
-0.034316
-0.009188
-0.008832
-0.004577
0.009735
0.053584
0.013990
-0.018166
0.001253
-0.026359
0.004325
0.002164
-0.011426
-0.017384
0.032587
0.089014
0.026746
0.023424
0.003843
-0.003319
-0.016425
-0.022252
-0.011847
-0.007015
0.013365
-0.014641
0.031920
-0.025687
0.071251
0.000530
-0.006026
0.003637
-0.000695
-0.005556
-0.003939
0.075002
0.199796
-0.010199
-0.005227
-0.025405
0.000648
-0.005411
-0.017939
-0.011125
0.025357
0.045795
0.093714
-0.010656
-0.003384
0.005733
-0.001636
-0.005672
-0.002343
0.016766
-0.035664
0.054154
0.002103
-0.048210
0.012561
0.000093
-0.015543
-0.006270
-0.008657
-0.008220
-0.001680
0.016677
-0.003048
-0.004387
0.004182
0.004772
