0.018853
0.014040
-0.009639
0.000137
0.011989
0.012032
0.071011
0.040899
0.116057
0.011794
0.023102
-0.007602
-0.012860
-0.044878
0.024735
-0.029097
-0.007936
-0.063928
0.153006
0.003413
-0.005032
-0.035446
-0.012492
0.013859
-0.003308
0.028687
-0.039984
0.019783
0.001472
-0.035904
-0.034457
0.009341
0.070932
-0.046692
-0.029785
-0.037803
-0.011484
-0.018650
-0.002928
0.020215
0.010437
0.002191
0.010984
-0.002344
-0.000716
-0.027731
-0.003968
0.007780
0.040174
0.082307
0.059888
-0.002070
0.012042
0.040291
0.010553
0.011019
0.105199
0.061934
0.034132
0.072528
-0.018001
0.009254
-0.022981
0.037713
0.000966
-0.003828
-0.010761
-0.000405
0.044691
0.002289
0.207307
-0.038169
-0.046381
-0.028127
-0.073325
-0.011374
0.035981
-0.020539
0.007843
-0.027492
-0.014618
0.066782
0.012150
-0.029202
-0.031867
-0.047698
-0.025970
-0.008348
-0.032937
-0.065151
-0.027347
-0.015844
0.011633
-0.000139
-0.005780
-0.042018
-0.021805
-0.054618
0.026952
-0.083029
-0.115046
-0.054841
0.023267
-0.175070
0.017393
-0.064233
0.034725
0.121567
-0.083901
-0.055303
-0.059928
-0.021470
0.011674
-0.029243
-0.116645
-0.085046
-0.004662
-0.023106
0.165297
0.002029
-0.068241
-0.100365
-0.087885
-0.043558
-0.002450
-0.105996
-0.088734
-0.020820
-0.008150
-0.020157
-0.047880
-0.066865
-0.014191
-0.024395
-0.038614
-0.080529
-0.075407
-0.095304
-0.032479
-0.036398
-0.091760
-0.030175
-0.021216
-0.027010
-0.125782
-0.013230
-0.000189
-0.050144
-0.015629
-0.026697
-0.121462
-0.028520
-0.079237
-0.056955
-0.032436
0.011021
-0.058781
-0.114534
-0.049472
-0.026945
-0.033707
-0.137412
0.017656
-0.163754
-0.188683
0.009800
-0.042651
-0.159556
-0.106712
-0.077214
-0.083638
-0.019218
-0.065190
-0.199119
0.014873
-0.209935
0.057199
-0.004157
-0.047972
-0.063058
-0.046849
0.117395
-0.001617
-0.024747
-0.023158
-0.036335
-0.058052
0.021712
0.020366
0.002313
-0.176451
0.157255
0.097687
-0.007818
-0.095254
-0.045716
-0.129165
-0.037360
-0.024283
-0.106258
-0.071382
-0.004675
-0.089454
-0.054556
0.096591
-0.066018
0.028834
-0.051576
0.019665
-0.041103
-0.053101
0.025607
-0.008783
0.069668
0.143154
-0.034685
-0.028448
-0.060162
0.049502
-0.051448
-0.130540
-0.032954
-0.017805
0.037032
0.034403
-0.019333
0.012122
-0.018656
-0.020491
0.056159
-0.015940
-0.005863
-0.007978
0.017444
-0.005689
0.015326
0.052683
0.042002
0.071851
-0.018332
0.012682
-0.144802
0.002293
-0.006220
0.158102
-0.001340
-0.041971
-0.101818
-0.147431
-0.047310
0.011751
-0.088368
0.034012
0.031332
0.101983
-0.034226
0.083810
-0.105073
-0.114958
0.006200
-0.009717
-0.069378
-0.037858
-0.043192
-0.059906
-0.168366
0.067026
-0.006542
-0.083646
0.023644
0.035470
-0.015233
-0.062168
-0.024606
-0.002869
0.187946
0.024142
0.072036
-0.001843
-0.037957
-0.043693
-0.006741
-0.075860
0.088400
-0.023786
-0.090086
-0.075355
0.048090
0.013686
-0.001939
-0.034590
-0.158945
-0.031546
-0.070835
-0.061146
-0.055132
-0.079842
0.011883
-0.046757
-0.066810
-0.074558
-0.071081
0.002143
-0.051698
-0.038303
0.059198
-0.080042
0.009226
0.009118
-0.041738
-0.045848
0.022107
-0.080526
0.013938
-0.086150
-0.029310
-0.047870
-0.069173
-0.033074
-0.069408
-0.051678
-0.076104
-0.024548
0.119091
-0.104476
-0.032573
-0.107713
-0.081683
-0.041141
-0.071510
-0.032500
-0.009956
-0.029238
0.087022
-0.004817
-0.004591
0.073496
-0.015114
-0.109128
-0.046302
0.002513
0.083884
0.009202
-0.071609
-0.002622
-0.036228
0.024420
-0.022426
-0.056140
-0.066778
0.008976
-0.153727
-0.021469
0.017116
-0.058155
0.146358
0.056354
-0.236352
-0.106992
-0.018716
-0.043560
-0.046774
-0.012143
0.022779
0.045757
0.080395
-0.042105
-0.077706
-0.005918
-0.017249
0.059018
-0.125628
-0.047933
-0.042875
-0.025204
-0.079744
-0.056951
-0.064747
-0.103909
-0.043406
-0.069666
-0.073871
-0.012539
0.003899
0.014799
-0.058680
-0.077098
-0.078409
-0.041907
0.031144
0.037498
0.126090
-0.044224
-0.041874
0.002983
-0.159943
-0.097863
0.091325
0.009295
-0.115643
-0.042238
-0.008259
0.049985
-0.098727
-0.129359
-0.032002
-0.041444
-0.141864
-0.083086
-0.042689
-0.047075
-0.098777
-0.044097
-0.008362
-0.011282
0.027891
-0.047102
0.025996
-0.033276
-0.055160
-0.087775
-0.034322
-0.081269
-0.094829
-0.090566
0.179984
-0.041926
-0.005030
-0.014039
-0.173318
-0.049742
-0.120876
-0.090932
-0.097195
-0.118884
-0.030095
0.020830
-0.010523
-0.099378
0.102858
-0.052829
0.024126
-0.016606
0.023104
0.002630
-0.077279
0.000646
-0.092018
0.071019
-0.167942
-0.154275
-0.024760
-0.072530
-0.078085
0.064070
-0.001306
-0.087777
-0.006847
0.146975
-0.036543
-0.003097
-0.143640
-0.014759
-0.105837
-0.044609
-0.036905
0.050614
-0.018148
-0.028150
0.046243
-0.048518
-0.045134
-0.009469
0.080145
-0.049933
-0.029820
-0.047872
-0.130947
-0.078994
-0.023264
0.023168
-0.074429
-0.017569
-0.035152
-0.033423
-0.053012
0.024408
-0.028741
-0.034561
-0.177045
-0.010137
0.159664
0.059932
0.006732
0.156509
0.026524
-0.070224
-0.006494
0.014877
0.007127
-0.037517
-0.055753
0.021392
-0.049434
-0.009638
-0.010009
-0.040365
0.024420
0.054409
-0.038090
0.046452
-0.120165
-0.002296
0.087099
0.002186
-0.050463
-0.009517
-0.042783
0.008326
-0.007169
0.107354
0.007033
-0.061436
-0.052968
-0.027517
-0.051923
-0.056642
-0.044920
0.074968
-0.097629
-0.028941
-0.023166
-0.012528
-0.033080
-0.113271
-0.055742
0.047003
0.022075
-0.048213
0.106123
-0.027891
-0.065566
0.023966
-0.058329
0.065603
-0.028575
-0.009282
-0.074897
-0.041371
-0.001512
0.042210
-0.060445
-0.006058
-0.127177
-0.067960
-0.147441
0.217528
-0.084752
-0.017432
-0.004405
-0.039821
-0.068008
-0.059093
-0.021718
0.013949
-0.026209
-0.011962
-0.032233
0.007683
-0.189301
-0.091246
-0.048716
0.013720
0.141316
-0.059449
-0.013781
-0.058064
-0.080946
-0.045930
-0.083509
-0.194067
-0.086026
-0.019554
-0.026766
0.088597
0.047863
-0.112141
0.019435
0.004150
-0.049850
-0.206203
-0.000957
0.091292
-0.069476
0.049907
-0.053560
0.048897
-0.030441
0.190905
-0.018832
-0.020827
-0.021009
-0.029442
0.015035
0.260858
-0.058735
-0.071967
-0.032832
0.069057
-0.035449
-0.005964
0.013430
0.073185
-0.199331
0.029145
-0.014152
0.023092
0.024612
0.200180
-0.063605
0.175593
-0.058909
0.064282
0.255421
-0.007182
-0.101529
-0.000472
-0.018390
0.103284
0.080158
-0.067312
0.070579
0.104618
-0.099291
0.033165
-0.053860
-0.041751
0.083958
-0.121835
0.019755
0.218943
-0.073431
-0.107810
0.096027
-0.044725
-0.055398
0.001121
0.161601
0.032843
0.090543
-0.011394
-0.034031
0.091909
0.048729
0.002984
-0.068259
0.061386
-0.027425
-0.061793
0.074749
0.113854
-0.003639
-0.074539
-0.105379
-0.014222
-0.076500
0.005729
0.030924
-0.021038
0.028034
-0.024594
-0.035184
-0.079488
-0.012504
0.081512
-0.093597
0.000014
-0.046320
0.133445
0.011643
-0.032112
0.036331
-0.014878
0.015748
-0.031994
-0.065205
-0.020312
-0.021277
-0.014523
0.061748
-0.009630
-0.041186
-0.104700
-0.006259
-0.021964
-0.003398
-0.119786
0.014803
-0.030078
-0.083336
-0.027514
0.028292
0.154809
-0.061805
0.028142
0.076933
-0.087119
0.093608
0.047723
-0.017909
0.001240
-0.035903
0.080531
-0.065009
-0.036186
-0.001169
-0.031321
-0.069968
-0.041386
-0.012833
-0.042327
-0.003628
-0.033385
-0.061301
-0.116229
-0.043287
-0.053913
-0.046521
0.017651
-0.059929
-0.044577
0.065102
0.007158
0.018837
-0.077550
0.038295
0.069830
0.075207
-0.072452
-0.032195
-0.064310
0.020262
0.008328
0.158927
0.044815
-0.044816
0.005581
0.021722
-0.124384
-0.001141
-0.068441
0.008738
-0.027236
-0.129756
0.089684
-0.027832
0.016041
0.082412
0.006557
0.058373
-0.130083
0.034291
0.074412
0.026924
0.170966
0.228218
-0.113121
-0.076784
0.007826
-0.015092
-0.011047
0.037664
0.041600
-0.012972
-0.000739
0.089009
-0.080028
0.014400
0.029312
0.022210
-0.019013
-0.104622
-0.061564
-0.105535
-0.015722
-0.087228
0.007665
-0.016502
-0.054884
-0.060588
0.006663
-0.067019
-0.067492
0.008317
0.080644
0.068840
0.029745
-0.091955
-0.033465
-0.012581
0.032790
0.011113
0.036283
0.050730
-0.008598
-0.016789
-0.033813
-0.007534
0.028123
0.026478
-0.045819
-0.064587
0.108585
-0.063068
0.051953
0.122888
-0.023400
-0.040766
-0.093679
-0.051027
-0.047384
0.051910
-0.011918
0.172023
-0.186054
0.048042
-0.008318
-0.097753
0.130937
0.003959
-0.088709
-0.007286
0.009893
-0.104722
-0.015171
-0.011952
-0.016499
-0.040049
-0.041397
0.047260
0.020041
-0.004432
-0.064078
-0.019387
0.003570
-0.150049
-0.017245
-0.054473
-0.053293
0.005048
0.018810
0.001338
-0.074725
-0.064573
0.121403
-0.018522
-0.028875
-0.054650
-0.008083
-0.067517
0.078635
0.001068
0.136480
-0.072681
-0.013128
0.004933
-0.056762
0.008899
-0.086172
-0.085576
-0.030915
-0.061712
-0.002767
-0.064258
-0.038559
-0.001749
-0.062324
-0.101530
0.010434
-0.047409
0.059063
-0.080249
0.110361
-0.108060
-0.024130
-0.007495
-0.014565
-0.098535
-0.045080
-0.100019
-0.084559
0.001488
0.095962
-0.007057
0.029412
-0.029988
0.047634
0.084610
0.032216
-0.090119
-0.085366
-0.072112
0.292427
-0.005483
-0.056650
-0.039074
0.031729
-0.037187
-0.067779
0.083414
-0.078342
-0.053365
0.160476
-0.059881
-0.036609
0.226216
-0.028432
-0.036448
-0.092401
-0.072074
-0.001666
-0.090040
0.126913
0.040616
0.171834
0.010524
0.159029
0.007547
-0.011238
-0.048292
-0.069957
0.018173
-0.016644
0.012735
0.029081
-0.057899
-0.097394
-0.055371
0.053226
0.094617
-0.043529
-0.174518
0.036606
-0.098355
-0.110874
0.028863
-0.085186
-0.086508
-0.062176
-0.061987
0.028467
-0.090057
-0.024971
-0.028549
-0.034863
-0.063740
-0.036734
-0.053239
-0.026826
0.041401
-0.064217
0.001665
-0.073408
-0.040568
0.015795
0.032011
0.004962
-0.103993
-0.029997
-0.085138
-0.079602
-0.118780
-0.053094
-0.034070
-0.021423
-0.013009
-0.035238
-0.031910
-0.142932
-0.023881
-0.166587
0.014916
0.017004
0.021037
-0.011690
-0.051602
0.262257
-0.030446
-0.015038
-0.013745
-0.023374
0.003912
-0.004414
-0.067335
-0.158820
-0.118981
-0.178345
-0.071575
0.011749
-0.063017
-0.017550
-0.125633
-0.052403
-0.087375
-0.000002
0.192702
-0.088104
-0.098633
-0.078246
-0.093075
-0.115924
-0.035694
-0.054921
0.045319
-0.009205
-0.084931
0.081601
0.370675
0.035419
0.035491
-0.091052
0.100279
-0.025399
-0.045852
-0.066015
-0.026369
-0.009914
0.095756
-0.153617
-0.045849
-0.076058
-0.025398
-0.077353
-0.031327
-0.029980
-0.131211
-0.037508
-0.008741
-0.122374
-0.061011
-0.060907
-0.123411
0.013036
0.064316
-0.038366
0.065949
-0.031753
-0.067214
-0.034829
-0.060316
-0.047176
-0.025850
-0.052604
-0.034299
-0.104728
-0.031177
-0.024332
-0.011034
0.061905
0.038470
0.020473
0.168181
0.024573
0.039427
-0.021943
-0.060016
0.154111
0.012178
-0.107008
0.040684
-0.034721
-0.139079
-0.041773
-0.021894
-0.130108
-0.043975
-0.064215
-0.085535
-0.044394
0.026181
-0.021488
-0.158210
-0.024237
-0.063804
-0.001454
-0.051435
0.054200
-0.051498
-0.041202
0.030188
0.027235
0.044683
-0.170497
0.027733
-0.106747
0.001613
-0.001382
-0.006698
-0.080712
0.048703
-0.033388
-0.083586
-0.085206
-0.069533
0.039312
-0.011099
0.075712
-0.133094
-0.152121
0.008616
-0.008070
0.043951
-0.259776
-0.027096
-0.096368
-0.090484
0.055886
-0.067335
-0.063553
-0.016557
-0.068359
-0.015370
0.026503
-0.167060
-0.046061
-0.085320
0.229527
-0.032907
0.081864
-0.065557
-0.047690
-0.045199
-0.129765
-0.039811
0.037265
-0.017863
0.010937
-0.025219
-0.012042
-0.029286
-0.101474
0.212223
-0.017227
-0.011257
-0.124382
0.014210
-0.033251
-0.016553
0.057888
-0.046909
0.042279
0.024319
-0.070256
0.096944
0.131942
-0.026846
0.087533
0.082183
0.029426
-0.025736
-0.027746
-0.032698
-0.059096
-0.081080
-0.069942
-0.034733
-0.044981
-0.027293
0.062135
-0.157344
0.001067
-0.051869
-0.027423
-0.128285
0.092098
0.068487
0.008554
0.078768
0.114236
-0.029016
0.050105
0.042799
0.139930
0.050756
-0.096251
-0.024101
0.028737
-0.037246
-0.034594
-0.065321
0.062055
0.070998
-0.068949
0.091628
-0.065799
0.075585
-0.045476
0.052428
-0.030930
-0.110288
-0.069595
-0.007996
-0.078428
-0.055472
0.017276
-0.043020
0.118744
-0.020779
-0.039383
-0.016442
-0.045604
-0.040373
-0.073036
-0.073197
-0.052409
-0.038075
-0.127321
-0.021785
-0.006930
0.034750
-0.016946
-0.012976
-0.083578
-0.089820
-0.007808
-0.114441
-0.012923
-0.039201
-0.027393
0.004509
0.008465
-0.111650
-0.080946
-0.034809
-0.045998
-0.050305
0.156993
-0.059639
-0.037582
0.142876
-0.086672
-0.034429
0.046998
-0.074573
0.035171
-0.014598
-0.027345
-0.086728
-0.078902
-0.034722
-0.028031
-0.009733
-0.000165
0.068163
-0.144187
-0.035947
-0.060900
0.030506
-0.076006
-0.017798
0.025797
0.182749
0.106946
-0.074881
0.004017
0.001687
0.035394
-0.051527
-0.138851
0.025943
0.042022
0.055506
-0.047573
-0.119433
-0.049585
0.021177
-0.012531
0.062303
-0.010094
-0.027179
-0.085630
0.054168
-0.119589
0.034469
0.114576
0.023286
0.045637
-0.040941
-0.004782
-0.029015
-0.109296
0.017737
0.038601
0.024534
0.023482
0.005487
-0.031960
0.009423
-0.073300
-0.056733
-0.001845
-0.054766
-0.104991
-0.144594
-0.010651
0.065353
0.013402
-0.019542
0.095053
-0.047446
-0.082922
-0.014349
-0.028807
-0.032789
0.081041
-0.052874
-0.039440
-0.076476
-0.092216
-0.010476
-0.096459
-0.176857
0.176887
-0.222001
-0.051808
-0.132530
-0.040630
0.057665
-0.006219
-0.033596
0.078271
-0.086918
-0.118425
-0.114993
-0.072870
0.126890
0.145810
-0.103862
-0.089178
-0.120662
-0.149694
-0.073363
-0.024793
-0.087349
0.042643
0.100053
-0.067094
-0.098082
-0.053189
-0.013871
0.224612
0.163035
-0.036805
-0.155205
0.089524
0.040869
-0.100902
-0.040493
-0.090236
0.018693
-0.049675
-0.056450
-0.017730
-0.015801
0.350340
-0.019079
-0.024792
0.002373
-0.004848
-0.048282
-0.213484
0.004843
0.007298
0.061525
-0.001653
-0.051369
0.003529
0.085145
0.006060
0.076134
-0.110804
-0.038317
-0.066533
0.039285
-0.019836
-0.019425
-0.005774
-0.051797
-0.019953
-0.119196
-0.040607
0.151784
-0.065250
-0.093218
0.070743
-0.050968
-0.051413
-0.017726
-0.029315
-0.019546
-0.201552
0.031024
-0.070059
-0.068009
0.022759
-0.065124
-0.023902
-0.041124
-0.003720
-0.033582
0.184999
0.036353
-0.107072
-0.074177
0.148225
0.011950
-0.079818
-0.030860
0.074656
-0.047719
-0.039360
0.046953
0.076954
-0.079839
-0.041856
0.016510
0.009379
-0.043908
0.005892
0.024949
0.017040
-0.011248
0.028453
0.042659
-0.051557
-0.004224
0.042350
-0.001956
0.082407
-0.007420
-0.048918
0.007697
0.107744
-0.011465
-0.022180
-0.087471
0.040510
-0.004966
-0.059103
-0.082041
-0.075588
0.048897
0.007608
-0.062843
-0.005822
0.099796
-0.104016
0.033556
-0.006531
0.038840
-0.076015
-0.049156
-0.017060
0.005660
-0.058331
-0.045011
0.153568
0.045004
-0.034777
-0.074299
-0.038635
-0.064652
-0.104528
-0.091000
0.032940
-0.025661
-0.074628
-0.069456
0.047302
-0.120123
0.086174
-0.069215
-0.004424
-0.043682
-0.101457
0.022874
0.002943
-0.097072
-0.155764
0.039565
-0.071275
0.033488
0.012650
-0.102056
0.018689
-0.010423
-0.103459
0.020830
-0.024164
0.148089
-0.133657
-0.185196
-0.036733
-0.060404
-0.077574
-0.058402
-0.141000
0.083278
0.013570
0.073824
-0.177101
0.103202
-0.058852
-0.029859
0.012319
-0.102199
-0.014399
-0.016813
0.003743
-0.032741
-0.030878
-0.074157
-0.000657
-0.067642
-0.006996
-0.010065
-0.097912
0.064900
-0.048518
0.002377
-0.015916
-0.098321
-0.034266
-0.075067
-0.078899
-0.051127
-0.126407
0.018629
-0.015515
-0.007528
-0.022204
0.020123
-0.032561
-0.118693
0.185937
0.013396
0.152845
0.040574
-0.153527
-0.117546
-0.057360
-0.069588
0.145253
-0.092928
0.052724
0.016207
0.023330
-0.116775
-0.141925
0.095721
0.020494
-0.007388
0.023573
-0.030371
-0.087455
-0.048105
0.155670
-0.130670
-0.079234
-0.053724
-0.038706
-0.043614
-0.166289
0.038844
0.030692
-0.035370
-0.056867
-0.083785
0.064285
0.084240
-0.043936
-0.086776
-0.048503
-0.020981
-0.052354
-0.088398
-0.107471
-0.044971
-0.019707
0.155374
-0.050629
-0.046763
-0.071208
0.034077
0.008434
0.055861
-0.032546
-0.089124
-0.108518
-0.093155
-0.067060
0.171738
-0.064677
-0.054679
-0.073731
-0.029681
-0.049838
0.046247
-0.078117
0.181445
-0.030764
-0.023510
-0.106640
0.070976
0.168097
0.035875
-0.024547
-0.018502
-0.051389
-0.085894
-0.086979
-0.023324
-0.010148
0.100524
-0.053392
0.159803
0.024088
0.048204
0.076602
-0.141894
-0.064338
-0.052757
-0.087511
-0.009683
-0.036876
-0.055169
0.066167
-0.041981
-0.084962
-0.041921
-0.048603
0.020981
-0.036548
0.051000
0.125780
-0.044487
0.046549
-0.098993
-0.075293
-0.068666
-0.018018
-0.080930
-0.185855
-0.044992
-0.045523
-0.063449
0.087797
-0.104340
-0.060531
-0.040638
-0.126231
0.030371
0.052084
0.027375
0.060374
-0.012064
0.023597
-0.101283
-0.100776
-0.035747
-0.038784
-0.118633
-0.065041
0.072989
-0.025938
0.004635
0.002948
-0.062276
0.049095
-0.067904
-0.022173
-0.036742
0.034156
-0.103155
0.077267
-0.065910
-0.051257
-0.093569
-0.021992
-0.035293
0.040793
-0.074852
0.018315
0.070523
-0.017686
-0.053667
-0.041068
0.043728
0.027286
-0.025564
-0.140517
0.165015
0.080060
-0.035751
-0.042115
-0.004345
-0.045910
-0.075365
-0.063175
0.027923
0.156722
0.036489
0.019954
-0.033284
-0.013091
0.056811
-0.033939
-0.036387
0.126934
-0.014022
-0.038321
-0.056196
-0.014296
-0.075828
-0.107363
0.003279
-0.043032
0.004406
0.027515
-0.066928
0.062505
0.033753
0.169940
0.038772
-0.045797
-0.005940
-0.025248
0.030277
-0.060482
-0.059315
-0.007929
0.087089
-0.045515
-0.039052
-0.006851
-0.014832
-0.004489
-0.049466
-0.020828
0.085263
0.011737
-0.061933
-0.052832
-0.087567
-0.021942
-0.058101
0.000548
-0.017132
-0.027507
-0.030585
-0.044931
0.011870
-0.120631
0.014234
-0.032341
-0.110502
-0.015459
-0.147317
-0.053860
-0.006130
-0.027393
-0.137626
0.122125
-0.037151
0.130339
-0.144308
-0.026354
0.012222
-0.015886
-0.093672
-0.006973
-0.030009
0.003808
-0.049509
-0.045529
-0.039158
-0.053393
0.003466
-0.017042
-0.064514
0.110875
-0.032481
-0.161980
0.064663
-0.078875
-0.069013
-0.100951
-0.083861
-0.028658
-0.039726
-0.069585
-0.059046
-0.132622
-0.127946
-0.102445
-0.021927
-0.037782
-0.015886
-0.086276
-0.059346
0.076687
-0.144018
0.034921
-0.084955
-0.054916
-0.018255
-0.007608
0.006034
0.058747
0.024242
0.015821
0.006952
-0.044565
-0.102353
0.124131
-0.019192
-0.068071
0.110490
-0.045042
-0.019787
0.167896
-0.050417
0.296612
0.210448
-0.005801
-0.092142
-0.029573
-0.015252
0.123637
-0.039561
-0.017859
-0.003968
0.013696
-0.155127
-0.053354
-0.159739
-0.018917
-0.024925
-0.096814
0.016542
0.104890
0.012846
-0.053081
-0.029032
-0.007118
-0.103004
-0.014082
0.018740
-0.042068
0.030607
-0.022833
0.071247
-0.036951
-0.088996
0.001716
-0.007530
-0.040002
-0.010582
0.063055
-0.070997
-0.029846
-0.011743
-0.013265
-0.033970
0.125372
-0.113605
-0.033031
0.066127
-0.076736
-0.040751
-0.042275
-0.069838
-0.011046
0.143930
-0.066695
-0.128150
0.005055
-0.046607
-0.039813
-0.059969
-0.069959
-0.097158
0.061733
-0.073877
-0.046894
0.006488
-0.066593
-0.073594
-0.070394
-0.057010
-0.038934
0.050529
-0.036038
-0.026149
-0.123326
0.045855
0.028744
0.150066
-0.008858
-0.186713
-0.102713
0.584663
-0.057454
-0.033371
-0.030388
-0.234736
0.077839
-0.048620
-0.034026
-0.034458
0.005508
0.104891
-0.007501
-0.063623
-0.030840
-0.084663
0.011767
-0.037559
-0.066755
-0.156768
0.049743
0.191972
-0.028038
0.061865
-0.052662
0.040349
-0.007733
-0.027657
-0.059836
-0.006947
-0.074584
-0.082322
-0.012359
-0.052006
0.040830
0.447938
-0.045441
-0.033960
0.075471
-0.045840
0.005547
-0.031588
-0.067865
-0.044629
-0.056403
-0.061333
-0.032203
-0.050221
-0.107708
-0.028159
-0.030686
-0.050661
-0.019401
0.008741
-0.012048
-0.079170
-0.025585
0.004541
-0.117238
-0.035713
-0.024941
0.115454
-0.065698
-0.103176
-0.019105
0.074568
0.006148
-0.091580
0.069179
-0.047565
0.027958
-0.017361
-0.126179
0.035557
-0.102310
-0.117169
0.073323
0.067560
0.006801
0.074605
-0.010700
-0.024004
0.106121
-0.008690
-0.001684
-0.057191
-0.059622
0.208011
-0.028650
-0.083652
-0.057332
0.365415
0.065046
-0.024340
0.012338
-0.013355
0.066004
-0.072268
0.325698
-0.108536
-0.024226
0.040061
0.028667
-0.002870
0.074456
-0.017544
-0.112988
0.107303
0.013081
-0.035032
-0.000035
-0.030410
-0.019707
0.006580
-0.168920
0.032964
0.072110
-0.059201
-0.081440
0.137666
-0.041249
-0.085498
-0.018919
-0.007799
-0.013457
-0.157749
0.018542
-0.025448
-0.071871
-0.070434
-0.098026
-0.028686
-0.159412
-0.140728
-0.104675
-0.033383
-0.077253
-0.009307
-0.032300
-0.044020
0.033402
-0.032947
-0.174391
-0.022450
-0.019300
0.161362
-0.114103
0.035148
-0.098778
-0.008098
0.137558
0.310245
-0.013642
-0.012776
-0.049837
-0.032998
0.067343
0.188308
0.012279
-0.154799
-0.072075
-0.061079
-0.043070
-0.007194
0.021306
-0.063202
-0.043495
-0.126172
-0.022971
-0.065989
-0.013914
-0.061988
0.026906
0.039866
-0.005557
-0.051095
0.176567
-0.018869
0.028689
-0.078095
-0.036124
-0.012475
-0.052500
0.094048
-0.024814
-0.068298
0.023220
-0.066164
-0.038167
-0.030259
0.063054
-0.061966
0.010098
-0.123661
0.054309
-0.006302
-0.156735
-0.037691
-0.090606
-0.140507
-0.144720
-0.030010
-0.068272
-0.065710
0.034076
-0.078863
0.077843
-0.053228
-0.086197
0.042619
-0.084651
-0.041447
-0.008889
-0.060454
-0.055741
-0.033478
-0.014510
-0.094101
0.040351
0.048524
-0.057163
-0.019975
0.020224
0.064356
0.003176
-0.057217
-0.025230
-0.067342
-0.043143
-0.054936
-0.190835
0.000167
-0.096178
-0.005165
-0.006780
0.027376
-0.005017
-0.046551
0.003416
-0.118195
0.005185
-0.040470
-0.025817
-0.067595
0.023600
0.028874
-0.009741
-0.002097
0.004162
-0.149572
0.096887
-0.182868
0.037219
-0.150339
0.038089
-0.018787
-0.068210
-0.056894
-0.030540
-0.007871
0.032830
-0.018239
-0.008529
-0.056467
-0.056935
0.059711
-0.094364
-0.032200
0.050985
-0.032769
-0.043535
-0.037950
-0.051091
-0.023460
0.267627
-0.068200
-0.045354
-0.057130
-0.036340
-0.006090
-0.009044
-0.023296
0.057875
-0.052097
-0.085125
-0.013367
0.031023
-0.096712
-0.054383
-0.009605
-0.001006
-0.099739
-0.056216
-0.039980
0.060855
0.027115
-0.032300
-0.067566
-0.179846
-0.135162
-0.051765
0.037628
-0.044579
0.063803
0.008967
-0.019675
0.079100
-0.089530
0.043150
0.093136
-0.087734
0.019227
0.033580
0.024085
0.020534
0.030485
0.076057
-0.045638
-0.030726
-0.038070
-0.033083
0.003082
0.162985
-0.046252
-0.031242
-0.025999
0.005401
-0.043989
-0.124530
0.029128
0.061198
-0.059383
-0.050491
-0.078360
-0.020273
0.074598
-0.077247
-0.064669
-0.052953
-0.028875
-0.081308
-0.006893
0.228383
-0.015043
0.131714
0.357271
0.189347
-0.122562
0.037113
0.061042
-0.009782
-0.049279
0.011149
0.080895
-0.078511
-0.053423
-0.041928
-0.051234
-0.028732
0.191217
-0.082942
-0.056523
0.025354
-0.075373
-0.082692
0.002008
-0.052282
0.010640
-0.027449
-0.074226
0.019197
-0.049782
0.128729
-0.049446
-0.080367
-0.068620
-0.082617
-0.087406
-0.055363
-0.017380
-0.027510
0.007361
0.054155
0.267348
-0.037324
-0.097322
0.077897
0.015318
-0.061239
-0.005007
-0.008686
-0.069744
0.017109
-0.006440
-0.070183
-0.082709
-0.027356
-0.062779
-0.049834
0.013360
-0.027175
-0.066061
-0.075508
-0.092368
0.025757
-0.078400
0.092264
-0.003758
-0.028685
0.007294
0.042202
0.083645
-0.031178
0.084867
-0.083853
-0.148573
0.058406
0.021828
0.090994
-0.083919
-0.160815
0.047636
-0.068771
0.020972
0.064630
0.046281
-0.134309
-0.089423
-0.150505
0.008103
-0.031830
-0.011447
-0.062946
0.025536
0.001721
-0.021472
-0.011028
-0.071254
-0.002550
0.002507
-0.137633
-0.037764
-0.045290
-0.000593
-0.007215
0.032707
0.242352
0.045355
0.072101
-0.049792
0.104530
-0.023278
-0.040527
-0.023052
-0.012962
-0.175004
-0.007509
0.077499
0.007089
0.072843
-0.047423
0.194697
-0.007612
-0.030894
-0.022666
-0.129384
-0.062760
0.118276
-0.103622
-0.132006
-0.050047
-0.066516
-0.023049
-0.089962
-0.043021
-0.033179
-0.147287
0.114678
-0.251949
-0.132193
-0.044232
-0.065894
-0.195683
-0.023509
-0.007289
-0.059126
-0.022403
-0.182641
-0.078673
-0.115014
-0.115836
-0.005436
-0.165902
-0.140900
-0.073110
0.233895
0.536150
-0.102402
-0.035917
-0.033929
-0.002418
0.013301
-0.095156
0.157148
-0.107085
0.081620
-0.040001
-0.045707
-0.033661
0.032769
-0.038946
-0.052454
0.001519
-0.046233
0.046510
-0.092890
0.032664
-0.059762
-0.064689
0.048957
0.039250
-0.102656
-0.016026
-0.036960
-0.051337
0.075979
-0.072697
-0.093651
-0.044796
-0.092066
-0.103135
-0.069904
-0.105596
-0.108572
-0.001917
-0.059213
0.008278
-0.041018
0.000956
0.064516
-0.143644
-0.080422
-0.111499
-0.115759
-0.157659
-0.086878
0.105210
0.083800
-0.104785
0.027534
-0.080900
-0.107263
0.080325
-0.017470
0.042301
-0.039911
-0.037136
0.050890
-0.013575
-0.088670
-0.060097
0.234876
0.042247
0.049500
-0.056602
-0.056489
-0.034824
-0.018367
0.083783
-0.019300
-0.005019
-0.040880
-0.052724
0.178852
-0.041249
-0.047396
0.055019
-0.023754
-0.008351
0.115661
0.008380
-0.000703
-0.077650
0.015097
0.043285
0.150889
-0.083336
0.078670
-0.059081
-0.104511
-0.041521
-0.092854
-0.000367
-0.048194
-0.072635
-0.006322
-0.070636
0.012554
-0.098300
0.008948
-0.000397
-0.065972
0.056654
-0.026029
-0.056982
-0.091489
-0.005516
-0.055118
0.046130
-0.067514
0.045939
0.079808
-0.024791
-0.116296
-0.039554
-0.148702
-0.013057
-0.015741
-0.052086
-0.069337
-0.102412
-0.191747
0.089313
0.113784
-0.034919
-0.124378
-0.231342
-0.108833
0.009246
0.098751
-0.170769
0.072803
-0.010790
-0.059780
0.012205
-0.016212
-0.032032
-0.103411
0.033260
-0.009187
-0.037978
-0.042759
-0.073398
-0.050993
-0.045162
0.018331
-0.072241
-0.036648
0.015132
-0.025413
-0.042417
0.053402
0.106507
0.009797
0.010224
0.041601
-0.009807
-0.098615
-0.000314
-0.032352
0.020170
0.041141
-0.056435
-0.056341
0.139709
0.003779
0.146263
-0.220711
-0.048602
0.064171
0.085714
-0.011168
-0.049712
0.291220
0.012468
-0.109835
0.026116
0.016130
-0.060062
-0.013511
0.218756
-0.093613
-0.028791
-0.027944
-0.063252
0.047547
-0.026280
-0.051889
-0.053466
-0.018950
-0.021969
0.015497
0.005085
0.104373
0.127728
-0.015176
-0.052769
-0.061040
-0.065704
0.056909
0.001920
-0.035834
-0.003993
-0.094293
0.012436
0.000493
-0.086430
-0.008090
-0.116708
0.031646
0.000332
-0.067096
-0.021895
-0.024538
0.114201
-0.032977
-0.041279
0.018095
-0.098078
-0.037672
-0.121458
-0.042627
0.021912
0.051864
0.044870
-0.081700
-0.075047
-0.022205
-0.064214
0.019934
0.134381
-0.067740
0.015306
-0.086010
-0.071713
-0.018665
0.205523
0.000911
0.042471
-0.041042
-0.017563
0.114855
0.014273
-0.105707
-0.008149
0.082395
0.115008
-0.018566
-0.075146
0.000968
-0.048886
-0.125668
0.114080
0.097336
0.049446
-0.017848
-0.070896
-0.099317
-0.018781
-0.040582
0.168886
0.035772
-0.030763
0.041421
0.063528
-0.044357
0.012338
-0.047485
0.014834
-0.237553
-0.029685
0.048547
-0.098318
0.068466
-0.049582
0.018542
-0.057152
-0.105815
0.086928
0.007919
0.074511
-0.099270
-0.015059
0.003504
-0.030141
0.133581
0.116512
-0.024459
-0.011635
0.059050
0.032059
-0.086174
-0.091460
-0.035202
-0.110103
-0.058046
-0.005149
-0.063505
0.022102
-0.101364
-0.159925
-0.022299
-0.071711
0.011392
-0.075099
-0.030966
-0.022454
-0.113891
-0.075142
0.008713
0.255565
-0.059850
0.055857
-0.053822
-0.131138
-0.196641
-0.000316
-0.105792
-0.209235
-0.014513
0.068282
0.021602
0.013963
0.003751
-0.089327
-0.120987
-0.093392
0.020376
0.010498
-0.069730
-0.027659
-0.055443
0.022371
-0.095228
0.065692
-0.070178
0.008070
-0.023256
-0.024147
-0.001155
-0.068812
-0.042357
0.019993
0.015848
-0.033779
-0.073443
-0.146006
0.031445
-0.000833
-0.116235
-0.074773
0.009430
-0.025594
-0.025237
-0.126582
0.239583
-0.123402
-0.069106
0.008603
0.005814
0.018937
0.071643
0.090089
-0.045304
-0.075771
-0.039958
-0.052146
0.015793
-0.106766
-0.011682
-0.016971
-0.061555
0.019856
-0.009327
0.071199
-0.110565
-0.027985
-0.066739
0.016767
-0.105219
-0.057710
-0.055946
-0.065761
-0.072636
-0.076604
0.052876
0.062175
-0.059106
-0.044004
0.227494
-0.034109
-0.034993
0.098247
-0.065164
-0.008847
0.008292
-0.018671
-0.027611
0.189538
0.065665
-0.058305
-0.030965
0.008635
-0.064084
-0.043469
-0.015413
-0.081564
-0.017606
-0.037005
-0.083677
-0.004198
-0.015793
-0.120744
-0.095862
-0.044465
-0.031419
-0.106240
0.007405
-0.130261
-0.082866
-0.039324
0.087619
-0.045576
-0.088402
-0.023106
-0.018441
-0.061926
-0.004152
-0.004747
-0.051404
-0.051204
-0.073201
0.079616
-0.025389
-0.015988
-0.066871
0.010347
-0.063837
-0.039815
-0.174386
-0.037267
-0.132040
-0.064029
0.011321
-0.020543
-0.044124
-0.059967
-0.089543
0.047670
-0.002227
0.066215
-0.026237
0.028069
-0.113227
-0.072251
-0.024498
0.017469
-0.036765
-0.007130
-0.051933
-0.024351
-0.054070
-0.094338
-0.021101
0.104200
-0.080597
-0.089758
0.004112
-0.018286
-0.101786
-0.027406
-0.056995
-0.139975
0.077532
-0.110313
-0.025282
-0.059067
0.169485
-0.160399
-0.036951
0.013322
0.032729
-0.120214
-0.041778
-0.034080
0.036837
-0.013317
-0.028550
-0.028409
-0.101057
-0.059219
-0.064085
-0.094176
-0.039066
-0.008893
-0.038622
-0.062279
0.061567
0.204099
-0.031699
-0.069654
-0.099024
-0.101159
0.004413
-0.022357
-0.059329
-0.092729
-0.094711
-0.085616
-0.000160
-0.029758
0.083713
0.055594
0.063329
-0.061392
-0.068458
-0.094323
-0.029907
-0.013291
-0.184222
-0.071691
0.039626
-0.009607
0.056226
0.011333
0.108427
-0.088969
-0.073654
0.045573
0.161629
0.055856
-0.133844
-0.094881
0.049197
-0.029371
-0.041557
-0.134391
0.079638
-0.093847
-0.121054
0.041692
-0.044928
-0.044706
-0.101381
-0.047463
-0.061350
-0.288711
-0.019848
-0.116912
-0.053609
-0.006848
-0.024802
-0.047998
0.241580
0.026981
-0.028670
-0.081922
-0.052515
-0.091252
-0.017036
-0.078685
-0.033434
0.099785
-0.055461
-0.011456
0.024982
0.156817
0.226237
-0.080597
-0.024873
0.026923
-0.128946
0.051996
-0.007999
0.173043
-0.060287
-0.062275
0.053740
0.208575
-0.097232
0.029527
-0.054540
-0.000346
0.161714
0.000237
-0.062779
0.211703
0.012134
0.050249
0.126097
0.177289
0.089897
0.064872
-0.053623
-0.045059
0.012272
-0.111365
-0.056269
-0.014341
-0.028513
-0.013035
-0.102676
-0.003160
-0.156633
-0.006234
-0.026805
0.050939
-0.033797
-0.095374
-0.031983
-0.078691
-0.165794
-0.020799
-0.070774
0.045243
-0.030073
-0.083078
-0.033624
0.003502
-0.016857
-0.048394
-0.023826
-0.025743
-0.104403
-0.090080
-0.057981
-0.067219
-0.048201
-0.041341
-0.098985
-0.006964
-0.014517
-0.122609
-0.003578
0.086211
0.043633
-0.036643
-0.030796
-0.001187
-0.033230
-0.064976
-0.067903
0.056544
-0.007848
0.103265
-0.002218
-0.025910
0.007277
-0.028458
-0.147446
-0.013409
-0.045491
-0.002642
-0.082825
-0.095135
-0.067660
0.013669
-0.042513
-0.070079
-0.058880
0.005470
-0.062520
-0.020818
0.102256
-0.148970
-0.029405
-0.009055
-0.035480
0.007362
0.111885
-0.166768
-0.091510
-0.043875
-0.068924
-0.028858
0.189642
-0.103259
0.031150
-0.031834
-0.157007
-0.024005
0.001993
-0.131353
-0.096286
-0.042092
-0.022835
-0.072086
0.106862
-0.016214
-0.007075
0.172040
0.079787
0.000072
0.041018
-0.048452
0.031180
-0.089070
0.059298
-0.021770
-0.082649
-0.005787
0.024006
-0.107158
0.028744
0.221063
0.069311
-0.006386
-0.027463
-0.006244
0.003754
-0.081611
-0.134910
-0.075239
-0.091512
0.067255
-0.074153
-0.098420
0.020775
-0.057660
0.016081
-0.050354
-0.044164
0.004274
0.040142
-0.018548
0.000797
-0.150340
0.062052
-0.083634
-0.029138
-0.001708
0.043065
-0.049998
-0.244226
-0.178737
-0.029835
0.026243
0.098189
0.025268
-0.031502
-0.051610
-0.156110
-0.016820
-0.011351
0.033644
-0.074879
-0.012918
-0.033045
0.136638
-0.023217
-0.042419
-0.079360
-0.034808
-0.066476
-0.144484
-0.042195
-0.046306
-0.004834
0.012696
0.169836
0.039112
0.044725
-0.058526
-0.103400
-0.036399
-0.010221
0.001967
0.243340
-0.005892
-0.025742
-0.067331
0.075374
-0.002808
-0.006767
0.131655
0.089136
0.032358
-0.098494
-0.072911
-0.010612
-0.047692
0.105339
-0.026946
0.178213
-0.079466
0.000581
0.017929
-0.023205
-0.015154
-0.133964
-0.028654
0.018613
-0.179759
-0.042571
-0.008147
-0.067233
-0.026296
-0.056700
-0.041623
0.027343
-0.039945
-0.003316
0.194119
-0.010983
0.040914
-0.033300
0.023911
-0.067893
-0.027596
0.020889
0.000363
-0.010122
0.008528
-0.064336
-0.055977
-0.006539
-0.083508
0.013215
-0.077998
0.007907
-0.008491
0.122020
0.013046
-0.074871
0.061345
-0.003954
0.019494
-0.013079
0.045135
-0.030415
-0.029567
-0.056831
0.089278
0.125433
-0.111788
-0.048848
0.117026
-0.169065
-0.066826
-0.042920
0.017622
-0.075189
0.001448
-0.116278
0.050732
-0.012880
-0.037673
-0.045851
-0.138837
-0.052573
-0.102589
-0.015941
-0.009779
0.283338
-0.036677
0.022569
0.047860
0.011857
-0.106342
0.156039
-0.017351
-0.007087
-0.042962
-0.005279
-0.093827
-0.072818
-0.118491
0.019795
-0.008630
-0.093241
0.168100
0.095533
0.031244
-0.045877
-0.143895
0.039039
-0.075417
-0.055071
-0.017658
-0.047783
-0.105300
-0.054151
-0.027171
0.000459
0.021185
0.240697
-0.064908
0.073801
-0.019634
-0.031409
-0.094390
0.026773
-0.075851
-0.090283
-0.173100
0.046312
0.014191
0.006510
-0.059875
0.042948
-0.091293
-0.041075
-0.012968
-0.064730
-0.004834
0.047915
-0.099998
-0.002973
-0.048374
-0.053290
-0.141246
-0.041399
0.107479
0.130428
-0.012076
-0.028534
0.071229
-0.102283
0.079087
-0.077994
0.240271
0.023898
-0.067235
0.049760
-0.014307
-0.168123
0.019525
0.033032
0.031713
0.010701
0.001070
0.062505
-0.081148
-0.026199
0.042054
-0.066660
-0.064559
-0.027963
-0.166605
-0.003251
-0.023775
-0.067243
-0.009794
-0.170487
0.036446
-0.053830
-0.069282
-0.085869
-0.018614
-0.139687
-0.079708
0.006140
-0.046701
-0.071122
-0.087577
0.005125
-0.100843
-0.015643
-0.022113
-0.006633
-0.025497
0.008903
-0.115763
-0.019523
-0.041366
-0.037153
-0.034507
-0.146780
-0.044883
-0.005654
-0.038043
-0.023131
-0.074696
0.103990
0.000964
0.034622
-0.036270
0.099814
-0.013811
-0.030911
-0.051872
-0.106564
-0.036179
0.015084
0.009048
-0.115992
-0.129437
-0.034131
0.085638
0.028336
-0.040635
0.083586
-0.049230
-0.161967
0.035159
-0.055856
-0.024292
0.003663
-0.026993
0.067630
-0.140279
0.023440
-0.047452
-0.014535
-0.024249
-0.057565
-0.004101
-0.078502
-0.026847
0.133801
0.012315
-0.029120
0.192188
-0.119168
-0.090162
-0.036274
0.016715
-0.009787
0.035089
-0.127034
0.028356
-0.020410
0.070694
-0.054298
-0.044225
-0.007654
-0.033884
-0.044624
-0.039160
-0.068812
-0.036505
0.102117
-0.055793
-0.020099
-0.018983
0.051107
-0.102480
-0.011151
0.138656
-0.033485
-0.030761
0.073928
-0.020336
-0.037789
0.098300
-0.060835
-0.108649
-0.115451
0.042723
-0.004998
-0.037565
-0.052799
-0.080729
0.113164
-0.016881
-0.039414
0.020311
0.008509
-0.123183
-0.054795
-0.131391
-0.041241
-0.115216
-0.035494
-0.030306
0.010033
-0.019418
-0.058339
-0.096853
-0.031800
-0.006696
-0.093544
-0.014166
-0.039607
0.039397
-0.014671
0.011370
0.070459
-0.009219
0.239981
0.070204
-0.004223
-0.088678
-0.022356
-0.008806
-0.130145
0.033396
-0.041730
-0.010389
0.194373
0.065617
0.117756
-0.065892
-0.137666
-0.014302
0.030632
-0.022650
-0.134638
0.087318
-0.071816
0.041417
0.142406
-0.058839
0.064879
-0.132593
-0.041882
0.005190
-0.022490
-0.047216
-0.039732
0.028751
-0.084243
0.007291
-0.148859
0.066695
-0.066740
0.023256
-0.033205
0.089510
-0.046316
-0.058525
-0.160482
-0.018994
-0.018159
-0.035037
-0.061402
-0.076538
0.068079
-0.002757
0.302047
-0.063857
0.023118
0.113027
-0.041950
-0.016848
-0.033355
-0.052135
-0.092072
-0.071401
-0.087964
-0.052801
-0.153812
-0.067834
0.011191
0.074048
0.156031
-0.035518
-0.107579
-0.080323
-0.149448
0.032958
-0.017463
-0.057188
-0.033870
0.118883
-0.085562
-0.062791
-0.108793
0.142863
-0.000697
-0.148973
-0.114083
0.031446
0.012883
-0.012061
-0.029475
-0.094855
-0.078763
-0.020426
0.045433
0.018159
-0.039452
-0.042981
0.042201
0.022244
-0.026733
0.058094
-0.050076
0.080556
0.015577
-0.114292
-0.054369
-0.112520
0.047327
-0.069702
-0.063329
-0.087971
-0.041945
-0.241454
-0.027052
-0.056945
-0.014055
-0.075819
-0.008997
-0.127165
-0.038218
-0.055326
-0.133271
-0.145119
-0.008079
-0.045368
-0.055689
0.039435
-0.009017
-0.126893
-0.087944
0.006557
-0.030593
-0.126064
0.052880
0.208963
-0.082308
0.045614
0.027624
-0.145239
0.055055
0.100342
-0.068025
-0.042250
-0.058738
-0.037484
-0.081699
0.014498
0.105112
-0.027276
0.130785
-0.086535
-0.099594
-0.026923
-0.219442
0.130103
-0.051999
0.002475
0.004248
0.122422
0.041762
-0.067683
-0.048707
-0.036107
-0.069659
0.043757
0.001823
-0.029929
-0.040163
-0.099441
-0.029050
0.011341
0.029936
0.117894
-0.073282
0.001241
-0.102552
-0.092727
-0.007363
-0.030292
-0.150307
-0.005465
-0.025003
-0.035835
-0.105866
-0.033372
-0.063287
-0.116044
-0.073367
-0.148399
-0.037584
-0.092869
-0.023931
-0.039162
0.016409
0.049634
-0.094770
-0.104827
-0.047920
0.034098
-0.018546
0.004210
-0.051336
-0.026139
-0.004503
0.103247
-0.011072
0.058356
-0.034319
0.039406
-0.032813
0.004554
-0.151476
0.150549
-0.056426
-0.247650
-0.130310
-0.129793
-0.078799
0.021515
-0.058867
-0.053657
-0.097260
-0.086236
-0.060966
-0.083549
-0.080673
-0.044394
-0.035619
0.050424
0.064813
-0.017097
-0.110465
0.062685
0.025408
-0.067265
0.038932
0.013447
-0.171139
0.001332
-0.054735
0.009675
-0.012226
-0.167936
-0.051814
-0.025822
0.081505
-0.062514
0.049173
0.155454
-0.038542
-0.024099
-0.044446
0.044866
-0.174565
0.132990
0.001269
0.017204
-0.046976
0.073287
-0.091682
-0.096584
0.072766
0.156220
0.042481
-0.051982
-0.139309
-0.138946
-0.093286
-0.049571
-0.026208
-0.001934
-0.053784
0.044635
0.216352
0.035168
0.092408
-0.016569
0.084650
0.077230
0.028348
-0.015818
0.008032
-0.163251
0.181860
-0.054987
-0.040617
-0.017368
-0.072637
-0.064965
0.011224
0.037350
0.039119
-0.042869
-0.013013
-0.051251
0.000567
-0.010796
-0.057696
-0.141133
0.124970
0.000840
-0.060434
0.125242
0.059797
-0.023286
0.055653
0.190314
-0.092155
0.204649
0.070333
-0.046339
-0.070624
-0.065076
0.119276
-0.211436
0.048865
0.135071
-0.019577
0.078673
-0.037485
-0.063254
0.161538
-0.046626
-0.045224
0.018625
-0.043829
-0.011221
0.039696
0.024215
-0.061694
-0.004113
-0.036887
-0.044748
-0.079729
0.005884
0.057795
0.030996
0.045221
0.042388
-0.043129
-0.042546
0.045006
-0.067516
-0.037340
-0.037456
0.117839
0.153405
0.009044
-0.051466
-0.067299
0.049167
-0.021166
-0.144369
-0.072173
-0.035225
0.008096
-0.076127
-0.065169
0.135586
-0.025357
-0.077750
-0.063871
0.016319
-0.062521
-0.072315
-0.066021
-0.003684
-0.129594
-0.148218
-0.044834
0.070674
-0.080646
-0.082304
-0.094669
-0.103310
0.137822
-0.116740
0.395072
0.055098
-0.076311
-0.093877
-0.034601
-0.030820
-0.087225
-0.046445
-0.178690
0.065620
-0.030850
0.121077
-0.036782
0.078781
-0.127362
0.026152
-0.008397
-0.058793
0.076386
-0.108044
-0.052564
-0.061732
0.164818
-0.118015
-0.013426
-0.024832
-0.073739
-0.060891
-0.037463
0.069319
0.187000
-0.044019
0.042368
-0.058219
-0.133649
0.013216
-0.001127
0.060112
0.003039
-0.133575
-0.005407
-0.075375
-0.069233
0.025354
-0.025626
-0.076562
0.064374
-0.007866
-0.029215
-0.006720
-0.029155
-0.160459
0.077788
0.022306
-0.037359
-0.029879
0.035316
0.101937
-0.003951
-0.125276
-0.050049
-0.144741
0.030217
-0.049415
-0.015349
-0.023019
0.111594
-0.099560
-0.049820
-0.025306
-0.109500
0.068210
-0.041931
-0.028772
-0.076231
-0.092171
-0.150527
-0.107870
-0.061835
-0.188722
0.052113
-0.061240
-0.025898
-0.028101
0.001924
0.057120
0.004444
0.168496
-0.072393
-0.041733
0.132124
-0.038065
-0.102769
-0.119395
-0.018119
0.018463
-0.105083
-0.017965
-0.084797
0.053590
-0.055440
0.006988
0.022421
-0.111397
0.047400
-0.020514
0.073074
0.065783
-0.153659
0.051575
-0.021188
0.278610
-0.038984
0.110796
-0.006856
0.061658
-0.006067
-0.087448
-0.072343
0.006222
-0.043142
-0.033910
-0.064633
0.055242
0.042651
0.003776
-0.029467
-0.073333
-0.022157
-0.045063
0.005878
0.025203
0.082497
-0.077126
-0.019950
0.028077
0.023634
-0.033702
-0.071776
-0.006429
0.199773
-0.081764
-0.025723
-0.060421
0.002331
-0.060995
-0.010651
0.122111
-0.020842
-0.019976
-0.055822
-0.026212
0.012216
-0.055834
-0.019540
-0.129242
-0.048184
-0.133437
-0.066403
-0.022208
-0.110451
-0.066182
0.042285
-0.195616
0.044990
-0.081883
-0.048169
-0.050330
-0.018388
-0.011298
-0.090463
-0.060031
0.039511
0.007092
-0.107502
0.252319
-0.002971
-0.039376
0.126465
-0.036092
-0.127614
-0.006780
0.051188
-0.057196
0.002692
0.076616
-0.046108
-0.019615
-0.008431
-0.101913
-0.045811
-0.019204
-0.022539
-0.056895
-0.027534
0.023358
0.000846
0.036228
0.053167
-0.050212
0.050723
-0.052886
-0.036179
-0.169886
-0.040102
-0.024183
-0.041321
-0.148800
-0.055410
-0.035060
0.034408
0.048442
-0.084424
-0.092905
-0.090699
-0.012853
0.046446
-0.039339
-0.100286
-0.122305
-0.021423
-0.170940
-0.024384
-0.076997
0.012333
-0.083650
-0.055919
-0.093391
-0.089939
-0.010866
-0.033883
-0.045082
-0.090210
-0.002697
-0.013897
0.006091
-0.032730
-0.025510
0.036611
-0.080396
0.017949
0.006950
-0.097971
-0.021416
-0.044488
-0.068086
-0.004509
-0.236645
-0.083859
0.061318
-0.093112
-0.030548
-0.059431
0.012656
0.042334
0.039075
-0.016252
-0.037465
0.053937
-0.037881
-0.092983
-0.025401
0.050406
-0.129518
0.000451
-0.044256
-0.051842
-0.127362
-0.036991
-0.025317
-0.060736
0.010118
-0.175420
-0.006807
-0.162707
0.048738
-0.132697
-0.066772
-0.023081
-0.066030
-0.020823
0.206964
-0.083253
-0.018595
0.008817
-0.099312
-0.080062
-0.087939
-0.021361
0.096836
-0.085808
-0.068860
-0.020261
-0.110413
0.008197
0.039477
0.069924
-0.021762
-0.036996
-0.078170
0.117610
-0.043665
-0.078255
-0.034450
-0.046219
-0.071737
-0.028804
-0.041025
-0.094208
-0.018243
-0.031182
0.029359
0.117840
0.017797
0.027430
-0.121353
-0.050087
0.010932
0.165701
-0.009208
-0.054124
-0.057193
0.169996
-0.008125
-0.072342
0.020974
0.019319
0.009769
-0.001097
-0.062173
0.034932
0.019350
0.147990
0.022670
0.006872
-0.125439
0.081907
-0.067343
0.017385
-0.061211
0.204202
0.003089
0.001552
0.032504
-0.052519
-0.037659
-0.063290
0.016664
0.031754
-0.111564
-0.041791
-0.009749
-0.038880
-0.035453
0.045809
0.014718
0.012913
-0.050723
-0.027464
-0.101682
-0.203420
-0.094536
-0.046347
-0.016320
-0.041945
0.015496
-0.108740
0.034090
0.400040
0.101284
0.030594
-0.043215
-0.052381
0.054756
-0.021755
0.039497
0.385088
0.142699
-0.031801
-0.020022
-0.023698
0.018042
-0.155946
0.020822
-0.013635
-0.050107
0.013131
-0.077486
0.078083
0.025919
-0.089986
-0.095586
-0.052669
0.013632
-0.074331
-0.023839
-0.074152
-0.093003
-0.069046
-0.113702
-0.178612
-0.051278
0.075929
-0.082629
-0.110735
-0.010933
-0.104495
-0.006586
0.075142
0.010235
0.040162
0.103392
-0.058893
-0.046864
-0.018143
0.095597
-0.118945
-0.142427
-0.040772
-0.000658
0.058211
-0.159499
-0.179947
-0.057933
-0.006166
-0.057496
-0.026058
0.134760
-0.138130
-0.030469
0.043904
-0.060490
-0.087759
-0.062971
0.101053
0.176196
-0.083792
-0.017005
-0.018340
-0.025386
-0.036586
-0.095782
0.006775
0.021091
-0.042157
0.009596
-0.089049
-0.029003
-0.065308
-0.018732
-0.007710
0.112328
-0.028314
-0.053915
-0.035245
0.144929
0.089509
-0.037117
0.076775
-0.023481
0.068844
-0.065562
-0.128582
-0.017239
0.032657
-0.057423
0.020574
-0.073631
-0.028566
-0.078977
-0.048509
0.066986
0.002549
-0.110617
-0.048668
0.269079
0.069673
-0.024970
-0.143691
0.116208
0.042556
-0.017149
0.027711
0.024713
-0.047367
-0.042743
-0.010415
-0.113421
-0.051265
-0.021891
0.026592
-0.013018
-0.092486
-0.049907
0.032128
-0.017702
0.011272
-0.032989
-0.046172
-0.077838
-0.041964
0.108854
-0.049949
0.006220
-0.016489
-0.056039
-0.137520
0.100895
-0.008439
0.033810
-0.096012
0.118822
-0.108406
-0.008499
-0.032751
-0.075098
-0.024122
0.106185
0.019241
-0.039008
-0.062554
-0.000903
-0.011999
-0.093980
-0.022719
-0.092828
-0.100123
-0.284831
-0.049361
-0.003320
-0.005295
-0.021648
-0.020783
-0.019751
0.051714
-0.006470
-0.116601
-0.029688
0.166379
-0.024731
0.079820
-0.020625
0.007370
-0.027206
-0.061123
-0.122059
-0.005234
-0.098982
-0.013422
-0.103252
0.170082
-0.037963
-0.031115
0.069898
-0.043787
-0.036097
-0.009003
-0.123313
-0.153792
0.019687
-0.110381
-0.045598
-0.062143
0.013652
0.070354
-0.128247
-0.021521
0.033207
0.170383
0.131127
-0.071150
-0.115818
-0.022421
-0.003453
-0.064267
-0.007251
-0.071389
-0.018456
0.083270
-0.033637
0.006288
-0.051858
0.109473
0.107463
0.021875
0.031792
0.001433
-0.077216
0.076601
0.082863
-0.082578
-0.009146
-0.074934
-0.041861
0.142625
0.164298
-0.197083
-0.061466
-0.009038
-0.040428
-0.027002
-0.097516
-0.076630
0.011708
-0.102137
0.012346
-0.088421
-0.018899
-0.040689
0.089951
-0.054526
0.004906
-0.038189
-0.061001
0.000423
-0.057220
0.091944
-0.041378
-0.026076
-0.071650
0.090993
-0.021444
-0.011342
-0.079193
-0.008492
-0.120326
-0.080814
0.037055
0.003686
-0.196443
-0.058814
0.054411
-0.024104
-0.083498
0.150594
-0.065714
-0.109669
-0.052516
-0.068352
-0.057276
-0.017306
-0.119146
-0.107789
-0.138642
-0.116377
-0.120084
0.138097
-0.105205
-0.051707
-0.026723
-0.079528
0.105608
0.053582
-0.003254
0.017814
0.137819
0.182506
-0.032898
0.102694
0.020648
-0.033848
-0.078745
0.058000
0.087790
-0.054729
0.024775
0.013633
-0.067976
0.005029
0.039117
-0.093178
-0.046717
-0.006924
-0.099377
-0.041818
-0.003455
-0.073587
0.098932
0.067024
0.143628
-0.014448
-0.006416
-0.044768
0.033659
-0.097064
-0.062087
-0.016333
-0.089947
-0.083098
0.059073
-0.027492
-0.072022
0.007596
-0.021808
-0.029768
-0.010016
0.003034
-0.039635
-0.038121
0.001334
0.040181
0.055576
-0.043692
0.005442
-0.077034
-0.055371
0.046594
0.035871
-0.044264
0.020364
0.025110
-0.314197
-0.039608
0.002045
-0.002338
0.000108
-0.078530
-0.044131
-0.047607
-0.058612
0.085209
0.042411
-0.008147
0.002870
-0.048448
-0.019255
0.129757
-0.055165
-0.022791
0.172398
0.017236
-0.087973
-0.077038
-0.095245
-0.061419
-0.103207
-0.041404
-0.143346
-0.050327
-0.024856
0.007731
0.082344
-0.099887
0.074962
-0.019815
0.001492
-0.124952
0.112085
0.003166
-0.014185
-0.066337
0.025427
-0.078414
-0.115999
-0.054075
0.406214
-0.002377
0.174489
0.017021
0.140511
-0.045041
-0.068323
-0.049051
0.074350
-0.022203
-0.026788
0.070219
-0.030802
-0.127045
-0.040410
-0.042127
0.034433
0.016818
-0.033098
-0.032160
-0.078297
-0.110577
0.001745
-0.066337
0.065866
0.000803
-0.005091
0.009879
-0.091691
0.053335
-0.002619
-0.010961
-0.074588
-0.058560
-0.001724
0.034779
-0.013041
0.020826
-0.052157
-0.059238
0.133591
0.036862
-0.082800
0.001269
-0.016885
-0.044416
-0.048321
-0.135863
-0.072968
-0.063393
-0.018197
-0.004683
-0.100016
0.005077
0.008154
-0.055795
-0.046494
-0.014638
-0.057491
-0.080397
-0.155505
-0.064203
-0.055842
-0.091102
-0.013838
0.069856
-0.050583
-0.065162
-0.068974
0.041393
-0.038236
-0.034420
-0.010611
0.002872
-0.043220
0.021896
-0.021779
-0.035554
-0.056447
0.008055
-0.056584
-0.065832
-0.149617
-0.029470
0.015114
0.007916
0.033250
-0.037703
-0.000241
-0.081348
-0.010616
-0.047395
-0.033915
-0.003494
0.073050
0.028592
-0.051049
-0.015577
-0.079977
-0.058394
0.085472
0.204946
0.494783
-0.021810
-0.002961
0.067872
-0.103639
-0.043825
0.061293
-0.149544
-0.083324
0.063894
-0.046494
-0.075427
0.017790
0.011145
-0.011147
-0.063851
-0.052232
0.062102
0.029169
0.065405
-0.012889
-0.106384
0.022825
0.067632
0.290545
-0.040033
0.005963
-0.042819
0.017245
0.147038
0.142180
0.056467
0.028816
-0.023801
-0.016720
-0.024606
-0.070968
-0.052297
-0.059281
0.012141
0.102340
-0.104780
0.019622
0.090578
-0.053781
-0.005025
-0.111027
0.017952
0.036943
0.073484
0.195943
0.049044
0.038746
0.002550
-0.007977
-0.048479
0.054443
-0.106146
0.000525
0.047329
-0.084901
0.015639
-0.136767
-0.101569
0.000497
-0.088715
0.025540
0.083038
-0.029440
-0.004603
-0.016850
-0.024676
0.035680
-0.147968
-0.047492
0.063764
0.098596
0.032506
0.037118
-0.073494
0.188186
-0.095103
-0.016253
-0.022228
-0.067838
-0.038851
-0.026771
-0.091813
0.042925
-0.020210
-0.039163
0.003932
-0.092208
0.015054
-0.003237
-0.015887
0.018832
0.034007
-0.060125
0.068144
-0.206035
-0.009507
-0.098075
-0.045254
-0.021490
-0.009896
-0.052148
0.002162
0.047008
-0.144532
0.004040
0.021533
-0.070038
0.019104
0.060654
0.218248
-0.035951
0.098849
0.056487
-0.028188
0.097201
-0.042092
-0.129575
-0.000072
0.059220
0.004450
-0.008673
-0.102489
0.071004
0.056473
-0.006393
0.093326
0.002116
0.053241
-0.096804
0.089169
-0.013879
0.019340
-0.028431
-0.001713
-0.095212
0.044366
-0.177330
0.262411
0.133190
-0.044321
-0.033796
-0.010754
-0.061032
-0.068460
-0.078015
-0.084831
-0.018280
-0.099791
0.046494
0.225252
-0.031352
0.026271
-0.025692
-0.101973
-0.118861
0.236698
-0.003585
0.022458
-0.006119
-0.168705
-0.065533
-0.181645
-0.008044
-0.022842
-0.022554
-0.016071
-0.026673
0.058758
-0.005765
-0.053514
0.011828
-0.010472
0.117043
0.036109
-0.173019
-0.094156
0.010895
0.001689
-0.001467
-0.027217
-0.087838
0.048325
-0.057337
0.017320
-0.101306
0.026611
0.018484
-0.029795
-0.068571
-0.055649
0.062895
0.029674
-0.003909
0.060546
0.019634
-0.041628
0.072533
-0.087618
0.004483
0.010508
0.073790
-0.024851
-0.021944
-0.036809
0.008449
-0.016720
-0.045175
0.003679
-0.026391
-0.021775
-0.110223
-0.025330
-0.078184
0.012233
-0.027275
-0.043689
0.013009
0.015869
-0.027624
-0.085487
-0.038455
-0.117184
-0.093194
0.039001
0.050693
-0.014016
0.029032
0.020056
-0.011718
0.037066
-0.021543
0.000899
-0.101532
-0.062989
0.048439
-0.059543
-0.011554
-0.002889
-0.060009
-0.068612
-0.065741
0.009411
0.057774
0.030523
0.014086
-0.025650
-0.099781
-0.064487
-0.309487
-0.269093
-0.306362
-0.232890
-0.166498
0.002544
-0.065254
-0.085230
0.126278
-0.016611
-0.058092
-0.018238
-0.044423
0.015131
0.013432
-0.030042
-0.045860
0.030859
-0.023305
-0.025653
0.014913
-0.020670
-0.012810
-0.012182
0.009348
-0.021700
-0.020272
0.005742
-0.009559
-0.011471
0.034779
-0.000659
-0.013007
-0.011767
0.000125
0.043068
0.003919
0.118291
0.012143
-0.013029
-0.008464
0.022157
-0.050236
0.030850
-0.004632
-0.032958
0.028217
-0.040651
0.070991
0.008241
-0.000739
0.035449
-0.044334
0.041108
-0.005519
-0.003970
0.010665
-0.036027
0.058364
-0.000727
-0.054475
-0.019212
0.060128
0.031900
-0.026982
-0.025818
0.031572
-0.059427
0.081419
0.067795
0.037458
-0.032314
-0.042215
-0.110154
-0.073319
-0.083726
-0.035530
-0.002902
0.029965
-0.019126
0.021793
-0.026087
-0.040548
-0.003645
0.023484
0.011786
-0.072003
-0.024676
-0.007022
-0.051525
-0.052687
0.000337
0.058221
-0.049305
-0.003809
-0.021770
-0.052780
-0.004509
0.010471
0.005180
0.041691
-0.079321
-0.005672
-0.024238
0.021926
-0.000525
-0.058398
-0.003471
-0.007443
0.021461
0.008298
0.022862
-0.009497
-0.048270
0.068129
-0.000655
0.087799
0.084199
-0.104860
0.049439
-0.008739
0.014442
0.035863
-0.004012
0.048332
0.004582
-0.056066
0.004835
0.027521
-0.020855
-0.017721
-0.008430
-0.019414
-0.023244
0.032263
0.036349
-0.061847
0.009617
0.003762
-0.007635
-0.048778
0.006039
-0.011326
0.000507
-0.008236
-0.008060
-0.014424
-0.007404
0.232929
0.003169
0.071563
0.011966
0.036102
-0.016325
-0.008923
-0.002266
-0.045920
-0.073515
-0.065027
0.046551
-0.024136
-0.182294
-0.005318
-0.060029
-0.087161
-0.031563
-0.002116
0.041067
-0.035774
0.021957
-0.031762
-0.008784
-0.005413
-0.002517
0.042920
-0.003828
-0.034898
-0.058515
-0.054388
-0.066244
0.017101
-0.026748
-0.076985
0.031969
0.011754
0.020502
0.006789
-0.087378
-0.015902
0.053663
-0.002695
-0.073875
-0.002384
0.022507
0.069033
0.006321
-0.034548
0.024278
0.016164
0.096292
-0.029691
-0.027361
-0.000989
0.000581
0.028543
-0.016762
0.065961
0.036297
0.064553
-0.148762
0.004167
0.063090
-0.012176
-0.004400
0.002404
-0.037521
0.017346
0.041749
0.001018
-0.005796
0.032706
-0.022710
0.009708
-0.026333
-0.001824
0.031065
-0.016411
0.046118
-0.109423
-0.014870
0.015951
0.033492
-0.004065
0.038440
-0.029558
-0.002952
0.017250
-0.003248
0.036958
-0.008895
-0.032179
-0.033879
-0.042328
0.016553
-0.015112
-0.017298
0.065752
-0.000665
-0.003717
0.083243
0.001477
0.046796
-0.104200
-0.024106
0.125970
-0.034286
-0.015131
-0.172033
-0.016448
-0.042065
-0.009766
0.005769
0.013224
0.016199
-0.039239
0.046261
-0.041561
0.034207
-0.001227
-0.019737
-0.027537
-0.045351
-0.050397
0.019450
-0.036935
0.039580
-0.028394
-0.010765
0.026097
-0.010523
0.032873
-0.074894
-0.006495
-0.037008
0.086158
-0.068798
-0.005803
-0.072493
0.038274
-0.032134
-0.018462
-0.095493
-0.001944
-0.087826
-0.105912
-0.054306
-0.000339
-0.013389
-0.006100
0.042680
0.063524
0.019193
-0.007263
-0.006875
-0.041383
0.004136
-0.047424
-0.014265
0.010408
0.015344
-0.016485
-0.001052
0.011981
-0.022522
0.141951
0.028974
-0.063891
-0.064569
0.118276
-0.003626
0.007421
-0.007936
0.013058
0.036193
0.044818
0.032235
-0.004789
0.177262
-0.040805
-0.190094
0.002701
-0.003240
-0.014198
0.021503
-0.030863
-0.078184
0.005664
-0.042780
0.024265
0.050791
0.028960
-0.013917
0.067680
-0.051773
0.079161
0.056195
-0.084986
0.000765
-0.054254
0.088778
-0.046126
-0.095533
-0.053619
0.005680
-0.071605
-0.013779
0.006449
0.062892
-0.057742
0.034678
-0.051478
-0.047662
-0.062170
-0.022464
-0.007886
-0.038984
-0.028826
-0.052387
-0.033684
-0.133004
0.013674
-0.034876
-0.026339
0.085284
0.010157
0.007661
-0.043540
-0.063510
0.063720
0.020011
0.017126
0.054345
0.054619
0.044880
0.000458
-0.003654
0.007802
0.017979
0.006456
-0.023044
-0.009919
0.044824
-0.049475
-0.085776
0.125598
-0.100520
-0.007654
-0.032604
0.024984
0.017726
-0.087321
0.192557
0.009304
-0.056656
0.031655
0.095661
-0.021034
0.023177
-0.011921
-0.026223
0.065674
0.083690
-0.024631
-0.033484
0.135606
0.013177
0.012737
-0.012366
-0.005649
-0.084472
0.003799
0.045504
0.000803
0.053368
0.016353
-0.185501
0.010807
-0.062573
0.030295
-0.071629
0.033646
-0.001093
