0.026640
0.016088
0.003779
-0.001192
-0.052495
0.000506
0.002225
0.056833
0.031211
0.000433
-0.009538
-0.009573
0.012791
-0.009098
-0.000186
0.004035
0.021058
0.004075
-0.002649
0.028578
0.006953
0.000296
0.025195
0.089828
0.064909
-0.012153
-0.016830
0.018805
-0.011445
0.001446
-0.008117
-0.050305
-0.000768
0.020281
0.044372
0.025140
0.036888
0.010460
0.039962
0.064068
0.000215
0.029111
0.017538
-0.007958
0.068234
-0.004012
0.052167
-0.008025
0.008744
0.003038
0.053959
0.011277
-0.006784
-0.060539
-0.047488
0.026876
0.044195
-0.006391
0.042470
0.027766
-0.039787
0.024853
-0.009186
-0.026824
-0.001866
-0.036542
-0.006481
-0.013372
-0.003309
-0.012386
0.005791
-0.034920
-0.029713
-0.009532
-0.109226
0.009624
-0.004370
-0.026142
0.008161
-0.008449
0.025864
0.009069
-0.008037
0.002944
-0.026436
-0.040180
-0.027023
-0.020661
-0.030697
-0.024709
-0.044255
-0.007319
0.071155
0.126811
0.025689
0.064416
-0.034124
-0.097738
0.045340
0.008843
-0.022008
-0.009979
0.029761
0.005467
0.023895
0.023820
-0.037035
0.003973
-0.004945
-0.000037
-0.038616
-0.051586
-0.047579
-0.072368
-0.017752
-0.009678
0.014586
0.000000
-0.022651
0.000000
-0.021900
0.000000
-0.022148
0.000000
-0.018220
0.004877
-0.025237
-0.019286
0.022752
-0.028218
0.036215
-0.009304
0.006986
-0.031192
-0.028748
-0.019819
-0.030116
-0.008289
-0.037629
0.013613
-0.065262
-0.051493
-0.040229
-0.016266
-0.051935
0.013810
-0.048302
-0.031578
-0.011743
-0.029953
0.059640
-0.046593
-0.001869
-0.066484
-0.025986
-0.050116
-0.068071
0.022302
0.047588
-0.016281
-0.023104
-0.055521
0.015738
0.107729
0.000000
0.000000
0.000000
0.000000
-0.003029
-0.001287
0.009937
0.000000
0.000000
0.000000
0.000000
0.000000
0.000000
0.031608
-0.010753
0.019701
-0.008821
0.011429
0.068832
-0.068637
0.000000
0.273727
0.045959
-0.004488
0.012213
0.000000
0.097890
0.100466
-0.002159
-0.026307
0.014049
-0.034797
0.015476
-0.025152
-0.003714
0.031473
0.000381
-0.002112
0.064381
-0.005071
0.016031
-0.045449
-0.014890
-0.005261
0.000000
0.000000
0.000000
0.039587
-0.014196
-0.028090
0.056042
-0.002405
0.005733
0.000000
0.000000
0.000000
0.000000
0.000000
0.000000
0.000000
0.000000
-0.078152
0.039892
0.175797
-0.023056
0.068836
0.058697
-0.011546
-0.118276
0.009813
-0.011253
0.013636
-0.037454
0.039329
-0.060135
-0.031763
0.034778
-0.017575
0.059815
0.024210
-0.034850
0.020485
-0.009151
0.268665
0.014045
0.049313
-0.051932
-0.002491
-0.031275
-0.039339
-0.012805
-0.049990
0.033220
-0.012562
-0.048061
-0.084119
0.008207
-0.013060
-0.060988
-0.024790
-0.021280
0.053856
-0.007251
0.000174
-0.061862
-0.022271
-0.090440
0.069201
0.049460
0.123679
-0.000022
-0.027789
0.014814
0.004423
-0.034024
0.000840
0.016609
-0.032994
-0.008172
0.015212
-0.031847
-0.019455
-0.036319
0.017049
0.077030
0.008428
0.007553
-0.021802
-0.047731
0.058558
0.101041
0.027427
-0.005586
0.124772
-0.005056
0.035020
-0.018626
-0.136732
-0.075619
0.015120
0.063277
0.071721
0.030026
0.034355
0.000000
0.021918
0.060453
-0.054974
-0.010773
-0.056440
-0.055090
0.089520
0.000110
-0.161029
0.013983
0.015277
-0.066489
0.046693
0.019497
-0.012526
0.000564
0.019744
-0.000645
-0.017580
0.172682
-0.130756
-0.023718
-0.002631
-0.009170
0.006554
-0.047050
-0.016351
-0.027097
-0.020687
-0.008446
0.008946
0.037000
-0.016517
0.009125
0.018088
-0.039759
0.007111
0.030151
0.138042
-0.014331
0.000000
-0.023085
0.024075
0.013480
-0.016307
0.070442
-0.008078
-0.051260
-0.029963
-0.060726
-0.006453
-0.005891
-0.017240
-0.048250
0.013110
-0.024256
0.017695
-0.015248
0.114137
-0.017888
0.036965
-0.001112
-0.068794
-0.018828
-0.019553
-0.046307
0.206395
-0.009142
0.004696
-0.080929
-0.069407
0.015213
-0.068982
-0.039832
0.012946
-0.067745
-0.036292
0.068281
-0.009163
0.024445
0.007505
0.010443
-0.058772
0.081436
-0.048425
-0.040234
-0.030655
-0.014929
-0.014362
0.037891
-0.034168
0.019858
0.044833
0.241147
-0.024854
0.000000
-0.042670
-0.055324
0.007456
-0.005212
0.088738
-0.014449
0.014696
-0.023421
-0.000962
-0.063524
0.015581
0.119589
-0.034672
0.028683
-0.011304
-0.012486
-0.019157
-0.011582
0.048172
0.000691
-0.014356
0.009818
-0.012739
-0.007087
-0.061433
0.199940
0.092287
-0.000641
-0.011372
0.056622
0.003141
0.022741
-0.026651
0.025614
0.015615
0.004627
0.045465
-0.033939
0.024120
-0.060098
-0.016769
0.067382
-0.042096
0.070524
-0.053336
0.021737
-0.096730
-0.067997
-0.031569
0.034428
-0.056153
-0.027726
0.031008
-0.019556
0.032413
-0.020117
0.001970
0.043736
-0.021552
-0.011080
-0.020404
0.035188
-0.017933
-0.034456
0.006188
-0.055434
0.040244
-0.006641
-0.052495
0.048108
0.034749
-0.007804
0.034321
-0.003117
-0.000183
-0.087981
0.009623
0.146830
-0.055536
-0.026755
-0.024986
-0.047391
-0.021037
0.081245
0.084024
0.011471
-0.048222
-0.119481
-0.015574
-0.036408
0.059365
0.044147
0.052622
0.023312
0.037550
-0.012508
-0.053418
0.041321
0.087395
-0.018087
0.027439
-0.004072
-0.026145
-0.000783
-0.006671
-0.021933
-0.023066
-0.070667
0.060876
-0.008274
0.045731
-0.023574
0.003897
0.194584
0.059929
0.040805
0.195576
0.139761
0.017364
-0.002740
0.062756
0.023037
0.017085
0.073269
0.029706
0.041894
-0.008571
0.069235
0.271663
-0.046535
-0.036714
0.263242
0.036490
-0.002294
0.009550
0.091677
0.032304
0.055502
0.002345
0.019739
0.182741
0.103565
0.004249
0.324440
-0.041954
0.109931
-0.011377
-0.011640
-0.058993
0.190159
0.099276
-0.015610
-0.022874
0.135747
0.016661
-0.004308
-0.005636
-0.000362
0.047846
0.218416
-0.004179
-0.036086
-0.036161
0.000783
0.000609
0.105056
-0.021622
0.055635
-0.040966
-0.000740
-0.010686
0.064235
0.024980
0.039077
0.002230
-0.051037
0.015698
0.004932
-0.014220
0.028106
-0.002387
-0.020070
-0.016308
-0.112318
0.035180
0.143445
-0.032199
-0.011962
0.026389
0.058251
-0.008732
-0.012314
0.040229
-0.018254
0.030152
-0.024049
-0.015015
0.038884
0.025460
-0.037978
-0.006679
0.157180
0.034147
0.003353
0.036192
-0.017433
-0.031643
-0.010903
0.014494
-0.015667
-0.006930
-0.014939
-0.032988
-0.019561
0.069283
0.010468
0.045069
0.003331
0.060095
-0.026593
-0.037685
0.006557
0.061636
0.119709
0.002456
0.026378
0.031993
0.028904
0.037703
-0.009385
-0.017393
-0.046349
-0.038604
-0.047700
0.055586
0.027236
0.031333
0.059962
0.063404
0.054364
-0.015030
0.003898
0.045863
0.161239
0.052662
0.115253
0.142634
0.109803
0.099392
-0.025409
0.006843
-0.047084
0.038791
0.020401
0.026809
0.039950
0.217065
0.006749
0.059864
0.004065
0.133169
0.014998
0.063986
-0.047432
0.020538
0.016548
-0.003331
-0.033204
-0.007457
-0.024567
-0.008867
0.008449
0.007163
-0.009029
-0.051841
-0.001565
0.057256
0.043042
0.026851
0.085123
-0.171069
0.017302
0.111996
0.006121
0.007489
0.015546
0.010781
0.013508
-0.002581
0.042818
-0.060844
0.038168
0.049234
0.009160
-0.061535
-0.000113
-0.015039
-0.041282
-0.028355
-0.001160
0.052145
0.076388
-0.019641
0.008353
-0.046855
0.082635
0.098714
-0.072519
0.026228
0.076916
0.139502
0.032542
0.000000
-0.020269
-0.028807
-0.074786
0.050586
-0.001388
0.051873
0.050180
0.010601
0.023037
-0.032184
-0.006492
0.012643
0.035293
-0.027063
0.028699
-0.001010
-0.036481
-0.011961
-0.190827
0.028601
-0.050099
-0.060634
0.001052
-0.001825
-0.019956
0.072965
-0.034519
-0.085276
0.005703
-0.030357
0.028920
0.133219
0.026715
-0.023466
0.028263
0.082096
0.002279
-0.065218
0.128561
0.036076
0.001302
-0.002145
0.101332
-0.071731
0.011091
0.143037
-0.045711
-0.029813
0.114598
-0.046941
0.060794
0.117977
0.032123
-0.036752
-0.013444
0.003528
-0.071890
0.028429
0.116204
0.037981
0.068469
0.125440
0.029097
0.022162
0.046617
0.131356
0.066298
0.026536
0.037676
0.011476
-0.027429
0.059819
-0.134670
0.097263
-0.065187
0.057946
-0.033924
0.034319
-0.007164
-0.002865
0.054692
0.038304
0.037352
0.001254
0.104983
0.016778
-0.071683
-0.009627
-0.000472
0.037912
-0.028455
0.003974
0.000000
-0.043087
0.015068
-0.050188
0.026083
0.002195
-0.014674
0.045289
0.010907
-0.043773
-0.012309
0.002910
-0.038640
0.073650
-0.018062
0.036102
0.219983
-0.070809
0.069115
0.008222
0.041005
0.052558
0.024634
-0.131320
-0.063420
0.046320
0.033737
-0.041760
-0.019268
0.003341
-0.011362
0.002928
0.313386
0.048877
-0.047954
-0.018562
-0.018222
0.121550
-0.076634
0.048015
-0.006047
-0.015861
0.106424
0.102225
-0.006784
-0.005965
0.042349
-0.027368
0.124129
-0.090714
-0.049240
-0.024509
-0.021085
-0.096181
0.014364
-0.002211
-0.052021
-0.053209
-0.024087
0.036408
-0.012550
0.038960
0.087942
-0.044903
-0.009224
0.069044
-0.014039
0.013471
-0.000898
-0.090324
0.013196
0.002041
0.010418
0.003676
-0.007565
-0.024302
0.075129
0.012203
0.027050
-0.043219
0.027054
-0.028785
0.049606
-0.023489
0.048872
0.001958
-0.017340
0.058079
-0.010789
0.030003
0.000395
0.006052
-0.018228
0.060870
-0.008028
-0.068020
-0.029953
-0.123724
0.117679
0.036242
0.092017
-0.011775
-0.038706
0.005252
0.045538
-0.061071
-0.031280
0.056732
0.057402
-0.019952
-0.014746
0.005706
-0.035004
-0.029584
0.050646
0.018012
-0.007175
0.051182
0.047270
-0.071097
-0.055872
0.021601
0.170264
0.010922
-0.042177
0.010193
0.039118
-0.001028
0.258065
0.046304
-0.061148
-0.054909
-0.030601
0.024040
-0.086677
-0.035478
-0.002036
-0.007183
-0.031240
0.035599
-0.026632
0.001417
-0.033439
-0.017388
-0.030764
-0.027285
-0.027281
0.292061
0.027321
-0.003916
0.065723
-0.043923
0.032356
-0.028617
-0.039357
-0.034992
0.106326
-0.016532
0.035633
-0.078845
-0.005242
0.062380
-0.073999
-0.123561
0.071805
-0.009696
-0.007270
-0.002612
0.136950
0.025313
0.041419
0.107645
0.021127
0.124934
-0.026706
-0.011668
0.062955
-0.078714
-0.011622
-0.033223
-0.037011
-0.044572
-0.021832
0.072320
0.001618
-0.024308
0.011966
0.026988
0.002103
-0.082137
0.067211
0.041208
0.035391
-0.084574
0.027389
0.015500
0.012308
0.012543
0.002222
-0.019672
0.002212
0.022637
-0.065290
-0.040639
-0.078078
0.014057
0.039667
-0.018447
0.068279
0.003788
0.032805
0.003087
0.038469
-0.044308
-0.000039
-0.003688
0.005285
0.011097
-0.029281
0.013050
0.033491
0.032808
-0.014569
-0.043060
-0.011484
-0.024478
0.072945
0.059770
-0.002744
0.071601
-0.071907
-0.030077
-0.006115
0.056359
-0.040056
0.018957
-0.018560
-0.101225
0.030787
-0.012729
0.005715
-0.019532
0.047311
-0.044435
0.100773
0.166201
0.017644
-0.016532
-0.015070
0.054360
-0.033135
0.018852
-0.066694
-0.001890
-0.064604
0.018661
0.044027
0.045028
-0.003962
-0.022308
-0.009011
0.139512
0.101096
0.043815
-0.046124
-0.100765
0.078071
0.049410
0.029458
-0.099794
-0.042473
0.045411
0.065172
0.030775
-0.065688
-0.009441
0.032804
0.046558
0.013861
0.002775
-0.069626
0.011853
-0.016328
0.074477
0.005955
-0.030215
-0.040362
-0.037931
-0.058969
-0.067205
-0.020460
-0.045868
0.000956
0.108401
0.100227
0.057322
-0.126719
-0.022227
0.155480
-0.012741
0.025415
0.045300
-0.007803
-0.050850
-0.006554
0.001106
0.181092
0.115319
-0.015217
0.049909
-0.035313
-0.043039
0.170361
0.115538
0.014016
0.090612
-0.021617
-0.009652
-0.053238
-0.067209
-0.044967
-0.008899
-0.041081
0.264216
0.126009
-0.007255
-0.010681
-0.004223
0.127038
0.025560
-0.017800
-0.001157
0.000000
0.016012
-0.051259
-0.020862
0.160440
-0.049253
0.013515
0.006826
0.014020
-0.016012
0.048354
-0.030207
0.082993
0.039247
-0.007053
0.007312
0.093957
-0.000879
-0.005950
0.008367
0.043980
-0.083332
0.078998
-0.036839
-0.025464
0.075819
-0.064157
0.019810
0.048955
0.043073
-0.070885
0.005533
-0.000547
-0.033337
0.000000
0.009201
0.134808
-0.050935
-0.011177
0.005813
0.056280
0.006270
0.100548
-0.002811
0.013161
0.000000
0.040609
0.100882
0.010568
0.007908
0.022064
0.162303
0.012374
-0.070415
0.009207
0.000000
0.015391
0.017040
0.031468
-0.019399
0.142918
-0.030123
-0.007840
0.024650
-0.044903
0.044536
0.029468
0.092211
-0.014047
0.010687
0.018622
0.105316
0.029818
0.000752
-0.040924
0.041122
0.173998
-0.009894
-0.098654
-0.044548
-0.023829
-0.037544
0.017857
0.052582
-0.063698
0.031345
0.061372
0.067362
0.013921
-0.011010
-0.014586
-0.013694
-0.009256
0.050760
-0.078268
0.011972
-0.055106
0.076911
0.187573
-0.114942
-0.095700
-0.025996
-0.009150
-0.062290
-0.002365
0.035154
-0.029455
0.029716
0.069219
-0.017222
0.041604
0.046813
-0.073890
0.072209
-0.010202
0.008957
-0.071669
0.058862
-0.048160
0.020066
0.179905
-0.009521
0.143250
-0.030259
0.003618
-0.017612
-0.001871
0.026131
0.045525
-0.031073
-0.004456
0.021081
0.023041
-0.016756
0.022389
-0.059039
-0.075160
0.010617
-0.011943
0.102259
0.007710
-0.015161
-0.001182
-0.039889
0.041422
-0.002194
-0.000106
0.004869
-0.032431
-0.028586
0.258703
-0.079523
-0.069161
-0.057735
0.001802
-0.055955
0.024868
0.121476
-0.000630
0.036733
0.015226
-0.017390
-0.038492
-0.057295
-0.020453
-0.078542
-0.016282
0.218301
-0.004233
-0.011796
0.128586
0.003194
-0.052992
-0.025555
0.044686
0.008916
-0.032283
-0.035467
-0.034991
0.050583
-0.026401
0.078427
-0.040414
0.170437
0.033954
-0.061534
-0.051932
0.025473
-0.004769
0.005046
-0.021643
0.024120
-0.012840
0.265254
0.000258
-0.036450
0.017977
0.166432
0.017266
-0.005220
-0.011898
0.004747
-0.000381
-0.086151
0.001846
-0.019507
0.031469
-0.021349
-0.014465
0.126798
0.015449
-0.011790
0.073349
0.016598
-0.036316
0.010394
0.006797
-0.020520
-0.017044
-0.036327
0.004762
-0.037809
-0.004387
0.112934
-0.026751
0.078488
0.021470
-0.026334
0.010297
0.057263
0.023013
-0.035135
0.100017
-0.064625
-0.052130
-0.028800
-0.044827
-0.063816
-0.046441
0.042820
-0.006168
-0.046871
-0.044154
0.030227
0.056150
-0.032509
-0.031614
-0.010752
-0.006692
0.000729
-0.030713
-0.063919
0.015106
0.044861
-0.006592
-0.002715
-0.027494
-0.069011
0.029081
0.040655
-0.090853
0.169908
0.171444
0.069067
0.057756
0.008643
-0.015535
-0.073052
0.100491
0.144032
-0.000242
-0.008303
0.079868
0.002591
0.052539
-0.028234
-0.007419
-0.033625
-0.080038
0.047435
-0.070317
0.052751
0.004365
0.008559
0.017510
0.015279
-0.020627
0.089937
0.032934
-0.061856
0.013000
0.067654
-0.065561
-0.023658
0.005953
0.101218
0.023739
-0.009423
-0.020753
-0.052634
0.018893
-0.015997
0.044452
-0.017664
0.001042
0.008820
-0.038370
-0.018201
0.041509
-0.046922
0.005251
0.024345
0.126785
-0.012513
-0.039173
-0.054412
-0.045098
0.135352
0.065832
0.012710
0.121129
-0.000520
0.064071
0.043992
0.084781
0.033738
-0.005519
0.000636
0.006466
0.176171
0.039499
-0.000035
0.002512
-0.005656
-0.049456
0.121767
0.119597
0.043441
0.036573
0.018801
-0.028155
-0.016593
-0.019255
-0.010945
0.014633
-0.082145
0.004844
-0.017354
0.014029
0.020953
0.027851
0.000349
0.000095
0.247775
-0.025454
0.036537
0.013786
0.038266
0.053747
0.014292
0.014064
-0.067509
-0.035537
-0.013613
-0.048547
0.089927
0.050818
-0.056381
0.137932
-0.011233
0.096475
0.009345
0.275471
0.080436
0.065557
0.052719
-0.003494
0.023570
-0.067634
0.000433
-0.007943
-0.013357
-0.024133
0.040968
0.000211
0.038277
-0.021358
-0.053150
0.095605
0.073855
-0.001857
-0.017745
0.073177
0.036799
0.002760
0.083380
-0.056475
0.032988
0.034397
0.159620
-0.034930
0.003846
0.083110
0.055002
-0.006656
-0.008374
0.074087
-0.000158
0.029484
0.001897
0.028945
0.152371
0.022557
-0.036323
-0.042190
-0.058899
0.052308
0.026448
0.014747
0.023855
-0.032172
-0.021626
0.005743
-0.019384
-0.027881
0.008372
0.028949
0.016448
-0.033319
-0.033873
-0.047216
0.113743
0.011046
-0.031360
-0.003613
0.113964
0.042329
-0.094139
0.649082
-0.024223
-0.062255
0.103658
-0.024564
0.016796
-0.010891
0.156344
-0.054800
0.004081
-0.022044
-0.011494
0.028385
-0.008494
0.003651
0.093958
-0.004886
-0.030860
-0.016251
0.087569
0.086995
0.032440
0.056071
0.018044
0.010976
0.181109
-0.015671
-0.033066
-0.003039
-0.021530
-0.007915
-0.059320
-0.061881
-0.022696
0.092074
0.063526
-0.054479
-0.029077
-0.179990
0.080439
0.003552
-0.018431
0.019265
0.020167
0.158072
0.006287
-0.079477
0.031885
0.011910
0.051052
0.108483
0.010166
0.068435
0.008038
0.014697
0.058091
0.081929
-0.014926
0.028914
-0.034378
0.147279
0.024274
0.062297
0.009222
-0.015097
0.091765
-0.021547
-0.015781
-0.000996
0.028015
-0.040490
0.293296
-0.033779
0.000000
-0.006248
0.002948
0.023350
0.025298
-0.041769
0.071581
0.018815
-0.043843
0.008913
-0.049847
-0.013411
-0.048023
-0.032063
0.214849
0.025695
0.284251
0.030218
-0.029491
0.054921
-0.098257
0.028702
-0.012515
0.056215
-0.014293
-0.022017
-0.008407
-0.026514
-0.040021
0.054836
0.069002
-0.013080
0.070946
-0.035591
-0.014788
0.008228
0.017353
-0.026468
0.014622
0.041315
0.137942
0.286408
0.010312
0.018993
0.125616
0.089568
0.220054
0.054564
0.055912
-0.001935
0.024223
0.058387
-0.019894
-0.066675
-0.010755
-0.024008
-0.032235
0.097428
0.016769
-0.039680
0.019852
0.008135
-0.031878
0.022012
0.030029
0.054449
0.086211
-0.013321
0.042414
-0.014488
0.051099
-0.033599
0.031625
-0.020382
0.021594
-0.079096
0.036356
0.098612
0.040957
-0.165469
0.039737
-0.040909
-0.011311
-0.094139
-0.002511
0.092115
-0.002701
-0.043097
0.028979
-0.036829
-0.012620
-0.015925
0.003859
0.005069
0.040420
0.015211
0.103073
0.015936
-0.014462
0.010299
0.017583
0.000000
0.026890
0.037055
0.001237
0.095882
-0.016644
0.016220
0.000000
0.010409
0.003911
0.001390
0.036740
-0.015818
-0.029513
-0.014242
0.124177
0.004487
0.060901
-0.039122
0.118706
-0.089427
0.016431
0.091508
-0.063046
-0.029525
-0.012567
0.067921
-0.018128
0.038766
-0.036434
0.022227
0.042680
-0.007733
-0.031185
-0.007673
-0.047670
0.439817
-0.003696
0.003954
-0.025753
-0.050294
0.051561
0.098118
-0.017315
0.142036
-0.007211
-0.071471
-0.044241
0.073069
0.003532
0.087049
-0.013853
0.003149
0.111582
-0.032685
-0.062529
-0.017467
-0.108794
0.028216
-0.006891
0.026795
-0.084562
0.135335
0.083026
-0.073435
-0.024956
0.141427
0.045023
0.037114
-0.022915
-0.027929
-0.027977
0.071185
0.035006
0.070309
0.134273
0.034964
-0.181359
-0.022909
0.044593
0.020433
0.034655
-0.030129
0.025598
-0.034270
-0.007145
0.008183
-0.006592
-0.033403
-0.025523
0.074191
0.273183
0.018585
-0.005401
0.059479
0.030181
-0.011150
-0.019992
0.034628
-0.069390
-0.032677
-0.014540
-0.022913
-0.014413
-0.018591
-0.032254
-0.023157
0.001258
-0.074288
-0.071780
-0.028024
-0.056078
0.015150
-0.055617
-0.015729
0.053746
0.265849
0.028571
-0.006417
-0.035584
-0.005695
0.047553
0.134846
0.010318
0.000000
0.000000
0.000000
0.000000
-0.042352
0.037063
0.029395
-0.034576
0.029924
-0.021388
-0.015634
0.000107
-0.018035
0.029041
-0.027086
-0.015362
-0.026662
0.007848
0.034785
-0.110874
-0.010986
-0.011736
0.018957
-0.012371
0.045038
-0.033254
0.087157
0.078819
0.054119
0.026966
-0.005399
-0.019156
-0.001613
0.055305
0.042596
0.104627
0.019934
0.125789
0.120820
-0.024824
-0.037109
0.053813
0.051972
-0.004550
-0.009404
-0.082659
-0.064595
-0.010851
0.020705
-0.005236
0.009254
-0.026839
0.125207
0.043810
-0.003769
0.106276
0.289374
0.035424
-0.029369
-0.013710
-0.039251
0.017950
-0.020777
0.040038
-0.048553
-0.033732
0.089196
0.053647
-0.041161
0.075398
-0.027514
-0.037518
0.156564
-0.064603
-0.108940
-0.004857
-0.036371
0.005016
-0.030927
-0.025820
-0.012257
0.140393
0.026657
-0.051313
-0.009810
-0.097868
0.026867
0.021183
-0.046428
-0.050131
-0.074037
-0.038175
-0.021395
-0.014995
0.000092
-0.009661
0.288594
-0.010967
0.086217
-0.014354
0.136201
-0.095352
0.051752
0.026699
-0.004339
0.051019
-0.003531
-0.042500
0.036763
-0.061850
-0.064447
-0.040516
0.021806
-0.065323
0.111461
-0.008451
-0.022043
-0.045761
-0.001328
0.000000
-0.018618
-0.001067
-0.020598
0.000000
0.005829
-0.088612
0.011395
0.139535
-0.091400
-0.002716
0.005445
0.012262
0.012030
-0.015855
-0.083773
-0.014279
0.007052
0.012899
-0.015231
0.048381
-0.006106
-0.020919
0.013133
0.022798
0.059713
-0.026216
0.027812
0.016915
-0.032035
0.163112
0.110365
0.077788
0.079463
0.047150
-0.019071
0.065045
0.048066
-0.021531
0.077744
0.052828
-0.028653
-0.001142
0.062393
0.082369
0.048388
-0.013615
-0.033258
-0.043834
0.049300
0.013547
-0.031257
-0.009046
-0.004428
-0.043571
0.014612
-0.027294
0.034431
0.009414
0.074044
0.071973
0.007903
-0.072116
0.167597
0.003829
0.045387
0.015312
-0.034914
0.075536
0.042201
-0.056901
0.002256
-0.042812
-0.280129
0.139727
0.153394
0.053203
-0.062225
0.001203
0.000899
0.065700
0.162754
-0.040057
0.061834
-0.003429
0.016332
-0.008004
0.012878
0.039008
0.010223
0.005414
-0.028437
0.018990
0.016773
-0.026429
0.023447
-0.018083
0.081392
0.057470
-0.038055
-0.063785
0.043383
0.005328
-0.054130
-0.019700
-0.032919
0.001149
0.121005
0.122089
0.092252
-0.015525
0.027764
-0.009662
0.179094
0.012654
-0.002659
0.160606
0.065783
-0.063108
0.343965
-0.042987
-0.015034
0.030848
-0.042782
-0.022968
0.145414
-0.001166
0.010843
-0.013607
-0.012396
0.001359
-0.037864
-0.000095
0.000359
0.018955
-0.050886
-0.002618
0.112220
0.032754
-0.013747
-0.044774
0.000963
-0.020928
0.065747
0.012330
0.004225
-0.031618
0.086224
0.024942
0.156657
0.021937
0.106907
-0.118679
0.030587
0.002646
-0.008139
-0.015327
0.040191
0.184895
0.036590
0.000000
-0.019512
0.063665
0.029623
0.071519
-0.055146
0.034998
0.058294
0.019709
-0.023907
-0.004475
0.024842
0.000852
0.003142
0.070212
-0.023194
0.153150
0.029788
-0.003124
0.000000
-0.025522
0.051188
-0.074386
0.146930
0.003767
-0.130257
0.001290
0.030515
0.061604
0.039596
-0.015103
0.047851
0.118487
-0.103585
0.015650
-0.034488
0.076147
0.121267
0.039151
0.028708
-0.080669
0.012631
0.077086
0.023202
-0.054047
-0.023300
0.068617
-0.045256
0.035700
0.004143
0.018427
0.043162
-0.002758
0.100274
0.000000
0.055643
0.002262
-0.047270
0.006354
-0.083944
0.068972
-0.000092
-0.035856
-0.026318
-0.031167
0.005987
-0.019730
0.024537
0.002868
0.070173
-0.028560
-0.037711
0.037480
0.310602
0.006734
0.066341
-0.070866
-0.009808
0.071314
-0.053874
-0.203912
-0.004478
-0.014411
-0.009574
-0.018330
0.030211
-0.092615
0.048539
-0.063088
-0.027600
0.035405
-0.007815
-0.049199
0.013555
-0.036628
-0.009665
0.004318
-0.008128
-0.027941
0.007218
0.079506
0.040764
-0.020831
-0.062688
0.067761
0.044862
0.020625
0.001962
-0.046585
0.116915
0.002179
0.005490
-0.016749
-0.018924
0.015184
0.057548
0.089811
0.008901
-0.024292
0.001287
-0.007759
-0.022189
-0.084301
-0.033687
-0.024990
0.015562
-0.057313
0.084334
-0.049075
0.070683
0.001089
-0.044156
0.049832
-0.008436
0.070726
-0.053676
-0.026469
0.028916
0.037125
-0.034310
-0.089315
-0.021827
0.235087
-0.045858
0.016146
0.079579
0.016782
0.112833
-0.029908
-0.019810
0.064642
-0.079465
-0.024043
-0.096001
-0.018546
0.021111
-0.012657
-0.002905
0.029010
-0.031145
-0.019084
-0.003189
-0.025899
-0.011839
-0.094809
-0.027738
0.053740
0.023522
-0.003447
-0.015366
0.038375
0.031925
0.036034
-0.004583
-0.018869
0.009395
0.019199
-0.015761
0.027574
-0.026808
0.011848
0.047342
-0.049494
-0.020226
-0.062375
0.025821
-0.059058
-0.009169
0.006564
0.016534
-0.034481
-0.089032
0.019605
0.058078
0.040054
0.080999
-0.007090
0.031715
0.021441
-0.003280
0.069725
-0.033114
0.088163
0.020334
-0.035003
0.000000
0.004651
-0.010677
-0.023550
-0.058242
-0.003644
-0.015110
0.078037
0.018216
-0.012571
0.177784
-0.076162
0.055489
0.068621
0.002876
-0.025312
-0.053737
0.000980
-0.000803
0.001628
-0.036507
-0.016955
-0.062779
-0.035744
0.056078
-0.029812
0.010573
-0.016504
0.096088
0.190719
0.011782
0.027667
0.013048
-0.023238
0.026899
0.065365
0.032369
0.025822
0.041474
0.011566
0.084742
-0.042176
-0.063232
-0.015548
-0.004265
-0.025041
-0.091939
0.129143
-0.014309
-0.011734
0.011894
0.007520
-0.010352
0.028328
0.215732
-0.004314
0.013944
-0.017444
-0.085605
-0.049819
0.042064
-0.041889
-0.014268
-0.080145
0.007901
-0.002478
-0.041998
-0.049683
-0.044308
-0.028972
-0.016716
-0.034622
0.093962
0.078739
-0.053506
0.267191
0.105810
-0.042767
-0.036383
-0.092191
0.023639
0.012537
-0.039183
0.157883
-0.044520
0.122038
0.296433
-0.013018
-0.007996
0.141541
-0.030752
0.244692
0.001353
-0.043450
0.036074
-0.053892
-0.060293
-0.042772
-0.077774
-0.006456
0.258739
0.075261
0.063917
0.070451
0.077577
0.099478
0.017729
-0.021146
-0.033641
0.010079
-0.005558
-0.050244
0.009237
0.042599
-0.060227
-0.044485
-0.058838
0.014458
-0.016890
-0.092375
0.020901
-0.019854
0.106480
0.005324
0.063416
-0.005126
-0.047899
-0.078476
0.010470
-0.081369
-0.087021
-0.060285
-0.031564
-0.019896
-0.005961
-0.001682
-0.029322
0.010804
0.044452
0.011630
0.051983
0.011907
0.087710
-0.021759
-0.017499
-0.003878
0.010741
0.122344
0.033083
-0.009312
-0.003556
-0.040063
-0.025153
0.037054
0.002945
0.029656
0.025580
-0.006816
0.036522
-0.029650
0.058116
-0.045320
0.028959
0.034913
0.012071
0.146933
0.001438
-0.012174
0.073223
0.055926
-0.011596
-0.044621
0.027364
-0.022577
0.043521
0.021935
0.034663
-0.006787
-0.060667
0.001947
-0.004128
0.030127
0.042630
0.054148
0.180756
0.009001
0.013748
0.000000
-0.030497
-0.031759
0.047717
0.045314
-0.034262
-0.016515
-0.007560
0.010579
0.014485
-0.040800
-0.004289
-0.028527
-0.001156
-0.036291
-0.042771
-0.013881
0.059924
-0.037439
-0.024219
-0.052764
0.032063
0.023054
-0.004581
-0.046166
0.016488
0.069009
0.079154
0.010322
-0.044662
0.093878
0.072183
-0.004080
-0.046420
-0.011170
-0.013712
0.000562
-0.028995
0.003938
-0.019863
-0.033685
-0.011752
-0.005847
-0.055087
-0.029793
-0.009262
0.038580
0.005207
0.001413
-0.039317
0.053398
0.005430
0.004972
0.105965
-0.000281
0.232941
0.203868
0.055266
-0.007635
-0.037037
-0.037810
0.024255
0.153047
-0.006321
0.258330
0.004534
0.028853
0.023313
0.029653
-0.062120
-0.010994
-0.001637
-0.013834
0.030652
-0.008760
-0.031895
-0.032605
-0.009980
0.090477
-0.003363
0.039861
0.245293
-0.013266
0.066892
-0.025472
-0.043222
0.014335
0.007960
-0.053170
-0.081980
0.013184
-0.060403
0.002615
-0.023729
0.018926
-0.081575
-0.041424
-0.003193
-0.012117
-0.021844
-0.017480
0.040974
-0.076439
0.096121
-0.057859
-0.000410
-0.093773
0.046130
0.027610
-0.029550
0.116632
0.024142
-0.055824
0.006486
0.019490
0.019168
0.077608
-0.000632
0.013473
-0.062957
0.007391
-0.064582
0.026925
-0.012207
0.346029
0.112689
-0.029078
0.149936
0.042292
0.027203
0.003168
-0.020536
-0.043144
-0.092088
0.303138
-0.000146
-0.033790
0.154945
0.044063
0.036192
0.076879
0.030370
0.016049
-0.088707
0.037810
0.027335
-0.010968
-0.037423
-0.132510
0.009268
-0.040075
0.043174
-0.033920
0.003517
-0.010972
-0.105749
0.136267
-0.032509
-0.051489
0.012985
0.076575
0.047834
0.072640
0.093375
-0.008364
0.017539
-0.084847
-0.045313
0.016960
0.124539
0.147019
-0.030007
-0.048544
0.119911
-0.058371
0.209465
-0.038431
-0.002899
0.058834
0.037177
-0.023175
0.020147
-0.014713
0.041992
-0.042262
-0.022301
0.003202
-0.031567
-0.027781
-0.003780
0.039243
-0.010173
0.000677
0.041405
0.000000
-0.112571
0.100756
-0.037526
-0.008164
0.087678
0.013177
0.019842
-0.011880
-0.009444
0.015799
0.025910
0.071747
0.001664
0.007868
0.001494
-0.067030
-0.024097
-0.005853
-0.037250
-0.045146
0.026132
0.058979
-0.010893
-0.031160
0.019689
0.005127
-0.019232
-0.001917
0.102585
0.052914
-0.010256
-0.006082
-0.033861
-0.048269
0.028521
0.000393
-0.074826
-0.012547
0.084940
0.059891
0.108719
-0.061460
-0.044445
-0.011705
-0.116927
-0.095416
-0.026278
-0.000316
0.008736
-0.040603
0.082968
0.005451
0.033973
0.046552
0.150566
-0.054596
0.085715
0.146474
-0.061577
-0.037843
0.059390
0.019920
-0.008689
0.099198
-0.109225
0.004531
0.010811
-0.010867
-0.011296
0.026713
-0.008056
-0.011389
-0.015302
0.083211
0.021484
0.074892
0.067361
-0.050102
0.116707
0.170059
0.018117
0.040574
0.063535
-0.024061
0.030546
0.012263
-0.035423
-0.015650
0.155970
0.009837
0.013647
0.028545
-0.012464
-0.028564
0.093041
0.119565
-0.035910
0.077501
0.136686
0.007735
0.014183
-0.073021
-0.096920
-0.024454
-0.034447
-0.000119
0.020594
-0.041117
-0.053385
-0.003614
-0.019459
0.012042
0.149922
-0.020326
0.101468
0.026355
-0.026725
0.041451
0.070167
-0.019266
0.053496
0.054820
0.032926
0.016981
0.068632
0.109025
-0.056172
-0.037006
0.019345
0.025581
0.080506
-0.001818
-0.029685
-0.019816
-0.034344
-0.022578
0.132484
0.017543
0.024646
0.011666
0.056673
-0.000912
-0.049497
0.021198
-0.059113
-0.063889
0.055742
-0.036570
-0.008858
-0.008847
0.152938
0.032437
0.360693
0.047964
0.035723
0.046597
-0.014509
-0.035424
-0.004127
0.060128
0.008113
-0.040541
0.131314
-0.007173
-0.052454
-0.039574
0.040829
0.022652
0.165415
-0.030770
-0.012672
-0.015032
-0.065949
-0.003488
0.057150
-0.006663
-0.026078
-0.015292
-0.013325
0.049530
-0.055013
0.119766
0.008472
0.014291
0.000391
0.054704
0.118939
0.063539
-0.006495
-0.003058
0.061325
0.076281
0.024789
-0.050358
0.078529
-0.011948
-0.054831
-0.023134
0.045821
-0.032816
-0.001030
-0.086123
-0.082838
0.024855
-0.031559
-0.086957
0.005492
0.036231
-0.037983
-0.035892
0.033474
-0.021885
-0.021978
0.063506
0.019531
-0.048029
0.061594
-0.025724
-0.144057
0.163745
0.002983
0.032101
0.167908
0.030600
-0.019013
0.018258
0.009444
0.022511
-0.002590
0.056756
0.000508
-0.013846
0.160736
0.010216
0.131778
-0.014566
-0.047051
-0.006631
-0.008398
0.103184
0.025994
-0.084403
0.054831
0.054502
0.010918
0.101950
-0.006036
0.043870
0.228344
0.032315
-0.007276
0.048848
0.030917
0.048543
-0.027512
0.035553
-0.045497
0.025706
0.010721
-0.026497
-0.004413
-0.008740
-0.023622
-0.015772
-0.018961
-0.059838
-0.041967
0.010990
-0.006026
0.087514
0.052560
-0.022589
-0.004413
0.003474
0.032604
-0.039282
0.015576
0.164058
-0.017883
-0.009001
-0.024351
0.098770
0.085983
0.077804
-0.008580
0.007864
-0.049055
-0.008968
-0.049331
-0.015138
0.007541
-0.016963
-0.071862
0.140395
0.138526
-0.016670
0.017626
0.049352
-0.012800
-0.002657
0.009758
-0.060309
-0.126027
-0.002278
0.124246
0.055800
0.007948
-0.017236
-0.071490
-0.026771
0.019855
0.044290
-0.002485
0.010712
-0.020747
0.111789
-0.089810
0.142880
0.200331
0.028509
-0.016191
0.005545
-0.068322
-0.013871
-0.008129
-0.011852
-0.051836
0.028785
0.104458
0.029936
0.117550
-0.027688
0.035733
0.058793
0.042852
-0.032026
0.151990
0.284982
0.020352
0.061359
-0.129379
-0.090905
-0.027796
0.000003
-0.055921
0.056730
0.004208
-0.061631
-0.050317
-0.031918
-0.036802
-0.017220
0.291301
-0.054731
-0.024083
0.151566
-0.062454
0.155602
-0.044200
0.161257
0.135555
0.011658
0.011809
0.149522
-0.217758
-0.004736
0.162180
-0.029444
0.170293
-0.045348
0.036972
-0.002890
0.003746
-0.037466
0.053709
0.132473
-0.010380
0.015443
-0.002377
-0.010062
0.008670
0.091962
-0.028291
0.152704
-0.062297
0.106018
-0.013164
-0.006105
-0.013719
-0.003970
-0.032212
0.015278
0.190716
0.190157
0.036393
-0.024666
-0.011200
0.095033
0.024096
0.022750
-0.099554
0.013355
-0.004713
-0.012102
-0.055831
-0.007180
-0.060187
-0.022404
0.010892
-0.026556
0.065354
0.023910
0.013973
0.040654
-0.102380
-0.058605
0.020704
0.027672
0.441478
-0.003456
0.013527
-0.036053
-0.008061
-0.012742
-0.000319
0.119925
0.112979
-0.034623
0.172600
-0.065700
0.008304
0.008286
-0.039518
0.159881
-0.026861
-0.107243
-0.037522
-0.040779
0.000444
-0.034952
-0.000601
-0.010313
0.078741
-0.016950
-0.031065
-0.032185
0.129158
-0.030516
0.012975
-0.088802
-0.028013
0.171138
0.002944
-0.073568
-0.026982
0.060931
-0.017921
0.092303
-0.026533
0.083647
-0.047004
0.077177
0.016324
-0.026309
0.064214
-0.009021
0.154731
-0.129379
0.006415
0.065655
-0.027727
-0.004853
-0.057117
0.051417
-0.069114
-0.026856
0.053527
-0.012767
-0.014428
-0.101388
0.048873
0.012291
-0.016988
0.074024
-0.040244
-0.068915
0.040370
0.134687
0.051477
-0.007150
0.165397
-0.000694
-0.042489
0.117829
0.091843
-0.013427
-0.051642
-0.015515
0.029807
-0.034225
-0.033359
-0.028891
0.021629
0.157868
0.024702
-0.113922
0.069146
0.017948
0.000000
0.011565
0.038470
0.019645
0.029648
0.014953
-0.009458
0.086072
0.038247
0.000809
0.045075
-0.016333
-0.002100
0.040458
0.172230
0.055270
0.025119
0.109703
-0.028231
-0.002884
-0.034659
0.203052
-0.021251
0.019434
0.010309
0.051859
0.143091
-0.026898
0.047582
0.018991
-0.004242
0.035274
0.019894
0.002400
0.050783
-0.006597
0.027969
-0.032977
0.002421
-0.056528
0.000707
-0.003710
0.069891
-0.057330
-0.039304
-0.023579
-0.004282
0.087185
0.341087
-0.052102
-0.022649
0.011083
-0.036088
-0.027545
0.013782
-0.048337
-0.007380
-0.023937
-0.004741
-0.002497
-0.013360
-0.034313
0.012999
0.061179
-0.023890
-0.014832
0.020337
-0.003006
0.004446
-0.009332
0.001342
0.017263
-0.010327
0.052299
0.052736
-0.004120
0.001107
0.000149
0.020384
0.060599
0.016422
0.095630
0.067522
-0.104727
-0.011473
0.103917
-0.020089
-0.184023
-0.057363
-0.003865
-0.062606
-0.071830
0.017038
0.023157
-0.005654
0.037553
-0.023683
0.018395
0.095746
0.044626
-0.043099
0.148541
-0.023439
0.004052
0.073786
0.007719
0.024415
-0.059821
0.011044
0.063864
0.056284
0.018124
0.113625
0.010155
0.020123
0.065926
0.028269
0.005677
0.009729
-0.027838
-0.009257
-0.043707
-0.108611
-0.121897
-0.044927
-0.008921
-0.053591
-0.013960
-0.120592
0.013495
-0.024336
0.081077
0.005284
0.015169
0.003872
-0.035218
-0.048602
0.043516
-0.006376
0.001468
0.067979
0.159920
-0.003928
-0.028549
0.023586
0.103162
0.007052
-0.150688
0.010356
-0.001231
-0.004549
0.050015
0.042001
0.109742
-0.002649
0.019459
0.167490
0.067383
0.055397
-0.016363
0.013080
0.209103
-0.002061
0.029627
0.008820
0.005032
-0.050901
0.036473
0.228985
0.108119
0.004114
0.054734
-0.003541
-0.005243
0.015061
-0.033873
0.036296
-0.046881
-0.067206
0.002722
-0.019013
0.050571
-0.003682
0.162418
0.030240
0.012959
-0.013325
0.021445
0.005089
0.095309
0.099131
-0.013750
0.011028
0.018015
0.039022
-0.027877
0.015683
-0.014183
-0.016740
-0.022644
-0.035947
-0.032067
-0.000561
0.437630
0.016225
0.021606
0.019591
0.008081
0.025476
-0.010312
0.257526
0.108547
0.011372
0.006203
-0.009687
-0.020777
-0.004335
0.085727
0.106120
0.003344
-0.050822
0.001917
-0.140599
0.004096
0.012869
0.008834
-0.063414
-0.022881
0.034422
0.096830
0.026554
-0.066035
-0.041663
0.006448
0.057558
-0.025946
-0.057133
0.050681
0.093714
0.154951
-0.034114
-0.003402
0.122841
0.013733
-0.013566
0.051455
0.056139
-0.146661
-0.036176
0.034877
-0.016262
0.035111
0.135421
-0.044905
-0.028961
-0.001303
0.054571
0.016251
0.030527
-0.097349
0.050716
-0.032127
-0.037802
-0.000702
0.063469
0.012934
0.006714
-0.018141
0.020819
-0.000977
0.016608
0.186116
-0.027387
0.003604
-0.000535
0.169483
-0.014287
-0.003907
-0.008760
0.070372
0.005237
0.047710
0.047458
0.010312
0.048227
-0.035570
-0.024797
-0.001627
0.007532
0.024371
-0.024095
0.085910
-0.012309
0.040337
-0.023542
0.011537
0.090312
-0.032267
0.063016
-0.065467
0.015256
-0.074643
0.052667
-0.012095
0.001627
0.019498
0.086882
-0.024951
-0.013691
0.094705
-0.058502
0.016793
0.064964
-0.011624
-0.025078
0.066149
-0.062211
0.050654
0.062515
0.077175
0.025811
-0.021354
0.036331
-0.031152
-0.019576
0.014238
0.034957
0.005279
0.010311
-0.046562
-0.175935
0.010352
0.059210
0.012265
-0.008949
0.021941
0.000000
0.091449
0.036459
-0.032985
-0.057459
-0.021773
-0.004893
-0.054658
-0.000210
0.114688
-0.048517
-0.045923
-0.027110
-0.022323
0.000000
-0.034573
0.003950
0.000686
0.000000
0.027648
0.164077
-0.015857
-0.012148
-0.002855
-0.017542
0.144562
0.026764
-0.089358
0.054491
0.007699
-0.040532
0.047952
0.043408
0.017529
-0.053320
0.002939
0.076821
0.359557
0.166609
0.032304
-0.032534
0.013223
0.094345
0.050513
0.007049
0.036282
-0.099727
-0.003082
0.070983
0.070602
0.058689
0.069925
0.021028
0.073906
-0.020795
-0.062278
0.004396
-0.034932
0.061333
0.011050
-0.022020
0.013086
-0.017214
0.105339
0.056728
-0.026108
-0.029444
-0.045902
0.153805
0.014613
0.027865
0.035341
-0.034424
-0.004907
0.021723
0.028221
0.033342
-0.031756
0.079806
0.010660
-0.006139
-0.010167
0.069403
-0.076732
-0.003015
-0.010022
-0.119854
-0.036416
-0.014407
-0.023382
0.191640
0.113534
-0.025219
-0.025964
-0.024544
-0.030109
0.022981
0.009795
-0.110398
0.065241
0.054919
-0.029012
-0.004537
-0.025172
-0.088786
0.041351
-0.063523
-0.026898
0.049689
0.038266
0.150230
0.027724
0.110679
0.027369
0.029848
0.093937
-0.031413
-0.017215
0.024244
0.029270
0.105448
-0.013601
-0.010987
0.003458
-0.051353
0.174270
-0.016210
-0.040468
-0.010038
0.009051
-0.014501
0.002828
-0.034550
0.000609
-0.002518
0.079011
0.006381
-0.021571
0.028149
0.005615
0.007643
0.068944
-0.055464
0.042559
0.009722
-0.015098
0.018352
-0.027389
-0.006765
-0.032595
0.048276
-0.207399
0.010359
0.016859
-0.007955
0.000264
-0.050065
-0.010552
-0.030783
-0.008400
0.026998
-0.003958
-0.019164
0.037010
-0.134285
0.159658
-0.002124
-0.004306
-0.034251
-0.002423
-0.008680
0.022834
-0.024694
-0.019149
0.008212
0.183118
0.042811
0.012504
0.017895
0.003138
0.023072
-0.039552
-0.077040
0.057584
0.422449
0.002326
0.140559
0.031903
-0.036740
0.032636
-0.008340
0.043235
-0.043755
0.082900
-0.022970
-0.084260
0.040603
0.017673
0.096397
-0.024007
-0.031254
-0.003594
0.000482
-0.021821
0.021210
0.006632
0.022875
0.005315
-0.045251
-0.076781
-0.037468
0.015086
0.038344
-0.013973
-0.003608
0.018008
-0.048654
-0.017418
0.054697
-0.052542
0.031909
0.010861
-0.059883
-0.013748
-0.012445
0.009391
-0.042865
0.013388
0.010664
-0.017820
-0.075025
-0.055579
-0.044448
-0.060442
-0.032590
0.177277
-0.012229
-0.038611
-0.007234
0.007226
0.014684
-0.019561
0.060590
-0.071393
0.017908
-0.015189
-0.068394
-0.007823
-0.011169
-0.024997
-0.064450
0.034959
0.021223
0.043319
0.024665
-0.018385
0.071696
-0.015834
-0.013245
-0.002770
-0.030103
0.053197
0.029444
-0.008782
-0.002683
0.062931
0.032914
0.087484
0.537291
0.067228
0.036371
-0.065383
0.016705
0.013424
-0.090266
0.002193
-0.014769
-0.081388
-0.017518
0.044571
0.073394
0.022248
-0.027796
0.093837
0.031641
0.019973
0.062826
0.036932
0.122358
0.074441
0.144769
-0.011735
0.010956
-0.006833
0.020886
0.026367
0.020439
0.062821
0.083861
-0.013039
0.004515
0.019515
0.020564
0.070530
-0.082087
0.060289
-0.101134
0.018584
-0.042462
0.064937
0.038520
0.183981
0.263182
0.033906
0.089190
-0.005900
0.031673
0.000000
0.000000
0.000000
0.036320
0.048894
0.009411
0.051766
0.009815
0.020628
0.034361
0.034282
0.022609
0.004121
0.106603
0.058163
0.009850
0.043247
-0.013234
0.018390
0.062676
-0.000354
0.023723
0.058875
0.131326
0.039575
-0.003849
-0.063709
0.000000
-0.015493
-0.026776
0.049845
0.055310
-0.051430
-0.049285
0.048584
0.085351
0.019026
0.019840
0.028335
0.000000
0.091791
-0.015993
-0.039552
-0.011661
-0.076990
-0.116067
0.009755
0.043685
0.080121
-0.065297
0.029561
0.093895
0.060676
-0.080519
0.055390
0.256656
0.010991
-0.041481
0.030895
0.067630
0.055007
-0.054102
0.187120
-0.021992
0.040543
0.062905
0.087558
-0.014210
0.058026
0.051405
0.039575
0.149944
0.011364
0.052677
0.051632
0.134964
0.007612
-0.014896
0.000000
0.081907
0.000000
0.022011
-0.011021
0.024606
0.182740
0.044525
0.011546
-0.005914
0.081733
-0.017731
0.031205
0.031278
0.062232
0.292230
0.000000
0.080246
-0.068374
0.036853
-0.066434
0.211392
0.078459
-0.027397
0.000000
-0.088044
-0.009232
0.011616
0.004451
-0.021716
-0.009679
-0.001490
-0.068278
0.007574
0.001323
0.104043
0.139194
0.130443
0.053738
-0.026221
0.042696
-0.013220
-0.026553
0.061999
-0.005613
-0.043584
0.013497
0.006535
-0.009673
0.000000
0.013293
0.020783
-0.111300
0.043984
0.002053
0.115503
-0.016221
0.012595
0.027376
0.004354
-0.052533
-0.043060
-0.034002
-0.026157
0.006348
-0.006651
0.015321
0.000000
0.000000
0.000000
0.013858
-0.070034
0.038777
-0.032870
-0.007660
-0.000087
-0.030097
-0.008687
-0.016385
-0.010258
-0.049492
-0.022947
-0.049824
0.117398
0.060788
-0.066140
-0.000960
0.024615
-0.038576
-0.008428
0.046259
0.017172
-0.000783
0.039084
0.036289
0.017590
-0.032320
0.007129
-0.048731
-0.030910
-0.061086
0.037576
-0.038370
-0.006519
0.009352
-0.040905
-0.027898
-0.008491
0.106296
-0.003209
-0.017515
-0.007953
0.000570
-0.006238
-0.035135
-0.019883
-0.008916
0.035565
-0.034784
-0.075422
-0.049029
-0.123171
0.227077
-0.058751
-0.019132
0.079593
0.024294
-0.013281
-0.024281
-0.021092
-0.000867
-0.021221
-0.015539
-0.002150
0.015802
-0.164338
0.050740
0.049653
0.008998
0.027216
0.021362
0.061775
-0.001877
-0.079166
0.029420
0.002823
-0.013374
0.047392
0.041780
0.001159
-0.003527
0.026581
0.053855
0.161368
-0.043085
0.100524
-0.065454
0.062831
0.053195
-0.010410
-0.020715
0.010818
-0.017402
0.010932
0.005057
0.025206
0.026148
-0.052651
-0.006986
0.036294
0.022198
0.018497
-0.025419
-0.016741
0.016887
-0.018954
-0.034777
-0.006636
0.033055
0.006833
-0.002426
-0.003730
-0.011459
0.001271
0.064671
0.063886
-0.106810
-0.070067
0.001833
0.076412
-0.021256
-0.007925
-0.020492
-0.015465
0.008134
0.004980
0.099601
-0.019478
0.031732
-0.008752
-0.001338
0.064577
0.007692
0.010091
0.012391
0.010873
0.057129
0.036201
0.016268
0.051521
-0.047454
0.010355
0.002664
0.004057
0.009958
0.015949
-0.002390
-0.028074
0.001252
-0.002725
-0.030391
0.027409
-0.012502
0.020493
0.039214
-0.010299
-0.021598
0.005456
-0.001800
0.011838
0.032349
-0.002499
0.014185
-0.013330
-0.066780
0.026004
-0.014851
0.003712
-0.020013
-0.025717
-0.037906
0.018348
-0.014342
0.013396
-0.040540
-0.032781
-0.028605
-0.000522
0.025604
-0.009704
-0.052447
0.005636
0.009838
-0.011499
-0.037728
0.032531
-0.000848
-0.007677
0.079067
-0.000642
0.006105
0.035135
0.039731
0.015538
0.016657
0.029610
-0.001340
-0.006816
0.066022
-0.004536
-0.054694
-0.054275
0.023690
-0.030855
-0.004689
0.036175
-0.015548
-0.021585
-0.021513
0.032101
-0.024085
0.023437
-0.023846
0.011900
-0.012333
-0.022758
0.035239
0.024287
-0.026625
0.020062
-0.009960
0.012756
-0.027392
0.017736
0.019396
0.017077
0.000572
0.015032
0.007116
-0.044742
-0.003756
-0.029325
-0.043739
-0.013745
-0.011009
-0.017997
-0.017506
-0.025842
-0.027347
0.003461
0.078696
-0.021834
0.019202
0.009298
-0.035636
-0.001879
0.001130
0.002877
0.011190
0.007814
-0.020994
-0.020583
0.019644
0.043274
-0.050939
0.009264
-0.018613
-0.012749
-0.016368
0.003852
0.032507
0.001459
0.054904
-0.026824
0.025527
-0.004148
0.003354
-0.030927
-0.017035
-0.015728
0.013435
0.004939
0.028397
-0.023665
-0.035059
0.001199
0.002929
-0.016491
0.043110
-0.026481
-0.040720
-0.008163
0.009297
-0.030638
-0.001510
-0.039696
-0.000144
0.017838
-0.075155
0.037156
-0.027350
-0.010841
-0.027926
0.016669
-0.030189
0.007835
-0.023950
0.039844
0.022997
-0.106600
0.018145
-0.065927
-0.008412
0.028233
0.022221
-0.008387
-0.007476
-0.061453
-0.022633
0.014355
0.035481
-0.003918
-0.023940
0.005791
-0.002286
0.006419
0.028101
0.034457
-0.016506
-0.045932
0.023110
0.003813
-0.042098
0.064502
-0.028374
-0.019172
-0.005932
-0.015391
-0.054032
-0.006776
-0.021079
-0.017512
-0.005925
0.010910
0.029735
-0.022244
-0.026480
0.011413
0.024982
-0.017800
-0.001307
-0.040279
0.003785
0.062067
-0.056700
0.014722
0.067313
0.066569
-0.029217
0.006323
-0.034254
-0.051142
0.039804
-0.026785
-0.035125
-0.054918
-0.015668
0.008022
-0.033233
-0.052672
0.017769
-0.014730
-0.020460
0.061011
-0.020347
-0.014030
-0.028052
0.036733
-0.002514
-0.024261
0.016910
-0.029930
0.034160
