-0.002324
-0.000907
-0.002111
-0.001212
-0.004312
0.004875
-0.008860
-0.002610
-0.010313
-0.000132
-0.005948
0.011478
0.004610
0.007202
0.007218
-0.014524
0.010472
-0.002513
-0.003068
-0.002091
0.005040
0.034420
0.026496
0.020985
-0.029381
0.011889
0.002114
0.004298
-0.002373
0.002984
-0.006791
-0.025687
0.001560
-0.003567
0.017698
0.004083
-0.003569
-0.004024
0.015031
-0.003029
0.000249
-0.000919
0.002935
-0.000033
0.012431
-0.007912
0.002328
0.005898
-0.004405
0.002142
0.013055
0.039445
-0.005162
-0.005477
0.029761
-0.004613
-0.004471
0.001934
0.018208
-0.001661
-0.001418
-0.004777
-0.013647
0.003948
0.000213
-0.003896
0.001817
0.001736
0.002003
0.002190
0.005379
-0.007403
-0.000215
-0.002542
-0.007928
0.005246
0.020479
-0.012324
0.011899
-0.000680
0.007685
-0.006991
-0.011611
-0.002230
-0.001144
0.019712
0.006956
0.005716
-0.000113
0.000389
0.009342
-0.021643
-0.008510
-0.023002
0.016832
0.018947
-0.006360
-0.010636
-0.000572
-0.001265
0.005931
0.000914
-0.013121
-0.018560
-0.004496
0.007159
-0.010390
-0.000936
-0.002353
-0.005535
-0.003331
-0.005324
-0.001161
-0.004013
-0.006870
-0.005436
-0.003235
0.000000
-0.004858
0.000000
-0.004023
0.000000
-0.007074
0.000000
-0.005233
-0.012599
0.000603
0.000917
-0.008835
-0.014447
0.017854
-0.017944
-0.000157
-0.001240
-0.008201
0.019058
0.001550
-0.004215
0.001009
-0.013945
0.000666
0.003863
0.011188
-0.002533
0.005596
0.006077
-0.006598
0.011000
0.000216
0.002076
-0.003710
-0.002829
-0.001919
0.020592
0.013630
-0.009252
0.020960
-0.002636
0.007584
-0.003189
0.002238
-0.015906
-0.019282
0.012059
0.000000
0.000000
0.000000
0.000000
-0.000764
-0.002793
0.005382
0.000000
0.000000
0.000000
0.000000
0.000000
0.000000
0.004349
0.000505
-0.004697
-0.001298
0.001779
-0.008426
-0.019624
0.000000
-0.021120
0.001762
0.002844
0.003437
0.000000
-0.010027
0.017428
0.004213
-0.014225
-0.002891
0.015533
0.002062
-0.001486
-0.012857
-0.001419
-0.005623
0.002761
-0.003498
0.073640
-0.010368
-0.019707
0.007582
-0.011730
0.000000
0.000000
0.000000
-0.039055
-0.001875
0.012819
0.015056
-0.011785
-0.001862
0.000000
0.000000
0.000000
0.000000
0.000000
0.000000
0.000000
0.000000
0.001755
0.003836
-0.021133
-0.011677
0.010850
-0.016447
0.007996
0.006261
0.005254
-0.022206
-0.001823
-0.011656
0.011645
0.015790
-0.001661
-0.008405
0.011993
0.006823
-0.000109
-0.028816
-0.010741
-0.004822
-0.011865
0.011212
0.004056
-0.011961
-0.007523
0.003979
-0.002795
-0.005239
-0.000128
-0.007684
0.009307
-0.013204
0.027834
0.005097
0.004137
-0.004643
-0.006571
-0.004002
-0.001410
0.029078
0.012308
-0.012018
-0.002944
-0.034592
-0.009419
-0.007390
0.006227
-0.008624
-0.012853
-0.017638
-0.013748
0.065757
0.004204
-0.003103
0.014879
0.003233
-0.044595
-0.006522
-0.003305
0.014917
-0.008305
-0.002137
-0.000690
-0.006684
0.003701
0.038060
-0.002970
-0.001389
0.016330
-0.000824
0.000162
-0.009364
-0.012641
0.005840
-0.030573
-0.009886
0.001079
-0.000739
-0.005618
0.002690
0.035227
0.000000
0.004191
-0.013207
-0.009556
0.007242
0.003687
-0.004112
0.010990
-0.007425
0.029124
-0.000335
-0.017378
-0.021555
0.002228
0.032081
0.015404
-0.007741
0.008854
0.003199
0.015421
-0.000669
-0.002875
-0.004479
0.008561
-0.007170
-0.004838
0.031531
0.017515
0.003376
0.001384
0.003750
0.002921
-0.000057
0.003528
0.008387
0.002927
-0.001153
-0.014175
-0.014300
0.024356
0.005125
0.000000
0.019846
0.002733
-0.027750
0.000870
-0.024019
0.007190
-0.008242
-0.000778
0.000049
-0.015641
0.012731
-0.030152
0.012185
0.004141
0.065552
0.003581
-0.005622
-0.006941
0.056060
-0.006231
-0.009824
-0.023772
0.003930
-0.000472
-0.007113
-0.023186
-0.006861
-0.002206
0.002288
-0.002707
-0.012576
0.002324
0.000164
0.005470
-0.005670
0.006818
-0.014521
0.001050
0.003797
-0.010507
-0.008772
0.021184
-0.004073
-0.006187
-0.005655
-0.012824
-0.007003
0.002174
0.016205
-0.017346
-0.002826
0.084433
-0.004617
-0.019032
0.000000
0.001503
0.006154
-0.004562
0.009074
-0.013607
-0.009639
-0.006342
0.016631
-0.001103
-0.021051
-0.007994
0.004076
-0.034841
-0.002864
0.011688
-0.005310
-0.000537
-0.002828
0.001386
-0.008485
0.003804
0.006151
-0.010785
0.013030
0.008306
-0.014685
0.004587
-0.015751
0.017173
-0.000244
-0.003619
-0.009362
-0.001713
-0.021334
0.015798
-0.006796
-0.005546
0.006541
0.001817
-0.007390
0.000995
0.047641
0.025842
-0.019527
-0.001387
0.024506
-0.004484
0.023541
-0.005556
0.005696
0.021188
-0.001335
0.011712
0.007851
0.003928
-0.005499
-0.019672
0.008049
0.001688
0.001012
-0.006592
-0.017692
-0.004877
0.007029
0.003395
0.004575
-0.000088
-0.010044
-0.019899
0.003894
-0.009717
-0.002569
0.000435
-0.022509
-0.001720
-0.001940
-0.000600
-0.026735
0.016743
-0.020443
-0.021330
-0.002049
0.012610
-0.004132
-0.020801
0.021411
0.000661
0.021220
-0.006314
-0.001977
0.007165
-0.001301
-0.003499
0.002176
0.003615
0.001309
0.003564
-0.012568
-0.007613
-0.002067
-0.012733
0.011248
0.000486
0.000474
0.006284
0.006238
-0.009883
-0.002342
-0.009592
0.005083
-0.000103
-0.000726
-0.000130
0.007377
-0.014791
-0.007093
-0.004993
-0.002521
-0.006803
0.003784
-0.002542
0.002279
-0.007506
-0.022732
-0.005106
-0.008168
-0.010755
-0.002684
-0.003536
0.020203
0.038250
0.004694
0.000833
0.003594
-0.006552
0.000928
0.059566
-0.002393
0.007668
0.001809
0.035623
-0.027149
-0.026733
-0.007109
-0.002600
-0.007599
-0.010374
-0.004134
-0.010858
-0.002782
-0.008267
-0.002864
-0.016533
-0.013426
-0.004956
-0.010804
-0.002025
0.001301
-0.012613
-0.006471
0.007863
-0.018180
0.010652
-0.013765
-0.003072
-0.001222
-0.019623
0.005613
-0.009074
0.032254
-0.010575
-0.015662
-0.012247
-0.002009
-0.003498
0.014042
-0.001536
-0.012924
-0.006536
-0.000707
-0.000539
-0.018189
-0.001386
0.056050
0.046995
-0.011909
-0.001667
-0.002658
-0.032797
0.002150
0.000661
-0.014644
0.003909
0.003265
-0.011414
-0.014371
-0.016607
0.000937
0.012362
-0.003956
0.021319
0.013328
-0.009275
-0.016598
0.003371
-0.005887
-0.002381
-0.002905
0.019443
0.004731
0.002898
-0.006685
0.000744
-0.008196
-0.013479
-0.005132
0.004277
-0.006372
-0.000714
0.000277
-0.003704
0.001780
-0.007773
0.030715
-0.007379
-0.002377
-0.016318
-0.004320
-0.008986
-0.002946
-0.019657
0.011958
0.010625
0.017279
-0.002294
-0.004626
0.005297
0.007563
-0.029211
-0.019600
0.000027
0.027196
-0.018173
-0.014184
-0.014703
0.002424
0.007830
0.004884
0.003200
-0.002363
-0.014734
0.005037
-0.020362
0.005735
-0.012639
0.010765
0.038284
0.004050
-0.006400
0.009762
-0.029183
-0.000765
-0.007324
0.021801
0.003351
-0.001813
-0.003133
-0.015544
0.009797
0.023706
-0.003503
0.018822
-0.002816
-0.007433
-0.001955
-0.001221
0.002739
-0.002000
0.004861
-0.016826
-0.002231
0.008574
0.014093
-0.006162
-0.011765
0.017298
-0.023589
-0.003544
0.000885
-0.005025
-0.008056
-0.021881
0.006237
-0.003936
-0.005546
0.001245
0.005796
0.000246
0.002182
-0.001686
-0.008201
-0.022269
-0.011564
-0.000587
-0.012215
-0.008339
-0.016188
0.014462
-0.000475
-0.002893
-0.015679
0.001177
0.000000
0.001891
0.000901
-0.009580
-0.001764
-0.013727
0.008830
0.005514
-0.003745
-0.004342
0.004225
0.001288
0.003120
-0.003509
-0.007655
-0.010362
-0.000678
-0.000875
-0.005141
0.224449
0.006815
-0.000428
-0.007360
-0.010706
-0.018532
0.004738
-0.004361
0.007764
-0.000830
0.001664
0.002897
0.000482
-0.000201
0.001084
0.010513
-0.016344
0.003320
-0.006028
0.004295
-0.012645
0.004563
-0.014805
0.002911
-0.002324
-0.024537
-0.005846
0.003497
0.008621
-0.012524
0.002963
0.014034
-0.005670
-0.013576
-0.021430
0.004611
-0.000488
0.002778
0.016291
-0.003262
0.003486
0.042117
0.015004
-0.000054
-0.003250
-0.021971
-0.025151
0.007506
-0.004303
-0.016744
-0.010313
-0.028876
-0.007295
0.007942
0.000557
-0.003911
0.002787
-0.005115
0.005583
-0.006150
-0.001227
-0.000003
0.024202
0.006545
-0.011149
0.007662
-0.013969
0.005370
-0.002100
-0.014934
-0.004690
-0.003542
0.028783
-0.000308
0.000000
0.005616
0.015346
0.015004
-0.001744
0.018340
0.010745
-0.012721
-0.018612
0.002647
-0.000544
0.010239
0.008108
-0.000172
-0.009695
-0.011879
-0.008615
-0.022127
0.018806
-0.004929
-0.028254
0.000658
0.009959
-0.000846
-0.004592
0.004442
0.009394
-0.004761
-0.000427
0.004228
-0.011704
0.018236
-0.000108
-0.008167
0.008352
0.060856
0.016276
0.004707
-0.019014
-0.003682
-0.001732
-0.002876
-0.007256
-0.003512
0.000885
-0.000517
0.012587
-0.010125
0.007056
-0.013257
0.002364
0.006554
-0.008421
-0.012483
-0.004357
0.000125
-0.010678
-0.000718
0.009901
-0.005019
-0.003641
-0.012522
0.012480
-0.002939
-0.000519
-0.009942
0.006481
-0.001211
0.013476
-0.002822
-0.008589
-0.006672
0.003621
0.001519
0.009949
0.016555
0.003612
0.026311
-0.006859
-0.009403
-0.002769
-0.033971
-0.004643
0.000898
-0.077626
-0.005697
0.009015
0.018150
-0.008272
-0.001528
-0.002709
0.006399
0.048263
0.031918
0.079761
0.000035
0.010941
0.038503
0.007114
0.001892
0.006722
-0.001146
0.010510
-0.010336
-0.009165
-0.019985
-0.013064
-0.007033
0.015416
0.006969
0.024244
-0.015514
-0.003278
-0.001231
-0.018963
0.003718
0.011545
-0.016216
-0.007421
-0.012793
0.001984
-0.006071
0.037353
-0.004976
0.027757
0.034803
0.010565
-0.006618
-0.003182
-0.039907
-0.029442
-0.000601
0.000430
-0.012341
0.006977
-0.003869
0.029080
-0.008965
0.013220
-0.014024
-0.009026
-0.005874
-0.003602
-0.012953
-0.002056
0.001054
-0.002066
0.017603
-0.000389
0.002831
-0.012637
-0.005110
0.002669
0.022178
-0.001713
0.002410
-0.001873
0.000265
-0.017437
-0.025530
-0.019239
0.026076
-0.006489
-0.020055
-0.006528
-0.000949
-0.000596
0.009943
0.007781
0.011154
-0.020992
-0.004990
-0.001209
0.001344
-0.000306
0.011428
-0.000725
0.002145
-0.009162
0.023038
-0.005776
0.010218
-0.008742
0.002372
-0.005810
-0.002903
0.000743
-0.009359
0.002528
-0.004154
-0.032520
-0.020159
-0.004433
0.002953
-0.011370
0.003378
0.000145
-0.001765
-0.014921
-0.017966
-0.000130
-0.017821
-0.026721
-0.026516
-0.014255
0.025924
-0.002217
-0.013001
-0.014301
0.036864
0.010592
-0.015007
-0.003057
0.002530
0.001834
0.000544
0.016182
0.001401
0.009706
0.013395
-0.000691
-0.031958
-0.008773
-0.015071
0.012256
0.000435
0.001254
-0.011923
0.001348
-0.007712
-0.000941
0.005040
-0.003805
0.002397
0.022291
-0.000419
0.002613
-0.010684
-0.004100
-0.017274
-0.002622
-0.009427
-0.005172
-0.008579
-0.003675
0.004593
-0.005747
0.008009
0.008031
-0.011269
-0.009071
-0.004749
-0.017696
0.006899
-0.022136
0.013811
-0.003934
-0.005849
-0.007143
0.003984
-0.004182
-0.009960
-0.030232
0.001646
-0.002290
-0.016045
-0.007330
0.036804
0.006414
-0.009505
-0.008117
-0.008533
0.004704
0.018122
0.016060
-0.003966
-0.013831
0.010415
0.000272
-0.022064
-0.003320
-0.001905
0.006745
-0.004612
0.003048
0.003965
-0.003559
0.047488
0.003316
-0.002811
0.019715
0.005067
-0.004738
0.001150
-0.015414
-0.022709
0.005411
0.003833
0.009370
0.044753
-0.005041
-0.020977
-0.013658
0.020347
-0.017685
-0.003404
-0.008456
-0.018538
-0.005483
0.000345
-0.002667
-0.007624
-0.024006
-0.013822
-0.008251
0.013117
0.014013
-0.006591
-0.015898
0.003797
0.001104
-0.024159
0.006929
-0.015234
-0.014721
0.001071
-0.021088
-0.016746
-0.005259
-0.044618
-0.000145
-0.002949
0.000000
0.000406
0.004988
0.003546
-0.006188
0.002850
0.005347
0.002212
0.003015
-0.003850
0.025299
0.001375
0.009063
-0.001578
0.001525
0.003883
0.017226
-0.011691
0.019593
-0.012387
0.011236
0.016172
-0.029513
0.017529
0.000126
-0.002845
-0.024229
-0.031076
-0.000849
-0.012320
0.007191
0.000506
-0.004023
-0.003962
0.000000
-0.009663
0.002763
-0.015915
-0.010773
-0.011827
0.017802
-0.011494
-0.018022
0.002165
0.027880
0.000000
-0.008346
0.002515
-0.003152
-0.006090
-0.000856
-0.013671
-0.006347
-0.035266
-0.002101
0.000000
-0.009237
-0.022561
-0.000270
0.003849
0.009311
0.006544
-0.036775
-0.010948
0.016534
0.014272
0.005752
-0.010221
-0.008455
-0.003175
-0.004984
-0.005728
0.009574
0.007730
-0.000261
0.004944
-0.002613
0.001348
0.002332
-0.014748
0.000105
-0.010647
-0.000053
-0.001967
-0.000725
0.004605
0.026946
-0.001733
0.022913
-0.006874
0.000598
0.011986
0.013233
-0.003106
-0.036617
0.009144
0.013509
-0.021422
-0.016922
-0.013859
0.002155
0.015643
-0.000244
-0.006471
-0.016599
-0.006306
0.009783
-0.014160
-0.008985
-0.004736
0.010538
0.008144
0.009909
-0.003126
0.018173
-0.005801
0.000467
0.000444
0.005525
0.081532
0.017215
0.000744
-0.024169
-0.003959
-0.003703
-0.019410
0.000251
0.012734
-0.014236
0.010392
0.015673
0.001185
-0.017510
0.005556
0.026585
-0.026840
-0.000700
0.001121
-0.003020
0.014986
0.028704
-0.014771
-0.017859
-0.005266
-0.013956
0.041730
0.007611
0.011831
0.010020
-0.005789
0.005519
-0.001572
-0.041926
0.009506
0.011562
-0.002428
0.005734
-0.022179
0.024520
-0.020032
0.244371
-0.000484
-0.008783
0.001070
0.016282
0.026109
-0.000902
-0.006205
0.005498
-0.026684
0.006605
0.009436
-0.019794
0.010282
0.019656
0.001384
0.035121
0.001985
0.010537
0.007081
0.011028
0.013794
0.007029
0.026709
-0.003273
0.001490
-0.013545
-0.019721
0.009849
0.004318
-0.005587
0.023739
0.015243
-0.013982
0.007367
0.010477
0.021180
-0.015595
-0.001821
0.013468
-0.018848
-0.012349
0.038249
-0.000230
-0.016993
0.049686
-0.011541
0.003345
-0.001316
-0.011026
-0.013987
0.010773
0.001921
-0.010984
-0.003580
0.005290
-0.005131
-0.000929
-0.010858
0.004424
0.002272
-0.016193
0.008874
-0.021059
-0.000920
-0.000727
-0.008388
-0.007152
-0.003796
0.022840
-0.002087
-0.000315
0.007745
0.009311
0.006656
0.003247
-0.000375
-0.003800
0.001351
0.000994
-0.005300
-0.013117
-0.015013
-0.017951
0.008872
-0.008480
-0.011058
0.026032
-0.001326
-0.022409
0.004452
-0.010765
-0.008055
0.006439
-0.017350
0.006722
0.002159
0.011038
-0.008276
-0.014341
0.012750
0.012260
0.155411
0.295875
-0.010408
-0.006557
0.019287
0.023917
-0.012059
-0.010425
-0.008976
0.029828
-0.018471
-0.002438
0.006846
0.023224
0.039979
0.000825
-0.023628
-0.009399
-0.005939
0.012362
-0.013842
-0.017169
-0.004607
0.000277
-0.028159
-0.004794
-0.003524
0.003193
-0.007601
-0.004305
-0.002373
0.002356
0.003115
-0.014855
0.021148
-0.004481
-0.009380
-0.009133
-0.000118
-0.013209
0.009659
0.002024
0.008497
-0.001895
0.000851
-0.011471
-0.011375
-0.001586
-0.005254
-0.001389
0.010989
-0.000333
0.013487
-0.006133
0.048372
0.010388
0.017411
0.010829
-0.007567
0.006443
0.010696
-0.017320
-0.009104
0.000651
0.049506
-0.000666
0.018851
0.000294
0.001127
-0.005004
-0.007521
-0.019989
0.002711
-0.007536
-0.011668
0.004098
0.001750
-0.001475
-0.009329
-0.002958
-0.008016
0.010070
0.006024
-0.006335
-0.006198
-0.009381
-0.011357
-0.004993
0.003848
0.001069
-0.014376
-0.009090
-0.011805
-0.004552
-0.008986
-0.019420
-0.003901
-0.002364
0.012262
-0.005546
0.023658
-0.010361
-0.000854
-0.016508
-0.009640
-0.001417
-0.001944
-0.012991
0.028364
0.001747
0.004198
-0.003045
-0.037438
-0.003622
-0.008098
-0.019672
0.013381
0.000521
-0.008491
0.003691
-0.001595
-0.016406
-0.004213
-0.018257
0.002414
-0.011118
0.011890
-0.021010
0.001110
0.003491
-0.003484
-0.016096
0.001334
-0.003595
-0.010774
-0.003566
0.000101
-0.008373
-0.000214
-0.000989
-0.009551
-0.030791
0.005949
0.033980
-0.013121
-0.003577
0.003124
0.005415
-0.012296
-0.019259
-0.017439
-0.012568
0.006613
0.012380
-0.019017
-0.006503
0.014414
-0.006756
-0.000535
-0.002832
-0.005627
0.004819
-0.019851
-0.009792
-0.003757
-0.018871
-0.013548
-0.001456
-0.011678
0.008311
0.005471
-0.001612
0.007797
-0.003350
-0.010162
0.002007
-0.000094
0.007440
-0.004294
-0.019246
0.009913
-0.020752
-0.009230
-0.009193
0.042071
-0.005757
-0.003527
-0.027593
0.000981
-0.007949
-0.003939
-0.001732
-0.005389
-0.008515
-0.008015
-0.003898
-0.011514
-0.002928
0.002654
-0.015631
-0.000857
0.006367
-0.001515
-0.012032
-0.001267
0.007433
0.000378
0.030989
0.029503
0.000602
-0.006470
-0.001228
0.002461
0.033810
-0.020847
-0.007843
0.064528
-0.000715
0.024778
0.002136
-0.005703
0.003580
-0.006623
-0.018099
0.007103
-0.001282
-0.010233
-0.002235
0.006009
-0.000924
-0.001960
0.001884
-0.011425
-0.007748
0.006112
-0.008372
0.000269
0.006551
0.005455
0.020420
0.030518
-0.007874
-0.007346
0.002338
-0.002740
-0.011472
-0.014995
0.000076
-0.004060
0.000000
-0.010153
-0.020464
0.001345
-0.006580
-0.006151
-0.000217
-0.001650
-0.004164
-0.002870
0.007652
-0.001762
-0.024301
0.001045
-0.040417
-0.011645
-0.020863
-0.012002
-0.010793
-0.021108
-0.000696
-0.001287
-0.004356
0.004724
0.000806
0.000426
-0.002198
-0.008288
-0.012166
-0.011143
-0.003966
0.010817
-0.025050
-0.010392
-0.004745
0.009371
0.003705
-0.016353
-0.004318
-0.003094
-0.019362
-0.008735
-0.010118
-0.007529
0.008742
-0.018684
0.008551
-0.004336
0.005485
-0.014640
-0.006514
-0.002211
-0.011958
0.005596
0.029985
-0.009874
-0.011911
-0.017958
-0.001405
-0.012747
-0.019698
-0.000647
0.000384
0.001838
-0.002319
-0.002293
-0.002857
-0.003481
0.018908
-0.009704
-0.002679
0.003774
-0.018273
-0.016774
0.000166
-0.002907
-0.003546
-0.014637
-0.012660
-0.002102
-0.017000
-0.005775
0.011430
-0.004161
0.005326
-0.000138
0.000795
-0.010055
-0.002995
-0.005984
-0.006195
-0.004530
-0.002366
0.010183
-0.002091
0.014659
-0.001795
0.008192
0.002061
-0.007582
0.010023
0.000000
-0.000441
0.020030
0.011224
-0.005818
-0.032872
-0.001672
0.000000
-0.001530
-0.021069
0.012493
-0.000503
0.017496
-0.004027
0.007495
0.007748
0.003109
-0.009490
-0.014332
-0.005329
-0.008989
0.011724
-0.006626
0.005466
0.002336
-0.007347
0.009741
0.002649
0.005747
0.023717
-0.006006
0.039969
-0.004235
-0.002984
0.000774
-0.003466
0.011305
-0.002799
0.009886
0.014902
0.000495
0.009544
0.008309
0.008592
-0.004068
-0.002188
0.011665
-0.006036
-0.011637
0.031606
0.001828
0.004537
0.001749
0.007264
0.003452
-0.060635
-0.003618
-0.002769
-0.000978
0.004459
-0.008234
0.017086
0.022357
0.004702
-0.012623
0.009678
0.008985
-0.002528
0.016619
-0.011124
0.009123
0.005761
0.007808
0.000414
-0.005812
0.015918
0.000244
0.019263
-0.007885
0.012804
0.001972
-0.007841
-0.009727
-0.002086
0.001024
0.010922
0.026597
-0.005274
-0.014573
-0.012149
0.029501
-0.010863
0.018969
0.018287
-0.013578
0.023444
-0.000893
0.005951
-0.021628
0.038828
-0.004307
0.009316
-0.001007
-0.004420
-0.006695
0.010584
-0.007324
-0.009244
0.013756
0.005673
0.010435
-0.008820
-0.004988
0.014606
-0.002717
-0.002615
0.007278
0.002319
-0.000454
0.005536
-0.005154
-0.001288
-0.018745
-0.009281
0.000000
0.000000
0.000000
0.000000
-0.023292
-0.010586
0.001855
-0.005946
0.014649
-0.004587
-0.010642
-0.009270
0.009947
-0.005718
0.008245
-0.002207
-0.004915
-0.001756
-0.002281
-0.018034
0.009895
-0.007347
-0.007725
-0.002301
-0.005398
-0.010620
0.002499
0.001028
0.029971
-0.000828
0.058510
-0.028612
-0.011068
-0.010144
0.007012
-0.017932
-0.025301
0.007727
-0.004042
0.005463
-0.006977
0.005690
-0.007304
0.051916
0.001454
-0.005412
0.034140
0.002281
-0.001036
0.006287
-0.007341
-0.000006
0.011005
0.001734
-0.018956
0.029142
0.005394
-0.008768
-0.004047
0.005646
-0.002815
-0.009083
0.019155
0.003852
0.006217
-0.113577
0.013677
0.019237
0.008462
0.035790
-0.005259
-0.003048
-0.021841
-0.021297
-0.011723
-0.004590
-0.001764
-0.018898
-0.006095
-0.003064
0.031430
-0.002445
-0.017607
0.010857
-0.005482
-0.000565
-0.032078
-0.001909
0.003725
0.018790
0.018227
0.006119
0.005677
0.011670
-0.001236
-0.000045
-0.007504
0.000850
0.001281
-0.008002
-0.012028
0.003717
0.003522
0.009281
0.031621
-0.008210
-0.002994
-0.004103
-0.001920
0.025904
-0.025717
-0.007768
0.000900
0.009167
-0.011634
-0.003927
-0.003830
-0.027353
0.012610
0.000000
0.005795
0.003959
-0.001756
0.000000
-0.002493
-0.014116
-0.010284
-0.012245
-0.016671
0.001504
-0.005965
0.002846
-0.040015
0.003726
-0.021564
0.002089
0.012041
0.013180
-0.020705
-0.008184
-0.000315
0.015730
-0.012937
0.031023
-0.015593
-0.007834
-0.014076
0.000745
-0.002403
0.001226
0.002627
0.005423
-0.033511
-0.015707
-0.004082
0.008786
0.005452
-0.006416
-0.022119
-0.003484
-0.016659
-0.009396
0.008432
-0.025122
-0.009843
-0.007376
-0.004949
-0.014241
0.000927
0.002109
-0.005725
-0.006563
0.001437
-0.001487
0.000302
0.021821
-0.003253
0.025071
-0.002264
0.016587
-0.008361
0.001399
-0.003587
-0.008502
-0.001839
-0.012639
-0.006267
0.004046
-0.005074
-0.007089
-0.008617
-0.019647
-0.037514
-0.000153
0.019356
0.005001
-0.008274
-0.006679
0.009081
-0.003148
-0.015595
-0.003529
0.021174
0.002330
0.009242
-0.011399
-0.000223
-0.008049
0.001362
0.000951
0.013647
-0.005584
-0.005199
0.007850
0.005116
0.000238
-0.000682
-0.019585
0.017037
0.000403
-0.006707
-0.014137
-0.002575
0.015190
-0.000050
-0.011875
-0.004785
0.001140
-0.125053
-0.024302
0.000020
0.010038
-0.015597
0.002919
-0.004297
-0.002328
0.001892
-0.002137
0.004950
-0.014813
0.017844
-0.012362
-0.006714
-0.019429
-0.027403
-0.010110
0.007455
0.013151
-0.011449
-0.007725
-0.004995
-0.001281
0.005234
0.002473
-0.009597
-0.008512
0.012858
-0.015186
0.003849
0.000503
0.009295
0.004703
-0.007934
-0.001573
-0.004584
-0.007418
0.004884
-0.011451
-0.007310
0.003661
-0.030441
0.021389
-0.013786
-0.009778
-0.013009
-0.009961
0.001541
-0.016067
-0.000119
0.000000
0.009406
0.003290
-0.009398
-0.010043
-0.004499
-0.010617
0.014069
0.006007
0.007607
0.010291
0.000567
0.000436
0.036059
-0.000500
-0.004693
-0.010361
-0.002998
-0.011210
0.000000
-0.013455
-0.011840
0.011669
-0.006853
0.004706
-0.064383
0.008195
-0.009105
0.004194
-0.007061
0.001057
-0.001612
-0.007616
-0.024482
-0.022282
-0.030606
0.002221
-0.001100
-0.007571
0.000600
-0.001603
-0.002982
0.002732
0.015310
-0.003153
0.006737
-0.005779
-0.008817
-0.005667
-0.002069
-0.015100
-0.008895
0.007702
0.002483
0.000000
-0.003300
0.002617
-0.001619
-0.001501
-0.023862
0.001263
-0.007784
0.011147
0.006619
-0.008061
0.000930
0.052195
-0.005634
-0.008600
0.011609
-0.003691
0.003961
0.001901
-0.004391
0.001487
-0.008038
-0.013579
0.015871
-0.006449
0.004433
-0.005543
0.009783
0.014809
-0.019148
-0.005747
-0.003889
-0.012769
-0.022361
-0.000044
-0.010147
0.000832
-0.002290
0.011784
-0.009102
-0.012791
-0.000220
-0.008574
-0.025142
0.006046
-0.012005
-0.004876
-0.019958
0.003371
0.009603
0.004389
-0.017873
-0.001072
-0.001881
-0.006592
0.010258
0.012605
-0.009841
0.033056
0.004828
0.003568
0.000934
-0.006562
0.000655
0.009761
-0.007988
0.006397
-0.000719
-0.003322
0.000900
0.001088
-0.000224
-0.009185
0.006439
0.004659
0.004731
0.000285
0.015919
-0.002427
-0.008902
0.022809
0.014154
-0.001668
0.000683
-0.023148
-0.001433
0.009939
0.001026
-0.028666
-0.007265
-0.007220
-0.006496
-0.010515
-0.004075
-0.004849
0.020022
0.049052
0.018498
-0.001082
-0.028469
-0.008760
-0.000073
-0.007176
-0.002954
0.001063
-0.008417
0.007518
-0.019764
-0.006415
0.004334
0.061952
-0.011544
-0.023275
-0.015271
-0.005270
-0.010412
0.007804
-0.016010
0.015333
-0.010171
-0.008421
0.017466
0.002580
0.007524
-0.014132
-0.002417
0.014490
-0.003654
0.012783
-0.011305
-0.012227
-0.016520
0.053092
-0.006800
0.018218
0.018353
-0.006349
-0.004705
0.012415
-0.002868
-0.004873
0.011033
-0.005104
-0.002307
-0.022754
-0.010545
-0.006667
-0.017761
0.021548
0.000951
-0.007568
0.000000
-0.008205
-0.003474
-0.008181
0.005985
-0.009212
-0.003788
-0.011468
0.012956
0.001609
-0.017367
-0.032025
-0.004054
-0.005651
-0.000181
-0.005936
0.010539
-0.006445
-0.008031
-0.023922
-0.012381
0.013760
-0.009291
-0.003294
-0.010651
-0.005177
0.001343
-0.000892
0.005130
0.002733
-0.010335
-0.005016
-0.012299
-0.002854
-0.007619
0.013284
0.182186
-0.005482
-0.027101
0.021237
-0.013250
0.030641
0.427161
-0.000715
-0.003665
-0.005980
-0.003550
-0.001919
-0.016612
-0.003115
0.001630
-0.022578
0.009997
-0.005151
0.018542
-0.000127
-0.005430
-0.001969
-0.014719
-0.031753
-0.012142
0.001961
-0.015628
-0.020689
0.001673
-0.001265
-0.009506
-0.006179
-0.016127
0.007521
-0.001531
0.000551
0.065929
-0.009275
0.002197
-0.007941
-0.007978
-0.008203
-0.001454
-0.011671
-0.016472
-0.008968
-0.030660
-0.002187
-0.000785
0.022544
-0.001092
-0.001571
-0.010884
0.002717
-0.001763
-0.001697
0.005660
0.003069
0.004548
-0.005196
0.002378
-0.035548
-0.007802
0.004183
-0.009316
-0.003529
-0.013836
-0.039292
-0.010965
-0.014276
-0.007364
-0.001049
0.003934
0.002457
-0.019509
0.009541
-0.010607
0.000560
-0.021442
0.009799
0.008882
-0.014786
-0.012469
-0.009122
-0.002263
-0.001227
-0.047810
-0.000151
-0.009104
0.002906
0.013631
0.025930
0.017026
-0.010842
0.053372
-0.003464
-0.002679
0.000307
-0.000380
0.003647
-0.008675
-0.008711
-0.005546
-0.023961
-0.021646
-0.027933
-0.000977
0.010477
-0.001872
-0.003232
-0.011978
-0.001199
-0.006711
0.002409
-0.004755
0.008828
0.005674
0.008227
0.012868
0.005057
0.007756
-0.009184
0.000600
-0.002598
0.000916
-0.002530
-0.003187
-0.003353
0.129801
0.008115
0.006534
-0.001540
-0.000076
0.004130
0.004750
-0.000720
-0.012409
0.035282
-0.006069
0.017242
-0.016228
0.070583
0.008672
-0.003363
0.003547
0.024568
-0.005812
-0.001773
0.000317
0.011025
-0.001162
0.000000
-0.014982
-0.018695
-0.023027
0.007598
0.003752
-0.018047
-0.000211
-0.019989
0.006251
0.014973
0.016288
-0.009037
-0.003501
0.001846
-0.015033
0.000774
-0.001027
0.002157
0.016083
-0.007843
-0.005189
0.020685
0.057017
-0.002971
-0.005424
-0.000442
-0.009668
0.008009
0.002434
0.006373
-0.010622
0.009316
-0.007214
-0.002932
-0.008759
-0.013626
-0.028913
-0.001824
-0.002676
0.011086
0.014509
-0.002779
-0.002568
-0.002288
-0.001261
-0.019440
0.001595
0.002765
0.026917
0.011568
-0.013930
-0.018286
0.004218
-0.005189
0.031286
0.001572
-0.003744
-0.010092
0.022551
0.010171
0.023506
0.024148
0.008883
0.005713
-0.008401
-0.014969
0.001243
0.000023
-0.030944
0.006047
-0.004381
0.016743
-0.007518
-0.002121
0.000508
0.006356
0.014446
0.004751
-0.003092
-0.000851
-0.010416
-0.000160
0.023661
-0.002809
-0.004975
0.003716
0.000778
0.023761
-0.010941
-0.090723
0.004066
-0.343792
-0.010546
-0.006514
-0.007551
0.008117
0.004662
0.003838
-0.012005
0.002771
-0.003001
-0.010675
-0.001112
-0.003676
-0.005260
0.001459
0.018467
0.012124
-0.003739
-0.007998
-0.004831
0.015444
-0.008015
-0.005600
-0.018684
-0.011930
0.003126
0.003340
-0.048437
0.009197
0.000039
-0.007821
0.020118
-0.015243
-0.024877
-0.042982
0.012446
0.005680
-0.006333
0.449677
-0.005284
-0.005350
0.002917
-0.007614
-0.003062
-0.006182
-0.011954
-0.004301
-0.003528
-0.020421
0.002347
-0.010887
-0.022773
-0.009663
0.002155
-0.007032
0.003103
0.019213
-0.014516
-0.000385
-0.007611
-0.012203
0.022837
0.000046
-0.009693
-0.010963
-0.005768
-0.017790
0.003316
-0.021123
0.010074
-0.005879
0.002794
0.010170
-0.006151
-0.001987
0.074384
-0.022389
-0.001034
0.000142
-0.025034
-0.015021
0.000629
-0.004534
-0.046549
-0.014821
0.007866
0.014133
-0.000895
-0.007781
-0.005137
-0.012381
-0.004567
0.007304
-0.008650
-0.001097
0.017136
-0.001733
-0.016303
0.001003
-0.001287
0.004085
-0.003849
0.000000
-0.005070
-0.007095
0.013405
-0.016612
0.003324
-0.007131
0.004425
0.196388
-0.004971
0.023397
-0.006787
-0.013416
-0.013355
-0.010392
-0.007740
0.020506
0.021311
0.010873
0.030209
-0.017976
-0.013983
-0.022886
-0.011567
-0.006644
-0.006427
-0.003441
-0.020019
0.021246
-0.001590
-0.011323
0.001284
-0.004093
-0.005822
-0.003228
0.002752
0.010165
-0.013730
0.012475
-0.001937
-0.002209
0.004012
-0.013759
-0.034616
0.002474
-0.013214
-0.041698
-0.007225
0.008021
0.001623
-0.007034
-0.016288
-0.010470
0.013507
-0.006596
0.002849
-0.007471
-0.011827
0.006459
0.035419
-0.010303
0.009273
0.000756
0.013213
-0.015574
-0.017349
-0.003407
0.019778
-0.005497
-0.006898
-0.004543
0.004732
-0.015793
0.002874
-0.018437
-0.008024
0.001001
-0.016465
-0.000516
0.025976
-0.000161
-0.014533
-0.006472
-0.005382
-0.003863
0.018664
0.002880
0.006373
-0.001426
-0.011190
0.048357
0.052993
0.025336
0.003823
0.012251
-0.011550
0.009914
0.006992
-0.001965
0.001157
-0.003918
-0.010081
-0.016455
-0.003566
0.009212
-0.014382
-0.002187
-0.007816
-0.007888
-0.075367
-0.002662
0.001696
-0.010543
-0.012852
0.002091
0.009967
0.025990
0.001344
0.003940
-0.010806
-0.001868
0.018923
-0.005615
-0.008451
-0.025659
-0.016382
-0.002837
0.001118
0.001070
-0.016667
-0.001853
0.005478
0.005727
0.018137
-0.010471
-0.031429
0.025583
-0.014096
-0.013443
-0.015238
0.006542
-0.007341
-0.000232
0.014017
-0.001517
-0.010606
0.000078
0.038495
-0.013824
-0.000248
-0.007635
-0.010150
-0.002891
0.001326
-0.004911
-0.015454
-0.004759
-0.008053
0.008234
-0.012763
-0.014907
-0.006665
0.045615
0.030871
-0.002000
-0.008351
0.015193
-0.007499
0.001133
0.003076
0.011112
-0.015456
0.000672
0.001904
0.000917
-0.005277
-0.025270
0.009817
-0.001774
0.001014
0.003176
0.001257
-0.000761
0.010317
-0.034339
0.014202
-0.013531
-0.001341
0.003045
-0.009206
-0.004155
-0.004716
-0.009356
0.027092
-0.005044
0.000080
0.001584
0.004501
-0.010762
0.016886
-0.005689
-0.007108
0.008994
0.016869
-0.005884
-0.008691
0.007156
0.009854
0.001494
0.018794
-0.014079
0.017500
-0.000592
-0.009143
-0.013411
-0.003594
-0.003988
-0.009012
-0.019953
-0.040759
0.012424
-0.000283
-0.007566
-0.003695
-0.002003
-0.030924
-0.019014
-0.003077
-0.009456
0.000353
-0.003689
0.025828
0.006914
-0.011487
0.010354
0.010114
-0.001692
-0.009781
-0.006538
0.009550
-0.000550
0.008995
-0.008875
0.028667
-0.000566
-0.002149
0.013723
0.005909
-0.014563
-0.002118
0.011609
0.010017
0.009924
-0.009300
-0.014875
0.023820
-0.018919
0.004168
0.001171
-0.010193
0.002916
-0.014855
-0.004112
-0.015001
0.006976
-0.013208
0.004564
-0.021893
-0.000046
0.015387
0.020801
-0.008023
-0.003154
0.003486
0.000227
-0.002197
-0.012847
0.001356
-0.012303
-0.006212
-0.003689
-0.006405
0.018070
-0.004627
0.009042
-0.001047
-0.000522
-0.018702
0.000273
-0.018983
0.025675
-0.002884
0.003839
0.040033
0.364746
-0.016572
0.023708
0.004607
-0.008731
-0.014790
0.005348
0.015713
0.002993
0.005062
-0.006418
0.087519
-0.000364
-0.085267
0.000293
-0.001244
-0.028097
0.003832
-0.017411
-0.013541
-0.002433
-0.026062
0.316222
0.039875
-0.002709
-0.004564
-0.004245
-0.022664
0.016713
-0.004312
-0.005807
-0.021847
0.031698
0.023642
-0.005040
-0.023448
-0.004315
-0.007983
-0.009815
-0.003283
-0.001349
0.038281
0.006639
-0.014005
-0.002397
0.023054
0.004481
-0.014341
-0.006254
-0.000242
-0.010718
0.007592
0.015924
-0.002230
-0.004613
0.018226
-0.012664
-0.009739
0.017488
0.011636
-0.005423
-0.025357
-0.004516
0.005890
-0.007364
-0.014709
-0.006387
0.004397
-0.006603
-0.002494
0.013016
-0.000961
-0.052818
0.004410
0.001318
0.011891
0.005583
0.004140
-0.006371
-0.008237
0.004533
0.001990
0.005168
-0.007254
-0.026022
-0.025448
0.005909
0.010279
-0.011381
-0.006462
-0.015194
-0.016194
0.003699
0.025631
-0.005157
-0.004727
0.018638
-0.002579
0.034004
-0.026405
-0.020221
-0.010634
0.027196
-0.012464
-0.002903
-0.055926
-0.036836
0.005163
0.001460
-0.005555
0.000793
-0.032062
0.007835
-0.016655
0.016632
-0.018216
-0.007855
0.003269
-0.007460
-0.007362
-0.009299
-0.006635
-0.003059
0.017118
-0.006353
-0.013608
-0.005204
-0.000334
-0.000966
-0.006515
-0.004344
-0.001835
-0.002940
0.008316
-0.015034
-0.009574
-0.039799
-0.025475
-0.000430
0.026429
-0.007815
-0.004088
0.008199
-0.005587
-0.027089
0.000322
-0.022524
0.006934
-0.010052
-0.002425
0.011231
0.004861
-0.004098
0.000720
0.009089
-0.003513
0.010830
-0.005257
-0.003031
0.003184
-0.012228
-0.001530
-0.011843
-0.011545
0.017436
-0.004934
-0.019755
-0.003094
0.010140
0.016003
0.011929
0.006537
0.001684
-0.014681
0.002879
0.006301
-0.009135
-0.004212
-0.012439
0.006243
0.001783
0.000735
0.007866
0.013872
-0.001438
0.012474
-0.020803
-0.028783
-0.000102
0.004693
-0.001089
-0.004300
-0.003658
0.000871
-0.003903
-0.000812
-0.014115
0.000421
-0.001470
-0.003847
0.000760
-0.011551
-0.006102
0.001147
-0.018649
-0.012737
-0.010704
-0.009705
-0.004829
-0.013611
-0.029407
0.027236
0.137075
0.042416
0.003645
0.000000
-0.017265
-0.012794
0.004785
-0.008208
-0.007540
0.001686
-0.005374
-0.000528
-0.003503
-0.020433
0.003454
-0.015904
-0.013529
0.001805
0.003395
-0.016611
0.009994
-0.014330
-0.004030
-0.016250
-0.011860
-0.000818
0.004985
-0.001349
-0.011374
-0.001918
0.000910
0.008626
0.005931
-0.006592
-0.017699
0.001488
0.001616
0.001169
-0.001122
0.002284
-0.004920
0.015882
0.009811
0.002211
-0.006150
-0.008517
0.002530
0.010801
-0.008809
0.004729
-0.016905
0.008564
-0.019201
0.005327
-0.001507
-0.000129
-0.002019
-0.004581
-0.001662
-0.008332
-0.011876
-0.005559
-0.005973
-0.008524
-0.005619
0.007167
0.020098
0.013553
-0.002022
-0.028592
-0.000257
0.021952
0.008775
0.012244
0.005703
0.031370
-0.017690
-0.004597
0.026304
0.000169
-0.013377
-0.005341
-0.002620
-0.039354
-0.012928
0.046864
-0.005875
0.004611
-0.034986
-0.009453
-0.032784
0.003638
-0.004801
0.005862
-0.000775
0.011100
0.003327
-0.012952
-0.012784
0.024196
-0.005355
-0.009532
0.007170
-0.001186
-0.002251
-0.010392
0.002472
-0.009823
-0.029853
0.003537
0.020662
0.015272
0.002005
0.008401
-0.009963
0.004336
-0.012370
-0.003124
0.005540
-0.000824
-0.003611
0.014209
-0.014407
-0.006481
0.015694
0.020665
0.002319
0.009463
-0.012024
-0.007688
-0.003269
0.004609
0.014218
-0.002668
0.011733
0.002199
0.001602
-0.010744
0.000373
-0.009034
-0.006197
0.001264
-0.008564
0.002776
0.011974
0.001976
-0.013263
0.006282
-0.014851
0.035206
-0.033120
0.026299
0.009747
-0.006317
0.010793
0.001472
-0.027526
0.002351
-0.008023
0.000504
-0.010779
-0.024365
0.005486
0.000619
-0.006556
-0.023981
-0.014051
-0.011559
0.004060
-0.008910
0.003611
0.001226
-0.014992
0.015349
-0.000903
-0.005792
-0.020932
-0.001271
0.000285
0.032705
0.006951
-0.000577
0.000379
0.005854
-0.014978
-0.005264
-0.005839
0.001619
-0.004196
0.026039
-0.012029
-0.013421
0.003774
-0.012313
0.013905
0.005175
0.003104
0.033405
0.008701
0.001555
0.024197
-0.003301
-0.001782
-0.013234
-0.010540
-0.006731
-0.001125
-0.011972
0.008840
-0.000812
0.000311
0.010022
-0.005679
0.006306
-0.014217
0.002438
0.000366
-0.012727
-0.010697
0.022148
0.013508
0.002256
-0.008346
0.019669
-0.022997
-0.004460
-0.009981
0.007347
0.001421
-0.013994
0.036236
-0.015410
0.002001
-0.018912
-0.023470
0.024952
-0.005558
-0.020715
-0.003052
-0.008006
0.009560
-0.009203
-0.001185
-0.014592
-0.005203
0.004196
0.010464
0.007099
-0.029441
-0.012656
0.000549
-0.012716
-0.009194
0.012089
-0.006594
0.001254
-0.001918
-0.041827
0.010095
-0.007478
0.013092
-0.009568
0.027823
0.017207
0.010128
-0.002092
0.001065
-0.002307
-0.007721
0.018138
-0.009808
-0.014803
-0.006305
0.002193
-0.001969
0.009958
-0.001559
0.004498
0.011560
0.023696
0.013179
0.004913
0.004305
-0.009153
-0.018187
-0.000972
0.009075
0.004670
-0.001522
-0.005056
-0.003465
-0.008233
-0.001322
-0.001370
-0.035841
-0.010850
-0.003066
-0.011252
0.002549
-0.019298
0.006203
0.000872
-0.003162
0.000801
0.013441
-0.006754
-0.002377
0.003736
-0.009557
-0.003926
-0.007754
0.003988
0.041976
-0.002451
-0.010032
-0.015740
0.050172
0.005318
-0.000335
-0.011087
0.003171
-0.000372
0.011955
-0.007052
-0.008301
0.020305
-0.027782
-0.001928
-0.016915
-0.019812
-0.014101
-0.001859
0.000821
-0.001400
0.004996
-0.014867
0.011516
-0.008221
-0.006915
0.000000
-0.004462
0.003175
0.019835
-0.007133
-0.018873
0.001513
-0.012839
-0.050885
0.012731
0.000229
-0.014686
0.001163
0.021088
-0.005318
0.000000
0.008480
0.047769
-0.004873
0.000000
-0.006155
-0.011696
-0.010836
-0.000022
-0.000820
0.018698
-0.013311
0.006248
0.004987
-0.022613
0.009712
0.013338
0.003058
0.001084
-0.096765
-0.003779
0.015511
-0.007059
-0.005960
0.008599
0.003264
0.011317
-0.006766
0.010398
-0.005476
-0.003189
-0.017561
0.020869
0.007377
0.006288
0.006374
-0.006131
-0.001289
-0.010402
-0.009164
-0.001976
-0.002964
-0.004216
-0.002865
-0.003356
-0.000120
-0.006926
0.002957
0.005387
-0.014990
0.004677
-0.010295
0.004108
-0.003967
-0.010490
-0.000811
-0.002806
0.012750
0.003005
-0.018847
-0.008499
-0.013849
-0.003755
0.010346
-0.006019
0.002999
-0.003749
-0.024268
0.013575
0.000858
-0.024503
0.007050
-0.041197
-0.008212
-0.005596
-0.023272
-0.014627
-0.010723
0.016706
-0.060521
-0.015707
0.008706
0.029967
0.009344
-0.025527
-0.000679
-0.003460
-0.000181
-0.024330
-0.002289
0.011781
-0.015825
0.016736
0.000902
-0.001912
-0.005930
0.021545
0.003756
-0.010795
-0.029905
0.003255
-0.000608
-0.023385
0.030535
-0.007236
-0.006760
-0.007818
-0.006621
-0.016155
0.002364
0.010417
-0.007304
0.010991
-0.002383
-0.008581
0.007930
-0.003296
0.004112
-0.008217
-0.006331
-0.012125
-0.023310
-0.004827
0.000356
0.000368
-0.005895
-0.148535
-0.012114
-0.007990
-0.006744
-0.011029
-0.002003
0.000316
-0.003846
-0.011603
-0.003880
0.012600
-0.023466
0.024798
0.005470
0.006835
0.023033
0.024896
-0.022951
-0.007812
0.001584
-0.015669
0.004690
0.003346
-0.015386
-0.000234
0.014982
-0.005272
0.002508
-0.003643
0.018110
-0.007968
0.005636
0.029746
0.013438
0.008945
-0.002608
0.007297
-0.022730
0.010967
-0.015617
0.005457
0.000954
0.000454
0.003883
-0.009815
0.000177
0.029785
-0.029196
0.015212
-0.005757
0.001832
0.000142
-0.011357
-0.017629
0.014596
-0.028468
0.006576
0.003440
0.003096
0.005890
0.029898
-0.005375
-0.005335
-0.005501
0.000595
0.008832
0.014489
-0.002813
-0.010799
-0.006416
-0.013296
-0.019994
-0.014970
-0.018642
-0.023349
-0.010052
-0.009187
-0.009100
-0.010774
0.003244
0.009480
-0.014360
-0.002483
0.031291
-0.005928
-0.001248
0.007959
0.011023
-0.003378
-0.005862
0.015266
0.001063
-0.004010
-0.000009
-0.003841
0.019233
-0.005202
-0.008064
-0.000023
-0.004683
0.023081
-0.004311
-0.008751
-0.007562
0.005408
0.006893
-0.007079
0.013017
0.002330
0.005096
-0.003885
-0.020931
0.003153
0.012305
0.001147
0.039023
-0.001108
-0.010915
-0.004265
-0.005692
-0.016479
-0.011819
0.001424
-0.001234
0.022544
0.009331
0.035087
0.011713
-0.002404
-0.011521
0.014818
0.003423
-0.012656
0.011637
-0.005305
0.002106
-0.020613
-0.039041
0.005376
-0.003504
0.006156
0.002208
-0.004197
-0.017169
-0.010226
-0.016125
0.005855
0.003999
0.014858
0.035330
-0.019211
0.007350
-0.016096
0.009531
-0.009375
-0.007875
-0.002203
-0.003699
0.013105
-0.004025
-0.005466
0.005496
-0.006238
-0.021548
-0.002609
-0.016016
-0.009659
-0.003433
-0.000845
0.006716
-0.007997
-0.006736
0.012404
-0.013201
-0.006161
-0.027314
0.000000
0.000000
0.000000
-0.017110
-0.006497
-0.012493
-0.004020
-0.002161
0.006054
0.001770
-0.009953
-0.002694
0.017092
0.008003
-0.012352
0.001125
-0.014807
0.006182
-0.006909
-0.015263
0.000263
-0.011955
-0.004229
0.013629
-0.008505
-0.027097
0.000073
0.000000
-0.004737
-0.000744
-0.002700
-0.006014
0.019671
0.006664
-0.019513
-0.001251
0.007565
-0.003431
-0.009310
0.000000
-0.012499
0.001724
-0.008300
-0.001802
-0.009130
-0.004584
-0.008814
-0.004836
0.006710
-0.014007
0.000567
0.004227
0.004810
0.013993
0.001265
0.006832
0.000649
-0.002763
0.011065
-0.000632
0.009587
-0.010135
-0.008709
-0.011957
-0.010279
-0.018982
0.003928
-0.037874
-0.010907
-0.005033
0.004999
-0.008533
0.003898
-0.027849
-0.005285
-0.010901
-0.006799
-0.011054
0.000000
-0.004861
0.000000
0.004413
0.013488
-0.007566
-0.001552
-0.024447
-0.022263
0.008722
-0.017102
-0.010931
-0.014177
-0.003967
-0.011836
-0.005226
0.000000
-0.013416
-0.004361
0.001901
0.000644
-0.007599
-0.015326
-0.006116
0.000000
-0.012110
-0.005163
0.009530
-0.002625
0.004940
-0.005644
0.007106
0.023628
-0.010041
-0.003775
0.004236
0.000352
-0.001325
-0.013673
0.004970
-0.002018
0.001079
-0.002150
0.007362
-0.000316
-0.019959
-0.009765
0.010050
-0.008841
0.000000
0.000652
-0.007353
0.035296
-0.013855
-0.003155
-0.000884
-0.005516
0.013068
-0.009994
-0.014662
0.009142
-0.000607
0.019938
0.013233
-0.009554
0.007320
-0.007305
0.000000
0.000000
0.000000
0.005138
-0.010908
-0.003664
-0.000734
0.014711
0.004388
0.011650
0.005833
0.015706
-0.002085
0.005597
-0.012147
-0.016310
-0.014615
-0.009108
0.034734
0.008775
-0.006343
0.010027
0.003992
-0.023311
0.000122
0.008730
0.002913
0.020154
0.024632
0.009759
-0.003883
-0.000774
-0.012329
-0.037257
-0.015595
-0.002780
-0.004695
-0.006404
-0.004588
0.011279
0.006490
0.004039
-0.006127
-0.021060
-0.000271
0.001468
-0.000065
0.000338
0.005469
0.009380
-0.008282
-0.016677
-0.005001
-0.006153
-0.004934
-0.007358
0.013665
0.007659
-0.031236
0.001416
-0.006734
-0.000204
-0.002967
0.000217
-0.001840
0.001616
-0.000284
-0.002792
0.013470
0.011168
0.002045
0.003852
0.002664
0.001085
-0.007705
0.006940
0.001078
-0.000909
0.011780
-0.002884
-0.006188
0.029180
-0.001216
-0.007287
0.075876
-0.005649
-0.012716
-0.013142
-0.015134
-0.003967
-0.003144
-0.009737
-0.009625
-0.002280
0.011104
-0.000057
0.004953
0.002114
0.018709
-0.011271
-0.006781
0.001103
-0.012255
0.010882
-0.003572
-0.006089
0.005273
-0.000955
-0.005243
0.005466
-0.004340
-0.008433
0.009097
-0.004484
0.008282
-0.004242
0.045185
0.005128
0.009621
-0.015085
0.006067
-0.024902
-0.006058
-0.010609
0.023246
-0.004306
0.012893
-0.002087
0.002365
-0.010253
0.008919
0.032311
0.002454
0.001398
0.010716
-0.000758
0.002999
0.008711
-0.003589
0.011457
-0.010960
-0.011154
-0.026581
-0.006579
-0.002763
-0.004262
-0.005612
-0.005494
0.005871
-0.004304
-0.001856
0.002515
0.005376
-0.018553
0.002392
0.005259
0.003047
-0.003909
-0.001381
0.001858
0.007495
-0.008995
-0.006798
-0.004136
-0.002169
0.000595
-0.002779
-0.001128
-0.002569
-0.003631
-0.002282
-0.014248
-0.006948
0.053168
0.009074
0.012661
-0.002613
-0.018833
-0.006377
-0.015804
0.003350
-0.005329
0.000364
-0.002441
-0.007321
0.001030
0.060841
0.022148
0.012287
0.013976
0.005237
-0.005548
0.000065
0.001870
-0.006189
0.006109
-0.010404
0.004171
-0.015558
0.016084
0.003490
0.016523
0.000425
0.008796
0.004981
0.001390
-0.008303
-0.000013
-0.003922
-0.006799
-0.003706
-0.013226
-0.007939
-0.001380
0.014709
-0.003943
-0.002859
-0.016555
-0.007120
-0.009116
-0.015847
0.014455
0.002862
-0.011281
-0.012960
-0.017227
0.002450
-0.019254
-0.002776
0.009082
0.005981
-0.005559
0.007225
0.003229
0.003024
-0.001613
0.000964
-0.006767
0.015567
-0.009731
0.009882
0.008785
0.022007
-0.011260
-0.025244
0.013060
0.004641
-0.000301
0.015131
-0.010266
-0.005629
-0.003863
0.005574
0.002384
-0.016278
0.014239
0.011617
-0.011288
-0.009590
0.020439
0.000667
-0.001963
0.001241
-0.006491
-0.001511
-0.023818
-0.003495
-0.012087
-0.007569
0.003168
-0.003693
0.002211
-0.004373
0.006231
-0.008727
-0.006605
-0.003167
-0.024694
-0.006216
-0.018850
-0.007277
-0.001210
0.001224
0.011896
0.003766
-0.018199
-0.010151
0.001269
-0.040087
0.000220
0.010294
0.011221
-0.005588
0.011204
0.001237
-0.014319
0.014958
-0.001317
-0.002564
0.003856
-0.002869
0.003738
-0.011857
-0.013223
-0.019634
-0.000669
-0.005612
-0.014123
-0.000119
-0.001828
0.028184
-0.007505
-0.001112
-0.002876
-0.009521
-0.018767
-0.002431
-0.003921
-0.013200
-0.004027
-0.001928
0.017793
-0.009381
-0.002124
-0.010679
0.001857
-0.013624
-0.010762
0.000376
-0.004104
-0.007033
-0.001729
-0.007273
-0.008478
0.003847
-0.004317
-0.006724
-0.010482
-0.009677
0.004319
0.004953
-0.006933
0.004551
-0.002795
-0.005442
0.002073
0.016922
0.017723
0.015398
0.015689
-0.000376
0.011682
0.017262
-0.004797
-0.009221
-0.002008
0.003721
-0.000404
-0.004492
-0.002584
0.002916
-0.000937
0.000963
-0.005883
0.009553
-0.007866
0.024734
0.009272
-0.002736
0.003559
0.020775
-0.007125
-0.001634
0.034031
-0.019214
0.000360
