-0.112781
-0.123140
-0.148916
-0.124344
-0.105660
-0.140526
-0.190204
-0.089759
0.141394
0.022456
0.021828
0.002876
0.019575
0.007797
-0.029517
0.020367
-0.026323
-0.030403
-0.013546
-0.024832
0.107906
-0.035237
-0.105072
0.011122
-0.056146
0.004670
0.042180
-0.049580
0.217550
0.055905
-0.154283
-0.051080
-0.009605
-0.008484
-0.027808
0.015368
0.019607
0.113488
0.058293
-0.141984
-0.121458
-0.109057
-0.134921
-0.182490
0.088104
-0.056563
-0.025773
-0.056819
-0.145085
-0.276380
0.025566
0.176570
0.030017
0.011677
0.102796
0.057462
0.025359
0.056166
0.081651
0.086371
0.004800
0.094584
0.055937
0.026883
0.057928
0.006236
0.051542
0.032183
0.040924
-0.002484
0.009370
0.014907
0.024608
-0.033692
-0.024283
-0.015267
0.018223
-0.094296
-0.006367
0.064549
0.152580
0.054054
0.000225
0.097983
0.028547
0.000944
-0.046213
0.010342
0.017889
0.164267
0.011525
0.029057
-0.016480
0.008213
0.040287
0.013265
-0.034547
-0.040211
0.073053
-0.005509
0.026171
0.082534
-0.007503
-0.009961
0.036981
0.002890
0.047243
0.041003
0.014086
0.018813
0.005978
-0.052789
-0.033159
0.030625
0.007326
0.099538
0.000000
0.027497
0.000000
0.025251
0.000000
0.042632
0.000000
0.076431
0.068072
0.110953
0.071258
0.022157
-0.064937
-0.031070
0.019063
0.067705
0.015943
0.049541
-0.008183
0.057766
0.069276
0.046619
0.060318
0.032702
0.008774
0.037844
0.085427
0.033736
-0.001562
0.006816
0.008224
0.040152
0.057711
0.051554
0.100552
-0.072561
0.076803
0.017539
0.055788
0.014687
0.006917
0.010621
0.050749
0.010681
0.006515
0.047527
-0.006246
0.000000
0.000000
0.000000
0.000000
-0.045058
0.040734
0.016534
0.000000
0.000000
0.000000
0.000000
0.000000
0.000000
0.023836
0.051944
0.071140
0.186271
0.041039
-0.055395
0.071502
0.000000
-0.030059
-0.009867
0.048499
0.054089
0.000000
0.108447
0.054651
0.041863
-0.020542
0.129133
-0.078763
0.010592
-0.123562
0.459248
-0.022360
-0.010591
-0.061952
-0.113713
-0.016626
-0.041981
-0.105760
0.029857
-0.072122
0.000000
0.000000
0.000000
-0.095961
-0.041234
0.071873
-0.221092
0.251465
0.459116
0.000000
0.000000
0.000000
0.000000
0.000000
0.000000
0.000000
0.000000
0.043231
-0.099315
-0.002196
0.033639
0.028725
0.011646
0.083594
0.064024
0.022870
-0.030336
-0.001800
-0.005200
0.036534
0.053382
0.051657
0.033964
0.046787
0.087372
0.014689
0.036574
0.025489
0.079120
0.061576
0.033935
-0.010022
0.039026
0.039202
0.051614
0.026632
0.053035
0.091533
0.142453
0.013217
-0.004643
-0.026919
-0.090136
0.039084
0.056333
0.006084
0.035432
0.090646
0.019565
0.053839
0.058432
0.041836
0.059451
0.077551
0.075338
0.137214
0.020810
0.141664
0.049889
0.039727
-0.003215
0.063628
0.080174
0.092118
0.017430
0.030451
-0.024064
-0.000499
0.032578
0.019539
0.052942
0.090503
0.043375
0.073846
-0.003292
0.042513
0.058183
0.028266
0.033725
0.091931
-0.030451
0.040302
0.025334
0.002533
0.126131
0.108215
0.019418
0.004121
0.005266
0.076539
0.000000
0.041585
0.015880
0.121439
0.091716
-0.037434
0.111586
0.012200
0.164388
0.136408
0.033536
0.000520
0.035612
0.048708
0.021106
0.076773
0.061414
0.010086
0.144538
0.033768
0.051848
-0.075807
-0.003912
0.062904
0.045251
0.005633
0.086849
0.063651
0.079146
0.004760
0.060869
0.024340
0.017258
0.138768
0.048702
-0.023088
0.022215
-0.007021
0.045278
-0.003614
0.039640
0.000000
-0.132178
0.031066
0.088092
0.005310
0.153260
-0.029445
0.073676
0.084630
0.054856
0.031454
0.012880
0.028008
0.003717
0.067170
0.038575
-0.027494
0.010964
0.041913
0.057023
0.051238
0.037813
-0.027604
-0.045471
-0.006085
0.113212
0.096883
0.070551
0.046670
0.039928
0.033297
-0.013634
-0.013222
0.030823
0.120030
0.120240
0.053401
0.002456
0.011536
0.034799
0.103305
-0.042809
0.062063
0.049592
0.093840
0.035548
0.028105
-0.001936
0.107388
-0.019209
0.077922
0.022894
0.075390
0.041260
0.049406
0.000000
-0.036703
0.009544
0.018201
0.056677
0.038149
0.122468
0.010501
0.072817
0.030997
0.108158
0.072044
-0.006676
0.037902
0.046154
0.037448
-0.000197
0.065355
0.005446
0.005334
0.155954
-0.058208
-0.053941
-0.026804
0.143807
0.015535
0.091859
0.266490
-0.026953
0.007308
0.042459
0.011822
0.096408
0.029142
0.050076
0.110236
0.063747
0.019749
0.065227
-0.004709
-0.015314
0.052693
0.017299
-0.019183
0.005606
0.062240
0.007445
0.081220
0.046039
0.001871
0.021241
-0.056685
0.002878
0.011836
0.119536
0.042514
0.028646
0.046042
-0.005131
0.028122
0.048675
0.063582
0.065396
0.023544
0.067615
0.172224
0.043273
0.023608
0.109127
0.037558
-0.068670
0.005239
-0.007908
0.030716
0.049613
-0.016888
0.132858
0.032327
-0.063720
0.039203
0.049629
0.003916
-0.036083
0.100024
0.024666
0.003889
0.130887
0.040201
-0.029581
-0.070062
0.054177
0.090415
-0.005840
-0.068283
0.006881
0.028187
0.015458
0.060314
-0.085480
0.061269
-0.012815
0.021785
0.104864
-0.009757
0.047477
-0.021159
0.028656
0.016058
0.072801
-0.006938
0.008883
-0.002094
0.063997
0.027858
-0.031004
0.058493
0.054884
-0.005317
-0.003038
0.066074
0.023151
0.016310
-0.015237
0.027896
0.002071
0.088560
-0.009230
0.095758
0.045105
0.075681
-0.014979
-0.060395
0.016993
0.004909
0.039645
0.068886
0.022283
0.051108
0.032758
0.078292
0.071920
-0.159114
0.088990
0.100596
0.016939
0.164790
0.030160
-0.019348
0.020224
0.137878
0.055908
0.062207
-0.005154
0.082626
0.001128
0.028729
0.021793
-0.034273
-0.001342
0.038062
-0.027418
0.201968
0.116063
0.103761
0.107026
-0.021318
-0.065366
-0.010741
-0.037404
0.009648
0.076175
0.086485
-0.010258
0.042728
0.104485
0.003389
0.090474
-0.054243
-0.040823
-0.010946
0.057203
0.043803
0.102251
0.005946
0.018408
0.046933
0.033450
0.053298
0.037758
0.057704
-0.017142
0.007281
0.018023
0.094590
0.056723
0.021520
0.021238
0.117522
0.044082
-0.019698
-0.144381
0.025800
0.032552
0.047295
0.037313
0.028595
0.039202
0.121874
0.054936
0.039872
0.011997
-0.055510
-0.006016
0.089652
0.059708
-0.049924
0.066111
0.069501
0.104117
0.040281
0.068247
0.014404
0.025101
0.038354
0.093974
0.042251
0.007906
-0.019789
-0.008415
-0.008328
-0.000364
-0.020985
0.055785
0.163756
-0.016006
0.016783
0.006482
0.067368
0.064920
0.089143
0.021929
0.098359
0.155537
0.125744
-0.008570
-0.012332
0.032325
0.039032
0.160267
0.066658
-0.036738
-0.038225
0.060699
-0.057513
0.038069
0.002676
-0.016896
-0.055243
0.035710
0.102851
0.049767
0.121656
0.032482
-0.020753
0.194314
-0.011995
0.027332
-0.068565
-0.072568
0.012876
-0.007277
-0.007761
0.038896
0.055356
0.031533
0.034951
0.044588
0.073744
0.059300
0.007154
0.006716
-0.015598
-0.086465
0.034896
0.116394
0.035862
0.056945
0.002922
-0.004551
0.074321
0.013226
0.008012
0.051303
0.059946
0.078676
0.017828
0.050516
0.113601
0.002799
0.069020
0.079523
0.061516
0.056413
0.135185
-0.042187
0.064646
-0.011886
0.015733
0.004753
0.129044
0.056321
0.049982
0.003424
0.000000
0.012887
0.014745
-0.012440
-0.071270
0.083089
0.089304
-0.093547
0.028616
0.088137
0.080326
0.007845
0.073525
0.024494
0.014240
0.065195
0.030357
0.001716
0.012240
0.326907
0.081191
0.013229
0.048728
0.155606
0.167402
0.001786
0.085045
-0.044187
-0.011786
-0.012056
0.044241
0.071755
0.064695
0.054247
0.063239
-0.086476
-0.026504
0.005858
0.023466
0.062203
-0.028690
-0.016899
-0.102634
0.012214
0.062624
0.049197
0.063408
0.006301
0.003634
0.084920
0.031570
-0.008813
0.013460
0.125172
0.007265
0.043697
0.052260
-0.099276
-0.011900
0.066563
0.041083
-0.003892
0.053179
0.010231
0.091633
0.061302
0.030086
0.045037
-0.046237
0.075736
0.011597
0.048015
0.043171
-0.001905
0.006854
0.020485
0.001141
0.033233
0.021295
-0.000818
0.070074
-0.019713
0.023837
0.022033
0.027760
0.000303
-0.003582
-0.019879
0.049945
-0.116801
0.002016
0.034176
0.059986
0.000000
-0.011265
-0.075145
0.098512
0.042258
0.019276
0.100417
0.051764
0.006341
0.004011
0.029380
0.139387
-0.013470
0.034466
0.020572
0.008045
-0.012499
0.029416
0.091544
0.088911
0.066475
0.029420
0.094358
-0.010412
0.043521
0.016978
0.014305
0.072863
-0.027016
-0.026270
0.065985
0.029221
0.007437
0.062176
0.045338
0.058252
0.032581
-0.030316
0.026536
-0.039380
0.057702
0.026527
0.177504
0.015075
0.053095
0.007307
-0.007985
0.046340
0.024104
0.070175
-0.046275
0.058709
0.039070
0.073879
0.045427
0.016366
-0.027860
0.108975
-0.017836
0.236306
0.046581
0.061660
0.057058
0.040787
0.012473
0.073211
0.040833
0.074375
0.015767
0.144804
0.015378
0.247769
0.009546
0.021739
0.093104
0.068809
0.049908
0.032088
0.014413
0.063720
-0.001213
-0.018012
0.073736
0.060960
0.082039
0.002804
0.058607
0.147680
-0.039229
0.018044
-0.081088
0.104049
-0.042849
0.089341
0.005233
-0.022400
0.072573
0.087969
0.059829
0.041370
0.039844
-0.004624
-0.007027
0.063813
0.022018
0.077809
0.011453
0.022351
0.048989
0.073738
0.032523
0.047462
0.117419
0.006239
0.048952
0.100435
-0.026535
0.061950
0.082187
0.074855
0.090963
-0.001989
0.131055
0.019865
0.094668
0.070685
0.082905
0.133257
0.032436
0.065692
0.208300
0.062987
0.021672
0.021040
0.068446
0.047132
0.137117
0.005860
0.057005
0.105435
0.010719
0.116831
0.030856
0.066867
0.002465
-0.019864
0.014569
-0.013785
-0.085585
0.079748
0.058675
0.033130
-0.031550
0.037511
-0.079829
-0.002724
0.132790
0.040087
-0.078104
0.014594
0.016277
0.047216
0.131899
-0.049115
0.027338
0.051617
0.011016
0.090949
0.122510
0.029153
0.053737
0.025038
0.125766
0.062798
0.099874
0.000733
0.043460
0.042268
0.003700
0.096582
-0.029489
0.074782
0.078880
0.009509
0.040704
0.013598
0.034331
0.092167
0.031960
0.051259
0.010726
-0.040724
0.028404
0.003018
0.011102
0.003180
0.043001
0.090201
0.014397
-0.006218
0.010523
-0.020609
-0.046363
0.074319
0.038629
0.064194
0.033340
0.154276
0.105085
0.035761
0.029502
-0.028018
0.026013
0.007498
0.065776
-0.038118
0.046924
0.060312
0.061163
0.091105
-0.034419
0.050106
-0.000739
-0.057092
-0.023618
0.076626
0.125975
-0.028246
0.067943
-0.014621
0.007817
0.068733
0.032118
0.048436
0.106058
-0.007632
-0.110723
-0.126039
0.007327
0.056440
0.050688
0.016329
0.021482
0.089075
0.024583
0.043198
0.063929
0.026963
0.056457
-0.015671
-0.057728
0.008258
0.089850
0.091816
0.083314
0.162715
0.001287
-0.086218
0.074430
0.012396
0.079575
-0.009064
0.025793
-0.023317
-0.020080
-0.073733
0.063523
0.186765
-0.038940
-0.004194
0.038453
0.066674
0.057280
0.057971
0.039199
-0.030612
0.077419
0.043940
0.031490
0.013082
0.048383
0.086124
-0.035409
0.107193
0.068016
-0.004580
-0.026725
-0.014488
0.071326
0.079290
-0.052137
0.089936
0.057513
0.004167
0.090191
0.001990
0.065017
0.124812
0.063856
0.136033
-0.063151
-0.012426
0.045433
0.005266
-0.117571
0.038322
0.073287
0.052177
0.043616
0.143041
0.015187
0.140405
0.028430
-0.026435
-0.017674
0.096758
0.112947
-0.070401
0.008692
-0.047084
0.052122
0.110463
0.036551
-0.041309
-0.031701
0.088351
0.004424
0.153467
0.041417
-0.056442
0.015536
0.043420
0.000000
0.024022
-0.007765
0.005242
0.015614
0.009977
0.025799
0.078087
0.147724
0.060363
-0.058637
0.003633
0.003717
0.065943
-0.068107
0.005312
0.124816
-0.019977
0.039858
0.000520
0.089818
0.115139
0.131646
0.095819
0.028857
0.030013
0.122112
-0.013388
0.067353
0.099805
-0.039358
0.026883
0.002456
-0.024278
0.000000
0.035493
0.062165
0.010788
0.018008
0.029738
0.129718
0.014202
0.142039
0.014491
0.037868
0.000000
0.016490
0.014577
0.138617
0.046282
0.043088
0.091132
0.057725
-0.029500
0.014125
0.000000
-0.015112
-0.052152
0.057708
-0.058206
0.026959
0.024452
0.068349
0.130343
-0.039419
0.083631
0.042926
-0.062855
0.021732
0.268490
-0.045432
-0.001406
0.044338
-0.049853
0.028911
-0.030754
0.035261
0.074562
0.110093
0.054157
0.021236
0.002849
-0.012492
0.116614
0.048675
0.082682
0.006431
-0.033383
0.053168
0.133743
-0.050610
0.019239
0.085878
0.105332
0.111318
0.059568
0.049873
0.021880
0.083670
-0.025379
0.006738
0.119441
0.082046
0.000767
0.067212
0.091628
0.012219
0.073877
0.035343
0.175073
0.026432
-0.004486
0.044530
0.049059
0.079435
-0.007337
0.059272
0.123362
0.092774
0.067848
0.134154
0.112852
0.057180
0.048861
0.037767
-0.008131
0.047381
0.233033
-0.084711
0.007923
0.018351
0.015655
0.033435
0.023519
-0.002188
0.089487
0.092455
0.047891
0.093379
-0.009830
0.123760
-0.003589
0.049533
-0.003081
0.015507
0.060033
0.036802
0.072534
0.113534
0.071678
0.050640
0.001665
0.059326
0.028988
0.017236
0.150807
0.129049
-0.003655
0.006944
-0.016977
0.015423
0.013482
0.065097
0.016971
0.036310
-0.041135
0.143202
0.058933
0.099662
0.080640
0.018235
0.025872
0.073380
0.063159
0.078030
0.038497
0.037632
0.027045
0.057317
-0.033110
0.034410
0.060112
-0.035943
0.086885
0.048664
0.021124
0.120137
-0.025814
0.046646
-0.007790
0.043513
-0.073269
0.014931
-0.024303
0.045625
0.070649
0.078457
0.053184
0.000334
0.012738
0.084966
-0.000027
0.027350
0.031896
0.077545
0.075497
0.072635
-0.019027
0.048152
-0.038554
0.063028
0.129394
0.064849
0.087183
-0.023383
-0.039716
0.046887
0.286509
0.202412
-0.005502
-0.008994
0.041557
0.170971
0.056256
0.165631
0.128943
-0.016575
0.022632
0.068441
-0.002887
0.041261
0.000202
-0.007420
0.053135
0.082760
0.008357
0.050431
0.028159
0.093343
0.077488
0.096211
0.092331
0.094902
0.000838
0.057838
-0.053673
0.019601
0.008252
0.005675
0.043298
0.068861
0.007551
-0.010167
0.047830
0.094931
0.060671
0.023991
0.117630
0.085483
0.027074
0.120040
0.043395
0.054532
0.045001
0.066946
0.039996
0.066200
0.117314
-0.026351
-0.032026
0.078938
0.051066
-0.006437
0.015563
0.027652
0.096562
0.039640
0.069776
-0.034262
0.057409
0.031823
0.030461
0.018874
0.136210
0.018181
-0.006447
-0.009055
0.023929
-0.019342
0.064776
0.043914
0.033534
0.133140
0.045605
0.044829
0.087574
0.029118
-0.000368
0.032491
0.017700
0.014772
0.013304
-0.009822
-0.008382
0.032390
0.036357
0.045048
0.008501
0.013289
0.006868
-0.010275
-0.016168
0.021102
-0.012764
-0.008533
0.059766
0.017654
0.063622
-0.026038
-0.038162
0.069951
0.031126
0.031672
0.034461
0.144441
0.002268
-0.004669
0.074607
0.060844
0.069597
0.079383
-0.008521
0.085698
0.033538
0.043945
-0.017151
0.014616
0.049578
0.091402
0.037028
0.026895
0.029280
0.071543
0.039586
0.006987
0.056618
-0.008911
0.032291
0.006730
0.039915
0.034625
0.103070
0.047502
0.097108
-0.015034
0.000528
-0.019936
0.000132
0.043158
0.029727
-0.030825
0.055720
-0.068347
-0.012059
0.010286
-0.044666
0.020859
-0.014204
0.022139
-0.104054
0.010781
0.036978
0.073080
0.029132
0.067212
0.068639
0.004852
-0.034654
0.126815
0.107649
0.051401
0.093063
0.077860
0.001664
0.007405
0.053894
0.027696
0.069925
0.040644
0.023484
0.047004
0.031657
0.067491
0.009560
0.034719
0.035808
-0.030973
0.004408
0.057034
0.109548
0.023898
-0.042431
-0.012044
0.111969
0.067336
0.132366
0.130824
-0.036899
0.046781
0.000258
0.067187
0.029718
0.024185
0.006839
-0.033196
0.083471
0.046790
0.066169
-0.003296
-0.005933
0.041260
0.029150
0.048071
0.052282
0.059615
0.010105
0.054138
0.084205
0.031681
0.041023
0.013198
0.057955
-0.077959
0.069158
0.061683
0.014974
-0.053932
0.017772
-0.051979
0.057405
-0.020171
0.077817
0.011016
-0.023994
-0.035128
0.020288
0.142156
0.093778
0.058935
0.036662
0.084579
0.049679
0.119159
0.029503
0.039849
0.029599
0.030361
-0.010081
0.010309
-0.027329
0.104073
0.019633
0.075809
-0.052180
0.019633
0.049752
0.089948
0.058646
0.036710
0.039502
-0.017241
0.060553
0.047847
0.052587
0.000592
0.054295
-0.034339
0.020249
0.052706
0.049237
0.059434
0.011492
0.041630
0.021709
0.015586
-0.165801
0.181885
0.034405
0.064283
0.088869
-0.036692
0.012962
-0.005639
-0.028031
-0.005393
0.007486
0.003715
0.028746
0.037178
0.029792
0.006005
-0.025372
0.000557
0.106359
0.079830
0.239793
0.056102
-0.011258
0.060416
-0.003359
0.009288
0.000000
0.003252
-0.000281
0.090049
-0.012542
0.068595
0.011554
0.018675
0.028171
0.026970
0.003761
0.012220
-0.012952
0.049093
0.103141
-0.010989
0.020608
0.014996
0.046853
-0.019166
-0.012624
0.037000
0.421603
-0.028222
0.024972
0.017399
0.065778
0.104512
0.049270
-0.029438
0.082532
-0.008402
0.054007
0.019819
0.058019
0.050955
0.015653
0.130745
-0.012348
0.021533
0.034255
0.009603
0.038131
0.051985
0.072576
-0.008580
0.053133
0.017901
0.074717
0.037062
0.009231
0.049846
0.041551
0.046709
0.098838
-0.004225
0.029066
0.053700
0.044271
0.055972
-0.038936
0.037071
0.057762
-0.020156
0.031669
-0.020291
0.023031
0.058827
0.075069
-0.054261
-0.009797
0.001653
0.013519
0.124900
0.008821
-0.011641
0.006054
0.043379
0.043482
0.122729
-0.002918
0.044574
-0.067971
0.008652
0.057530
0.077730
0.063589
0.017954
0.040976
0.017023
0.018554
-0.014830
0.089637
0.058138
-0.013690
0.009912
0.035634
0.043192
0.018103
0.107864
0.024980
0.000000
0.018350
0.064886
0.009806
0.016719
-0.025446
0.028112
0.000000
0.012106
0.050298
0.140771
0.023469
0.041604
0.007905
0.062086
0.042889
-0.009715
0.049109
0.029856
0.015784
-0.004391
0.038013
-0.013884
0.003332
0.000878
0.019133
0.072398
0.058321
0.013985
0.006987
-0.035123
0.054349
0.030697
0.013021
0.004489
0.046349
0.038117
0.040791
-0.025302
0.053217
0.087660
0.009254
0.058579
0.063962
-0.026652
0.012641
0.013579
0.032686
0.071503
0.107616
0.055036
0.135296
0.011487
0.040094
-0.085866
0.024677
0.108244
0.038454
0.047297
-0.003211
0.064740
-0.000657
0.097721
0.127973
0.036905
0.084703
-0.067285
0.039560
0.086833
0.012852
-0.017752
0.013368
-0.008318
-0.022809
0.073534
0.087231
0.020364
0.017280
0.012806
0.019170
-0.044181
0.080538
0.030687
0.022752
0.058939
0.090288
0.044150
0.015683
0.027903
0.005707
-0.024481
-0.045583
-0.068340
0.053148
0.028868
0.043324
0.030275
-0.036787
0.050268
-0.021273
0.005831
-0.074483
0.002689
0.012049
0.031779
-0.109667
0.055382
0.062433
0.119467
0.033900
0.146128
0.050369
0.042948
-0.021894
-0.046675
0.069048
0.058529
0.008498
0.022868
0.023266
0.050209
0.052323
0.007446
0.049615
0.000000
0.000000
0.000000
0.000000
0.052137
-0.021952
0.155240
-0.041976
0.061407
0.044131
0.025299
0.088389
0.085113
0.034393
-0.065839
-0.024906
0.089382
0.097204
-0.064965
0.124750
0.049322
-0.054514
-0.008694
0.038963
-0.064798
-0.055135
0.038230
0.017829
-0.027216
-0.026206
0.095074
0.087078
0.014953
0.018260
0.032261
0.084285
0.071216
0.049669
0.043683
-0.114803
0.248474
0.120431
0.035490
0.059174
0.031768
0.009069
-0.020543
0.082821
0.018058
-0.001329
-0.044917
0.116658
0.030627
0.049268
0.046602
0.087367
0.028532
-0.047929
0.026425
0.025449
0.046349
0.061999
0.117904
-0.027243
0.030586
-0.020527
-0.000912
0.071317
0.066795
-0.060832
0.162851
0.093365
0.047433
0.115116
0.099179
0.073883
0.007320
0.086517
0.088017
0.068957
0.118189
0.038698
-0.035259
0.021723
0.030899
0.103587
0.018577
0.075529
0.078287
0.065003
0.070589
0.050999
0.031914
0.070777
-0.013067
0.011757
0.088553
0.105197
0.067395
0.140229
0.037913
0.027446
-0.093218
0.096279
0.028120
0.099128
0.047164
-0.027908
0.026830
0.199254
0.148885
0.076460
0.115338
0.033847
0.072503
-0.006835
-0.019159
0.069732
0.070079
0.000000
0.036784
0.040759
0.042825
0.000000
0.027776
-0.013888
0.040617
0.049729
-0.022404
0.182993
0.073585
0.013886
0.104257
0.046784
0.162915
-0.078855
0.047671
0.041561
-0.058861
0.012891
0.034915
0.073311
0.017761
0.014092
0.050029
0.055302
0.036418
0.039410
-0.039581
0.015926
0.168496
-0.029988
0.036552
0.078644
0.012474
0.030688
0.063313
0.060129
0.015507
0.040299
0.204450
-0.008171
-0.058042
0.088247
0.022622
0.031492
0.168523
0.053544
-0.169063
0.019549
0.065896
0.106311
0.145570
0.020687
0.041054
0.064766
0.042642
0.026686
0.028072
0.078849
0.015104
-0.027514
0.008565
0.019776
-0.002178
0.016858
0.063036
-0.058860
0.142682
0.030164
-0.011902
0.083770
0.003332
0.014502
-0.052921
-0.026472
-0.041131
-0.056899
0.064821
-0.067983
0.056173
0.020175
-0.060577
-0.003923
-0.011761
0.131504
0.043043
0.083905
-0.000848
0.026971
-0.072012
0.017003
-0.081482
0.079121
0.018450
0.035479
0.043953
0.054902
0.009073
0.037230
0.004353
0.011356
-0.085224
-0.006066
0.001412
0.002894
0.007316
0.105975
0.036779
0.057344
0.105379
0.015072
0.065392
0.052650
0.030225
0.058102
0.111995
0.010542
0.048580
-0.021279
-0.035115
-0.014186
0.059990
0.081917
0.149363
0.103521
0.050007
0.125983
-0.083674
0.001028
0.048635
-0.046945
0.018872
-0.001995
0.074222
0.050669
0.115313
0.008540
0.038532
0.098074
0.061991
0.045303
-0.004372
0.033228
0.124187
0.095001
0.054703
0.071928
0.126930
0.043835
-0.046927
0.071766
-0.058033
0.037979
-0.037144
0.005968
0.073584
0.134505
0.014235
0.000000
0.006102
0.016479
0.009293
-0.010117
-0.065519
-0.064031
-0.052565
0.011272
0.109569
0.096330
0.072569
0.014774
0.079458
0.004706
0.064409
0.049274
0.145078
0.013353
0.000000
0.109839
0.071665
-0.058633
0.056100
0.027681
0.118823
0.004185
-0.059507
-0.010547
0.049378
0.070324
0.021504
0.001797
-0.041174
-0.028308
0.184707
0.016225
0.026085
-0.024837
0.051353
0.062592
0.060870
0.093261
0.064089
0.003701
-0.011634
0.150062
0.004458
0.008909
0.025185
0.088653
0.109544
0.056670
-0.009450
0.000000
0.069870
0.000125
0.022984
0.052858
0.017916
0.095826
0.032648
0.115635
0.040909
-0.082351
-0.043814
-0.036304
0.022212
0.029314
0.052399
-0.007341
0.003075
0.090327
0.046122
0.066728
0.072182
-0.020736
-0.083419
0.040647
0.022949
-0.100375
-0.007200
0.035255
0.061613
0.110133
0.019148
0.035743
-0.009568
0.030104
0.080571
0.032567
0.047215
-0.008532
-0.058403
-0.029115
0.027236
0.014895
0.003462
0.042365
0.040350
-0.001932
-0.010153
0.098080
0.153672
0.100527
-0.022642
0.021779
-0.004014
-0.015053
0.058610
0.030661
0.021221
0.039009
0.062566
0.013641
0.064427
0.086913
0.102657
-0.060173
0.033432
0.033977
0.122007
0.073395
0.033037
0.018303
0.023415
0.060764
0.045523
-0.038165
0.063943
0.015557
-0.019062
0.016391
0.010932
0.012310
0.048376
-0.020746
0.040717
0.025785
0.028512
0.084490
0.086742
-0.057514
-0.062638
0.097774
0.060716
0.075079
-0.002991
0.059889
0.045020
0.055719
-0.067930
0.060300
0.118973
-0.036265
-0.031144
0.005503
0.065341
-0.053785
0.074455
0.002055
0.016113
0.035506
0.000568
0.274950
0.053734
0.064435
0.008457
0.098208
-0.062723
0.136099
0.093066
0.057848
0.063214
0.125845
0.048581
-0.045240
0.031070
-0.032550
0.024457
0.026621
0.060567
0.075506
0.076553
0.126692
0.054241
-0.016796
0.013564
0.063859
0.020294
0.152721
-0.012567
0.050366
0.022603
0.008455
0.010747
-0.086093
0.058277
0.047898
-0.060291
0.019961
0.101176
0.007883
0.032748
0.016007
0.000000
0.040804
-0.048272
0.009033
-0.009283
0.002807
-0.015860
-0.011970
0.040561
-0.005362
-0.092088
0.076075
-0.004603
0.050851
0.084514
-0.043521
0.071821
-0.027424
0.008096
-0.037701
0.104251
-0.018525
0.057762
0.011326
0.086049
0.061402
-0.019544
0.041515
0.012941
0.116500
0.038667
0.006648
0.051544
0.032054
0.018028
-0.056958
0.009888
0.012698
0.027592
-0.009854
0.031921
-0.055383
0.023634
0.001070
-0.043772
-0.015386
-0.056761
0.066863
0.080002
-0.074386
-0.030879
-0.052161
0.079768
0.010977
0.070445
0.016914
0.069395
0.093993
0.012255
0.002553
-0.072765
0.008610
0.125798
0.033231
-0.031367
0.018024
-0.037796
0.027670
0.001979
0.046450
0.007215
-0.002356
0.135616
0.097662
0.024276
-0.016981
0.018537
0.017633
-0.005908
0.022414
0.010856
0.005259
0.103206
0.037469
0.030196
0.011819
-0.032981
0.029672
0.034396
0.017407
-0.001194
0.028118
0.111986
0.001877
0.095995
0.029633
0.061444
-0.058591
0.032328
-0.006745
0.101194
0.040112
0.083061
-0.029425
0.000163
0.031648
0.060077
0.010675
0.063239
0.326288
0.451832
0.089561
0.026896
0.120202
0.009775
0.134936
0.023001
0.013976
0.044623
0.015068
0.059702
0.075855
0.053988
0.024647
0.094231
0.035474
-0.021879
-0.043514
0.029659
0.016313
0.008820
0.014551
-0.066109
0.070844
-0.022097
-0.029851
0.080058
0.007438
-0.080141
0.026212
-0.002563
0.059724
0.018239
0.008946
0.010009
0.085852
0.023182
0.060696
0.039532
0.095191
0.052161
0.023507
0.042773
0.052751
0.039193
-0.012691
0.009130
-0.064783
0.037834
0.005163
0.053644
0.096280
0.082924
0.025481
0.005623
0.167736
0.054165
0.026018
0.084939
0.008206
0.096527
0.099138
0.149936
-0.049801
-0.031894
-0.001502
0.078437
0.053046
-0.019008
0.043200
0.018784
0.021373
0.024175
0.120341
-0.005068
-0.030061
-0.031701
0.000000
0.013621
0.057602
0.066111
0.061774
0.061324
0.105468
-0.018760
-0.076606
0.022346
0.019291
0.047042
-0.003358
0.066608
0.052584
-0.001287
0.078735
0.030301
0.073573
-0.043664
-0.010222
0.056217
0.092589
0.050130
0.022253
0.006164
0.059579
0.011044
0.056363
0.062171
0.176467
0.092412
0.131371
0.074414
0.041941
-0.023310
0.043655
0.006992
0.033300
0.040355
0.008478
-0.080287
0.065001
0.036698
0.020179
0.038378
0.004439
0.080906
0.042875
0.030617
0.048006
0.075782
0.066584
0.121106
0.078905
0.036412
0.037428
0.028040
0.020036
0.066763
0.098098
0.187892
0.039990
0.076045
0.063987
0.054394
0.045721
0.017798
0.026542
0.019815
-0.001433
-0.004608
0.024179
-0.012550
-0.055502
-0.000748
0.011894
-0.037678
0.024590
0.076954
0.028859
-0.058167
0.038739
0.035382
0.023137
0.029570
-0.020784
0.073879
0.031740
0.051378
0.046782
0.150583
0.088243
0.067339
0.052026
-0.020159
0.068941
0.084924
-0.067970
-0.029493
0.005159
0.013264
0.073576
0.025939
0.058104
0.155393
0.019500
0.050250
0.061747
0.067402
0.085801
0.094121
0.002365
0.102634
-0.011337
-0.011601
0.000985
0.040267
0.073112
0.223248
0.017976
0.033647
0.018099
0.049094
0.020580
0.042034
0.064800
-0.021696
0.028471
0.030651
0.059653
0.054304
0.027768
0.157263
0.200037
0.237301
0.016499
0.105577
0.163948
0.036430
0.010582
0.096905
0.018951
0.009334
0.026557
0.069187
0.051428
0.010661
0.148012
0.022085
-0.017042
-0.033506
-0.016057
0.095481
0.096200
-0.012865
0.054588
0.032557
-0.016109
0.004795
0.012785
0.145538
0.069309
0.007001
0.041272
0.055690
0.071556
0.129798
0.079329
0.027098
-0.086035
0.036839
0.093061
0.073685
0.013303
0.019007
0.003637
0.072682
0.006259
0.044207
0.032905
0.032539
0.062842
-0.005673
-0.049162
0.009202
0.016717
0.073676
0.003366
-0.016472
0.040190
-0.001869
0.150398
0.055865
0.000000
0.103405
0.041880
0.025888
0.033911
0.106437
0.030948
0.024195
0.076132
-0.048725
0.064862
0.012077
-0.020185
-0.016123
-0.056941
0.010877
0.280340
0.023950
0.032512
0.023282
0.037478
0.149060
-0.056588
-0.021892
-0.025709
0.002694
0.029095
0.056968
0.157891
-0.036113
-0.019267
0.070152
0.050149
0.046121
0.028180
0.083000
0.025650
0.104574
0.082308
0.093625
-0.050339
0.062547
0.040304
0.078675
0.043939
0.009074
-0.047034
-0.009591
0.009037
-0.035462
0.072005
0.121239
0.029814
0.035210
0.051739
0.039361
0.035010
-0.015328
0.046508
0.060340
-0.008546
-0.042973
0.059639
-0.011051
0.023463
-0.019263
0.039698
0.049283
0.024449
0.049689
0.047122
0.022258
-0.028607
0.062970
0.099207
-0.084093
0.001519
0.039482
0.047916
0.015005
0.001788
0.090678
0.099050
0.039291
0.030746
-0.019048
0.021879
0.032300
-0.070876
-0.033689
0.005966
0.038109
0.123148
0.051089
0.006963
0.065602
0.051364
0.005700
0.118887
0.080018
0.112551
0.013662
0.090586
0.084474
0.012309
-0.010483
0.041799
0.033255
0.063214
-0.055821
0.071084
0.007994
0.048978
0.072192
0.074638
0.110920
-0.014531
0.077850
-0.101878
0.065105
0.060875
0.120589
0.004102
0.011372
0.016134
0.181877
0.038314
0.070709
0.051900
-0.030299
0.020831
0.061216
0.078021
0.112609
0.118381
0.068393
0.123909
-0.048527
0.011366
0.042851
0.072784
-0.011737
-0.015359
-0.029259
0.077515
-0.023584
-0.016894
0.054150
0.005914
0.045612
0.082374
0.094612
0.074112
0.007296
-0.107361
0.084626
0.007568
0.039925
0.054263
0.053411
0.063636
0.020191
0.084839
-0.051891
0.036149
0.079464
0.074515
0.009270
0.000028
0.065698
0.054189
0.029011
0.075544
0.108391
0.066971
0.040945
0.063524
-0.035309
-0.057804
-0.060857
0.013601
-0.035342
0.094702
0.046579
0.011365
0.162988
0.048293
0.021303
0.160646
0.051234
0.032772
0.102628
-0.077716
0.053605
0.092855
0.148858
0.062305
0.049800
0.037416
0.053628
0.098212
0.009090
-0.040851
-0.015093
-0.055290
0.046193
0.113672
0.035445
0.069370
0.092888
0.067929
0.287240
0.128213
0.001603
0.121112
0.007666
-0.006032
-0.041913
0.047461
0.144863
0.012131
-0.026395
-0.012137
-0.023396
0.052509
-0.037608
0.031508
-0.009145
0.069631
0.042096
0.060690
0.055278
0.081443
-0.009975
0.101768
0.086895
0.136489
0.028573
0.017854
0.104017
0.027996
0.072533
0.072465
0.008106
-0.050413
-0.023181
-0.013795
-0.103491
0.069255
0.047369
0.114811
0.036066
0.142059
0.000010
0.112410
0.030162
0.023748
0.027137
0.047459
-0.047163
0.005024
-0.024892
0.115790
0.034421
0.031103
0.014150
0.023452
-0.063608
-0.007350
0.033895
-0.019061
0.017293
0.060901
0.019981
0.018331
0.035838
0.080618
0.027071
-0.142679
0.026914
0.010405
0.007096
0.007991
-0.091928
0.082865
0.043484
-0.014555
0.059879
0.108354
-0.083203
0.053913
0.030722
0.007481
-0.002986
-0.042753
0.017283
0.052054
0.055368
0.090794
0.051022
0.005432
-0.088177
0.116468
0.010578
0.015083
0.016380
0.045276
0.047735
0.034348
0.063903
0.139714
-0.042883
0.067615
0.059409
-0.056996
-0.037779
0.072002
0.035098
0.154010
-0.048749
0.084786
-0.004748
0.082179
0.031150
0.073990
0.039926
0.001663
0.038166
0.126129
0.163991
0.068905
0.019992
0.048668
0.023631
-0.002333
0.002918
-0.009019
0.081962
0.028082
0.081693
0.070169
0.144598
0.038977
0.076140
0.092571
0.036513
0.059240
0.022431
0.125663
0.057011
-0.043800
-0.019502
0.037728
0.106751
0.023471
-0.200390
-0.010023
-0.255478
0.040994
0.029273
-0.011243
0.034675
0.035885
0.066554
0.064789
0.021864
0.090010
0.006779
0.032598
0.041480
0.146293
0.018571
0.015271
0.014628
0.122575
0.007026
-0.034848
0.013761
0.178234
-0.002141
-0.053777
-0.052310
-0.006262
0.036377
-0.024331
-0.032172
0.193444
-0.024060
0.039569
0.097431
0.014325
0.038310
0.047452
0.036999
0.059708
0.042156
0.063432
0.051660
0.026542
0.184181
0.036851
0.131416
0.051440
-0.043387
0.105373
0.085158
-0.081607
0.014315
0.053798
0.072872
0.043442
0.004765
-0.055067
0.047128
-0.010576
-0.019416
0.010522
0.020508
0.031462
-0.010281
0.030464
0.024729
0.143390
0.120051
0.024334
-0.059841
0.099943
0.024096
0.029902
-0.017042
-0.048892
-0.028635
0.011145
0.024900
0.078373
0.047387
-0.037101
-0.028882
0.118044
0.016946
-0.009625
0.060616
0.000096
0.048922
0.065732
0.046312
0.012333
-0.002053
-0.056304
0.086699
-0.065398
0.013388
0.016216
0.072429
-0.036669
0.081400
-0.004951
0.094912
0.055127
0.030847
0.076961
0.159582
-0.036127
0.008770
0.047374
-0.000803
-0.024720
0.135003
0.063030
0.050195
0.021927
0.014752
0.031027
-0.049817
0.060650
0.023891
0.042433
0.027291
0.001531
0.002398
0.050262
0.027514
-0.002311
0.131168
0.033106
-0.020991
0.036666
0.036719
0.061411
0.064951
0.097694
0.060575
0.051536
0.050961
0.094505
0.013630
0.063545
-0.004922
0.007439
0.012888
0.059213
-0.065182
-0.028205
0.088917
-0.062963
-0.010070
-0.045998
0.013505
0.030977
0.000000
0.040243
-0.024989
-0.065637
0.024506
0.009009
0.032435
0.076541
0.060744
0.030067
0.019159
0.048635
0.016785
-0.004856
0.029373
0.007069
0.007109
-0.041545
0.059528
-0.026814
0.012785
0.020888
-0.013740
0.085290
0.043931
0.078036
0.054876
-0.022493
0.009422
-0.057173
0.097567
0.066232
0.061532
0.105027
0.007419
0.017816
0.001610
-0.038670
0.042282
0.020803
0.016554
0.047418
0.038058
0.089587
0.047007
0.035042
0.046290
0.033318
-0.023245
0.026471
0.046794
0.037363
0.063302
0.066591
0.042713
0.104044
-0.001752
0.061254
-0.028285
0.072314
0.023031
0.025126
0.081625
-0.087617
0.040657
-0.015743
0.148957
0.129150
0.005367
-0.011479
0.039524
0.088962
0.071364
0.025962
0.040721
0.018655
0.019848
0.062733
-0.037237
-0.039249
0.058870
0.062795
0.047022
0.089667
0.065498
0.013637
0.063353
-0.068592
0.030849
0.115955
0.020929
0.039636
0.069213
-0.013093
0.049706
-0.058309
-0.000940
0.030738
0.023436
-0.007061
0.028523
0.113244
-0.002735
0.082163
-0.011035
0.030510
0.063778
0.029735
0.026690
0.095413
0.037878
-0.002074
0.112581
0.040441
0.059344
0.017185
0.019917
-0.002771
0.008113
0.082405
-0.047359
0.026343
0.160723
0.180024
0.069033
-0.005214
-0.023945
0.087690
0.047008
0.063970
0.009795
0.043073
0.040801
-0.166511
-0.179687
-0.013441
0.042040
0.058023
0.040633
0.055250
0.088592
0.063305
0.064158
0.008288
0.072836
0.072982
0.067926
0.221160
0.267807
0.024360
0.267205
0.077357
0.039425
-0.002607
-0.001054
0.016693
0.083273
0.106240
0.021002
0.058089
0.035931
-0.010969
0.003353
0.024154
0.100172
0.061672
0.080868
0.017706
0.028013
0.041775
0.028066
-0.038991
0.041345
0.062058
0.080992
0.004038
-0.059648
0.000202
0.100403
0.063687
0.042566
0.040263
0.090538
0.101143
-0.015522
0.021175
-0.010738
0.050698
0.082476
0.048677
0.046561
0.061141
0.062648
0.001403
0.044382
0.112649
0.069407
0.023659
-0.011877
0.008334
0.008647
0.012169
0.056944
0.024540
0.022705
-0.000713
0.102161
0.047547
0.000165
0.125964
0.036097
-0.039520
0.028177
0.105352
0.049536
0.027691
0.072009
0.146050
0.089981
0.072801
0.038743
0.045859
-0.032647
0.014739
-0.002523
0.003134
0.028185
0.038939
-0.006749
0.107404
0.049467
0.040905
0.049098
-0.035546
0.132999
0.135346
-0.094080
-0.053947
0.033966
0.017214
0.062182
0.083765
-0.004103
0.091027
0.003224
0.003473
0.047408
-0.031579
0.067613
0.044138
0.008699
0.078186
0.182119
-0.016212
0.073753
-0.019799
0.149855
0.007074
0.062119
0.096315
-0.046847
0.000482
-0.006135
0.038302
-0.034288
-0.146064
-0.031725
-0.063344
-0.042339
-0.021052
-0.055783
0.026591
0.076499
0.099006
0.060560
0.008191
0.089946
0.012668
0.033510
0.021757
0.008751
0.052567
0.064296
0.066551
0.010201
-0.001841
0.011569
0.110284
0.021088
0.038565
-0.007612
0.093154
0.012442
0.054578
-0.046739
0.044538
-0.042025
-0.039874
0.042691
0.006316
-0.019827
0.064004
0.061410
0.021741
0.043131
0.049815
0.035552
0.050528
0.022142
0.076989
-0.013177
0.074648
0.082509
0.047883
0.037650
-0.014897
-0.000316
-0.066514
0.016497
-0.032441
-0.035020
-0.041359
-0.013912
0.022395
0.125648
0.016038
0.122669
0.075636
0.021160
-0.017455
-0.047636
0.036371
0.064116
0.206908
0.021026
0.018420
0.000000
0.013542
0.042748
0.007209
0.053130
0.032283
0.039887
0.082348
0.049512
0.007682
0.056054
0.061457
0.013321
0.019912
-0.001172
0.000000
0.054763
-0.016217
0.013512
0.000000
0.036535
0.022535
0.055477
0.053162
0.034572
0.036768
0.042035
0.068908
0.004891
0.000530
0.060926
0.026717
0.041703
0.085048
0.003408
0.026941
0.109889
0.084274
-0.004561
-0.009449
-0.012731
0.057026
0.030149
0.004824
0.054911
-0.021575
-0.053677
-0.219356
0.037562
0.012651
0.019478
0.018224
0.016685
0.090379
-0.019118
0.078136
0.051873
0.073967
0.013800
0.028646
0.050704
0.001800
0.081604
0.050241
0.139751
0.036441
-0.019107
0.094152
0.046030
0.003130
0.058703
0.052837
0.065676
0.101477
0.019732
0.052869
-0.013929
-0.052445
-0.075728
0.063697
0.032232
0.034909
0.006040
0.020428
0.010272
0.026427
0.061791
0.063773
-0.003808
0.100744
0.028699
0.088247
0.069921
0.032809
0.038827
0.058776
-0.001537
0.071305
0.043067
0.026001
0.072658
-0.030437
0.134077
-0.071023
0.030778
0.031411
0.057926
0.070558
0.037869
0.113893
0.046464
-0.052198
0.028742
-0.031308
-0.026407
0.113773
0.086076
0.065940
0.135253
-0.028138
0.023223
0.060597
0.006642
-0.055547
0.017320
0.122992
0.054505
0.043548
0.051091
-0.047543
0.031436
0.029809
0.023771
0.058833
-0.027400
0.040692
-0.042282
0.082008
0.051349
0.107804
0.031080
0.076507
0.018956
0.072367
0.092024
0.050573
0.056220
0.021226
0.059033
0.068097
-0.047423
-0.018887
0.189091
-0.031276
0.037962
0.080186
-0.031017
0.039186
-0.041780
0.016535
-0.033466
0.008436
-0.067254
-0.058177
0.076174
0.044987
0.004046
0.040907
0.144756
0.030968
0.086598
0.033411
0.125941
0.109939
-0.008071
0.041440
0.020395
0.053917
0.008062
0.089750
0.041609
-0.019712
0.145386
0.235789
0.167116
-0.008914
-0.011232
-0.094526
0.005047
-0.009488
0.027110
0.005499
0.010460
0.040715
0.072831
-0.009702
-0.103592
0.038573
0.031508
0.005075
-0.046053
-0.048572
0.046722
0.093045
0.053808
0.053843
-0.046751
0.054848
0.046479
-0.062765
-0.013096
0.126663
-0.022495
-0.068308
0.014880
0.063222
0.072618
0.017327
0.057851
-0.002077
0.031561
0.045224
0.128506
0.027363
0.082560
0.053782
0.027633
-0.007448
0.056819
0.081737
0.002797
-0.027914
-0.004734
0.109556
0.028658
0.048632
-0.052698
0.032618
0.083375
0.055987
0.010724
0.059460
-0.047050
0.008412
0.043554
-0.005854
0.001505
0.066813
0.033002
0.023992
-0.004481
0.018424
0.034480
0.076190
0.017674
0.094808
0.043423
-0.016479
0.045964
0.004882
0.062592
-0.019796
0.050974
0.083107
0.029242
0.040533
0.017529
-0.009064
0.021073
0.112626
-0.005887
0.101952
0.001921
0.091228
-0.029937
0.049000
0.140019
-0.035150
0.048411
0.009670
0.100532
0.020689
0.070686
0.052187
0.012129
0.028325
-0.019201
0.084938
0.151314
0.011498
0.065512
-0.052527
0.018850
-0.024616
0.002584
0.021875
0.162900
0.114222
-0.016584
0.012281
0.050456
0.034578
-0.015423
0.055997
0.023259
0.049806
0.057895
0.008805
0.020511
0.045100
0.067162
0.024748
-0.001609
0.017472
-0.058998
0.068496
-0.052143
0.057137
0.000000
0.000000
0.000000
0.011804
0.057115
-0.019856
0.025417
0.077553
0.023248
0.064669
0.031552
-0.009875
-0.004880
0.043101
0.132657
0.017174
-0.055292
0.052987
0.073866
0.051808
0.042646
-0.060562
0.040179
-0.050309
0.018621
0.042350
-0.001420
0.000000
0.047383
-0.028905
-0.000398
-0.001471
0.028079
0.014968
0.028905
0.038654
-0.020655
0.028099
-0.000726
0.000000
0.049447
0.025432
-0.046093
-0.040668
0.073626
-0.029304
0.034548
0.074519
0.069268
0.031809
0.043037
0.102922
-0.014861
-0.053303
0.027113
-0.050730
0.044852
0.029887
0.006415
0.023099
0.032343
0.039423
-0.013727
0.053481
0.131009
-0.007117
0.044533
0.065327
-0.044205
0.082658
0.036276
0.028825
0.060984
0.047807
0.002255
0.027564
0.037517
-0.010380
0.000000
-0.019727
0.000000
0.088947
0.056458
0.062624
-0.004308
-0.009489
0.031084
0.037316
0.047262
0.043138
0.034901
0.048915
0.036229
0.027078
0.000000
0.083942
-0.003156
0.041574
-0.040025
0.061547
0.052634
-0.006258
0.000000
0.088825
0.010925
-0.001792
0.023091
0.058590
0.077430
0.042718
0.102180
0.086117
-0.004661
0.065543
0.003462
0.194970
-0.033979
0.041472
0.026820
-0.066723
-0.004131
-0.025370
0.010372
0.262052
-0.024566
-0.011734
0.074658
0.000000
0.018475
0.178367
0.089846
0.057723
0.080661
0.006622
0.031911
0.051091
-0.023812
0.018941
0.025005
-0.019305
-0.045842
-0.038275
0.031737
0.064239
0.016692
0.000000
0.000000
0.000000
0.033181
0.045909
0.027286
0.073184
0.020342
0.152500
0.002734
0.004367
0.016676
0.004499
0.017010
0.077276
0.007752
0.145943
-0.131559
-0.159371
-0.185341
-0.033275
0.023332
-0.137670
0.070331
-0.086037
0.071766
-0.011566
0.029632
-0.001641
-0.069964
0.104740
0.159641
-0.359852
0.053439
-0.019684
0.202641
0.010102
0.034771
0.053123
-0.155889
0.052638
-0.024867
0.080745
-0.129965
0.016127
-0.057780
-0.026863
0.215884
-0.018818
0.008419
0.032326
0.015244
0.413398
-0.131003
-0.071972
0.013913
0.103487
-0.300089
-0.087732
0.027101
-0.031834
0.076244
-0.022872
0.041177
0.039020
0.031424
-0.022619
-0.076453
0.276457
0.020070
0.059476
-0.056809
-0.078529
-0.042822
0.096562
-0.183439
-0.122121
-0.098266
-0.123220
-0.095589
-0.075247
0.023731
-0.064110
0.033252
-0.003788
0.059800
-0.270616
-0.188046
-0.199554
-0.195310
-0.076337
-0.079755
-0.052737
-0.092439
-0.070185
-0.032053
-0.046723
-0.138829
0.006694
-0.027651
0.003906
-0.005439
0.019004
0.018475
-0.050223
-0.016014
-0.040346
-0.012117
0.000636
0.051896
-0.028448
0.019159
-0.008783
-0.050383
-0.016865
-0.082952
0.104465
-0.198773
-0.058183
-0.048090
-0.076008
-0.041379
-0.060712
-0.075435
-0.077872
-0.040703
-0.067875
-0.041796
-0.014055
-0.085462
-0.064415
-0.069955
-0.096106
-0.006686
0.039813
0.020356
-0.087065
-0.024313
-0.025911
-0.018291
-0.060378
-0.064606
-0.095144
-0.059431
-0.000473
-0.044485
-0.031273
-0.208697
-0.014089
0.019853
0.078698
-0.077277
0.065496
0.082026
0.025212
0.001410
-0.162184
-0.064540
-0.000587
-0.034933
-0.105083
-0.270894
0.016049
0.089707
-0.060725
-0.154835
0.009948
0.047939
-0.026400
-0.047623
0.149066
-0.065620
0.010628
0.010337
0.019232
0.010466
0.017965
0.008061
-0.054728
-0.038564
0.045762
-0.005044
0.023165
0.016259
0.021877
-0.044698
-0.018387
-0.005087
-0.018143
-0.035529
-0.060627
-0.106603
-0.035062
-0.059445
-0.144611
-0.067273
-0.161584
-0.040859
-0.059764
-0.027156
-0.058480
-0.032684
-0.097087
-0.039663
-0.028509
-0.022182
-0.032158
-0.081609
-0.076695
0.020237
-0.063066
-0.171676
-0.030444
0.014157
-0.095046
-0.005270
-0.110061
-0.043758
-0.022645
0.047332
-0.068510
-0.053247
-0.015268
-0.105460
-0.044788
-0.101004
-0.047197
-0.097672
-0.126263
-0.183597
-0.030769
-0.087426
-0.083690
-0.068886
-0.125940
-0.097668
-0.127819
-0.035619
-0.029305
-0.062854
-0.044704
-0.052714
-0.019641
-0.006024
-0.062545
-0.062151
-0.074833
-0.081470
-0.055073
-0.014857
-0.001170
-0.018908
-0.043302
0.030725
-0.116553
-0.122779
-0.020843
-0.080638
-0.024938
-0.207163
0.010727
0.054754
-0.091207
-0.098940
-0.060302
-0.099586
-0.076199
0.101698
-0.018067
-0.105625
0.013930
-0.039269
-0.075724
-0.112273
-0.073786
-0.006434
-0.030788
0.009545
-0.076471
-0.039380
-0.038761
-0.053813
-0.061525
-0.159883
-0.097470
-0.082144
-0.155716
-0.068792
-0.077694
-0.126556
-0.110554
-0.091195
-0.084089
-0.045630
-0.026892
-0.113652
-0.125026
0.009574
-0.035731
-0.047253
-0.140618
-0.053722
-0.019850
0.231020
0.108055
-0.163898
-0.102348
0.006773
-0.014504
0.122753
-0.082245
-0.037925
-0.038885
-0.099401
-0.077199
-0.269910
0.012476
-0.054689
-0.063617
-0.108919
0.052836
-0.132865
-0.046039
-0.057108
-0.081181
-0.125848
-0.081353
-0.099072
-0.049421
-0.072353
-0.084781
-0.107146
-0.095029
-0.089140
-0.065817
-0.120500
-0.129092
-0.154160
-0.024037
-0.054155
-0.013023
-0.179761
0.004042
-0.039246
-0.062690
-0.063075
-0.110618
-0.225049
0.026372
-0.009491
-0.062762
-0.115405
-0.134686
-0.170016
-0.087478
-0.111172
-0.048291
-0.046453
-0.033356
-0.096622
-0.102102
-0.158305
-0.060444
-0.076338
-0.081699
-0.056138
-0.092196
-0.016258
-0.028568
-0.035923
-0.094301
0.030570
-0.011743
-0.111629
0.000498
0.143043
